Header Section,,,,,,,,,,,,,,,,,,,,,,,,,,,,,,,,,,,,,,,,,,,,,,,,,,,,,,,,,,,,,,,,,,,,,,,,,,,,,,,,
Product,VC5276Q,,,,,,,,,,,,,,,,,,,,,,,,,,,,,,,,,,,,,,,,,,,,,,,,,,,,,,,,,,,,,,,,,,,,,,,,,,,,,,,
Test Plan,Rev(B),,,,,,,,,,,,,,,,,,,,,,,,,,,,,,,,,,,,,,,,,,,,,,,,,,,,,,,,,,,,,,,,,,,,,,,,,,,,,,,
Release Date,2013/4/22,,,,,,,,,,,,,,,,,,,,,,,,,,,,,,,,,,,,,,,,,,,,,,,,,,,,,,,,,,,,,,,,,,,,,,,,,,,,,,,
Comment,Qual Band,#301~#330 was generate in Acetec 2013/3/25,,,,,,,,,,,,,,,,,,,,,,,,,,,,,,,,,,,,,,,,,,,,,,,,,,,,,,,,,,,,,,,,,,,,,,,,,,,,,,
,,,,,,,,,,,,,,,,,,,,,,,,,,,,,,,,,,,,,,,,,,,,,,,,,,,,,,,,,,,,,,,,,,,,,,,,,,,,,,,,
Data Section,,,,,,,,,,,,,,,,,,,,,,,,,,,,,,,,,,,,,,,,,,,,,,,,,,,,,,,,,,,,,,,,,,,,,,,,,,,,,,,,
Device#,1,2,3,4,5,6,7,8,9,10,11,12,13,14,15,16,17,18,19,20,21,22,23,24,25,26,27,28,29,30,31,32,33,34,35,36,37,38,39,40,41,42,43,44,45,46,47,48,49,50,51,52,53,54,55,56,57,58,59,60,61,62,63,64,65,66,67,68,69,70,71,72,73,74,75,76,77,78,79,80
Test Item,Site No,Device ID,GSM824 Idle Current,GSM824 Max Pout@0dBm drive,GSM824 Max Pout,GSM824 Max Icc,GSM824 Max PAE,GSM824 Rated Pout,GSM824 Rated Vramp,GSM824 Rated Icc,GSM824 Rated PAE,GSM824 2nd har@33dBm,GSM824 3rd har@33dBm,GSM824 Max Fwd Iso1,GSM824 Max Fwd Iso2,GSM824 Pout Leakage@RX0,GSM824 Pout Leakage@RX1,GSM824 CMOS Pout,GSM824 Pout Slope1,GSM824 Stress Delta,GSM915 Idle Current,GSM915 Max Pout@0dBm drive,GSM915 Max Pout,GSM915 Max Icc,GSM915 Max PAE,GSM915 Rated Pout,GSM915 Rated Vramp,GSM915 Rated Icc,GSM915 Rated PAE,GSM915 2nd har@33dBm,GSM915 3rd har@33dBm,GSM915 Max Fwd Iso1,GSM915 Max Fwd Iso2,GSM915 Pout Leakage@RX0,GSM915 Pout Leakage@RX1,GSM915 CMOS Pout,GSM915 Pout Slope1,GSM915 Stress Delta,DCS1785 Idle Current,DCS1785 Max Pout@0dBm drive,DCS1785 Max Pout,DCS1785 Max Icc,DCS1785 Max PAE,DCS1785 Rated Pout,DCS1785 Rated Vramp,DCS1785 Rated Icc,DCS1785 Rated PAE,DCS1785 2nd har@33dBm,DCS1785 3rd har@33dBm,DCS1785 Max Fwd Iso1,DCS1785 Max Fwd Iso2,DCS1785 Pout Leakage@RX0,DCS1785 Pout Leakage@RX1,DCS1785 CMOS Pout,DCS1785 Pout Slope1,DCS1785 Stress Delta,PCS1910 Idle Current,PCS1910 Max Pout@0dBm drive,PCS1910 Max Pout,PCS1910 Max Icc,PCS1910 Max PAE,PCS1910 Rated Pout,PCS1910 Rated Vramp,PCS1910 Rated Icc,PCS1910 Rated PAE,PCS1910 2nd har@33dBm,PCS1910 3rd har@33dBm,PCS1910 Max Fwd Iso1,PCS1910 Max Fwd Iso2,PCS1910 Pout Leakage@RX0,PCS1910 Pout Leakage@RX1,PCS1910 CMOS Pout,PCS1910 Pout Slope1,PCS1910 Stress Delta,Insertion Loss RX0 869MHz,Insertion Loss RX0 960MHz,Insertion Loss RX1 1805MHz,Insertion Loss RX1 1990MHz,Leakage Current,Leakage Current Wait Time
Low Tolerance,,,60,0.3,0.3,60,0,0,0,60,0,2,2,3,2,3,3,1,0,0,60,0.3,0.3,60,0,0,0,60,0,2,2,3,2,3,3,1,0,0,60,0.3,0.3,60,0,0,0,60,0,3,3,3,2,3,3,1,0,0,60,0.3,0.3,60,0,0,0,60,0,3,3,3,2,3,3,1,0,0,0.3,0.3,0.3,0.3,5,0
High Tolerance,,,60,0.3,0.3,60,0,0,0,60,0,2,2,3,2,3,3,1,0,0,60,0.3,0.3,60,0,0,0,60,0,2,2,3,2,3,3,1,0,0,60,0.3,0.3,60,0,0,0,60,0,3,3,3,2,3,3,1,0,0,60,0.3,0.3,60,0,0,0,60,0,3,3,3,2,3,3,1,0,0,0.3,0.3,0.3,0.3,10,0
Enable,,,1,1,1,1,0,0,0,1,0,1,1,1,1,1,1,1,0,0,1,1,1,1,0,0,0,1,0,1,1,1,1,1,1,1,0,0,1,1,1,1,0,0,0,1,0,1,1,1,1,1,1,1,0,0,1,1,1,1,0,0,0,1,0,1,1,1,1,1,1,1,0,0,1,1,1,1,1,0
301,1,301,810.687,33.464,33.602,1645.537,40.07,32.971,1.575,1489.218,38.303,-37.799,-32.88,-63.148,-31.01,1.456,-2.801,9.749,126.063,-0.002,803.175,33.187,33.329,1525.007,40.608,32.969,1.575,1417.981,40.203,-38.88,-37.166,-55.14,-32.083,1.79,-2.827,11.324,130.172,-0.006,996.272,31.338,31.437,1170.393,34.396,29.996,1.437,927.469,31.19,-47.667,-42.028,-66.96,-28.244,0.813,-0.781,5.453,151.894,-0.003,989.214,31.246,31.501,1333.122,30.693,30.002,1.481,1075.772,26.983,-40.604,-32.388,-72.541,-27.664,1.513,0.007,5.907,152.595,0.001,-1.63,-1.665,-1.135,-1.151,3.418,35
302,1,302,822.041,33.581,33.711,1683.166,40.176,33.011,1.575,1508.697,38.165,-38.352,-33.244,-62.575,-31.192,1.324,-2.878,9.449,127.835,-0.001,823.115,33.284,33.428,1554.202,40.765,32.973,1.575,1423.344,40.084,-39.869,-36.529,-55.257,-32.158,1.677,-2.904,11.094,132.526,-0.001,999.781,31.165,31.288,1147.175,33.918,30.014,1.453,921.621,31.513,-50.247,-44.826,-67.497,-28.313,0.618,-1.131,5.203,154.696,0.001,1000.795,31.03,31.32,1332.594,29.468,30.003,1.509,1096.179,26.493,-41.94,-34.543,-72.492,-27.946,1.252,-0.287,5.391,154.422,0,-1.663,-1.709,-1.177,-1.158,3.707,35
303,1,303,823.87,33.449,33.588,1673.145,39.29,33.028,1.612,1532.485,37.721,-36.642,-31.507,-63.051,-30.058,1.464,-2.739,9.155,133.336,0.007,812.469,33.211,33.334,1549.209,40.024,33.008,1.594,1449.287,39.689,-39.134,-37.476,-55.189,-30.667,1.861,-2.768,10.743,137.664,0.002,1003.269,31.216,31.312,1170.025,33.443,30.004,1.453,937.896,30.901,-48.082,-40.762,-66.843,-26.555,0.711,-0.84,4.898,158.766,-0.001,996.421,31.13,31.374,1353.059,19.729,29.999,1.506,1107.339,26.208,-39.991,-31.507,-72.382,-26.45,1.385,-0.061,5.204,159.047,19.448,-1.64,-1.691,-1.15,-1.156,3.478,35
304,1,304,824.728,33.582,33.715,1690.908,40.032,33.005,1.575,1513.371,37.989,-37.894,-32.597,-63.099,-30.243,1.289,-2.756,9.77,125.985,0,818.236,33.28,33.407,1558.788,40.448,33,1.589,1441.543,39.827,-39.661,-36.943,-54.953,-31.053,1.586,-2.814,11.332,129.942,-0.002,990.415,31.204,31.316,1159.871,33.762,30.006,1.453,930.583,31.158,-51.141,-43.597,-67.377,-27.425,0.641,-0.969,5.058,157.066,0.005,990.683,31.055,31.317,1338.47,29.323,29.994,1.509,1105.629,26.215,-42.785,-33.775,-72.546,-27.08,1.254,-0.226,5.303,157.211,0.002,-1.634,-1.682,-1.158,-1.149,3.758,35
305,1,305,829.746,33.649,33.785,1715.632,40.09,32.999,1.556,1519.701,37.779,-38.655,-32.152,-63.746,-30.439,1.498,-2.584,9.612,127.4,-0.002,824.954,33.355,33.489,1574.84,40.79,33.02,1.57,1440.807,40.03,-38.485,-36.935,-55.137,-31.179,1.79,-2.651,11.185,130.661,-0.001,1011.099,31.299,31.419,1183.937,33.869,29.991,1.449,935.31,30.898,-51.789,-45.413,-67.067,-27.867,0.755,-0.769,5.084,154.412,0.001,1010.672,31.175,31.451,1377.938,29.373,29.989,1.509,1119.272,25.873,-44.527,-34.96,-72.751,-27.599,1.404,0.014,5.28,154.996,0.003,-1.645,-1.7,-1.164,-1.16,3.674,35
306,1,306,838.224,33.722,33.852,1738.297,40.184,32.98,1.542,1523.567,37.522,-37.571,-32.569,-63.128,-31.222,1.382,-2.68,9.658,124.998,0.002,835.486,33.384,33.517,1586.341,40.763,32.976,1.556,1434.026,39.814,-39.789,-36.555,-55.197,-32.216,1.659,-2.774,11.337,128.641,0,1015.331,31.204,31.326,1155.511,33.966,30.005,1.453,922.855,31.406,-50.469,-42.978,-67.744,-28.817,0.589,-0.989,5.099,154.795,0.005,1015.835,31.086,31.367,1355.25,29.291,30.036,1.519,1112.515,26.306,-42.539,-33.902,-72.949,-28.295,1.302,-0.182,5.282,154.959,0.001,-1.642,-1.701,-1.171,-1.162,3.614,35
307,1,307,810.381,33.585,33.723,1690.208,40.115,33.013,1.566,1515.936,37.996,-36.932,-33.52,-62.936,-31.31,1.3,-2.682,9.353,126.497,0.004,808.252,33.215,33.395,1571.426,40.015,32.996,1.585,1456.238,39.394,-38.68,-36.447,-54.476,-32.37,1.585,-2.756,10.913,130.49,0.001,995.882,31.307,31.445,1164.935,34.618,29.999,1.444,922.531,31.376,-51.975,-45.396,-67.565,-29.078,0.704,-0.774,4.704,155.584,0.007,994.309,31.078,31.423,1328.838,30.247,29.995,1.5,1082.99,26.761,-46.57,-35.143,-72.772,-28.438,1.336,-0.033,5.024,155.046,-0.002,-1.667,-1.693,-1.164,-1.177,3.696,35
308,1,308,838.912,33.562,33.698,1691.123,39.866,33.023,1.575,1522.539,37.922,-39.533,-32.751,-63.116,-30.152,1.27,-2.846,9.718,127.668,-0.001,832.525,33.355,33.471,1573.124,40.671,32.999,1.564,1435.376,39.995,-40.047,-36.666,-54.779,-30.82,1.647,-2.821,11.321,131.485,0.002,1024.976,31.244,31.357,1174.123,33.669,29.97,1.444,930.927,30.893,-49.767,-42.127,-67.43,-26.867,0.773,-1.025,5.232,154.815,0.002,1024.506,31.192,31.446,1375.309,29.397,29.986,1.5,1116.685,25.915,-41.196,-33.062,-73.003,-26.665,1.468,-0.181,5.459,155.31,-0.001,-1.626,-1.679,-1.164,-1.15,3.577,35
309,1,309,836.957,33.548,33.69,1683.994,39.959,32.986,1.575,1506.23,38.006,-38.993,-32.708,-62.716,-30.511,1.248,-2.717,9.52,129.231,0,832.032,33.309,33.425,1558.987,40.611,32.977,1.579,1429.716,39.943,-38.845,-36.616,-53.859,-31.489,1.564,-2.762,11.113,134.247,0,1013.879,31.224,31.328,1150.966,34.113,29.976,1.444,915.894,31.436,-50.628,-43.741,-67.313,-27.54,0.5,-0.9,4.89,159.982,0.001,1014.411,31.113,31.358,1314.252,30.132,30.012,1.495,1071.899,27.14,-43.396,-34.244,-72.776,-27.094,1.174,-0.125,5.315,159.895,0,-1.652,-1.697,-1.158,-1.155,3.67,35
310,1,310,841.687,33.547,33.676,1662.374,40.341,33.024,1.575,1500.61,38.479,-43.823,-35.343,-62.23,-29.18,1.21,-2.741,9.66,127.845,0.001,837.867,33.285,33.431,1557.926,40.694,33.027,1.575,1436.705,40.208,-38.092,-37.319,-54.043,-29.402,1.512,-2.773,11.204,131.59,0.002,1019.422,31.274,31.394,1187.556,33.574,29.999,1.451,941.772,30.739,-50.758,-42.514,-67.103,-25.936,0.825,-0.841,4.872,158.519,0.004,1015.206,31.175,31.445,1387.034,29.145,30.021,1.514,1135.075,25.703,-42.069,-32.632,-72.412,-25.876,1.489,-0.064,5.052,159.028,0.001,-1.637,-1.667,-1.148,-1.153,3.737,35
311,1,311,821.569,33.56,33.693,1687.652,39.903,32.978,1.575,1510.691,37.82,-37.19,-32.345,-62.77,-29.783,1.225,-2.804,9.536,125.62,-0.002,815.155,33.278,33.449,1562.369,40.75,32.967,1.575,1428.635,39.883,-40.673,-36.368,-55.396,-30.199,1.567,-2.816,11.157,129.071,0.001,999.748,31.286,31.425,1172.432,34.242,29.993,1.449,930.398,31.074,-51.801,-45.321,-67.431,-26.773,0.716,-0.89,5.144,153.385,0.003,1000.465,31.102,31.44,1349.626,29.901,30,1.509,1103.246,26.312,-45.846,-35.083,-72.653,-26.577,1.334,-0.077,5.354,153.501,-0.001,-1.667,-1.718,-1.177,-1.165,3.692,35
312,1,312,818.694,33.537,33.664,1630.386,41.015,33.032,1.57,1471.496,39.305,-44.343,-34.218,-63.928,-30.828,1.277,-2.728,10.43,122.507,-0.002,817.666,33.204,33.33,1480.231,41.841,33.013,1.57,1378.215,41.767,-35.753,-37.168,-54.613,-31.932,1.547,-2.803,11.952,126.008,0.003,998.231,31.356,31.455,1174.451,34.419,29.997,1.434,929.511,31.125,-49.74,-44.3,-66.883,-28.528,0.708,-0.764,5.71,148.619,0.007,998.965,31.256,31.512,1344.536,30.508,29.999,1.481,1087.06,26.688,-43.35,-33.999,-72.616,-27.977,1.404,0.037,6.095,149.303,0.004,-1.646,-1.687,-1.156,-1.156,3.679,35
313,1,313,832.687,33.612,33.744,1676.572,40.634,32.995,1.556,1491.804,38.453,-37.76,-33.354,-63.318,-31.84,1.526,-2.786,9.669,126.331,0,824.143,33.224,33.352,1510.388,41.217,32.992,1.575,1397.661,41,-37.046,-36.41,-54.857,-33.196,1.772,-2.928,11.379,130.726,-0.001,1005.15,31.333,31.438,1171.902,34.362,29.967,1.444,923.97,31.097,-49.763,-42.745,-67.451,-30.203,0.762,-0.904,5.003,155.273,0.003,1005.361,31.196,31.462,1338.633,30.3,30.006,1.5,1085.43,26.773,-42.954,-32.73,-72.616,-29.359,1.452,-0.129,5.413,154.654,0.002,-1.638,-1.687,-1.171,-1.154,3.46,35
314,1,314,847.919,33.564,33.698,1704.369,39.56,32.999,1.575,1528.361,37.573,-37.771,-31.925,-63.352,-31.809,1.268,-2.791,9.626,126.567,0.002,838.591,33.399,33.515,1599.254,40.413,33.023,1.573,1456.938,39.622,-39.303,-37.874,-54.682,-33.01,1.679,-2.708,11.311,132.06,-0.001,1027.542,31.174,31.288,1167.628,33.326,30.006,1.453,932.212,31.102,-50.673,-42.832,-67.462,-28.876,0.666,-1.096,5.177,156.952,0.002,1028.484,31.068,31.321,1359.652,28.898,30.016,1.514,1114.432,26.146,-40.917,-33.373,-72.556,-28.37,1.295,-0.304,5.397,155.921,0.001,-1.63,-1.69,-1.161,-1.156,3.652,35
315,1,315,839.09,33.531,33.668,1673.391,40.014,33.001,1.575,1506.648,38.126,-41.36,-32.608,-63.469,-29.435,1.3,-2.686,9.679,129.429,-0.002,830.882,33.299,33.409,1537.474,41.027,33.02,1.571,1417.109,40.696,-39.763,-37.251,-55.635,-29.844,1.668,-2.693,11.24,132.686,0,1019.289,31.216,31.329,1160.652,33.841,29.985,1.448,926.903,31.128,-51.29,-43.737,-67.14,-26.013,0.7,-0.804,5.141,156.069,0.001,1020.309,31.125,31.372,1339.295,29.674,30.005,1.5,1093.571,26.566,-43.308,-34.378,-72.837,-25.966,1.374,-0.023,5.487,156.63,0.002,-1.673,-1.717,-1.169,-1.191,3.606,35
316,1,316,816.006,33.555,33.696,1690.06,39.877,32.974,1.575,1514.516,37.694,-37.59,-32.284,-62.709,-30.751,1.375,-2.759,9.328,124.307,-0.005,812.605,33.23,33.418,1567.394,40.329,33.01,1.59,1448.443,39.732,-40.444,-35.979,-55.075,-31.6,1.688,-2.785,11.006,128.645,-0.003,991.126,31.117,31.275,1152.626,33.653,30.032,1.462,933.931,31.233,-48.83,-41.601,-67.534,-28.093,0.614,-1.024,5.254,149.126,0.001,994.764,30.879,31.257,1334.709,29.004,30.003,1.528,1115.581,26.04,-40.489,-31.97,-72.378,-27.732,1.24,-0.327,5.336,149.039,-0.002,-1.64,-1.684,-1.158,-1.16,3.582,35
317,1,317,818.296,33.498,33.627,1661.003,39.928,32.969,1.575,1499.249,38.034,-36.432,-31.881,-63.567,-29.893,1.313,-2.827,9.696,126.903,0.002,815.558,33.259,33.411,1552.654,40.641,33.001,1.575,1432.618,40.089,-39.764,-35.83,-55.252,-30.587,-6.549,-2.787,11.234,130.362,-0.004,1003.935,31.237,31.346,1161.282,33.954,29.962,1.444,923.316,31.083,-49.951,-42.223,-67.037,-27.126,0.722,-0.861,5.178,153.346,0.001,1004.425,31.093,19.639,1337.533,23.824,29.978,1.5,1091.679,26.454,-41.735,-32.151,-72.774,-26.886,1.402,-0.116,5.473,153.831,11.73,-1.655,-1.701,-1.158,-1.178,3.654,35
318,1,318,829.772,33.535,33.666,1704.597,39.263,32.972,1.575,1531.08,37.269,-36.638,-32.555,-62.649,-29.022,0.958,-2.815,9.424,130.379,0.003,824.805,33.305,33.447,1612.61,39.468,33.03,1.594,1492.715,38.736,-40.474,-36.401,-54.478,-29.284,1.266,-2.789,10.904,133.977,-0.002,1014.373,31.221,31.322,1163.065,33.714,30.005,1.451,928.593,31.216,-49.234,-46.009,-66.975,-25.453,0.634,-0.958,4.97,158.463,0.001,1019.409,31.118,31.368,1346.948,29.476,29.962,1.5,1093.878,26.301,-39.774,-32.658,-72.612,-25.401,1.303,-0.187,1.413,120.955,-0.002,-1.632,-1.677,-1.165,-1.164,3.385,35
319,1,319,827.486,33.523,33.666,1708.455,39.175,32.983,1.585,1536.348,37.238,-38.726,-32.229,-63.048,-31.58,1.413,-2.652,9.591,127.692,0.001,824.353,33.296,33.421,1580.547,40.023,33.015,1.589,1463.063,39.384,-39.354,-37.552,-54.079,-32.802,1.787,-2.65,11.201,132.319,-0.001,1002.953,31.201,31.308,1168.908,33.446,30.014,1.453,935.649,31.044,-47.614,-41.886,-67.13,-28.707,0.655,-0.841,5.109,157.464,0.003,1004.045,31.151,31.408,1372.588,29.197,29.999,1.507,1120.447,25.907,-40.376,-33.185,-72.987,-28.197,1.368,-0.036,5.337,157.153,-0.001,-1.634,-1.695,-1.162,-1.137,3.687,35
320,1,320,828.383,33.57,33.699,1673.502,40.294,33.007,1.575,1500.625,38.326,-40.53,-32.944,-62.341,-30.599,1.338,-2.736,9.648,126.869,0,823.388,33.277,33.426,1549.385,40.865,32.981,1.575,1419.958,40.253,-39.758,-37.135,-55.261,-31.261,1.674,-2.783,11.292,131.228,0.004,1000.3,31.214,31.331,1172.392,33.523,29.989,1.453,933.22,30.949,-48.96,-41.833,-67.342,-27.655,0.717,-0.98,4.964,156.5,0.007,1001.771,31.07,31.352,1366.676,28.95,29.997,1.519,1126.157,25.764,-40.211,-32.238,-72.355,-27.461,1.383,-0.241,5.106,156.45,0.004,-1.637,-1.676,-1.151,-1.161,3.398,35
