Header Section,,,,,,,,,,,,,,,,,,,,,,,,,,,,,,,,,,,,,,,,,,,,
Product,VC5268,,,,,,,,,,,,,,,,,,,,,,,,,,,,,,,,,,,,,,,,,,,
Test Plan,Rev(H),,,,,,,,,,,,,,,,,,,,,,,,,,,,,,,,,,,,,,,,,,,
Release Date,2013/4/22,,,,,,,,,,,,,,,,,,,,,,,,,,,,,,,,,,,,,,,,,,,
Comment,Dual Band, 301~330 is valid for Acetech,,,,,,,,,,,,,,,,,,,,,,,,,,,,,,,,,,,,,,,,,,
,,,,,,,,,,,,,,,,,,,,,,,,,,,,,,,,,,,,,,,,,,,,
Data Section,,,,,,,,,,,,,,,,,,,,,,,,,,,,,,,,,,,,,,,,,,,,
Device#,1,2,3,4,5,6,7,8,9,10,11,12,13,14,15,16,17,18,19,20,21,22,23,24,25,26,27,28,29,30,31,32,33,34,35,36,37,38,39,40,41,42,,
Test Item,Site No,Device ID,GSM915 Idle Current,GSM915 Max Pout @ 0dBm Drive,GSM915 Max Pout,GSM915 Max Icc,GSM915 Max PAE,GSM915 Rated Pout,GSM915 Rated Vramp,GSM915 Rated Icc,GSM915 Rated PAE,GSM915 2nd har@33dBm,GSM915 3rd har@33dBm,GSM915 Fwd Isolation 1,GSM915 Fwd Isolation 2,GSM915 Pout Leakage@RX0,GSM915 Pout Leakage@RX1,GSM915 CMOS Pout,GSM915 Pout Slope,GSM915 Stress Delta,DCS1785 Idle Current,DCS1785 Max Pout @ 0dBm Drive,DCS1785 Max Pout,DCS1785 Max Icc,DCS1785 Max PAE,DCS1785 Rated Pout,DCS1785 Rated Vramp,DCS1785 Rated Icc,DCS1785 Rated PAE,DCS1785 2nd har@33dBm,DCS1785 3rd har@33dBm,DCS1785 Fwd Isolation 1,DCS1785 Fwd Isolation 2,DCS1785 Pout Leakage@RX0,DCS1785 Pout Leakage@RX1,DCS1785 CMOS Pout,DCS1785 Pout Slope,DCS1785 Stress Delta,Insertion Loss Rx0 960MHz,Insertion Loss Rx1 1805MHz,Leakage Current,Leakage Current Delay Time,,
Low Tolerance,,,60,0.3,0.3,60,,,,60,,2,2,3,2,3,3,1,,,60,0.3,0.3,60,,,,60,,3,3,3,2,3,3,1,,,0.3,0.3,5,,,
High Tolerance,,,60,0.3,0.3,60,,,,60,,2,2,3,2,3,3,1,,,60,0.3,0.3,60,,,,60,,3,3,3,2,3,3,1,,,0.3,0.3,10,,,
Enable,,,1,1,1,1,0,0,0,1,0,1,1,1,1,1,1,1,0,0,1,1,1,1,0,0,0,1,0,1,1,1,1,1,1,1,0,0,1,1,1,0,,
301,1,301,1,301,803.175,33.187,33.329,1525.007,40.608,32.969,1.575,1417.981,40.203,-38.88,-37.166,-55.14,-32.083,1.79,-2.827,11.324,130.172,-0.006,996.272,31.338,31.437,1170.393,34.396,29.996,1.437,927.469,31.19,-47.667,-42.028,-66.96,-28.244,0.813,-0.781,5.453,151.894,-0.003,-1.665,-1.135,3.418,35
302,1,302,1,302,823.115,33.284,33.428,1554.202,40.765,32.973,1.575,1423.344,40.084,-39.869,-36.529,-55.257,-32.158,1.677,-2.904,11.094,132.526,-0.001,999.781,31.165,31.288,1147.175,33.918,30.014,1.453,921.621,31.513,-50.247,-44.826,-67.497,-28.313,0.618,-1.131,5.203,154.696,0.001,-1.709,-1.177,3.707,35
303,1,303,1,303,812.469,33.211,33.334,1549.209,40.024,33.008,1.594,1449.287,39.689,-39.134,-37.476,-55.189,-30.667,1.861,-2.768,10.743,137.664,0.002,1003.269,31.216,31.312,1170.025,33.443,30.004,1.453,937.896,30.901,-48.082,-40.762,-66.843,-26.555,0.711,-0.84,4.898,158.766,-0.001,-1.691,-1.15,3.478,35
304,1,304,1,304,818.236,33.28,33.407,1558.788,40.448,33,1.589,1441.543,39.827,-39.661,-36.943,-54.953,-31.053,1.586,-2.814,11.332,129.942,-0.002,990.415,31.204,31.316,1159.871,33.762,30.006,1.453,930.583,31.158,-51.141,-43.597,-67.377,-27.425,0.641,-0.969,5.058,157.066,0.005,-1.682,-1.158,3.758,35
305,1,305,1,305,824.954,33.355,33.489,1574.84,40.79,33.02,1.57,1440.807,40.03,-38.485,-36.935,-55.137,-31.179,1.79,-2.651,11.185,130.661,-0.001,1011.099,31.299,31.419,1183.937,33.869,29.991,1.449,935.31,30.898,-51.789,-45.413,-67.067,-27.867,0.755,-0.769,5.084,154.412,0.001,-1.7,-1.164,3.674,35
306,1,306,1,306,835.486,33.384,33.517,1586.341,40.763,32.976,1.556,1434.026,39.814,-39.789,-36.555,-55.197,-32.216,1.659,-2.774,11.337,128.641,0,1015.331,31.204,31.326,1155.511,33.966,30.005,1.453,922.855,31.406,-50.469,-42.978,-67.744,-28.817,0.589,-0.989,5.099,154.795,0.005,-1.701,-1.171,3.614,35
307,1,307,1,307,808.252,33.215,33.395,1571.426,40.015,32.996,1.585,1456.238,39.394,-38.68,-36.447,-54.476,-32.37,1.585,-2.756,10.913,130.49,0.001,995.882,31.307,31.445,1164.935,34.618,29.999,1.444,922.531,31.376,-51.975,-45.396,-67.565,-29.078,0.704,-0.774,4.704,155.584,0.007,-1.693,-1.164,3.696,35
308,1,308,1,308,832.525,33.355,33.471,1573.124,40.671,32.999,1.564,1435.376,39.995,-40.047,-36.666,-54.779,-30.82,1.647,-2.821,11.321,131.485,0.002,1024.976,31.244,31.357,1174.123,33.669,29.97,1.444,930.927,30.893,-49.767,-42.127,-67.43,-26.867,0.773,-1.025,5.232,154.815,0.002,-1.679,-1.164,3.577,35
309,1,309,1,309,832.032,33.309,33.425,1558.987,40.611,32.977,1.579,1429.716,39.943,-38.845,-36.616,-53.859,-31.489,1.564,-2.762,11.113,134.247,0,1013.879,31.224,31.328,1150.966,34.113,29.976,1.444,915.894,31.436,-50.628,-43.741,-67.313,-27.54,0.5,-0.9,4.89,159.982,0.001,-1.697,-1.158,3.67,35
310,1,310,1,310,837.867,33.285,33.431,1557.926,40.694,33.027,1.575,1436.705,40.208,-38.092,-37.319,-54.043,-29.402,1.512,-2.773,11.204,131.59,0.002,1019.422,31.274,31.394,1187.556,33.574,29.999,1.451,941.772,30.739,-50.758,-42.514,-67.103,-25.936,0.825,-0.841,4.872,158.519,0.004,-1.667,-1.148,3.737,35
311,1,311,1,311,815.155,33.278,33.449,1562.369,40.75,32.967,1.575,1428.635,39.883,-40.673,-36.368,-55.396,-30.199,1.567,-2.816,11.157,129.071,0.001,999.748,31.286,31.425,1172.432,34.242,29.993,1.449,930.398,31.074,-51.801,-45.321,-67.431,-26.773,0.716,-0.89,5.144,153.385,0.003,-1.718,-1.177,3.692,35
312,1,312,1,312,817.666,33.204,33.33,1480.231,41.841,33.013,1.57,1378.215,41.767,-35.753,-37.168,-54.613,-31.932,1.547,-2.803,11.952,126.008,0.003,998.231,31.356,31.455,1174.451,34.419,29.997,1.434,929.511,31.125,-49.74,-44.3,-66.883,-28.528,0.708,-0.764,5.71,148.619,0.007,-1.687,-1.156,3.679,35
313,1,313,1,313,824.143,33.224,33.352,1510.388,41.217,32.992,1.575,1397.661,41,-37.046,-36.41,-54.857,-33.196,1.772,-2.928,11.379,130.726,-0.001,1005.15,31.333,31.438,1171.902,34.362,29.967,1.444,923.97,31.097,-49.763,-42.745,-67.451,-30.203,0.762,-0.904,5.003,155.273,0.003,-1.687,-1.171,3.46,35
314,1,314,1,314,838.591,33.399,33.515,1599.254,40.413,33.023,1.573,1456.938,39.622,-39.303,-37.874,-54.682,-33.01,1.679,-2.708,11.311,132.06,-0.001,1027.542,31.174,31.288,1167.628,33.326,30.006,1.453,932.212,31.102,-50.673,-42.832,-67.462,-28.876,0.666,-1.096,5.177,156.952,0.002,-1.69,-1.161,3.652,35
315,1,315,1,315,830.882,33.299,33.409,1537.474,41.027,33.02,1.571,1417.109,40.696,-39.763,-37.251,-55.635,-29.844,1.668,-2.693,11.24,132.686,0,1019.289,31.216,31.329,1160.652,33.841,29.985,1.448,926.903,31.128,-51.29,-43.737,-67.14,-26.013,0.7,-0.804,5.141,156.069,0.001,-1.717,-1.169,3.606,35
316,1,316,1,316,812.605,33.23,33.418,1567.394,40.329,33.01,1.59,1448.443,39.732,-40.444,-35.979,-55.075,-31.6,1.688,-2.785,11.006,128.645,-0.003,991.126,31.117,31.275,1152.626,33.653,30.032,1.462,933.931,31.233,-48.83,-41.601,-67.534,-28.093,0.614,-1.024,5.254,149.126,0.001,-1.684,-1.158,3.582,35
317,1,317,1,317,815.558,33.259,33.411,1552.654,40.641,33.001,1.575,1432.618,40.089,-39.764,-35.83,-55.252,-30.587,-6.549,-2.787,11.234,130.362,-0.004,1003.935,31.237,31.346,1161.282,33.954,29.962,1.444,923.316,31.083,-49.951,-42.223,-67.037,-27.126,0.722,-0.861,5.178,153.346,0.001,-1.701,-1.158,3.654,35
318,1,318,1,318,824.805,33.305,33.447,1612.61,39.468,33.03,1.594,1492.715,38.736,-40.474,-36.401,-54.478,-29.284,1.266,-2.789,10.904,133.977,-0.002,1014.373,31.221,31.322,1163.065,33.714,30.005,1.451,928.593,31.216,-49.234,-46.009,-66.975,-25.453,0.634,-0.958,4.97,158.463,0.001,-1.677,-1.165,3.385,35
319,1,319,1,319,824.353,33.296,33.421,1580.547,40.023,33.015,1.589,1463.063,39.384,-39.354,-37.552,-54.079,-32.802,1.787,-2.65,11.201,132.319,-0.001,1002.953,31.201,31.308,1168.908,33.446,30.014,1.453,935.649,31.044,-47.614,-41.886,-67.13,-28.707,0.655,-0.841,5.109,157.464,0.003,-1.695,-1.162,3.687,35
320,1,320,1,320,823.388,33.277,33.426,1549.385,40.865,32.981,1.575,1419.958,40.253,-39.758,-37.135,-55.261,-31.261,1.674,-2.783,11.292,131.228,0.004,1000.3,31.214,31.331,1172.392,33.523,29.989,1.453,933.22,30.949,-48.96,-41.833,-67.342,-27.655,0.717,-0.98,4.964,156.5,0.007,-1.676,-1.151,3.398,35
