Header Section,,,,,,,,,,,,,,,
Product,VC1385,,,,,,,,,,,,,,
Test Plan,Rev(-),,,,,,,,,,,,,,
Release Date,2019/5/20,,,,,,,,,,,,,,
Comment,#11-30;,,,,,,,,,,,,,,
,,,,,,,,,,,,,,,
Data Section,,,,,,,,,,,,,,,
Device#,1,2,3,4,5,6,7,8,9,10,11,12,13,14,15
Test Item,Site No,Soft Bin,Hard Bin,Device ID,DC.I_VDD,DC.I_VCTL,IL_ISO_3G.IL_O1_3G,IL_ISO_3G.ISO_O1_3G,IL_ISO_3G.IL_O2_3G,IL_ISO_3G.ISO_O2_3G,IL_ISO_6G.IL_O1_6G,IL_ISO_6G.ISO_O1_6G,IL_ISO_6G.IL_O2_6G,IL_ISO_6G.ISO_O2_6G,Status
Low Tolerance,,,,,10,10,0.2,3,0.2,3,0.2,3,0.2,3,
High Tolerance,,,,,10,10,0.2,3,0.2,3,0.2,3,0.2,3,
Enable,,,,,1,1,1,1,1,1,1,1,1,1,
11,0,2,3,11,38.066,11.440,-0.292,-36.869,-0.277,-37.460,-0.691,-24.323,-0.695,-25.331,
12,0,2,3,12,38.151,11.452,-0.296,-36.836,-0.271,-37.545,-0.710,-24.302,-0.704,-25.427,
13,0,2,3,13,37.718,11.111,-0.300,-36.906,-0.283,-37.602,-0.693,-24.328,-0.690,-25.442,
14,0,2,3,14,37.803,11.295,-0.308,-36.901,-0.284,-37.461,-0.684,-24.415,-0.699,-25.306,
15,0,2,3,15,37.371,11.108,-0.298,-36.854,-0.278,-37.502,-0.669,-24.290,-0.669,-25.414,
16,0,2,3,16,37.615,11.272,-0.311,-36.835,-0.289,-37.539,-0.713,-24.328,-0.713,-25.495,
17,0,2,3,17,37.795,11.334,-0.303,-36.879,-0.274,-37.459,-0.718,-24.339,-0.728,-25.407,
18,0,2,3,18,37.343,11.150,-0.282,-36.836,-0.276,-37.441,-0.700,-24.376,-0.714,-25.366,
19,0,2,3,19,37.823,11.317,-0.296,-36.847,-0.274,-37.462,-0.730,-24.350,-0.740,-25.415,
20,0,2,3,20,38.115,11.445,-0.279,-36.842,-0.269,-37.403,-0.681,-24.351,-0.683,-25.260,
21,0,2,3,21,37.533,11.270,-0.275,-36.808,-0.269,-37.475,-0.681,-24.307,-0.686,-25.416,
22,0,2,3,22,37.933,11.518,-0.286,-36.766,-0.270,-37.488,-0.708,-24.371,-0.691,-25.378,
23,0,2,3,23,37.937,11.611,-0.271,-36.805,-0.267,-37.519,-0.677,-24.331,-0.669,-25.515,
24,0,2,3,24,37.755,11.087,-0.269,-36.875,-0.254,-37.504,-0.640,-24.343,-0.639,-25.409,
25,0,2,3,25,38.112,11.570,-0.278,-36.813,-0.259,-37.433,-0.681,-24.268,-0.664,-25.280,
26,0,2,3,26,38.070,11.566,-0.278,-36.817,-0.257,-37.422,-0.650,-24.291,-0.656,-25.223,
27,0,2,3,27,37.671,11.160,-0.269,-36.871,-0.247,-37.536,-0.604,-24.333,-0.606,-25.300,
28,0,2,3,28,37.895,11.619,-0.269,-36.866,-0.251,-37.448,-0.628,-24.223,-0.607,-25.362,
29,0,2,3,29,37.827,11.308,-0.274,-36.943,-0.252,-37.325,-0.606,-24.373,-0.598,-25.040,
30,0,2,3,30,38.111,11.571,-0.263,-36.783,-0.240,-37.434,-0.598,-24.182,-0.591,-25.359,
