Header Section,,,,,,,,,,,,,,,,,,,,,,,,,,,,,,,,,,,,,,,,,,,,,,,,,,,,,,,,,
Product,VC1545,,,,,,,,,,,,,,,,,,,,,,,,,,,,,,,,,,,,,,,,,,,,,,,,,,,,,,,,
Test Plan,Rev(A),,,,,,,,,,,,,,,,,,,,,,,,,,,,,,,,,,,,,,,,,,,,,,,,,,,,,,,,
Release Date,2018/3/22,,,,,,,,,,,,,,,,,,,,,,,,,,,,,,,,,,,,,,,,,,,,,,,,,,,,,,,,
Comment,#11-50/A5E1.1;,,,,,,,,,,,,,,,,,,,,,,,,,,,,,,,,,,,,,,,,,,,,,,,,,,,,,,,,
,,,,,,,,,,,,,,,,,,,,,,,,,,,,,,,,,,,,,,,,,,,,,,,,,,,,,,,,,
Data Section,,,,,,,,,,,,,,,,,,,,,,,,,,,,,,,,,,,,,,,,,,,,,,,,,,,,,,,,,
Device#,1,2,5,6,7,8,9,10,11,12,13,14,15,16,17,18,19,20,21,22,23,24,25,26,27,28,29,30,31,32,33,34,35,36,37,38,39,40,41,42,43,44,45,46,47,48,49,50,51,52,53,54,55,56,57,58,59
Test Item,Site No,Device ID,DC.LKG_V1,DC.LKG_V2,DC.LKG_V3,DC.IDD,IL_ANT_RF1_704.IL_ANT_RF1_704,IL_ANT_RF2_704.IL_ANT_RF2_704,IL_ANT_RF3_704.IL_ANT_RF3_704,IL_ANT_RF4_704.IL_ANT_RF4_704,LB_HAR_ANT_RF1.H2_ANT_RF1_1800,LB_HAR_ANT_RF1.H3_ANT_RF1_2700,LB_HAR_ANT_RF1.High_Power_In_900,LB_HAR_ANT_RF1.High_Power_Out_900,LB_HAR_ANT_RF2.H2_ANT_RF2_1800,LB_HAR_ANT_RF2.H3_ANT_RF2_2700,LB_HAR_ANT_RF2.High_Power_In_900,LB_HAR_ANT_RF2.High_Power_Out_900,LB_HAR_ANT_RF3.H2_ANT_RF3_1800,LB_HAR_ANT_RF3.H3_ANT_RF3_2700,LB_HAR_ANT_RF3.High_Power_In_900,LB_HAR_ANT_RF3.High_Power_Out_900,LB_HAR_ANT_RF4.H2_ANT_RF4_1800,LB_HAR_ANT_RF4.H3_ANT_RF4_2700,LB_HAR_ANT_RF4.High_Power_In_900,LB_HAR_ANT_RF4.High_Power_Out_900,IL_ANT_RF1_2700.IL_ANT_RF1_2700,IL_ANT_RF2_2700.HB_IL_ANT_RF2_2700,IL_ANT_RF3_2700.IL_ANT_RF3_2700,IL_ANT_RF4_2700.IL_ANT_RF4_2700,IL_RF1_ANT_RF1RF2_2700.IL_RF1_ANT_RF1RF2_2700,IL_RF3_ANT_RF3RF4_2700.IL_RF3_ANT_RF3RF4_2700,IL_RF4_ANT_ALLON_2700.IL_RF4_ANT_ALLON_2700,HB_HAR_ANT_RF1.H2_ANT_RF1_5400,HB_HAR_ANT_RF1.High_Power_In_2700,HB_HAR_ANT_RF1.High_Power_Out_2700,HB_HAR_ANT_RF2.H2_ANT_RF2_5400,HB_HAR_ANT_RF2.High_Power_In_2700,HB_HAR_ANT_RF2.High_Power_Out_2700,HB_HAR_ANT_RF3.H2_ANT_RF3_5400,HB_HAR_ANT_RF3.High_Power_In_2700,HB_HAR_ANT_RF3.High_Power_Out_2700,HB_HAR_ANT_RF4.H2_ANT_RF4_5400,HB_HAR_ANT_RF4.High_Power_In_2700,HB_HAR_ANT_RF4.High_Power_Out_2700,HB_ISO.ISO_RF1_RF2_2700,HB_ISO.ISO_RF2_RF1_2700,HB_ISO.ISO_RF3_RF4_2700,HB_ISO.ISO_RF4_RF3_2700,SPARAM.RON_RF1_200,SPARAM.RON_RF2_200,SPARAM.RON_RF3_200,SPARAM.RON_RF4_200,SPARAM.COFF_RF1_200,SPARAM.COFF_RF2_200,SPARAM.COFF_RF3_200,SPARAM.COFF_RF4_200
Low Tolerance,,,10,10,10,10,0.2,0.2,0.2,0.2,2,2,0.5,0.5,2,2,0.5,0.5,2,2,0.5,0.5,2,2,0.5,0.5,0.2,0.2,0.2,0.2,0.3,0.3,0.3,3,0.5,0.5,3,0.5,0.5,3,0.5,0.5,3,0.5,0.5,3,3,3,3,0.5,0.5,0.5,0.5,50,50,50,50
High Tolerance,,,10,10,10,10,0.2,0.2,0.2,0.2,2,2,0.5,0.5,2,2,0.5,0.5,2,2,0.5,0.5,2,2,0.5,0.5,0.2,0.2,0.2,0.2,0.3,0.3,0.3,3,0.5,0.5,3,0.5,0.5,3,0.5,0.5,3,0.5,0.5,3,3,3,3,0.5,0.5,0.5,0.5,50,50,50,50
Enable,,,1,1,1,1,1,1,1,1,1,1,0,0,1,1,0,0,1,1,0,0,1,1,0,0,1,1,1,1,1,1,1,1,0,0,1,0,0,1,0,0,1,0,0,0,0,0,0,0,0,0,0,0,0,0,0
1,1,1,0.017,-0.005,-0.002,25.553,0.298,0.328,0.327,0.334,-74.671,-57.788,33.008,32.489,-52.64553333,-46.85033333,33.008,32.422,-71.693,-57.403,33.008,32.517,-70.8,-57.911,33.008,32.485,0.839,0.856,0.84,0.832,3.834,3.898,8.02,-63.576,33.02,31.081,-41.98,33.02,30.88,-58.659,33.02,31.19,-56.04,33.02,31.136,17.959,15.42,13.091,14,1.585,1.89,2.337,2.327,233.685,273.371,221.955,144.983
2,1,2,0.02,-0.005,-0.001,26.297,0.305,0.346,0.288,0.353,-73.806,-58.646,33.008,32.517,-52.4582,-46.97,33.008,32.402,-73.148,-58.522,33.008,32.521,-72.384,-59.345,33.008,32.491,0.813,0.874,0.867,0.872,3.875,3.875,8.02,-62.867,33.02,31.08,-42.245,33.02,30.89,-58.828,33.02,31.196,-56.147,33.02,31.127,18.402,15.397,12.946,13.967,1.59,1.964,2.371,2.375,245.607,277.142,217.521,141.498
3,1,3,0.018,-0.003,-0.001,27.214,0.282,0.331,0.323,0.366,-73.671,-58.741,33.008,32.503,-52.00486667,-46.318,33.008,32.421,-69.874,-58.196,33.008,32.515,-70.448,-59.246,33.008,32.437,0.817,0.888,0.838,0.871,3.869,3.854,8.065,-61.5,33.02,31.081,-42.115,33.02,30.873,-58.607,33.02,31.185,-56.266,33.02,31.075,18.323,15.446,12.795,13.853,1.695,1.964,2.342,2.414,245.503,274.717,237.858,144.815
4,1,4,0.024,-0.003,0,29.136,0.3,0.326,0.301,0.351,-74.982,-56.959,33.008,32.504,-52.3042,-46.26366667,33.008,32.407,-70.315,-56.976,33.008,32.485,-68.67,-58.015,33.008,32.468,0.839,0.889,0.847,0.868,3.865,3.868,8.057,-62.04,33.02,31.08,-42.178,33.02,30.877,-57.849,33.02,31.18,-55.63,33.02,31.102,18.227,15.377,12.779,13.744,1.611,1.892,2.26,2.398,247.939,270.722,220.557,148.316
5,1,5,0.02,-0.004,-0.001,25.545,0.306,0.338,0.317,0.338,-71.457,-58.338,33.008,32.491,-51.84253333,-46.22733333,33.008,32.408,-73.669,-58.179,33.008,32.507,-73.617,-59.144,33.008,32.453,0.846,0.903,0.864,0.873,3.894,3.877,8.061,-61.284,33.02,31.093,-41.893,33.02,30.871,-58.851,33.02,31.195,-56.29,33.02,31.12,17.89,15.503,12.722,13.708,1.682,1.901,2.341,2.442,236.553,275.23,221.484,146.216
6,1,6,0.013,-0.004,-0.002,28.24,0.288,0.339,0.316,0.336,-72.971,-58.088,33.008,32.497,-52.16553333,-46.635,33.008,32.422,-73.619,-57.564,33.008,32.483,-70.721,-57.999,33.008,32.464,0.835,0.896,0.845,0.877,3.847,3.809,8.047,-60.547,33.02,31.074,-42.007,33.02,30.861,-58.609,33.02,31.177,-55.856,33.02,31.131,18.245,15.365,12.741,13.686,1.631,1.948,2.47,2.321,242.973,273.065,229.353,144.576
7,1,7,0.017,-0.005,-0.003,29.707,0.296,0.358,0.322,0.332,-72.284,-57.969,33.008,32.505,-52.72953333,-46.85,33.008,32.422,-72.248,-58.258,33.008,32.466,-74.609,-58.496,33.008,32.458,0.827,0.859,0.861,0.861,3.843,3.856,8.085,-58.761,33.02,31.11,-42.177,33.02,30.872,-57.988,33.02,31.183,-55.935,33.02,31.087,18.192,15.416,12.772,13.628,1.654,1.913,2.344,2.347,247.21,272.705,242.783,142.838
8,1,8,0.013,-0.005,-0.001,27.15,0.278,0.324,0.325,0.347,-75.071,-58.477,33.008,32.501,-52.7742,-47.23566667,33.008,32.426,-71.155,-58.596,33.008,32.51,-70.112,-59.333,33.008,32.458,0.849,0.888,0.908,0.879,3.86,3.853,8.061,-62.283,33.02,31.113,-42.179,33.02,30.875,-59.769,33.02,31.159,-56.668,33.02,31.083,18.124,15.399,12.728,13.565,1.617,2,2.396,2.39,251.266,272.123,233.134,149.477
9,1,9,0.018,-0.003,-0.001,28.302,0.296,0.332,0.316,0.339,-75.304,-57.672,33.008,32.492,-52.6622,-46.65233333,33.008,32.41,-69.376,-58.033,33.008,32.502,-69.377,-57.893,33.008,32.435,0.822,0.862,0.856,0.857,3.859,3.826,8.037,-61.473,33.02,31.097,-41.929,33.02,30.884,-57.664,33.02,31.172,-55.656,33.02,31.102,18.129,15.481,12.669,13.564,1.686,1.944,2.384,2.424,242.789,273.808,226.474,139.659
10,1,10,0.025,-0.003,-0.002,28.469,0.3,0.355,0.327,0.353,-73.613,-59.035,33.008,32.497,-51.98653333,-46.62966667,33.008,32.429,-71.081,-58.746,33.008,32.513,-72.548,-60.036,33.008,32.459,0.86,0.887,0.884,0.893,3.885,3.869,8.047,-62.172,33.02,31.126,-41.983,33.02,30.879,-59.856,33.02,31.135,-56.671,33.02,31.084,18.165,15.475,12.721,13.599,1.628,1.991,2.373,2.429,245.115,276.781,247.411,147.548
11,1,11,0.016,-0.004,0,26.063,0.302,0.328,0.319,0.363,-75.047,-58.379,33.008,32.509,-52.2712,-46.85533333,33.008,32.427,-72.888,-58.329,33.008,32.509,-73.854,-58.92,33.008,32.468,0.835,0.913,0.892,0.867,3.869,3.836,8.045,-62.483,33.02,31.102,-42.011,33.02,30.879,-59.229,33.02,31.144,-56.418,33.02,31.097,18.181,15.413,12.719,13.537,1.664,1.939,2.418,2.426,246.086,274.175,209.072,145.943
12,1,12,0.018,-0.004,-0.002,26.635,0.289,0.33,0.314,0.361,-74.075,-58.518,33.008,32.495,-52.3302,-46.996,33.008,32.435,-72.245,-57.875,33.008,32.515,-70.643,-58.837,33.008,32.456,0.829,0.91,0.901,0.875,3.866,3.856,8.071,-62.778,33.02,31.073,-42.022,33.02,30.878,-59.406,33.02,31.136,-56.515,33.02,31.076,18.208,15.501,12.675,13.547,1.738,1.929,2.376,2.433,242.188,276.397,220.567,147.001
13,1,13,0.02,-0.003,0,25.868,0.299,0.323,0.324,0.341,-74.839,-58.245,33.008,32.508,-52.44253333,-46.94133333,33.008,32.424,-71.018,-57.867,33.008,32.487,-69.366,-59.052,33.008,32.449,0.836,0.894,0.911,0.883,3.881,3.828,8.057,-62.915,33.02,31.088,-42.077,33.02,30.855,-58.894,33.02,31.135,-56.454,33.02,31.059,18.081,15.381,12.815,13.558,1.701,1.905,2.475,2.447,250.282,277.32,210.471,146.344
14,1,14,0.019,-0.003,0,27.303,0.308,0.327,0.307,0.342,-72.153,-58.777,33.008,32.498,-53.30053333,-48.26533333,33.008,32.418,-73.111,-58.263,33.008,32.496,-72.275,-59.918,33.008,32.44,0.831,0.903,0.875,0.859,3.807,3.818,8.026,-61.286,33.02,31.104,-42.088,33.02,30.852,-59.205,33.02,31.146,-56.55,33.02,31.094,18.259,15.182,12.789,13.672,1.611,1.95,2.338,2.404,250.199,282.1,207.494,146.435
15,1,15,0.015,-0.003,0.001,26.889,0.298,0.316,0.307,0.357,-75.383,-57.852,33.008,32.484,-54.48786667,-47.77033333,33.008,32.407,-72.204,-57.235,33.008,32.492,-71.128,-57.556,33.008,32.444,0.854,0.906,0.906,0.896,3.854,3.844,8.113,-61.482,33.02,31.063,-41.996,33.02,30.877,-59.527,33.02,31.163,-56.436,33.02,31.038,17.953,15.274,12.655,13.601,1.622,1.873,2.406,2.423,244.38,278.904,276.12,152.54
16,1,16,0.021,-0.003,0,28.31,0.279,0.32,0.307,0.369,-76.305,-57.737,33.008,32.47,-53.03453333,-47.271,33.008,32.43,-70.717,-57.263,33.008,32.495,-70.603,-58.55,33.008,32.413,0.843,0.892,0.878,0.849,3.874,3.873,8.038,-61.95,33.02,31.07,-42.002,33.02,30.871,-58.253,33.02,31.166,-56.068,33.02,31.088,18.156,15.364,12.835,13.759,1.714,1.827,2.418,2.338,247.965,279.488,226.242,148.156
17,1,17,0.014,-0.004,-0.001,27.192,0.299,0.327,0.304,0.358,-76.69,-58.857,33.008,32.479,-53.46853333,-48.02766667,33.008,32.379,-70.297,-58.38,33.008,32.518,-69.253,-58.892,33.008,32.447,0.849,0.888,0.877,0.849,3.878,3.867,8.036,-62.636,33.02,31.062,-42.072,33.02,30.891,-59.115,33.02,31.166,-56.444,33.02,31.091,18.158,15.399,12.786,13.862,1.759,1.958,2.468,2.462,246.415,277.227,223.361,147.551
18,1,18,0.013,-0.004,-0.001,28.215,0.291,0.348,0.297,0.343,-73.457,-57.94,33.008,32.47,-52.70286667,-47.257,33.008,32.411,-69.296,-57.453,33.008,32.506,-69.559,-58.66,33.008,32.46,0.867,0.881,0.87,0.853,3.884,3.874,8.01,-61.77,33.02,31.1,-42.092,33.02,30.847,-58.367,33.02,31.142,-55.925,33.02,31.088,18.134,15.369,12.843,13.822,1.657,1.801,2.294,2.413,251.421,278.561,225.038,148.11
19,1,19,0.021,-0.004,0,26.888,0.305,0.344,0.323,0.344,-74.737,-58.682,33.008,32.49,-53.4312,-48.1,33.008,32.399,-70.995,-58.163,33.008,32.477,-72.253,-59.335,33.008,32.453,0.825,0.911,0.875,0.875,3.861,3.839,8.005,-61.807,33.02,31.071,-42.246,33.02,30.881,-59.676,33.02,31.177,-56.762,33.02,31.118,18.171,15.382,12.883,13.807,1.703,1.958,2.383,2.342,248.554,282.298,237.055,142.242
20,1,20,0.018,-0.003,-0.001,25.102,0.301,0.355,0.324,0.342,-73.547,-58.469,33.008,32.466,-53.08886667,-48.16466667,33.008,32.377,-72.703,-58.018,33.008,32.484,-71.883,-59.043,33.008,32.427,0.83,0.888,0.87,0.876,3.855,3.891,8.044,-61.657,33.02,31.08,-42.162,33.02,30.87,-59.309,33.02,31.166,-56.549,33.02,31.12,18.218,15.39,12.929,13.898,1.715,1.938,2.454,2.452,249.323,276.666,223.213,147.719
21,1,21,0.017,-0.004,-0.001,26.382,0.283,0.341,0.335,0.375,-77.386,-57.815,33.008,32.475,-52.78186667,-47.29166667,33.008,32.4,-72.385,-57.416,33.008,32.489,-74.636,-58.401,33.008,32.424,0.848,0.879,0.884,0.873,3.857,3.886,8.025,-62.601,33.02,31.07,-42.221,33.02,30.842,-59.221,33.02,31.158,-56.42,33.02,31.109,18.175,15.29,12.977,13.852,1.783,1.998,2.437,2.421,253.683,271.182,224.974,143.284
22,1,22,0.018,-0.004,-0.001,26.799,0.292,0.338,0.303,0.328,-74.8,-58.335,33.008,32.472,-52.62753333,-47.46533333,33.008,32.37,-73.429,-58.439,33.008,32.487,-70.509,-59.449,33.008,32.427,0.857,0.897,0.848,0.853,3.858,3.86,8.005,-62.283,33.02,31.071,-42.09,33.02,30.878,-59.018,33.02,31.183,-56.264,33.02,31.115,18.199,15.379,13.022,13.958,1.731,1.948,2.455,2.483,250.429,279.463,222.594,150.69
23,1,23,0.016,-0.003,0,27.714,0.288,0.334,0.309,0.321,-75.651,-58.324,33.008,32.488,-52.77953333,-47.186,33.008,32.403,-72.343,-57.787,33.008,32.505,-71.258,-59.119,33.008,32.406,0.826,0.914,0.886,0.866,3.868,3.844,8.021,-63.605,33.02,31.101,-42.241,33.02,30.88,-58.781,33.02,31.184,-56.35,33.02,31.1,18.22,15.402,12.956,13.813,1.663,2.024,2.371,2.419,253.708,272.669,218.939,140.66
24,1,24,0.017,-0.003,-0.001,27.66,0.283,0.355,0.314,0.346,-75.235,-58.815,33.008,32.496,-52.10953333,-46.45066667,33.008,32.426,-67.766,-58.163,33.008,32.51,-67.966,-59.626,33.008,32.473,0.845,0.898,0.862,0.877,3.863,3.868,8.031,-63.206,33.02,31.118,-41.967,33.02,30.89,-58.176,33.02,31.169,-55.909,33.02,31.095,18.162,15.397,12.969,13.856,1.7,1.9,2.412,2.438,261.152,281.913,234.878,147.342
25,1,25,0.031,-0.004,-0.002,27.623,0.257,0.327,0.308,0.31,-77.713,-57.568,33.008,32.517,-52.87553333,-46.89033333,33.008,32.397,-73.472,-57.124,33.008,32.516,-73.966,-57.972,33.008,32.45,0.801,0.857,0.849,0.825,3.846,3.825,8.04,-61.845,33.02,31.121,-42.057,33.02,30.882,-58.376,33.02,31.212,-56.075,33.02,31.122,18.436,15.37,13.008,13.921,1.619,1.88,2.302,2.391,249.999,272.596,218.416,141.009
26,1,26,0.018,-0.004,0,27.147,0.297,0.336,0.313,0.339,-72.524,-58.753,33.008,32.488,-52.5212,-47.31966667,33.008,32.399,-72.976,-57.813,33.008,32.5,-73.646,-59.589,33.008,32.475,0.843,0.895,0.854,0.858,3.882,3.886,8.027,-62.087,33.02,31.082,-42.042,33.02,30.866,-58.922,33.02,31.183,-56.217,33.02,31.117,18.144,15.319,12.993,13.872,1.675,1.89,2.382,2.432,245.717,273.944,209.635,149.883
27,1,27,0.014,-0.004,-0.001,27.455,0.307,0.334,0.31,0.342,-74.759,-58.63,33.008,32.479,-52.45486667,-46.808,33.008,32.416,-71.23,-58.108,33.008,32.487,-70.407,-58.762,33.008,32.44,0.825,0.882,0.876,0.86,3.829,3.873,7.986,-62.497,33.02,31.064,-42.227,33.02,30.873,-59.415,33.02,31.19,-56.484,33.02,31.098,18.166,15.355,12.999,13.839,1.652,1.893,2.284,2.389,253.641,279.771,254.04,145.073
28,1,28,0.038,-0.004,-0.001,28.831,0.288,0.332,0.328,0.343,-76.33,-57.978,33.008,32.512,-52.7002,-47.083,33.008,32.402,-73.183,-57.275,33.008,32.503,-71.865,-58.585,33.008,32.466,0.798,0.847,0.802,0.819,3.857,3.869,8.055,-62.097,33.02,31.102,-42.242,33.02,30.872,-58.682,33.02,31.209,-55.992,33.02,31.152,18.399,15.381,13.04,13.923,1.619,1.914,2.409,2.351,249.014,266.529,223.26,144.224
29,1,29,0.015,-0.006,-0.001,27.676,0.3,0.322,0.278,0.325,-72.906,-58.589,33.008,32.487,-52.20986667,-46.99766667,33.008,32.396,-72.794,-58.458,33.008,32.494,-73.238,-59.055,33.008,32.426,0.824,0.885,0.871,0.839,3.857,3.872,8.007,-61.352,33.02,31.093,-42.042,33.02,30.866,-58.562,33.02,31.194,-55.936,33.02,31.143,18.319,15.308,12.95,13.849,1.63,1.876,2.379,2.387,255.538,286.401,229.515,151.308
30,1,30,0.013,-0.005,-0.002,25.559,0.279,0.334,0.29,0.342,-74.811,-58.15,33.008,32.46,-53.12386667,-47.86633333,33.008,32.371,-70.295,-58.211,33.008,32.476,-69.977,-58.822,33.008,32.437,0.842,0.921,0.858,0.833,3.862,3.86,7.988,-62.929,33.02,31.083,-42.077,33.02,30.859,-59.363,33.02,31.185,-56.328,33.02,31.122,18.27,15.293,12.998,13.895,1.692,1.943,2.417,2.352,254.602,287.072,238.181,147.717
31,1,31,0.015,-0.003,-0.001,30.18,0.278,0.338,0.318,0.345,-75.035,-57.473,33.008,32.485,-52.9952,-47.32666667,33.008,32.418,-71.085,-57.031,33.008,32.494,-71.578,-57.84,33.008,32.439,0.81,0.903,0.831,0.845,3.837,3.876,7.973,-61.903,33.02,31.092,-42.217,33.02,30.877,-58.427,33.02,31.229,-55.827,33.02,31.155,18.242,15.366,13.055,13.924,1.594,1.84,2.279,2.337,250.22,276.624,232.629,144.56
32,1,32,0.022,-0.003,-0.001,26.873,0.303,0.327,0.326,0.341,-74.437,-58.78,33.008,32.471,-52.72286667,-47.33766667,33.008,32.38,-73.741,-58.463,33.008,32.506,-75.287,-58.866,33.008,32.448,0.853,0.902,0.828,0.815,3.865,3.896,7.985,-60.918,33.02,31.066,-41.997,33.02,30.869,-58.66,33.02,31.213,-56.074,33.02,31.126,18.322,15.379,13.102,14.166,1.752,1.963,2.314,2.411,252.58,280.66,223.348,146.698
33,1,33,0.023,-0.003,0,27.51,0.316,0.307,0.333,0.335,-74.825,-58.27,33.008,32.463,-52.97886667,-47.48766667,33.008,32.384,-70.226,-58.235,33.008,32.505,-70.798,-58.481,33.008,32.449,0.823,0.88,0.83,0.841,3.868,3.913,7.996,-62.268,33.02,31.078,-42.248,33.02,30.881,-59.21,33.02,31.231,-56.46,33.02,31.141,18.304,15.238,13.132,14.236,1.706,1.955,2.45,2.438,250.175,282.553,225.694,146.626
34,1,34,0.016,-0.002,0,26.522,0.293,0.342,0.326,0.349,-74.727,-58.783,33.008,32.495,-52.79153333,-47.32233333,33.008,32.406,-70.993,-58.04,33.008,32.504,-69.967,-59.29,33.008,32.436,0.848,0.906,0.845,0.828,3.885,3.919,7.992,-61.965,33.02,31.057,-42.321,33.02,30.855,-58.919,33.02,31.206,-56.246,33.02,31.122,18.347,15.303,13.196,14.23,1.662,2.009,2.408,2.472,248.016,280.336,240.159,143.779
35,1,35,0.035,-0.005,-0.002,27.624,0.303,0.331,0.299,0.342,-79.318,-57.34,33.008,32.484,-52.79986667,-47.02566667,33.008,32.375,-73.325,-56.876,33.008,32.488,-76.272,-58.245,33.008,32.461,0.806,0.882,0.794,0.83,3.847,3.889,7.973,-62.888,33.02,31.112,-41.937,33.02,30.885,-58.475,33.02,31.23,-55.984,33.02,31.156,18.281,15.432,13.175,14.177,1.708,2.024,2.384,2.517,255.631,281.352,232.967,142.4
36,1,36,0.015,-0.003,-0.001,26.035,0.317,0.345,0.31,0.335,-75.827,-58.406,33.008,32.491,-52.91953333,-47.48933333,33.008,32.378,-72.317,-57.826,33.008,32.493,-70.624,-58.622,33.008,32.437,0.82,0.904,0.845,0.838,3.874,3.873,8.043,-61.632,33.02,31.073,-42.165,33.02,30.865,-59.091,33.02,31.19,-56.242,33.02,31.123,18.098,15.252,13.139,14.005,1.666,2,2.388,2.42,253.444,283.303,224.64,153.997
37,1,37,0.016,-0.004,0.001,26.384,0.324,0.345,0.31,0.316,-75.42,-57.828,33.008,32.459,-53.73686667,-48.18633333,33.008,32.38,-70.859,-57.319,33.008,32.489,-71.193,-58.163,33.008,32.447,0.853,0.905,0.882,0.849,3.84,3.879,8.008,-63.149,33.02,31.046,-42.153,33.02,30.879,-58.761,33.02,31.197,-56.437,33.02,31.098,18.01,15.315,13.169,13.972,1.697,2.068,2.361,2.48,259.614,282.84,233.272,151.037
38,1,38,0.019,-0.005,-0.002,26.993,0.286,0.322,0.282,0.328,-74.301,-58.446,33.008,32.481,-53.88486667,-49.088,33.008,32.39,-74.269,-59.265,33.008,32.49,-73.65,-60.046,33.008,32.437,0.849,0.914,0.873,0.851,3.85,3.858,8.062,-62.392,33.02,31.081,-42.2,33.02,30.869,-58.946,33.02,31.21,-56.383,33.02,31.143,18.013,15.267,13.126,13.946,1.701,1.936,2.398,2.452,259.417,285.749,216.198,147.17
39,1,39,0.017,-0.003,0,25.314,0.295,0.344,0.333,0.322,-75.511,-58.522,33.008,32.467,-54.39153333,-49.03133333,33.008,32.384,-66.845,-58.656,33.008,32.495,-67.989,-59.263,33.008,32.44,0.856,0.878,0.893,0.843,3.856,3.867,8.065,-62.707,33.02,31.087,-42.316,33.02,30.867,-58.342,33.02,31.199,-55.87,33.02,31.117,17.922,15.307,13.115,13.87,1.693,1.887,2.37,2.32,256.127,282.242,230.872,153.717
40,1,40,0.025,-0.003,-0.001,27.458,0.307,0.322,0.298,0.348,-78.057,-57.707,33.008,32.478,-54.26053333,-48.235,33.008,32.406,-73.412,-57.397,33.008,32.491,-72.541,-58.141,33.008,32.454,0.805,0.838,0.825,0.83,3.833,3.841,8.015,-61.621,33.02,31.094,-42.024,33.02,30.902,-58.247,33.02,31.213,-55.791,33.02,31.14,18.311,15.353,12.966,13.89,1.743,1.935,2.351,2.42,245.054,277.727,209.302,144.622
41,1,41,0.021,-0.005,-0.001,26.835,0.314,0.355,0.303,0.34,-75.58,-58.104,33.008,32.481,-54.20453333,-49.10833333,33.008,32.393,-72.974,-58.425,33.008,32.482,-75.664,-59.542,33.008,32.446,0.873,0.9,0.863,0.823,3.864,3.879,8.019,-61.739,33.02,31.104,-42.264,33.02,30.852,-59.177,33.02,31.221,-56.369,33.02,31.128,18.356,15.247,13.031,14.01,1.653,1.868,2.321,2.564,252.171,279.466,222.33,142.54
42,1,42,0.019,-0.002,0,27.478,0.309,0.359,0.295,0.372,-73.517,-58.874,33.008,32.477,-53.89253333,-48.859,33.008,32.364,-72.763,-58.218,33.008,32.491,-72.676,-59.141,33.008,32.443,0.872,0.907,0.853,0.865,3.877,3.887,7.988,-62.323,33.02,31.081,-42.266,33.02,30.859,-59.248,33.02,31.215,-56.44,33.02,31.113,18.328,15.245,13.072,13.972,1.648,1.916,2.347,2.378,253.59,277.685,235.113,142.113
43,1,43,0.017,-0.005,-0.002,26.542,0.294,0.352,0.313,0.363,-72.39,-58.707,33.008,32.462,-53.4882,-48.53566667,33.008,32.401,-73.591,-58.479,33.008,32.498,-74.002,-59.188,33.008,32.464,0.821,0.897,0.85,0.818,3.866,3.878,8.003,-60.936,33.02,31.105,-42.138,33.02,30.86,-58.884,33.02,31.221,-56.258,33.02,31.114,18.41,15.223,13.105,14.017,1.638,2.036,2.324,2.339,250.129,285.246,227.056,145.112
44,1,44,0.013,-0.005,-0.003,26.392,0.282,0.348,0.307,0.35,-74.522,-58.047,33.008,32.497,-54.04186667,-48.9,33.008,32.412,-70.276,-58.185,33.008,32.476,-70.055,-58.748,33.008,32.43,0.826,0.932,0.852,0.843,3.86,3.878,8.04,-62.561,33.02,31.069,-42.224,33.02,30.854,-59.238,33.02,31.175,-56.426,33.02,31.107,18.302,15.2,12.991,14.047,1.667,1.891,2.328,2.375,247.88,279.925,223.567,146.399
45,1,45,0.013,-0.004,-0.001,27.648,0.292,0.351,0.299,0.354,-76.414,-58.439,33.008,32.475,-54.2172,-48.77766667,33.008,32.396,-70.158,-58.476,33.008,32.523,-69.906,-58.643,33.008,32.458,0.823,0.898,0.863,0.85,3.867,3.894,8.04,-63.155,33.02,31.063,-42.349,33.02,30.872,-58.315,33.02,31.188,-56.065,33.02,31.137,18.389,15.289,12.984,13.947,1.776,2.005,2.421,2.461,242.438,281.994,236.582,142.09
46,1,46,0.022,-0.003,-0.001,29.602,0.3,0.37,0.296,0.356,-74.044,-57.766,33.008,32.46,-53.98953333,-48.19466667,33.008,32.397,-73.643,-57.619,33.008,32.506,-75.451,-58.684,33.008,32.44,0.829,0.9,0.866,0.875,3.851,3.873,8.027,-59.418,33.02,31.068,-42.152,33.02,30.904,-57.91,33.02,31.191,-55.693,33.02,31.13,18.41,15.262,12.992,14.067,1.664,1.967,2.331,2.425,247.031,280.296,228.321,143.726
47,1,47,0.012,-0.004,-0.002,27.181,0.314,0.362,0.31,0.349,-75.733,-58.833,33.008,32.463,-54.0082,-48.79833333,33.008,32.381,-71.872,-58.184,33.008,32.501,-70.045,-59.056,33.008,32.448,0.852,0.908,0.867,0.833,3.895,3.868,7.979,-62.724,33.02,31.094,-42.304,33.02,30.893,-59.309,33.02,31.218,-56.287,33.02,31.116,18.342,15.104,13.056,14.048,1.671,1.936,2.397,2.419,246.73,291.021,213.043,139.612
48,1,48,0.023,-0.003,-0.001,28.229,0.286,0.332,0.325,0.336,-75.189,-58.604,33.008,32.456,-53.9112,-48.68033333,33.008,32.411,-70.788,-58.111,33.008,32.479,-71.019,-59.186,33.008,32.463,0.862,0.91,0.854,0.832,3.847,3.871,8.002,-61.687,33.02,31.048,-42.273,33.02,30.901,-59.554,33.02,31.207,-56.543,33.02,31.139,18.372,15.027,13.082,14.048,1.64,1.9,2.484,2.445,247.921,289.124,242.659,148.271
49,1,49,0.016,-0.003,-0.002,26.997,0.309,0.347,0.298,0.35,-74.097,-58.388,33.008,32.484,-53.32486667,-48.18166667,33.008,32.394,-72.542,-57.951,33.008,32.523,-73.305,-58.898,33.008,32.463,0.848,0.911,0.843,0.83,3.84,3.853,8.031,-62.817,33.02,31.067,-42.282,33.02,30.876,-59.299,33.02,31.239,-56.685,33.02,31.109,18.279,15.057,13.047,14.036,1.744,1.931,2.385,2.408,243.972,285.004,216.872,153.188
50,1,50,0.015,-0.004,-0.001,26.793,0.312,0.383,0.306,0.33,-75.011,-58.804,33.008,32.497,-52.39053333,-46.71,33.008,32.412,-70.968,-58.083,33.008,32.496,-71.488,-59.206,33.008,32.425,0.877,0.918,0.847,0.876,3.856,3.86,8.051,-62.444,33.02,31.086,-42.232,33.02,30.858,-59.241,33.02,31.208,-57.95,33.02,31.104,18.522,15.056,12.854,14.02,1.787,1.956,2.42,2.5,237.133,289.508,212.964,142.464
