Header Section,,,,,,,,,,,,,,,,,,,,,,,,,,,,,,
Product,VC1545,,,,,,,,,,,,,,,,,,,,,,,,,,,,,
Test Plan,Rev(D),,,,,,,,,,,,,,,,,,,,,,,,,,,,,
Release Date,2019/7/24,,,,,,,,,,,,,,,,,,,,,,,,,,,,,
Comment,#11-30/A5E1.1;A5_01,,,,,,,,,,,,,,,,,,,,,,,,,,,,,
,,,,,,,,,,,,,,,,,,,,,,,,,,,,,,
Data Section,,,,,,,,,,,,,,,,,,,,,,,,,,,,,,
Device#,1,2,3,4,5,6,7,8,9,10,11,12,13,14,15,16,17,18,19,20,21,22,23,24,25,26,27,28,29,30
Test Item,Site No,Soft Bin,Hard Bin,Device ID,LKG_V1,LKG_V2,LKG_V3,IDD,IL_ANT_RF1_704,IL_ANT_RF2_704,IL_ANT_RF3_704,IL_ANT_RF4_704,H3_ANT_RF1_2700,High_Power_In_900,High_Power_Out_900,H3_ANT_RF2_2700,H3_ANT_RF3_2700,H3_ANT_RF4_2700,IL_ANT_RF1_2700,IL_ANT_RF2_2700,IL_ANT_RF3_2700,IL_ANT_RF4_2700,IL_RF1_ANT_RF1RF2_2700,IL_RF3_ANT_RF3RF4_2700,IL_RF2_ANT_ALLON_2700,IL_RF4_ANT_ALLON_2700,ISO_RF1_RF2_2700,ISO_RF2_RF1_2700,ISO_RF3_RF4_2700,ISO_RF4_RF3_2700
Low Tolerance,,,,,10,10,10,10,0.2,0.2,0.2,0.2,3,0.5,0.5,3,3,3,0.2,0.2,0.2,0.2,0.5,0.5,0.5,0.5,3,3,3,3
High Tolerance,,,,,10,10,10,10,0.2,0.2,0.2,0.2,3,0.5,0.5,3,3,3,0.2,0.2,0.2,0.2,0.5,0.5,0.5,0.5,3,3,3,3
Enable,,,,,1,1,1,1,1,1,1,1,1,1,1,1,1,1,1,1,1,1,1,1,1,1,0,0,0,0
11,1,6,6,11,0.032,-0.001,0.001,29.422,0.281,0.324,0.281,0.304,-58.488,32.976,32.682,-59.998,-59.308,-59.856,0.565,0.604,0.557,0.586,3.598,3.66,7.711,7.807,13.576,15.13,12.355,13.093
12,1,6,6,12,0.037,0,0.002,28.676,0.248,0.281,0.248,0.263,-60.125,32.976,32.696,-59.602,-59.338,-60.256,0.496,0.554,0.525,0.52,3.521,3.621,7.639,7.742,13.572,15.192,12.276,13.05
13,1,6,6,13,0.028,-0.001,0.002,29.686,0.233,0.277,0.245,0.288,-58.864,32.976,32.731,-60.114,-58.906,-59.63,0.499,0.538,0.501,0.496,3.512,3.604,7.662,7.787,13.583,15.141,12.277,13.076
14,1,6,6,14,0.03,-0.002,0.002,27.914,0.24,0.258,0.248,0.278,-59.66,32.976,32.739,-60.566,-59.817,-60.253,0.533,0.579,0.54,0.543,3.543,3.62,7.667,7.775,13.606,15.211,12.322,13.118
15,1,6,6,15,0.051,-0.001,0.002,27.989,0.28,0.306,0.271,0.315,-59.863,32.976,32.742,-59.721,-61.632,-61.006,0.468,0.509,0.485,0.517,3.444,3.602,7.59,7.726,13.554,15.174,12.246,13.122
16,1,6,6,16,0.029,-0.001,0.002,29.145,0.261,0.269,0.26,0.295,-59.586,32.976,32.727,-60.032,-60.1,-60.621,0.511,0.528,0.514,0.527,3.511,3.595,7.665,7.71,13.519,15.11,12.146,13.079
17,1,6,6,17,0.036,-0.001,0.003,30.747,0.264,0.286,0.266,0.304,-58.561,32.976,32.753,-59.987,-59.146,-59.844,0.509,0.537,0.517,0.524,3.499,3.617,7.626,7.748,13.556,15.157,12.223,13.101
18,1,6,6,18,0.051,-0.001,0.001,27.468,0.266,0.285,0.276,0.315,-59.6,32.976,32.73,-59.735,-60.388,-60.612,0.5,0.537,0.511,0.521,3.522,3.64,7.649,7.741,13.673,15.128,12.339,13.173
19,1,6,6,19,0.029,-0.001,0.001,28.675,0.254,0.281,0.253,0.295,-62.476,32.976,32.755,-59.393,-62.909,-62.074,0.507,0.532,0.5,0.538,3.528,3.619,7.642,7.726,13.526,15.126,12.262,13.185
20,1,6,6,20,0.062,-0.001,0.002,29.223,0.252,0.266,0.252,0.285,-59.366,32.976,32.746,-60.213,-59.537,-59.853,0.508,0.522,0.51,0.511,3.494,3.633,7.65,7.688,13.535,15.166,12.276,13.192
21,1,6,6,21,0.025,-0.002,0.002,29.282,0.24,0.26,0.231,0.28,-60.145,32.976,32.765,-59.71,-60.327,-61.571,0.528,0.531,0.502,0.517,3.541,3.633,7.673,7.731,13.577,15.112,12.358,13.337
22,1,6,6,22,0.026,-0.001,0.001,29.298,0.26,0.275,0.243,0.271,-59.201,32.976,32.748,-60.682,-59.233,-60.345,0.526,0.518,0.493,0.519,3.524,3.63,7.65,7.764,13.591,15.078,12.385,13.326
23,1,6,6,23,0.031,0,0.002,29.963,0.243,0.272,0.242,0.275,-63.591,32.976,32.74,-60.118,-61.186,-64.126,0.543,0.56,0.524,0.545,3.536,3.639,7.643,7.778,13.47,15.03,12.347,13.241
24,1,6,6,24,0.06,-0.001,0.002,28.228,0.247,0.264,0.242,0.279,-61.839,32.976,32.759,-59.891,-59.988,-60.541,0.52,0.554,0.513,0.525,3.528,3.63,7.667,7.759,13.471,15.015,12.267,13.305
25,1,6,6,25,0.053,-0.001,0.001,27.033,0.265,0.279,0.258,0.282,-59.351,32.976,32.756,-60.308,-59.819,-60.636,0.52,0.535,0.505,0.529,3.52,3.639,7.656,7.761,13.456,14.964,12.393,13.327
26,1,6,6,26,0.041,0,0.002,27.089,0.242,0.257,0.246,0.273,-58.108,32.976,32.773,-61.261,-58.054,-59.064,0.513,0.546,0.527,0.529,3.519,3.625,7.675,7.73,13.452,15.003,12.41,13.355
27,1,6,6,27,0.054,-0.001,0.001,28.845,0.266,0.283,0.266,0.29,-59.238,32.976,32.764,-61.238,-59.571,-59.683,0.536,0.56,0.495,0.517,3.529,3.639,7.704,7.764,13.495,15.025,12.471,13.445
28,1,6,6,28,0.035,-0.001,0.002,31.447,0.244,0.265,0.24,0.281,-58.808,32.976,32.756,-61.456,-59.177,-59.468,0.514,0.528,0.494,0.516,3.504,3.615,7.702,7.76,13.487,14.922,12.482,13.449
29,1,6,6,29,0.038,0,0.002,28.965,0.264,0.271,0.242,0.278,-59.732,32.976,32.743,-61.814,-60.219,-60.468,0.514,0.53,0.5,0.498,3.498,3.632,7.687,7.728,13.534,14.92,12.563,13.638
30,1,6,6,30,0.025,-0.001,0.002,29.337,0.243,0.251,0.222,0.266,-59.107,32.976,32.772,-61.205,-58.954,-60.081,0.52,0.538,0.509,0.495,3.496,3.627,7.688,7.71,13.359,14.847,12.446,13.42
