Header Section,,,,,,,,,,,,,,,,
Product,VC1623,,,,,,,,,,,,,,,
Test Plan,Rev(B),,,,,,,,,,,,,,,
Release Date,2016/7/14,,,,,,,,,,,,,,,
Comment,#1-20~#51-65/A3E3.1;#21-50/A3E11.1_Au,,,,,,,,,,,,,,,
,,,,,,,,,,,,,,,,
Data Section,,,,,,,,,,,,,,,,
Device#,1,2,3,4,5,6,7,8,9,10,11,12,13,14,15,16
Test Item,Site No,Device ID,Site,ID,Current1,Leakage_V1,Leakage_V2,Insertion1 RF1 to ANT,Insertion1 RF2 to ANT,Insertion1 RF3 to ANT,Iso1 RF1 to RF2,Iso1 RF1 to RF3,Iso1 RF2 to RF1,Iso1 RF2 to RF3,Iso1 RF3 to RF1,Iso1 RF3 to RF2
Low Tolerance,,,,,10,,,0.2,0.2,0.2,1.5,1.5,1.5,1.5,1.5,1.5
High Tolerance,,,,,10,,,0.2,0.2,0.2,1.5,1.5,1.5,1.5,1.5,1.5
Enable,,,,,1,,,1,1,1,0,0,0,0,0,0
1,1,1,1,1,37.636,0,0,0.697,0.684,0.711,20.799,27.217,20.282,27.178,25.651,28.325
2,1,2,1,2,40.726,0,0,0.71,0.678,0.707,20.744,27.233,20.253,27.251,25.617,28.298
3,1,3,1,3,38.182,0,0,0.707,0.68,0.703,20.773,27.193,20.232,27.228,25.569,28.278
4,1,4,1,4,37.471,0,0,0.714,0.688,0.714,20.73,27.223,20.19,27.235,25.594,28.317
5,1,5,1,5,38.85,0,0,0.709,0.684,0.717,20.783,27.222,20.229,27.228,25.576,28.273
6,1,6,1,6,37.7,0,0,0.706,0.682,0.709,20.772,27.229,20.221,27.219,25.639,28.31
7,1,7,1,7,40.015,0,0,0.712,0.684,0.717,20.738,27.213,20.217,27.214,25.601,28.28
8,1,8,1,8,40.607,0,0,0.708,0.69,0.71,20.843,27.27,20.276,27.269,25.653,28.355
9,1,9,1,9,38.203,0,0,0.7,0.686,0.715,20.809,27.293,20.221,27.271,25.613,28.332
10,1,10,1,10,39.475,0,0,0.702,0.688,0.716,20.792,27.262,20.209,27.236,25.602,28.313
11,1,11,1,11,41.567,0,0,0.7,0.686,0.719,20.787,27.277,20.21,27.282,25.586,28.305
12,1,12,1,12,39.606,0,0,0.714,0.691,0.728,20.816,27.235,20.185,27.212,25.588,28.327
13,1,13,1,13,38.197,0,0,0.715,0.69,0.729,20.791,27.233,20.227,27.253,25.604,28.32
14,1,14,1,14,43.721,0,0,0.72,0.687,0.723,20.777,27.253,20.22,27.26,25.575,28.253
15,1,15,1,15,38.185,0,0,0.717,0.688,0.723,20.776,27.23,20.224,27.237,25.608,28.305
16,1,16,1,16,45,0,0,0.713,0.686,0.717,20.766,27.268,20.213,27.273,25.608,28.318
17,1,17,1,17,39.207,0,0,0.709,0.693,0.728,20.741,27.266,20.2,27.265,25.561,28.269
18,1,18,1,18,36.593,0,0,0.717,0.687,0.723,20.745,27.252,20.184,27.252,25.573,28.252
19,1,19,1,19,44.422,0,0,0.711,0.677,0.718,20.728,27.274,20.188,27.296,25.572,28.256
20,1,20,1,20,36.992,0,0,0.711,0.685,0.715,20.847,27.26,20.235,27.252,25.597,28.311
21,1,21,1,21,39.15,0.025,0.02,0.744,0.703,0.76,20.808,27.148,20.312,27.289,25.971,28.591
22,1,22,1,22,36.553,0.019,0.026,0.769,0.712,0.776,20.833,27.249,20.329,27.371,25.847,28.58
23,1,23,1,23,42.723,0.037,0.024,0.755,0.699,0.76,20.791,27.268,20.296,27.411,25.927,28.645
24,1,24,1,24,41.147,0.027,0.028,0.757,0.71,0.762,20.798,27.236,20.303,27.368,25.924,28.63
25,1,25,1,25,40.282,0.014,0.034,0.76,0.712,0.76,20.814,27.242,20.338,27.365,25.965,28.61
26,1,26,1,26,38.921,0.02,0.015,0.745,0.706,0.76,20.805,27.168,20.282,27.309,25.927,28.601
27,1,27,1,27,39.483,-0.002,0.022,0.755,0.708,0.761,20.803,27.152,20.299,27.304,25.994,28.641
28,1,28,1,28,39.067,0.011,0.034,0.749,0.713,0.756,20.794,27.166,20.328,27.305,25.963,28.561
29,1,29,1,29,38.359,0.017,0.018,0.748,0.707,0.761,20.812,27.17,20.331,27.343,25.985,28.595
30,1,30,1,30,36.484,0.024,0.016,0.763,0.713,0.769,20.828,27.132,20.303,27.267,25.928,28.574
31,1,31,1,31,41.572,0.027,0.026,0.762,0.7,0.752,20.806,27.159,20.351,27.322,26.007,28.611
32,1,32,1,32,39.989,0.021,0.034,0.748,0.706,0.761,20.819,27.202,20.315,27.35,25.956,28.569
33,1,33,1,33,44.49,0.028,0.031,0.747,0.7,0.762,20.786,27.277,20.286,27.398,25.948,28.594
34,1,34,1,34,43.874,0.027,0.038,0.744,0.698,0.76,20.788,27.266,20.289,27.403,25.957,28.587
35,1,35,1,35,37.035,0.019,0.028,0.759,0.715,0.76,20.82,27.231,20.321,27.363,25.911,28.589
36,1,36,1,36,41.18,0.022,0.015,0.756,0.7,0.76,20.81,27.239,20.332,27.375,25.924,28.592
37,1,37,1,37,41.147,0.021,0.022,0.753,0.709,0.759,20.799,27.249,20.32,27.369,25.935,28.601
38,1,38,1,38,38.95,0.031,0.015,0.748,0.714,0.757,20.819,27.199,20.301,27.332,25.967,28.623
39,1,39,1,39,40.952,0.031,0.035,0.75,0.707,0.758,20.801,27.194,20.311,27.316,25.974,28.604
40,1,40,1,40,36.744,0.014,0.02,0.759,0.707,0.753,20.822,27.22,20.341,27.355,25.967,28.581
41,1,41,1,41,35.855,0.02,0.028,0.749,0.709,0.762,20.829,27.195,20.353,27.354,25.942,28.574
42,1,42,1,42,36.675,0.005,0.017,0.755,0.716,0.776,20.847,27.188,20.332,27.343,25.909,28.579
43,1,43,1,43,37.098,0.012,0.031,0.761,0.715,0.772,20.818,27.127,20.345,27.294,25.937,28.568
44,1,44,1,44,36.263,0.021,0.027,0.749,0.7,0.762,20.818,27.257,20.353,27.412,25.992,28.61
45,1,45,1,45,41.166,0.025,0.026,0.754,0.705,0.763,20.796,27.185,20.298,27.332,25.905,28.587
46,1,46,1,46,39.46,0.016,0.021,0.743,0.696,0.757,20.812,27.136,20.336,27.293,25.933,28.576
47,1,47,1,47,42.243,0.042,0.035,0.747,0.701,0.75,20.803,27.211,20.313,27.368,26.011,28.643
48,1,48,1,48,38.811,0.027,0.029,0.75,0.711,0.756,20.805,27.226,20.319,27.384,26.006,28.623
49,1,49,1,49,36.391,0.019,0.013,0.756,0.708,0.754,20.822,27.18,20.36,27.346,25.991,28.629
50,1,50,1,50,38.618,0.023,0.012,0.747,0.702,0.753,20.824,27.166,20.326,27.325,25.977,28.628
51,1,51,1,51,41.366,0.027,0.027,0.683,0.624,0.716,20.744,27.065,20.213,27.229,25.773,28.596
52,1,52,1,52,39.454,0.019,0.015,0.684,0.63,0.812,20.794,27.109,20.27,27.302,25.853,28.636
53,1,53,1,53,34.392,0.004,0.021,0.677,0.62,0.702,20.658,27.021,20.108,27.168,25.84,28.6
54,1,54,1,54,37.926,0.042,0.028,0.674,0.628,0.718,20.694,27,20.165,27.135,25.726,28.534
55,1,55,1,55,37.395,0.019,0.036,0.685,0.636,0.726,20.719,27.221,20.187,27.371,25.935,28.705
56,1,56,1,56,44.326,0.033,0.026,0.664,0.617,0.7,20.644,27.107,20.261,27.23,25.857,28.697
57,1,57,1,57,34.618,0.01,0.021,0.679,0.627,0.709,20.685,27.066,20.148,27.208,25.908,28.631
58,1,58,1,58,38.647,0.021,0.023,0.658,0.609,0.701,20.642,27.215,20.113,27.315,25.905,28.612
59,1,59,1,59,40.602,0.007,0.025,0.676,0.625,0.72,20.716,27.043,20.183,27.201,25.87,28.653
60,1,60,1,60,39.377,0.021,0.016,0.68,0.622,0.723,20.686,27.058,20.159,27.206,25.854,28.639
61,1,61,1,61,41.198,0.02,0.039,0.674,0.625,0.716,20.704,27.232,20.16,27.373,25.887,28.7
62,1,62,1,62,38.375,0.022,0.03,0.688,0.641,0.734,20.736,27.227,20.175,27.38,25.91,28.737
63,1,63,1,63,44.525,0.029,0.017,0.667,0.603,0.709,20.681,27.104,20.154,27.245,25.918,28.67
64,1,64,1,64,38.8,0.015,0.028,0.68,0.627,0.713,20.703,27.082,20.17,27.245,25.864,28.601
65,1,65,1,65,37.049,0.012,0.023,0.68,0.625,0.713,20.712,27.023,20.158,27.17,25.844,28.604
