Header Section,,,,,,,,,,,,,,,
Product,VC1673,,,,,,,,,,,,,,
Test Plan,Rev(-),,,,,,,,,,,,,,
Release Date,10/28/2014,,,,,,,,,,,,,,
Comment,7300~7309 for VC1673A3E4.14;,,,,,,,,,,,,,,
,,,,,,,,,,,,,,,
Data Section,,,,,,,,,,,,,,,
Device#,1,2,3,4,5,6,7,8,9,10,11,12,13,14,15
Test Item,Site No,Device ID,Current,TRX1_2500_Insertion Loss,TRX2_2500_Insertion Loss,TRX3_2500_Insertion Loss,TRX1_2500_IsolationRX2,TRX1_2500_IsolationRX3,TRX2_2500_IsolationRX3,TRX1_6000_Insertion Loss,TRX2_6000_Insertion Loss,TRX3_6000_Insertion Loss,TRX1_6000_IsolationRX2,TRX1_6000_IsolationRX3,TRX2_6000_IsolationRX3
Low Tolerance,,,10,0.2,0.2,0.2,1.5,1.5,1.5,0.2,0.2,0.2,1.5,1.5,1.5
High Tolerance,,,10,0.2,0.2,0.2,1.5,1.5,1.5,0.2,0.2,0.2,1.5,1.5,1.5
Enable,,,0,1,1,1,1,1,1,1,1,1,1,1,1
7300,1,7300,49.01,0.958,0.923,0.948,36.953,32.794,32.146,1.768,1.819,1.967,23.91,22.871,22.719
7301,1,7301,52.517,0.948,0.915,0.933,36.547,32.624,31.903,1.811,1.866,1.939,23.642,22.609,22.51
7302,1,7302,45.573,0.96,0.919,0.941,36.796,32.687,32.056,1.803,1.847,1.964,23.776,22.789,22.619
7303,1,7303,41.957,0.947,0.913,0.934,36.54,32.803,32.276,1.804,1.855,2.015,23.756,22.861,22.655
7304,1,7304,39.995,0.973,0.929,0.953,36.443,32.76,32.302,1.794,1.858,1.995,23.806,22.836,22.807
7305,1,7305,50.562,0.959,0.925,0.951,36.832,32.733,32.25,1.801,1.839,2.036,23.811,22.855,22.636
7306,1,7306,42.284,0.945,0.915,0.925,36.667,32.743,32.151,1.784,1.841,1.931,23.841,22.749,22.619
7307,1,7307,46.317,0.946,0.899,0.919,37.112,32.879,32.327,1.652,1.657,1.804,24.296,23.42,22.926
7308,1,7308,52.599,0.953,0.902,0.921,36.96,33.056,32.458,1.661,1.71,1.801,24.268,23.374,23.156
7309,1,7309,50.349,0.953,0.908,0.921,37.071,32.964,32.307,1.711,1.7,1.823,24.311,23.421,23.137
