Header Section,,,,,,,,,,,,,,,,,,,,,,,,,,
Product,VC1618,,,,,,,,,,,,,,,,,,,,,,,,,
Test Plan,Rev(B),,,,,,,,,,,,,,,,,,,,,,,,,
Release Date,2016/4/7,,,,,,,,,,,,,,,,,,,,,,,,,
Comment,#1-25/TRY,,,,,,,,,,,,,,,,,,,,,,,,,
,,,,,,,,,,,,,,,,,,,,,,,,,,
Data Section,,,,,,,,,,,,,,,,,,,,,,,,,,
Device#,1,2,3,4,5,6,7,8,9,10,11,12,13,14,15,16,17,18,19,20,21,22,23,24,25,26
Test Item,Site No,Hbin,Sbin,Device ID,Current1,Leakage_V1,Leakage_V2,Leakage_V3,Insertion  ANT  to  RF1,Insertion  ANT  to  RF2,Insertion  ANT  to  RF3,Insertion  ANT  to  RF4,Insertion  ANT  to  RF5,Insertion  ANT  to  RF6,Insertion  ANT  to  RF7,Insertion  ANT  to  RF8,Iso1 RF1 to RF5,Iso1 RF5 to RF1,Iso1 RF3 to RF7,Iso1 RF7 to RF3,Iso1 RF8 to RF4,Iso1 RF4 to RF8,Iso1 RF6 to RF2,Iso1 RF2 to RF6,Test Time,Index Time
Low Tolerance,,,,,10,,,,0.2,0.2,0.2,0.2,0.2,0.2,0.2,0.2,1.5,1.5,1.5,1.5,1.5,1.5,1.5,1.5,,
High Tolerance,,,,,10,,,,0.2,0.2,0.2,0.2,0.2,0.2,0.2,0.2,1.5,1.5,1.5,1.5,1.5,1.5,1.5,1.5,,
Enable,,,,,1,,,,1,1,1,1,1,1,1,1,0,0,0,0,0,0,0,0,0,0
1,1,1,1,1,56.279,0,0,0,0.775,0.723,0.764,0.765,0.725,0.756,0.71,0.735,19.171,23.263,11.685,17.843,16.693,11.417,38.17,22.798,345,65433
2,1,1,1,2,42.976,0,0,0,0.783,0.753,0.79,0.776,0.772,0.784,0.768,0.795,19.031,23.254,11.557,17.792,16.687,11.516,38.5,22.611,292,28363
3,1,1,1,3,42.545,0,0,0,0.796,0.768,0.811,0.799,0.78,0.801,0.788,0.779,19.014,23.265,11.52,17.826,16.753,11.521,38.759,22.755,285,33067
4,1,1,1,4,42.75,0,0,0,0.787,0.757,0.79,0.808,0.772,0.784,0.784,0.794,18.942,23.235,11.542,17.782,16.671,11.501,38.512,22.611,296,23228
5,1,1,1,5,46.291,0,0,0,0.785,0.777,0.792,0.784,0.79,0.785,0.784,0.813,18.984,23.271,11.463,17.776,16.796,11.572,38.702,22.589,291,19836
6,1,1,1,6,40.895,0,0,0,0.793,0.779,0.789,0.798,0.816,0.8,0.817,0.806,18.96,23.281,11.465,17.767,16.78,11.588,38.736,22.509,287,21940
7,1,1,1,7,42.406,0,0,0,0.807,0.767,0.8,0.798,0.785,0.775,0.779,0.801,19.032,23.269,11.556,17.805,16.78,11.517,38.796,22.487,293,26678
8,1,1,1,8,61.453,0,0,0,0.749,0.759,0.772,0.766,0.748,0.759,0.724,0.732,18.995,23.184,11.46,17.726,16.758,11.57,38.499,22.53,289,22160
9,1,1,1,9,41.705,0,0,0,0.792,0.78,0.791,0.796,0.776,0.793,0.774,0.788,19.012,23.222,11.504,17.777,16.784,11.562,38.862,22.521,289,18756
10,1,1,1,10,41.949,0,0,0,0.79,0.791,0.794,0.79,0.796,0.789,0.8,0.785,18.997,23.286,11.482,17.783,16.807,11.537,39.037,22.537,290,20438
11,1,1,1,11,40.914,0,0,0,0.807,0.777,0.806,0.793,0.791,0.807,0.781,0.79,19.012,23.282,11.593,17.776,16.773,11.46,38.828,22.433,289,19953
12,1,1,1,12,42.507,0,0,0,0.79,0.795,0.795,0.797,0.804,0.79,0.791,0.81,18.971,23.27,11.511,17.774,16.778,11.54,38.819,22.476,286,16402
13,1,1,1,13,42.091,0,0,0,0.796,0.798,0.812,0.789,0.789,0.809,0.801,0.816,18.976,23.325,11.485,17.764,16.77,11.489,38.601,22.366,287,20997
14,1,1,1,14,44.141,0,0,0,0.808,0.809,0.823,0.807,0.814,0.809,0.814,0.804,19.088,23.347,11.671,17.859,16.721,11.338,39.004,22.207,286,19519
15,1,1,1,15,41.503,0,0,0,0.816,0.831,0.811,0.819,0.825,0.818,0.829,0.812,19.028,23.329,11.43,17.8,16.722,11.397,38.702,22.083,287,19262
16,1,1,1,16,40.133,0,0,0,0.825,0.827,0.816,0.83,0.836,0.827,0.827,0.829,19.102,23.444,11.607,17.903,16.657,11.241,38.609,22.089,292,17604
17,1,1,1,17,44.13,0,0,0,0.807,0.822,0.826,0.817,0.835,0.813,0.819,0.823,19.071,23.281,11.546,17.847,16.732,11.307,38.793,22.105,286,17952
18,1,1,1,18,72.113,0,0,0,0.775,0.79,0.771,0.785,0.77,0.755,0.777,0.748,19.177,23.308,11.584,17.848,16.641,11.259,38.104,22.16,288,18198
19,1,1,1,19,44.946,0,0,0,0.811,0.827,0.811,0.807,0.83,0.82,0.831,0.801,19.12,23.406,11.647,17.912,16.611,11.219,38.412,22.006,288,18444
20,1,1,1,20,46.556,0,0,0,0.821,0.841,0.816,0.831,0.847,0.82,0.835,0.848,19.019,23.404,11.564,17.853,16.679,11.303,38.75,21.973,292,18670
21,1,1,1,21,46.662,0,0,0,0.802,0.828,0.801,0.794,0.809,0.81,0.828,0.775,19.066,23.462,11.603,17.925,16.619,11.283,38.393,21.995,286,17952
22,1,1,1,22,61.058,0,0,0,0.824,0.834,0.785,0.798,0.808,0.801,0.821,0.8,19.113,23.489,11.632,17.95,16.602,11.135,38.648,21.894,286,17952
23,1,1,1,23,44.39,0,0,0,0.812,0.852,0.81,0.811,0.827,0.828,0.841,0.816,19.132,23.503,11.619,17.94,16.642,11.192,39.027,21.887,288,18198
24,1,1,1,24,43.106,0,0,0,0.819,0.855,0.806,0.816,0.82,0.821,0.837,0.838,19.077,23.521,11.604,17.945,16.639,11.229,38.881,21.884,288,18444
25,1,1,1,25,41.798,0,0,0,0.831,0.86,0.819,0.823,0.837,0.846,0.838,0.863,19.133,23.429,11.598,17.896,16.687,11.329,39.151,21.897,292,18670
