Header Section,,,,,,,,,,,,,,,,,,,,,,,,,,,,,,,,,,,,,,,,,,,,,,,,,,,,,,,,,,,,,,,,,,,,,
Product,VC1630,,,,,,,,,,,,,,,,,,,,,,,,,,,,,,,,,,,,,,,,,,,,,,,,,,,,,,,,,,,,,,,,,,,,
Test Plan,Rev(C),,,,,,,,,,,,,,,,,,,,,,,,,,,,,,,,,,,,,,,,,,,,,,,,,,,,,,,,,,,,,,,,,,,,
Release Date,2017/11/30,,,,,,,,,,,,,,,,,,,,,,,,,,,,,,,,,,,,,,,,,,,,,,,,,,,,,,,,,,,,,,,,,,,,
Comment,#1-30/A1.1,,,,,,,,,,,,,,,,,,,,,,,,,,,,,,,,,,,,,,,,,,,,,,,,,,,,,,,,,,,,,,,,,,,,
,,,,,,,,,,,,,,,,,,,,,,,,,,,,,,,,,,,,,,,,,,,,,,,,,,,,,,,,,,,,,,,,,,,,,
Data Section,,,,,,,,,,,,,,,,,,,,,,,,,,,,,,,,,,,,,,,,,,,,,,,,,,,,,,,,,,,,,,,,,,,,,
Device#,1,2,3,4,5,6,7,8,9,10,11,12,13,14,15,16,17,18,19,20,21,22,23,24,25,26,27,28,29,30,31,32,33,34,35,36,37,38,39,40,41,42,43,44,45,46,47,48,49,50,51,52,53,54,55,56,57,58,59,60,61,62,63,64,65,66,67,68,69
Test Item,Site No,Device ID,Mipi_Function,Current1_uA,Leakage_VIO,Leakage_CLK,Leakage_DATA,Insertion Loss Rx1_960MHz,Insertion Loss Rx2_960MHz,Insertion Loss Rx3_960MHz,Insertion Loss Rx4_960MHz,Insertion Loss Rx5_960MHz,Insertion Loss Rx6_960MHz,Insertion Loss Rx7_960MHz,Insertion Loss Rx8_960MHz,Insertion Loss Rx9_960MHz,Insertion Loss Rx10_960MHz,Insertion Loss Rx1_2170MHz,Insertion Loss Rx2_2170MHz,Insertion Loss Rx3_2170MHz,Insertion Loss Rx4_2170MHz,Insertion Loss Rx5_2170MHz,Insertion Loss Rx6_2170MHz,Insertion Loss Rx7_2170MHz,Insertion Loss Rx8_2170MHz,Insertion Loss Rx9_2170MHz,Insertion Loss Rx10_2170MHz,Insertion Loss Rx1_2700MHz,Insertion Loss Rx2_2700MHz,Insertion Loss Rx3_2700MHz,Insertion Loss Rx4_2700MHz,Insertion Loss Rx5_2700MHz,Insertion Loss Rx6_2700MHz,Insertion Loss Rx7_2700MHz,Insertion Loss Rx8_2700MHz,Insertion Loss Rx9_2700MHz,Insertion Loss Rx10_2700MHz,Isolation1_RF6_960MHz,Isolation2_RF6_960MHz,Isolation3_RF6_960MHz,Isolation4_RF6_960MHz,Isolation5_RF6_960MHz,Isolation1_RF6_2170MHz,Isolation2_RF6_2170MHz,Isolation3_RF6_2170MHz,Isolation4_RF6_2170MHz,Isolation5_RF6_2170MHz,Isolation1_RF6_2700MHz,Isolation2_RF6_2700MHz,Isolation3_RF6_2700MHz,Isolation4_RF6_2700MHz,Isolation5_RF6_2700MHz,Isolation6_RF5_960MHz,Isolation7_RF5_960MHz,Isolation8_RF5_960MHz,Isolation9_RF5_960MHz,Isolation10_RF5_960MHz,Isolation6_RF5_2170MHz,Isolation7_RF5_2170MHz,Isolation8_RF5_2170MHz,Isolation9_RF5_2170MHz,Isolation10_RF5_2170MHz,Isolation6_RF5_2700MHz,Isolation7_RF5_2700MHz,Isolation8_RF5_2700MHz,Isolation9_RF5_2700MHz,Isolation10_RF5_2700MHz,TestTime,Indetime
Low Tolerance,,,,10,,,,0.2,0.2,0.2,0.2,0.2,0.2,0.2,0.2,0.2,0.2,0.2,0.2,0.2,0.2,0.2,0.2,0.2,0.2,0.2,0.2,0.2,0.2,0.2,0.2,0.2,0.2,0.2,0.2,0.2,0.2,2,2,2,2,2,2,2,2,2,2,2,2,2,2,2,2,2,2,2,2,2,2,2,2,2,2,2,2,2,2,,
High Tolerance,,,,10,,,,0.2,0.2,0.2,0.2,0.2,0.2,0.2,0.2,0.2,0.2,0.2,0.2,0.2,0.2,0.2,0.2,0.2,0.2,0.2,0.2,0.2,0.2,0.2,0.2,0.2,0.2,0.2,0.2,0.2,0.2,2,2,2,2,2,2,2,2,2,2,2,2,2,2,2,2,2,2,2,2,2,2,2,2,2,2,2,2,2,2,,
Enable,,,,1,,,,1,1,1,1,1,1,1,1,1,1,1,1,1,1,1,1,1,1,1,1,1,1,1,1,1,1,1,1,1,1,0,0,0,0,0,0,0,0,0,0,0,0,0,0,0,0,0,0,0,0,0,0,0,0,0,0,0,0,0,0,,
11,1,11,0,30.853,0.066,-0.36,-0.308,-0.482,-0.489,-0.441,-0.44,-0.422,-0.433,-0.461,-0.463,-0.498,-0.473,-0.491,-0.49,-0.468,-0.501,-0.535,-0.506,-0.51,-0.502,-0.519,-0.502,-0.77,-0.772,-0.718,-0.873,-0.983,-0.889,-0.875,-0.811,-0.8,-0.752,-44.547,-42.85,-41.016,-38.713,-33.975,-35.206,-33.556,-32.191,-30.836,-26.742,-33.076,-31.639,-32.2,-28.813,-24.543,-39.877,-42.058,-42.291,-42.733,-43.335,-31.477,-33.208,-32.496,-32.373,-33.299,-29.586,-31.653,-32.506,-32.458,-32.034,0,0
12,1,12,0,30.063,0.054,-0.348,-0.327,-0.469,-0.482,-0.435,-0.438,-0.418,-0.424,-0.454,-0.458,-0.491,-0.466,-0.489,-0.492,-0.464,-0.517,-0.546,-0.506,-0.524,-0.516,-0.52,-0.511,-0.766,-0.793,-0.738,-0.888,-1.008,-0.9,-0.888,-0.839,-0.82,-0.76,-44.263,-42.603,-40.854,-38.511,-33.94,-34.962,-33.385,-32.038,-30.66,-26.7,-32.836,-31.454,-32.042,-28.637,-24.527,-39.629,-41.772,-42.004,-42.453,-43.059,-31.294,-33.022,-32.311,-32.2,-33.133,-29.414,-31.495,-32.326,-32.334,-31.932,0,0
13,1,13,0,30.799,0.097,-0.377,-0.312,-0.489,-0.488,-0.448,-0.442,-0.433,-0.439,-0.461,-0.465,-0.498,-0.471,-0.506,-0.487,-0.474,-0.508,-0.554,-0.519,-0.507,-0.504,-0.522,-0.506,-0.771,-0.781,-0.731,-0.874,-0.996,-0.892,-0.87,-0.816,-0.801,-0.756,-44.538,-42.808,-41.017,-38.656,-33.992,-35.172,-33.53,-32.195,-30.779,-26.753,-33.083,-31.617,-32.207,-28.773,-24.573,-39.848,-42.044,-42.253,-42.731,-43.318,-31.468,-33.27,-32.525,-32.451,-33.38,-29.573,-31.71,-32.527,-32.572,-32.167,0,0
14,1,14,0,31.347,0.085,-0.353,-0.318,-0.491,-0.481,-0.442,-0.436,-0.421,-0.428,-0.455,-0.461,-0.494,-0.47,-0.513,-0.482,-0.471,-0.51,-0.545,-0.508,-0.512,-0.508,-0.522,-0.51,-0.786,-0.787,-0.736,-0.872,-0.988,-0.891,-0.871,-0.826,-0.813,-0.757,-44.418,-42.732,-40.898,-38.612,-33.981,-35.127,-33.465,-32.12,-30.749,-26.733,-32.995,-31.518,-32.122,-28.703,-24.527,-39.848,-42.031,-42.185,-42.614,-43.241,-31.458,-33.218,-32.446,-32.332,-33.267,-29.549,-31.646,-32.45,-32.429,-32.019,0,0
15,1,15,0,30.577,0.077,-0.358,-0.327,-0.481,-0.484,-0.441,-0.435,-0.431,-0.44,-0.455,-0.459,-0.49,-0.466,-0.497,-0.485,-0.468,-0.505,-0.55,-0.523,-0.506,-0.503,-0.51,-0.497,-0.782,-0.796,-0.747,-0.879,-1.01,-0.901,-0.876,-0.825,-0.804,-0.751,-44.177,-42.463,-40.71,-38.465,-34.066,-34.92,-33.326,-31.98,-30.637,-26.853,-32.749,-31.322,-31.981,-28.585,-24.697,-39.649,-41.738,-41.915,-42.373,-43.001,-31.334,-32.99,-32.247,-32.14,-33.059,-29.439,-31.451,-32.251,-32.223,-31.825,0,0
16,1,16,0,30.671,0.094,-0.35,-0.308,-0.483,-0.478,-0.44,-0.433,-0.418,-0.435,-0.453,-0.456,-0.492,-0.464,-0.507,-0.479,-0.471,-0.515,-0.549,-0.524,-0.516,-0.505,-0.518,-0.508,-0.784,-0.788,-0.743,-0.874,-0.993,-0.905,-0.877,-0.825,-0.814,-0.753,-44.406,-42.676,-40.934,-38.667,-34.065,-35.045,-33.388,-32.099,-30.754,-26.797,-32.912,-31.442,-32.094,-28.714,-24.605,-39.768,-41.974,-42.169,-42.597,-43.248,-31.408,-33.181,-32.42,-32.308,-33.236,-29.526,-31.63,-32.431,-32.41,-32.008,0,0
17,1,17,0,30.621,0.079,-0.348,-0.32,-0.503,-0.476,-0.435,-0.431,-0.41,-0.444,-0.446,-0.453,-0.489,-0.462,-0.528,-0.481,-0.461,-0.494,-0.524,-0.525,-0.494,-0.494,-0.514,-0.492,-0.793,-0.762,-0.735,-0.868,-0.974,-0.896,-0.866,-0.81,-0.805,-0.747,-44.362,-42.558,-40.794,-38.501,-33.977,-35.095,-33.383,-32.054,-30.685,-26.773,-32.942,-31.394,-32.054,-28.648,-24.562,-39.872,-41.982,-42.115,-42.583,-43.198,-31.483,-33.133,-32.372,-32.256,-33.165,-29.6,-31.587,-32.374,-32.357,-31.914,0,0
18,1,18,0,30.627,0.101,-0.343,-0.308,-0.502,-0.476,-0.44,-0.435,-0.424,-0.434,-0.455,-0.457,-0.492,-0.466,-0.523,-0.473,-0.461,-0.501,-0.539,-0.511,-0.504,-0.497,-0.522,-0.502,-0.794,-0.765,-0.729,-0.863,-0.994,-0.892,-0.867,-0.811,-0.806,-0.753,-44.565,-42.836,-41.03,-38.723,-33.997,-35.264,-33.523,-32.178,-30.828,-26.743,-33.161,-31.578,-32.176,-28.775,-24.525,-39.885,-42.1,-42.325,-42.798,-43.402,-31.488,-33.284,-32.587,-32.492,-33.411,-29.601,-31.738,-32.585,-32.627,-32.198,0,0
19,1,19,0,30.27,0.076,-0.358,-0.315,-0.492,-0.479,-0.441,-0.432,-0.413,-0.443,-0.452,-0.457,-0.488,-0.458,-0.523,-0.489,-0.478,-0.523,-0.549,-0.539,-0.526,-0.518,-0.521,-0.51,-0.804,-0.803,-0.769,-0.882,-0.988,-0.925,-0.88,-0.842,-0.82,-0.755,-44.309,-42.568,-40.812,-38.586,-33.954,-35.045,-33.376,-32.034,-30.686,-26.687,-32.937,-31.449,-32.046,-28.654,-24.487,-39.731,-41.944,-42.189,-42.649,-43.284,-31.336,-33.125,-32.445,-32.337,-33.268,-29.418,-31.572,-32.453,-32.459,-32.053,0,0
20,1,20,0,31.11,0.07,-0.336,-0.288,-0.485,-0.481,-0.441,-0.436,-0.416,-0.428,-0.456,-0.468,-0.493,-0.467,-0.493,-0.474,-0.462,-0.485,-0.515,-0.497,-0.49,-0.5,-0.51,-0.491,-0.774,-0.771,-0.716,-0.86,-0.956,-0.869,-0.859,-0.807,-0.783,-0.743,-44.495,-42.79,-41.023,-38.72,-34.027,-35.138,-33.505,-32.169,-30.813,-26.772,-33.021,-31.562,-32.171,-28.784,-24.572,-39.805,-42.037,-42.266,-42.721,-43.349,-31.418,-33.216,-32.512,-32.389,-33.327,-29.5,-31.634,-32.515,-32.462,-32.055,0,0
21,1,21,0,29.787,0.052,-0.36,-0.291,-0.479,-0.477,-0.44,-0.435,-0.425,-0.439,-0.452,-0.467,-0.487,-0.466,-0.496,-0.481,-0.47,-0.507,-0.553,-0.525,-0.507,-0.518,-0.512,-0.506,-0.779,-0.785,-0.744,-0.88,-1,-0.907,-0.872,-0.832,-0.807,-0.756,-44.258,-42.579,-40.819,-38.587,-33.95,-34.942,-33.328,-32.01,-30.684,-26.706,-32.794,-31.377,-32.015,-28.665,-24.542,-39.797,-42.044,-42.251,-42.714,-43.345,-31.395,-33.137,-32.369,-32.219,-33.129,-29.514,-31.581,-32.369,-32.281,-31.877,0,0
22,1,22,0,31.477,0.094,-0.35,-0.303,-0.487,-0.486,-0.449,-0.447,-0.429,-0.437,-0.462,-0.471,-0.493,-0.465,-0.495,-0.481,-0.474,-0.505,-0.539,-0.509,-0.501,-0.51,-0.509,-0.495,-0.773,-0.778,-0.745,-0.882,-0.983,-0.881,-0.87,-0.816,-0.779,-0.746,-44.562,-42.767,-40.982,-38.722,-34.049,-35.267,-33.561,-32.262,-30.911,-26.848,-33.116,-31.59,-32.255,-28.866,-24.637,-39.894,-42.103,-42.344,-42.775,-43.429,-31.457,-33.237,-32.534,-32.419,-33.339,-29.527,-31.667,-32.542,-32.497,-32.106,0,0
23,1,23,0,30.662,0.068,-0.343,-0.305,-0.493,-0.488,-0.45,-0.441,-0.416,-0.443,-0.459,-0.467,-0.494,-0.464,-0.511,-0.491,-0.479,-0.514,-0.537,-0.528,-0.517,-0.513,-0.517,-0.504,-0.792,-0.795,-0.766,-0.888,-0.979,-0.913,-0.88,-0.833,-0.807,-0.754,-44.321,-42.612,-40.78,-38.594,-33.985,-35.059,-33.381,-32.047,-30.74,-26.73,-32.919,-31.431,-32.049,-28.698,-24.529,-39.782,-41.981,-42.186,-42.653,-43.306,-31.346,-33.137,-32.391,-32.272,-33.202,-29.416,-31.569,-32.394,-32.365,-31.969,0,0
24,1,24,0,30.113,0.059,-0.351,-0.293,-0.48,-0.475,-0.437,-0.43,-0.407,-0.431,-0.447,-0.457,-0.485,-0.453,-0.496,-0.474,-0.467,-0.503,-0.526,-0.515,-0.503,-0.508,-0.508,-0.488,-0.785,-0.792,-0.757,-0.875,-0.972,-0.893,-0.869,-0.826,-0.803,-0.735,-44.378,-42.67,-40.914,-38.652,-33.99,-35.013,-33.344,-32.059,-30.73,-26.712,-32.846,-31.386,-32.062,-28.685,-24.505,-39.754,-41.969,-42.206,-42.66,-43.245,-31.338,-33.053,-32.339,-32.227,-33.146,-29.432,-31.496,-32.348,-32.312,-31.884,0,0
25,1,25,0,30.325,0.074,-0.368,-0.313,-0.475,-0.479,-0.442,-0.437,-0.411,-0.441,-0.454,-0.462,-0.49,-0.46,-0.494,-0.482,-0.476,-0.511,-0.529,-0.523,-0.509,-0.513,-0.508,-0.497,-0.771,-0.785,-0.757,-0.881,-0.975,-0.911,-0.871,-0.827,-0.803,-0.743,-44.376,-42.687,-40.891,-38.672,-33.962,-35.11,-33.465,-32.124,-30.785,-26.714,-32.966,-31.511,-32.123,-28.744,-24.497,-39.836,-41.979,-42.193,-42.641,-43.304,-31.419,-33.102,-32.366,-32.263,-33.202,-29.518,-31.531,-32.366,-32.357,-31.957,0,0
26,1,26,0,30.446,0.071,-0.353,-0.315,-0.473,-0.478,-0.44,-0.436,-0.41,-0.425,-0.454,-0.463,-0.488,-0.459,-0.479,-0.475,-0.464,-0.489,-0.51,-0.495,-0.494,-0.508,-0.502,-0.483,-0.755,-0.761,-0.729,-0.868,-0.951,-0.868,-0.86,-0.811,-0.775,-0.731,-44.489,-42.776,-40.98,-38.696,-33.961,-35.189,-33.551,-32.192,-30.817,-26.732,-33.079,-31.623,-32.193,-28.797,-24.509,-39.859,-42.044,-42.215,-42.711,-43.326,-31.429,-33.188,-32.451,-32.359,-33.303,-29.504,-31.632,-32.448,-32.448,-32.053,0,0
27,1,27,0,30.539,0.092,-0.353,-0.322,-0.473,-0.477,-0.446,-0.437,-0.412,-0.425,-0.457,-0.466,-0.491,-0.461,-0.482,-0.475,-0.473,-0.494,-0.515,-0.497,-0.498,-0.506,-0.506,-0.486,-0.752,-0.762,-0.74,-0.873,-0.956,-0.866,-0.868,-0.812,-0.778,-0.736,-44.618,-42.845,-41.036,-38.743,-34.036,-35.211,-33.55,-32.202,-30.829,-26.779,-33.116,-31.644,-32.209,-28.818,-24.571,-39.842,-42.062,-42.269,-42.773,-43.421,-31.423,-33.237,-32.502,-32.405,-33.342,-29.501,-31.661,-32.499,-32.494,-32.109,0,0
28,1,28,0,30.748,0.073,-0.348,-0.313,-0.469,-0.476,-0.443,-0.436,-0.411,-0.422,-0.455,-0.459,-0.488,-0.459,-0.479,-0.473,-0.469,-0.5,-0.519,-0.493,-0.506,-0.508,-0.499,-0.487,-0.761,-0.774,-0.75,-0.873,-0.962,-0.881,-0.865,-0.819,-0.79,-0.731,-44.506,-42.777,-41.008,-38.746,-34.082,-35.115,-33.467,-32.148,-30.803,-26.806,-32.97,-31.53,-32.148,-28.766,-24.592,-39.812,-42.023,-42.183,-42.642,-43.276,-31.371,-33.135,-32.383,-32.277,-33.217,-29.451,-31.542,-32.395,-32.354,-31.949,0,0
29,1,29,0,30.285,0.079,-0.365,-0.322,-0.479,-0.477,-0.442,-0.434,-0.406,-0.423,-0.452,-0.456,-0.492,-0.462,-0.488,-0.471,-0.466,-0.491,-0.508,-0.494,-0.495,-0.493,-0.508,-0.491,-0.764,-0.776,-0.745,-0.868,-0.947,-0.865,-0.859,-0.806,-0.788,-0.743,-44.57,-42.802,-41.016,-38.769,-34.046,-35.157,-33.49,-32.181,-30.821,-26.778,-33.037,-31.555,-32.18,-28.801,-24.566,-39.868,-42.059,-42.319,-42.788,-43.415,-31.445,-33.189,-32.523,-32.407,-33.339,-29.521,-31.614,-32.521,-32.491,-32.101,0,0
30,1,30,0,30.477,0.057,-0.375,-0.325,-0.487,-0.487,-0.45,-0.44,-0.416,-0.431,-0.458,-0.466,-0.494,-0.467,-0.512,-0.494,-0.485,-0.517,-0.541,-0.515,-0.521,-0.516,-0.516,-0.508,-0.792,-0.8,-0.767,-0.887,-0.987,-0.9,-0.884,-0.838,-0.811,-0.757,-44.197,-42.481,-40.72,-38.522,-33.936,-34.956,-33.319,-32.005,-30.665,-26.693,-32.804,-31.364,-31.998,-28.639,-24.502,-39.677,-41.809,-41.986,-42.456,-43.064,-31.309,-33.007,-32.249,-32.136,-33.076,-29.383,-31.439,-32.252,-32.209,-31.819,0,0
31,1,31,0,31.096,0.086,-0.331,-0.334,-0.475,-0.478,-0.443,-0.435,-0.41,-0.501,-0.452,-0.461,-0.487,-0.46,-0.484,-0.474,-0.465,-0.496,-0.518,-0.616,-0.494,-0.494,-0.496,-0.488,-0.76,-0.769,-0.74,-0.866,-0.956,-0.976,-0.863,-0.806,-0.773,-0.736,-44.57,-42.833,-41.049,-38.784,-34.105,-35.142,-33.458,-32.137,-30.804,-26.8,-32.969,-31.477,-32.134,-28.723,-24.571,-40.052,-42.097,-42.283,-42.744,-43.363,-31.665,-33.183,-32.469,-32.345,-33.268,-29.798,-31.601,-32.469,-32.383,-31.992,0,0
32,1,32,0,30.055,0.071,-0.348,-0.308,-0.464,-0.469,-0.437,-0.422,-0.399,-0.426,-0.445,-0.446,-0.48,-0.452,-0.482,-0.477,-0.475,-0.497,-0.516,-0.51,-0.497,-0.489,-0.496,-0.487,-0.752,-0.775,-0.763,-0.873,-0.958,-0.905,-0.866,-0.811,-0.792,-0.737,-44.198,-42.457,-40.752,-38.52,-33.953,-34.882,-33.22,-31.953,-30.627,-26.703,-32.712,-31.255,-31.957,-28.589,-24.512,-39.693,-41.852,-41.959,-42.444,-43.033,-31.289,-33.032,-32.215,-32.08,-33.005,-29.347,-31.436,-32.217,-32.097,-31.695,0,0
33,1,33,0,29.981,0.322,-0.335,-0.303,-0.473,-0.472,-0.444,-0.427,-0.404,-0.423,-0.451,-0.459,-0.489,-0.46,-0.485,-0.47,-0.467,-0.498,-0.516,-0.502,-0.503,-0.502,-0.509,-0.495,-0.764,-0.763,-0.769,-0.873,-0.956,-0.875,-0.87,-0.825,-0.803,-0.751,-44.465,-42.69,-40.923,-38.679,-33.966,-35.008,-33.352,-32.021,-30.729,-26.688,-32.831,-31.369,-32.027,-28.655,-24.464,-39.865,-42.033,-42.23,-42.657,-43.27,-31.418,-33.153,-32.397,-32.237,-33.179,-29.492,-31.55,-32.399,-32.255,-31.875,0,0
34,1,34,0,31.052,0.14,-0.365,-0.308,-0.472,-0.468,-0.437,-0.433,-0.41,-0.429,-0.453,-0.455,-0.482,-0.46,-0.475,-0.462,-0.458,-0.494,-0.516,-0.498,-0.496,-0.485,-0.486,-0.485,-0.747,-0.747,-0.724,-0.872,-0.967,-0.874,-0.866,-0.801,-0.764,-0.735,-44.588,-42.8,-41.009,-38.719,-34.004,-35.206,-33.508,-32.172,-30.821,-26.754,-33.073,-31.569,-32.181,-28.782,-24.557,-39.857,-42.105,-42.334,-42.8,-43.431,-31.429,-33.235,-32.481,-32.369,-33.321,-29.514,-31.678,-32.486,-32.43,-32.056,0,0
35,1,35,0,29.934,0.069,-0.346,-0.31,-0.457,-0.462,-0.428,-0.421,-0.398,-0.41,-0.442,-0.445,-0.473,-0.448,-0.468,-0.464,-0.459,-0.493,-0.518,-0.488,-0.503,-0.491,-0.482,-0.479,-0.747,-0.763,-0.736,-0.862,-0.966,-0.877,-0.868,-0.808,-0.778,-0.726,-44.506,-42.755,-41.004,-38.696,-34.005,-35.049,-33.398,-32.098,-30.726,-26.702,-32.918,-31.463,-32.095,-28.696,-24.504,-39.73,-41.919,-42.117,-42.575,-43.213,-31.293,-33.037,-32.288,-32.168,-33.13,-29.382,-31.471,-32.29,-32.215,-31.835,0,0
36,1,36,0,29.865,0.074,-0.35,-0.327,-0.46,-0.465,-0.433,-0.432,-0.403,-0.415,-0.444,-0.446,-0.477,-0.454,-0.463,-0.461,-0.453,-0.487,-0.506,-0.481,-0.483,-0.478,-0.479,-0.475,-0.737,-0.746,-0.718,-0.859,-0.954,-0.858,-0.851,-0.784,-0.75,-0.718,-44.584,-42.884,-41.098,-38.81,-34.039,-35.206,-33.55,-32.226,-30.868,-26.77,-33.084,-31.628,-32.223,-28.819,-24.56,-39.865,-42.112,-42.288,-42.776,-43.418,-31.436,-33.235,-32.497,-32.39,-33.339,-29.523,-31.669,-32.491,-32.442,-32.074,0,0
37,1,37,0,30.23,0.09,-0.353,-0.325,-0.458,-0.46,-0.43,-0.423,-0.399,-0.414,-0.442,-0.443,-0.474,-0.449,-0.462,-0.462,-0.454,-0.479,-0.503,-0.479,-0.484,-0.472,-0.478,-0.473,-0.734,-0.74,-0.719,-0.862,-0.956,-0.861,-0.855,-0.783,-0.75,-0.726,-44.535,-42.749,-41.002,-38.722,-34.156,-35.174,-33.485,-32.175,-30.812,-26.917,-32.986,-31.5,-32.175,-28.755,-24.742,-39.921,-42.051,-42.228,-42.699,-43.329,-31.507,-33.162,-32.361,-32.273,-33.207,-29.601,-31.573,-32.376,-32.291,-31.906,0,0
38,1,38,0,30.241,0.09,-0.375,-0.322,-0.45,-0.458,-0.428,-0.417,-0.396,-0.409,-0.437,-0.438,-0.468,-0.447,-0.455,-0.456,-0.446,-0.473,-0.5,-0.478,-0.479,-0.467,-0.472,-0.471,-0.724,-0.74,-0.715,-0.847,-0.946,-0.853,-0.852,-0.778,-0.743,-0.719,-44.631,-42.898,-41.104,-38.764,-34.05,-35.194,-33.537,-32.201,-30.83,-26.776,-33.067,-31.606,-32.201,-28.77,-24.559,-39.961,-42.078,-42.321,-42.784,-43.431,-31.539,-33.212,-32.482,-32.381,-33.336,-29.646,-31.626,-32.478,-32.431,-32.065,0,0
39,1,39,0,30.033,0.105,-0.363,-0.33,-0.45,-0.459,-0.425,-0.413,-0.396,-0.41,-0.436,-0.436,-0.468,-0.445,-0.454,-0.455,-0.443,-0.468,-0.501,-0.473,-0.478,-0.468,-0.475,-0.468,-0.729,-0.742,-0.713,-0.843,-0.944,-0.867,-0.844,-0.778,-0.754,-0.713,-44.359,-42.633,-40.877,-38.579,-33.904,-35.102,-33.46,-32.137,-30.749,-26.687,-32.924,-31.498,-32.132,-28.709,-24.481,-39.926,-42.105,-42.261,-42.73,-43.33,-31.502,-33.189,-32.402,-32.294,-33.229,-29.592,-31.611,-32.405,-32.348,-31.945,0,0
40,1,40,0,30.659,0.149,-0.346,-0.313,-0.454,-0.458,-0.422,-0.413,-0.396,-0.407,-0.434,-0.436,-0.471,-0.449,-0.466,-0.459,-0.454,-0.486,-0.518,-0.481,-0.49,-0.478,-0.486,-0.487,-0.742,-0.759,-0.724,-0.866,-0.973,-0.88,-0.857,-0.801,-0.784,-0.739,-44.313,-42.584,-40.781,-38.492,-34.117,-34.993,-33.339,-32.01,-30.636,-26.878,-32.836,-31.383,-32.009,-28.609,-24.749,-39.745,-41.907,-42.134,-42.578,-43.237,-31.336,-33.05,-32.311,-32.205,-33.158,-29.429,-31.48,-32.309,-32.28,-31.911,0,0
