Header Section,,,,,,,,,,,,,,
Product,VC1623,,,,,,,,,,,,,
Test Plan,Rev(-),,,,,,,,,,,,,
Release Date,2015/11/4,,,,,,,,,,,,,
Comment,,,,,,,,,,,,,,
,,,,,,,,,,,,,,
Data Section,,,,,,,,,,,,,,
Device#,1,2,3,4,5,6,7,8,9,10,11,12,13,14
Test Item,Site No,Device ID,Current1,Insertion1 RF1 to ANT,Insertion1 RF2 to ANT,Insertion1 RF3 to ANT,Iso1 RF1 to RF2,Iso1 RF1 to RF3,Iso1 RF2 to RF1,Iso1 RF2 to RF3,Iso1 RF3 to RF1,Iso1 RF3 to RF2,Test Time,Index Time
Low Tolerance,,,10,0.2,0.2,0.2,1.5,1.5,1.5,1.5,1.5,1.5,,
High Tolerance,,,10,0.2,0.2,0.2,1.5,1.5,1.5,1.5,1.5,1.5,,
Enable,,,1,1,1,1,1,1,1,1,1,1,0,0
1,1,1,41.197,-1.681,-1.862,-1.248,-17.056,-25.326,-16.156,-25.578,-22.055,-23.363,345,65433
2,1,2,39.559,-1.688,-1.922,-1.276,-16.678,-25.017,-15.651,-25.081,-21.402,-22.463,292,28363
3,1,3,40.278,-1.792,-1.880,-1.233,-17.198,-25.330,-16.328,-25.509,-21.919,-22.985,285,33067
4,1,4,41.476,-1.753,-1.904,-1.222,-16.911,-25.164,-15.983,-25.249,-21.554,-22.591,296,23228
5,1,5,41.805,-1.860,-1.868,-1.196,-17.111,-25.306,-16.222,-25.303,-21.897,-22.805,291,19836
6,1,6,41.321,-0.544,-0.550,-0.543,-19.182,-26.765,-18.271,-27.192,-23.982,-26.009,287,21940
7,1,7,43.379,-0.533,-0.550,-0.545,-19.298,-26.820,-18.318,-27.213,-23.948,-25.991,293,26678
8,1,8,37.872,-0.532,-0.541,-0.544,-19.217,-26.796,-18.307,-27.203,-24.014,-26.062,289,22160
9,1,9,42.335,-0.535,-0.539,-0.541,-19.161,-26.802,-18.260,-27.226,-23.966,-25.990,289,18756
10,1,10,37.326,-0.554,-0.555,-0.544,-18.954,-26.590,-18.091,-27.070,-23.924,-25.886,290,20438
11,1,11,44.054,-0.543,-0.547,-0.536,-19.008,-26.719,-18.154,-27.156,-24.002,-25.998,289,19953
12,1,12,40.180,-0.548,-0.559,-0.546,-18.975,-26.619,-18.108,-27.083,-23.944,-25.925,286,16402
13,1,13,42.563,-0.538,-0.546,-0.539,-19.065,-26.787,-18.147,-27.182,-23.966,-25.988,287,20997
14,1,14,40.073,-0.553,-0.562,-0.538,-18.896,-26.631,-18.039,-27.060,-23.923,-25.873,286,19519
15,1,15,43.071,-0.538,-0.543,-0.535,-19.077,-26.772,-18.175,-27.162,-23.974,-25.981,287,19262
16,1,16,38.964,-0.534,-0.550,-0.536,-19.100,-26.737,-18.221,-27.111,-23.967,-25.968,292,17604
17,1,17,37.979,-0.543,-0.557,-0.540,-19.050,-26.594,-18.138,-27.040,-23.857,-25.852,286,17952
18,1,18,41.449,-0.532,-0.540,-0.539,-19.168,-26.770,-18.287,-27.197,-24.000,-26.017,288,18198
19,1,19,38.754,-0.536,-0.552,-0.534,-19.177,-26.780,-18.276,-27.180,-24.018,-26.032,288,18444
20,1,20,37.215,-0.527,-0.546,-0.534,-19.286,-26.797,-18.330,-27.175,-23.963,-26.021,292,18670
21,1,21,36.674,-0.541,-0.552,-0.543,-19.145,-26.766,-18.253,-27.187,-24.030,-26.050,287,19951
22,1,22,44.158,-0.532,-0.546,-0.536,-19.178,-26.788,-18.256,-27.190,-23.950,-25.970,287,17093
23,1,23,39.058,-0.535,-0.553,-0.545,-19.184,-26.712,-18.251,-27.170,-23.889,-25.931,289,18376
24,1,24,40.884,-0.535,-0.545,-0.535,-19.208,-26.749,-18.305,-27.215,-24.022,-26.086,288,18312
25,1,25,44.637,-0.530,-0.545,-0.532,-19.138,-26.561,-18.211,-27.072,-23.846,-25.915,288,17457
26,1,26,41.573,-0.531,-0.539,-0.532,-19.223,-26.766,-18.244,-27.169,-23.887,-25.950,287,19710
27,1,27,43.170,-0.528,-0.542,-0.534,-19.148,-26.745,-18.227,-27.175,-23.935,-25.999,292,27690
28,1,28,42.975,-0.544,-0.559,-0.540,-19.128,-26.654,-18.189,-27.147,-23.909,-25.970,287,17809
29,1,29,40.567,-0.537,-0.549,-0.535,-19.135,-26.737,-18.215,-27.155,-23.945,-25.997,286,18593
30,1,30,44.610,-0.531,-0.546,-0.538,-19.240,-26.725,-18.308,-27.132,-23.971,-26.027,295,17252
31,1,31,39.741,-0.541,-0.556,-0.535,-19.072,-26.632,-18.187,-27.050,-23.962,-25.961,289,18967
32,1,32,38.499,-0.536,-0.550,-0.535,-19.146,-26.686,-18.205,-27.082,-23.976,-26.023,288,16786
33,1,33,39.639,-0.535,-0.545,-0.535,-19.142,-26.596,-18.228,-27.069,-23.886,-25.922,294,18372
34,1,34,41.058,-0.533,-0.547,-0.530,-19.173,-26.723,-18.253,-27.161,-23.995,-26.044,289,17643
35,1,35,44.824,-0.536,-0.546,-0.531,-19.047,-26.708,-18.149,-27.139,-23.976,-25.988,293,16238
36,1,36,42.617,-0.536,-0.546,-0.533,-19.117,-26.730,-18.212,-27.155,-23.989,-26.009,288,17659
37,1,37,39.918,-0.537,-0.549,-0.532,-19.061,-26.686,-18.141,-27.123,-23.948,-25.987,288,16900
38,1,38,36.097,-0.529,-0.542,-0.527,-19.109,-26.655,-18.210,-27.049,-23.950,-25.972,286,17087
39,1,39,43.280,-0.530,-0.545,-0.534,-19.147,-26.669,-18.205,-27.151,-23.884,-25.948,288,27045
40,1,40,39.638,-0.527,-0.537,-0.526,-19.162,-26.777,-18.211,-27.208,-23.910,-25.971,287,17832
