Header Section,,,,,,,,,,,,,,,,,,,
Product,VC1673,,,,,,,,,,,,,,,,,,
Test Plan,Rev(-),,,,,,,,,,,,,,,,,,
Release Date,10/28/2014,,,,,,,,,,,,,,,,,,
Comment,7300~7309 for VC1673A3E4.14;,,,,,,,,,,,,,,,,,,
,,,,,,,,,,,,,,,,,,,
Data Section,,,,,,,,,,,,,,,,,,,
Device#,1,2,3,4,5,6,7,8,9,10,11,12,13,14,15,16,17,18,19
Test Item,Site No,Device ID,Current,TRX1_3000_Insertion Loss,TRX2_3000_Insertion Loss,TRX3_3000_Insertion Loss,TRX4_3000_Insertion Loss,TRX5_3000_Insertion Loss,TRX6_3000_Insertion Loss,TRX7_3000_Insertion Loss,TRX8_3000_Insertion Loss,TRX1_3000_IsoLationRX5,TRX5_3000_IsoLationRX1,TRX3_3000_IsoLationRX7,TRX7_3000_IsoLationRX3,TRX8_3000_IsoLationRX4,TRX4_3000_IsoLationRX8,TRX6_3000_IsoLationRX2,TRX2_3000_IsoLationRX6
Low Tolerance,,,10,0.2,0.2,0.2,0.2,0.2,0.2,0.2,0.2,1.5,1.5,1.5,1.5,1.5,1.5,1.5,1.5
High Tolerance,,,10,0.2,0.2,0.2,0.2,0.2,0.2,0.2,0.2,1.5,1.5,1.5,1.5,1.5,1.5,1.5,1.5
Enable,,,0,1,1,1,1,1,1,1,1,1,1,1,1,1,1,1,1
1800,1,1800,56.346,2.147,2.01,1.957,2.097,2.041,2.207,2.038,2.18,22.14,21.461,19.661,21.306,21.241,20.958,20.076,19.289
1801,1,1801,48.172,2.173,2.02,1.97,2.119,2.1,2.234,2.056,2.2,22.207,21.438,19.702,21.293,21.248,21.086,20.052,19.348
1802,1,1802,43.767,2.17,2.032,1.968,2.109,2.059,2.227,2.036,2.201,22.115,21.366,19.853,21.39,21.24,21.153,20.132,19.379
1803,1,1803,43.787,2.145,2.01,1.942,2.091,2.042,2.189,2.017,2.207,22.104,21.373,19.805,21.301,21.171,21.159,20.082,19.345
1804,1,1804,53.387,2.137,2.012,1.961,2.107,2.05,2.174,2.043,2.183,22.385,21.692,19.669,21.324,21.24,21.067,20.014,19.322
1805,1,1805,62.011,2.14,2.013,1.945,2.108,2.043,2.199,2.032,2.174,22.17,21.477,19.606,21.327,21.261,20.876,19.969,19.281
1806,1,1806,67.296,2.133,1.995,1.928,2.082,2.068,2.201,2.016,2.173,22.316,21.645,19.63,21.374,21.206,20.984,20.097,19.374
1807,1,1807,55.283,2.153,2.007,1.97,2.089,2.061,2.213,2.015,2.181,22.03,21.318,19.696,21.321,21.229,21.016,20.206,19.392
1808,1,1808,42.822,2.131,1.999,1.945,2.087,2.046,2.199,2.026,2.183,22.104,21.364,19.825,21.376,21.258,21.107,20.183,19.425
1809,1,1809,60.386,2.136,2.014,1.957,2.102,2.053,2.228,2.051,2.177,22.133,21.5,19.616,21.31,21.242,20.994,20.069,19.306
