Header Section,,,,,,,,,,,,,,,,,,,,,,
Product,VC1616,,,,,,,,,,,,,,,,,,,,,
Test Plan,Rev(B),,,,,,,,,,,,,,,,,,,,,
Release Date,2016/5/3,,,,,,,,,,,,,,,,,,,,,
Comment,#1-20/A3E3.1;,,,,,,,,,,,,,,,,,,,,,
,,,,,,,,,,,,,,,,,,,,,,
Data Section,,,,,,,,,,,,,,,,,,,,,,
Device#,1,2,3,4,5,6,7,8,9,10,11,12,13,14,15,16,17,18,19,20,21,22
Test Item,Site No,Device ID,Site,ID,Current1,Leakage_V1,Leakage_V2,Leakage_V3,Insertion  ANT  to  RF1,Insertion  ANT  to  RF2,Insertion  ANT  to  RF3,Insertion  ANT  to  RF4,Insertion  ANT  to  RF5,Insertion  ANT  to  RF6,Iso1 RF1 to RF5,Iso1 RF5 to RF1,Iso1 RF3 to RF1,Iso1 RF1 to RF3,Iso1 RF2 to RF4,Iso1 RF4 to RF2,Iso1 RF6 to RF2,Iso1 RF2 to RF6
Low Tolerance,,,,,10,,,,0.2,0.2,0.2,0.2,0.2,0.2,1.5,1.5,1.5,1.5,1.5,1.5,1.5,1.5
High Tolerance,,,,,10,,,,0.2,0.2,0.2,0.2,0.2,0.2,1.5,1.5,1.5,1.5,1.5,1.5,1.5,1.5
Enable,,,,,1,,,,1,1,1,1,1,1,,,,,,,,
1,1,1,1,1,31.4252,0,0,0,1.802616667,1.59505,1.53955,1.602133333,1.378633333,1.610466667,15.219,17.9201,22.1409,20.5075,21.1076,25.5313,24.3684,16.9309
2,1,2,1,2,55.536,0,0,0,2.022816667,1.59605,1.59485,1.590033333,1.391233333,1.603066667,16.4449,18.1042,23.1913,23.525,21.3082,25.6295,24.5117,17.1352
3,1,3,1,3,32.3356,0,0,0,1.793716667,1.57875,1.55645,1.586533333,1.380033333,1.602766667,15.2142,17.9178,22.3187,20.5614,21.1587,25.5587,24.4334,16.9895
4,1,4,1,4,33.9607,0,0,0,1.801916667,1.57765,1.55565,1.587033333,1.378533333,1.603466667,15.2547,17.9545,22.349,20.5883,21.2364,25.6346,24.4892,17.0856
5,1,5,1,5,33.6618,0,0,0,1.804216667,1.58755,1.55695,1.588433333,1.377433333,1.603566667,15.2339,17.894,22.2476,20.5392,21.2933,25.6554,24.5056,17.0143
6,1,6,1,6,31.9253,0,0,0,1.801816667,1.57905,1.55245,1.577833333,1.368133333,1.595466667,15.2081,17.951,22.2974,20.5475,21.3271,25.7148,24.5403,17.0836
7,1,7,1,7,28.3002,0,0,0,1.803516667,1.58345,1.55135,1.585733333,1.369933333,1.606766667,15.1577,17.9555,22.2934,20.5481,21.1962,25.5302,24.4153,17.0657
8,1,8,1,8,26.9343,0,0,0,1.805916667,1.58625,1.54995,1.585733333,1.366333333,1.601766667,15.2236,17.9318,22.2987,20.5876,21.251,25.6322,24.4471,17.0445
9,1,9,1,9,24.6562,0,0,0,1.817916667,1.62775,1.58695,1.623533333,1.395933333,1.608966667,15.3804,18.1017,22.4357,20.7444,21.427,25.8989,24.6342,17.2928
10,1,10,1,10,29.6316,0,0,0,1.767216667,1.58365,1.53805,1.576433333,1.344333333,1.594166667,15.2898,17.9643,22.2237,20.5785,21.3262,25.7356,24.5728,17.1232
11,1,11,1,11,29.3693,0,0,0,1.789716667,1.58795,1.59855,1.591433333,1.364433333,1.606766667,15.2229,17.925,22.3489,20.6387,21.1011,25.5014,24.3248,16.9833
12,1,12,1,12,31.4221,0,0,0,1.749216667,1.56005,1.55125,1.583333333,1.400333333,1.600966667,15.1395,17.8539,22.2293,20.4582,21.3318,25.5495,24.4289,17.023
13,1,13,1,13,30.1045,0,0,0,1.753216667,1.55775,1.53875,1.584933333,1.400833333,1.599466667,15.2053,17.9046,22.13,20.4303,21.3878,25.6111,24.4195,17.068
14,1,14,1,14,50.1792,0,0,0,1.688416667,1.61035,1.53475,1.606633333,1.529533333,1.639966667,15.1564,18.0268,21.9869,19.9999,21.4271,25.5512,24.5939,17.1529
15,1,15,1,15,33.3061,0,0,0,1.706016667,1.62405,1.54755,1.620233333,1.536033333,1.640666667,15.1437,18.0508,21.9934,20.0358,21.4109,25.5593,24.5731,17.0805
16,1,16,1,16,27.3281,0,0,0,1.696816667,1.61445,1.53935,1.611633333,1.537833333,1.639566667,15.1164,18.0776,22.0465,20.05,21.3033,25.4644,24.5393,17.0702
17,1,17,1,17,32.7068,0,0,0,1.691416667,1.62205,1.53925,1.617533333,1.542133333,1.642766667,15.1484,18.0693,22.1262,20.1054,21.3973,25.4875,24.568,17.1457
18,1,18,1,18,38.2809,0,0,0,1.710616667,1.62405,1.54415,1.623933333,1.547133333,1.648166667,15.1579,18.0692,22.0596,20.0185,21.4079,25.5161,24.5607,17.1077
19,1,19,1,19,24.912,0,0,0,2.008516667,1.90145,1.89535,1.907033333,1.857833333,1.952166667,15.6658,18.4606,22.53,20.5192,22.0641,26.1212,25.0814,17.6444
20,1,20,1,20,40.7685,0,0,0,1.686416667,1.57795,1.56975,1.590833333,1.526833333,1.615666667,15.1687,18.1154,22.2135,20.2425,21.3915,25.3718,24.4497,17.0509
