Header Section,,,,,,,,,,,,,,,,
Product,VC1623,,,,,,,,,,,,,,,
Test Plan,Rev(D),,,,,,,,,,,,,,,
Release Date,2016/11/1,,,,,,,,,,,,,,,
Comment,1-30/A5_01;31-60/A5E3.1,,,,,,,,,,,,,,,
,,,,,,,,,,,,,,,,
Data Section,,,,,,,,,,,,,,,,
Device#,1,2,3,4,5,6,7,8,9,10,11,12,13,14,15,16
Test Item,Site No,Device ID,Current1,Leakage_V1,Leakage_V2,Insertion1 RF1 to ANT,Insertion1 RF2 to ANT,Insertion1 RF3 to ANT,Iso1 RF1 to RF2,Iso1 RF1 to RF3,Iso1 RF2 to RF1,Iso1 RF2 to RF3,Iso1 RF3 to RF1,Iso1 RF3 to RF2,Test Time,Index Time
Low Tolerance,,,10,,,0.1,0.1,0.1,3,3,3,3,3,3,,
High Tolerance,,,10,,,0.1,0.1,0.1,3,3,3,3,3,3,,
Enable,,,1,,,1,1,1,1,1,1,1,1,1,0,0
1,1,1,39.044,0.008,0.004,0.466,0.488,0.48,14.603,23.234,13.485,25.291,20.52,23.474,251.434,10.625
2,1,2,35.125,0.011,0.008,0.471,0.491,0.483,14.622,23.179,13.527,25.159,20.59,23.58,248.664,32.102
3,1,3,37.055,0.008,0.012,0.461,0.476,0.474,14.69,23.349,13.617,25.524,20.633,23.713,251.463,25.621
4,1,4,35.171,0.005,0.007,0.472,0.494,0.485,14.664,23.198,13.567,25.224,20.55,23.526,249.667,23.806
5,1,5,39.173,0.01,0.009,0.466,0.488,0.483,14.623,23.16,13.537,25.315,20.468,23.454,251.154,23.144
6,1,6,36.524,0.007,0.006,0.45,0.475,0.465,14.735,23.281,13.59,25.334,20.495,23.495,248.978,18.311
7,1,7,37.533,0.007,0.007,0.46,0.492,0.495,14.596,23.034,13.444,25.171,20.304,23.373,247.67,20.315
8,1,8,37.516,0.008,0.009,0.452,0.484,0.478,14.722,23.184,13.549,25.288,20.382,23.476,250.814,20.548
9,1,9,37.412,0.008,0.005,0.455,0.487,0.479,14.695,23.14,13.51,25.176,20.399,23.345,255.827,22.241
10,1,10,37.175,0.005,0.011,0.453,0.483,0.472,14.671,23.236,13.544,25.267,20.444,23.555,249.873,23.112
11,1,11,37.722,0.005,0.006,0.458,0.485,0.479,14.652,23.226,13.522,25.235,20.462,23.408,253.967,34.11
12,1,12,36.136,0.007,0.002,0.458,0.483,0.485,14.656,23.204,13.526,25.225,20.456,23.432,253.356,18.656
13,1,13,40.511,0.007,0.01,0.455,0.484,0.483,14.678,23.264,13.52,25.348,20.376,23.42,255.756,27.749
14,1,14,39.323,0.009,0.01,0.455,0.48,0.487,14.629,23.354,13.517,25.372,20.381,23.31,246.923,37.77
15,1,15,34.829,0.004,0.007,0.471,0.494,0.498,14.691,23.299,13.542,25.352,20.445,23.468,252.732,21.917
16,1,16,40.406,0.009,0.009,0.472,0.499,0.497,14.658,23.23,13.513,25.273,20.334,23.421,258.209,24.702
17,1,17,37.406,0.008,0.007,0.476,0.497,0.494,14.67,23.296,13.549,25.388,20.503,23.424,247.135,18.619
18,1,18,40.817,0.008,0.009,0.469,0.496,0.487,14.638,23.298,13.5,25.314,20.462,23.544,257.077,20.477
19,1,19,35.593,0.007,0.004,0.473,0.498,0.494,14.658,23.272,13.576,25.35,20.562,23.625,248.612,31.749
20,1,20,37.372,0.005,0.007,0.475,0.5,0.49,14.596,23.173,13.496,25.267,20.415,23.305,253.86,20.821
21,1,21,36.376,0.005,0.006,0.47,0.501,0.49,14.643,23.269,13.498,25.306,20.475,23.516,250.174,19.79
22,1,22,39.96,0.006,0.013,0.472,0.509,0.492,14.655,23.242,13.513,25.278,20.429,23.357,250.058,21.33
23,1,23,39.026,0.005,0.008,0.468,0.494,0.474,14.565,23.258,13.433,25.302,20.444,23.448,249.716,18.268
24,1,24,35.982,0.009,0.005,0.466,0.494,0.485,14.636,23.307,13.489,25.328,20.452,23.449,246.89,19.71
25,1,25,37.268,0.006,0.006,0.466,0.495,0.479,14.602,23.349,13.447,25.304,20.494,23.502,247.898,20.786
26,1,26,35.224,0.008,0.005,0.467,0.488,0.475,14.621,23.415,13.478,25.38,20.561,23.532,248.84,21.542
27,1,27,36.769,0.007,0.009,0.46,0.489,0.473,14.552,23.281,13.463,25.388,20.468,23.387,249.114,19.096
28,1,28,37.361,0.008,0.011,0.461,0.494,0.487,14.614,23.266,13.469,25.254,20.442,23.566,247.863,19.109
29,1,29,34.906,0.009,0.005,0.47,0.493,0.486,14.614,23.363,13.449,25.309,20.501,23.604,255.253,20.121
30,1,30,37.512,0.006,0.013,0.463,0.49,0.477,14.571,23.37,13.427,25.386,20.52,23.587,252.67,20.187
31,1,31,36.375,-0.002,0.001,0.482,0.486,0.474,14.704,22.961,13.693,25.172,20.738,23.66,250.816,10.027
32,1,32,36.818,0.017,0.001,0.483,0.489,0.475,14.65,22.826,13.676,24.989,20.769,23.733,249.154,40.668
33,1,33,37.356,-0.001,-0.001,0.481,0.495,0.475,14.642,22.836,13.616,25.029,20.694,23.654,248.444,23.6
34,1,34,38.614,0.002,-0.006,0.472,0.481,0.472,14.64,23.136,13.622,25.254,20.642,23.684,267.649,34.455
35,1,35,41.484,0.01,-0.001,0.474,0.478,0.469,14.657,22.996,13.619,25.202,20.724,23.721,248.618,20.588
36,1,36,36.724,0.002,0.015,0.469,0.494,0.48,14.861,22.893,13.776,25.062,20.685,23.739,247.44,22.3
37,1,37,37.748,0.006,-0.006,0.467,0.489,0.469,14.789,22.936,13.746,25.154,20.666,23.734,278.672,22.716
38,1,38,36.795,-0.007,0.04,0.472,0.493,0.473,14.784,22.936,13.725,25.158,20.684,23.711,248.273,21.002
39,1,39,37.159,-0.002,-0.009,0.458,0.476,0.458,14.746,22.914,13.704,25.132,20.628,23.625,262.239,21.793
40,1,40,37.044,0.002,-0.006,0.47,0.496,0.471,14.797,22.821,13.761,25.024,20.711,23.675,258.266,34.506
41,1,41,38.258,-0.004,0.03,0.461,0.482,0.461,14.803,22.932,13.754,25.154,20.674,23.776,264.581,23.794
42,1,42,40.612,0.008,-0.008,0.459,0.474,0.459,14.719,22.912,13.689,25.14,20.586,23.61,297.328,21.648
43,1,43,35.067,0.002,0.006,0.47,0.497,0.473,14.792,22.875,13.747,25.065,20.748,23.732,253.438,22.72
44,1,44,38.387,0.006,0.016,0.469,0.494,0.467,14.748,22.888,13.698,25.001,20.717,23.728,249.311,20.166
45,1,45,40.846,0.004,-0.006,0.464,0.481,0.466,14.806,22.938,13.746,25.115,20.74,23.749,249.31,22.41
46,1,46,38.464,0.012,-0.002,0.459,0.477,0.458,14.822,22.931,13.765,25.159,20.735,23.786,249.824,25.296
47,1,47,36.01,0.009,0.008,0.463,0.486,0.474,14.762,22.835,13.671,24.986,20.573,23.55,249.841,20.666
48,1,48,39.023,0.012,0.02,0.471,0.486,0.468,14.704,22.863,13.679,25.028,20.728,23.672,248.605,21.584
49,1,49,36.628,0.011,0.012,0.463,0.477,0.466,14.707,22.962,13.704,25.184,20.68,23.692,249.61,24.554
50,1,50,36.341,0.009,-0.002,0.47,0.484,0.463,14.642,22.731,13.639,24.798,20.663,23.567,250.801,18.631
51,1,51,39.083,0.004,-0.007,0.452,0.469,0.455,14.817,22.97,13.767,25.214,20.67,23.663,250.751,20.223
52,1,52,37.752,0.012,0.005,0.445,0.473,0.459,14.875,22.929,13.786,25.15,20.669,23.732,261.269,21.167
53,1,53,37.811,-0.003,-0.003,0.458,0.469,0.46,14.746,22.906,13.742,25.1,20.702,23.785,248.531,54.417
54,1,54,37.359,-0.008,0.005,0.462,0.487,0.465,14.76,22.828,13.719,24.995,20.704,23.664,265.635,23.539
55,1,55,36.301,0.003,-0.005,0.45,0.465,0.456,14.747,22.926,13.743,25.2,20.681,23.719,248.732,21.881
56,1,56,42.058,0.009,0.009,0.45,0.477,0.458,14.756,22.887,13.658,25.083,20.621,23.731,249.981,19.139
57,1,57,35.864,-0.009,0.005,0.455,0.467,0.45,14.759,22.952,13.719,25.115,20.71,23.675,249.706,21.62
58,1,58,36.914,0.002,-0.004,0.464,0.489,0.462,14.754,22.829,13.697,25.051,20.685,23.692,250.358,21.293
59,1,59,39.184,0.003,-0.002,0.452,0.477,0.456,14.777,22.915,13.734,25.079,20.67,23.721,264.001,21.058
60,1,60,41.868,0.011,-0.004,0.454,0.48,0.453,14.799,22.661,13.728,24.77,20.634,23.632,249.265,23.051
