Header Section,,,,,,,,,,,,,,,,,,,,,,,,,,,,,,,,,,,,,,,,,,,,,,,,,,,,,,,,,
Product,VC1638,,,,,,,,,,,,,,,,,,,,,,,,,,,,,,,,,,,,,,,,,,,,,,,,,,,,,,,,
Test Plan,Rev(A),,,,,,,,,,,,,,,,,,,,,,,,,,,,,,,,,,,,,,,,,,,,,,,,,,,,,,,,
Release Date,2017/12/11,,,,,,,,,,,,,,,,,,,,,,,,,,,,,,,,,,,,,,,,,,,,,,,,,,,,,,,,
Comment,#1-30/A1.1,,,,,,,,,,,,,,,,,,,,,,,,,,,,,,,,,,,,,,,,,,,,,,,,,,,,,,,,
,,,,,,,,,,,,,,,,,,,,,,,,,,,,,,,,,,,,,,,,,,,,,,,,,,,,,,,,,
Data Section,,,,,,,,,,,,,,,,,,,,,,,,,,,,,,,,,,,,,,,,,,,,,,,,,,,,,,,,,
Device#,1,2,3,4,5,6,7,8,9,10,11,12,13,14,15,16,17,18,19,20,21,22,23,24,25,26,27,28,29,30,31,32,33,34,35,36,37,38,39,40,41,42,43,44,45,46,47,48,49,50,51,52,53,54,55,56,57
Test Item,Site No,Device ID,Mipi_Function,Current1_uA,Leakage_VIO,Leakage_CLK,Leakage_DATA,Insertion Loss Rx1_960MHz,Insertion Loss Rx2_960MHz,Insertion Loss Rx3_960MHz,Insertion Loss Rx4_960MHz,Insertion Loss Rx5_960MHz,Insertion Loss Rx6_960MHz,Insertion Loss Rx7_960MHz,Insertion Loss Rx8_960MHz,Insertion Loss Rx1_2170MHz,Insertion Loss Rx2_2170MHz,Insertion Loss Rx3_2170MHz,Insertion Loss Rx4_2170MHz,Insertion Loss Rx5_2170MHz,Insertion Loss Rx6_2170MHz,Insertion Loss Rx7_2170MHz,Insertion Loss Rx8_2170MHz,Insertion Loss Rx1_2700MHz,Insertion Loss Rx2_2700MHz,Insertion Loss Rx3_2700MHz,Insertion Loss Rx4_2700MHz,Insertion Loss Rx5_2700MHz,Insertion Loss Rx6_2700MHz,Insertion Loss Rx7_2700MHz,Insertion Loss Rx8_2700MHz,Isolation1_RF5_960MHz,Isolation2_RF5_960MHz,Isolation3_RF5_960MHz,Isolation4_RF5_960MHz,Isolation1_RF5_2170MHz,Isolation2_RF5_2170MHz,Isolation3_RF5_2170MHz,Isolation4_RF5_2170MHz,Isolation1_RF5_2700MHz,Isolation2_RF5_2700MHz,Isolation3_RF5_2700MHz,Isolation4_RF5_2700MHz,Isolation5_RF1_960MHz,Isolation6_RF1_960MHz,Isolation7_RF1_960MHz,Isolation8_RF1_960MHz,Isolation5_RF1_2170MHz,Isolation6_RF1_2170MHz,Isolation7_RF1_2170MHz,Isolation8_RF1_2170MHz,Isolation5_RF1_2700MHz,Isolation6_RF1_2700MHz,Isolation7_RF1_2700MHz,Isolation8_RF1_2700MHz,TEST_TIME,INDEX_TIME
Low Tolerance,,,,10,,,,0.2,0.2,0.2,0.2,0.2,0.2,0.2,0.2,0.2,0.2,0.2,0.2,0.2,0.2,0.2,0.2,0.2,0.2,0.2,0.2,0.2,0.2,0.2,0.2,2,2,2,2,2,2,2,2,2,2,2,2,2,2,2,2,2,2,2,2,2,2,2,2,,
High Tolerance,,,,10,,,,0.2,0.2,0.2,0.2,0.2,0.2,0.2,0.2,0.2,0.2,0.2,0.2,0.2,0.2,0.2,0.2,0.2,0.2,0.2,0.2,0.2,0.2,0.2,0.2,2,2,2,2,2,2,2,2,2,2,2,2,2,2,2,2,2,2,2,2,2,2,2,2,,
Enable,,,,1,,,,1,1,1,1,1,1,1,1,1,1,1,1,1,1,1,1,1,1,1,1,1,1,1,1,0,0,0,0,0,0,0,0,0,0,0,0,0,0,0,0,0,0,0,0,0,0,0,0,,
1,1,1,0,32.671,0.152,-0.371,-0.381,-0.321,-0.34,-0.35,-0.364,-0.332,-0.356,-0.37,-0.386,-0.501,-0.462,-0.454,-0.463,-0.537,-0.488,-0.494,-0.482,-0.823,-0.653,-0.662,-0.696,-0.842,-0.639,-0.712,-0.628,-23.639,-28.422,-29.669,-30.498,-15.826,-21.248,-22.138,-24.049,-13.289,-19.102,-22.142,-20.913,-23.867,-28.818,-30.663,-33.083,-15.862,-21.376,-22.524,-25.365,-13.727,-19.635,-21.896,-25.363,0,0
2,1,2,0,26.597,0.14,-0.378,-0.395,-0.332,-0.351,-0.361,-0.375,-0.342,-0.366,-0.381,-0.398,-0.512,-0.486,-0.472,-0.474,-0.54,-0.508,-0.511,-0.499,-0.812,-0.649,-0.66,-0.708,-0.836,-0.628,-0.706,-0.632,-23.573,-28.391,-29.634,-30.476,-15.791,-21.259,-22.117,-24.018,-13.261,-19.107,-22.118,-20.867,-23.79,-28.777,-30.636,-33.041,-15.815,-21.396,-22.541,-25.354,-13.715,-19.654,-21.92,-25.355,0,0
3,1,3,0,26.462,0.137,-0.375,-0.39,-0.346,-0.366,-0.376,-0.389,-0.359,-0.381,-0.393,-0.408,-0.529,-0.489,-0.481,-0.49,-0.567,-0.512,-0.519,-0.509,-0.858,-0.677,-0.688,-0.717,-0.874,-0.668,-0.735,-0.653,-23.658,-28.423,-29.66,-30.501,-15.864,-21.28,-22.17,-24.079,-13.343,-19.129,-22.17,-20.919,-23.916,-28.809,-30.657,-33.076,-15.932,-21.382,-22.533,-25.366,-13.801,-19.632,-21.875,-25.37,0,0
4,1,4,0,26.228,0.127,-0.348,-0.388,-0.35,-0.368,-0.38,-0.391,-0.361,-0.384,-0.397,-0.413,-0.535,-0.503,-0.491,-0.492,-0.563,-0.524,-0.528,-0.515,-0.839,-0.678,-0.689,-0.727,-0.863,-0.665,-0.735,-0.655,-23.594,-28.408,-29.651,-30.488,-15.808,-21.273,-22.14,-24.035,-13.278,-19.124,-22.14,-20.89,-23.838,-28.803,-30.64,-33.054,-15.857,-21.405,-22.528,-25.353,-13.747,-19.659,-21.897,-25.353,0,0
5,1,5,0,26.114,0.119,-0.333,-0.383,-0.353,-0.372,-0.382,-0.393,-0.363,-0.388,-0.401,-0.418,-0.533,-0.501,-0.49,-0.496,-0.567,-0.526,-0.531,-0.519,-0.849,-0.688,-0.699,-0.733,-0.873,-0.672,-0.746,-0.667,-23.607,-28.413,-29.652,-30.5,-15.822,-21.281,-22.154,-24.056,-13.29,-19.128,-22.157,-20.913,-23.862,-28.815,-30.663,-33.042,-15.885,-21.415,-22.551,-25.357,-13.758,-19.661,-21.912,-25.358,0,0
6,1,6,0,25.813,0.126,-0.353,-0.393,-0.36,-0.38,-0.39,-0.402,-0.373,-0.396,-0.409,-0.425,-0.548,-0.508,-0.5,-0.506,-0.588,-0.537,-0.538,-0.529,-0.875,-0.698,-0.706,-0.736,-0.893,-0.685,-0.753,-0.67,-23.624,-28.384,-29.608,-30.458,-15.825,-21.235,-22.104,-24.013,-13.317,-19.104,-22.105,-20.865,-23.883,-28.776,-30.613,-33.019,-15.892,-21.368,-22.494,-25.316,-13.782,-19.629,-21.862,-25.315,0,0
7,1,7,0,25.961,0.114,-0.378,-0.39,-0.361,-0.38,-0.392,-0.402,-0.372,-0.397,-0.408,-0.425,-0.552,-0.52,-0.506,-0.506,-0.581,-0.541,-0.541,-0.528,-0.855,-0.697,-0.708,-0.744,-0.883,-0.679,-0.751,-0.673,-23.58,-28.397,-29.633,-30.477,-15.794,-21.266,-22.117,-24.015,-13.269,-19.109,-22.119,-20.853,-23.836,-28.793,-30.643,-33.084,-15.849,-21.385,-22.521,-25.364,-13.749,-19.634,-21.877,-25.366,0,0
8,1,8,0,26.826,0.141,-0.361,-0.39,-0.365,-0.385,-0.397,-0.407,-0.375,-0.4,-0.413,-0.428,-0.55,-0.524,-0.508,-0.509,-0.579,-0.544,-0.547,-0.531,-0.848,-0.691,-0.702,-0.737,-0.881,-0.676,-0.75,-0.665,-23.575,-28.41,-29.654,-30.493,-15.793,-21.298,-22.152,-24.065,-13.269,-19.144,-22.154,-20.906,-23.835,-28.803,-30.647,-33.035,-15.857,-21.411,-22.533,-25.35,-13.753,-19.664,-21.904,-25.345,0,0
9,1,9,0,26.258,0.14,-0.368,-0.388,-0.368,-0.388,-0.399,-0.412,-0.38,-0.404,-0.415,-0.433,-0.556,-0.526,-0.513,-0.515,-0.584,-0.548,-0.549,-0.535,-0.859,-0.702,-0.713,-0.753,-0.889,-0.684,-0.755,-0.675,-23.613,-28.425,-29.654,-30.504,-15.823,-21.278,-22.141,-24.04,-13.3,-19.141,-22.145,-20.89,-23.837,-28.807,-30.65,-33.088,-15.855,-21.405,-22.542,-25.389,-13.751,-19.66,-21.916,-25.39,0,0
10,1,10,0,25.881,0.079,-0.363,-0.386,-0.362,-0.377,-0.387,-0.404,-0.376,-0.396,-0.408,-0.43,-0.468,-0.44,-0.437,-0.443,-0.499,-0.46,-0.475,-0.479,-0.657,-0.511,-0.492,-0.555,-0.668,-0.51,-0.559,-0.52,-24.237,-29.393,-30.717,-31.643,-16.841,-22.883,-23.803,-25.802,-14.615,-21.354,-23.83,-23.501,-24.497,-29.79,-31.731,-34.134,-16.989,-23.088,-24.279,-27.08,-15.118,-21.901,-24.255,-27.088,0,0
11,1,11,0,26.529,0.139,-0.37,-0.395,-0.378,-0.398,-0.409,-0.421,-0.39,-0.414,-0.426,-0.447,-0.562,-0.53,-0.523,-0.526,-0.597,-0.558,-0.559,-0.555,-0.875,-0.709,-0.722,-0.759,-0.895,-0.694,-0.767,-0.69,-23.646,-28.458,-29.706,-30.545,-15.835,-21.286,-22.161,-24.064,-13.328,-19.166,-22.172,-20.932,-23.91,-28.876,-30.718,-33.109,-15.907,-21.445,-22.577,-25.376,-13.812,-19.72,-21.961,-25.378,0,0
12,1,12,0,25.978,0.118,-0.344,-0.388,-0.378,-0.399,-0.409,-0.421,-0.39,-0.414,-0.427,-0.447,-0.563,-0.536,-0.524,-0.526,-0.596,-0.559,-0.563,-0.554,-0.864,-0.702,-0.71,-0.753,-0.892,-0.685,-0.762,-0.687,-23.626,-28.441,-29.679,-30.516,-15.819,-21.271,-22.127,-24.018,-13.33,-19.162,-22.129,-20.892,-23.849,-28.834,-30.685,-33.078,-15.854,-21.41,-22.533,-25.336,-13.779,-19.699,-21.934,-25.331,0,0
13,1,13,0,25.169,0.075,-0.371,-0.398,-0.374,-0.396,-0.405,-0.419,-0.389,-0.413,-0.425,-0.444,-0.545,-0.525,-0.518,-0.52,-0.583,-0.547,-0.554,-0.547,-0.849,-0.695,-0.705,-0.745,-0.876,-0.682,-0.752,-0.678,-23.73,-28.573,-29.81,-30.674,-15.911,-21.363,-22.238,-24.122,-13.408,-19.265,-22.242,-21.062,-23.989,-28.979,-30.828,-33.219,-15.979,-21.507,-22.645,-25.455,-13.869,-19.794,-22.036,-25.455,0,0
14,1,14,0,26.767,0.144,-0.363,-0.376,-0.385,-0.404,-0.414,-0.425,-0.396,-0.422,-0.434,-0.449,-0.57,-0.538,-0.527,-0.532,-0.604,-0.563,-0.568,-0.558,-0.886,-0.719,-0.723,-0.753,-0.902,-0.711,-0.78,-0.697,-23.673,-28.473,-29.704,-30.558,-15.867,-21.291,-22.163,-24.078,-13.372,-19.185,-22.173,-20.973,-23.934,-28.864,-30.704,-33.082,-15.937,-21.416,-22.539,-25.329,-13.84,-19.715,-21.931,-25.327,0,0
15,1,15,0,26.47,0.129,-0.363,-0.388,-0.386,-0.406,-0.415,-0.428,-0.395,-0.422,-0.434,-0.452,-0.571,-0.546,-0.53,-0.534,-0.597,-0.566,-0.573,-0.559,-0.862,-0.704,-0.713,-0.754,-0.889,-0.689,-0.767,-0.685,-23.613,-28.441,-29.689,-30.549,-15.825,-21.294,-22.167,-24.08,-13.319,-19.183,-22.177,-20.956,-23.865,-28.843,-30.678,-33.079,-15.886,-21.44,-22.559,-25.375,-13.801,-19.723,-21.964,-25.378,0,0
16,1,16,0,26.343,0.123,-0.351,-0.398,-0.388,-0.408,-0.418,-0.43,-0.401,-0.423,-0.436,-0.454,-0.578,-0.544,-0.534,-0.538,-0.61,-0.568,-0.57,-0.559,-0.88,-0.722,-0.731,-0.767,-0.91,-0.708,-0.781,-0.703,-23.636,-28.441,-29.683,-30.524,-15.833,-21.264,-22.137,-24.041,-13.333,-19.154,-22.136,-20.915,-23.885,-28.846,-30.7,-33.121,-15.889,-21.413,-22.537,-25.374,-13.805,-19.691,-21.938,-25.375,0,0
17,1,17,0,26.385,0.126,-0.361,-0.381,-0.393,-0.414,-0.424,-0.436,-0.405,-0.429,-0.442,-0.46,-0.587,-0.552,-0.539,-0.543,-0.621,-0.577,-0.58,-0.567,-0.894,-0.732,-0.742,-0.774,-0.922,-0.717,-0.792,-0.708,-23.612,-28.406,-29.638,-30.475,-15.809,-21.23,-22.082,-23.982,-13.316,-19.126,-22.086,-20.865,-23.854,-28.799,-30.641,-33.026,-15.856,-21.367,-22.487,-25.282,-13.779,-19.661,-21.9,-25.285,0,0
18,1,18,0,26.398,0.107,-0.37,-0.398,-0.393,-0.412,-0.424,-0.435,-0.406,-0.43,-0.443,-0.46,-0.574,-0.55,-0.54,-0.539,-0.606,-0.571,-0.578,-0.565,-0.867,-0.71,-0.724,-0.756,-0.897,-0.698,-0.773,-0.692,-23.683,-28.521,-29.757,-30.605,-15.881,-21.356,-22.216,-24.124,-13.376,-19.243,-22.22,-21.006,-23.939,-28.913,-30.759,-33.14,-15.948,-21.487,-22.617,-25.413,-13.854,-19.769,-22.014,-25.417,0,0
19,1,19,0,26.449,0.137,-0.368,-0.388,-0.398,-0.417,-0.429,-0.44,-0.411,-0.433,-0.446,-0.463,-0.595,-0.559,-0.544,-0.55,-0.627,-0.584,-0.586,-0.573,-0.904,-0.747,-0.754,-0.784,-0.931,-0.725,-0.802,-0.716,-23.625,-28.429,-29.665,-30.508,-15.817,-21.254,-22.112,-24.023,-13.316,-19.153,-22.115,-20.916,-23.849,-28.819,-30.662,-33.065,-15.85,-21.389,-22.511,-25.336,-13.769,-19.693,-21.932,-25.335,0,0
20,1,20,0,25.775,0.134,-0.358,-0.395,-0.402,-0.423,-0.433,-0.444,-0.415,-0.439,-0.452,-0.468,-0.595,-0.563,-0.551,-0.553,-0.632,-0.585,-0.589,-0.576,-0.903,-0.745,-0.753,-0.78,-0.936,-0.731,-0.804,-0.722,-23.656,-28.46,-29.691,-30.541,-15.84,-21.277,-22.142,-24.044,-13.345,-19.172,-22.138,-20.936,-23.904,-28.853,-30.701,-33.117,-15.889,-21.4,-22.526,-25.357,-13.807,-19.694,-21.939,-25.356,0,0
21,1,21,0,25.703,0.13,-0.334,-0.371,-0.41,-0.427,-0.439,-0.45,-0.422,-0.445,-0.458,-0.477,-0.596,-0.562,-0.554,-0.56,-0.632,-0.592,-0.595,-0.589,-0.911,-0.74,-0.75,-0.781,-0.93,-0.726,-0.797,-0.726,-23.726,-28.508,-29.746,-30.591,-15.904,-21.292,-22.169,-24.091,-13.415,-19.2,-22.175,-20.982,-23.934,-28.899,-30.745,-33.139,-15.93,-21.457,-22.585,-25.384,-13.846,-19.757,-21.997,-25.384,0,0
22,1,22,0,26.521,0.131,-0.38,-0.4,-0.411,-0.432,-0.442,-0.453,-0.425,-0.448,-0.461,-0.477,-0.601,-0.57,-0.56,-0.563,-0.638,-0.596,-0.602,-0.588,-0.916,-0.753,-0.766,-0.794,-0.94,-0.738,-0.818,-0.732,-23.677,-28.49,-29.713,-30.572,-15.863,-21.311,-22.163,-24.078,-13.373,-19.212,-22.162,-20.974,-23.938,-28.897,-30.729,-33.121,-15.932,-21.459,-22.566,-25.392,-13.837,-19.748,-21.969,-25.389,0,0
23,1,23,0,27.822,0.125,-0.38,-0.4,-0.413,-0.434,-0.445,-0.455,-0.425,-0.45,-0.463,-0.48,-0.609,-0.58,-0.563,-0.566,-0.638,-0.601,-0.602,-0.589,-0.911,-0.752,-0.766,-0.798,-0.937,-0.739,-0.813,-0.734,-23.641,-28.483,-29.714,-30.561,-15.827,-21.305,-22.164,-24.079,-13.329,-19.188,-22.165,-20.931,-23.898,-28.882,-30.742,-33.138,-15.886,-21.438,-22.567,-25.386,-13.807,-19.728,-21.97,-25.39,0,0
24,1,24,0,26.597,0.145,-0.39,-0.39,-0.416,-0.437,-0.448,-0.458,-0.43,-0.454,-0.464,-0.482,-0.617,-0.579,-0.567,-0.57,-0.654,-0.606,-0.606,-0.594,-0.937,-0.769,-0.778,-0.807,-0.958,-0.756,-0.824,-0.74,-23.642,-28.426,-29.644,-30.489,-15.829,-21.24,-22.1,-24.009,-13.348,-19.149,-22.099,-20.887,-23.902,-28.814,-30.654,-33.084,-15.891,-21.375,-22.491,-25.34,-13.826,-19.685,-21.914,-25.338,0,0
25,1,25,0,26.58,0.126,-0.361,-0.39,-0.417,-0.439,-0.448,-0.457,-0.429,-0.454,-0.465,-0.481,-0.61,-0.576,-0.564,-0.566,-0.645,-0.602,-0.605,-0.593,-0.919,-0.756,-0.765,-0.795,-0.944,-0.743,-0.816,-0.729,-23.693,-28.469,-29.691,-30.541,-15.885,-21.289,-22.153,-24.075,-13.392,-19.182,-22.156,-20.938,-23.909,-28.846,-30.689,-33.078,-15.913,-21.425,-22.539,-25.354,-13.835,-19.718,-21.946,-25.359,0,0
26,1,26,0,26.321,0.089,-0.36,-0.378,-0.419,-0.441,-0.451,-0.463,-0.431,-0.455,-0.471,-0.489,-0.596,-0.581,-0.569,-0.568,-0.621,-0.601,-0.609,-0.597,-0.874,-0.729,-0.738,-0.784,-0.906,-0.711,-0.79,-0.712,-23.741,-28.601,-29.849,-30.714,-15.94,-21.416,-22.29,-24.196,-13.448,-19.307,-22.288,-21.081,-23.967,-28.994,-30.84,-33.24,-15.977,-21.561,-22.69,-25.48,-13.899,-19.85,-22.08,-25.475,0,0
27,1,27,0,26.652,0.154,-0.336,-0.395,-0.424,-0.445,-0.454,-0.465,-0.437,-0.461,-0.472,-0.488,-0.621,-0.586,-0.576,-0.577,-0.657,-0.611,-0.612,-0.6,-0.932,-0.771,-0.78,-0.81,-0.958,-0.753,-0.824,-0.742,-23.653,-28.445,-29.67,-30.512,-15.851,-21.281,-22.129,-24.052,-13.367,-19.188,-22.137,-20.938,-23.908,-28.836,-30.662,-33.083,-15.912,-21.415,-22.527,-25.353,-13.839,-19.718,-21.955,-25.354,0,0
28,1,28,0,26.792,0.146,-0.366,-0.395,-0.424,-0.446,-0.454,-0.466,-0.437,-0.463,-0.473,-0.49,-0.621,-0.589,-0.577,-0.579,-0.655,-0.617,-0.616,-0.603,-0.929,-0.768,-0.776,-0.808,-0.956,-0.751,-0.826,-0.743,-23.651,-28.451,-29.681,-30.523,-15.837,-21.257,-22.122,-24.03,-13.35,-19.169,-22.127,-20.906,-23.887,-28.851,-30.686,-33.091,-15.876,-21.405,-22.513,-25.326,-13.808,-19.717,-21.943,-25.332,0,0
29,1,29,0,25.542,0.127,-0.375,-0.393,-0.423,-0.446,-0.455,-0.468,-0.436,-0.461,-0.473,-0.491,-0.613,-0.589,-0.578,-0.577,-0.648,-0.611,-0.615,-0.601,-0.913,-0.762,-0.771,-0.805,-0.944,-0.745,-0.817,-0.734,-23.689,-28.511,-29.736,-30.59,-15.873,-21.304,-22.159,-24.071,-13.397,-19.215,-22.163,-20.97,-23.92,-28.906,-30.736,-33.156,-15.912,-21.436,-22.558,-25.387,-13.846,-19.746,-21.977,-25.386,0,0
30,1,30,0,25.894,0.144,-0.395,-0.393,-0.429,-0.451,-0.46,-0.471,-0.441,-0.466,-0.477,-0.494,-0.622,-0.591,-0.578,-0.585,-0.663,-0.617,-0.618,-0.607,-0.945,-0.775,-0.782,-0.812,-0.963,-0.763,-0.833,-0.752,-23.717,-28.501,-29.724,-30.562,-15.893,-21.303,-22.145,-24.059,-13.419,-19.214,-22.148,-20.952,-23.97,-28.909,-30.721,-33.132,-15.954,-21.442,-22.537,-25.352,-13.874,-19.759,-21.958,-25.351,0,0
