Header Section,,,,,,,,,,,,,,,,,
Product,VC1616,,,,,,,,,,,,,,,,
Test Plan,Rev(-),,,,,,,,,,,,,,,,
Release Date,2/4/2016,,,,,,,,,,,,,,,,
Comment,1600~1619 for VC1616-11A3E1.1;#1620~1639 for VC1616A3E3.1,,,,,,,,,,,,,,,,
,,,,,,,,,,,,,,,,,
Data Section,,,,,,,,,,,,,,,,,
Device#,1,2,3,4,5,6,7,8,9,10,11,12,13,14,15,16,17
Test Item,Site No,Device ID,Current,TRX1_3000_Insertion Loss,TRX2_3000_Insertion Loss,TRX3_3000_Insertion Loss,TRX4_3000_Insertion Loss,TRX5_3000_Insertion Loss,TRX6_3000_Insertion Loss,TRX1_3000_IsoLationRX3,TRX3_3000_IsoLationRX1,TRX3_3000_IsoLationRX5,TRX5_3000_IsoLationRX3,TRX2_3000_IsoLationRX4,TRX4_3000_IsoLationRX2,TRX6_3000_IsoLationRX4,TRX4_3000_IsoLationRX6
Low Tolerance,,,10,0.2,0.2,0.2,0.2,0.2,0.2,1.5,1.5,1.5,1.5,1.5,1.5,1.5,1.5
High Tolerance,,,10,0.2,0.2,0.2,0.2,0.2,0.2,1.5,1.5,1.5,1.5,1.5,1.5,1.5,1.5
Enable,,,0,1,1,1,1,1,1,1,1,1,1,1,1,1,1
1800,1,1800,56.346,2.147,2.01,1.957,2.097,2.041,2.207,22.14,21.461,19.661,21.306,21.241,20.958,20.076,19.289
1801,1,1801,48.172,2.173,2.02,1.97,2.119,2.1,2.234,22.207,21.438,19.702,21.293,21.248,21.086,20.052,19.348
1802,1,1802,43.767,2.17,2.032,1.968,2.109,2.059,2.227,22.115,21.366,19.853,21.39,21.24,21.153,20.132,19.379
1803,1,1803,43.787,2.145,2.01,1.942,2.091,2.042,2.189,22.104,21.373,19.805,21.301,21.171,21.159,20.082,19.345
1804,1,1804,53.387,2.137,2.012,1.961,2.107,2.05,2.174,22.385,21.692,19.669,21.324,21.24,21.067,20.014,19.322
1805,1,1805,62.011,2.14,2.013,1.945,2.108,2.043,2.199,22.17,21.477,19.606,21.327,21.261,20.876,19.969,19.281
1806,1,1806,67.296,2.133,1.995,1.928,2.082,2.068,2.201,22.316,21.645,19.63,21.374,21.206,20.984,20.097,19.374
1807,1,1807,55.283,2.153,2.007,1.97,2.089,2.061,2.213,22.03,21.318,19.696,21.321,21.229,21.016,20.206,19.392
1808,1,1808,42.822,2.131,1.999,1.945,2.087,2.046,2.199,22.104,21.364,19.825,21.376,21.258,21.107,20.183,19.425
1809,1,1809,60.386,2.136,2.014,1.957,2.102,2.053,2.228,22.133,21.5,19.616,21.31,21.242,20.994,20.069,19.306
1600,1,1600,31.9802,0.5332,0.4472,0.439,0.4934,0.319,0.4994,17.348,17.6198,16.0996,15.3632,15.3214,16.8836,14.4986,15.9794
1601,1,1601,24.7,0.5366,0.4446,0.4444,0.5026,0.3224,0.4972,17.3476,17.6126,16.1008,15.3536,15.3434,16.8846,14.5284,16.01
1602,1,1602,24.0332,0.5582,0.4614,0.462,0.5206,0.3328,0.5112,17.2712,17.508,16.0642,15.3122,15.2796,16.8226,14.497,15.9704
1603,1,1603,27.5916,0.5774,0.4708,0.471,0.5346,0.3306,0.5374,17.4466,17.718,16.226,15.536,15.44,16.9684,14.6322,16.0836
1604,1,1604,24.713,0.5696,0.4562,0.466,0.5182,0.3284,0.5282,17.4062,17.7064,16.201,15.4916,15.3792,16.9122,14.6216,16.0994
1605,1,1605,24.3318,0.5858,0.469,0.493,0.5388,0.3374,0.543,17.3024,17.5632,16.1182,15.4032,15.3842,16.9066,14.5156,16.0162
1606,1,1606,24.4806,0.6032,0.4802,0.5048,0.5574,0.3702,0.5608,17.4038,17.6436,16.1644,15.4138,15.3278,16.863,14.549,16.0298
1607,1,1607,33.8966,0.5862,0.4944,0.486,0.5548,0.3604,0.5604,17.3918,17.6408,16.166,15.4508,15.3472,16.9144,14.57,16.0554
1608,1,1608,32.6162,0.5972,0.4948,0.497,0.5568,0.3808,0.5558,17.3524,17.6026,16.1488,15.4088,15.2464,16.821,14.5082,16.0168
1609,1,1609,22.909,0.585,0.4912,0.4688,0.527,0.358,0.5486,17.2926,17.5184,16.0942,15.3516,15.248,16.7794,14.4276,15.9124
1610,1,1610,27.5774,0.5686,0.4648,0.4464,0.507,0.3296,0.531,17.3618,17.5998,16.138,15.4164,15.2578,16.8,14.4564,15.9468
1611,1,1611,24.027,0.5702,0.4596,0.4434,0.5082,0.3278,0.5292,17.4084,17.649,16.1318,15.4248,15.2716,16.798,14.5132,15.9792
1612,1,1612,22.4296,0.5726,0.4702,0.452,0.51,0.3194,0.529,17.3584,17.5946,16.0878,15.3564,15.2162,16.7494,14.4812,15.956
1613,1,1613,20.351,0.5712,0.4464,0.4614,0.5048,0.3254,0.5292,17.3232,17.503,16.0824,15.346,15.199,16.691,14.4736,15.9546
1614,1,1614,25.5774,0.6124,0.4896,0.4982,0.5544,0.3648,0.5682,17.3388,17.559,16.132,15.3998,15.224,16.7698,14.4202,15.916
1615,1,1615,23.5314,0.6094,0.4858,0.4978,0.5458,0.3692,0.564,17.3872,17.6248,16.1534,15.4024,15.232,16.7574,14.4606,15.9588
1616,1,1616,21.871,0.611,0.4928,0.5036,0.5612,0.3764,0.5678,17.36,17.5554,16.1392,15.3848,15.2558,16.7634,14.483,15.9722
1617,1,1617,23.5326,0.623,0.5144,0.5128,0.5622,0.3852,0.5772,17.367,17.5928,16.103,15.3598,15.2096,16.76,14.475,15.9584
1618,1,1618,25.706,0.5932,0.4948,0.4786,0.5312,0.3666,0.5478,17.323,17.5756,16.0982,15.3496,15.1598,16.7198,14.4024,15.9004
1619,1,1619,21.3144,0.5886,0.4952,0.4746,0.5344,0.3716,0.5554,17.4032,17.6414,16.143,15.3928,15.2206,16.7596,14.5362,16.0048
1620,1,1620,41.4976,1.53564,1.58372,1.5194,1.6296,1.50104,1.6824,16.3692,16.8166,14.8394,14.3628,15.349,15.1478,14.0628,14.0832
1621,1,1621,40.3512,1.52344,1.58112,1.5054,1.6278,1.49424,1.6844,16.4082,16.8652,14.8828,14.421,15.3968,15.1564,14.0912,14.1264
1622,1,1622,42.1618,1.55124,1.61232,1.5436,1.6524,1.52504,1.7026,16.404,16.8346,14.8224,14.3274,15.293,15.0662,14.1088,14.1504
1623,1,1623,49.0456,1.53164,1.60312,1.5202,1.6502,1.50744,1.6962,16.3564,16.8152,14.8212,14.3546,15.3046,15.0718,14.0772,14.1132
1624,1,1624,37.4014,1.50844,1.57912,1.4984,1.6316,1.49224,1.688,16.4328,16.8642,14.8598,14.355,15.409,15.141,14.0314,14.0752
1625,1,1625,49.5438,1.51324,1.59432,1.507,1.632,1.50224,1.6836,16.3618,16.8218,14.8344,14.3536,15.311,15.0694,14.112,14.154
1626,1,1626,39.812,1.52244,1.59032,1.5192,1.6306,1.51204,1.6834,16.4052,16.8534,14.8106,14.334,15.3768,15.1404,14.1202,14.1412
1627,1,1627,43.5098,1.55504,1.62872,1.5414,1.6676,1.53084,1.7162,16.4308,16.9088,14.8566,14.3734,15.3062,15.0766,14.1004,14.1476
1628,1,1628,38.798,1.54664,1.61052,1.5478,1.6598,1.53144,1.7102,16.3956,16.851,14.8658,14.4078,15.4334,15.2056,14.1012,14.1304
1629,1,1629,49.5,1.55504,1.61292,1.557,1.6626,1.53544,1.7186,16.4516,16.9074,14.9052,14.4654,15.4624,15.2166,14.1,14.1256
1630,1,1630,43.1724,1.55404,1.62552,1.5664,1.6668,1.53964,1.7222,16.3796,16.8514,14.8842,14.4444,15.3204,15.1238,14.1394,14.1504
1631,1,1631,46.8518,1.54784,1.62392,1.5652,1.6562,1.54044,1.7186,16.4396,16.8852,14.873,14.4036,15.3466,15.1302,14.1274,14.1494
1632,1,1632,47.8992,1.55504,1.62332,1.5782,1.655,1.54344,1.7104,16.3736,16.8224,14.876,14.4436,15.3312,15.1098,14.172,14.195
1633,1,1633,43.9032,1.55544,1.62412,1.5898,1.6564,1.54664,1.7204,16.4458,16.8766,14.9138,14.4648,15.4406,15.1814,14.147,14.1748
1634,1,1634,47.1728,1.56364,1.64192,1.6054,1.68,1.55564,1.735,16.4634,16.9128,14.896,14.4636,15.366,15.109,14.1144,14.1616
1635,1,1635,51.3342,1.54524,1.60372,1.5718,1.6432,1.51944,1.7072,16.5214,16.9286,14.9732,14.5176,15.4254,15.1686,14.1002,14.1396
1636,1,1636,46.7642,1.53444,1.60532,1.5874,1.6386,1.52604,1.6962,16.378,16.8092,14.8892,14.4564,15.3198,15.0908,14.1138,14.1612
1637,1,1637,53.6642,1.53964,1.60372,1.5892,1.6414,1.51884,1.6954,16.4638,16.8712,14.8746,14.4226,15.2714,15.0374,14.0856,14.1128
1638,1,1638,42.5712,1.52284,1.69872,1.594,1.6384,1.51844,1.692,16.4066,16.8334,14.8864,14.44,15.2626,15.0436,14.1298,14.187
1639,1,1639,49.6446,1.52144,1.59472,1.5896,1.628,1.50944,1.6878,16.4374,16.8562,14.9132,14.5,15.338,15.1152,14.1052,14.1412
