Header Section,,,,,,,,,,,,,,,,,,,,,,,,
Product,VC1618,,,,,,,,,,,,,,,,,,,,,,,
Test Plan,Rev(B),,,,,,,,,,,,,,,,,,,,,,,
Release Date,2016/6/29,,,,,,,,,,,,,,,,,,,,,,,
Comment,#1-25/TRY;#26-55/A3E9.1;#56-85/A3E10.1,,,,,,,,,,,,,,,,,,,,,,,
,,,,,,,,,,,,,,,,,,,,,,,,
Data Section,,,,,,,,,,,,,,,,,,,,,,,,
Device#,1,2,3,4,5,6,7,8,9,10,11,12,13,14,15,16,17,18,19,20,21,22,23,24
Test Item,Site No,Hbin,Sbin,Device ID,Current1,Leakage_V1,Leakage_V2,Leakage_V3,Insertion  ANT  to  RF1,Insertion  ANT  to  RF2,Insertion  ANT  to  RF3,Insertion  ANT  to  RF4,Insertion  ANT  to  RF5,Insertion  ANT  to  RF6,Insertion  ANT  to  RF7,Insertion  ANT  to  RF8,Iso1 RF1 to RF5,Iso1 RF5 to RF1,Iso1 RF3 to RF7,Iso1 RF7 to RF3,Iso1 RF8 to RF4,Iso1 RF4 to RF8,Iso1 RF6 to RF2,Iso1 RF2 to RF6
Low Tolerance,,,,,10,,,,0.2,0.2,0.2,0.2,0.2,0.2,0.2,0.2,1.5,1.5,1.5,1.5,1.5,1.5,1.5,1.5
High Tolerance,,,,,10,,,,0.2,0.2,0.2,0.2,0.2,0.2,0.2,0.2,1.5,1.5,1.5,1.5,1.5,1.5,1.5,1.5
Enable,,,,,1,,,,1,1,1,1,1,1,1,1,1,1,1,1,1,1,1,1
1,1,1,1,1,56.28,0,0,0,0.78,0.72,0.76,0.77,0.73,0.76,0.71,0.74,23.03,25.49,20.16,25.64,25.98,20.23,24.04,23.43
2,1,1,1,2,42.98,0,0,0,0.78,0.75,0.79,0.78,0.77,0.78,0.77,0.8,22.89,25.48,20.03,25.59,25.97,20.33,24.37,23.24
3,1,1,1,3,42.55,0,0,0,0.8,0.77,0.81,0.8,0.78,0.8,0.79,0.78,22.88,25.49,19.99,25.62,26.04,20.34,24.63,23.39
4,1,1,1,4,42.75,0,0,0,0.79,0.76,0.79,0.81,0.77,0.78,0.78,0.79,22.8,25.46,20.01,25.58,25.96,20.32,24.39,23.24
5,1,1,1,5,46.29,0,0,0,0.79,0.78,0.79,0.78,0.79,0.79,0.78,0.81,22.85,25.5,19.94,25.57,26.08,20.39,24.58,23.22
6,1,1,1,6,40.9,0,0,0,0.79,0.78,0.79,0.8,0.82,0.8,0.82,0.81,22.82,25.51,19.94,25.56,26.06,20.4,24.61,23.14
7,1,1,1,7,42.41,0,0,0,0.81,0.77,0.8,0.8,0.79,0.78,0.78,0.8,22.89,25.5,20.03,25.6,26.06,20.33,24.67,23.12
8,1,1,1,8,61.45,0,0,0,0.75,0.76,0.77,0.77,0.75,0.76,0.72,0.73,22.86,25.41,19.93,25.52,26.04,20.39,24.37,23.16
9,1,1,1,9,41.71,0,0,0,0.79,0.78,0.79,0.8,0.78,0.79,0.77,0.79,22.87,25.45,19.98,25.57,26.07,20.38,24.74,23.15
10,1,1,1,10,41.95,0,0,0,0.79,0.79,0.79,0.79,0.8,0.79,0.8,0.79,22.86,25.51,19.95,25.58,26.09,20.35,24.91,23.17
11,1,1,1,11,40.91,0,0,0,0.81,0.78,0.81,0.79,0.79,0.81,0.78,0.79,22.87,25.51,20.07,25.57,26.06,20.28,24.7,23.06
12,1,1,1,12,42.51,0,0,0,0.79,0.8,0.8,0.8,0.8,0.79,0.79,0.81,22.83,25.5,19.98,25.57,26.06,20.36,24.69,23.11
13,1,1,1,13,42.09,0,0,0,0.8,0.8,0.81,0.79,0.79,0.81,0.8,0.82,22.84,25.55,19.96,25.56,26.05,20.31,24.47,23
14,1,1,1,14,44.14,0,0,0,0.81,0.81,0.82,0.81,0.81,0.81,0.81,0.8,22.95,25.57,20.14,25.65,26.01,20.15,24.88,22.84
15,1,1,1,15,41.5,0,0,0,0.82,0.83,0.81,0.82,0.83,0.82,0.83,0.81,22.89,25.56,19.9,25.59,26.01,20.21,24.58,22.71
16,1,1,1,16,40.13,0,0,0,0.83,0.83,0.82,0.83,0.84,0.83,0.83,0.83,22.96,25.67,20.08,25.7,25.94,20.06,24.48,22.72
17,1,1,1,17,44.13,0,0,0,0.81,0.82,0.83,0.82,0.84,0.81,0.82,0.82,22.93,25.51,20.02,25.64,26.02,20.12,24.67,22.74
18,1,1,1,18,72.11,0,0,0,0.78,0.79,0.77,0.79,0.77,0.76,0.78,0.75,23.04,25.53,20.06,25.64,25.93,20.08,23.98,22.79
19,1,1,1,19,44.95,0,0,0,0.81,0.83,0.81,0.81,0.83,0.82,0.83,0.8,22.98,25.63,20.12,25.71,25.9,20.04,24.29,22.64
20,1,1,1,20,46.56,0,0,0,0.82,0.84,0.82,0.83,0.85,0.82,0.84,0.85,22.88,25.63,20.04,25.65,25.96,20.12,24.62,22.6
21,1,1,1,21,46.66,0,0,0,0.8,0.83,0.8,0.79,0.81,0.81,0.83,0.78,22.93,25.69,20.08,25.72,25.9,20.1,24.27,22.63
22,1,1,1,22,61.06,0,0,0,0.82,0.83,0.79,0.8,0.81,0.8,0.82,0.8,22.98,25.72,20.1,25.74,25.89,19.95,24.52,22.53
23,1,1,1,23,44.39,0,0,0,0.81,0.85,0.81,0.81,0.83,0.83,0.84,0.82,22.99,25.73,20.09,25.73,25.93,20.01,24.9,22.52
24,1,1,1,24,43.11,0,0,0,0.82,0.86,0.81,0.82,0.82,0.82,0.84,0.84,22.94,25.75,20.08,25.74,25.92,20.05,24.75,22.52
25,1,1,1,25,41.8,0,0,0,0.83,0.86,0.82,0.82,0.84,0.85,0.84,0.86,23,25.66,20.07,25.69,25.97,20.15,25.02,22.53
26,1,1,1,26,26.02,0,0,0,0.84,0.89,0.85,0.86,0.86,0.86,0.85,0.89,23.59,24.96,20.58,25.79,26.42,21.02,24.31,24.18
27,1,1,1,27,42.41,0,0,0,0.93,0.99,0.97,0.98,1,1,1.14,1.3,23.44,24.96,20.48,25.78,26.45,20.95,24.31,24.06
28,1,1,1,28,25.35,0,0,0,0.85,0.88,0.85,0.85,0.88,0.87,0.84,0.87,23.55,24.94,20.53,25.78,26.41,20.98,24.27,24.13
29,1,1,1,29,23.92,0,0,0,0.84,0.87,0.84,0.84,0.88,0.86,0.84,0.87,23.54,24.94,20.53,25.78,26.45,20.98,24.26,24.14
30,1,1,1,30,25.56,0,0,0,0.84,0.85,0.82,0.81,0.87,0.84,0.81,0.84,23.52,24.92,20.51,25.76,26.44,21,24.23,24.16
31,1,1,1,31,29.01,0,0,0,0.82,0.86,0.84,0.82,0.85,0.83,0.8,0.85,23.6,24.98,20.55,25.77,26.39,21.01,24.33,24.17
32,1,1,1,32,26.49,0,0,0,0.79,0.84,0.8,0.79,0.83,0.81,0.77,0.78,23.58,24.93,20.58,25.75,26.41,20.98,24.25,24.17
33,1,1,1,33,27.27,0,0,0,0.81,0.84,0.81,0.8,0.84,0.83,0.79,0.81,23.5,24.91,20.55,25.73,26.4,20.99,24.23,24.14
34,1,1,1,34,24.75,0,0,0,0.8,0.85,0.81,0.81,0.84,0.81,0.79,0.84,23.61,24.96,20.58,25.79,26.44,21.05,24.3,24.22
35,1,1,1,35,23.82,0,0,0,0.86,0.93,0.89,0.91,0.92,0.92,0.96,1.01,23.58,25.03,20.58,25.85,26.47,20.99,24.39,24.18
36,1,1,1,36,25.44,0,0,0,0.81,0.87,0.84,0.84,0.85,0.84,0.82,0.85,23.56,24.96,20.55,25.77,26.4,21.02,24.28,24.16
37,1,1,1,37,24.55,0,0,0,0.83,0.85,0.84,0.82,0.84,0.84,0.78,0.82,23.53,24.92,20.52,25.74,26.4,21.03,24.26,24.17
38,1,1,1,38,25.01,0,0,0,0.82,0.87,0.84,0.83,0.86,0.83,0.82,0.86,23.61,24.97,20.55,25.78,26.45,21.02,24.3,24.21
39,1,1,1,39,27.13,0,0,0,0.86,0.89,0.87,0.85,0.89,0.86,0.84,0.89,23.53,24.93,20.51,25.74,26.43,21.01,24.28,24.18
40,1,1,1,40,24.5,0,0,0,0.82,0.86,0.84,0.82,0.85,0.83,0.82,0.87,23.55,24.92,20.53,25.76,26.44,21.08,24.26,24.19
41,1,1,1,41,25.22,0,0,0,0.84,0.89,0.86,0.86,0.89,0.87,0.85,0.89,23.59,24.97,20.54,25.79,26.44,21.05,24.32,24.2
42,1,1,1,42,25.21,0,0,0,0.84,0.87,0.86,0.83,0.89,0.85,0.83,0.89,23.54,24.94,20.48,25.75,26.47,21.09,24.29,24.19
43,1,1,1,43,24.95,0,0,0,0.85,0.89,0.87,0.86,0.9,0.88,0.87,0.89,23.46,24.95,20.5,25.74,26.43,20.97,24.26,24.08
44,1,1,1,44,24.78,0,0,0,0.82,0.88,0.84,0.85,0.86,0.85,0.83,0.88,23.55,24.94,20.54,25.77,26.43,21.05,24.29,24.14
45,1,1,1,45,27.26,0,0,0,0.81,0.84,0.81,0.81,0.83,0.82,0.8,0.83,23.57,24.94,20.6,25.76,26.42,21.02,24.29,24.2
46,1,1,1,46,26.77,0,0,0,0.84,0.88,0.84,0.83,0.85,0.84,0.82,0.85,23.57,24.94,20.56,25.79,26.44,21.05,24.28,24.21
47,1,1,1,47,24.7,0,0,0,0.84,0.88,0.85,0.86,0.89,0.87,0.87,0.9,23.54,24.96,20.55,25.76,26.42,21.02,24.3,24.12
48,1,1,1,48,24.14,0,0,0,0.82,0.86,0.84,0.82,0.85,0.84,0.8,0.85,23.49,24.93,20.54,25.74,26.43,21.03,24.27,24.15
49,1,1,1,49,24.43,0,0,0,0.86,0.89,0.86,0.85,0.89,0.87,0.85,0.87,23.52,24.93,20.53,25.77,26.42,20.95,24.27,24.13
50,1,1,1,50,26.77,0,0,0,0.86,0.9,0.87,0.85,0.88,0.86,0.85,0.89,23.56,24.97,20.54,25.79,26.43,21.03,24.29,24.2
51,1,1,1,51,23.6,0,0,0,0.83,0.86,0.84,0.84,0.85,0.84,0.84,0.87,23.57,25,20.61,25.81,26.42,21.02,24.32,24.18
52,1,1,1,52,24.62,0,0,0,0.81,0.87,0.83,0.84,0.84,0.83,0.81,0.83,23.6,25,20.58,25.78,26.39,21.01,24.31,24.18
53,1,1,1,53,25.44,0,0,0,0.84,0.88,0.85,0.85,0.86,0.86,0.82,0.85,23.51,24.93,20.53,25.73,26.39,20.97,24.27,24.13
54,1,1,1,54,24.56,0,0,0,0.84,0.87,0.86,0.85,0.86,0.85,0.85,0.89,23.54,24.99,20.53,25.76,26.45,21.06,24.31,24.19
55,1,1,1,55,23.67,0,0,0,0.77,0.81,0.78,0.79,0.8,0.79,0.8,0.84,23.68,25.05,20.66,25.86,26.51,21.11,24.37,24.28
56,1,1,1,56,29.74,0,0,0,0.78,0.82,0.81,0.82,0.8,0.8,0.85,0.82,23.58,24.91,20.55,25.74,26.34,20.78,24.24,24.04
57,1,1,1,57,25.91,0,0,0,0.8,0.82,0.83,0.83,0.81,0.82,0.87,0.84,23.48,24.9,20.48,25.69,26.33,20.77,24.23,24.02
58,1,1,1,58,24.41,0,0,0,0.8,0.83,0.83,0.82,0.8,0.8,0.88,0.85,23.55,24.92,20.53,25.73,26.39,20.85,24.26,24.11
59,1,1,1,59,25.78,0,0,0,0.78,0.82,0.81,0.81,0.8,0.79,0.83,0.83,23.55,24.89,20.53,25.72,26.39,20.87,24.23,24.11
60,1,1,1,60,26.6,0,0,0,0.79,0.84,0.84,0.84,0.8,0.81,0.89,0.87,23.53,24.91,20.5,25.71,26.36,20.86,24.26,24.09
61,1,1,1,61,27.38,0,0,0,0.81,0.83,0.83,0.84,0.81,0.8,0.88,0.87,23.53,24.94,20.45,25.71,26.41,20.93,24.27,24.13
62,1,1,1,62,25.72,0,0,0,0.81,0.84,0.83,0.84,0.82,0.83,0.88,0.87,23.53,24.94,20.5,25.73,26.37,20.81,24.27,24.06
63,1,1,1,63,26.65,0,0,0,0.77,0.79,0.8,0.81,0.82,0.8,0.84,0.82,23.52,24.89,20.5,25.69,26.34,20.81,24.19,24
64,1,1,1,64,24.53,0,0,0,0.82,0.83,0.83,0.84,0.84,0.81,0.9,0.89,23.54,24.96,20.47,25.73,26.4,20.9,24.27,24.06
65,1,1,1,65,28.31,0,0,0,0.77,0.79,0.79,0.79,0.76,0.77,0.83,0.82,23.54,24.93,20.55,25.72,26.37,20.86,24.28,24.09
66,1,1,1,66,27.66,0,0,0,0.8,0.85,0.83,0.83,0.81,0.81,0.86,0.84,23.63,24.96,20.52,25.75,26.42,20.84,24.28,24.17
67,1,1,1,67,26.7,0,0,0,0.76,0.79,0.79,0.8,0.77,0.78,0.84,0.82,23.53,24.93,20.51,25.71,26.36,20.89,24.25,24.07
68,1,1,1,68,27.85,0,0,0,0.57,0.63,0.67,0.69,0.64,0.68,0.76,0.77,23.82,25.11,20.66,25.97,26.63,21.03,24.45,24.34
69,1,1,1,69,29.28,0,0,0,0.77,0.8,0.79,0.79,0.78,0.78,0.82,0.81,23.55,24.89,20.5,25.72,26.41,20.88,24.23,24.1
70,1,1,1,70,25.04,0,0,0,0.84,0.85,0.85,0.85,0.84,0.84,0.91,0.9,23.5,24.93,20.48,25.74,26.38,20.81,24.26,24.05
71,1,1,1,71,25.28,0,0,0,0.8,0.84,0.84,0.84,0.82,0.81,0.87,0.85,23.62,24.94,20.54,25.76,26.38,20.83,24.26,24.1
72,1,1,1,72,27.09,0,0,0,0.78,0.8,0.81,0.81,0.78,0.79,0.86,0.85,23.59,24.97,20.55,25.76,26.41,20.87,24.31,24.13
73,1,1,1,73,24.55,0,0,0,0.76,0.81,0.8,0.81,0.77,0.79,0.85,0.81,23.54,24.93,20.57,25.72,26.34,20.84,24.25,24.07
74,1,1,1,74,25.45,0,0,0,0.78,0.8,0.81,0.81,0.8,0.79,0.85,0.83,23.54,24.91,20.52,25.74,26.4,20.87,24.23,24.08
75,1,1,1,75,26.17,0,0,0,0.76,0.8,0.8,0.81,0.78,0.78,0.85,0.83,23.62,24.98,20.53,25.77,26.43,20.9,24.31,24.15
76,1,1,1,76,25.75,0,0,0,0.74,0.78,0.78,0.79,0.75,0.75,0.83,0.82,23.65,25.01,20.58,25.8,26.44,20.92,24.34,24.18
77,1,1,1,77,27.67,0,0,0,0.79,0.82,0.81,0.81,0.79,0.8,0.85,0.83,23.56,24.93,20.54,25.76,26.39,20.8,24.27,24.09
78,1,1,1,78,29.13,0,0,0,0.77,0.8,0.8,0.81,0.79,0.78,0.83,0.82,23.57,24.92,20.51,25.7,26.36,20.84,24.24,24.08
79,1,1,1,79,26.47,0,0,0,0.77,0.79,0.8,0.81,0.77,0.78,0.81,0.8,23.51,24.9,20.49,25.68,26.31,20.83,24.22,24.04
80,1,1,1,80,26.52,0,0,0,0.79,0.83,0.82,0.83,0.79,0.8,0.86,0.86,23.56,24.94,20.54,25.74,26.4,20.87,24.3,24.13
81,1,1,1,81,26.71,0,0,0,0.81,0.84,0.84,0.84,0.82,0.81,0.87,0.85,23.59,24.93,20.52,25.73,26.36,20.85,24.26,24.1
82,1,1,1,82,27.03,0,0,0,0.79,0.83,0.83,0.83,0.79,0.79,0.86,0.85,23.55,24.93,20.48,25.71,26.4,20.91,24.27,24.15
83,1,1,1,83,28.96,0,0,0,0.79,0.83,0.84,0.84,0.83,0.8,0.88,0.88,23.55,24.95,20.48,25.73,26.42,20.9,24.29,24.11
84,1,1,1,84,27.32,0,0,0,0.75,0.77,0.78,0.78,0.76,0.76,0.81,0.81,23.54,24.92,20.52,25.75,26.42,20.89,24.25,24.11
85,1,1,1,85,28.91,0,0,0,0.76,0.78,0.77,0.79,0.77,0.78,0.81,0.8,23.55,24.9,20.54,25.72,26.37,20.85,24.21,24.06
