Header Section,,,,,,,,,,,,,,,,,,,,,,,,
Product,VC1618,,,,,,,,,,,,,,,,,,,,,,,
Test Plan,Rev(C),,,,,,,,,,,,,,,,,,,,,,,
Release Date,2016/8/5,,,,,,,,,,,,,,,,,,,,,,,
Comment,#1-20/A3E10.1,,,,,,,,,,,,,,,,,,,,,,,
,,,,,,,,,,,,,,,,,,,,,,,,
Data Section,,,,,,,,,,,,,,,,,,,,,,,,
Device#,1,2,3,4,5,6,7,8,9,10,11,12,13,14,15,16,17,18,19,20,21,22,23,24
Test Item,Site No,Hbin,Sbin,Device ID,Current1,Leakage_V1,Leakage_V2,Leakage_V3,Insertion  ANT  to  RF1,Insertion  ANT  to  RF2,Insertion  ANT  to  RF3,Insertion  ANT  to  RF4,Insertion  ANT  to  RF5,Insertion  ANT  to  RF6,Insertion  ANT  to  RF7,Insertion  ANT  to  RF8,Iso1 RF1 to RF5,Iso1 RF5 to RF1,Iso1 RF3 to RF7,Iso1 RF7 to RF3,Iso1 RF8 to RF4,Iso1 RF4 to RF8,Iso1 RF6 to RF2,Iso1 RF2 to RF6
Low Tolerance,,,,,10,,,,0.2,0.2,0.2,0.2,0.2,0.2,0.2,0.2,2,2,2,2,2,2,2,2
High Tolerance,,,,,10,,,,0.2,0.2,0.2,0.2,0.2,0.2,0.2,0.2,2,2,2,2,2,2,2,2
Enable,,,,,1,,,,1,1,1,1,1,1,1,1,0,0,0,0,0,0,0,0
1,1,1,1,1,25.733,0.02,0.001,0.009,0.767,0.784,0.747,0.762,0.765,0.771,0.795,0.808,18.564,21.265,14.056,20.228,18.835,12.395,15.354,13.059
2,1,1,1,2,27.386,0.02,0.003,0.008,0.791,0.802,0.77,0.777,0.793,0.791,0.834,0.853,18.491,21.274,14.035,20.18,18.836,12.399,15.374,13.046
3,1,1,1,3,26.708,0.02,0.003,0.002,0.776,0.788,0.757,0.778,0.783,0.784,0.823,0.839,18.568,21.376,14.066,20.263,18.811,12.397,15.338,13.046
4,1,1,1,4,29.991,0.021,0.004,0.004,0.776,0.778,0.772,0.776,0.784,0.783,0.821,0.846,18.583,21.368,14.036,20.178,18.757,12.368,15.25,13.05
5,1,1,1,5,26.627,0.02,0.001,0.008,0.782,0.781,0.764,0.767,0.795,0.779,0.827,0.833,18.454,21.299,13.928,20.206,18.925,12.475,15.344,13.079
6,1,1,1,6,27.895,0.019,0.002,0.001,0.776,0.798,0.764,0.768,0.797,0.791,0.83,0.847,18.458,21.269,13.929,20.183,18.898,12.477,15.382,13.016
7,1,1,1,7,26.743,0.023,0.003,0.003,0.785,0.783,0.775,0.769,0.802,0.796,0.833,0.845,18.445,21.24,13.922,20.173,18.892,12.449,15.349,13.032
8,1,1,1,8,26.5,0.02,0,0.001,0.784,0.781,0.765,0.767,0.788,0.783,0.817,0.84,18.543,21.253,13.989,20.224,18.889,12.361,15.358,13.014
9,1,1,1,9,26.213,0.019,0,0.003,0.769,0.771,0.752,0.762,0.777,0.766,0.809,0.824,18.526,21.248,14.001,20.221,18.898,12.429,15.388,13.064
10,1,1,1,10,27.906,0.021,0.003,0.002,0.767,0.764,0.749,0.757,0.769,0.759,0.791,0.808,18.564,21.211,14.028,20.262,18.878,12.355,15.372,13.049
11,1,1,1,11,26.325,0.02,0.002,-0.001,0.865,0.832,0.922,0.877,0.913,0.831,0.932,0.919,17.719,21.166,13.451,18.481,18.96,12.461,15.366,13.038
12,1,1,1,12,25.23,0.019,0.001,0.003,0.768,0.775,0.747,0.761,0.775,0.762,0.807,0.82,18.556,21.294,13.987,20.291,18.918,12.43,15.405,13.065
13,1,1,1,13,26.055,0.018,0,0,0.772,0.777,0.752,0.771,0.792,0.788,0.834,0.844,18.457,21.334,14.008,20.213,18.784,12.382,15.283,12.994
14,1,1,1,14,27.398,0.023,0.002,0.004,0.757,0.781,0.735,0.752,0.76,0.758,0.79,0.807,18.548,21.281,13.991,20.3,18.861,12.464,15.365,13.016
15,1,1,1,15,25.272,0.021,0.001,0.003,0.777,0.775,0.757,0.772,0.794,0.792,0.83,0.846,18.492,21.331,14.019,20.218,18.744,12.38,15.281,12.995
16,1,1,1,16,25.852,0.021,0.002,-0.001,0.766,0.77,0.749,0.764,0.771,0.767,0.809,0.826,18.54,21.259,13.973,20.236,18.881,12.441,15.382,13.077
17,1,1,1,17,26.351,0.02,0.003,0.001,0.758,0.754,0.741,0.747,0.763,0.758,0.792,0.804,18.506,21.264,13.959,20.284,18.88,12.426,15.336,13.047
18,1,1,1,18,25.112,0.019,0.001,0.002,0.767,0.76,0.754,0.761,0.775,0.772,0.806,0.817,18.525,21.276,13.987,20.239,18.857,12.413,15.359,13.07
19,1,1,1,19,28.473,0.021,0.002,0.005,0.783,0.783,0.746,0.764,0.77,0.763,0.804,0.813,18.502,21.325,13.98,20.265,18.832,12.424,15.333,13.031
20,1,1,1,20,27.422,0.02,0.001,0.002,0.789,0.78,0.757,0.763,0.791,0.784,0.823,0.836,18.416,21.289,13.915,20.235,18.84,12.449,15.3,12.968
