Header Section,,,,,,,,,,,,,,,,,,,,,,,,,,,,,,,,,,,,,,,,,,
Product,VC1618V,,,,,,,,,,,,,,,,,,,,,,,,,,,,,,,,,,,,,,,,,
Test Plan,Rev(-),,,,,,,,,,,,,,,,,,,,,,,,,,,,,,,,,,,,,,,,,
Release Date,2019/7/10,,,,,,,,,,,,,,,,,,,,,,,,,,,,,,,,,,,,,,,,,
Comment,#10-30/A3_01,,,,,,,,,,,,,,,,,,,,,,,,,,,,,,,,,,,,,,,,,
,,,,,,,,,,,,,,,,,,,,,,,,,,,,,,,,,,,,,,,,,,
Data Section,,,,,,,,,,,,,,,,,,,,,,,,,,,,,,,,,,,,,,,,,,
Device#,1,2,3,4,5,6,7,8,9,10,11,12,13,14,15,16,17,18,19,20,21,22,23,24,25,26,27,28,29,30,31,32,33,34,35,36,37,38,39,40,41,42
Test Item,Site No,Soft Bin,Hard Bin,Device ID,OS_VDD,OS_V1_negative,OS_V2_negative,OS_V3_negative,Vdd_Current1_2V8,Vdd_Current1_4V8,Leakage1_V1,Leakage1_V2,Leakage1_V3,Insertion ANT to RF1,Insertion ANT to RF2,Insertion ANT to RF3,Insertion ANT to RF4,Insertion ANT to RF5,Insertion ANT to RF6,Insertion ANT to RF7,Insertion ANT to RF8,Iso1 RF1 to RF5,Iso1 RF5 to RF1,Iso1 RF3 to RF7,Iso1 RF7 to RF3,Iso1 RF8 to RF4,Iso1 RF4 to RF8,Iso1 RF6 to RF2,Iso1 RF2 to RF6,RF Switching time,Vdd_Current1_2V8_re,Vdd_Current2_4V8_re,Leakage_V1_re,Leakage_V2_re,Leakage_V3_re,delta_Vdd_Current_2V8,delta_Vdd_Current_4V8,delta_Leakage_V1,delta_Leakage_V2,delta_Leakage_V3,Test_time,Index_time
Low Tolerance,,,,,0.3,0.3,0.3,0.3,10,10,1,1,1,0.2,0.2,0.2,0.2,0.2,0.2,0.2,0.2,3,3,3,3,3,3,3,3,1,1,1,1,1,1,1,1,1,1,1,1,1
High Tolerance,,,,,0.3,0.3,0.3,0.3,10,10,1,1,1,0.2,0.2,0.2,0.2,0.2,0.2,0.2,0.2,3,3,3,3,3,3,3,3,1,1,1,1,1,1,1,1,1,1,1,1,1
Enable,,,,,0,0,0,0,1,1,0,0,0,1,1,1,1,1,1,1,1,1,1,1,1,1,1,1,1,0,0,0,0,0,0,0,0,0,0,0,0,0
1,1,1,1,1,-0.474,-0.799,-0.799,-0.798,25.653,26.865,-0.067,0.251,-0.002,0.714,0.673,0.701,0.702,0.679,0.668,0.711,0.649,31.472,30.719,29.023,31.267,31.874,28.744,30.945,32.54,0.71,25.691,26.891,0.097,-0.065,-0.154,0.089,0.151,0.392,0.316,0.152,271.489,0
2,1,1,1,2,-0.431,-0.801,-0.801,-0.799,25.78,27.004,0.021,0.238,-0.027,0.743,0.721,0.724,0.716,0.724,0.711,0.772,0.717,31.356,30.728,28.951,31.139,31.727,28.727,30.908,32.437,0.707,25.842,27.118,0.008,-0.015,-0.052,0.063,0.139,0.341,0.253,0.202,271.489,0
3,1,1,1,3,-0.427,-0.802,-0.801,-0.799,27.446,28.747,0.034,-0.002,-0.065,0.699,0.682,0.69,0.689,0.689,0.699,0.713,0.692,31.483,30.755,29.056,31.292,31.753,28.708,31.048,32.427,0.7,27.358,28.684,-0.004,-0.053,-0.027,0.089,0.063,0.341,0.227,0.063,271.489,0
4,1,1,1,4,-0.42,-0.802,-0.803,-0.8,27.913,29.201,-0.004,-0.04,-0.014,0.693,0.668,0.684,0.679,0.682,0.666,0.725,0.688,31.435,30.806,29.087,31.317,31.97,28.763,31.034,32.55,0.703,27.85,29.163,-0.143,0.124,0.074,0.063,0.038,0.139,0.164,0.114,271.489,0
5,1,1,1,5,-0.429,-0.802,-0.801,-0.8,25.136,26.272,0.248,0.187,-0.078,0.729,0.677,0.702,0.682,0.688,0.68,0.724,0.667,31.514,30.729,28.998,31.214,31.828,28.764,30.94,32.556,0.697,25.11,26.272,0.008,0.137,-0.039,0.051,0.126,0.24,0.152,0.139,271.489,0
6,1,1,1,6,-0.432,-0.801,-0.802,-0.801,25.034,26.272,-0.017,-0.002,-0.077,0.753,0.703,0.73,0.721,0.739,0.71,0.776,0.746,31.41,30.738,29.024,31.162,31.758,28.728,30.955,32.397,0.703,25.098,26.31,0.059,-0.103,-0.153,0.063,0.063,0.076,0.126,0.126,271.489,0
7,1,1,1,7,-0.418,-0.802,-0.802,-0.8,25.969,27.168,0.021,-0.053,-0.052,0.734,0.694,0.714,0.699,0.717,0.696,0.756,0.702,31.403,30.741,28.996,31.254,31.832,28.765,30.982,32.501,0.703,25.83,27.105,-0.067,-0.103,-0.103,0.139,0.063,0.114,0.076,0.076,271.489,0
8,1,1,1,8,-0.431,-0.801,-0.801,-0.8,26.891,28.065,-0.017,0.011,-0.014,0.708,0.652,0.689,0.67,0.697,0.671,0.72,0.674,31.437,30.769,29.102,31.215,31.817,28.786,31.008,32.456,0.71,26.916,28.178,-0.004,-0.128,-0.09,0.025,0.114,0.013,0.19,0.126,271.489,0
9,1,1,1,9,-0.427,-0.803,-0.802,-0.8,25.944,27.168,-0.029,0.099,0.036,0.731,0.698,0.72,0.71,0.716,0.697,0.754,0.704,31.418,30.679,29.016,31.16,31.735,28.799,30.883,32.415,0.72,26.007,27.156,-0.105,0.023,-0.014,0.139,0.063,0.328,0.152,0.076,271.489,0
10,1,1,1,10,-0.434,-0.802,-0.802,-0.799,24.82,26.045,0.097,-0.065,-0.14,0.725,0.685,0.72,0.706,0.727,0.697,0.777,0.711,31.341,30.679,28.962,31.142,31.812,28.793,30.973,32.473,0.707,24.757,26.045,-0.156,-0.129,-0.027,0.063,0.076,0.253,0.24,0.114,271.489,0
11,1,1,1,11,-0.434,-0.802,-0.802,-0.8,25.742,26.928,-0.257,-0.179,-0.027,0.715,0.683,0.712,0.703,0.715,0.69,0.749,0.685,31.36,30.679,29.02,31.18,31.857,28.727,31.01,32.552,0.707,25.83,26.979,0.223,0.074,-0.065,0.089,0.076,0.48,0.253,0.038,271.489,0
12,1,1,1,12,-0.437,-0.801,-0.801,-0.801,24.87,25.981,0.109,0.137,0.023,0.704,0.656,0.695,0.681,0.701,0.671,0.737,0.661,31.367,30.723,29.002,31.215,31.881,28.836,31.009,32.593,0.71,24.984,26.108,-0.017,-0.166,-0.09,0.139,0.202,0.177,0.303,0.215,271.489,0
13,1,1,1,13,-0.434,-0.802,-0.802,-0.8,25.199,26.398,0.046,0.112,-0.014,0.717,0.696,0.71,0.708,0.722,0.697,0.751,0.71,31.352,30.685,29.004,31.13,31.782,28.716,30.979,32.436,0.71,25.211,26.373,0.135,0.137,-0.002,0.063,0.076,0.265,0.252,0.189,271.489,0
14,1,1,1,14,-0.433,-0.803,-0.803,-0.801,30.275,31.689,0.034,-0.053,-0.09,1.928,0.672,0.679,0.689,0.714,0.674,0.738,0.695,31.26,31.652,29.064,31.196,31.903,28.724,30.972,32.468,0.747,30.338,31.689,0.034,-0.002,-0.065,0.139,0.076,0.404,0.051,0.202,271.489,0
15,1,1,1,15,-0.433,-0.802,-0.801,-0.8,25.3,26.474,-0.029,-0.052,-0.115,0.719,0.683,0.704,0.703,0.727,0.678,0.743,0.684,31.509,30.714,29.018,31.221,32.029,28.804,31.043,32.578,0.723,25.312,26.537,-0.042,-0.091,-0.052,0.089,0.063,0.341,0.114,0.063,271.489,0
16,1,1,1,16,-0.435,-0.802,-0.802,-0.8,26.045,27.231,-0.055,0.061,0.036,0.73,0.687,0.715,0.706,0.717,0.69,0.755,0.692,31.406,30.716,28.982,31.18,31.841,28.754,30.949,32.454,0.697,26.07,27.383,0.046,0.099,-0.002,0.151,0.151,0.126,0.215,0.24,271.489,0
17,1,1,1,17,-0.43,-0.802,-0.802,-0.8,27.787,29,0.211,0.036,-0.04,0.703,0.66,0.686,0.681,0.684,0.657,0.699,0.649,31.528,30.644,29.015,31.211,31.882,28.761,30.948,32.545,0.717,27.812,29.075,0.084,-0.141,-0.141,0.025,0.076,0.126,0.278,0.126,271.489,0
18,1,1,1,18,-0.432,-0.802,-0.802,-0.799,25.376,26.562,0.16,0.124,-0.065,0.736,0.679,0.725,0.709,0.719,0.679,0.75,0.68,31.484,30.769,28.874,31.21,31.911,28.784,30.957,32.564,0.723,25.439,26.663,0.021,-0.293,-0.191,0.114,0.126,0.29,0.417,0.126,271.489,0
19,1,1,1,19,-0.432,-0.801,-0.801,-0.799,25.868,27.093,-0.307,-0.229,-0.027,0.716,0.696,0.728,0.711,0.718,0.689,0.75,0.7,31.413,30.606,28.955,31.146,31.798,28.785,30.901,32.452,0.707,25.88,27.105,0.109,0.112,-0.027,0.089,0.114,0.417,0.341,0.025,271.489,0
20,1,1,1,20,-0.431,-0.802,-0.802,-0.801,24.264,25.464,0.046,0.061,-0.002,0.733,0.699,0.722,0.737,0.727,0.693,0.772,0.704,31.4,30.747,28.968,31.169,31.885,28.729,31.009,32.534,0.713,24.264,25.489,-0.08,-0.153,-0.065,0.126,0.152,0.454,0.29,0.089,271.489,0
