Header Section,,,,,,,,,,,,,,,,
Product,VC1623,,,,,,,,,,,,,,,
Test Plan,Rev(E),,,,,,,,,,,,,,,
Release Date,2018/11/15,,,,,,,,,,,,,,,
Comment,#66-100/A3_02;#126-145/A3_03,,,,,,,,,,,,,,,
,,,,,,,,,,,,,,,,
Data Section,,,,,,,,,,,,,,,,
Device#,1,2,3,4,5,6,7,8,9,10,11,12,13,14,15,16
Test Item,Site No,Device ID,Site,ID,Current1,Leakage_V1,Leakage_V2,Insertion1 RF1 to ANT,Insertion1 RF2 to ANT,Insertion1 RF3 to ANT,Iso1 RF1 to RF2,Iso1 RF1 to RF3,Iso1 RF2 to RF1,Iso1 RF2 to RF3,Iso1 RF3 to RF1,Iso1 RF3 to RF2
Low Tolerance,,,,,10,,,0.2,0.2,0.2,1.5,1.5,1.5,1.5,1.5,1.5
High Tolerance,,,,,10,,,0.2,0.2,0.2,1.5,1.5,1.5,1.5,1.5,1.5
Enable,,,,,1,,,1,1,1,0,0,0,0,0,0
66,1,66,1,66,38.671,0.03,0.019,0.485,0.486,0.471,12.302,17.995,12.945,18.776,13.352,23.002
67,1,67,1,67,37.519,0.031,0.017,0.484,0.48,0.483,12.312,17.913,12.943,18.706,13.372,23.009
68,1,68,1,68,40.739,0.034,0.022,0.463,0.475,0.486,12.313,17.976,12.889,18.737,13.313,22.954
69,1,69,1,69,42.135,0.03,0.022,0.47,0.487,0.462,12.334,17.93,13.008,18.675,13.464,23.062
70,1,70,1,70,40.974,0.03,0.016,0.492,0.482,0.458,12.287,17.851,12.949,18.612,13.391,22.945
71,1,71,1,71,40.056,0.037,0.024,0.469,0.48,0.474,12.308,17.965,12.928,18.719,13.34,22.912
72,1,72,1,72,41.468,0.03,0.016,0.473,0.482,0.466,12.359,17.908,12.963,18.693,13.383,22.973
73,1,73,1,73,37.561,0.031,0.022,0.466,0.486,0.475,12.344,18,12.963,18.774,13.414,23.057
74,1,74,1,74,39.071,0.031,0.019,0.461,0.478,0.476,12.341,18.075,12.956,18.89,13.382,22.995
75,1,75,1,75,39.882,0.03,0.019,0.479,0.484,0.473,12.309,17.977,12.922,18.755,13.349,22.982
76,1,76,1,76,41.327,0.037,0.023,0.462,0.466,0.459,12.305,18.102,12.935,18.905,13.377,22.976
77,1,77,1,77,40.458,0.029,0.02,0.468,0.469,0.464,12.307,18.072,12.981,18.893,13.427,23.012
78,1,78,1,78,37.656,0.027,0.019,0.473,0.47,0.475,12.308,18.101,12.925,18.822,13.336,22.959
79,1,79,1,79,37.33,0.03,0.019,0.45,0.465,0.458,12.371,18.113,12.979,18.884,13.414,23.071
80,1,80,1,80,37.601,0.031,0.016,0.459,0.479,0.473,12.317,18.063,12.952,18.833,13.361,22.988
81,1,81,1,81,41.233,0.027,0.02,0.479,0.484,0.476,12.403,18.036,13.009,18.826,13.424,23.079
82,1,82,1,82,39.748,0.034,0.022,0.467,0.479,0.475,12.332,18.123,12.874,18.902,13.295,22.972
83,1,83,1,83,38.976,0.029,0.021,0.461,0.474,0.489,12.359,18.052,12.969,18.82,13.389,23.049
84,1,84,1,84,39.272,0.029,0.018,0.468,0.469,0.468,12.346,18.051,12.954,18.845,13.369,23.025
85,1,85,1,85,41.788,0.029,0.022,0.45,0.461,0.467,12.297,18.155,12.878,18.91,13.291,22.859
86,1,86,1,86,36.341,0.018,-0.001,0.504,0.431,0.403,12.983,16.892,15.326,16.11,22.998,17.366
87,1,87,1,87,38.365,0.018,-0.001,0.502,0.425,0.41,13.064,16.976,15.338,16.223,22.862,17.471
88,1,88,1,88,38.145,0.018,0,0.508,0.432,0.4,13.023,16.828,15.369,16.061,23.039,17.416
89,1,89,1,89,39.674,0.019,-0.002,0.5,0.418,0.401,13.069,16.999,15.366,16.213,22.554,17.527
90,1,90,1,90,39.401,0.017,0,0.503,0.423,0.393,12.945,16.84,15.318,16.04,22.714,17.321
91,1,91,1,91,40.48,0.016,-0.001,0.502,0.419,0.399,13.079,16.946,15.353,16.162,22.914,17.503
92,1,92,1,92,36.543,0.017,0.001,0.498,0.414,0.396,13.079,16.941,15.373,16.133,22.964,17.483
93,1,93,1,93,37.688,0.021,0.002,0.502,0.416,0.399,13.126,16.941,15.402,16.169,22.989,17.533
94,1,94,1,94,35.611,0.015,-0.001,0.507,0.425,0.402,13.091,16.886,15.392,16.13,22.564,17.506
95,1,95,1,95,39.41,0.018,-0.002,0.503,0.416,0.397,13.079,16.814,15.385,16.039,22.983,17.488
96,1,96,1,96,39.464,0.016,-0.001,0.502,0.419,0.398,13.075,16.84,15.373,16.063,22.965,17.515
97,1,97,1,97,37.954,0.019,0.004,0.5,0.424,0.399,13.088,16.846,15.341,16.089,22.882,17.489
98,1,98,1,98,39.434,0.021,0,0.512,0.438,0.397,13.013,16.736,15.365,16.004,22.851,17.391
99,1,99,1,99,38.493,0.021,0.005,0.505,0.422,0.396,13.114,16.845,15.367,16.135,23.001,17.534
100,1,100,1,100,38.556,0.017,-0.001,0.504,0.429,0.399,13.06,16.722,15.35,15.999,23.148,17.459
101,1,101,1,101,41.078,0.015,0.014,0.503,0.462,0.437,11.574,19.346,13.064,16.019,16.778,28.559
102,1,102,1,102,41.231,0.015,0.015,0.507,0.46,0.392,11.586,19.236,13.187,16.088,16.899,28.376
103,1,103,1,103,40.956,0.015,0.013,0.521,0.49,0.398,11.575,19.261,13.193,16.111,16.851,28.198
104,1,104,1,104,41.289,0.013,0.013,0.513,0.464,0.432,11.551,19.2,13.06,15.922,16.753,28.59
105,1,105,1,105,40.055,0.012,0.014,0.519,0.467,0.395,11.551,19.255,13.159,16.004,16.862,28.434
106,1,106,1,106,39.156,0.013,0.012,0.58,0.557,0.437,10.989,19.401,12.777,15.67,16.367,25.203
107,1,107,1,107,40.016,0.012,0.014,0.507,0.452,0.391,11.602,19.31,13.158,16.114,16.938,28.511
108,1,108,1,108,40.614,0.012,0.012,0.497,0.444,0.405,11.61,19.473,13.127,16.094,16.907,28.59
109,1,109,1,109,42.563,0.014,0.015,0.502,0.443,0.396,11.61,19.5,13.163,16.158,16.969,28.562
110,1,110,1,110,41.577,0.016,0.016,0.503,0.454,0.398,11.638,19.499,13.167,16.075,16.95,28.723
111,1,111,1,111,43.278,0.016,0.015,0.527,0.482,0.381,11.606,19.297,13.198,16.106,16.951,28.52
112,1,112,1,112,39.473,0.012,0.012,0.531,0.489,0.381,11.576,19.147,13.241,15.944,16.97,28.493
113,1,113,1,113,60.735,0.016,0.015,0.644,0.454,0.389,11.731,19.333,13.187,16.021,17.068,28.657
114,1,114,1,114,43.223,0.015,0.015,0.51,0.453,0.393,11.609,19.468,13.154,15.98,16.971,28.746
115,1,115,1,115,42.447,0.017,0.016,0.508,0.451,0.403,11.655,19.287,13.151,15.99,17.047,28.613
126,1,126,1,126,39.512,0.014,0.012,0.348,0.385,0.355,15.425,13.845,16.747,15.056,21.814,19.986
127,1,127,1,127,37.899,0.011,0.015,0.345,0.374,0.373,15.383,13.84,16.721,14.985,21.867,19.932
128,1,128,1,128,38.071,0.015,0.014,0.343,0.377,0.366,15.438,13.86,16.74,15.039,21.82,20.027
129,1,129,1,129,37.834,0.012,0.012,0.352,0.386,0.368,15.458,13.827,16.775,14.991,21.811,20.036
130,1,130,1,130,39.121,0.013,0.009,0.326,0.344,0.348,15.704,13.932,16.956,15.05,21.987,20.265
131,1,131,1,131,40.957,0.017,0.018,0.344,0.376,0.345,15.482,13.699,16.858,14.815,21.838,19.992
132,1,132,1,132,38.679,0.014,0.015,0.346,0.366,0.352,15.542,13.726,16.902,14.902,21.791,20.167
133,1,133,1,133,42.65,0.015,0.014,0.335,0.35,0.348,15.523,13.87,16.841,15.002,21.856,20.065
134,1,134,1,134,37.732,0.01,0.016,0.343,0.374,0.339,15.514,13.816,16.821,15.029,21.757,20.081
135,1,135,1,135,39.231,0.013,0.014,0.34,0.372,0.36,15.456,13.809,16.756,14.972,21.863,20.038
136,1,136,1,136,38.765,0.016,0.015,0.342,0.364,0.359,15.475,13.693,16.809,14.844,21.723,20.021
137,1,137,1,137,37.25,0.013,0.01,0.355,0.379,0.359,15.568,13.765,16.824,14.957,21.778,20.077
138,1,138,1,138,37.347,0.011,0.016,0.328,0.342,0.344,15.654,13.961,16.883,15.06,21.94,20.177
139,1,139,1,139,39.088,0.013,0.016,0.343,0.367,0.353,15.579,13.785,16.873,14.934,21.806,20.148
140,1,140,1,140,38.41,0.013,0.013,0.33,0.345,0.323,15.653,13.823,16.902,14.961,21.883,20.197
141,1,141,1,141,38.042,0.011,0.015,0.34,0.36,0.345,15.521,13.794,16.796,14.939,21.845,20.142
142,1,142,1,142,37.817,0.012,0.015,0.341,0.359,0.354,15.714,13.767,16.905,14.904,21.92,20.275
143,1,143,1,143,40.254,0.013,0.019,0.35,0.367,0.334,15.538,13.68,16.911,14.809,21.802,20.115
144,1,144,1,144,42.053,0.014,0.015,0.371,0.397,0.375,15.612,13.645,16.869,14.858,21.87,20.155
145,1,145,1,145,39.126,0.014,0.011,0.352,0.376,0.365,15.525,13.687,16.844,14.82,21.923,20.139
