Header Section,,,,,,,,,,,,,,,,,,,,,,,,
Product,VC1618A,,,,,,,,,,,,,,,,,,,,,,,
Test Plan,Rev(F),,,,,,,,,,,,,,,,,,,,,,,
Release Date,2018/10/22,,,,,,,,,,,,,,,,,,,,,,,
Comment,#11-40/A3E3.1,,,,,,,,,,,,,,,,,,,,,,,
,,,,,,,,,,,,,,,,,,,,,,,,
Data Section,,,,,,,,,,,,,,,,,,,,,,,,
Device#,1,2,3,4,5,6,7,8,9,10,11,12,13,14,15,16,17,18,19,20,21,22,23,24
Test Item,Site No,Hbin,Sbin,Device ID,Current1,Leakage_V1,Leakage_V2,Leakage_V3,Insertion  ANT  to  RF1,Insertion  ANT  to  RF2,Insertion  ANT  to  RF3,Insertion  ANT  to  RF4,Insertion  ANT  to  RF5,Insertion  ANT  to  RF6,Insertion  ANT  to  RF7,Insertion  ANT  to  RF8,Iso1 RF1 to RF5,Iso1 RF5 to RF1,Iso1 RF3 to RF7,Iso1 RF7 to RF3,Iso1 RF8 to RF4,Iso1 RF4 to RF8,Iso1 RF6 to RF2,Iso1 RF2 to RF6
Low Tolerance,,,,,10,,,,0.2,0.2,0.2,0.2,0.2,0.2,0.2,0.2,2,2,2,2,2,2,2,2
High Tolerance,,,,,10,,,,0.2,0.2,0.2,0.2,0.2,0.2,0.2,0.2,2,2,2,2,2,2,2,2
Enable,,,,,1,,,,1,1,1,1,1,1,1,1,0,0,0,0,0,0,0,0
11,1,1,1,11,14.588,0.011,0.010,0.001,0.573,0.610,0.549,0.568,0.539,0.499,0.462,0.478,26.537,36.512,12.838,22.754,16.826,11.841,36.884,22.892
12,1,1,1,12,14.841,0.011,0.012,0.000,0.521,0.577,0.528,0.541,0.520,0.487,0.435,0.466,26.953,36.802,12.909,22.667,16.949,12.293,36.269,23.182
13,1,1,1,13,16.288,0.013,0.012,0.001,0.545,0.588,0.542,0.547,0.528,0.497,0.454,0.474,26.558,36.556,12.789,22.679,16.879,11.991,36.493,22.974
14,1,1,1,14,14.619,0.010,0.009,0.000,0.545,0.596,0.536,0.552,0.524,0.500,0.453,0.475,26.540,36.625,12.764,22.687,16.947,11.947,36.273,22.943
15,1,1,1,15,15.028,0.011,0.010,0.000,0.543,0.588,0.541,0.549,0.545,0.498,0.456,0.477,26.580,36.691,12.782,22.700,16.895,11.916,36.178,22.896
16,1,1,1,16,14.346,0.011,0.010,0.000,0.544,0.591,0.542,0.559,0.556,0.501,0.476,0.478,26.660,36.540,12.838,22.703,16.913,11.992,36.221,22.891
17,1,1,1,17,14.870,0.011,0.010,0.001,0.513,0.577,0.532,0.548,0.533,0.483,0.444,0.466,26.915,37.078,12.930,22.668,16.907,12.286,36.489,23.112
18,1,1,1,18,14.521,0.011,0.010,0.000,0.513,0.588,0.534,0.546,0.526,0.552,0.438,0.463,26.958,36.966,12.917,22.701,16.971,12.211,36.821,23.163
19,1,1,1,19,14.279,0.011,0.011,-0.001,0.566,0.598,0.551,0.563,0.537,0.501,0.471,0.483,26.441,36.751,12.840,22.757,16.891,11.903,36.298,22.877
20,1,1,1,20,14.456,0.010,0.009,0.001,0.512,0.571,0.530,0.545,0.518,0.479,0.439,0.464,26.930,36.920,12.931,22.641,17.006,12.217,36.314,23.054
21,1,1,1,21,14.349,0.010,0.010,0.001,0.512,0.572,0.531,0.545,0.511,0.477,0.430,0.457,26.968,37.150,12.918,22.664,16.972,12.272,36.607,22.979
22,1,1,1,22,14.338,0.010,0.009,0.001,0.504,0.569,0.527,0.541,0.509,0.477,0.433,0.458,26.974,37.132,12.961,22.629,16.975,12.221,36.496,22.993
23,1,1,1,23,14.457,0.011,0.010,-0.001,0.507,0.571,0.529,0.547,0.507,0.480,0.435,0.460,26.926,37.099,12.944,22.629,16.942,12.210,36.264,23.055
24,1,1,1,24,14.146,0.011,0.011,-0.001,0.516,0.571,0.528,0.545,0.507,0.478,0.432,0.463,26.918,37.085,12.948,22.671,16.990,12.247,36.684,22.938
25,1,1,1,25,14.908,0.013,0.012,0.001,0.557,0.587,0.548,0.569,0.517,0.491,0.458,0.479,26.468,36.665,12.868,22.676,16.849,11.830,36.219,22.765
26,1,1,1,26,14.819,0.010,0.010,0.001,0.512,0.566,0.525,0.542,0.500,0.472,0.422,0.455,26.937,37.060,12.929,22.629,16.956,12.268,36.651,22.996
27,1,1,1,27,14.865,0.011,0.009,0.001,0.512,0.564,0.530,0.543,0.498,0.470,0.424,0.462,26.850,37.137,12.929,22.617,16.985,12.254,36.370,22.977
28,1,1,1,28,14.396,0.010,0.009,0.000,0.514,0.573,0.526,0.556,0.499,0.472,0.431,0.460,26.896,37.292,12.933,22.585,17.003,12.183,36.155,23.057
29,1,1,1,29,14.500,0.011,0.011,-0.001,0.543,0.579,0.535,0.555,0.503,0.483,0.448,0.471,26.587,36.945,12.893,22.665,16.859,11.842,36.214,22.772
30,1,1,1,30,14.489,0.011,0.010,-0.001,0.548,0.581,0.535,0.558,0.505,0.486,0.449,0.474,26.565,36.749,12.899,22.657,16.839,11.833,36.221,22.773
31,1,1,1,31,14.858,0.011,0.011,0.002,0.511,0.566,0.527,0.548,0.500,0.476,0.433,0.460,26.872,37.289,12.970,22.589,17.036,12.184,36.390,22.950
32,1,1,1,32,14.753,0.012,0.011,0.000,0.510,0.558,0.512,0.539,0.495,0.463,0.418,0.452,26.931,36.920,12.961,22.565,16.975,12.271,36.618,22.919
33,1,1,1,33,14.840,0.011,0.009,0.000,0.508,0.557,0.522,0.539,0.491,0.465,0.419,0.452,26.929,36.882,12.965,22.580,16.961,12.248,36.420,22.962
34,1,1,1,34,14.768,0.011,0.011,-0.001,0.508,0.567,0.520,0.546,0.491,0.467,0.421,0.453,26.806,37.321,12.968,22.524,16.995,12.227,36.298,22.991
35,1,1,1,35,14.791,0.011,0.010,0.000,0.508,0.568,0.521,0.541,0.488,0.464,0.419,0.452,26.818,37.319,12.970,22.509,16.998,12.222,36.353,23.000
36,1,1,1,36,15.481,0.011,0.011,0.003,0.538,0.573,0.538,0.544,0.491,0.471,0.431,0.462,26.498,36.952,12.909,22.586,16.811,11.951,36.265,22.707
37,1,1,1,37,14.726,0.010,0.009,-0.001,0.502,0.553,0.516,0.534,0.480,0.456,0.408,0.449,26.870,37.321,12.969,22.550,16.963,12.313,36.426,23.036
38,1,1,1,38,14.594,0.012,0.010,0.000,0.526,0.570,0.528,0.550,0.497,0.473,0.435,0.467,26.691,37.076,12.946,22.581,16.899,11.998,36.283,22.794
39,1,1,1,39,14.883,0.012,0.010,0.000,0.536,0.568,0.528,0.557,0.488,0.464,0.423,0.457,26.589,37.080,12.958,22.621,16.792,11.913,36.266,22.939
40,1,1,1,40,14.675,0.011,0.011,-0.002,0.504,0.555,0.519,0.540,0.484,0.458,0.406,0.450,26.863,37.560,12.933,22.511,17.005,12.327,36.300,23.115
