Header Section,,,,,,,,,,,,,,
Product,VC1623,,,,,,,,,,,,,
Test Plan,Rev(-),,,,,,,,,,,,,
Release Date,2016/3/16,,,,,,,,,,,,,
Comment,#1-20/A3E3.1,,,,,,,,,,,,,
,,,,,,,,,,,,,,
Data Section,,,,,,,,,,,,,,
Device#,1,2,3,4,5,6,7,8,9,10,11,12,13,14
Test Item,Site No,Device ID,Site,ID,Current1,Insertion1 RF1 to ANT,Insertion1 RF2 to ANT,Insertion1 RF3 to ANT,Iso1 RF1 to RF2,Iso1 RF1 to RF3,Iso1 RF2 to RF1,Iso1 RF2 to RF3,Iso1 RF3 to RF1,Iso1 RF3 to RF2
Low Tolerance,,,,,10,0.2,0.2,0.2,1.5,1.5,1.5,1.5,1.5,1.5
High Tolerance,,,,,10,0.2,0.2,0.2,1.5,1.5,1.5,1.5,1.5,1.5
Enable,,,,,1,1,1,1,,,,,,
1,1,1,1,1,37.636,0.697,0.684,0.711,15.772,19.016,12.527,21.314,14.568,20.817
2,1,2,1,2,40.726,0.71,0.678,0.707,15.717,19.032,12.498,21.387,14.534,20.79
3,1,3,1,3,38.182,0.707,0.68,0.703,15.746,18.992,12.477,21.364,14.486,20.77
4,1,4,1,4,37.471,0.714,0.688,0.714,15.703,19.022,12.435,21.371,14.511,20.809
5,1,5,1,5,38.85,0.709,0.684,0.717,15.756,19.021,12.474,21.364,14.493,20.765
6,1,6,1,6,37.7,0.706,0.682,0.709,15.745,19.028,12.466,21.355,14.556,20.802
7,1,7,1,7,40.015,0.712,0.684,0.717,15.711,19.012,12.462,21.35,14.518,20.772
8,1,8,1,8,40.607,0.708,0.69,0.71,15.816,19.069,12.521,21.405,14.57,20.847
9,1,9,1,9,38.203,0.7,0.686,0.715,15.782,19.092,12.466,21.407,14.53,20.824
10,1,10,1,10,39.475,0.702,0.688,0.716,15.765,19.061,12.454,21.372,14.519,20.805
11,1,11,1,11,41.567,0.7,0.686,0.719,15.76,19.076,12.455,21.418,14.503,20.797
12,1,12,1,12,39.606,0.714,0.691,0.728,15.789,19.034,12.43,21.348,14.505,20.819
13,1,13,1,13,38.197,0.715,0.69,0.729,15.764,19.032,12.472,21.389,14.521,20.812
14,1,14,1,14,43.721,0.72,0.687,0.723,15.75,19.052,12.465,21.396,14.492,20.745
15,1,15,1,15,38.185,0.717,0.688,0.723,15.749,19.029,12.469,21.373,14.525,20.797
16,1,16,1,16,59.103,0.713,0.686,0.717,15.739,19.067,12.458,21.409,14.525,20.81
17,1,17,1,17,39.207,0.709,0.693,0.728,15.714,19.065,12.445,21.401,14.478,20.761
18,1,18,1,18,36.593,0.717,0.687,0.723,15.718,19.051,12.429,21.388,14.49,20.744
19,1,19,1,19,44.422,0.711,0.677,0.718,15.701,19.073,12.433,21.432,14.489,20.748
20,1,20,1,20,36.992,0.711,0.685,0.715,15.82,19.059,12.48,21.388,14.514,20.803
