Header Section,,,,,,,,,,,,,,,,,,,,,,,,,,,,,,,,,,,,,,,,,,,,,,,,,,,,,,,,,,,,,,,,,,,,,,,
Product,VC1630,,,,,,,,,,,,,,,,,,,,,,,,,,,,,,,,,,,,,,,,,,,,,,,,,,,,,,,,,,,,,,,,,,,,,,
Test Plan,Rev(A),,,,,,,,,,,,,,,,,,,,,,,,,,,,,,,,,,,,,,,,,,,,,,,,,,,,,,,,,,,,,,,,,,,,,,
Release Date,2018/6/27,,,,,,,,,,,,,,,,,,,,,,,,,,,,,,,,,,,,,,,,,,,,,,,,,,,,,,,,,,,,,,,,,,,,,,
Comment,#11-40/A3E2.1,,,,,,,,,,,,,,,,,,,,,,,,,,,,,,,,,,,,,,,,,,,,,,,,,,,,,,,,,,,,,,,,,,,,,,
,,,,,,,,,,,,,,,,,,,,,,,,,,,,,,,,,,,,,,,,,,,,,,,,,,,,,,,,,,,,,,,,,,,,,,,
Data Section,,,,,,,,,,,,,,,,,,,,,,,,,,,,,,,,,,,,,,,,,,,,,,,,,,,,,,,,,,,,,,,,,,,,,,,
Device#,1,2,3,4,5,6,7,8,9,10,11,12,13,14,15,16,17,18,19,20,21,22,23,24,25,26,27,28,29,30,31,32,33,34,35,36,37,38,39,40,41,42,43,44,45,46,47,48,49,50,51,52,53,54,55,56,57,58,59,60,61,62,63,64,65,66,67,68,69,70,71
Test Item,Site No,Hbin,Sbin,Device ID,0x1C_poweron_Read_38,0x1C_Write_Read_38,0x00_Write_Read,VDD_Leakage,VIO_Leakage,CLK_Leakage,DATA_Leakage,IL_ANT_RF1_0P96,IL_ANT_RF1_2P17,IL_ANT_RF1_2P70,IL_ANT_RF2_0P96,IL_ANT_RF2_2P17,IL_ANT_RF2_2P70,IL_ANT_RF3_0P96,IL_ANT_RF3_2P17,IL_ANT_RF3_2P70,IL_ANT_RF4_0P96,IL_ANT_RF4_2P17,IL_ANT_RF4_2P70,IL_ANT_RF5_0P96,IL_ANT_RF5_2P17,IL_ANT_RF5_2P70,IL_ANT_RF6_0P96,IL_ANT_RF6_2P17,IL_ANT_RF6_2P70,IL_ANT_RF7_0P96,IL_ANT_RF7_2P17,IL_ANT_RF7_2P70,IL_ANT_RF8_0P96,IL_ANT_RF8_2P17,IL_ANT_RF8_2P70,IL_ANT_RF9_0P96,IL_ANT_RF9_2P17,IL_ANT_RF9_2P70,IL_ANT_RF10_0P96,IL_ANT_RF10_2P17,IL_ANT_RF10_2P70,ANT_RF1_ISORF2_0P96,ANT_RF1_ISORF2_2P17,ANT_RF1_ISORF2_2P70,ANT_RF2_ISORF3_0P96,ANT_RF2_ISORF3_2P17,ANT_RF2_ISORF3_2P70,ANT_RF3_ISORF4_0P96,ANT_RF3_ISORF4_2P17,ANT_RF3_ISORF4_2P70,ANT_RF4_ISORF5_0P96,ANT_RF4_ISORF5_2P17,ANT_RF4_ISORF5_2P70,ANT_RF5_ISORF6_0P96,ANT_RF5_ISORF6_2P17,ANT_RF5_ISORF6_2P70,ANT_RF6_ISORF7_0P96,ANT_RF6_ISORF7_2P17,ANT_RF6_ISORF7_2P70,ANT_RF7_ISORF8_0P96,ANT_RF7_ISORF8_2P17,ANT_RF7_ISORF8_2P70,ANT_RF8_ISORF9_0P96,ANT_RF8_ISORF9_2P17,ANT_RF8_ISORF9_2P70,ANT_RF9_ISORF10_0P96,ANT_RF9_ISORF10_2P17,ANT_RF9_ISORF10_2P70,ANT_RF10_ISORF1_0P96,ANT_RF10_ISORF1_2P17,ANT_RF10_ISORF1_2P70
Low Tolerance,,,,,,,,10,,,,0.2,0.2,0.2,0.2,0.2,0.2,0.2,0.2,0.2,0.2,0.2,0.2,0.2,0.2,0.2,0.2,0.2,0.2,0.2,0.2,0.2,0.2,0.2,0.2,0.2,0.2,0.2,0.2,0.2,0.2,2,2,2,2,2,2,2,2,2,2,2,2,2,2,2,2,2,2,2,2,2,2,2,2,2,2,2,2,2,2
High Tolerance,,,,,,,,10,,,,0.2,0.2,0.2,0.2,0.2,0.2,0.2,0.2,0.2,0.2,0.2,0.2,0.2,0.2,0.2,0.2,0.2,0.2,0.2,0.2,0.2,0.2,0.2,0.2,0.2,0.2,0.2,0.2,0.2,0.2,2,2,2,2,2,2,2,2,2,2,2,2,2,2,2,2,2,2,2,2,2,2,2,2,2,2,2,2,2,2
Enable,,,,,,,,1,,,,1,1,1,1,1,1,1,1,1,1,1,1,1,1,1,1,1,1,1,1,1,1,1,1,1,1,1,1,1,1,0,0,0,0,0,0,0,0,0,0,0,0,0,0,0,0,0,0,0,0,0,0,0,0,0,0,0,0,0,0
11,1,1,1,11,1,1,1,35.666,2.25,-0.01,-0.051,0.456,0.458,0.705,0.442,0.45,0.704,0.434,0.463,0.747,0.417,0.477,0.79,0.406,0.505,0.873,0.41,0.474,0.818,0.44,0.478,0.85,0.422,0.433,0.679,0.445,0.454,0.695,0.459,0.51,0.705,24.659,23.01,16.415,24.064,22.881,16.42,31.435,32.216,19.291,25.629,23.381,14.222,32.843,26.997,22.894,27.835,19.985,22.209,21.353,28.591,16.144,20.373,16.368,23.15,25.226,25.4,20.371,48.877,41.832,41.782
12,1,1,1,12,1,1,1,35.668,2.25,-0.082,-0.051,0.448,0.443,0.684,0.428,0.432,0.677,0.425,0.443,0.71,0.408,0.457,0.777,0.399,0.487,0.848,0.399,0.444,0.783,0.429,0.453,0.78,0.416,0.432,0.676,0.439,0.442,0.665,0.466,0.512,0.737,24.699,23.145,16.381,24.045,22.794,16.354,31.38,32.238,19.271,25.639,23.313,14.161,32.952,27.029,22.894,27.972,20.078,22.199,21.582,28.739,16.342,20.396,16.381,23.185,25.349,25.6,20.67,48.781,42.143,41.681
13,1,1,1,13,1,1,1,35.667,2.25,-0.071,-0.041,0.445,0.457,0.682,0.431,0.426,0.669,0.424,0.447,0.702,0.41,0.448,0.778,0.403,0.492,0.833,0.396,0.451,0.776,0.428,0.446,0.791,0.421,0.432,0.677,0.447,0.441,0.655,0.473,0.513,0.746,24.713,23.191,16.416,24.141,22.81,16.498,31.576,32.315,19.466,25.657,23.251,14.136,32.927,27.009,22.869,27.987,20.076,22.221,21.546,28.712,16.35,20.429,16.414,23.177,25.373,25.611,20.663,49.078,42.05,42.021
14,1,1,1,14,1,1,1,35.665,2.25,-0.051,0.01,0.449,0.454,0.692,0.432,0.436,0.667,0.424,0.448,0.725,0.404,0.459,0.773,0.405,0.488,0.872,0.399,0.441,0.801,0.433,0.46,0.781,0.419,0.434,0.69,0.435,0.446,0.667,0.466,0.521,0.747,24.778,23.18,16.444,24.111,22.771,16.389,31.587,32.118,19.319,25.681,23.244,14.176,32.907,26.944,22.892,28.029,20.09,22.271,21.521,28.727,16.265,20.391,16.384,23.188,25.369,25.594,20.656,48.666,42.087,41.8
15,1,1,1,15,1,1,1,35.667,2.25,-0.102,-0.051,0.444,0.454,0.678,0.427,0.438,0.658,0.424,0.449,0.731,0.41,0.467,0.773,0.399,0.489,0.869,0.398,0.443,0.806,0.432,0.467,0.777,0.416,0.433,0.695,0.434,0.45,0.671,0.464,0.52,0.745,24.819,23.177,16.464,24.208,22.82,16.519,31.62,32.191,19.369,25.712,23.211,14.117,32.932,26.968,22.933,28.006,20.077,22.279,21.546,28.781,16.27,20.433,16.414,23.279,25.322,25.566,20.643,48.749,41.695,41.795
16,1,1,1,16,1,1,1,35.666,2.25,-0.071,0,0.446,0.448,0.689,0.43,0.425,0.668,0.42,0.447,0.713,0.405,0.448,0.761,0.398,0.483,0.834,0.394,0.444,0.777,0.426,0.445,0.795,0.417,0.428,0.671,0.443,0.437,0.663,0.471,0.507,0.743,24.81,23.223,16.483,24.184,22.816,16.516,31.648,32.258,19.45,25.898,23.176,14.254,32.999,27.045,22.962,27.981,20.117,22.153,21.472,28.649,16.276,20.419,16.419,23.194,25.343,25.571,20.658,48.957,42.181,41.947
17,1,1,1,17,1,1,1,35.665,2.25,-0.071,-0.082,0.447,0.441,0.695,0.427,0.421,0.669,0.42,0.447,0.699,0.405,0.442,0.775,0.396,0.486,0.82,0.395,0.446,0.774,0.431,0.444,0.803,0.42,0.429,0.67,0.443,0.438,0.648,0.473,0.504,0.743,24.778,23.148,16.48,24.162,22.832,16.521,31.494,32.329,19.408,25.765,23.29,14.266,32.955,27.073,22.96,27.909,20.014,22.244,21.564,28.598,16.387,20.448,16.435,23.193,25.328,25.547,20.637,49.106,42.104,42.071
18,1,1,1,18,1,1,1,35.668,2.25,-0.132,-0.112,0.444,0.436,0.686,0.426,0.42,0.678,0.419,0.443,0.703,0.406,0.442,0.78,0.395,0.485,0.826,0.394,0.443,0.775,0.428,0.445,0.798,0.416,0.423,0.673,0.436,0.434,0.648,0.466,0.504,0.737,24.71,23.118,16.407,24.118,22.801,16.428,31.462,32.216,19.344,25.644,23.338,14.176,32.941,27.073,22.98,27.894,20.033,22.076,21.51,28.711,16.275,20.439,16.428,23.213,25.335,25.557,20.644,48.699,41.837,41.666
19,1,1,1,19,1,1,1,35.664,2.25,-0.071,-0.081,0.449,0.448,0.683,0.431,0.428,0.662,0.427,0.444,0.712,0.411,0.451,0.771,0.402,0.489,0.836,0.401,0.445,0.776,0.432,0.449,0.793,0.423,0.429,0.671,0.442,0.44,0.651,0.471,0.506,0.739,24.736,23.131,16.358,24.253,22.845,16.617,31.647,32.228,19.469,25.705,23.238,14.164,32.955,27.096,22.919,27.958,20.051,22.204,21.514,28.657,16.287,20.452,16.444,23.224,25.325,25.55,20.613,49.106,42.133,42.145
20,1,1,1,20,1,1,1,35.667,2.25,-0.041,-0.133,0.444,0.434,0.687,0.428,0.428,0.66,0.422,0.443,0.721,0.405,0.451,0.752,0.397,0.481,0.838,0.391,0.437,0.773,0.425,0.442,0.786,0.413,0.423,0.665,0.433,0.439,0.658,0.462,0.505,0.736,24.8,23.184,16.478,24.189,22.845,16.498,31.542,32.193,19.348,25.763,23.309,14.262,32.918,27.041,22.917,27.936,20.071,22.12,21.532,28.758,16.316,20.4,16.396,23.15,25.312,25.539,20.6,49.387,42.031,42.092
21,1,1,1,21,1,1,1,35.667,2.25,0.01,0,0.444,0.447,0.682,0.426,0.436,0.657,0.422,0.447,0.719,0.408,0.463,0.766,0.402,0.49,0.862,0.395,0.438,0.8,0.429,0.463,0.781,0.415,0.427,0.683,0.434,0.449,0.673,0.457,0.515,0.744,24.787,23.19,16.46,24.216,22.82,16.486,31.65,32.119,19.375,25.721,23.317,14.17,33.079,27.031,22.984,28.038,20.074,22.271,21.53,28.776,16.252,20.422,16.404,23.184,25.292,25.52,20.567,49.68,41.813,41.791
22,1,1,1,22,1,1,1,35.667,2.25,-0.071,-0.081,0.438,0.434,0.671,0.421,0.424,0.672,0.415,0.436,0.692,0.404,0.446,0.787,0.4,0.484,0.839,0.392,0.437,0.772,0.425,0.444,0.778,0.411,0.421,0.666,0.433,0.434,0.651,0.458,0.502,0.736,40.026,39.403,29.858,39.184,36.081,34.489,36.327,33.554,25.206,34.749,27.495,22.689,37.502,30.484,25.887,39.893,36.858,26.564,40.362,35.197,30.104,42.776,37.228,33.613,43.221,37.384,34.574,43.106,37.28,34.577
23,1,1,1,23,1,1,1,35.666,2.25,-0.02,0.051,0.449,0.457,0.689,0.428,0.435,0.648,0.424,0.443,0.711,0.409,0.455,0.752,0.399,0.484,0.842,0.395,0.438,0.78,0.426,0.448,0.785,0.415,0.425,0.66,0.437,0.437,0.655,0.462,0.504,0.737,24.851,23.25,16.511,24.248,22.872,16.578,31.603,32.255,19.412,25.781,23.334,14.268,32.941,27.034,22.952,28.032,20.058,22.263,21.525,28.751,16.295,20.475,16.428,23.179,25.289,25.571,20.647,48.879,41.86,41.804
24,1,1,1,24,1,1,1,35.666,2.25,-0.102,0.01,0.447,0.44,0.679,0.429,0.429,0.662,0.421,0.44,0.705,0.408,0.452,0.77,0.398,0.482,0.827,0.391,0.438,0.761,0.423,0.445,0.785,0.416,0.424,0.661,0.437,0.441,0.655,0.46,0.505,0.735,24.828,23.17,16.517,24.14,22.861,16.436,31.453,32.275,19.31,25.576,23.352,14.13,33.027,27.041,22.927,27.968,20.058,22.217,21.516,28.621,16.309,20.423,16.412,23.117,25.297,25.525,20.541,48.837,42.131,42.174
25,1,1,1,25,1,1,1,35.666,2.25,-0.163,0.041,0.448,0.44,0.694,0.43,0.431,0.664,0.424,0.438,0.715,0.409,0.451,0.752,0.395,0.477,0.83,0.392,0.438,0.765,0.427,0.44,0.791,0.413,0.424,0.666,0.443,0.439,0.655,0.466,0.505,0.74,24.784,23.176,16.475,24.229,22.882,16.544,31.635,32.256,19.406,25.789,23.381,14.323,32.945,27.031,22.872,27.908,20.079,22.132,21.537,28.648,16.345,20.477,16.442,23.2,25.292,25.493,20.556,48.924,42.138,42.27
26,1,1,1,26,1,1,1,35.667,2.25,-0.132,0.031,0.446,0.436,0.692,0.433,0.431,0.667,0.422,0.439,0.708,0.408,0.448,0.755,0.395,0.48,0.819,0.397,0.435,0.775,0.429,0.445,0.788,0.417,0.421,0.673,0.44,0.437,0.656,0.467,0.506,0.748,24.816,23.12,16.522,24.262,22.889,16.587,31.625,32.243,19.414,25.827,23.263,14.233,32.86,27.06,22.918,27.974,20.025,22.216,21.516,28.602,16.31,20.486,16.471,23.231,25.26,25.512,20.562,48.47,41.988,42.007
27,1,1,1,27,1,1,1,35.668,2.25,-0.071,-0.03,0.447,0.436,0.693,0.431,0.423,0.664,0.419,0.443,0.698,0.408,0.446,0.763,0.396,0.482,0.814,0.387,0.441,0.753,0.423,0.44,0.792,0.417,0.424,0.667,0.437,0.431,0.642,0.466,0.503,0.74,24.834,23.125,16.557,24.275,22.842,16.603,31.604,32.177,19.418,25.823,23.245,14.226,32.89,27.039,22.846,27.948,20.175,22.031,21.499,28.734,16.288,20.509,16.491,23.192,25.364,25.571,20.651,48.721,41.889,41.958
28,1,1,1,28,1,1,1,35.665,2.25,-0.051,-0.031,0.444,0.442,0.671,0.425,0.432,0.659,0.421,0.442,0.71,0.405,0.453,0.753,0.398,0.479,0.835,0.407,0.459,0.796,0.431,0.455,0.779,0.419,0.427,0.669,0.433,0.441,0.654,0.46,0.507,0.74,24.706,23.168,16.396,24.183,22.888,16.501,31.529,32.243,19.375,25.717,23.414,14.307,33.016,27.045,22.917,28.028,20.151,22.244,21.482,28.809,16.229,20.482,16.464,23.267,25.28,25.54,20.581,48.863,41.881,41.954
29,1,1,1,29,1,1,1,35.668,2.25,0,0.031,0.451,0.45,0.691,0.438,0.441,0.679,0.43,0.451,0.726,0.413,0.463,0.778,0.405,0.493,0.854,0.401,0.447,0.795,0.441,0.463,0.791,0.425,0.436,0.687,0.44,0.45,0.666,0.469,0.522,0.76,24.714,23.155,16.368,24.137,22.832,16.423,31.453,32.227,19.282,25.623,23.439,14.226,32.929,26.989,22.924,28.091,20.179,22.243,21.471,28.836,16.17,20.513,16.5,23.369,25.236,25.44,20.48,49.075,41.809,41.789
30,1,1,1,30,1,1,1,35.668,2.25,-0.122,-0.041,0.455,0.456,0.695,0.439,0.449,0.666,0.438,0.458,0.754,0.423,0.486,0.767,0.409,0.494,0.888,0.402,0.444,0.812,0.437,0.472,0.789,0.425,0.437,0.694,0.439,0.457,0.693,0.466,0.527,0.767,24.832,23.177,16.436,24.186,22.846,16.45,31.555,32.191,19.247,25.703,23.31,14.165,32.957,26.979,22.914,27.975,20.149,22.126,21.448,28.771,16.181,20.428,16.405,23.167,25.221,25.441,20.486,48.842,41.759,41.905
31,1,1,1,31,1,1,1,35.667,2.25,-0.092,0.03,0.449,0.451,0.696,0.43,0.442,0.666,0.422,0.45,0.724,0.413,0.471,0.781,0.4,0.488,0.86,0.394,0.447,0.803,0.434,0.466,0.768,0.418,0.435,0.694,0.432,0.45,0.66,0.462,0.523,0.766,24.787,23.082,16.453,24.275,22.908,16.542,31.675,32.239,19.354,25.636,23.431,14.176,32.963,26.945,22.906,28.125,20.204,22.283,21.587,28.92,16.292,20.543,16.521,23.267,25.378,25.657,20.67,49.421,41.689,41.864
32,1,1,1,32,1,1,1,35.665,2.25,-0.051,-0.041,0.449,0.454,0.689,0.435,0.44,0.668,0.429,0.451,0.729,0.416,0.468,0.782,0.402,0.494,0.857,0.4,0.448,0.802,0.436,0.462,0.794,0.424,0.436,0.689,0.441,0.453,0.67,0.466,0.518,0.754,24.781,23.131,16.485,24.211,22.878,16.506,31.624,32.171,19.348,25.709,23.296,14.196,32.932,26.964,22.942,27.918,20.112,22.136,21.463,28.595,16.244,20.497,16.465,23.185,25.384,25.626,20.682,49.148,41.693,41.773
33,1,1,1,33,1,1,1,35.666,2.25,-0.082,-0.112,0.451,0.453,0.691,0.439,0.446,0.703,0.435,0.465,0.744,0.416,0.477,0.794,0.405,0.502,0.869,0.411,0.472,0.816,0.44,0.479,0.832,0.422,0.432,0.681,0.439,0.453,0.689,0.453,0.507,0.698,24.641,22.995,16.366,24.085,22.861,16.431,31.444,32.248,19.284,25.64,23.297,14.189,32.916,26.976,22.853,27.868,19.967,22.202,21.409,28.767,16.119,20.389,16.356,23.139,25.199,25.386,20.315,49.008,41.828,42.159
34,1,1,1,34,1,1,1,35.665,2.25,-0.143,0,0.45,0.451,0.695,0.438,0.446,0.679,0.432,0.46,0.745,0.418,0.477,0.779,0.407,0.498,0.878,0.414,0.47,0.825,0.438,0.476,0.823,0.421,0.435,0.69,0.441,0.454,0.685,0.456,0.51,0.708,24.854,23.145,16.577,24.214,22.839,16.495,31.571,32.191,19.277,25.661,23.388,14.294,32.819,27.005,22.886,27.981,20.028,22.367,21.468,28.716,16.209,20.488,16.47,23.314,25.245,25.371,20.338,49.139,41.86,41.699
35,1,1,1,35,1,1,1,35.667,2.25,0.01,-0.041,0.445,0.435,0.691,0.43,0.427,0.657,0.417,0.438,0.707,0.408,0.45,0.763,0.393,0.479,0.822,0.389,0.433,0.766,0.423,0.442,0.79,0.414,0.42,0.674,0.436,0.437,0.656,0.458,0.504,0.748,24.834,23.108,16.571,24.316,22.855,16.621,31.625,32.19,19.369,25.765,23.299,14.181,32.925,27.024,22.929,27.883,20.101,22.004,21.485,28.66,16.242,20.448,16.437,23.102,25.329,25.488,20.55,48.882,41.936,41.948
36,1,1,1,36,1,1,1,35.667,2.25,-0.041,-0.051,0.448,0.437,0.696,0.431,0.427,0.655,0.419,0.44,0.704,0.404,0.446,0.763,0.392,0.481,0.821,0.389,0.434,0.764,0.424,0.441,0.785,0.412,0.422,0.671,0.435,0.438,0.659,0.459,0.501,0.741,24.823,23.086,16.556,24.295,22.888,16.609,31.637,32.187,19.371,25.777,23.291,14.184,32.972,27.02,22.914,27.911,20.12,22.038,21.487,28.671,16.256,20.485,16.439,23.132,25.311,25.53,20.555,49.2,41.971,41.536
37,1,1,1,37,1,1,1,35.666,2.25,-0.031,-0.051,0.45,0.453,0.684,0.436,0.444,0.68,0.429,0.464,0.724,0.414,0.473,0.776,0.404,0.5,0.851,0.41,0.468,0.812,0.442,0.475,0.811,0.423,0.439,0.676,0.447,0.461,0.679,0.457,0.513,0.705,24.8,23.145,16.494,24.201,22.847,16.525,31.515,32.324,19.321,25.71,23.443,14.383,33.001,27.153,22.9,27.993,20.074,22.242,21.503,28.797,16.225,20.48,16.444,23.204,25.281,25.384,20.308,48.728,42.119,41.65
38,1,1,1,38,1,1,1,35.668,2.25,-0.092,-0.01,0.442,0.436,0.673,0.423,0.421,0.664,0.418,0.435,0.688,0.402,0.445,0.758,0.395,0.475,0.821,0.391,0.433,0.762,0.425,0.443,0.757,0.413,0.417,0.662,0.434,0.431,0.638,0.456,0.493,0.732,24.701,23.093,16.379,24.157,22.87,16.511,31.561,32.188,19.38,25.691,23.28,14.166,32.958,27.048,22.869,28.017,20.154,22.205,21.603,28.691,16.426,20.497,16.514,23.232,25.332,25.579,20.617,49.34,42.108,42.103
39,1,1,1,39,1,1,1,35.666,2.25,-0.082,-0.092,0.443,0.436,0.678,0.427,0.427,0.661,0.419,0.439,0.699,0.407,0.454,0.77,0.399,0.484,0.832,0.394,0.434,0.783,0.429,0.451,0.771,0.412,0.421,0.668,0.435,0.432,0.64,0.456,0.506,0.737,24.723,23.076,16.398,24.195,22.837,16.499,31.529,32.241,19.311,25.567,23.377,14.13,32.989,27.043,22.932,27.985,20.074,22.231,21.548,28.67,16.334,20.525,16.504,23.252,25.37,25.605,20.617,49.409,41.964,41.853
40,1,1,1,40,1,1,1,35.666,2.25,-0.071,-0.061,0.445,0.439,0.671,0.425,0.429,0.658,0.423,0.441,0.705,0.408,0.449,0.767,0.394,0.48,0.827,0.393,0.438,0.772,0.426,0.446,0.778,0.416,0.422,0.666,0.431,0.439,0.647,0.453,0.501,0.733,24.778,23.145,16.471,24.116,22.858,16.439,31.506,32.268,19.3,25.611,23.401,14.191,32.941,27.026,22.913,27.931,20.068,22.129,21.528,28.701,16.336,20.482,16.459,23.193,25.356,25.548,20.602,48.84,41.769,41.909
