Header Section,,,,,,,,,,,,,,,,,,,,,,,,,,,,,,,,,,,,,,,,,,,,,,,,,,,,,,,,,
Product,VC1638,,,,,,,,,,,,,,,,,,,,,,,,,,,,,,,,,,,,,,,,,,,,,,,,,,,,,,,,
Test Plan,Rev(B),,,,,,,,,,,,,,,,,,,,,,,,,,,,,,,,,,,,,,,,,,,,,,,,,,,,,,,,
Release Date,2018/12/28,,,,,,,,,,,,,,,,,,,,,,,,,,,,,,,,,,,,,,,,,,,,,,,,,,,,,,,,
Comment,#11-30/A2.01,,,,,,,,,,,,,,,,,,,,,,,,,,,,,,,,,,,,,,,,,,,,,,,,,,,,,,,,
,,,,,,,,,,,,,,,,,,,,,,,,,,,,,,,,,,,,,,,,,,,,,,,,,,,,,,,,,
Data Section,,,,,,,,,,,,,,,,,,,,,,,,,,,,,,,,,,,,,,,,,,,,,,,,,,,,,,,,,
Device#,1,2,3,4,5,6,7,8,9,10,11,12,13,14,15,16,17,18,19,20,21,22,23,24,25,26,27,28,29,30,31,32,33,34,35,36,37,38,39,40,41,42,43,44,45,46,47,48,49,50,51,52,53,54,55,56,57
Test Item,Site No,Hbin,Sbin,Device ID,VDD_Leakage,VIO_Leakage,CLK_Leakage,DATA_Leakage,Mipi,IL_ANT_RF1_0P96,IL_ANT_RF1_2P17,IL_ANT_RF1_2P70,IL_ANT_RF2_0P96,IL_ANT_RF2_2P17,IL_ANT_RF2_2P70,IL_ANT_RF3_0P96,IL_ANT_RF3_2P17,IL_ANT_RF3_2P70,IL_ANT_RF4_0P96,IL_ANT_RF4_2P17,IL_ANT_RF4_2P70,IL_ANT_RF5_0P96,IL_ANT_RF5_2P17,IL_ANT_RF5_2P70,IL_ANT_RF6_0P96,IL_ANT_RF6_2P17,IL_ANT_RF6_2P70,IL_ANT_RF7_0P96,IL_ANT_RF7_2P17,IL_ANT_RF7_2P70,IL_ANT_RF8_0P96,IL_ANT_RF8_2P17,IL_ANT_RF8_2P70,ANT_RF1_ISORF2_0P96,ANT_RF1_ISORF2_2P17,ANT_RF1_ISORF2_2P70,ANT_RF2_ISORF3_0P96,ANT_RF2_ISORF3_2P17,ANT_RF2_ISORF3_2P70,ANT_RF3_ISORF4_0P96,ANT_RF3_ISORF4_2P17,ANT_RF3_ISORF4_2P70,ANT_RF4_ISORF5_0P96,ANT_RF4_ISORF5_2P17,ANT_RF4_ISORF5_2P70,ANT_RF5_ISORF6_0P96,ANT_RF5_ISORF6_2P17,ANT_RF5_ISORF6_2P70,ANT_RF6_ISORF7_0P96,ANT_RF6_ISORF7_2P17,ANT_RF6_ISORF7_2P70,ANT_RF7_ISORF8_0P96,ANT_RF7_ISORF8_2P17,ANT_RF7_ISORF8_2P70,ANT_RF8_ISORF1_0P96,ANT_RF8_ISORF1_2P17,ANT_RF8_ISORF1_2P70
Low Tolerance,,,,,10,,,,,0.2,0.2,0.2,0.2,0.2,0.2,0.2,0.2,0.2,0.2,0.2,0.2,0.2,0.2,0.2,0.2,0.2,0.2,0.2,0.2,0.2,0.2,0.2,0.2,2,2,2,2,2,2,2,2,2,2,2,2,2,2,2,2,2,2,2,2,2,2,2,2
High Tolerance,,,,,10,,,,,0.2,0.2,0.2,0.2,0.2,0.2,0.2,0.2,0.2,0.2,0.2,0.2,0.2,0.2,0.2,0.2,0.2,0.2,0.2,0.2,0.2,0.2,0.2,0.2,2,2,2,2,2,2,2,2,2,2,2,2,2,2,2,2,2,2,2,2,2,2,2,2
Enable,,,,,1,,,,,1,1,1,1,1,1,1,1,1,1,1,1,1,1,1,1,1,1,1,1,1,1,1,1,0,0,0,0,0,0,0,0,0,0,0,0,0,0,0,0,0,0,0,0,0,0,0,0
11,1,1,1,11,16.594,0.717,0.394,0.774,1,0.438,0.571,0.657,0.482,0.590,0.643,0.518,0.633,0.706,0.497,0.616,0.677,0.392,0.501,0.553,0.443,0.556,0.572,0.455,0.562,0.585,0.484,0.597,0.624,36.465,27.008,17.194,23.228,19.718,15.276,26.400,19.661,14.570,27.446,19.977,16.471,37.536,27.534,16.624,25.420,18.876,18.354,47.740,24.375,26.150,22.547,19.191,16.175
12,1,1,1,12,16.472,0.706,0.387,0.765,1,0.446,0.577,0.673,0.504,0.607,0.665,0.530,0.652,0.741,0.508,0.627,0.691,0.400,0.507,0.563,0.448,0.559,0.586,0.464,0.568,0.600,0.487,0.601,0.631,36.670,27.153,17.322,23.283,19.834,15.380,26.109,19.395,14.561,27.411,19.948,16.458,37.582,27.606,16.678,25.454,18.869,18.331,47.755,24.411,26.233,22.607,19.264,16.290
13,1,1,1,13,16.522,0.719,0.394,0.782,1,0.437,0.570,0.662,0.484,0.584,0.636,0.524,0.643,0.728,0.502,0.616,0.674,0.394,0.501,0.553,0.446,0.554,0.571,0.454,0.563,0.589,0.483,0.595,0.623,36.651,27.113,17.272,23.308,19.898,15.435,26.101,19.391,14.537,27.392,19.891,16.404,37.548,27.693,16.667,25.444,18.855,18.300,48.175,24.439,26.281,22.617,19.246,16.250
14,1,1,1,14,16.838,0.714,0.393,0.763,1,0.445,0.585,0.677,0.492,0.598,0.652,0.531,0.654,0.737,0.500,0.620,0.684,0.395,0.513,0.565,0.450,0.564,0.586,0.459,0.575,0.599,0.490,0.600,0.631,36.883,27.223,17.215,23.270,19.891,15.443,26.207,19.393,14.539,27.331,19.901,16.404,37.708,27.682,16.619,25.426,18.888,18.371,48.993,24.382,26.229,22.509,19.157,16.160
15,1,1,1,15,16.655,0.721,0.396,0.778,1,0.441,0.580,0.666,0.488,0.596,0.648,0.525,0.650,0.726,0.500,0.619,0.681,0.393,0.517,0.565,0.449,0.568,0.584,0.458,0.576,0.595,0.490,0.612,0.640,36.810,27.286,17.202,23.311,19.826,15.343,26.405,19.585,14.554,27.406,19.954,16.434,37.603,27.611,16.604,25.424,18.851,18.331,47.746,24.222,25.972,22.338,18.961,15.973
16,1,1,1,16,16.421,0.714,0.394,0.767,1,0.438,0.574,0.659,0.487,0.593,0.647,0.523,0.646,0.733,0.495,0.610,0.670,0.395,0.504,0.555,0.446,0.560,0.582,0.456,0.567,0.590,0.486,0.605,0.633,36.696,27.189,17.244,23.267,19.879,15.393,26.176,19.392,14.553,27.424,19.899,16.396,37.657,27.682,16.634,25.430,18.859,18.347,48.276,24.321,26.111,22.569,19.194,16.176
17,1,1,1,17,15.872,0.699,0.387,0.753,1,0.432,0.557,0.649,0.482,0.581,0.641,0.513,0.635,0.725,0.488,0.591,0.653,0.388,0.490,0.542,0.443,0.553,0.572,0.455,0.557,0.584,0.479,0.588,0.620,36.663,27.053,17.325,23.301,19.867,15.389,26.120,19.388,14.537,27.378,19.909,16.401,37.596,27.569,16.708,25.458,18.887,18.362,47.775,24.259,26.033,22.602,19.267,16.288
18,1,1,1,18,16.370,0.712,0.399,0.771,1,0.442,0.573,0.666,0.486,0.587,0.644,0.522,0.640,0.727,0.497,0.606,0.667,0.393,0.499,0.553,0.450,0.561,0.582,0.460,0.569,0.598,0.489,0.602,0.632,36.661,27.200,17.302,23.306,19.851,15.382,26.151,19.441,14.548,27.370,19.925,16.427,37.699,27.498,16.674,25.431,18.857,18.329,47.252,24.144,25.828,22.600,19.225,16.240
19,1,1,1,19,16.716,0.719,0.397,0.778,1,0.442,0.580,0.666,0.488,0.593,0.647,0.522,0.644,0.728,0.496,0.612,0.670,0.395,0.511,0.560,0.452,0.568,0.586,0.462,0.574,0.597,0.491,0.604,0.633,36.748,27.137,17.223,23.299,19.864,15.404,26.223,19.400,14.507,27.353,19.918,16.411,37.587,27.540,16.579,25.421,18.872,18.360,48.310,24.400,26.204,22.541,19.171,16.161
20,1,1,1,20,16.777,0.721,0.397,0.779,1,0.440,0.572,0.656,0.489,0.591,0.643,0.526,0.645,0.727,0.498,0.609,0.668,0.394,0.505,0.552,0.452,0.568,0.586,0.460,0.568,0.592,0.489,0.602,0.633,36.729,27.140,17.227,23.285,19.818,15.349,26.153,19.438,14.544,27.415,19.932,16.417,37.535,27.625,16.610,25.405,18.812,18.284,48.095,24.429,26.293,22.594,19.222,16.217
21,1,1,1,21,16.360,0.717,0.400,0.775,1,0.440,0.579,0.666,0.487,0.592,0.644,0.525,0.651,0.741,0.494,0.607,0.669,0.392,0.510,0.559,0.450,0.566,0.585,0.460,0.574,0.599,0.492,0.606,0.639,36.783,27.162,17.232,23.291,19.896,15.411,26.106,19.321,14.509,27.430,19.909,16.376,37.582,27.616,16.636,25.441,18.882,18.365,47.866,24.320,26.123,22.557,19.210,16.202
22,1,1,1,22,17.122,0.723,0.400,0.784,1,0.441,0.576,0.666,0.488,0.593,0.647,0.528,0.652,0.738,0.497,0.607,0.669,0.395,0.506,0.558,0.454,0.569,0.587,0.463,0.576,0.597,0.490,0.604,0.628,36.795,27.173,17.247,23.274,19.862,15.404,26.115,19.375,14.519,27.307,19.846,16.348,37.626,27.714,16.652,25.451,18.864,18.314,48.652,24.575,26.489,22.547,19.193,16.209
23,1,1,1,23,16.878,0.725,0.399,0.786,1,0.439,0.573,0.657,0.486,0.593,0.644,0.525,0.642,0.727,0.493,0.603,0.663,0.389,0.503,0.550,0.449,0.566,0.588,0.463,0.572,0.597,0.490,0.604,0.637,36.806,27.220,17.239,23.249,19.823,15.355,26.174,19.379,14.524,27.411,19.917,16.408,37.664,27.623,16.617,25.451,18.884,18.393,48.061,24.344,26.135,22.552,19.188,16.174
24,1,1,1,24,16.960,0.726,0.402,0.781,1,0.442,0.575,0.665,0.489,0.592,0.643,0.530,0.655,0.740,0.499,0.610,0.668,0.392,0.512,0.561,0.459,0.571,0.587,0.463,0.571,0.596,0.500,0.613,0.643,36.641,27.118,17.197,23.251,19.812,15.370,26.165,19.390,14.519,27.495,19.998,16.479,37.474,27.589,16.593,25.391,18.831,18.305,48.026,24.491,26.380,22.536,19.139,16.131
25,1,1,1,25,16.319,0.714,0.392,0.772,1,0.442,0.575,0.666,0.494,0.596,0.651,0.534,0.651,0.739,0.508,0.615,0.677,0.398,0.504,0.556,0.459,0.571,0.594,0.470,0.577,0.605,0.498,0.617,0.648,36.788,27.177,17.290,23.295,19.873,15.391,26.148,19.433,14.574,27.429,19.919,16.412,37.612,27.669,16.681,25.450,18.866,18.332,47.867,24.402,26.267,22.610,19.241,16.252
26,1,1,1,26,17.580,0.717,0.397,0.771,1,0.441,0.577,0.665,0.484,0.587,0.637,0.522,0.644,0.732,0.506,0.618,0.677,0.390,0.501,0.552,0.452,0.565,0.584,0.464,0.574,0.599,0.490,0.607,0.637,36.722,27.205,17.247,23.244,19.821,15.364,26.140,19.381,14.559,27.441,19.948,16.439,37.579,27.634,16.633,25.441,18.889,18.377,48.316,24.385,26.200,22.585,19.242,16.227
27,1,1,1,27,17.143,0.729,0.401,0.788,1,0.444,0.580,0.674,0.496,0.600,0.654,0.530,0.653,0.740,0.501,0.613,0.672,0.397,0.514,0.569,0.460,0.574,0.594,0.466,0.579,0.608,0.507,0.629,0.654,36.792,27.166,17.233,23.241,19.814,15.367,26.227,19.460,14.515,27.455,19.941,16.431,37.579,27.685,16.606,25.394,18.808,18.275,48.466,24.564,26.523,22.531,19.180,16.173
28,1,1,1,28,16.166,0.697,0.386,0.747,1,0.440,0.575,0.666,0.491,0.592,0.648,0.525,0.652,0.740,0.501,0.611,0.670,0.394,0.504,0.557,0.455,0.566,0.589,0.463,0.576,0.602,0.497,0.616,0.649,36.758,27.151,17.315,23.290,19.855,15.381,26.125,19.425,14.580,27.412,19.913,16.392,37.617,27.665,16.697,25.461,18.900,18.383,47.925,24.408,26.303,22.598,19.251,16.260
29,1,1,1,29,16.919,0.721,0.397,0.776,1,0.442,0.581,0.666,0.489,0.596,0.649,0.525,0.649,0.735,0.499,0.614,0.672,0.393,0.509,0.560,0.459,0.577,0.595,0.466,0.577,0.600,0.505,0.625,0.653,36.818,27.139,17.238,23.230,19.811,15.348,26.141,19.369,14.531,27.414,19.929,16.417,37.590,27.688,16.626,25.431,18.858,18.331,48.146,24.427,26.253,22.547,19.169,16.152
30,1,1,1,30,16.807,0.695,0.385,0.751,1,0.432,0.564,0.655,0.482,0.585,0.641,0.519,0.640,0.728,0.489,0.592,0.651,0.387,0.497,0.547,0.453,0.565,0.584,0.462,0.572,0.597,0.499,0.616,0.642,36.710,27.088,17.284,23.308,19.862,15.400,26.118,19.418,14.533,27.326,19.870,16.366,37.590,27.708,16.685,25.464,18.879,18.348,48.028,24.432,26.300,22.579,19.202,16.209
