Header Section,,,,,,,,,
Product,VC1673R,,,,,,,,
Test Plan,Rev(-),,,,,,,,
Release Date,10/28/2014,,,,,,,,
Comment,7300~7309 for VC1673A3E4.14;,,,,,,,,
,,,,,,,,,
Data Section,,,,,,,,,
Device#,1,2,3,4,5,6,7,8,9
Test Item,Site No,Device ID,Current,TRX1_2500_Insertion Loss,TRX2_2500_Insertion Loss,TRX3_2500_Insertion Loss,TRX1_2500_IsolationRX2,TRX1_2500_IsolationRX3,TRX2_2500_IsolationRX3
Low Tolerance,,,10,0.2,0.2,0.2,1.5,1.5,1.5
High Tolerance,,,10,0.2,0.2,0.2,1.5,1.5,1.5
Enable,,,0,1,1,1,1,1,1
7300,1,7300,49.01,0.958,0.923,0.948,36.953,32.794,32.146
7301,1,7301,52.517,0.948,0.915,0.933,36.547,32.624,31.903
7302,1,7302,45.573,0.96,0.919,0.941,36.796,32.687,32.056
7303,1,7303,41.957,0.947,0.913,0.934,36.54,32.803,32.276
7304,1,7304,39.995,0.973,0.929,0.953,36.443,32.76,32.302
7305,1,7305,50.562,0.959,0.925,0.951,36.832,32.733,32.25
7306,1,7306,42.284,0.945,0.915,0.925,36.667,32.743,32.151
7307,1,7307,46.317,0.946,0.899,0.919,37.112,32.879,32.327
7308,1,7308,52.599,0.953,0.902,0.921,36.96,33.056,32.458
7309,1,7309,50.349,0.953,0.908,0.921,37.071,32.964,32.307
