Header Section,,,,,,,,,,,,,,,,,,,,,,
Product,VC1616,,,,,,,,,,,,,,,,,,,,,
Test Plan,Rev(D),,,,,,,,,,,,,,,,,,,,,
Release Date,2018/6/11,,,,,,,,,,,,,,,,,,,,,
Comment,#1-35/A3_02,,,,,,,,,,,,,,,,,,,,,
,,,,,,,,,,,,,,,,,,,,,,
Data Section,,,,,,,,,,,,,,,,,,,,,,
Device#,1,2,3,4,5,6,7,8,9,10,11,12,13,14,15,16,17,18,19,20,21,22
Test Item,Site No,Device ID,Site,ID,Current1,Leakage_V1,Leakage_V2,Leakage_V3,Insertion  ANT  to  RF1,Insertion  ANT  to  RF2,Insertion  ANT  to  RF3,Insertion  ANT  to  RF4,Insertion  ANT  to  RF5,Insertion  ANT  to  RF6,Iso1 RF1 to RF3,Iso1 RF3 to RF1,Iso1 RF3 to RF5,Iso1 RF5 to RF3,Iso1 RF2 to RF4,Iso1 RF4 to RF2,Iso1 RF6 to RF4,Iso1 RF4 to RF6
Low Tolerance,,,,,10,,,,0.2,0.2,0.2,0.2,0.2,0.2,2,2,2,2,2,2,2,2
High Tolerance,,,,,10,,,,0.2,0.2,0.2,0.2,0.2,0.2,2,2,2,2,2,2,2,2
Enable,,,,,1,,,,1,1,1,1,1,1,1,1,1,1,1,1,1,1
1,1,1,1,1,30.785,0.021,0.004,0.003,0.644,0.663,0.636,0.655,0.657,0.667,19.86,24.937,17.354,17.307,17.832,22.884,18.414,15.052
2,1,2,1,2,28.552,0.022,0.004,0.004,0.649,0.674,0.645,0.668,0.669,0.668,19.897,24.996,17.391,17.335,17.836,22.885,18.4,15.043
3,1,3,1,3,32.793,0.025,0.006,0.006,0.641,0.668,0.634,0.66,0.655,0.66,19.858,24.959,17.354,17.307,17.775,22.876,18.403,15.011
4,1,4,1,4,34.37,0.026,0.004,0.005,0.645,0.676,0.632,0.657,0.653,0.657,19.949,25.042,17.408,17.379,17.858,22.806,18.433,15.071
5,1,5,1,5,35.04,0.028,0.009,0.011,0.649,0.671,0.632,0.654,0.651,0.652,20.047,24.981,17.416,17.389,17.967,22.919,18.552,15.201
6,1,6,1,6,30.562,0.024,0.007,0.007,0.647,0.673,0.641,0.665,0.659,0.664,19.885,24.934,17.374,17.3,17.802,22.98,18.441,15.059
7,1,7,1,7,30.669,0.022,0.003,0.005,0.658,0.679,0.642,0.667,0.667,0.663,19.83,25.038,17.428,17.359,17.807,22.924,18.433,15.035
8,1,8,1,8,30.07,0.023,0.005,0.007,0.654,0.668,0.641,0.661,0.666,0.665,19.832,25.043,17.402,17.325,17.812,23.01,18.444,15.035
9,1,9,1,9,37.634,0.021,0.004,0,0.646,0.66,0.637,0.656,0.658,0.663,19.841,24.999,17.308,17.206,17.757,22.816,18.418,14.982
10,1,10,1,10,35.318,0.028,0.007,0.006,0.649,0.674,0.637,0.658,0.654,0.659,19.867,24.911,17.361,17.304,17.829,22.724,18.42,15.08
11,1,11,1,11,33.917,0.026,0.005,0.005,0.648,0.667,0.631,0.653,0.661,0.66,19.846,24.987,17.317,17.228,17.809,22.779,18.408,15.021
12,1,12,1,12,31.904,0.023,0.002,0.007,0.654,0.672,0.639,0.663,0.663,0.668,19.864,24.988,17.359,17.261,17.793,22.816,18.427,15.062
13,1,13,1,13,35.296,0.026,0.004,0.003,0.649,0.665,0.627,0.653,0.658,0.662,19.883,24.948,17.352,17.27,17.768,22.873,18.409,14.987
14,1,14,1,14,31.461,0.026,0.006,0.004,0.643,0.665,0.627,0.654,0.658,0.464,19.785,25.032,17.37,17.305,17.648,23.015,18.383,14.659
15,1,15,1,15,45.113,0.034,0.01,0.012,0.659,0.669,0.628,0.656,0.659,0.661,19.886,25.072,17.374,17.344,17.833,22.957,18.437,15.157
16,1,16,1,16,41.9,0.027,0.009,0.005,0.648,0.667,0.624,0.655,0.647,0.534,19.768,24.965,17.252,17.159,17.807,22.755,18.369,14.861
17,1,17,1,17,28.849,0.022,0.006,0.003,0.657,0.686,0.651,0.678,0.676,0.674,19.862,25.046,17.461,17.402,17.772,23.087,18.463,15.028
18,1,18,1,18,26.874,0.023,0.001,0.001,0.678,0.699,0.647,0.687,0.67,0.545,20.052,25.144,17.679,17.596,17.995,23.253,18.58,15.061
19,1,19,1,19,32.299,0.023,0.006,0.005,0.647,0.672,0.635,0.665,0.66,0.663,19.846,25.018,17.377,17.321,17.786,22.861,18.395,15.03
20,1,20,1,20,35.849,0.025,0.007,0.009,0.648,0.67,0.634,0.657,0.66,0.66,19.891,25.028,17.353,17.308,17.754,22.83,18.397,15.009
21,1,21,1,21,29.796,0.016,0.013,-0.003,0.671,0.707,0.64,0.714,0.711,0.623,20.077,24.672,17.582,17.689,19.02,23.549,18.79,15.105
22,1,22,1,22,36.351,0.013,0.013,0,0.66,0.699,0.632,0.727,0.702,0.622,20.07,24.703,17.594,17.696,18.626,23.173,18.454,14.87
23,1,23,1,23,28.917,0.015,0.015,-0.002,0.68,0.708,0.652,0.735,0.72,0.634,20.17,24.716,17.591,17.716,19.263,23.766,18.869,15.042
24,1,24,1,24,27.466,0.018,0.009,0,0.648,0.694,0.625,0.726,0.692,0.619,20.066,24.709,17.567,17.667,18.768,23.342,18.573,14.976
25,1,25,1,25,32.329,0.014,0.013,0.003,0.666,0.707,0.636,0.721,0.709,0.627,20.114,24.732,17.637,17.743,18.631,23.396,18.671,14.986
26,1,26,1,26,31.014,0.014,0.014,-0.001,0.653,0.7,0.628,0.713,0.698,0.62,20.006,24.701,17.583,17.663,18.56,23.237,18.521,14.975
27,1,27,1,27,29.135,0.015,0.008,0.001,0.659,0.699,0.624,0.729,0.696,0.62,20.019,24.704,17.572,17.671,18.57,23.176,18.559,14.975
28,1,28,1,28,31.3,0.015,0.014,0.005,0.66,0.692,0.628,0.725,0.7,0.614,20.135,24.774,17.618,17.721,18.695,23.35,18.645,15.047
29,1,29,1,29,28.869,0.016,0.013,-0.005,0.655,0.698,0.63,0.714,0.692,0.621,20.078,24.727,17.596,17.714,18.734,23.411,18.624,15.012
30,1,30,1,30,29.458,0.014,0.014,-0.003,0.655,0.697,0.627,0.729,0.699,0.629,20.054,24.721,17.579,17.691,18.673,23.269,18.588,14.976
31,1,31,1,31,35.249,0.016,0.014,0.002,0.66,0.7,0.631,0.732,0.701,0.621,20.069,24.719,17.58,17.677,18.659,23.22,18.584,14.889
32,1,32,1,32,29.6,0.015,0.012,-0.003,0.654,0.704,0.629,0.721,0.7,0.625,19.918,24.658,17.571,17.64,18.638,23.298,18.579,14.998
33,1,33,1,33,26.606,0.014,0.014,-0.002,0.653,0.703,0.629,0.73,0.703,0.622,20.046,24.696,17.552,17.667,18.678,23.356,18.548,14.927
34,1,34,1,34,27.073,0.017,0.01,-0.003,0.65,0.694,0.624,0.729,0.695,0.621,20.057,24.709,17.597,17.698,18.711,23.32,18.605,14.949
35,1,35,1,35,27.198,0.013,0.011,0.002,0.653,0.7,0.63,0.731,0.703,0.624,20.02,24.692,17.597,17.678,18.673,23.223,18.655,14.933
