Header Section,,,,,,,,,,,,,,,,,,,,,,
Product,VC1616,,,,,,,,,,,,,,,,,,,,,
Test Plan,Rev(C),,,,,,,,,,,,,,,,,,,,,
Release Date,2016/7/25,,,,,,,,,,,,,,,,,,,,,
Comment,#31-60/A5E1.1,,,,,,,,,,,,,,,,,,,,,
,,,,,,,,,,,,,,,,,,,,,,
Data Section,,,,,,,,,,,,,,,,,,,,,,
Device#,1,2,3,4,5,6,7,8,9,10,11,12,13,14,15,16,17,18,19,20,21,22
Test Item,Site No,Device ID,Current1,Leakage_V1,Leakage_V2,Leakage_V3,Insertion  ANT  to  RF1,Insertion  ANT  to  RF2,Insertion  ANT  to  RF3,Insertion  ANT  to  RF4,Insertion  ANT  to  RF5,Insertion  ANT  to  RF6,Iso1 RF1 to RF5,Iso1 RF5 to RF1,Iso1 RF3 to RF1,Iso1 RF1 to RF3,Iso1 RF2 to RF4,Iso1 RF4 to RF2,Iso1 RF6 to RF2,Iso1 RF2 to RF6,Test Time ,Index Time 
Low Tolerance,,,10,,,,0.2,0.2,0.2,0.2,0.2,0.2,3,3,3,3,3,3,3,3,,
High Tolerance,,,10,,,,0.2,0.2,0.2,0.2,0.2,0.2,3,3,3,3,3,3,3,3,,
Enable,,,1,,,,1,1,1,1,1,1,1,1,1,1,1,1,1,1,,
31,1,31,36.956,0.01,0.012,0.009,0.61,0.598,0.625,0.474,0.597,0.585,22.514,21.257,15.151,16.587,15.55,13.883,19.682,22.055,337.451,4.802
32,1,32,42.765,0.01,0.014,0.01,0.597,0.584,0.602,0.524,0.568,0.564,22.576,21.361,15.22,16.65,15.512,13.852,19.659,22.03,335.753,21.239
33,1,33,49.931,0.01,0.012,0.011,0.593,0.577,0.609,0.579,0.603,0.549,22.584,21.35,15.219,16.644,15.534,13.864,19.66,22,344.492,20.803
34,1,34,37.869,0.01,0.012,0.009,0.609,0.596,0.623,0.586,0.588,0.587,22.542,21.336,15.185,16.607,15.479,13.829,19.654,21.98,335.201,19.569
35,1,35,32.296,0.008,0.01,0.007,0.604,0.589,0.605,0.574,0.618,0.572,22.577,21.314,15.21,16.633,15.557,13.886,19.653,22.02,338.858,27.088
36,1,36,42.143,0.011,0.012,0.011,0.593,0.579,0.61,0.5,0.552,0.556,22.632,21.365,15.261,16.691,15.542,13.875,19.686,22.087,339.68,21.336
37,1,37,36.517,0.008,0.01,0.008,0.606,0.588,0.608,0.575,0.555,0.567,22.504,21.275,15.177,16.597,15.528,13.866,19.651,22.005,338.538,20.053
38,1,38,40.704,0.015,0.015,0.016,0.592,0.573,0.599,0.579,0.579,0.562,22.573,21.36,15.22,16.644,15.513,13.855,19.701,21.999,343.173,19.376
39,1,39,34.191,0.006,0.009,0.007,0.605,0.591,0.604,0.563,0.605,0.567,22.551,21.274,15.156,16.58,15.509,13.849,19.643,21.995,339.291,18.624
40,1,40,36.001,0.008,0.008,0.008,0.598,0.579,0.61,0.535,0.59,0.565,22.617,21.385,15.23,16.658,15.509,13.838,19.647,21.973,339.081,19.776
41,1,41,38.959,0.011,0.012,0.012,0.594,0.578,0.604,0.588,0.569,0.563,22.619,21.368,15.211,16.639,15.486,13.833,19.674,22.027,343.141,19.95
42,1,42,42.7,0.016,0.014,0.014,0.585,0.567,0.583,0.559,0.544,0.55,22.66,21.384,15.242,16.672,15.499,13.834,19.665,22.027,343.798,19.372
43,1,43,32.951,0.011,0.01,0.008,0.579,0.568,0.593,0.574,0.573,0.553,22.593,21.342,15.203,16.631,15.483,13.826,19.622,21.964,340.968,19.718
44,1,44,38.652,0.009,0.01,0.011,0.592,0.573,0.606,0.584,0.556,0.571,22.653,21.395,15.224,16.65,15.499,13.829,19.613,21.989,339.553,22.399
45,1,45,39.261,0.01,0.008,0.01,0.579,0.566,0.589,0.552,0.539,0.543,22.573,21.334,15.194,16.621,15.451,13.801,19.596,21.892,339.637,19.832
46,1,46,38.427,0.009,0.008,0.01,0.578,0.562,0.573,0.504,0.569,0.536,22.62,21.341,15.22,16.66,15.476,13.824,19.689,22.005,341.906,19.442
47,1,47,36.42,0.011,0.009,0.011,0.579,0.562,0.587,0.574,0.553,0.568,22.531,21.252,15.131,16.556,15.453,13.801,19.622,21.943,339.823,19.891
48,1,48,42.13,0.011,0.011,0.012,0.573,0.556,0.569,0.516,0.56,0.533,22.627,21.365,15.204,16.635,15.469,13.813,19.654,22,339.742,19.983
49,1,49,35.526,0.009,0.01,0.008,0.576,0.553,0.57,0.549,0.549,0.555,22.594,21.324,15.199,16.632,15.467,13.812,19.649,21.968,340.376,22.189
50,1,50,37.302,0.011,0.012,0.01,0.563,0.549,0.572,0.546,0.547,0.528,22.623,21.353,15.229,16.654,15.475,13.813,19.6,21.953,335.535,20.974
51,1,51,52.376,0.011,0.013,0.012,0.554,0.537,0.553,0.54,0.529,0.52,22.782,21.474,15.265,16.697,15.425,13.772,19.611,21.964,337.744,23.948
52,1,52,44.85,0.009,0.011,0.01,0.557,0.54,0.537,0.519,0.53,0.518,22.646,21.377,15.233,16.671,15.443,13.783,19.635,21.989,337.581,20.701
53,1,53,45.608,0.016,0.016,0.015,0.55,0.531,0.54,0.538,0.542,0.511,22.63,21.418,15.25,16.675,15.434,13.779,19.632,21.947,345.687,27.688
54,1,54,52.535,0.015,0.017,0.015,0.546,0.53,0.527,0.526,0.517,0.513,22.657,21.397,15.235,16.67,15.466,13.809,19.686,22.058,346.426,19.546
55,1,55,33.702,0.01,0.008,0.009,0.549,0.526,0.551,0.545,0.523,0.531,22.493,21.249,15.157,16.585,15.372,13.708,19.541,21.891,353.44,20.013
56,1,56,36.838,0.007,0.01,0.009,0.553,0.528,0.552,0.548,0.514,0.519,22.557,21.33,15.188,16.613,15.423,13.767,19.598,21.909,338.803,20.548
57,1,57,45.023,0.009,0.011,0.011,0.534,0.515,0.536,0.52,0.524,0.5,22.509,21.278,15.135,16.559,15.388,13.723,19.562,21.87,351.114,20.135
58,1,58,36.922,0.009,0.01,0.009,0.544,0.518,0.537,0.494,0.538,0.52,22.524,21.271,15.181,16.615,15.397,13.742,19.589,21.886,345.731,16.793
59,1,59,41.4,0.007,0.009,0.009,0.534,0.512,0.521,0.508,0.503,0.511,22.42,21.197,15.103,16.518,15.345,13.681,19.499,21.837,336.775,18.103
60,1,60,42.229,0.012,0.012,0.01,0.531,0.508,0.537,0.498,0.498,0.499,22.562,21.321,15.176,16.607,15.377,13.705,19.536,21.881,352.366,24.583
