Header Section,,,,,,,,,,,,,,,,,,,,,,,,,,,,,,,,,,,,,,,,,,,,,,,,,,,,,,,,,,,,,,,,,,,,
Product,VC1630,,,,,,,,,,,,,,,,,,,,,,,,,,,,,,,,,,,,,,,,,,,,,,,,,,,,,,,,,,,,,,,,,,,
Test Plan,Rev(C),,,,,,,,,,,,,,,,,,,,,,,,,,,,,,,,,,,,,,,,,,,,,,,,,,,,,,,,,,,,,,,,,,,
Release Date,2017/11/30,,,,,,,,,,,,,,,,,,,,,,,,,,,,,,,,,,,,,,,,,,,,,,,,,,,,,,,,,,,,,,,,,,,
Comment,#1-30/A1.1,,,,,,,,,,,,,,,,,,,,,,,,,,,,,,,,,,,,,,,,,,,,,,,,,,,,,,,,,,,,,,,,,,,
,,,,,,,,,,,,,,,,,,,,,,,,,,,,,,,,,,,,,,,,,,,,,,,,,,,,,,,,,,,,,,,,,,,,
Data Section,,,,,,,,,,,,,,,,,,,,,,,,,,,,,,,,,,,,,,,,,,,,,,,,,,,,,,,,,,,,,,,,,,,,
Device#,1,2,3,4,5,6,7,8,9,10,11,12,13,14,15,16,17,18,19,20,21,22,23,24,25,26,27,28,29,30,31,32,33,34,35,36,37,38,39,40,41,42,43,44,45,46,47,48,49,50,51,52,53,54,55,56,57,58,59,60,61,62,63,64,65,66,67,68
Test Item,Site No,Hbin,Sbin,Device ID,Current1_uA,Leakage_VIO,Leakage_CLK,Leakage_DATA,Insertion Loss Rx1_960MHz,Insertion Loss Rx2_960MHz,Insertion Loss Rx3_960MHz,Insertion Loss Rx4_960MHz,Insertion Loss Rx5_960MHz,Insertion Loss Rx6_960MHz,Insertion Loss Rx7_960MHz,Insertion Loss Rx8_960MHz,Insertion Loss Rx9_960MHz,Insertion Loss Rx10_960MHz,Insertion Loss Rx1_2170MHz,Insertion Loss Rx2_2170MHz,Insertion Loss Rx3_2170MHz,Insertion Loss Rx4_2170MHz,Insertion Loss Rx5_2170MHz,Insertion Loss Rx6_2170MHz,Insertion Loss Rx7_2170MHz,Insertion Loss Rx8_2170MHz,Insertion Loss Rx9_2170MHz,Insertion Loss Rx10_2170MHz,Insertion Loss Rx1_2700MHz,Insertion Loss Rx2_2700MHz,Insertion Loss Rx3_2700MHz,Insertion Loss Rx4_2700MHz,Insertion Loss Rx5_2700MHz,Insertion Loss Rx6_2700MHz,Insertion Loss Rx7_2700MHz,Insertion Loss Rx8_2700MHz,Insertion Loss Rx9_2700MHz,Insertion Loss Rx10_2700MHz,Isolation1_RF6_960MHz,Isolation2_RF6_960MHz,Isolation3_RF6_960MHz,Isolation4_RF6_960MHz,Isolation5_RF6_960MHz,Isolation1_RF6_2170MHz,Isolation2_RF6_2170MHz,Isolation3_RF6_2170MHz,Isolation4_RF6_2170MHz,Isolation5_RF6_2170MHz,Isolation1_RF6_2700MHz,Isolation2_RF6_2700MHz,Isolation3_RF6_2700MHz,Isolation4_RF6_2700MHz,Isolation5_RF6_2700MHz,Isolation6_RF5_960MHz,Isolation7_RF5_960MHz,Isolation8_RF5_960MHz,Isolation9_RF5_960MHz,Isolation10_RF5_960MHz,Isolation6_RF5_2170MHz,Isolation7_RF5_2170MHz,Isolation8_RF5_2170MHz,Isolation9_RF5_2170MHz,Isolation10_RF5_2170MHz,Isolation6_RF5_2700MHz,Isolation7_RF5_2700MHz,Isolation8_RF5_2700MHz,Isolation9_RF5_2700MHz,Isolation10_RF5_2700MHz
Low Tolerance,,,,,10,,,,0.2,0.2,0.2,0.2,0.2,0.2,0.2,0.2,0.2,0.2,0.2,0.2,0.2,0.2,0.2,0.2,0.2,0.2,0.2,0.2,0.2,0.2,0.2,0.2,0.2,0.2,0.2,0.2,0.2,0.2,2,2,2,2,2,2,2,2,2,2,2,2,2,2,2,2,2,2,2,2,2,2,2,2,2,2,2,2,2,2
High Tolerance,,,,,10,,,,0.2,0.2,0.2,0.2,0.2,0.2,0.2,0.2,0.2,0.2,0.2,0.2,0.2,0.2,0.2,0.2,0.2,0.2,0.2,0.2,0.2,0.2,0.2,0.2,0.2,0.2,0.2,0.2,0.2,0.2,2,2,2,2,2,2,2,2,2,2,2,2,2,2,2,2,2,2,2,2,2,2,2,2,2,2,2,2,2,2
Enable,,,,,1,,,,1,1,1,1,1,1,1,1,1,1,1,1,1,1,1,1,1,1,1,1,1,1,1,1,1,1,1,1,1,1,0,0,0,0,0,0,0,0,0,0,0,0,0,0,0,0,0,0,0,0,0,0,0,0,0,0,0,0,0,0
1,1,6,6,1,26.614,0.106,-0.336,-0.371,-0.584 ,-0.565 ,-0.551 ,-0.541 ,-0.540 ,-0.562 ,-0.563 ,-0.562 ,-0.573 ,-0.590 ,-0.728 ,-0.708 ,-0.719 ,-0.749 ,-0.763 ,-0.772 ,-0.761 ,-0.740 ,-0.753 ,-0.793 ,-1.039 ,-1.046 ,-1.125 ,-1.208 ,-1.237 ,-1.246 ,-1.265 ,-1.176 ,-1.144 ,-1.187 ,-47.128,-45.053,-43.058,-40.033,-34.689,-38.798,-36.689,-35.201,-32.756,-27.504,-36.647,-34.894,-35.188,-30.533,-25.009,-41.189,-44.216,-45.573,-46.106,-46.945,-32.745,-36.154,-36.03,-36.486,-37.927,-30.517,-33.792,-36.034,-36.453,-35.91
2,1,6,6,2,26.462,0.054,-0.353,-0.385,-0.582 ,-0.572 ,-0.544 ,-0.540 ,-0.541 ,-0.560 ,-0.567 ,-0.561 ,-0.574 ,-0.586 ,-0.725 ,-0.717 ,-0.724 ,-0.759 ,-0.765 ,-0.776 ,-0.765 ,-0.728 ,-0.752 ,-0.777 ,-1.031 ,-1.039 ,-1.105 ,-1.213 ,-1.238 ,-1.247 ,-1.257 ,-1.171 ,-1.148 ,-1.158 ,-47.126,-45.065,-42.898,-39.984,-34.481,-39.082,-37.023,-35.282,-32.806,-27.302,-36.934,-35.221,-35.286,-30.574,-24.762,-41.109,-44.348,-45.736,-46.35,-47.197,-32.556,-36.384,-36.392,-36.958,-38.427,-30.233,-33.976,-36.379,-36.909,-36.352
3,1,6,6,3,27.131,0.122,-0.358,-0.385,-0.582 ,-0.571 ,-0.554 ,-0.545 ,-0.539 ,-0.556 ,-0.565 ,-0.565 ,-0.575 ,-0.581 ,-0.732 ,-0.717 ,-0.728 ,-0.766 ,-0.775 ,-0.775 ,-0.769 ,-0.735 ,-0.748 ,-0.776 ,-1.030 ,-1.064 ,-1.120 ,-1.223 ,-1.250 ,-1.250 ,-1.262 ,-1.180 ,-1.152 ,-1.164 ,-47.009,-45.011,-42.876,-39.928,-34.655,-38.92,-36.905,-35.212,-32.746,-27.463,-36.777,-35.105,-35.207,-30.505,-24.95,-40.987,-44.246,-45.58,-46.221,-47.069,-32.475,-36.344,-36.3,-36.881,-38.343,-30.148,-33.935,-36.314,-36.819,-36.243
4,1,6,6,4,27.398,0.104,-0.378,-0.407,-0.581 ,-0.567 ,-0.545 ,-0.540 ,-0.541 ,-0.557 ,-0.562 ,-0.560 ,-0.573 ,-0.581 ,-0.729 ,-0.703 ,-0.721 ,-0.753 ,-0.762 ,-0.767 ,-0.755 ,-0.731 ,-0.747 ,-0.775 ,-1.048 ,-1.049 ,-1.104 ,-1.218 ,-1.244 ,-1.234 ,-1.257 ,-1.164 ,-1.143 ,-1.173 ,-47.109,-45.076,-42.902,-40.115,-34.905,-39.037,-37.031,-35.238,-32.96,-27.768,-36.877,-35.204,-35.244,-30.696,-25.274,-41.139,-44.289,-45.563,-46.234,-47.084,-32.749,-36.431,-36.334,-36.951,-38.374,-30.485,-34.048,-36.355,-36.887,-36.288
5,1,6,6,5,26.063,0.056,-0.355,-0.39,-0.572 ,-0.560 ,-0.539 ,-0.533 ,-0.530 ,-0.548 ,-0.554 ,-0.554 ,-0.567 ,-0.576 ,-0.708 ,-0.700 ,-0.707 ,-0.737 ,-0.745 ,-0.755 ,-0.741 ,-0.720 ,-0.742 ,-0.763 ,-1.020 ,-1.029 ,-1.088 ,-1.198 ,-1.218 ,-1.218 ,-1.248 ,-1.147 ,-1.129 ,-1.156 ,-47.008,-45.001,-42.863,-39.944,-34.472,-38.928,-36.917,-35.231,-32.758,-27.313,-36.848,-35.137,-35.229,-30.536,-24.787,-41.051,-44.232,-45.565,-46.204,-47.051,-32.579,-36.292,-36.293,-36.877,-38.316,-30.287,-33.892,-36.298,-36.83,-36.256
6,1,6,6,6,26.822,0.096,-0.349,-0.395,-0.581 ,-0.567 ,-0.546 ,-0.539 ,-0.539 ,-0.557 ,-0.560 ,-0.561 ,-0.574 ,-0.578 ,-0.727 ,-0.712 ,-0.726 ,-0.761 ,-0.770 ,-0.772 ,-0.765 ,-0.734 ,-0.755 ,-0.780 ,-1.040 ,-1.059 ,-1.120 ,-1.219 ,-1.247 ,-1.244 ,-1.264 ,-1.176 ,-1.157 ,-1.161 ,-46.85,-44.852,-42.75,-39.913,-34.564,-38.787,-36.77,-35.093,-32.753,-27.391,-36.7,-34.985,-35.105,-30.504,-24.872,-40.937,-44.104,-45.463,-46.014,-46.877,-32.445,-36.195,-36.177,-36.703,-38.127,-30.135,-33.804,-36.143,-36.656,-36.035
7,1,6,6,7,26.962,0.143,-0.348,-0.395,-0.574 ,-0.561 ,-0.545 ,-0.537 ,-0.538 ,-0.554 ,-0.557 ,-0.557 ,-0.569 ,-0.578 ,-0.720 ,-0.711 ,-0.727 ,-0.758 ,-0.767 ,-0.765 ,-0.755 ,-0.734 ,-0.747 ,-0.776 ,-1.034 ,-1.049 ,-1.121 ,-1.232 ,-1.255 ,-1.240 ,-1.255 ,-1.178 ,-1.145 ,-1.171 ,-46.886,-44.872,-42.795,-39.979,-34.85,-38.564,-36.557,-34.923,-32.661,-27.66,-36.382,-34.707,-34.928,-30.398,-25.174,-40.698,-44.044,-45.38,-45.922,-46.796,-32.157,-36.005,-35.872,-36.364,-37.785,-29.821,-33.586,-35.873,-36.21,-35.624
8,1,6,6,8,27.067,0.101,-0.346,-0.378,-0.579 ,-0.567 ,-0.544 ,-0.538 ,-0.537 ,-0.558 ,-0.564 ,-0.562 ,-0.575 ,-0.579 ,-0.724 ,-0.705 ,-0.718 ,-0.751 ,-0.764 ,-0.771 ,-0.759 ,-0.732 ,-0.751 ,-0.773 ,-1.038 ,-1.047 ,-1.108 ,-1.212 ,-1.243 ,-1.244 ,-1.262 ,-1.174 ,-1.150 ,-1.165 ,-46.957,-44.992,-42.855,-39.897,-34.419,-38.902,-36.942,-35.21,-32.734,-27.264,-36.798,-35.152,-35.21,-30.503,-24.72,-40.968,-44.197,-45.605,-46.223,-47.048,-32.46,-36.273,-36.315,-36.861,-38.282,-30.146,-33.865,-36.31,-36.817,-36.262
9,1,6,6,9,26.457,0.126,-0.368,-0.376,-0.573 ,-0.560 ,-0.539 ,-0.534 ,-0.534 ,-0.554 ,-0.559 ,-0.557 ,-0.567 ,-0.575 ,-0.710 ,-0.699 ,-0.710 ,-0.741 ,-0.751 ,-0.761 ,-0.750 ,-0.720 ,-0.733 ,-0.758 ,-1.025 ,-1.033 ,-1.095 ,-1.209 ,-1.236 ,-1.235 ,-1.256 ,-1.155 ,-1.123 ,-1.152 ,-47.143,-45.057,-42.896,-39.988,-34.769,-38.982,-36.965,-35.238,-32.811,-27.615,-36.888,-35.157,-35.255,-30.569,-25.117,-41.115,-44.223,-45.615,-46.208,-47.144,-32.668,-36.28,-36.295,-36.86,-38.326,-30.39,-33.868,-36.298,-36.807,-36.317
10,1,6,6,10,27.165,0.116,-0.363,-0.403,-0.577 ,-0.563 ,-0.543 ,-0.538 ,-0.534 ,-0.554 ,-0.561 ,-0.558 ,-0.569 ,-0.577 ,-0.718 ,-0.703 ,-0.714 ,-0.744 ,-0.757 ,-0.763 ,-0.752 ,-0.723 ,-0.741 ,-0.765 ,-1.033 ,-1.047 ,-1.104 ,-1.208 ,-1.237 ,-1.237 ,-1.261 ,-1.162 ,-1.137 ,-1.158 ,-47.037,-45.055,-42.856,-39.95,-34.478,-38.992,-36.98,-35.228,-32.763,-27.314,-36.861,-35.185,-35.231,-30.531,-24.776,-41.02,-44.268,-45.624,-46.214,-47.159,-32.496,-36.304,-36.3,-36.865,-38.323,-30.178,-33.884,-36.292,-36.825,-36.281
11,1,6,6,11,27.288,0.088,-0.368,-0.4,-0.580 ,-0.566 ,-0.546 ,-0.540 ,-0.542 ,-0.558 ,-0.562 ,-0.562 ,-0.571 ,-0.580 ,-0.720 ,-0.705 ,-0.716 ,-0.754 ,-0.768 ,-0.768 ,-0.763 ,-0.730 ,-0.747 ,-0.772 ,-1.034 ,-1.049 ,-1.112 ,-1.216 ,-1.251 ,-1.245 ,-1.264 ,-1.175 ,-1.152 ,-1.166 ,-47.042,-44.973,-42.901,-39.961,-34.669,-38.955,-36.945,-35.212,-32.771,-27.485,-36.827,-35.157,-35.225,-30.539,-24.966,-41.007,-44.213,-45.6,-46.187,-47.021,-32.541,-36.29,-36.28,-36.866,-38.307,-30.247,-33.9,-36.292,-36.843,-36.276
12,1,6,6,12,26.996,0.12,-0.348,-0.378,-0.576 ,-0.560 ,-0.542 ,-0.534 ,-0.534 ,-0.552 ,-0.558 ,-0.560 ,-0.568 ,-0.578 ,-0.715 ,-0.701 ,-0.713 ,-0.746 ,-0.759 ,-0.762 ,-0.754 ,-0.728 ,-0.742 ,-0.767 ,-1.026 ,-1.040 ,-1.103 ,-1.208 ,-1.236 ,-1.237 ,-1.258 ,-1.164 ,-1.141 ,-1.164 ,-47.049,-45.009,-42.878,-39.905,-34.452,-39.024,-37.023,-35.257,-32.768,-27.281,-36.911,-35.205,-35.268,-30.533,-24.73,-41.117,-44.319,-45.653,-46.316,-47.128,-32.62,-36.365,-36.358,-36.929,-38.385,-30.333,-33.968,-36.369,-36.914,-36.373
13,1,6,6,13,26.69,0.068,-0.356,-0.405,-0.577 ,-0.561 ,-0.541 ,-0.536 ,-0.535 ,-0.550 ,-0.559 ,-0.557 ,-0.569 ,-0.576 ,-0.707 ,-0.696 ,-0.708 ,-0.731 ,-0.738 ,-0.751 ,-0.732 ,-0.724 ,-0.739 ,-0.755 ,-1.029 ,-1.029 ,-1.091 ,-1.203 ,-1.226 ,-1.207 ,-1.241 ,-1.140 ,-1.119 ,-1.162 ,-46.975,-44.906,-42.852,-40.002,-34.745,-38.943,-36.86,-35.203,-32.832,-27.613,-36.818,-35.111,-35.189,-30.621,-25.116,-40.929,-44.14,-45.477,-46.077,-46.947,-32.473,-36.247,-36.211,-36.761,-38.204,-30.194,-33.912,-36.241,-36.742,-36.249
14,1,6,6,14,25.893,0.063,-0.356,-0.398,-0.570 ,-0.560 ,-0.539 ,-0.529 ,-0.531 ,-0.549 ,-0.552 ,-0.554 ,-0.562 ,-0.571 ,-0.699 ,-0.689 ,-0.700 ,-0.722 ,-0.736 ,-0.749 ,-0.732 ,-0.715 ,-0.729 ,-0.743 ,-1.019 ,-1.020 ,-1.084 ,-1.193 ,-1.216 ,-1.219 ,-1.244 ,-1.136 ,-1.113 ,-1.145 ,-47.166,-45.078,-42.943,-40.005,-34.572,-39.086,-37.064,-35.31,-32.877,-27.427,-36.985,-35.264,-35.319,-30.64,-24.891,-41.192,-44.316,-45.722,-46.291,-47.148,-32.712,-36.381,-36.408,-36.991,-38.425,-30.444,-34.019,-36.426,-36.961,-36.445
15,1,6,6,15,26.466,0.131,-0.363,-0.395,-0.576 ,-0.560 ,-0.545 ,-0.536 ,-0.537 ,-0.556 ,-0.559 ,-0.560 ,-0.570 ,-0.581 ,-0.720 ,-0.707 ,-0.717 ,-0.748 ,-0.760 ,-0.762 ,-0.750 ,-0.731 ,-0.747 ,-0.777 ,-1.037 ,-1.047 ,-1.114 ,-1.218 ,-1.250 ,-1.243 ,-1.257 ,-1.174 ,-1.144 ,-1.175 ,-46.688,-44.702,-42.701,-39.902,-34.742,-38.495,-36.509,-34.928,-32.643,-27.581,-36.276,-34.636,-34.937,-30.385,-25.09,-40.616,-43.916,-45.249,-45.793,-46.635,-32.129,-35.941,-35.78,-36.256,-37.631,-29.807,-33.524,-35.794,-36.113,-35.517
16,1,6,6,16,26.767,0.069,-0.363,-0.393,-0.575 ,-0.560 ,-0.543 ,-0.540 ,-0.535 ,-0.551 ,-0.562 ,-0.561 ,-0.568 ,-0.578 ,-0.709 ,-0.698 ,-0.706 ,-0.735 ,-0.749 ,-0.753 ,-0.740 ,-0.719 ,-0.738 ,-0.760 ,-1.024 ,-1.027 ,-1.095 ,-1.198 ,-1.226 ,-1.210 ,-1.243 ,-1.148 ,-1.125 ,-1.165 ,-46.994,-44.979,-42.858,-40.007,-34.655,-39.017,-37.008,-35.299,-32.87,-27.519,-36.931,-35.221,-35.3,-30.636,-24.996,-40.975,-44.25,-45.588,-46.197,-47.077,-32.501,-36.307,-36.316,-36.918,-38.312,-30.218,-33.95,-36.316,-36.895,-36.396
17,1,6,6,17,27.352,0.133,-0.385,-0.395,-0.574 ,-0.562 ,-0.542 ,-0.533 ,-0.534 ,-0.552 ,-0.556 ,-0.557 ,-0.566 ,-0.573 ,-0.721 ,-0.701 ,-0.715 ,-0.748 ,-0.759 ,-0.762 ,-0.755 ,-0.731 ,-0.744 ,-0.767 ,-1.033 ,-1.043 ,-1.109 ,-1.207 ,-1.239 ,-1.242 ,-1.259 ,-1.171 ,-1.145 ,-1.159 ,-46.864,-44.865,-42.772,-39.926,-34.603,-38.871,-36.886,-35.199,-32.794,-27.442,-36.769,-35.102,-35.186,-30.561,-24.92,-41.025,-44.182,-45.489,-46.044,-46.924,-32.548,-36.259,-36.26,-36.764,-38.18,-30.257,-33.887,-36.261,-36.773,-36.205
18,1,6,6,18,27.19,0.121,-0.378,-0.4,-0.573 ,-0.561 ,-0.542 ,-0.538 ,-0.537 ,-0.554 ,-0.561 ,-0.559 ,-0.567 ,-0.576 ,-0.724 ,-0.705 ,-0.717 ,-0.756 ,-0.770 ,-0.767 ,-0.768 ,-0.728 ,-0.743 ,-0.769 ,-1.031 ,-1.043 ,-1.117 ,-1.211 ,-1.245 ,-1.245 ,-1.265 ,-1.174 ,-1.143 ,-1.169 ,-47.005,-44.942,-42.848,-39.961,-34.576,-38.995,-36.942,-35.246,-32.804,-27.418,-36.875,-35.15,-35.234,-30.561,-24.877,-41.21,-44.135,-45.532,-46.139,-46.93,-32.794,-36.256,-36.248,-36.809,-38.256,-30.542,-33.864,-36.262,-36.789,-36.268
19,1,6,6,19,26.86,0.109,-0.348,-0.388,-0.578 ,-0.564 ,-0.546 ,-0.536 ,-0.539 ,-0.557 ,-0.560 ,-0.560 ,-0.569 ,-0.577 ,-0.721 ,-0.708 ,-0.716 ,-0.751 ,-0.762 ,-0.768 ,-0.757 ,-0.730 ,-0.744 ,-0.768 ,-1.034 ,-1.050 ,-1.114 ,-1.210 ,-1.245 ,-1.242 ,-1.263 ,-1.176 ,-1.145 ,-1.161 ,-47,-45.019,-42.896,-39.963,-34.571,-38.978,-36.998,-35.253,-32.792,-27.399,-36.864,-35.197,-35.262,-30.556,-24.867,-41.102,-44.266,-45.631,-46.217,-47.112,-32.614,-36.295,-36.308,-36.887,-38.322,-30.331,-33.917,-36.313,-36.867,-36.294
20,1,6,6,20,27.114,0.1,-0.361,-0.4,-0.576 ,-0.563 ,-0.546 ,-0.535 ,-0.538 ,-0.558 ,-0.559 ,-0.562 ,-0.571 ,-0.579 ,-0.724 ,-0.706 ,-0.715 ,-0.750 ,-0.764 ,-0.766 ,-0.761 ,-0.731 ,-0.744 ,-0.764 ,-1.027 ,-1.039 ,-1.103 ,-1.208 ,-1.235 ,-1.238 ,-1.258 ,-1.172 ,-1.148 ,-1.157 ,-47.186,-45.13,-43.005,-40.084,-34.627,-39.088,-37.077,-35.33,-32.92,-27.446,-36.962,-35.285,-35.339,-30.681,-24.902,-41.158,-44.364,-45.747,-46.338,-47.256,-32.633,-36.372,-36.409,-36.962,-38.453,-30.335,-33.95,-36.408,-36.93,-36.381
21,1,6,6,21,26.745,0.057,-0.358,-0.395,-0.569 ,-0.558 ,-0.542 ,-0.532 ,-0.530 ,-0.545 ,-0.556 ,-0.553 ,-0.564 ,-0.572 ,-0.710 ,-0.698 ,-0.705 ,-0.740 ,-0.752 ,-0.749 ,-0.739 ,-0.717 ,-0.733 ,-0.758 ,-1.019 ,-1.025 ,-1.098 ,-1.206 ,-1.239 ,-1.215 ,-1.236 ,-1.149 ,-1.125 ,-1.155 ,-47.023,-44.982,-42.934,-40.021,-34.929,-38.933,-36.921,-35.236,-32.861,-27.781,-36.811,-35.13,-35.241,-30.62,-25.303,-40.954,-44.195,-45.509,-46.085,-46.973,-32.526,-36.325,-36.263,-36.807,-38.269,-30.237,-33.954,-36.267,-36.819,-36.236
22,1,6,6,22,26.627,0.124,-0.366,-0.395,-0.575 ,-0.563 ,-0.545 ,-0.535 ,-0.537 ,-0.554 ,-0.558 ,-0.559 ,-0.567 ,-0.576 ,-0.720 ,-0.703 ,-0.713 ,-0.752 ,-0.768 ,-0.766 ,-0.760 ,-0.725 ,-0.742 ,-0.772 ,-1.032 ,-1.050 ,-1.117 ,-1.215 ,-1.250 ,-1.240 ,-1.256 ,-1.173 ,-1.146 ,-1.168 ,-46.974,-44.998,-42.923,-39.95,-34.572,-38.951,-36.944,-35.257,-32.782,-27.393,-36.814,-35.143,-35.243,-30.535,-24.865,-40.942,-44.23,-45.621,-46.213,-47.07,-32.425,-36.332,-36.325,-36.885,-38.328,-30.102,-33.918,-36.334,-36.824,-36.249
23,1,6,6,23,27.432,0.105,-0.363,-0.38,-0.577 ,-0.566 ,-0.548 ,-0.537 ,-0.539 ,-0.555 ,-0.562 ,-0.562 ,-0.573 ,-0.580 ,-0.726 ,-0.711 ,-0.721 ,-0.756 ,-0.773 ,-0.773 ,-0.764 ,-0.732 ,-0.748 ,-0.771 ,-1.035 ,-1.055 ,-1.120 ,-1.215 ,-1.248 ,-1.241 ,-1.262 ,-1.180 ,-1.159 ,-1.171 ,-47.062,-45.007,-42.913,-39.988,-34.534,-38.927,-36.957,-35.226,-32.793,-27.338,-36.822,-35.148,-35.234,-30.568,-24.806,-40.924,-44.171,-45.563,-46.132,-47.011,-32.405,-36.243,-36.263,-36.837,-38.294,-30.102,-33.85,-36.276,-36.79,-36.176
24,1,6,6,24,26.813,0.112,-0.343,-0.39,-0.576 ,-0.562 ,-0.542 ,-0.535 ,-0.537 ,-0.551 ,-0.557 ,-0.558 ,-0.567 ,-0.576 ,-0.717 ,-0.706 ,-0.717 ,-0.747 ,-0.759 ,-0.762 ,-0.752 ,-0.728 ,-0.743 ,-0.769 ,-1.030 ,-1.042 ,-1.117 ,-1.215 ,-1.240 ,-1.233 ,-1.260 ,-1.166 ,-1.139 ,-1.168 ,-47.01,-44.955,-42.828,-40.001,-34.647,-38.663,-36.641,-34.983,-32.715,-27.451,-36.518,-34.784,-34.975,-30.465,-24.943,-40.957,-44.112,-45.357,-45.954,-46.874,-32.476,-36.057,-35.921,-36.423,-37.867,-30.209,-33.655,-35.936,-36.274,-35.696
25,1,6,6,25,26.351,0.057,-0.361,-0.398,-0.569 ,-0.558 ,-0.537 ,-0.529 ,-0.530 ,-0.548 ,-0.553 ,-0.553 ,-0.563 ,-0.571 ,-0.703 ,-0.694 ,-0.701 ,-0.729 ,-0.741 ,-0.751 ,-0.739 ,-0.714 ,-0.734 ,-0.747 ,-1.017 ,-1.030 ,-1.089 ,-1.191 ,-1.219 ,-1.216 ,-1.243 ,-1.141 ,-1.121 ,-1.146 ,-47.1,-45.052,-42.967,-40.013,-34.571,-39.105,-37.103,-35.379,-32.864,-27.432,-37.018,-35.307,-35.38,-30.633,-24.908,-41.044,-44.291,-45.681,-46.317,-47.185,-32.57,-36.409,-36.444,-37.051,-38.531,-30.269,-34.01,-36.446,-36.975,-36.402
26,1,6,6,26,26.924,0.07,-0.353,-0.4,-0.565 ,-0.551 ,-0.535 ,-0.530 ,-0.527 ,-0.543 ,-0.550 ,-0.549 ,-0.558 ,-0.567 ,-0.706 ,-0.688 ,-0.700 ,-0.736 ,-0.742 ,-0.746 ,-0.737 ,-0.708 ,-0.721 ,-0.747 ,-1.016 ,-1.024 ,-1.091 ,-1.200 ,-1.228 ,-1.212 ,-1.240 ,-1.139 ,-1.114 ,-1.142 ,-47.103,-45.072,-42.945,-40.044,-34.884,-39.12,-37.099,-35.366,-32.916,-27.761,-36.958,-35.279,-35.355,-30.638,-25.247,-41.052,-44.291,-45.664,-46.284,-47.137,-32.591,-36.393,-36.411,-36.971,-38.466,-30.292,-33.96,-36.42,-36.866,-36.302
27,1,6,6,27,25.716,0.044,-0.341,-0.388,-0.569 ,-0.559 ,-0.537 ,-0.532 ,-0.527 ,-0.546 ,-0.552 ,-0.550 ,-0.564 ,-0.570 ,-0.700 ,-0.691 ,-0.697 ,-0.722 ,-0.729 ,-0.744 ,-0.731 ,-0.714 ,-0.732 ,-0.748 ,-1.014 ,-1.016 ,-1.072 ,-1.185 ,-1.207 ,-1.205 ,-1.238 ,-1.127 ,-1.109 ,-1.146 ,-47.146,-45.129,-42.979,-40.077,-34.583,-39.091,-37.112,-35.348,-32.932,-27.431,-37.002,-35.3,-35.367,-30.692,-24.902,-41.14,-44.396,-45.757,-46.373,-47.254,-32.665,-36.459,-36.487,-37.076,-38.554,-30.366,-34.07,-36.483,-36.979,-36.427
28,1,6,6,28,25.809,0.042,-0.348,-0.385,-0.562 ,-0.547 ,-0.530 ,-0.523 ,-0.521 ,-0.539 ,-0.543 ,-0.543 ,-0.554 ,-0.562 ,-0.693 ,-0.682 ,-0.689 ,-0.714 ,-0.721 ,-0.736 ,-0.721 ,-0.705 ,-0.722 ,-0.735 ,-1.008 ,-1.005 ,-1.070 ,-1.177 ,-1.199 ,-1.198 ,-1.225 ,-1.118 ,-1.103 ,-1.138 ,-47.196,-45.147,-43.019,-40.09,-34.644,-39.118,-37.118,-35.355,-32.952,-27.498,-37.02,-35.314,-35.369,-30.703,-24.957,-41.172,-44.398,-45.738,-46.358,-47.233,-32.67,-36.435,-36.483,-37.03,-38.485,-30.379,-34.057,-36.474,-36.973,-36.422
29,1,6,6,29,26.843,0.071,-0.365,-0.398,-0.570 ,-0.557 ,-0.534 ,-0.527 ,-0.529 ,-0.543 ,-0.548 ,-0.548 ,-0.555 ,-0.567 ,-0.703 ,-0.687 ,-0.701 ,-0.728 ,-0.738 ,-0.747 ,-0.734 ,-0.706 ,-0.719 ,-0.745 ,-1.021 ,-1.025 ,-1.094 ,-1.195 ,-1.220 ,-1.212 ,-1.243 ,-1.134 ,-1.102 ,-1.142 ,-46.98,-44.969,-42.8,-40.05,-34.639,-39.042,-37.042,-35.3,-32.953,-27.534,-36.915,-35.226,-35.312,-30.704,-25.004,-41.095,-44.253,-45.653,-46.221,-47.157,-32.677,-36.357,-36.373,-36.93,-38.441,-30.392,-33.965,-36.364,-36.859,-36.349
30,1,6,6,30,27.241,0.108,-0.356,-0.383,-0.574 ,-0.564 ,-0.544 ,-0.532 ,-0.540 ,-0.556 ,-0.560 ,-0.556 ,-0.567 ,-0.576 ,-0.715 ,-0.698 ,-0.709 ,-0.739 ,-0.752 ,-0.760 ,-0.751 ,-0.721 ,-0.741 ,-0.754 ,-1.024 ,-1.035 ,-1.101 ,-1.205 ,-1.236 ,-1.241 ,-1.260 ,-1.167 ,-1.140 ,-1.157 ,-47.149,-45.106,-42.952,-40.023,-34.533,-39.059,-37.066,-35.29,-32.852,-27.36,-36.959,-35.273,-35.299,-30.609,-24.811,-41.19,-44.299,-45.659,-46.284,-47.182,-32.677,-36.342,-36.354,-36.932,-38.424,-30.402,-33.927,-36.362,-36.88,-36.331
