Header Section,,,,,,,,,,,,,,,,,,,,,,,,
Product,VC1618,,,,,,,,,,,,,,,,,,,,,,,
Test Plan,Rev(C),,,,,,,,,,,,,,,,,,,,,,,
Release Date,2016/8/31,,,,,,,,,,,,,,,,,,,,,,,
Comment,#1-30/A5E1.1,,,,,,,,,,,,,,,,,,,,,,,
,,,,,,,,,,,,,,,,,,,,,,,,
Data Section,,,,,,,,,,,,,,,,,,,,,,,,
Device#,1,2,3,4,5,6,7,8,9,10,11,12,13,14,15,16,17,18,19,20,21,22,23,24
Test Item,Site No,Device ID,Current1,Leakage_V1,Leakage_V2,Leakage_V3,Insertion  ANT  to  RF1,Insertion  ANT  to  RF2,Insertion  ANT  to  RF3,Insertion  ANT  to  RF4,Insertion  ANT  to  RF5,Insertion  ANT  to  RF6,Insertion  ANT  to  RF7,Insertion  ANT  to  RF8,Iso1 RF1 to RF5,Iso1 RF5 to RF1,Iso1 RF3 to RF7,Iso1 RF7 to RF3,Iso1 RF8 to RF4,Iso1 RF4 to RF8,Iso1 RF6 to RF2,Iso1 RF2 to RF6,Test Time,Index Time
Low Tolerance,,,10,,,,0.2,0.2,0.2,0.2,0.2,0.2,0.2,0.2,3,3,3,3,3,3,3,3,,
High Tolerance,,,10,,,,0.2,0.2,0.2,0.2,0.2,0.2,0.2,0.2,3,3,3,3,3,3,3,3,,
Enable,,,1,,,,1,1,1,1,1,1,1,1,1,1,1,1,1,1,1,1,0,0
1,1,1,23.692,0.006,0.005,0.005,0.731,0.741,0.731,0.74,0.73,0.666,0.78,0.772,21.285,20.998,21.159,22.117,21.528,20.038,19.358,20.343,355.432,4.468
2,1,2,22.534,0.006,0.004,0.005,0.746,0.76,0.754,0.755,0.728,0.814,0.806,0.782,21.258,20.989,21.104,22.094,21.554,20.06,19.343,20.322,353.592,61.896
3,1,3,23.969,0.006,0.004,0.006,0.736,0.754,0.74,0.758,0.744,0.811,0.786,0.793,21.308,21.022,21.125,22.115,21.527,20.075,19.357,20.339,352.514,16.113
4,1,4,23.141,0.006,0.006,0.006,0.761,0.772,0.766,0.772,0.76,0.821,0.822,0.804,21.2,20.935,21.074,22.024,21.483,19.98,19.324,20.301,384.725,17.998
5,1,5,22.11,0.003,0.006,0.006,0.747,0.77,0.741,0.767,0.742,0.709,0.793,0.783,21.355,21.09,21.179,22.153,21.488,20.068,19.282,20.271,359.315,18.943
6,1,6,24.825,0.007,0.007,0.007,0.761,0.78,0.763,0.778,0.766,0.834,0.809,0.809,21.285,21.012,21.147,22.086,21.497,20.098,19.289,20.289,365.627,19.284
7,1,7,22.944,0.005,0.005,0.006,0.748,0.767,0.757,0.777,0.77,0.823,0.809,0.807,21.267,20.98,21.144,22.065,21.522,20.053,19.345,20.331,356.764,18.178
8,1,8,22.028,0.006,0.004,0.005,0.743,0.763,0.741,0.752,0.752,0.815,0.785,0.776,21.309,21.046,21.14,22.139,21.567,20.087,19.342,20.33,349.376,19.16
9,1,9,24.218,0.009,0.006,0.007,0.748,0.766,0.75,0.767,0.76,0.83,0.785,0.787,21.284,21.028,21.1,22.1,21.527,20.024,19.355,20.333,350.936,19.304
10,1,10,22.968,0.005,0.005,0.008,0.759,0.781,0.767,0.783,0.78,0.815,0.819,0.816,21.257,20.972,21.084,22.047,21.493,20.018,19.363,20.334,354.627,19.065
11,1,11,24.568,0.006,0.004,0.006,0.748,0.771,0.753,0.759,0.767,0.816,0.808,0.803,21.287,21.039,21.083,22.081,21.482,20,19.323,20.313,357.892,20.034
12,1,12,22.087,0.003,0.006,0.006,0.756,0.768,0.756,0.773,0.762,0.783,0.798,0.798,21.255,20.985,21.146,22.097,21.538,20.043,19.346,20.33,350.257,23.533
13,1,13,23.369,0.007,0.004,0.007,0.745,0.765,0.744,0.755,0.757,0.733,0.785,0.795,21.328,21.058,21.094,22.139,21.518,20.035,19.352,20.339,360.301,19.953
14,1,14,21.889,0.005,0.007,0.006,0.736,0.741,0.738,0.753,0.755,0.717,0.789,0.79,21.337,21.056,21.109,22.152,21.53,20.078,19.346,20.339,359.412,18.567
15,1,15,23.479,0.006,0.008,0.006,0.748,0.768,0.752,0.759,0.769,0.799,0.801,0.807,21.273,20.984,21.096,22.103,21.549,20.068,19.351,20.349,351.83,18.901
16,1,16,22.837,0.006,0.006,0.006,0.741,0.77,0.75,0.768,0.75,0.797,0.797,0.8,21.26,20.983,21.118,22.101,21.545,20.033,19.359,20.333,358.292,21.296
17,1,17,22.541,0.006,0.007,0.008,0.758,0.779,0.76,0.772,0.769,0.663,0.817,0.816,21.311,21.019,21.172,22.108,21.505,20.11,19.308,20.296,368.025,19.077
18,1,18,25.678,0.006,0.007,0.007,0.749,0.767,0.753,0.759,0.759,0.778,0.803,0.79,21.285,21.008,21.142,22.104,21.536,20.052,19.326,20.3,349.826,19.881
19,1,19,22.774,0.006,0.005,0.005,0.76,0.777,0.764,0.777,0.768,0.724,0.813,0.797,21.258,21.003,21.059,22.097,21.486,19.965,19.32,20.29,370.563,21.11
20,1,20,24.516,0.005,0.005,0.005,0.756,0.779,0.769,0.786,0.775,0.728,0.82,0.806,21.239,20.953,21.111,22.103,21.54,20.078,19.356,20.338,360.296,20.567
21,1,21,22.303,0.006,0.006,0.005,0.748,0.774,0.746,0.77,0.757,0.722,0.795,0.787,21.33,21.068,21.112,22.165,21.513,20.074,19.33,20.311,352.2,20.787
22,1,22,23.577,0.008,0.006,0.008,0.764,0.786,0.772,0.784,0.771,0.802,0.808,0.818,21.232,20.969,21.073,22.088,21.512,20.052,19.337,20.306,348.992,10.672
23,1,23,24.624,0.006,0.006,0.007,0.762,0.784,0.769,0.777,0.788,0.814,0.827,0.806,21.245,20.978,21.087,22.08,21.475,20.047,19.292,20.269,360.964,19.202
24,1,24,22.221,0.005,0.007,0.006,0.764,0.782,0.766,0.782,0.77,0.742,0.818,0.81,21.256,20.983,21.117,22.082,21.509,20.045,19.349,20.318,361.82,17.789
25,1,25,24.023,0.007,0.006,0.006,0.756,0.773,0.762,0.769,0.766,0.799,0.805,0.797,21.223,20.927,21.088,22.071,21.544,20.046,19.357,20.336,350.29,20.337
26,1,26,25.126,0.007,0.007,0.006,0.756,0.779,0.751,0.784,0.775,0.741,0.827,0.819,21.312,21.056,21.089,22.117,21.47,20.052,19.345,20.338,353.011,15.728
27,1,27,24.921,0.005,0.004,0.006,0.753,0.774,0.76,0.773,0.77,0.782,0.806,0.805,21.227,20.96,21.074,22.061,21.481,20.026,19.343,20.324,350.059,17.266
28,1,28,22.196,0.005,0.005,0.004,0.766,0.788,0.767,0.78,0.777,0.722,0.813,0.812,21.332,21.056,21.123,22.126,21.475,20.099,19.301,20.289,352.063,16.865
29,1,29,24.784,0.006,0.005,0.006,0.759,0.778,0.759,0.771,0.769,0.692,0.802,0.79,21.271,20.996,21.084,22.085,21.53,20.036,19.324,20.31,351.917,19.012
30,1,30,23.514,0.008,0.007,0.007,0.771,0.794,0.779,0.778,0.784,0.776,0.834,0.809,21.26,20.967,21.123,22.049,21.496,20.092,19.347,20.337,365.732,21.291
