Header Section,,,,,,,,,,,,,,,,,,,,
Product,VC1623,,,,,,,,,,,,,,,,,,,
Test Plan,Rev(G),,,,,,,,,,,,,,,,,,,
Release Date,2019/6/12,,,,,,,,,,,,,,,,,,,
Comment,#66-100/A3_02;#126-145/A3_03,,,,,,,,,,,,,,,,,,,
,,,,,,,,,,,,,,,,,,,,
Data Section,,,,,,,,,,,,,,,,,,,,
Device#,1,2,3,4,5,6,7,8,9,10,11,12,13,14,15,16,17,18,19,20
Test Item,Site No,Device ID,Site,ID,OS_VDD,OS_VC1_negative,OS_VC2_negative,Insertion1 RF1 to ANT,Insertion1 RF2 to ANT,Insertion1 RF3 to ANT,Iso1 RF1 to RF2,Iso1 RF1 to RF3,Iso1 RF2 to RF1,Iso1 RF2 to RF3,Iso1 RF3 to RF1,Iso1 RF3 to RF2,Vdd_Current1_2V8,Vdd_Current2_4V8,Leakage_VC1,Leakage_VC2
Low Tolerance,,,,,0.3,0.3,0.3,0.2,0.2,0.2,1.5,1.5,1.5,1.5,1.5,1.5,10,10,,
High Tolerance,,,,,0.3,0.3,0.3,0.2,0.2,0.2,1.5,1.5,1.5,1.5,1.5,1.5,10,10,,
Enable,,,,,0,0,0,1,1,1,0,0,0,0,0,0,1,1,,
66,1,66,1,66,-0.555,-0.796,-0.797,0.485,0.486,0.471,12.302,17.995,12.945,18.776,13.352,23.002,38.671,65.084,0.03,0.019
67,1,67,1,67,-0.555,-0.796,-0.797,0.484,0.48,0.483,12.312,17.913,12.943,18.706,13.372,23.009,37.519,65.084,0.031,0.017
68,1,68,1,68,-0.555,-0.796,-0.797,0.463,0.475,0.486,12.313,17.976,12.889,18.737,13.313,22.954,40.739,65.084,0.034,0.022
69,1,69,1,69,-0.555,-0.796,-0.797,0.47,0.487,0.462,12.334,17.93,13.008,18.675,13.464,23.062,42.135,65.084,0.03,0.022
70,1,70,1,70,-0.555,-0.796,-0.797,0.492,0.482,0.458,12.287,17.851,12.949,18.612,13.391,22.945,40.974,65.084,0.03,0.016
71,1,71,1,71,-0.555,-0.796,-0.797,0.469,0.48,0.474,12.308,17.965,12.928,18.719,13.34,22.912,40.056,65.084,0.037,0.024
72,1,72,1,72,-0.555,-0.796,-0.797,0.473,0.482,0.466,12.359,17.908,12.963,18.693,13.383,22.973,41.468,65.084,0.03,0.016
73,1,73,1,73,-0.555,-0.796,-0.797,0.466,0.486,0.475,12.344,18,12.963,18.774,13.414,23.057,37.561,65.084,0.031,0.022
74,1,74,1,74,-0.555,-0.796,-0.797,0.461,0.478,0.476,12.341,18.075,12.956,18.89,13.382,22.995,39.071,65.084,0.031,0.019
75,1,75,1,75,-0.555,-0.796,-0.797,0.479,0.484,0.473,12.309,17.977,12.922,18.755,13.349,22.982,39.882,65.084,0.03,0.019
76,1,76,1,76,-0.555,-0.796,-0.797,0.462,0.466,0.459,12.305,18.102,12.935,18.905,13.377,22.976,41.327,65.084,0.037,0.023
77,1,77,1,77,-0.555,-0.796,-0.797,0.468,0.469,0.464,12.307,18.072,12.981,18.893,13.427,23.012,40.458,65.084,0.029,0.02
78,1,78,1,78,-0.555,-0.796,-0.797,0.473,0.47,0.475,12.308,18.101,12.925,18.822,13.336,22.959,37.656,65.084,0.027,0.019
79,1,79,1,79,-0.555,-0.796,-0.797,0.45,0.465,0.458,12.371,18.113,12.979,18.884,13.414,23.071,37.33,65.084,0.03,0.019
80,1,80,1,80,-0.555,-0.796,-0.797,0.459,0.479,0.473,12.317,18.063,12.952,18.833,13.361,22.988,37.601,65.084,0.031,0.016
81,1,81,1,81,-0.555,-0.796,-0.797,0.479,0.484,0.476,12.403,18.036,13.009,18.826,13.424,23.079,41.233,65.084,0.027,0.02
82,1,82,1,82,-0.555,-0.796,-0.797,0.467,0.479,0.475,12.332,18.123,12.874,18.902,13.295,22.972,39.748,65.084,0.034,0.022
83,1,83,1,83,-0.555,-0.796,-0.797,0.461,0.474,0.489,12.359,18.052,12.969,18.82,13.389,23.049,38.976,65.084,0.029,0.021
84,1,84,1,84,-0.555,-0.796,-0.797,0.468,0.469,0.468,12.346,18.051,12.954,18.845,13.369,23.025,39.272,65.084,0.029,0.018
85,1,85,1,85,-0.555,-0.796,-0.797,0.45,0.461,0.467,12.297,18.155,12.878,18.91,13.291,22.859,41.788,65.084,0.029,0.022
86,1,86,1,86,-0.555,-0.796,-0.797,0.504,0.431,0.403,12.983,16.892,15.326,16.11,22.998,17.366,36.341,65.084,0.018,-0.001
87,1,87,1,87,-0.555,-0.796,-0.797,0.502,0.425,0.41,13.064,16.976,15.338,16.223,22.862,17.471,38.365,65.084,0.018,-0.001
88,1,88,1,88,-0.555,-0.796,-0.797,0.508,0.432,0.4,13.023,16.828,15.369,16.061,23.039,17.416,38.145,65.084,0.018,0
89,1,89,1,89,-0.555,-0.796,-0.797,0.5,0.418,0.401,13.069,16.999,15.366,16.213,22.554,17.527,39.674,65.084,0.019,-0.002
90,1,90,1,90,-0.555,-0.796,-0.797,0.503,0.423,0.393,12.945,16.84,15.318,16.04,22.714,17.321,39.401,65.084,0.017,0
91,1,91,1,91,-0.555,-0.796,-0.797,0.502,0.419,0.399,13.079,16.946,15.353,16.162,22.914,17.503,40.48,65.084,0.016,-0.001
92,1,92,1,92,-0.555,-0.796,-0.797,0.498,0.414,0.396,13.079,16.941,15.373,16.133,22.964,17.483,36.543,65.084,0.017,0.001
93,1,93,1,93,-0.555,-0.796,-0.797,0.502,0.416,0.399,13.126,16.941,15.402,16.169,22.989,17.533,37.688,65.084,0.021,0.002
94,1,94,1,94,-0.555,-0.796,-0.797,0.507,0.425,0.402,13.091,16.886,15.392,16.13,22.564,17.506,35.611,65.084,0.015,-0.001
95,1,95,1,95,-0.555,-0.796,-0.797,0.503,0.416,0.397,13.079,16.814,15.385,16.039,22.983,17.488,39.41,65.084,0.018,-0.002
96,1,96,1,96,-0.555,-0.796,-0.797,0.502,0.419,0.398,13.075,16.84,15.373,16.063,22.965,17.515,39.464,65.084,0.016,-0.001
97,1,97,1,97,-0.555,-0.796,-0.797,0.5,0.424,0.399,13.088,16.846,15.341,16.089,22.882,17.489,37.954,65.084,0.019,0.004
98,1,98,1,98,-0.555,-0.796,-0.797,0.512,0.438,0.397,13.013,16.736,15.365,16.004,22.851,17.391,39.434,65.084,0.021,0
99,1,99,1,99,-0.555,-0.796,-0.797,0.505,0.422,0.396,13.114,16.845,15.367,16.135,23.001,17.534,38.493,65.084,0.021,0.005
100,1,100,1,100,-0.555,-0.796,-0.797,0.504,0.429,0.399,13.06,16.722,15.35,15.999,23.148,17.459,38.556,65.084,0.017,-0.001
101,1,101,1,101,-0.555,-0.796,-0.797,0.503,0.462,0.437,11.574,19.346,13.064,16.019,16.778,28.559,41.078,65.084,0.015,0.014
102,1,102,1,102,-0.555,-0.796,-0.797,0.507,0.46,0.392,11.586,19.236,13.187,16.088,16.899,28.376,41.231,65.084,0.015,0.015
103,1,103,1,103,-0.555,-0.796,-0.797,0.521,0.49,0.398,11.575,19.261,13.193,16.111,16.851,28.198,40.956,65.084,0.015,0.013
104,1,104,1,104,-0.555,-0.796,-0.797,0.513,0.464,0.432,11.551,19.2,13.06,15.922,16.753,28.59,41.289,65.084,0.013,0.013
105,1,105,1,105,-0.555,-0.796,-0.797,0.519,0.467,0.395,11.551,19.255,13.159,16.004,16.862,28.434,40.055,65.084,0.012,0.014
106,1,106,1,106,-0.555,-0.796,-0.797,0.58,0.557,0.437,10.989,19.401,12.777,15.67,16.367,25.203,39.156,65.084,0.013,0.012
107,1,107,1,107,-0.555,-0.796,-0.797,0.507,0.452,0.391,11.602,19.31,13.158,16.114,16.938,28.511,40.016,65.084,0.012,0.014
108,1,108,1,108,-0.555,-0.796,-0.797,0.497,0.444,0.405,11.61,19.473,13.127,16.094,16.907,28.59,40.614,65.084,0.012,0.012
109,1,109,1,109,-0.555,-0.796,-0.797,0.502,0.443,0.396,11.61,19.5,13.163,16.158,16.969,28.562,42.563,65.084,0.014,0.015
110,1,110,1,110,-0.555,-0.796,-0.797,0.503,0.454,0.398,11.638,19.499,13.167,16.075,16.95,28.723,41.577,65.084,0.016,0.016
111,1,111,1,111,-0.555,-0.796,-0.797,0.527,0.482,0.381,11.606,19.297,13.198,16.106,16.951,28.52,43.278,65.084,0.016,0.015
112,1,112,1,112,-0.555,-0.796,-0.797,0.531,0.489,0.381,11.576,19.147,13.241,15.944,16.97,28.493,39.473,65.084,0.012,0.012
113,1,113,1,113,-0.555,-0.796,-0.797,0.644,0.454,0.389,11.731,19.333,13.187,16.021,17.068,28.657,60.735,65.084,0.016,0.015
114,1,114,1,114,-0.555,-0.796,-0.797,0.51,0.453,0.393,11.609,19.468,13.154,15.98,16.971,28.746,43.223,65.084,0.015,0.015
115,1,115,1,115,-0.555,-0.796,-0.797,0.508,0.451,0.403,11.655,19.287,13.151,15.99,17.047,28.613,42.447,65.084,0.017,0.016
126,1,126,1,126,-0.555,-0.796,-0.797,0.348,0.385,0.355,15.425,13.845,16.747,15.056,21.814,19.986,39.512,65.084,0.014,0.012
127,1,127,1,127,-0.555,-0.796,-0.797,0.345,0.374,0.373,15.383,13.84,16.721,14.985,21.867,19.932,37.899,65.084,0.011,0.015
128,1,128,1,128,-0.555,-0.796,-0.797,0.343,0.377,0.366,15.438,13.86,16.74,15.039,21.82,20.027,38.071,65.084,0.015,0.014
129,1,129,1,129,-0.555,-0.796,-0.797,0.352,0.386,0.368,15.458,13.827,16.775,14.991,21.811,20.036,37.834,65.084,0.012,0.012
130,1,130,1,130,-0.555,-0.796,-0.797,0.326,0.344,0.348,15.704,13.932,16.956,15.05,21.987,20.265,39.121,65.084,0.013,0.009
131,1,131,1,131,-0.555,-0.796,-0.797,0.344,0.376,0.345,15.482,13.699,16.858,14.815,21.838,19.992,40.957,65.084,0.017,0.018
132,1,132,1,132,-0.555,-0.796,-0.797,0.346,0.366,0.352,15.542,13.726,16.902,14.902,21.791,20.167,38.679,65.084,0.014,0.015
133,1,133,1,133,-0.555,-0.796,-0.797,0.335,0.35,0.348,15.523,13.87,16.841,15.002,21.856,20.065,42.65,65.084,0.015,0.014
134,1,134,1,134,-0.555,-0.796,-0.797,0.343,0.374,0.339,15.514,13.816,16.821,15.029,21.757,20.081,37.732,65.084,0.01,0.016
135,1,135,1,135,-0.555,-0.796,-0.797,0.34,0.372,0.36,15.456,13.809,16.756,14.972,21.863,20.038,39.231,65.084,0.013,0.014
136,1,136,1,136,-0.555,-0.796,-0.797,0.342,0.364,0.359,15.475,13.693,16.809,14.844,21.723,20.021,38.765,65.084,0.016,0.015
137,1,137,1,137,-0.555,-0.796,-0.797,0.355,0.379,0.359,15.568,13.765,16.824,14.957,21.778,20.077,37.25,65.084,0.013,0.01
138,1,138,1,138,-0.555,-0.796,-0.797,0.328,0.342,0.344,15.654,13.961,16.883,15.06,21.94,20.177,37.347,65.084,0.011,0.016
139,1,139,1,139,-0.555,-0.796,-0.797,0.343,0.367,0.353,15.579,13.785,16.873,14.934,21.806,20.148,39.088,65.084,0.013,0.016
140,1,140,1,140,-0.555,-0.796,-0.797,0.33,0.345,0.323,15.653,13.823,16.902,14.961,21.883,20.197,38.41,65.084,0.013,0.013
141,1,141,1,141,-0.555,-0.796,-0.797,0.34,0.36,0.345,15.521,13.794,16.796,14.939,21.845,20.142,38.042,65.084,0.011,0.015
142,1,142,1,142,-0.555,-0.796,-0.797,0.341,0.359,0.354,15.714,13.767,16.905,14.904,21.92,20.275,37.817,65.084,0.012,0.015
143,1,143,1,143,-0.555,-0.796,-0.797,0.35,0.367,0.334,15.538,13.68,16.911,14.809,21.802,20.115,40.254,65.084,0.013,0.019
144,1,144,1,144,-0.555,-0.796,-0.797,0.371,0.397,0.375,15.612,13.645,16.869,14.858,21.87,20.155,42.053,65.084,0.014,0.015
145,1,145,1,145,-0.555,-0.796,-0.797,0.352,0.376,0.365,15.525,13.687,16.844,14.82,21.923,20.139,39.126,65.084,0.014,0.011
