Header Section,,,,,,,,,,,,,,,,,,,,,,
Product,VC1616,,,,,,,,,,,,,,,,,,,,,
Test Plan,Rev(C),,,,,,,,,,,,,,,,,,,,,
Release Date,2016/6/24,,,,,,,,,,,,,,,,,,,,,
Comment,#1-36/A3E3.1;,,,,,,,,,,,,,,,,,,,,,
,,,,,,,,,,,,,,,,,,,,,,
Data Section,,,,,,,,,,,,,,,,,,,,,,
Device#,1,2,3,4,5,6,7,8,9,10,11,12,13,14,15,16,17,18,19,20,21,22
Test Item,Site No,Device ID,Site,ID,Current1,Leakage_V1,Leakage_V2,Leakage_V3,Insertion  ANT  to  RF1,Insertion  ANT  to  RF2,Insertion  ANT  to  RF3,Insertion  ANT  to  RF4,Insertion  ANT  to  RF5,Insertion  ANT  to  RF6,Iso1 RF1 to RF5,Iso1 RF5 to RF1,Iso1 RF3 to RF1,Iso1 RF1 to RF3,Iso1 RF2 to RF4,Iso1 RF4 to RF2,Iso1 RF6 to RF2,Iso1 RF2 to RF6
Low Tolerance,,,,,10,,,,0.2,0.2,0.2,0.2,0.2,0.2,1.5,1.5,1.5,1.5,1.5,1.5,1.5,1.5
High Tolerance,,,,,10,,,,0.2,0.2,0.2,0.2,0.2,0.2,1.5,1.5,1.5,1.5,1.5,1.5,1.5,1.5
Enable,,,,,1,,,,1,1,1,1,1,1,0,0,0,0,0,0,0,0
1,1,1,1,1,31.425,0,0,0,1.803,1.595,1.54,1.602,1.379,1.61,20.675,23.085,26.336,22.719,23.339,26.788,22.274,20.619
2,1,2,1,2,55.536,0,0,0,2.023,1.596,1.595,1.59,1.391,1.603,21.901,23.269,27.387,25.737,23.539,26.887,22.417,20.824
3,1,3,1,3,32.336,0,0,0,1.794,1.579,1.556,1.587,1.38,1.603,20.67,23.082,26.514,22.773,23.39,26.816,22.339,20.678
4,1,4,1,4,33.961,0,0,0,1.802,1.578,1.556,1.587,1.379,1.603,20.71,23.119,26.544,22.8,23.468,26.892,22.395,20.774
5,1,5,1,5,33.662,0,0,0,1.804,1.588,1.557,1.588,1.377,1.604,20.69,23.059,26.443,22.751,23.524,26.912,22.411,20.703
6,1,6,1,6,31.925,0,0,0,1.802,1.579,1.552,1.578,1.368,1.595,20.664,23.116,26.493,22.759,23.558,26.972,22.446,20.772
7,1,7,1,7,28.3,0,0,0,1.804,1.583,1.551,1.586,1.37,1.607,20.613,23.12,26.489,22.76,23.427,26.787,22.321,20.754
8,1,8,1,8,26.934,0,0,0,1.806,1.586,1.55,1.586,1.366,1.602,20.679,23.096,26.494,22.8,23.482,26.889,22.353,20.733
9,1,9,1,9,24.656,0,0,0,1.818,1.628,1.587,1.624,1.396,1.609,20.836,23.266,26.631,22.956,23.658,27.156,22.54,20.981
10,1,10,1,10,29.632,0,0,0,1.767,1.584,1.538,1.576,1.344,1.594,20.745,23.129,26.419,22.79,23.557,26.993,22.478,20.812
11,1,11,1,11,29.369,0,0,0,1.79,1.588,1.599,1.591,1.364,1.607,20.679,23.09,26.544,22.851,23.332,26.758,22.23,20.672
12,1,12,1,12,31.422,0,0,0,1.749,1.56,1.551,1.583,1.4,1.601,20.595,23.019,26.425,22.67,23.563,26.807,22.334,20.711
13,1,13,1,13,30.105,0,0,0,1.753,1.558,1.539,1.585,1.401,1.599,20.661,23.069,26.325,22.642,23.619,26.868,22.325,20.756
14,1,14,1,14,50.179,0,0,0,1.688,1.61,1.535,1.607,1.53,1.64,20.612,23.191,26.182,22.212,23.658,26.808,22.499,20.841
15,1,15,1,15,33.306,0,0,0,1.706,1.624,1.548,1.62,1.536,1.641,20.599,23.215,26.189,22.248,23.642,26.816,22.479,20.769
16,1,16,1,16,27.328,0,0,0,1.697,1.614,1.539,1.612,1.538,1.64,20.572,23.242,26.242,22.262,23.534,26.721,22.445,20.759
17,1,17,1,17,32.707,0,0,0,1.691,1.622,1.539,1.618,1.542,1.643,20.604,23.234,26.321,22.317,23.628,26.745,22.473,20.834
18,1,18,1,18,38.281,0,0,0,1.711,1.624,1.544,1.624,1.547,1.648,20.614,23.234,26.255,22.23,23.639,26.773,22.466,20.796
19,1,19,1,19,24.912,0,0,0,2.009,1.901,1.895,1.907,1.858,1.952,21.121,23.625,26.725,22.731,24.295,27.378,22.987,21.333
20,1,20,1,20,40.769,0,0,0,1.686,1.578,1.57,1.591,1.527,1.616,20.624,23.28,26.409,22.454,23.623,26.629,22.355,20.739
21,1,21,1,21,25.188,0,0,0,1.845,1.694,1.599,1.628,1.407,1.495,20.148,23.134,26.294,22.449,23.368,26.59,22.467,20.546
22,1,22,1,22,24.486,0,0,0,1.815,1.677,1.572,1.601,1.395,1.529,20.17,23.215,26.451,22.519,23.538,26.818,22.522,20.645
23,1,23,1,23,24.953,0,0,0,1.838,1.704,1.598,1.587,1.408,1.524,20.233,23.201,26.304,22.513,23.579,26.774,22.585,20.729
24,1,24,1,24,25.521,0,0,0,1.859,1.698,1.64,1.627,1.407,1.53,20.06,23.084,26.269,22.413,23.433,26.747,22.502,20.56
25,1,25,1,25,28.181,0,0,0,1.822,1.724,1.617,1.602,1.416,1.529,20.096,23.179,26.223,22.468,23.535,26.718,22.516,20.653
26,1,26,1,26,24.837,0,0,0,1.784,1.635,1.538,1.568,1.351,1.488,20.159,23.187,26.384,22.491,23.434,26.685,22.473,20.562
27,1,27,1,27,25.63,0,0,0,1.903,1.759,1.667,1.689,1.476,1.616,20.115,23.166,26.273,22.441,23.444,26.631,22.523,20.579
28,1,28,1,28,24.38,0,0,0,1.892,1.754,1.665,1.675,1.462,1.603,20.135,23.154,26.262,22.461,23.507,26.712,22.574,20.644
29,1,29,1,29,25.823,0,0,0,1.877,1.729,1.642,1.658,1.438,1.579,20.036,23.086,26.158,22.347,23.417,26.664,22.493,20.547
30,1,30,1,30,25.402,0,0,0,1.849,1.697,1.61,1.649,1.423,1.554,20.121,23.12,26.238,22.414,23.39,26.581,22.441,20.542
31,1,31,1,31,26.637,0,0,0,1.767,1.629,1.525,1.548,1.349,1.482,20.196,23.211,26.393,22.514,23.505,26.792,22.536,20.629
32,1,32,1,32,26.14,0,0,0,1.855,1.699,1.637,1.626,1.419,1.537,20.098,23.095,26.247,22.429,23.51,26.78,22.521,20.627
33,1,33,1,33,25.524,0,0,0,1.835,1.711,1.618,1.63,1.439,1.58,20.132,23.189,26.251,22.444,23.525,26.814,22.584,20.63
34,1,34,1,34,23.687,0,0,0,1.812,1.7,1.625,1.649,1.456,1.583,20.169,23.226,26.434,22.516,23.474,26.735,22.539,20.591
35,1,35,1,35,23.797,0,0,0,1.778,1.652,1.571,1.584,1.39,1.512,20.132,23.14,26.313,22.459,23.458,26.815,22.537,20.554
36,1,36,1,36,25.582,0,0,0,1.835,1.698,1.606,1.642,1.431,1.57,20.139,23.21,26.386,22.472,23.437,26.704,22.525,20.571
