Header Section,,,,,,,,,,,,,,,,,
Product,VC1613,,,,,,,,,,,,,,,,
Test Plan,Rev(-),,,,,,,,,,,,,,,,
Release Date,10/28/2014,,,,,,,,,,,,,,,,
Comment,7300~7309 for VC1673A3E4.14;,,,,,,,,,,,,,,,,
,,,,,,,,,,,,,,,,,
Data Section,,,,,,,,,,,,,,,,,
Device#,1,2,3,4,5,6,7,8,9,10,11,12,13,14,15,16,17
Test Item,Site No,Device ID,Current,TRX1_3000_Insertion Loss,TRX2_3000_Insertion Loss,TRX3_3000_Insertion Loss,TRX3_3000_IsoLationRX1,TRX1_3000_IsoLationRX3,TRX2_3000_IsoLationRX1,TRX1_3000_IsoLationRX2,TRX1_900_Insertion Loss,TRX2_900_Insertion Loss,TRX3_900_Insertion Loss,TRX3_900_IsoLationRX1,TRX1_900_IsoLationRX3,TRX2_900_IsoLationRX1,TRX1_900_IsoLationRX2
Low Tolerance,,,10,0.2,0.2,0.2,1.5,1.5,1.5,1.5,0.15,0.15,0.15,1.5,1.5,1.5,1.5
High Tolerance,,,10,0.2,0.2,0.2,1.5,1.5,1.5,1.5,0.15,0.15,0.15,1.5,1.5,1.5,1.5
Enable,,,0,1,1,1,0,0,0,0,1,1,1,0,0,0,0
1300,1,1300,32.702,1.801,1.663,1.794,22.806,27.128,30.967,30.526,0.801,0.814,0.811,31.470,36.750,48.650,45.842
1301,1,1301,29.965,1.804,1.659,1.790,22.971,27.247,31.170,30.919,0.800,0.810,0.804,31.554,36.668,48.210,46.695
1302,1,1302,31.458,1.729,1.595,1.762,23.048,27.465,31.725,31.234,0.801,0.812,0.820,31.668,36.794,49.045,46.124
1303,1,1303,30.319,1.735,1.589,1.765,22.922,27.289,31.567,30.939,0.794,0.802,0.808,31.585,36.767,48.941,46.353
1304,1,1304,32.130,1.811,1.675,1.801,22.901,27.172,31.061,30.727,0.809,0.821,0.818,31.569,36.824,47.583,46.556
1305,1,1305,29.582,1.811,1.683,1.815,22.882,27.229,31.133,30.639,0.817,0.831,0.826,31.528,36.790,48.767,45.756
1306,1,1306,33.453,1.833,1.687,1.823,22.821,27.125,30.874,30.449,0.825,0.838,0.831,31.498,36.837,48.688,46.044
1307,1,1307,31.405,1.814,1.697,1.833,22.613,27.077,30.854,30.266,0.828,0.845,0.843,31.410,36.948,48.346,45.719
1308,1,1308,31.195,1.723,1.610,1.746,22.687,27.042,31.518,30.726,0.797,0.815,0.798,31.507,36.689,48.333,46.107
1309,1,1309,32.434,1.749,1.623,1.758,22.685,26.935,31.133,30.526,0.803,0.821,0.803,31.624,36.727,48.346,46.188
1310,1,1310,32.718,1.717,1.607,1.735,22.634,27.259,31.032,30.346,0.798,0.818,0.803,31.674,37.337,48.447,45.744
1311,1,1311,29.639,1.743,1.616,1.756,22.788,27.135,31.446,30.571,0.806,0.822,0.804,31.549,36.762,49.710,45.065
1312,1,1312,29.991,1.784,1.652,1.784,22.874,27.185,31.180,30.801,0.807,0.824,0.815,31.538,36.691,47.891,46.499
1313,1,1313,29.940,1.803,1.664,1.794,22.880,27.215,31.157,30.653,0.816,0.835,0.825,31.532,36.721,48.810,45.624
1314,1,1314,30.864,1.801,1.674,1.807,22.847,27.273,31.206,30.589,0.829,0.848,0.840,31.545,36.865,49.525,45.383
1315,1,1315,31.732,1.829,1.679,1.800,22.863,27.149,30.941,30.636,0.814,0.833,0.818,31.523,36.701,47.820,46.350
1316,1,1316,33.970,1.805,1.666,1.798,22.899,27.236,31.197,30.764,0.812,0.829,0.821,31.539,36.757,48.081,46.177
1317,1,1317,31.444,1.824,1.674,1.811,22.775,27.090,30.835,30.423,0.819,0.835,0.828,31.483,36.689,48.695,45.574
1318,1,1318,30.536,1.809,1.661,1.796,22.863,27.167,31.098,30.772,0.806,0.824,0.815,31.453,36.607,48.018,46.389
1319,1,1319,31.827,1.810,1.679,1.802,22.687,27.015,30.906,30.407,0.818,0.838,0.824,31.460,36.788,48.714,45.785
