Header Section,,,,,,,,,,,,,,,,,,,,,,,,,,,,,
Product,VC1618,,,,,,,,,,,,,,,,,,,,,,,,,,,,
Test Plan,Rev(H),,,,,,,,,,,,,,,,,,,,,,,,,,,,
Release Date,2020/3/16,,,,,,,,,,,,,,,,,,,,,,,,,,,,
Comment,#1-20/A3E10.1,,,,,,,,,,,,,,,,,,,,,,,,,,,,
,,,,,,,,,,,,,,,,,,,,,,,,,,,,,
Data Section,,,,,,,,,,,,,,,,,,,,,,,,,,,,,
Device#,1,2,3,4,5,6,7,8,9,10,11,12,13,14,15,16,17,18,19,20,21,22,23,24,25,26,27,28,29
Test Item,Site No,Hbin,Sbin,Device ID,OS_VDD,OS_V1_negative,OS_V2_negative,OS_V3_negative,Insertion  ANT  to  RF1,Insertion  ANT  to  RF2,Insertion  ANT  to  RF3,Insertion  ANT  to  RF4,Insertion  ANT  to  RF5,Insertion  ANT  to  RF6,Insertion  ANT  to  RF7,Insertion  ANT  to  RF8,Iso1 RF1 to RF5,Iso1 RF5 to RF1,Iso1 RF3 to RF7,Iso1 RF7 to RF3,Iso1 RF8 to RF4,Iso1 RF4 to RF8,Iso1 RF6 to RF2,Iso1 RF2 to RF6,Vdd_Current1_2V8,Vdd_Current2_4V8,Leakage_V1,Leakage_V2,Leakage_V3
Low Tolerance,,,,,0.3,0.3,0.3,0.3,0.2,0.2,0.2,0.2,0.2,0.2,0.2,0.2,2,2,2,2,2,2,2,2,10,10,,,
High Tolerance,,,,,0.3,0.3,0.3,0.3,0.2,0.2,0.2,0.2,0.2,0.2,0.2,0.2,2,2,2,2,2,2,2,2,10,10,,,
Enable,,,,,0,0,0,0,1,1,1,1,1,1,1,1,0,0,0,0,0,0,0,0,1,1,0,0,0
1,1,1,1,1,-0.602,-0.793,-0.808,-0.798,0.767,0.784,0.747,0.762,0.765,0.771,0.795,0.808,18.564,21.265,14.056,20.228,18.835,12.395,15.354,13.059,25.733,28.733,0.02,0.001,0.009
2,1,1,1,2,-0.604,-0.8,-0.802,-0.802,0.791,0.802,0.77,0.777,0.793,0.791,0.834,0.853,18.491,21.274,14.035,20.18,18.836,12.399,15.374,13.046,27.386,30.386,0.02,0.003,0.008
3,1,1,1,3,-0.599,-0.796,-0.801,-0.806,0.776,0.788,0.757,0.778,0.783,0.784,0.823,0.839,18.568,21.376,14.066,20.263,18.811,12.397,15.338,13.046,26.708,29.708,0.02,0.003,0.002
4,1,1,1,4,-0.602,-0.802,-0.803,-0.801,0.776,0.778,0.772,0.776,0.784,0.783,0.821,0.846,18.583,21.368,14.036,20.178,18.757,12.368,15.25,13.05,29.991,32.991,0.021,0.004,0.004
5,1,1,1,5,-0.618,-0.802,-0.801,-0.8,0.782,0.781,0.764,0.767,0.795,0.779,0.827,0.833,18.454,21.299,13.928,20.206,18.925,12.475,15.344,13.079,26.627,29.627,0.02,0.001,0.008
6,1,1,1,6,-0.576,-0.797,-0.798,-0.798,0.776,0.798,0.764,0.768,0.797,0.791,0.83,0.847,18.458,21.269,13.929,20.183,18.898,12.477,15.382,13.016,27.895,30.895,0.019,0.002,0.001
7,1,1,1,7,-0.576,-0.797,-0.798,-0.798,0.785,0.783,0.775,0.769,0.802,0.796,0.833,0.845,18.445,21.24,13.922,20.173,18.892,12.449,15.349,13.032,26.743,29.743,0.023,0.003,0.003
8,1,1,1,8,-0.576,-0.797,-0.798,-0.798,0.784,0.781,0.765,0.767,0.788,0.783,0.817,0.84,18.543,21.253,13.989,20.224,18.889,12.361,15.358,13.014,26.5,29.5,0.02,0,0.001
9,1,1,1,9,-0.576,-0.797,-0.798,-0.798,0.769,0.771,0.752,0.762,0.777,0.766,0.809,0.824,18.526,21.248,14.001,20.221,18.898,12.429,15.388,13.064,26.213,29.213,0.019,0,0.003
10,1,1,1,10,-0.576,-0.797,-0.798,-0.798,0.767,0.764,0.749,0.757,0.769,0.759,0.791,0.808,18.564,21.211,14.028,20.262,18.878,12.355,15.372,13.049,27.906,30.906,0.021,0.003,0.002
11,1,1,1,11,-0.599,-0.798,-0.799,-0.802,0.865,0.832,0.922,0.877,0.913,0.831,0.932,0.919,17.719,21.166,13.451,18.481,18.96,12.461,15.366,13.038,26.325,29.325,0.02,0.002,-0.001
12,1,1,1,12,-0.576,-0.797,-0.798,-0.798,0.768,0.775,0.747,0.761,0.775,0.762,0.807,0.82,18.556,21.294,13.987,20.291,18.918,12.43,15.405,13.065,25.23,28.23,0.019,0.001,0.003
13,1,1,1,13,-0.631,-0.801,-0.797,-0.799,0.772,0.777,0.752,0.771,0.792,0.788,0.834,0.844,18.457,21.334,14.008,20.213,18.784,12.382,15.283,12.994,26.055,29.055,0.018,0,0
14,1,1,1,14,-0.6,-0.802,-0.799,-0.802,0.757,0.781,0.735,0.752,0.76,0.758,0.79,0.807,18.548,21.281,13.991,20.3,18.861,12.464,15.365,13.016,27.398,30.398,0.023,0.002,0.004
15,1,1,1,15,-0.629,-0.799,-0.793,-0.799,0.777,0.775,0.757,0.772,0.794,0.792,0.83,0.846,18.492,21.331,14.019,20.218,18.744,12.38,15.281,12.995,25.272,28.272,0.021,0.001,0.003
16,1,1,1,16,-0.609,-0.792,-0.803,-0.799,0.766,0.77,0.749,0.764,0.771,0.767,0.809,0.826,18.54,21.259,13.973,20.236,18.881,12.441,15.382,13.077,25.852,28.852,0.021,0.002,-0.001
17,1,1,1,17,-0.62,-0.804,-0.792,-0.803,0.758,0.754,0.741,0.747,0.763,0.758,0.792,0.804,18.506,21.264,13.959,20.284,18.88,12.426,15.336,13.047,26.351,29.351,0.02,0.003,0.001
18,1,1,1,18,-0.613,-0.798,-0.802,-0.797,0.767,0.76,0.754,0.761,0.775,0.772,0.806,0.817,18.525,21.276,13.987,20.239,18.857,12.413,15.359,13.07,25.112,28.112,0.019,0.001,0.002
19,1,1,1,19,-0.619,-0.798,-0.799,-0.798,0.783,0.783,0.746,0.764,0.77,0.763,0.804,0.813,18.502,21.325,13.98,20.265,18.832,12.424,15.333,13.031,28.473,31.473,0.021,0.002,0.005
20,1,1,1,20,-0.611,-0.807,-0.797,-0.794,0.789,0.78,0.757,0.763,0.791,0.784,0.823,0.836,18.416,21.289,13.915,20.235,18.84,12.449,15.3,12.968,27.422,30.422,0.02,0.001,0.002
21,1,1,1,21,-0.622,-0.803,-0.798,-0.802,0.773,0.797,0.746,0.802,0.867,0.802,0.877,0.813,18.652,21.435,14.128,20.487,19.125,12.552,15.316,13.110,31.482,34.734,0.021,0.002,0.003
22,1,1,1,22,-0.605,-0.802,-0.798,-0.804,0.764,0.780,0.729,0.774,0.791,0.727,0.781,0.797,18.749,21.196,14.100,19.765,19.291,12.551,15.442,13.152,30.697,33.861,0.022,0.004,0.005
23,1,1,1,23,-0.623,-0.803,-0.797,-0.802,0.772,0.777,0.747,0.764,0.770,0.716,0.767,0.800,18.565,21.486,13.936,20.310,19.560,12.568,15.372,13.093,27.989,30.991,0.020,0.002,0.002
24,1,1,1,24,-0.595,-0.804,-0.795,-0.804,0.753,0.743,0.719,0.726,0.719,0.678,0.710,0.768,18.715,21.093,14.040,19.728,19.943,12.601,15.364,13.107,41.802,45.360,0.025,0.006,0.008
25,1,1,1,25,-0.622,-0.802,-0.799,-0.803,0.777,0.784,0.739,0.746,0.728,0.744,0.761,0.802,18.642,21.226,14.023,19.706,19.051,12.548,15.452,13.076,29.606,32.766,0.020,0.003,0.003
26,1,1,1,26,-0.628,-0.801,-0.797,-0.802,0.758,0.752,0.724,0.715,0.686,0.683,0.711,0.781,18.636,21.411,13.972,20.052,19.962,12.577,15.428,13.084,35.964,39.202,0.020,0.003,0.002
27,1,1,1,27,-0.596,-0.804,-0.796,-0.804,0.753,0.737,0.726,0.699,0.724,0.673,0.955,0.770,18.664,21.014,14.245,19.722,19.632,12.608,15.441,13.144,43.851,47.326,0.024,0.005,0.007
28,1,1,1,28,-0.604,-0.802,-0.799,-0.801,0.745,0.732,0.708,0.688,0.687,0.622,0.844,0.767,18.673,21.097,14.183,19.902,19.973,12.605,15.257,13.008,36.470,39.902,0.023,0.005,0.005
29,1,1,1,29,-0.616,-0.804,-0.797,-0.804,0.763,0.746,0.737,0.710,0.709,0.741,0.848,0.789,18.545,21.434,14.084,20.301,19.575,12.586,15.415,13.031,31.761,34.951,0.022,0.004,0.005
30,1,1,1,30,-0.593,-0.804,-0.796,-0.803,0.737,0.719,0.709,0.680,0.666,0.701,0.794,0.752,18.698,20.915,14.185,19.455,19.142,12.552,15.566,13.179,39.173,42.701,0.026,0.007,0.008
31,1,1,1,31,-0.599,-0.802,-0.794,-0.801,0.749,0.731,0.723,0.699,0.682,0.812,0.940,0.773,18.640,21.070,14.304,19.744,19.334,12.565,15.522,13.137,36.764,39.955,0.024,0.005,0.007
32,1,1,1,32,-0.598,-0.803,-0.798,-0.801,0.755,0.743,0.722,0.700,0.681,0.774,0.867,0.785,18.656,21.213,14.203,20.026,19.921,12.659,15.540,13.195,28.823,31.918,0.021,0.002,0.003
33,1,1,1,33,-0.607,-0.802,-0.796,-0.803,0.750,0.735,0.728,0.700,0.677,0.755,0.851,0.776,18.625,21.088,14.148,19.793,19.417,12.507,15.437,13.126,31.322,34.526,0.022,0.004,0.005
34,1,1,1,34,-0.607,-0.802,-0.797,-0.804,0.780,0.755,0.755,0.713,0.698,0.785,0.899,0.801,18.690,21.121,14.262,19.683,19.466,12.537,15.555,13.111,30.986,34.137,0.022,0.004,0.005
35,1,1,1,35,-0.603,-0.804,-0.798,-0.802,0.767,0.741,0.739,0.695,0.682,0.830,0.844,0.788,18.554,21.300,14.122,20.136,19.232,12.600,15.640,13.208,30.649,33.729,0.022,0.004,0.004
36,1,1,1,36,-0.609,-0.803,-0.797,-0.801,0.765,0.732,0.739,0.685,0.655,0.742,0.790,0.795,18.592,21.295,14.030,20.095,19.281,12.645,15.608,13.213,26.584,29.630,0.021,0.003,0.003
37,1,1,1,37,-0.614,-0.802,-0.796,-0.803,0.752,0.720,0.734,0.676,0.641,0.714,0.758,0.785,18.622,21.306,13.994,20.104,20.372,12.624,15.540,13.149,27.943,30.920,0.020,0.003,0.004
38,1,1,1,38,-0.608,-0.805,-0.795,-0.803,0.761,0.716,0.728,0.671,0.638,0.752,0.737,0.792,18.547,21.284,14.001,20.091,19.719,12.652,15.641,13.251,28.213,31.331,0.021,0.002,0.004
39,1,1,1,39,-0.591,-0.805,-0.796,-0.802,0.734,0.684,0.705,0.639,0.596,0.707,0.797,0.759,18.526,20.955,14.197,19.766,19.365,12.604,15.460,13.196,41.258,44.879,0.028,0.009,0.009
40,1,1,1,40,-0.623,-0.802,-0.795,-0.800,0.748,0.707,0.709,0.661,0.622,0.702,0.788,0.768,18.577,21.215,14.154,19.569,19.119,12.565,15.470,13.115,28.351,31.440,0.021,0.002,0.003
