Header Section,,,,,,,,,,,,,,,,,,,
Product,VC1616,,,,,,,,,,,,,,,,,,
Test Plan,Rev(B),,,,,,,,,,,,,,,,,,
Release Date,2016/4/26,,,,,,,,,,,,,,,,,,
Comment,#1-30/A5E1.1;,,,,,,,,,,,,,,,,,,
,,,,,,,,,,,,,,,,,,,
Data Section,,,,,,,,,,,,,,,,,,,
Device#,1,2,3,4,5,6,7,8,9,10,11,12,13,14,15,16,17,18,19
Test Item,Site No,Device ID,Current1,Insertion  ANT  to  RF1,Insertion  ANT  to  RF2,Insertion  ANT  to  RF3,Insertion  ANT  to  RF4,Insertion  ANT  to  RF5,Insertion  ANT  to  RF6,Iso1 RF1 to RF5,Iso1 RF5 to RF1,Iso1 RF3 to RF1,Iso1 RF1 to RF3,Iso1 RF2 to RF4,Iso1 RF4 to RF2,Iso1 RF6 to RF2,Iso1 RF2 to RF6,Test Time ,Index Time 
Low Tolerance,,,10,0.2,0.2,0.2,0.2,0.2,0.2,1.5,1.5,1.5,1.5,1.5,1.5,1.5,1.5,,
High Tolerance,,,10,0.2,0.2,0.2,0.2,0.2,0.2,1.5,1.5,1.5,1.5,1.5,1.5,1.5,1.5,,
Enable,,,1,1,1,1,1,1,1,1,1,1,1,1,1,1,1,,
1,1,1,36.099,1.357,1.342,1.346,1.342,1.364,1.350,26.004,23.146,17.181,17.645,15.407,15.344,21.306,22.736,441.521,3.813
2,1,2,32.915,1.361,1.345,1.343,1.343,1.368,1.352,26.097,23.149,17.356,17.866,15.386,15.323,21.262,22.650,437.613,11.260
3,1,3,32.921,1.366,1.342,1.346,1.342,1.367,1.350,26.102,23.173,17.279,17.756,15.396,15.334,21.353,22.729,439.490,16.145
4,1,4,30.255,1.360,1.347,1.346,1.344,1.367,1.349,26.131,23.212,17.324,17.814,15.427,15.356,21.352,22.779,442.366,17.312
5,1,5,31.778,1.370,1.346,1.349,1.348,1.377,1.361,26.160,23.193,17.319,17.810,15.409,15.336,21.307,22.743,439.424,16.086
6,1,6,31.259,1.366,1.343,1.346,1.345,1.373,1.355,26.156,23.171,17.326,17.823,15.424,15.352,21.312,22.741,440.772,15.154
7,1,7,30.846,1.361,1.343,1.345,1.344,1.368,1.349,26.064,23.149,17.376,17.887,15.392,15.343,21.322,22.637,437.200,16.756
8,1,8,30.586,1.360,1.343,1.343,1.345,1.370,1.347,26.213,23.235,17.441,17.956,15.466,15.394,21.362,22.776,442.584,13.217
9,1,9,38.638,1.363,1.342,1.344,1.345,1.375,1.354,26.142,23.242,17.456,17.965,15.436,15.357,21.274,22.707,439.328,8.547
10,1,10,34.002,1.371,1.348,1.345,1.347,1.376,1.354,26.163,23.168,17.418,17.936,15.409,15.345,21.305,22.683,440.043,17.973
11,1,11,31.841,1.378,1.346,1.345,1.346,1.386,1.355,26.201,23.246,17.415,17.925,15.422,15.354,21.313,22.722,437.081,14.222
12,1,12,31.396,1.377,1.349,1.348,1.350,1.378,1.357,26.107,23.145,17.348,17.863,15.384,15.321,21.302,22.672,442.267,23.658
13,1,13,34.084,1.374,1.348,1.344,1.350,1.378,1.359,26.077,23.195,17.356,17.859,15.415,15.345,21.282,22.682,440.740,18.306
14,1,14,29.064,1.369,1.346,1.342,1.345,1.373,1.352,26.140,23.253,17.373,17.851,15.433,15.363,21.308,22.756,440.337,17.519
15,1,15,31.739,1.372,1.348,1.342,1.348,1.374,1.351,26.135,23.219,17.389,17.887,15.416,15.353,21.297,22.716,443.118,21.887
16,1,16,33.281,1.379,1.348,1.346,1.349,1.379,1.356,26.082,23.216,17.332,17.806,15.417,15.353,21.274,22.695,444.691,15.032
17,1,17,39.100,1.369,1.341,1.339,1.343,1.367,1.349,26.097,23.228,17.336,17.814,15.426,15.348,21.290,22.690,438.374,20.007
18,1,18,37.274,1.369,1.345,1.343,1.351,1.376,1.358,26.052,23.192,17.269,17.738,15.395,15.337,21.305,22.647,440.409,20.559
19,1,19,34.464,1.373,1.346,1.345,1.349,1.370,1.352,26.026,23.219,17.301,17.771,15.397,15.333,21.324,22.691,442.343,13.818
20,1,20,39.710,1.361,1.338,1.337,1.336,1.354,1.337,26.167,23.283,17.325,17.808,15.480,15.409,21.466,22.844,440.598,338.718
21,1,21,37.880,1.384,1.357,1.356,1.359,1.378,1.360,25.925,23.133,17.208,17.677,15.357,15.304,21.325,22.639,447.029,355.816
22,1,22,38.575,1.377,1.350,1.344,1.349,1.370,1.349,26.111,23.256,17.257,17.732,15.422,15.359,21.406,22.771,438.407,16.571
23,1,23,36.266,1.381,1.359,1.353,1.361,1.377,1.362,25.935,23.172,17.171,17.626,15.347,15.291,21.293,22.641,440.826,218.739
24,1,24,29.354,1.373,1.358,1.355,1.360,1.379,1.362,25.945,23.250,17.146,17.574,15.330,15.281,21.266,22.615,438.016,145.336
25,1,25,38.414,1.378,1.362,1.351,1.360,1.372,1.358,25.933,23.209,17.107,17.540,15.288,15.247,21.342,22.584,442.887,115.490
26,1,26,41.812,1.375,1.355,1.347,1.359,1.369,1.356,25.889,23.240,17.159,17.581,15.301,15.235,21.268,22.576,438.259,113.897
27,1,27,32.405,1.382,1.358,1.353,1.360,1.372,1.361,25.823,23.155,17.067,17.488,15.293,15.240,21.275,22.578,444.684,163.299
28,1,28,42.618,1.375,1.353,1.348,1.355,1.361,1.348,25.906,23.261,17.070,17.488,15.338,15.281,21.359,22.635,439.573,121.788
29,1,29,36.178,1.383,1.364,1.357,1.368,1.375,1.364,25.832,23.192,17.033,17.437,15.285,15.232,21.264,22.596,447.686,13.484
30,1,30,32.815,1.383,1.367,1.357,1.369,1.375,1.366,25.822,23.218,17.053,17.454,15.271,15.209,21.250,22.589,441.457,120.137
