Header Section,,,,,,,,,,,,,,,,,,,,,,,,,,,,,,,,,,,,,,,,,,,,,
Product,VC1899,,,,,,,,,,,,,,,,,,,,,,,,,,,,,,,,,,,,,,,,,,,,
Test Plan,Rev(C),,,,,,,,,,,,,,,,,,,,,,,,,,,,,,,,,,,,,,,,,,,,
Release Date,2019/3/29,,,,,,,,,,,,,,,,,,,,,,,,,,,,,,,,,,,,,,,,,,,,
Comment,#61-80/A1.7;,,,,,,,,,,,,,,,,,,,,,,,,,,,,,,,,,,,,,,,,,,,,
,,,,,,,,,,,,,,,,,,,,,,,,,,,,,,,,,,,,,,,,,,,,,
Data Section,,,,,,,,,,,,,,,,,,,,,,,,,,,,,,,,,,,,,,,,,,,,,
Device#,1,2,3,4,5,6,7,8,9,10,11,12,13,14,15,16,17,18,19,20,21,22,23,24,25,26,27,28,29,30,31,32,33,34,35,36,37,38,39,40,41,42,43,44,45
Test Item,Site No,Soft Bin,Hard Bin,Device ID,Current1,leakage_V1,Insertion RF1 to RF3 @ 960MHz,Insertion RF1 to RF3 @ 1910MHz,Insertion RF1 to RF3 @ 2.7GHz,Insertion RF2 to RF4 @ 960MHz,Insertion RF2 to RF4 @ 1910MHz,Insertion RF2 to RF4 @ 2.7GHz,Insertion RF1 to RF4 @ 960MHz,Insertion RF1 to RF4 @ 1910MHz,Insertion RF1 to RF4 @ 2.7GHz,Insertion RF2 to RF3 @ 960MHz,Insertion RF2 to RF3 @ 1910MHz,Insertion RF2 to RF3 @ 2.7GHz,Isolation RF1 to RF2 @ 960MHz_V1=H,Isolation RF1 to RF2 @ 2170MHz_V1=H,Isolation RF1 to RF2 @ 2.7GHz_V1=H,Isolation RF3 to RF4 @ 960MHz_V1=H,Isolation RF3 to RF4 @ 2170MHz_V1=H,Isolation RF3 to RF4 @ 2.7GHz_V1=H,Isolation RF1 to RF2 @ 960MHz_V1=L,Isolation RF1 to RF2 @ 2170MHz_V1=L,Isolation RF1 to RF2 @ 2.7GHz_V1=L,Isolation RF3 to RF4 @ 960MHz_V1=L,Isolation RF3 to RF4 @ 2170MHz_V1=L,Isolation RF3 to RF4 @ 2.7GHz_V1=L,RF1 input power detect @ RF3 out,RF3_900MHz 2nd Har @ RF1_input_V1=L,RF3_900MHz 3rd Har @ RF1_input_V1=L,RF2 input power detect @ RF4 out,RF4_900MHz 2nd Har @ RF2_input_V1=L,RF4_900MHz 3rd Har @ RF2_input_V1=L,RF2 input power detect @ RF3 out,RF3_900MHz 2nd Har @ RF2_input_V1=H,RF3_900MHz 3rd Har @ RF2_input_V1=H,RF1 input power detect @ RF4 out,RF4_900MHz 2nd Har @ RF1_input_V1=H,RF4_900MHz 3rd Har @ RF1_input_V1=H,TestTime,IndexTime,Status
Low Tolerance,,,,,10,10,0.2,0.2,0.2,0.2,0.2,0.2,0.2,0.2,0.2,0.2,0.2,0.2,3,3,3,3,3,3,3,3,3,3,3,3,0.5,3,3,0.5,3,3,0.5,3,3,0.5,3,3,,,
High Tolerance,,,,,10,10,0.2,0.2,0.2,0.2,0.2,0.2,0.2,0.2,0.2,0.2,0.2,0.2,3,3,3,3,3,3,3,3,3,3,3,3,0.5,3,3,0.5,3,3,0.5,3,3,0.5,3,3,,,
Enable,,,,,1,1,1,1,1,1,1,1,1,1,1,1,1,1,0,0,0,0,0,0,0,0,0,0,0,0,1,1,1,1,1,1,1,1,1,1,1,1,,,
61,2,3,3,61,28.169,-0.082,0.373,0.372,0.383,0.378,0.381,0.407,0.377,0.406,0.410,0.369,0.382,0.387,40.799,35.019,34.944,40.832,34.833,35.499,43.054,37.923,36.688,42.97,37.863,36.684,34.923,-61.088,-60.15,34.918,-61.003,-61.081,34.918,-59.882,-59.681,34.923,-61.136,-59.97,335.637,2076.995,
62,2,3,3,62,27.866,-0.094,0.359,0.355,0.378,0.367,0.376,0.395,0.373,0.395,0.401,0.366,0.367,0.374,40.666,34.849,34.808,40.662,34.627,35.344,43.138,37.953,36.754,42.997,37.878,36.764,34.917,-60.91,-60.89,34.913,-60.81,-62.066,34.913,-59.388,-60.465,34.917,-60.517,-60.866,341.568,1997.016,
63,2,3,3,63,29.432,-0.095,0.344,0.348,0.325,0.376,0.386,0.413,0.375,0.404,0.414,0.355,0.366,0.324,40.739,35.042,34.824,40.756,34.677,35.336,43.142,37.96,36.757,43.039,37.897,36.742,34.923,-61.041,-60.383,34.918,-63.064,-60.587,34.918,-59.824,-59.909,34.923,-67.622,-59.257,317.695,26654.589,
64,2,3,3,64,28.927,-0.095,0.345,0.342,0.325,0.373,0.383,0.404,0.376,0.400,0.403,0.359,0.360,0.326,40.932,35.273,35.092,40.936,34.917,35.637,43.34,38.226,36.984,43.211,38.107,37.025,34.918,-59.953,-62.195,34.916,-61.161,-62.675,34.916,-57.951,-61.564,34.918,-64.411,-61.392,327.423,1419.176,
65,2,3,3,65,29.129,-0.069,0.344,0.351,0.320,0.371,0.386,0.406,0.374,0.405,0.407,0.352,0.365,0.328,40.911,35.265,35.091,40.93,34.937,35.6,43.129,37.995,36.795,43.048,37.922,36.758,34.925,-61.498,-60.967,34.919,-64.413,-60.677,34.919,-60.325,-60.377,34.925,-66.028,-60.018,337.535,936.853,
66,2,3,3,66,27.411,-0.082,0.334,0.344,0.316,0.361,0.377,0.394,0.359,0.391,0.402,0.338,0.360,0.317,40.908,35.25,35.111,40.936,34.895,35.62,43.27,38.205,37.004,43.195,38.069,36.971,34.923,-63.382,-63.556,34.919,-63.267,-62.769,34.919,-61.098,-63.071,34.923,-64.544,-61.732,324.9,1533.957,
67,2,3,3,67,29.281,-0.107,0.355,0.363,0.334,0.364,0.372,0.403,0.364,0.395,0.410,0.349,0.376,0.330,40.762,35.115,34.917,40.819,34.767,35.48,43.217,38.122,36.916,43.161,38.022,36.936,34.919,-64.125,-60.167,34.921,-62.961,-61.56,34.921,-61.846,-59.749,34.919,-66.262,-60.659,317.824,19456.678,
68,2,3,3,68,28.573,-0.094,0.354,0.358,0.324,0.365,0.377,0.394,0.363,0.394,0.395,0.352,0.370,0.327,40.994,35.327,35.146,40.951,34.999,35.704,43.082,37.962,36.733,42.992,37.864,36.723,34.923,-61.269,-60.536,34.917,-62.003,-61.351,34.917,-60.031,-59.944,34.923,-61.442,-60.652,340.038,822.711,
69,2,3,3,69,31.252,-0.069,0.338,0.343,0.328,0.361,0.379,0.397,0.360,0.382,0.391,0.359,0.364,0.327,40.796,35.17,34.953,40.773,34.798,35.498,43.061,38.004,36.743,42.979,37.883,36.78,34.923,-61.367,-61.428,34.915,-62.313,-62.838,34.915,-60.07,-60.745,34.923,-61.819,-62.047,322.459,23046.3,
70,2,3,3,70,29.129,-0.082,0.347,0.356,0.331,0.356,0.373,0.399,0.359,0.387,0.405,0.346,0.369,0.329,40.724,35.067,34.85,40.71,34.691,35.405,43.252,38.101,36.862,43.131,38.004,36.917,34.924,-61.275,-60.948,34.921,-61.618,-62.094,34.921,-59.892,-60.272,34.924,-61.654,-61.215,320.642,16399.271,
71,2,3,3,71,30.14,-0.057,0.351,0.350,0.333,0.366,0.385,0.396,0.374,0.395,0.401,0.366,0.367,0.328,40.951,35.278,35.068,40.934,34.951,35.64,43.134,37.896,36.697,42.964,37.83,36.674,34.923,-61.18,-60.973,34.918,-62.195,-61.753,34.918,-59.785,-60.216,34.923,-61.625,-61.24,327.046,1185.983,
72,2,3,3,72,29.079,-0.07,0.353,0.356,0.339,0.368,0.390,0.411,0.376,0.398,0.416,0.363,0.376,0.335,40.786,35.099,34.862,40.816,34.756,35.446,43.235,38.145,36.93,43.184,38.049,36.964,34.923,-63.091,-60.466,34.922,-63.238,-61.245,34.922,-61.209,-59.587,34.923,-65.564,-60.555,319.952,23512.779,
73,2,3,3,73,28.27,-0.12,0.347,0.346,0.334,0.380,0.387,0.418,0.378,0.396,0.413,0.369,0.375,0.337,40.796,35.125,34.922,40.804,34.76,35.477,43.189,38.091,36.877,43.122,37.989,36.913,34.923,-61.271,-60.819,34.917,-63.098,-60.926,34.917,-59.714,-60.206,34.923,-64.846,-60.256,325.641,34314.732,
74,2,3,3,74,30.848,-0.069,0.343,0.353,0.328,0.354,0.343,0.399,0.357,0.364,0.408,0.345,0.361,0.332,40.652,34.934,34.743,40.643,34.593,35.317,43.109,37.992,36.781,43.025,37.908,36.809,34.919,-61.51,-61.417,34.917,-61.703,-62.546,34.917,-59.959,-60.676,34.919,-62.076,-61.691,324.137,35333.138,
75,2,3,3,75,28.017,-0.057,0.338,0.351,0.343,0.351,0.340,0.402,0.357,0.358,0.411,0.350,0.363,0.334,40.849,35.155,34.94,40.855,34.822,35.537,43.308,38.208,36.942,43.193,38.082,37.022,34.923,-60.931,-60.373,34.919,-61.145,-61.323,34.919,-59.534,-59.758,34.923,-61.395,-60.381,319.649,32582.958,
76,2,3,3,76,28.219,-0.082,0.337,0.359,0.336,0.347,0.338,0.384,0.352,0.366,0.404,0.342,0.372,0.346,40.888,35.18,34.947,40.866,34.877,35.568,43.086,37.942,36.668,42.999,37.84,36.731,34.922,-60.869,-60.874,34.92,-60.249,-62.376,34.92,-59.758,-60.276,34.922,-61.159,-60.966,328.491,2003.995,
77,2,3,3,77,31.353,-0.12,0.346,0.357,0.342,0.354,0.347,0.390,0.361,0.369,0.412,0.339,0.367,0.334,40.959,35.257,35.017,40.934,34.892,35.628,43.327,38.243,36.995,43.241,38.09,37.077,34.922,-62.18,-60.623,34.917,-61.686,-62.545,34.917,-60.744,-60.619,34.922,-66.545,-60.815,318.824,33048.191,
78,2,3,3,78,30.241,-0.069,0.346,0.363,0.390,0.359,0.356,0.413,0.373,0.373,0.422,0.359,0.382,0.390,40.747,34.872,34.748,40.704,34.651,35.406,43.354,38.23,36.895,43.198,38.073,37.02,34.923,-61.471,-61.235,34.915,-62.888,-61.441,34.915,-59.76,-60.605,34.923,-66.817,-60.077,332.047,70.667,
79,2,3,3,79,29.18,-0.082,0.359,0.395,0.451,0.355,0.350,0.378,0.359,0.384,0.404,0.357,0.397,0.439,40.76,34.893,34.777,40.752,34.721,35.432,43.148,38.024,36.717,43.049,37.944,36.847,34.928,-63.15,-60.203,34.922,-62.392,-61.792,34.922,-61.24,-60.113,34.928,-65.11,-60.479,310.074,27624.02,
80,2,3,3,80,27.512,-0.132,0.344,0.373,0.358,0.369,0.365,0.356,0.374,0.397,0.384,0.351,0.381,0.355,40.828,35.097,34.878,40.815,34.717,35.461,43.242,38.1,36.798,43.111,37.981,36.911,34.932,-61.074,-60.035,34.924,-63.869,-59.725,34.924,-59.872,-59.422,34.932,-64.962,-58.428,309.739,33399.808,
