Header Section,,,,,,,,,,,,,,,,,,,,,,,,,,,,,,,,,,,,,,,,,,,,,,,,,,,,,,
Product,VC1814,,,,,,,,,,,,,,,,,,,,,,,,,,,,,,,,,,,,,,,,,,,,,,,,,,,,,
Test Plan,Rev(B),,,,,,,,,,,,,,,,,,,,,,,,,,,,,,,,,,,,,,,,,,,,,,,,,,,,,
Release Date,2017/12/11,,,,,,,,,,,,,,,,,,,,,,,,,,,,,,,,,,,,,,,,,,,,,,,,,,,,,
Comment,,,,,,,,,,,,,,,,,,,,,,,,,,,,,,,,,,,,,,,,,,,,,,,,,,,,,,
,,,,,,,,,,,,,,,,,,,,,,,,,,,,,,,,,,,,,,,,,,,,,,,,,,,,,,
Data Section,,,,,,,,,,,,,,,,,,,,,,,,,,,,,,,,,,,,,,,,,,,,,,,,,,,,,,
Device#,1,2,3,4,5,6,7,8,9,10,11,12,13,14,15,16,17,18,19,20,21,22,23,24,25,26,27,28,29,30,31,32,33,34,35,36,37,38,39,40,41,42,43,44,45,46,47,48,49,50,51,52,53,54
Test Item,Site No,Device ID,Site,ID,Attenuation Tx to ANT 703,Attenuation Tx to ANT 716,Attenuation Tx to ANT 748,Attenuation Tx to ANT 758,Attenuation Tx to ANT 814,Attenuation Tx to ANT 832,Attenuation Tx to ANT 849,Attenuation Tx to ANT 862,Attenuation Tx to ANT 880,Attenuation Tx to ANT 925,Attenuation Tx to ANT 960,Attenuation Tx to ANT 1500,Attenuation Tx to ANT 1575,Insertion Tx to ANT 1710,Insertion Tx to ANT 1747,Insertion Tx to ANT 1785,Attenuation Tx to ANT 1805,Attenuation Tx to ANT 1843,Attenuation Tx to ANT 1880,Attenuation Tx to ANT 2450,Attenuation Tx to ANT 2650,Attenuation ANT to Rx 703,Attenuation ANT to Rx 716,Attenuation ANT to Rx 748,Attenuation ANT to Rx 758,Attenuation ANT to Rx 814,Attenuation ANT to Rx 832,Attenuation ANT to Rx 849,Attenuation ANT to Rx 862,Attenuation ANT to Rx 880,Attenuation ANT to Rx 925,Attenuation ANT to Rx 960,Attenuation ANT to Rx 1500,Attenuation ANT to Rx 1575,Attenuation ANT to Rx 1710,Attenuation ANT to Rx 1747,Attenuation ANT to Rx 1785,Insertion ANT to RX 1805,Insertion ANT to RX 1843,Insertion ANT to RX 1880,Attenuation ANT to Rx 2450,Attenuation ANT to Rx 2650,Isolation TX to Rx 1710,Isolation TX to Rx 1747,Isolation TX to Rx 1785,Isolation TX to RX 1805,Isolation TX to RX 1843,Isolation TX to RX 1880,Test Time,Index Time
Low Tolerance,,,,,2,2,2,2,2,2,2,2,2,2,2,2,2,0.5,0.5,0.5,2,2,2,2,2,2,2,2,2,2,2,2,2,2,2,2,2,2,2,2,2,2,2,2,2,2,2,2,0.5,0.5,0.5,2,,
High Tolerance,,,,,2,2,2,2,2,2,2,2,2,2,2,2,2,0.5,0.5,0.5,2,2,2,2,2,2,2,2,2,2,2,2,2,2,2,2,2,2,2,2,2,2,2,2,2,2,2,2,0.5,0.5,0.5,2,,
Enable,,,,,1,1,1,1,1,1,1,1,1,1,1,1,1,1,1,1,1,1,1,1,1,1,1,1,1,1,1,1,1,1,1,1,1,1,1,1,1,1,1,1,1,1,1,1,1,1,1,1,,
1,1,1,1,1,40.536,39.907,40.423,40.412,38.697,38.895,38.428,37.902,37.799,37.056,36.645,40.072,47.632,2.19,1.795,2.223,54.681,39.986,37.001,34.297,29.21,56.021,55.615,55.654,54.863,54.926,55.627,53.035,53.45,52.862,53.442,50.578,51.511,56.097,45.624,36.878,39.11,2.518,1.948,2.147,52.627,43.089,40.652,37.307,39.039,45.996,39.307,38.471,1.192,98.382
2,1,2,1,2,40.423,39.786,40.317,40.293,38.562,38.75,38.265,37.762,37.653,36.887,36.469,39.428,46.974,2.207,1.789,2.172,52.774,39.824,37.041,34.501,28.931,55.751,55.076,55.297,54.412,54.577,55.251,52.793,53.243,52.463,53.149,50.24,51.373,56.126,44.88,36.329,38.838,2.511,1.934,2.115,53.009,43.273,40.382,37.316,39.043,45.839,39.259,38.498,1.171,6.775
3,1,3,1,3,40.442,39.802,40.331,40.306,38.591,38.783,38.296,37.77,37.661,36.909,36.513,39.461,47.387,2.22,1.862,2.258,52.118,39.383,38.24,35.247,29.795,55.988,55.261,55.237,55.598,55.229,56.072,52.721,53.544,52.876,52.991,51.262,53.056,56.561,43.496,33.698,36.62,3.241,2.228,2.562,52.956,43.269,40.313,36.619,38.524,45.055,39.132,38.247,1.167,7.226
4,1,4,1,4,40.519,39.889,40.408,40.379,38.659,38.86,38.375,37.864,37.78,37.013,36.589,39.466,46.994,2.174,1.856,2.216,53.339,39.77,37.045,35.069,29.594,56.23,55.422,55.661,54.735,54.992,55.629,53.014,53.506,53.093,53.453,50.51,51.442,56.194,45.513,37.223,38.73,2.485,1.95,2.096,53.346,43.207,40.726,37.171,39.213,45.482,39.194,38.515,1.183,6.897
5,1,5,1,5,40.493,39.876,40.381,40.375,38.657,38.838,38.355,37.846,37.753,36.992,36.569,39.492,46.769,2.259,1.868,2.22,53.032,39.865,38.039,34.766,29.313,56.605,55.969,55.966,54.832,55.636,55.901,52.942,53.699,52.917,53.593,50.477,51.091,56.567,45.694,34.876,40.127,2.522,1.979,3.035,53.099,43.213,40.555,37.169,39.132,45.71,39.641,38.77,1.167,7.106
6,1,6,1,6,41.533,40.793,41.362,41.388,39.583,39.914,39.303,38.65,38.555,37.845,37.48,40.643,48.906,2.789,2.307,2.946,60.493,41.403,37.515,34.863,29.456,55.948,55.468,55.513,54.655,54.896,55.514,52.955,53.432,52.737,53.288,50.466,51.688,56.128,46.739,37.312,39.877,2.506,1.951,2.082,53.536,43.221,40.032,37.01,38.478,44.062,39.818,39.015,1.213,6.962
7,1,7,1,7,40.481,39.853,40.385,40.347,38.629,38.828,38.332,37.807,37.731,36.958,36.544,39.747,47.12,2.218,1.76,2.209,53.044,39.882,36.999,35.152,29.736,56.234,55.566,55.724,54.771,55.085,55.724,53.174,53.505,53.073,53.393,50.648,51.499,56.243,45.588,36.896,38.998,2.44,1.957,2.15,52.03,43.479,40.637,37.311,39.228,45.706,39.234,38.433,1.192,6.714
8,1,8,1,8,40.577,39.938,40.452,40.438,38.721,38.916,38.446,37.902,37.827,37.056,36.629,39.481,47.202,2.177,1.808,2.329,51.278,39.737,37.307,35.432,29.681,56.402,55.738,55.954,54.878,55.17,55.833,53.151,53.714,53.139,53.552,50.74,51.53,56.236,45.856,38.094,38.263,2.479,1.973,2.097,54.248,43.681,40.727,37.011,39.684,44.549,39.149,38.718,1.164,6.368
9,1,9,1,9,40.353,39.715,40.236,40.219,38.494,38.702,38.217,37.69,37.598,36.84,36.423,39.207,46.956,2.255,1.863,2.198,53.2,39.865,36.661,35.882,30.228,56.012,55.338,55.65,54.582,54.957,55.607,53.033,53.472,52.812,53.481,50.547,51.165,56.12,45.007,37.006,39.06,2.405,1.98,2.098,52.479,43.881,40.509,37.116,39.036,45.761,39.162,38.221,1.165,7.758
10,1,10,1,10,40.559,39.923,40.433,40.414,38.63,38.851,38.403,37.871,37.765,37.002,36.568,39.49,47.163,2.245,1.691,2.201,52.368,39.853,37.219,35.526,29.855,56.183,55.477,55.594,54.673,54.808,55.503,53.152,53.53,52.78,53.366,50.486,51.504,56.174,45.385,36.348,39.234,2.445,1.979,2.105,53.773,43.322,40.563,37.488,39.064,45.852,39.291,38.679,1.194,9.377
