Header Section,,,,,,,,,,,,,,,,,,,,,,,,,,,,,,,,,,,,,,,,,,
Product,VC5278,,,,,,,,,,,,,,,,,,,,,,,,,,,,,,,,,,,,,,,,,
Test Plan,Rev(B),,,,,,,,,,,,,,,,,,,,,,,,,,,,,,,,,,,,,,,,,
Release Date,2013/3/25,,,,,,,,,,,,,,,,,,,,,,,,,,,,,,,,,,,,,,,,,
Comment,dual Band,"#201~#220 was generate in Acetec 2013/9/11, For ASEN 5278;701~720 was for JCET_A5_01,2013/9/22",,,,,,,,,,,,,,,,,,,,,,,,,,,,,,,,,,,,,,,,
,,,,,,,,,,,,,,,,,,,,,,,,,,,,,,,,,,,,,,,,,,
Data Section,,,,,,,,,,,,,,,,,,,,,,,,,,,,,,,,,,,,,,,,,,
Device#,1,2,3,4,5,6,7,8,9,10,11,12,13,14,15,16,17,18,19,20,21,22,23,24,25,26,27,28,29,30,31,32,33,34,35,36,37,38,39,40,41,42
Test Item,Site No,Device ID,GSM915 Idle Current,GSM915 Max Pout@0dBm drive,GSM915 Max Pout,GSM915 Max Icc,GSM915 Max PAE,GSM915 Rated Pout,GSM915 Rated Vramp,GSM915 Rated Icc,GSM915 Rated PAE,GSM915 2nd har@33dBm,GSM915 3rd har@33dBm,GSM915 Max Fwd Iso1,GSM915 Max Fwd Iso2,GSM915 Pout Leakage@RX0,GSM915 Pout Leakage@RX1,GSM915 CMOS Pout,GSM915 Pout Slope1,GSM915 Stress Delta,DCS1785 Idle Current,DCS1785 Max Pout@0dBm drive,DCS1785 Max Pout,DCS1785 Max Icc,DCS1785 Max PAE,DCS1785 Rated Pout,DCS1785 Rated Vramp,DCS1785 Rated Icc,DCS1785 Rated PAE,DCS1785 2nd har@33dBm,DCS1785 3rd har@33dBm,DCS1785 Max Fwd Iso1,DCS1785 Max Fwd Iso2,DCS1785 Pout Leakage@RX0,DCS1785 Pout Leakage@RX1,DCS1785 CMOS Pout,DCS1785 Pout Slope1,DCS1785 Stress Delta,Insertion Loss RX0 960MHz,Insertion Loss RX1 1805MHz,Leakage Current,Leakage Current Wait Time
Low Tolerance,,,60,0.3,0.3,60,0,0,0,60,0,2,2,3,2,3,3,1,0,0,60,0.3,0.3,60,0,0,0,60,0,3,3,3,2,3,3,1,0,0,0.3,0.3,5,0
High Tolerance,,,60,0.3,0.3,60,0,0,0,60,0,2,2,3,2,3,3,1,0,0,60,0.3,0.3,60,0,0,0,60,0,3,3,3,2,3,3,1,0,0,0.3,0.3,10,0
Enable,,,1,1,1,1,0,0,0,1,0,1,1,1,1,1,1,1,0,0,1,1,1,1,0,0,0,1,0,1,1,1,1,1,1,1,0,0,1,1,1,0
201,1,201,883.049,33.404,33.474,1609.842,39.799,33.01,1.53,1486.782,38.732,-39.182,-41.769,-55.609,-23.698,-0.854,-2.173,12.212,116.49,0.01,1166.504,31.632,31.703,1197.299,35.795,30.007,1.424,899.307,32.294,-36.981,-42.306,-55.799,-27.659,-6.235,-2.766,6.58,145.664,0.016,-0.789,-0.855,0.17,35
202,1,202,849.925,33.284,33.335,1556.647,39.858,32.984,1.536,1451.848,39.429,-38.595,-41.66,-55.931,-24.035,-0.86,-2.287,12.349,116.655,0.01,1084.92,31.503,31.592,1167.041,35.799,29.989,1.427,887.502,32.588,-37.793,-42.612,-55.641,-27.45,-6.347,-2.92,7.029,140.501,0.015,-0.791,-0.867,3.835,35
203,1,203,887.047,33.332,33.386,1591.73,39.45,33.003,1.534,1484.713,38.731,-39.917,-40.368,-56.406,-24.614,-1.349,-2.25,12.462,115.631,0.01,1164.293,31.454,31.514,1163.791,35.262,30.004,1.424,888.896,32.646,-37.092,-45.088,-55.66,-29.308,-6.417,-2.996,6.726,143.36,0.016,-0.8,-0.873,3.445,35
204,1,204,869.572,33.303,33.357,1523.258,40.935,33.026,1.532,1438.129,40.178,-36.687,-42.759,-55.792,-24.243,-1.058,-2.276,12.835,113.779,0.013,1136.932,31.527,31.584,1180.744,35.326,30.008,1.43,898.829,32.322,-39.629,-41.748,-55.831,-28.231,-6.445,-2.935,6.629,146.117,0.015,-0.805,-0.877,3.48,35
205,1,205,859.89,33.321,33.376,1548.209,40.453,32.997,1.536,1448.371,39.64,-37.618,-43.239,-55.647,-24.857,-0.995,-2.205,12.389,118.19,0.011,1145.676,31.536,31.583,1165.531,35.771,30.001,1.43,886.176,32.724,-38.006,-44.561,-56.125,-28.337,-6.382,-2.837,6.153,150.818,0.016,-0.816,-0.879,3.517,35
206,1,206,888.032,33.321,33.391,1530.158,41.065,33.008,1.526,1429.166,40.267,-37.522,-42.725,-56.624,-22.236,-0.81,-2.113,12.24,119.028,0.013,1141.604,31.457,31.518,1177.978,34.876,30.014,1.442,903.718,32.195,-39.085,-42.99,-55.708,-26.03,-6.459,-2.889,6.229,149.626,0.017,-0.793,-0.865,3.48,35
207,1,207,889.399,33.282,33.338,1533.831,40.482,33.007,1.536,1452.046,39.632,-37.862,-42.203,-55.957,-23.582,-1.317,-2.341,12.461,114.538,0.013,1166.857,31.336,31.396,1140.586,35.02,30.001,1.43,879.843,32.958,-39.237,-46.118,-55.88,-27.841,-6.592,-3.149,6.662,143.863,0.019,-0.807,-0.869,3.517,35
208,1,208,861.943,33.345,33.41,1580.685,39.94,32.998,1.534,1470.51,39.054,-38.801,-42.113,-56.026,-24.369,-1.053,-2.166,12.398,113.288,0.011,1118.777,31.446,31.494,1150.725,35.495,30,1.43,880.154,32.941,-38.669,-46.939,-55.819,-30.228,-6.473,-2.98,6.584,147.074,0.014,-0.807,-0.879,3.412,35
209,1,209,889.202,33.331,33.386,1525.677,41.139,33.016,1.532,1427.813,40.376,-37.342,-42.329,-55.754,-24.224,-0.649,-2.177,12.236,119.925,0.012,1158.997,31.582,31.649,1179.64,35.879,29.994,1.425,887.616,32.616,-38.233,-43.55,-55.941,-27.29,-6.157,-2.77,6.463,146.39,0.017,-0.795,-0.864,3.469,35
210,1,210,876.684,33.4,33.464,1585.505,40.315,32.999,1.523,1458.229,39.392,-38.969,-41.43,-55.816,-22.87,-1.457,-2.06,12.629,113.913,0.011,1156.198,31.475,31.54,1141.646,36.152,29.989,1.409,866.123,33.382,-38.997,-44.658,-55.906,-26.195,-6.431,-2.891,7.422,138.45,0.018,-0.785,-0.854,3.482,35
211,1,211,887.162,33.355,33.413,1556.998,40.57,32.983,1.517,1441.399,39.701,-37.862,-42.551,-56.354,-22.933,-0.856,-2.152,12.452,117.661,0.014,1153.442,31.417,31.48,1164.753,34.963,29.997,1.429,889.465,32.574,-39.127,-42.405,-56.014,-25.638,-6.408,-2.941,6.594,145.83,0.019,-0.791,-0.86,3.496,35
212,1,212,866.936,33.304,33.362,1537.469,40.602,32.985,1.536,1441.337,39.718,-37.388,-43.121,-55.736,-23.114,-0.917,-2.133,12.564,115.235,0.012,1142.422,31.539,31.597,1180.336,35.435,29.99,1.433,898.273,32.208,-38.35,-43.249,-55.828,-25.412,-6.372,-2.82,6.514,145.877,0.017,-0.799,-0.872,3.505,35
213,1,213,882.733,33.433,33.487,1620.293,39.661,32.995,1.522,1485.714,38.632,-39.616,-42.524,-55.508,-25.276,-1.559,-2.162,12.645,110.928,0.014,1165.939,31.425,31.486,1157.319,35.234,29.984,1.425,884.785,32.648,-37.8,-44.324,-55.924,-29.542,-6.531,-2.996,7.391,133.287,0.016,-0.79,-0.85,3.483,35
214,1,214,885.903,33.39,33.452,1621.513,39.313,33,1.536,1495.184,38.429,-39.989,-41.852,-56.008,-22.888,-1.121,-2.126,12.159,116.53,0.012,1158.229,31.373,31.43,1151.572,34.959,29.989,1.433,886.765,32.616,-38.758,-46.702,-55.782,-26.04,-6.549,-3.005,6.766,143.548,0.016,-0.795,-0.864,3.537,35
215,1,215,881.724,33.414,33.482,1621.045,39.596,33.008,1.534,1492.298,38.578,-38.99,-42.208,-56.267,-24.201,-1.279,-2.199,12.288,115.599,0.015,1164.127,31.487,31.543,1176.562,35.118,29.985,1.433,892.88,32.366,-38.512,-41.135,-55.904,-28.566,-6.441,-2.996,6.407,147.094,0.016,-0.803,-0.866,3.54,35
216,1,216,872.345,33.394,33.458,1597.775,39.95,32.981,1.517,1471.514,38.879,-38.395,-42.437,-55.8,-23.39,-0.79,-2.108,12.512,115.688,0.014,1127.716,31.345,31.394,1144.69,34.883,30.009,1.431,887.386,32.74,-40.155,-45.602,-55.864,-26.881,-6.584,-3.051,6.75,146.471,0.016,-0.8,-0.862,3.403,35
217,1,217,871.632,33.505,33.575,1659.974,39.511,33.013,1.533,1513.211,38.089,-40.994,-43.115,-55.788,-24.305,-1.189,-1.953,12.248,114.511,0.013,1142.404,31.406,31.465,1147.727,35.353,30.001,1.432,881.23,32.905,-40.254,-45.952,-55.863,-27.358,-6.541,-3.011,6.907,141.381,0.017,-0.799,-0.876,3.565,35
218,1,218,866.802,33.279,33.334,1568.591,39.555,32.983,1.54,1476.873,38.752,-37.735,-41.793,-55.939,-23.861,-0.78,-2.291,12.487,114.353,0.01,1153.209,31.325,31.376,1146.088,34.699,29.993,1.433,887.703,32.61,-38.63,-47.369,-55.949,-26.901,-6.55,-3.107,6.922,141.639,0.017,-0.806,-0.876,3.495,35
219,1,219,873.453,33.381,33.437,1590.753,39.932,33.002,1.524,1473.697,39.01,-38.958,-41.394,-56.15,-24.475,-1.336,-2.179,12.443,115.689,0.011,1142.934,31.645,31.713,1186.89,36.188,29.996,1.417,890.245,32.54,-37.53,-41.301,-55.837,-29.441,-6.248,-2.787,6.824,142.588,0.018,-0.794,-0.866,3.49,35
220,1,220,857.499,33.461,33.523,1638.547,39.551,32.993,1.517,1498.146,38.3,-41.919,-42.473,-56.239,-24.671,-1.632,-2.098,12.561,112.321,0.012,1124.383,31.472,31.534,1144.749,36.01,29.996,1.415,874.606,33.111,-38.826,-42.677,-55.674,-28.767,-6.464,-2.955,7.199,139.176,0.018,-0.799,-0.865,3.466,35
701,1,701,795.227,33.634,33.699,1674.23,40.289,33.026,1.5,1534.159,37.679,-38.69,-38.602,-57.83,-24.62,-0.685,-2.198,12.533,111.814,0.014,1038.926,31.32,31.328,1168.865,33.621,29.992,1.434,926.132,31.226,-35.627,-40.984,-56.552,-29.527,-7.173,-3.258,6.598,137.913,0.012,-0.813,-0.831,2.432,35
702,1,702,780.657,33.657,33.707,1668.977,40.49,33.026,1.5,1523.829,37.933,-39.528,-39.083,-58.58,-24.314,-0.362,-2.095,12.371,115.39,0.013,1039.322,31.224,31.226,1154.899,33.24,30.027,1.444,925.039,31.514,-36.687,-41.837,-56.369,-28.454,-7.291,-3.236,5.994,147.089,0.015,-0.838,-0.842,4.389,35
703,1,703,889.586,33.693,33.764,1718.106,39.856,32.991,1.481,1551.36,36.963,-40.908,-38.607,-57.834,-24.536,-0.863,-2.013,12.387,113.35,0.013,1052.229,31.294,31.302,1162.094,33.617,30.025,1.425,923.432,31.556,-36.463,-43.159,-56.37,-28.578,-7.181,-3.164,6.716,137.722,0.015,-0.848,-0.856,4.114,35
704,1,704,897.153,33.672,33.735,1692.661,40.186,33.042,1.5,1543.496,37.584,-40.018,-38.495,-57.231,-24.067,-0.541,-2.199,12.141,115.353,0.012,1054.302,31.299,31.303,1168.119,33.453,29.983,1.434,922.619,31.281,-36.899,-40.951,-56.544,-28.986,-7.211,-3.233,5.763,148.288,0.013,-0.84,-0.845,4.198,35
705,1,705,814.438,33.576,33.616,1601.608,41.317,33.033,1.5,1483.459,39.018,-37.916,-38.995,-58.515,-23.878,-0.823,-2.24,12.733,111.275,0.011,1044.058,31.277,31.283,1155.141,33.671,30.016,1.444,921.201,31.568,-37.052,-42.017,-56.352,-27.144,-7.315,-3.26,6.576,138.244,0.015,-0.827,-0.839,4.126,35
706,1,706,778.858,33.682,33.755,1742.861,39.218,33.032,1.516,1583.067,36.568,-38.38,-39.077,-56.231,-23.239,0.262,-0.839,12.385,113.697,0.012,1042.211,31.393,31.394,1172.159,34.039,30.016,1.444,923.396,31.49,-34.372,-39.63,-57.264,-26.242,-5.479,-1.726,6.445,141.859,0.013,-0.834,-0.831,3.772,35
707,1,707,786.376,33.668,33.736,1709.266,39.806,33.005,1.509,1554.698,37.004,-39.719,-38.766,-58.797,-23.567,-0.558,-2.05,11.986,117.465,0.013,1041.41,31.345,31.349,1177.801,33.531,30.026,1.444,935.619,31.158,-36.113,-38.064,-56.474,-26.536,-7.179,-3.145,6.207,143.369,0.016,-0.837,-0.845,4.094,35
708,1,708,895.86,33.637,33.694,1639.767,41.088,33.041,1.499,1501.899,38.609,-38.21,-38.836,-58.633,-21.793,-0.375,-2.144,12.254,119.708,0.009,1041.616,31.238,31.236,1143.301,33.655,30.04,1.444,915.292,31.94,-37.263,-44.194,-56.472,-24.108,-7.222,-3.255,5.935,151.153,0.01,-0.811,-0.821,4.205,35
709,1,709,807.22,33.567,33.634,1636.295,40.609,33.031,1.516,1510.907,38.296,-37.707,-38.964,-57.93,-23.92,-0.65,-2.075,12.079,116.506,0.012,1032.942,31.342,31.352,1176.662,33.586,30.02,1.453,932.377,31.218,-35.638,-37.499,-56.521,-28.523,-7.07,-3.091,5.696,146.766,0.015,-0.821,-0.826,4.143,35
710,1,710,809.907,33.58,33.634,1633.937,40.668,33.001,1.5,1500.809,38.288,-38.016,-38.232,-57.394,-23.366,-0.436,-2.147,12.573,113.054,0.011,1025.033,31.334,31.329,1174.801,33.465,29.972,1.444,926.342,31.083,-35.645,-40.799,-56.393,-27.214,-7.125,-3.127,6.48,141.487,0.011,-0.826,-0.832,4.185,35
711,1,711,800.914,33.553,33.627,1630.153,40.701,33.012,1.519,1502.352,38.348,-37.868,-38.016,-58.174,-23.31,-0.648,-2.102,12.009,119.69,0.013,1042.888,31.393,31.398,1194.072,33.454,30.041,1.462,942.043,31.052,-36.161,-36.537,-56.52,-27.153,-6.999,-3.031,5.532,151.565,0.015,-0.829,-0.833,4.069,35
712,1,712,883.59,33.668,33.727,1671.296,40.615,33.004,1.5,1518.355,37.872,-39.245,-38.797,-57.726,-23.611,-0.47,-2.126,12.409,112.888,0.012,1047.74,31.318,31.327,1166.168,33.69,30.022,1.444,926.165,31.436,-36.63,-40.309,-56.413,-27.153,-7.204,-3.181,6.535,138.2,0.014,-0.823,-0.822,4.341,35
713,1,713,873.607,33.593,33.647,1656.747,40.229,32.992,1.505,1517.806,37.791,-38.717,-38.416,-57.748,-22.258,-0.294,-2.211,12.071,119.478,0.011,1037.305,31.281,31.286,1161.626,33.506,29.992,1.444,921.706,31.379,-36.574,-39.329,-56.442,-24.651,-7.138,-3.19,5.689,150.136,0.012,-0.817,-0.822,4.099,35
714,1,714,772.988,33.67,33.725,1688.828,40.18,32.98,1.5,1530.661,37.366,-39.559,-39.159,-58.276,-24.511,-0.657,-2.166,12.473,111.418,0.013,1035.283,31.352,31.357,1174.188,33.693,30.038,1.443,929.728,31.436,-36.605,-41.378,-56.4,-28.695,-7.214,-3.195,6.519,139.661,0.014,-0.827,-0.836,4.298,35
715,1,715,785.621,33.553,33.597,1608.588,40.957,32.973,1.5,1478.936,38.597,-37.451,-39.251,-58.336,-23.19,-0.602,-2.198,12.396,116.998,0.011,1036.923,31.34,31.34,1173.169,33.592,30.006,1.444,927.963,31.267,-35.922,-38.642,-56.428,-26.261,-7.177,-3.145,6.198,145.956,0.014,-0.825,-0.828,4.401,35
716,1,716,768.87,33.569,33.634,1613.467,41.178,33,1.5,1485.578,38.669,-37.108,-38.915,-57.617,-20.801,-0.342,-2.144,12.361,118.501,0.012,1050.374,31.339,31.342,1169.844,33.698,29.983,1.444,923.492,31.255,-34.747,-41.802,-56.592,-22.979,-7.103,-3.139,6.347,143.625,0.014,-0.8,-0.808,4.225,35
717,1,717,800.012,33.654,33.715,1705.847,39.692,33.044,1.519,1563.007,37.14,-39.011,-38.386,-57.548,-23.723,-0.46,-2.125,11.93,119.614,0.01,1041.012,31.061,31.066,1120.221,33.037,30.001,1.453,911.733,31.781,-35.227,-42.23,-56.586,-26.837,-7.468,-3.443,5.744,149.179,0.015,-0.814,-0.815,4.023,35
718,1,718,774.625,33.643,33.71,1659.88,40.738,33.028,1.5,1514.753,38.169,-38.794,-39.256,-57.625,-22.842,-0.625,-2.08,12.252,117.717,0.013,1044.721,31.402,31.403,1181.214,33.846,29.992,1.434,925.578,31.249,-36.352,-40.637,-56.399,-25.993,-7.11,-3.09,6.166,146.159,0.013,-0.815,-0.817,4.185,35
719,1,719,859.896,33.628,33.684,1697.078,39.614,32.983,1.5,1548.818,36.957,-39.458,-38.897,-57.942,-23.519,-0.855,-2.159,12.019,117.947,0.009,1033.455,31.263,31.263,1161.905,33.326,30.032,1.444,930.516,31.368,-36.797,-41.307,-56.334,-26.516,-7.28,-3.241,5.862,148.681,0.011,-0.821,-0.828,4.36,35
720,1,720,842.846,33.641,33.685,1616.777,41.575,32.961,1.481,1466.24,38.828,-38.395,-39.307,-57.592,-23.484,-0.527,-2.142,12.419,114.82,0.011,1054.98,31.214,31.225,1142.729,33.586,29.972,1.434,908.669,31.673,-37.013,-42.503,-56.54,-26.809,-7.315,-3.272,6.43,139.56,0.013,-0.816,-0.819,4.322,35
