Header Section,,,,,,,,,,,,,,,,,,,,,,,,,,,,,,,,,,,,,,,,,,,,
Product,VC5282_E3.14.7,,,,,,,,,,,,,,,,,,,,,,,,,,,,,,,,,,,,,,,,,,,
Test Plan,Rev(A),,,,,,,,,,,,,,,,,,,,,,,,,,,,,,,,,,,,,,,,,,,
Release Date,2013/9/11,,,,,,,,,,,,,,,,,,,,,,,,,,,,,,,,,,,,,,,,,,,
Comment,,,,,,,,,,,,,,,,,,,,,,,,,,,,,,,,,,,,,,,,,,,,
,,,,,,,,,,,,,,,,,,,,,,,,,,,,,,,,,,,,,,,,,,,,
Data Section,,,,,,,,,,,,,,,,,,,,,,,,,,,,,,,,,,,,,,,,,,,,
Device#,1,2,3,4,5,6,7,8,9,10,11,12,13,14,15,16,17,18,19,20,21,22,23,24,25,26,27,28,29,30,31,32,33,34,35,36,37,38,39,40,41,42,43,44
Test Item,Site No,Device ID,GSM915 Idle Current,GSM915 Max Pout @ 0dBm Drive,GSM915 Max Pout,GSM915 Max Icc,GSM915 Max PAE,GSM915 Rated Pout,GSM915 Rated Vramp,GSM915 Rated Icc,GSM915 Rated PAE,GSM915 2nd har@33dBm,GSM915 3rd har@33dBm,GSM915 Fwd Isolation 1,GSM915 Fwd Isolation 2,GSM915 Pout Leakage@RX0,GSM915 Pout Leakage@RX1,GSM915 CMOS Pout,GSM915 Pout Slope,GSM915 Stress Delta,DCS1785 Idle Current,DCS1785 Max Pout @ 0dBm Drive,DCS1785 Max Pout,DCS1785 Max Icc,DCS1785 Max PAE,DCS1785 Rated Pout,DCS1785 Rated Vramp,DCS1785 Rated Icc,DCS1785 Rated PAE,DCS1785 2nd har@33dBm,DCS1785 3rd har@33dBm,DCS1785 Fwd Isolation 1,DCS1785 Fwd Isolation 2,DCS1785 Pout Leakage@RX0,DCS1785 Pout Leakage@RX1,DCS1785 CMOS Pout,DCS1785 Pout Slope,DCS1785 Stress Delta,Insertion Loss Rx0 960MHz,Insertion Loss Rx1 1805MHz,Leakage Current,Leakage Current Delay Time,Test Time,Index Time
Low Tolerance,,,60,0.3,0.3,60,,,,60,,2,2,3,2,3,3,1,,,60,0.3,0.3,60,,,,60,,3,3,3,2,3,3,1,,,0.3,0.3,5,,,
High Tolerance,,,60,0.3,0.3,60,,,,60,,2,2,3,2,3,3,1,,,60,0.3,0.3,60,,,,60,,3,3,3,2,3,3,1,,,0.3,0.3,10,,,
Enable,,,1,1,1,1,0,0,0,1,0,1,1,1,1,1,1,1,0,0,1,1,1,1,0,0,0,1,0,1,1,1,1,1,1,1,0,0,1,1,1,0,0,0
1,1,1,811.4437333,33.86013333,34.1322,1702.6588,43.45,33.01333333,1.490666667,1413.607133,40.45,-43.47326667,-42.5906,-63.85093333,-31.67253333,-14.574,2.1614,11.7106,129.0306667,-0.01,942.1571333,31.70826667,31.84866667,1207.304733,36.22,30.02266667,1.409333333,889.6018,32.29,-40.22973333,-40.3036,-63.27646667,-32.22293333,-15.33106667,2.861666667,6.041066667,153.2573333,-0.024333333,-1.292,-1.593733333,-0.022666667,35,367.02,14411
2,1,2,819.8790667,33.8528,34.12653333,1724.780467,42.84,33.02433333,1.492666667,1437.324467,39.89,-41.2256,-41.62726667,-61.64093333,-31.47386667,-14.695,1.8774,12.24193333,121.686,-0.005,964.2564667,31.7346,31.84966667,1201.0974,36.42,30.016,1.394,890.0534667,32.22,-37.65073333,-41.6136,-62.9848,-32.2936,-15.3154,2.629666667,7.058066667,144.265,-0.020333333,-1.275333333,-1.580733333,-0.023333333,35,342.807,9536.333333
3,1,3,809.6684,33.68913333,33.8922,1614.4348,43.36,33.03433333,1.476333333,1376.7298,41.74,-40.4776,-42.76393333,-61.99626667,-31.8142,-13.30666667,2.1524,12.52226667,117.8796667,-0.002666667,936.2278,31.6666,31.813,1194.407733,36.31,30.01533333,1.391,889.4588,32.24,-38.7834,-39.78226667,-62.9928,-32.02893333,-15.31173333,2.752,6.783066667,143.4786667,-0.025666667,-1.306,-1.6064,-0.023333333,35,342.8416667,6980.666667
4,1,4,813.7844,33.7538,33.95953333,1627.0608,43.70,33.02333333,1.486666667,1369.167467,41.86,-41.48026667,-41.9326,-63.04893333,-31.65053333,-14.33266667,1.9494,12.07326667,124.8906667,-0.005,948.2144667,31.6386,31.795,1178.065067,36.67,30.004,1.402333333,873.5448,32.74,-40.3774,-41.18693333,-62.78213333,-31.88993333,-15.6474,2.556,6.3244,150.1393333,-0.026,-1.3,-1.5984,-0.023,35,381.6903333,7746.666667
5,1,5,814.8150667,33.82646667,34.0252,1653.7648,43.65,33.02066667,1.488333333,1380.522133,41.49,-39.87293333,-40.8576,-62.88126667,-31.31186667,-14.596,2.0524,11.81893333,125.9733333,-0.000333333,951.0058,31.75093333,31.90866667,1212.060733,36.58,30.04433333,1.41,891.9198,32.36,-39.2604,-43.7156,-62.5878,-31.8506,-15.55473333,2.751666667,5.948733333,154.2346667,-0.023333333,-1.312,-1.600733333,-0.023,535,834.828,7075.666667
6,1,6,817.1477333,33.8588,34.05386667,1660.883133,43.75,33.02333333,1.496666667,1382.990133,41.44,-41.66093333,-42.68193333,-62.6016,-30.8502,-13.26566667,2.204733333,11.98593333,128.062,0,943.7974667,31.8946,32.03966667,1243.166733,36.76,30.03566667,1.405,903.9661333,31.87,-40.10506667,-37.6196,-62.7358,-32.8946,-15.55773333,2.824666667,5.759066667,155.1796667,-0.017333333,-1.290666667,-1.587733333,-0.023,35,370.7386667,7433
7,1,7,813.6110667,33.7748,34.02953333,1652.275133,43.73,33.03,1.501,1385.3078,41.44,-42.3766,-41.8356,-62.7136,-31.1182,-14.177,2.0584,11.60193333,130.719,-0.003333333,934.3618,31.70593333,31.84966667,1198.983067,36.48,30.01133333,1.407666667,882.8074667,32.45,-42.98773333,-41.79426667,-62.89746667,-34.0036,-15.56373333,2.667666667,5.969066667,154.1133333,-0.019666667,-1.306,-1.610733333,-0.023,35,306.8683333,9706
8,1,8,799.4350667,33.8048,34.06986667,1684.7658,43.29,33.01366667,1.474333333,1410.943133,40.53,-42.36293333,-41.33593333,-63.1186,-31.5502,-14.498,1.9024,11.90926667,129.7973333,-0.008666667,937.9211333,31.65793333,31.78833333,1192.677733,36.16,30.02566667,1.390666667,886.0804667,32.44,-40.7084,-38.04326667,-63.28313333,-31.78893333,-15.22973333,2.623,6.6204,150.041,-0.022,-1.290333333,-1.591733333,-0.022666667,35,371.6123333,6597
9,1,9,809.1337333,33.78813333,34.0122,1638.573133,43.92,33.01266667,1.492666667,1368.7088,41.77,-41.38126667,-41.52893333,-63.35193333,-30.8132,-13.45966667,2.189733333,11.84593333,128.7286667,-0.004,943.4438,31.83893333,31.991,1228.6444,36.78,30.02533333,1.401666667,896.3438,32.06,-40.1634,-38.99026667,-62.80613333,-33.04426667,-15.3804,2.784333333,6.197733333,150.9216667,-0.025666667,-1.31,-1.611066667,-0.023333333,35,305.1496667,7613.666667
10,1,10,808.0430667,33.85446667,34.09486667,1691.1538,43.37,33.021,1.483333333,1406.466467,40.73,-40.4336,-41.32226667,-62.3056,-30.76153333,-14.72366667,2.015733333,12.33826667,120.4563333,-0.006,946.2728,31.71293333,31.84,1195.5894,36.50,30.044,1.395666667,882.0094667,32.72,-41.30606667,-36.9976,-63.74346667,-32.4936,-14.94273333,2.764,6.851066667,148.9796667,-0.021333333,-1.294,-1.601066667,-0.023,35,352.9253333,7230
11,1,11,805.3490667,33.85513333,34.14486667,1728.302133,42.93,33.021,1.495,1437.617467,39.85,-42.14926667,-41.6556,-62.68126667,-31.41153333,-14.70466667,2.1694,11.5776,130.1283333,-0.008,935.6484667,31.77293333,31.90533333,1219.298733,36.34,30.011,1.399666667,894.8691333,32.01,-41.29473333,-37.26426667,-63.19813333,-33.16093333,-14.8044,2.880666667,5.9814,154.284,-0.022,-1.300666667,-1.609733333,-0.023333333,35,362.324,7168.333333
12,1,12,815.4544,33.81646667,34.0582,1658.272133,43.86,33.03833333,1.489666667,1386.233467,41.49,-42.09893333,-42.33893333,-63.62693333,-31.0872,-14.533,2.152066667,12.0996,124.7253333,0.001333333,956.8071333,31.8006,31.93633333,1219.065733,36.60,30.012,1.397,892.1601333,32.11,-40.85106667,-39.43593333,-62.7598,-33.9636,-15.5244,2.832,6.458733333,150.3753333,-0.019,-1.285,-1.5814,-0.023333333,35,420.3473333,6104
13,1,13,813.2274,33.90546667,34.16486667,1719.686467,43.35,32.99866667,1.472,1420.853467,40.11,-42.42193333,-42.0616,-62.37893333,-31.72786667,-14.35733333,2.1624,12.15893333,123.091,-0.006,953.4664667,31.71493333,31.84033333,1196.846067,36.47,30.02833333,1.387666667,884.8238,32.50,-39.63106667,-38.44593333,-63.4608,-32.61826667,-14.9714,2.865333333,6.646066667,148.2696667,-0.021,-1.298,-1.601066667,-0.023,35,400.7413333,6062.666667
14,1,14,825.1387333,33.94013333,34.2082,1787.083133,42.13,33.02866667,1.506666667,1459.724467,39.31,-42.4696,-40.19393333,-62.0586,-31.6372,-14.446,1.980066667,10.6456,129.451,-0.011,898.8011333,31.6096,31.71833333,1167.561067,36.35,30.023,1.407666667,870.8588,32.98,-41.4964,-41.79426667,-63.68246667,-30.8666,-15.43906667,2.673,6.565733333,151.8833333,-0.020333333,-1.285,-1.578733333,-0.023,35,332.9586667,6339
15,1,15,811.7524,33.90913333,34.17686667,1715.9168,43.56,33.025,1.494,1416.188133,40.49,-44.2976,-42.22393333,-62.6426,-31.20186667,-13.32266667,2.0764,12.1936,122.418,-0.014,922.2624667,31.73026667,31.852,1202.0754,36.41,30.009,1.399333333,885.9451333,32.32,-40.9274,-41.0846,-63.62013333,-32.29726667,-15.0714,2.714333333,6.667733333,150.6196667,-0.025666667,-1.284666667,-1.5854,-0.023,35,380.5663333,5786
16,1,16,816.3577333,33.88513333,34.15853333,1734.8408,42.91,33.01933333,1.511,1442.0568,39.71,-44.26193333,-42.4006,-62.29326667,-32.1132,-14.24266667,2.232733333,11.4956,130.8543333,-0.004666667,940.3588,31.78226667,31.904,1217.1774,36.39,30.014,1.405,893.7028,32.07,-39.85773333,-39.87093333,-63.05413333,-32.19693333,-15.59073333,2.891,6.263733333,151.2633333,-0.016333333,-1.286,-1.585066667,-0.023333333,35,422.7933333,5727
17,1,17,815.1237333,33.86046667,34.0892,1682.922133,43.53,33.014,1.488,1397.542467,40.92,-42.2026,-42.8206,-62.60126667,-30.98586667,-14.055,2.084733333,11.7106,130.7736667,-0.006333333,942.2474667,31.67726667,31.81366667,1188.742067,36.49,30.02966667,1.400333333,879.2104667,32.72,-39.29073333,-37.8746,-62.93313333,-34.02526667,-15.2974,2.734,6.085066667,151.4896667,-0.016,-1.296666667,-1.591733333,-0.023333333,35,354.5463333,9568.333333
18,1,18,814.3330667,33.82146667,34.0402,1652.9148,43.82,33.03433333,1.488333333,1384.2918,41.51,-41.77093333,-42.7006,-63.64626667,-31.65553333,-13.86766667,2.320733333,12.13293333,124.3503333,-0.002666667,951.8934667,31.77426667,31.90233333,1214.6864,36.45,30.02366667,1.396333333,896.3364667,32.05,-38.6044,-36.42293333,-62.89946667,-32.9366,-15.50473333,2.890333333,6.791066667,143.353,-0.021333333,-1.295333333,-1.602733333,-0.023,35,389.741,10939.33333
19,1,19,823.0390667,33.89046667,34.08653333,1676.097467,43.68,33.03366667,1.487333333,1389.747133,41.34,-40.56426667,-41.51193333,-63.26426667,-31.48586667,-14.81533333,1.921066667,11.6376,132.8366667,0.002666667,948.2294667,31.76093333,31.90166667,1212.098067,36.52,30.00966667,1.4,888.5111333,32.23,-38.7244,-40.1016,-62.90046667,-32.8446,-15.2484,2.609333333,5.896066667,158.1236667,-0.024,-1.293,-1.604733333,-0.023,35,352.4376667,6763.666667
20,1,20,813.0767333,33.78013333,34.01386667,1646.195467,43.74,33.035,1.503,1381.5908,41.60,-42.23726667,-41.86226667,-62.06393333,-28.3612,-12.696,2.2654,11.7516,137.531,-0.007666667,915.1818,31.78226667,31.917,1200.427733,37.01,30.037,1.399666667,879.2631333,32.77,-50.05206667,-41.7996,-62.6168,-33.49726667,-15.4164,2.940333333,5.8474,156.3543333,-0.023666667,-1.307,-1.5904,-0.023,35,384.6043333,6682.333333
21,1,21,818.3890667,33.8658,34.11853333,1664.7278,44.30,33.02533333,1.482666667,1379.3708,41.57,-44.3776,-44.68693333,-66.11693333,-31.6992,-13.48833333,2.245733333,11.68493333,128.4773333,-0.002666667,955.3324667,31.8176,31.98666667,1220.0814,37.00,30.025,1.405666667,892.8751333,32.18,-41.11373333,-39.2636,-62.3188,-32.0996,-15.78873333,2.807,5.916066667,154.3696667,-0.021333333,-1.284333333,-1.589733333,-0.022666667,35,424.6386667,6377.333333
22,1,22,812.6104,33.86146667,34.1112,1691.041133,43.54,33.01166667,1.49,1405.8118,40.66,-44.63226667,-44.27093333,-63.6096,-30.75653333,-13.272,2.230066667,11.9166,122.922,-0.006333333,943.3534667,31.6636,31.83733333,1192.8354,36.57,30.03133333,1.408666667,884.9364667,32.52,-39.3354,-40.26793333,-62.17013333,-33.45426667,-15.62406667,2.838,6.518733333,146.293,-0.025333333,-1.288,-1.586066667,-0.023,35,354.2696667,6762.333333
23,1,23,817.9150667,33.9198,34.17853333,1707.399133,43.80,33.03733333,1.495,1410.6728,40.76,-44.90926667,-41.8836,-63.1366,-31.00753333,-13.23133333,2.237733333,11.88726667,125.7926667,-0.009666667,943.6394667,31.8256,31.95266667,1225.190733,36.56,30.01966667,1.400333333,897.9618,31.96,-38.29873333,-41.1076,-63.09346667,-33.2416,-15.20173333,2.818,6.556733333,147.8356667,-0.027666667,-1.316666667,-1.6124,-0.023666667,35,309.3283333,7897
24,1,24,808.8934,33.71613333,33.9232,1614.690467,43.67,33.02666667,1.493666667,1366.752467,41.97,-40.61526667,-40.95193333,-62.50693333,-31.19686667,-13.653,2.119066667,11.93293333,127.932,-0.003,935.6861333,31.76693333,31.909,1215.476733,36.48,30.03433333,1.406,894.3498,32.20,-39.22806667,-42.6216,-62.86113333,-32.5696,-15.22906667,2.766333333,6.153066667,152.7796667,-0.017,-1.307666667,-1.6024,-0.023,35,389.7473333,7513.333333
25,1,25,803.7167333,33.77913333,34.0052,1649.1298,43.57,33.02733333,1.490333333,1385.2478,41.41,-40.1896,-41.7386,-62.03726667,-31.48686667,-14.62733333,2.098066667,11.91726667,125.362,-0.008333333,930.6598,31.8126,31.95766667,1220.157067,36.75,30.04566667,1.402333333,898.7068,32.13,-44.07973333,-39.3996,-62.95213333,-32.5316,-15.16473333,2.804333333,6.429066667,147.0276667,-0.024,-1.3,-1.598066667,-0.023666667,35,350.174,7800.333333
26,1,26,805.4244,33.87746667,34.1622,1721.063467,43.29,33.02566667,1.505333333,1426.451467,40.20,-44.88993333,-41.2606,-62.79626667,-31.16853333,-13.932,2.118733333,11.6506,127.6766667,-0.008666667,931.9914667,31.73926667,31.84966667,1200.3974,36.44,30.01933333,1.407333333,882.6944667,32.51,-39.63473333,-44.63326667,-63.46346667,-32.8316,-15.53173333,2.747333333,6.0614,155.803,-0.024,-1.294,-1.5814,-0.023333333,35,422.7346667,7013
27,1,27,811.0377333,33.78113333,34.03453333,1651.154133,43.81,33.03066667,1.488666667,1382.674133,41.52,-40.51093333,-42.34793333,-62.78126667,-31.18553333,-14.49066667,2.042066667,12.09626667,125.18,-0.007,950.2154667,31.70626667,31.844,1199.524733,36.42,30.01866667,1.407333333,885.5611333,32.40,-40.08873333,-42.03926667,-62.64713333,-33.5806,-15.6494,2.747333333,6.179733333,151.173,-0.018,-1.281,-1.5734,-0.023333333,35,305.9533333,8048.666667
28,1,28,807.5914,33.86346667,34.1512,1714.848467,43.33,33.01033333,1.484666667,1422.6968,40.17,-45.05726667,-42.21626667,-62.4836,-32.0702,-13.31,2.236733333,11.85426667,125.494,-0.002,948.0714667,31.8176,31.94133333,1213.219067,36.82,30.025,1.386333333,889.7151333,32.30,-39.5974,-38.70293333,-63.3598,-32.57993333,-15.09306667,2.886333333,6.7114,144.944,-0.02,-1.291,-1.5874,-0.023333333,35,338.3486667,7014
29,1,29,799.3370667,33.7748,33.98786667,1639.032133,43.66,33.039,1.498666667,1384.954133,41.53,-40.86826667,-43.3256,-62.41493333,-31.30453333,-13.358,2.112733333,11.94193333,125.2666667,-0.006333333,929.5761333,31.7696,31.91433333,1220.9544,36.36,30.02133333,1.405333333,899.2031333,31.93,-38.70006667,-40.26693333,-62.89313333,-33.3856,-15.3144,2.706666667,5.9694,152.719,-0.022333333,-1.285666667,-1.5764,-0.023,35,347.5616667,6379
30,1,30,814.5744,33.8198,34.04753333,1646.210467,44.08,33.03,1.491666667,1374.359467,41.77,-44.59526667,-42.59793333,-63.36326667,-30.5672,-13.09366667,2.298066667,12.02293333,124.6186667,-0.007666667,943.4284667,31.77393333,31.923,1217.666067,36.53,30.01,1.405,892.2054667,32.10,-40.32973333,-41.80293333,-62.60013333,-34.15726667,-15.5444,2.875333333,5.9894,152.8756667,-0.023666667,-1.301333333,-1.592733333,-0.023,35,421.5576667,11614.66667
