Header Section,,,,,,,,,,,,,,,,,,,,,,,,,,,,,,,,,,,,,,,,,,,,
Product,VC5282_E3.14.7,,,,,,,,,,,,,,,,,,,,,,,,,,,,,,,,,,,,,,,,,,,
Test Plan,Rev(A),,,,,,,,,,,,,,,,,,,,,,,,,,,,,,,,,,,,,,,,,,,
Release Date,2013/9/11,,,,,,,,,,,,,,,,,,,,,,,,,,,,,,,,,,,,,,,,,,,
Comment,,,,,,,,,,,,,,,,,,,,,,,,,,,,,,,,,,,,,,,,,,,,
,,,,,,,,,,,,,,,,,,,,,,,,,,,,,,,,,,,,,,,,,,,,
Data Section,,,,,,,,,,,,,,,,,,,,,,,,,,,,,,,,,,,,,,,,,,,,
Device#,1,2,3,4,5,6,7,8,9,10,11,12,13,14,15,16,17,18,19,20,21,22,23,24,25,26,27,28,29,30,31,32,33,34,35,36,37,38,39,40,41,42,43,44
Test Item,Site No,Device ID,GSM915 Idle Current,GSM915 Max Pout @ 0dBm Drive,GSM915 Max Pout,GSM915 Max Icc,GSM915 Max PAE,GSM915 Rated Pout,GSM915 Rated Vramp,GSM915 Rated Icc,GSM915 Rated PAE,GSM915 2nd har@33dBm,GSM915 3rd har@33dBm,GSM915 Fwd Isolation 1,GSM915 Fwd Isolation 2,GSM915 Pout Leakage@RX0,GSM915 Pout Leakage@RX1,GSM915 CMOS Pout,GSM915 Pout Slope,GSM915 Stress Delta,DCS1785 Idle Current,DCS1785 Max Pout @ 0dBm Drive,DCS1785 Max Pout,DCS1785 Max Icc,DCS1785 Max PAE,DCS1785 Rated Pout,DCS1785 Rated Vramp,DCS1785 Rated Icc,DCS1785 Rated PAE,DCS1785 2nd har@33dBm,DCS1785 3rd har@33dBm,DCS1785 Fwd Isolation 1,DCS1785 Fwd Isolation 2,DCS1785 Pout Leakage@RX0,DCS1785 Pout Leakage@RX1,DCS1785 CMOS Pout,DCS1785 Pout Slope,DCS1785 Stress Delta,Insertion Loss Rx0 960MHz,Insertion Loss Rx1 1805MHz,Leakage Current,Leakage Current Delay Time,Test Time,Index Time
Low Tolerance,,,60,0.3,0.3,60,,,,60,,2,2,3,2,3,3,1,,,60,0.3,0.3,60,,,,60,,3,3,3,2,3,3,1,,,0.3,0.3,5,,,
High Tolerance,,,60,0.3,0.3,60,,,,60,,2,2,3,2,3,3,1,,,60,0.3,0.3,60,,,,60,,3,3,3,2,3,3,1,,,0.3,0.3,10,,,
Enable,,,1,1,1,1,0,0,0,1,0,1,1,1,1,1,1,1,0,0,1,1,1,1,0,0,0,1,0,1,1,1,1,1,1,1,0,0,1,1,1,0,0,0
31,1,31,816.4402667,33.73533333,33.80748333,1663.806733,41.26,33.02033333,1.488,1402.204333,40.85,-38.70998333,-40.17701667,-56.88673333,-24.63386667,-14.7662,1.7624,14.2564,104.3353333,-0.003,939.3987333,31.47328333,31.69766667,1141.019267,37.02,30.01833333,1.406,854.4944,33.58,-40.4026,-45.0267,-64.19826667,-29.5362,-15.5164,2.784333333,7.697266667,136.7826667,-0.027333333,-1.278066667,-1.529066667,-0.023333333,35,396.017,248468
32,1,32,827.3959333,33.68366667,33.74881667,1623.889733,41.71,33.022,1.473333333,1370.406,41.81,-38.58031667,-41.02235,-58.66373333,-23.87586667,-14.7352,1.7164,14.7544,100.4133333,-0.001666667,935.3730667,31.59428333,31.81633333,1172.839933,37.01,30.02833333,1.392,870.7697333,33.03,-40.88293333,-43.80236667,-63.93926667,-28.0722,-15.68506667,2.713666667,8.165266667,132.9506667,-0.027666667,-1.285733333,-1.534066667,-0.023333333,35,350.03,7684.666667
33,1,33,817.6516,33.73566667,33.81315,1682.429733,40.86,33.03233333,1.499,1424.747667,40.31,-42.59865,-41.46368333,-59.1134,-24.59886667,-14.01253333,2.209733333,14.31973333,103.45,-0.009,921.8444,31.50395,31.72966667,1149.025267,37.03,30.031,1.408666667,863.9224,33.31,-47.26893333,-41.8157,-63.5506,-29.7092,-16.13973333,3.134,7.861933333,134.266,-0.022,-1.292066667,-1.544733333,-0.023333333,35,364.6593333,7065.666667
34,1,34,833.0996,33.75833333,33.83448333,1679.1264,41.14,33.01566667,1.475,1415.455,40.42,-40.57198333,-40.91368333,-56.3934,-24.7122,-13.90186667,1.773733333,14.57606667,101.048,-0.008,944.9364,31.53261667,31.74966667,1146.955933,37.27,30.04033333,1.384666667,862.3574,33.44,-40.4806,-45.3507,-63.85626667,-29.40553333,-15.70673333,2.727666667,8.409266667,128.4293333,-0.020333333,-1.286066667,-1.5354,-0.023666667,35,350.8686667,12591.33333
35,1,35,807.9602667,33.63566667,33.70481667,1593.2574,42.09,33.02733333,1.473333333,1354.913333,42.34,-37.61631667,-41.24468333,-56.64373333,-24.09386667,-14.7382,1.699066667,14.66906667,102.4943333,-0.004,922.0624,31.56995,31.804,1169.717267,37.00,30.027,1.389666667,870.6944,33.02,-42.6446,-43.96036667,-64.01726667,-29.3102,-15.49706667,2.676,8.346266667,130.506,-0.021333333,-1.2874,-1.544066667,-0.023666667,535,878.207,7766.333333
36,1,36,808.3292667,33.80166667,33.90081667,1708.727733,41.05,33.022,1.488,1438.983667,39.82,-42.52165,-41.47701667,-59.28306667,-24.39086667,-14.41853333,2.034733333,14.26373333,103.728,-0.005333333,912.5594,31.34128333,31.57833333,1120.417267,36.68,30.03233333,1.409333333,853.5314,33.72,-40.95226667,-42.4567,-64.06226667,-29.16386667,-15.9504,3.019,7.8106,133.435,-0.028333333,-1.297066667,-1.544066667,-0.023333333,35,379.178,7420.333333
37,1,37,832.9489333,33.864,33.95115,1753.866733,40.46,33.01833333,1.485333333,1464.092667,39.10,-43.68765,-41.63101667,-59.02006667,-24.55653333,-14.29053333,2.109733333,14.2744,104.614,-0.009333333,947.4497333,31.59995,31.826,1172.320933,37.11,29.999,1.388333333,868.1514,32.90,-42.32726667,-41.88203333,-63.62026667,-29.36686667,-15.8254,3.029333333,7.7826,136.8256667,-0.026,-1.281733333,-1.539066667,-0.023,35,313.08,7107.666667
38,1,38,824.4539333,33.74233333,33.81381667,1661.9784,41.37,33.03266667,1.485333333,1404.213667,40.90,-40.40031667,-41.10135,-57.02173333,-24.70153333,-13.55353333,1.947066667,14.20906667,105.7456667,-0.000333333,944.4777333,31.47828333,31.70133333,1156.775267,36.54,30.01133333,1.402,868.0537333,33.00,-38.48393333,-43.44136667,-62.61993333,-29.92753333,-15.36373333,2.824,7.4226,138.1533333,-0.022,-1.291733333,-1.5444,-0.023,35,432.5816667,7731
39,1,39,826.1769333,33.794,33.86881667,1694.822733,41.09,33.02,1.467333333,1418.878667,40.36,-42.07598333,-41.12568333,-59.29873333,-24.2792,-14.15853333,2.231733333,14.72273333,101.2553333,-0.002666667,936.0354,31.56161667,31.796,1167.9866,36.99,30.015,1.384333333,868.4674,33.01,-45.0566,-43.07303333,-63.6546,-29.24953333,-16.07773333,3.139666667,8.056266667,134.558,-0.024,-1.2954,-1.5504,-0.022666667,35,390.938,6153
40,1,40,830.3006,33.72433333,33.79281667,1672.482733,40.91,33.03533333,1.492,1412.009,40.70,-38.47965,-39.86701667,-58.5234,-24.5192,-14.48953333,2.1034,14.28106667,105.9993333,-0.005,953.8080667,31.50528333,31.722,1152.531933,36.85,30.02533333,1.406333333,864.0204,33.26,-42.28293333,-43.1827,-63.61926667,-29.75086667,-15.42206667,3.041666667,7.6986,133.8753333,-0.02,-1.302733333,-1.569733333,-0.022333333,35,402.553,6307.333333
41,1,41,823.9196,33.818,33.89681667,1736.154067,40.37,33.02766667,1.490333333,1457.554333,39.36,-42.57165,-41.78768333,-59.30073333,-24.72053333,-14.20586667,2.112066667,14.11506667,108.375,-0.005,944.6057333,31.52361667,31.742,1157.813933,36.85,30.019,1.398,868.5050667,33.04,-41.46126667,-41.63103333,-63.61693333,-29.40186667,-15.8874,3.065,7.757933333,133.6736667,-0.022666667,-1.2854,-1.5414,-0.023,35,388.9666667,7468.333333
42,1,42,825.9962667,33.73033333,33.79981667,1664.785067,41.17,33.037,1.491333333,1406.169667,40.89,-40.30165,-39.79768333,-58.25906667,-24.5272,-14.53353333,2.221066667,14.6904,99.25666667,-0.007,930.4297333,31.38528333,31.62133333,1130.1616,36.72,30.01066667,1.406666667,854.8034,33.51,-43.73793333,-42.74303333,-64.0256,-29.39086667,-15.69373333,3.132666667,8.450933333,125.8353333,-0.018333333,-1.306733333,-1.5684,-0.022666667,35,315.6743333,6073.333333
43,1,43,817.1552667,33.684,33.75448333,1634.341067,41.50,33.01466667,1.474,1382.543,41.37,-38.05198333,-40.41301667,-57.27873333,-24.3662,-14.8612,1.681733333,14.82073333,101.8086667,-5.78241E-19,923.4620667,31.64495,31.86666667,1189.777267,36.91,30.001,1.376666667,879.6410667,32.49,-44.02526667,-43.40903333,-64.36026667,-29.35853333,-15.25973333,2.684333333,8.4606,130.483,-0.024666667,-1.279733333,-1.538066667,-0.024,35,397.089,7443.333333
44,1,44,824.5142667,33.76666667,33.85548333,1689.390067,41.09,33.026,1.483333333,1420.676667,40.37,-40.30198333,-40.28268333,-58.08706667,-24.49086667,-14.7922,2.198733333,14.45606667,103.6673333,-0.004,924.3574,31.41095,31.64966667,1135.481267,36.79,30.032,1.403666667,858.3697333,33.53,-41.1346,-40.3947,-62.6756,-29.11253333,-15.27273333,3.187333333,7.969933333,134.2913333,-0.022,-1.293066667,-1.561733333,-0.023,35,432.4856667,9500.666667
45,1,45,825.1612667,33.79033333,33.86181667,1701.413733,40.86,33.04133333,1.485666667,1430.112667,40.24,-42.59598333,-40.27435,-59.42873333,-24.58586667,-14.0142,2.256066667,14.47806667,102.209,-0.004666667,934.3797333,31.38928333,31.62333333,1121.966933,37.01,30.02533333,1.401,852.9520667,33.69,-38.6016,-42.79536667,-63.9706,-29.2132,-15.97773333,3.163333333,8.2466,127.974,-0.022,-1.289066667,-1.5374,-0.023333333,35,415.5386667,6034.666667
46,1,46,823.4152667,33.863,33.94115,1758.8254,40.26,33.034,1.501,1473.355333,39.00,-43.29631667,-41.35701667,-59.06773333,-24.72386667,-13.86086667,2.151733333,14.34373333,102.5376667,-0.008,942.4234,31.55195,31.77533333,1161.387933,37.02,30.041,1.411,870.6417333,33.13,-50.93826667,-41.37736667,-63.95293333,-29.4182,-16.09306667,3.071333333,8.104933333,129.1343333,-0.019666667,-1.2874,-1.541733333,-0.023,35,357.8653333,8998
47,1,47,831.3129333,33.66583333,33.73315,1617.753233,41.72,32.9935,1.4825,1362.663667,41.77,-36.92265,-40.44718333,-56.88373333,-24.45603333,-14.8642,1.6999,14.45173333,103.8265,-0.003,948.1342333,31.53011667,31.76,1164.856933,36.78,30.026,1.401,874.5509,32.87,-40.26126667,-42.5107,-60.6031,-29.38603333,-15.0804,2.743166667,8.142433333,129.905,-0.025,-1.2989,-1.5544,-0.023,35,435.3,18151
48,1,48,822.1366,33.743,33.81315,1657.3884,41.48,33.042,1.474666667,1396.719,41.21,-40.71931667,-39.96268333,-59.16806667,-24.3572,-14.30886667,2.141733333,14.7984,99.17833333,-0.006666667,932.5137333,31.50828333,31.752,1159.529267,36.89,30.02366667,1.389333333,869.6107333,33.03,-42.15493333,-44.02936667,-63.80993333,-29.25953333,-16.00806667,3.044,8.496933333,127.8153333,-0.026,-1.299066667,-1.5534,-0.023333333,35,433.2453333,6808.666667
49,1,49,826.5609333,33.749,33.82615,1672.219067,41.23,33.02266667,1.495666667,1409.480667,40.66,-41.14598333,-41.96301667,-57.2424,-24.47786667,-13.23186667,1.9134,14.27106667,103.8596667,-0.009333333,925.1704,31.60195,31.81866667,1172.809933,37.03,29.99366667,1.402333333,868.1664,32.86,-40.11593333,-45.08403333,-63.3306,-29.58886667,-15.6464,2.850333333,7.449933333,137.858,-0.025666667,-1.2954,-1.532733333,-0.023333333,35,349.5586667,34614.33333
50,1,50,683.7394333,32.89983333,33.06815,1529.728733,37.86,32.9985,1.587,1463.994667,38.93,-40.04265,-38.70618333,-58.23923333,-24.72353333,-13.5092,2.1479,12.83523333,108.8825,-0.037,956.7012333,31.64611667,31.883,1186.786433,37.14,30.0095,1.4015,874.0769,32.76,-44.66926667,-41.6422,-63.7786,-29.44103333,-15.5434,3.058166667,7.296433333,141.862,-0.029,-1.3084,-1.5619,-0.023,35,367.2625,8295.5
51,1,51,810.3456,33.73966667,33.83448333,1680.556067,41.11,33.03466667,1.485333333,1425.552667,40.31,-40.17198333,-41.39368333,-58.43673333,-24.5212,-14.55786667,1.963066667,14.3194,104.2553333,-0.006,913.0780667,31.38128333,31.61333333,1115.985267,37.12,30.007,1.391666667,845.1417333,33.86,-39.81026667,-42.85736667,-63.8676,-29.46186667,-15.68006667,2.871,8.154266667,132.5213333,-0.023333333,-1.289066667,-1.539066667,-0.023666667,35,383.763,7607.333333
52,1,52,832.9869333,33.75566667,33.83681667,1662.459733,41.58,33.02533333,1.474,1397.757,41.02,-40.02265,-40.55301667,-56.8844,-24.39653333,-14.58653333,1.7464,14.48573333,103.357,-0.007666667,944.2897333,31.64595,31.874,1180.672933,37.26,30.03133333,1.384666667,873.4110667,32.95,-44.65026667,-43.77036667,-64.18193333,-29.36853333,-15.95773333,2.764333333,8.043933333,132.1896667,-0.027,-1.2804,-1.526066667,-0.023666667,35,351.3903333,9702.333333
53,1,53,819.3972667,33.75233333,33.83848333,1686.718733,41.00,33.034,1.502,1427.125333,40.26,-40.67131667,-40.75435,-57.5064,-24.58186667,-14.3382,2.076066667,14.2184,106.2326667,-0.007,882.7997333,31.25895,31.49533333,1103.2466,36.54,30.01433333,1.422333333,845.2094,33.92,-44.80993333,-44.85236667,-64.27526667,-29.61486667,-15.6924,3.020666667,7.565933333,135.5803333,-0.019333333,-1.307733333,-1.5524,-0.023,35,335.7566667,9838
54,1,54,827.7572667,33.824,33.89515,1734.830067,40.38,33.033,1.499666667,1458.878333,39.37,-40.77765,-40.99868333,-57.48606667,-24.59853333,-13.6792,2.151733333,14.27406667,102.5643333,-0.004333333,943.1684,31.53361667,31.756,1159.7176,36.91,30.03466667,1.406666667,870.7400667,33.08,-42.61193333,-41.62503333,-63.47926667,-29.4682,-15.78173333,3.046,7.9456,131.4153333,-0.018,-1.292066667,-1.5374,-0.023,35,432.2693333,6501.333333
55,1,55,825.5299333,33.70733333,33.79348333,1654.898067,41.35,33.03,1.49,1398.660333,41.04,-38.63331667,-40.95001667,-57.8344,-24.48953333,-14.69653333,1.835066667,14.43673333,101.2826667,-0.007,927.2017333,31.51195,31.74666667,1166.316267,36.63,30.021,1.408,872.5457333,32.90,-42.56293333,-42.98536667,-60.45126667,-29.42186667,-15.3434,2.784666667,8.0766,129.9503333,-0.025,-1.289066667,-1.546066667,-0.023,35,429.5413333,6305
56,1,56,820.0749333,33.788,33.87115,1718.4344,40.54,33.03333333,1.498,1446.237667,39.72,-41.31231667,-40.58368333,-59.4494,-24.58553333,-12.51753333,2.370733333,14.26973333,104.0196667,-0.011666667,943.3720667,31.50861667,31.738,1147.046267,37.17,30.005,1.400666667,857.1957333,33.37,-40.3296,-45.32303333,-63.0866,-29.41053333,-15.93006667,3.212,8.0736,129.5383333,-0.023666667,-1.3114,-1.549733333,-0.023,35,354.8703333,5168
57,1,57,816.5609333,33.73233333,33.80881667,1669.269733,41.14,33.01366667,1.492,1413.16,40.47,-40.44431667,-41.24168333,-58.98373333,-24.60286667,-13.7892,2.180066667,14.29906667,104.6073333,-0.002333333,938.5334,31.47228333,31.68733333,1134.442933,37.14,30.01933333,1.398666667,855.0817333,33.56,-50.12326667,-44.43936667,-63.34493333,-29.52986667,-16.1524,3.147666667,8.1106,133.2776667,-0.019666667,-1.3044,-1.546066667,-0.023,35,357.6676667,6624.333333
58,1,58,820.7292667,33.67633333,33.74781667,1621.053067,41.77,33.041,1.487666667,1374.853,41.86,-39.28265,-40.52968333,-57.3794,-24.55453333,-14.9762,1.741066667,14.21506667,104.359,-0.001,941.4154,31.38661667,31.61933333,1127.617933,36.79,30.02833333,1.406333333,857.3614,33.54,-37.66726667,-43.9547,-64.35726667,-29.55853333,-15.2184,2.731,8.1566,130.4256667,-0.016666667,-1.280733333,-1.534066667,-0.023,35,350.7973333,7108.666667
59,1,59,823.2802667,33.70633333,33.77615,1638.193733,41.61,33.02,1.471666667,1379.382333,41.52,-38.86731667,-41.60701667,-58.86906667,-23.73786667,-12.95786667,2.3324,14.95006667,97.04533333,-0.001666667,937.2690667,31.60595,31.83933333,1168.641267,37.34,30.01433333,1.379333333,865.2544,33.13,-48.74593333,-42.03736667,-63.53693333,-28.5632,-15.95206667,3.180333333,8.5416,127.376,-0.024,-1.299066667,-1.5504,-0.024,35,392.8326667,7753
60,1,60,823.4005333,33.70853333,33.87975,1670.206933,41.80,33.0284,1.4802,1408.536867,40.74,-41.97505,-40.69288333,-58.10213333,-26.89053333,-13.839,2.15,13.49653333,110.5724,-0.004,941.3353333,31.56481667,31.7846,1171.998733,36.77,30.019,1.3956,871.3886,32.93,-41.04426667,-44.1155,-61.948,-31.05173333,-15.7626,3.086866667,7.310933333,138.6858,-0.0234,-1.2986,-1.5548,-0.0232,35,376.9218,8010
