Header Section,,,,,,,,,,,,,,,,,,,,,,,,,,,,,,,,,,,,,,,,,,,,,,,
Product,VC5234,,,,,,,,,,,,,,,,,,,,,,,,,,,,,,,,,,,,,,,,,,,,,,
ProgramRev,P1.0,,,,,,,,,,,,,,,,,,,,,,,,,,,,,,,,,,,,,,,,,,,,,,
Tester,TPA02,,,,,,,,,,,,,,,,,,,,,,,,,,,,,,,,,,,,,,,,,,,,,,
TesterType,Fusion_MX,,,,,,,,,,,,,,,,,,,,,,,,,,,,,,,,,,,,,,,,,,,,,,
enVision_Version,R15.7.0,,,,,,,,,,,,,,,,,,,,,,,,,,,,,,,,,,,,,,,,,,,,,,
LotStartDateTime,2012/7/26 21:08,,,,,,,,,,,,,,,,,,,,,,,,,,,,,,,,,,,,,,,,,,,,,,
LotFinishDateTime,2012/7/26 21:31,,,,,,,,,,,,,,,,,,,,,,,,,,,,,,,,,,,,,,,,,,,,,,
,,,,,,,,,,,,,,,,,,,,,,,,,,,,,,,,,,,,,,,,,,,,,,,
Data Section,,,,,,,,,,,,,,,,,,,,,,,,,,,,,,,,,,,,,,,,,,,,,,,
Device#,1,2,3,4,5,6,7,8,9,10,11,12,13,14,15,16,17,18,19,20,21,22,23,24,25,26,27,28,29,30,31,32,33,34,35,36,37,38,39,40,41,42,43,44,45,46,47
Test Item,Site No,Device ID,GSM915 Idle Current,GSM915 Max Pout @ 0dBm Drive,GSM915 Max Pout,GSM915 Max Icc,GSM915 Max PAE,GSM915 Rated Pout,GSM915 Rated Vramp,GSM915 Rated Icc,GSM915 Rated PAE,GSM915 2nd har@33dBm,GSM915 3rd har@33dBm,GSM915 Fwd Isolation 1,GSM915 Fwd Isolation 2,GSM915 Pout Leakage@RX1,GSM915 Pout Leakage@RX2,GSM915 Pout Leakage@RX3,GSM915 CMOS Pout,GSM915 Pout Slope,GSM915 Stress Delta,DCS1785 Idle Current,DCS1785 Max Pout @ 0dBm Drive,DCS1785 Max Pout,DCS1785 Max Icc,DCS1785 Max PAE,DCS1785 Rated Pout,DCS1785 Rated Vramp,DCS1785 Rated Icc,DCS1785 Rated PAE,DCS1785 2nd har@33dBm,DCS1785 3rd har@33dBm,DCS1785 Fwd Isolation 1,DCS1785 Fwd Isolation 2,DCS1785 Pout Leakage@RX1,DCS1785 Pout Leakage@RX2,DCS1785 Pout Leakage@RX3,DCS1785 CMOS Pout,DCS1785 Pout Slope,DCS1785 Stress Delta,Insertion Loss Rx1 960MH,Insertion Loss Rx2 1990MHz,Insertion Loss TRx1 2170MHz,Leakage Current,Leakage Current Delay Time,Test Time,Index Time
Low Tolerance,,,60,0.3,0.3,60,,,,60,,2,2,3,2,3,3,3,1,,,60,0.3,0.3,60,,,,60,,3,3,3,2,3,3,3,1,,,0.3,0.3,0.3,5,,,
High Tolerance,,,60,0.3,0.3,60,,,,60,,2,2,3,2,3,3,3,1,,,60,0.3,0.3,60,,,,60,,3,3,3,2,3,3,3,1,,,0.3,0.3,0.3,5,,,
Enable,,,1,1,1,0,0,0,0,1,0,1,1,1,1,1,1,1,1,0,0,1,1,1,0,0,0,0,1,0,1,1,1,1,1,1,1,1,0,0,1,1,1,1,0,0,0
1,1,1,822.923,33.991,34.03,1771.806,40.783,33.005,1.51,1454.749,39.233,-41.143,-38.339,-48.899,-29.407,2.085,-0.002,-1.211,11.384,139.268,0,1008.042,31.704,31.893,1188.923,37.156,29.994,1.426,884.649,32.25,-39.571,-35.724,-65.025,-30.472,1.017,1.98,-2.115,5.814,147.446,-0.035,-1.561,-1.782,-1.066,0.103,15,395.99,272495
2,1,2,843.95,34.087,34.108,1764.532,41.7,33.017,1.439,1428.8,40.06,-39.004,-38.87,-49.807,-29.508,2.132,-0.22,-1.298,11.62,142.738,0,1044.177,31.716,31.885,1183.775,37.25,30.02,1.366,897.76,31.971,-36.72,-32.515,-65.156,-30.677,0.988,1.875,-1.991,9.449,131.579,-0.033,-1.545,-1.771,-1.066,0.099,15,393.846,31005
3,1,3,853.845,34.089,34.12,1809.636,40.769,33.047,1.503,1468.297,39.252,-42.998,-40.098,-50.575,-29.845,2.062,0.152,-1.085,11.085,124.134,-0.004,1049.748,31.646,31.823,1203.888,36.11,30.018,1.439,896.53,32.004,-37.535,-31.29,-65.039,-30.614,1.346,2.212,-2.073,5.105,151.964,-0.027,-1.552,-1.791,-1.063,0.182,15,386.843,41235
4,1,4,856.706,34.096,34.135,1805.468,41.003,33.009,1.483,1453.895,39.288,-42.142,-38.284,-49.779,-29.802,1.948,-0.194,-1.161,11.215,125.333,-0.008,1063.676,31.784,31.967,1227.628,36.607,30.044,1.422,905.638,31.871,-37.812,-33.507,-65.031,-30.606,1.146,1.924,-2.089,5.27,153.259,-0.038,-1.555,-1.783,-1.062,0.085,15,404.535,29343
5,1,5,856.641,34.158,34.191,1840.693,40.745,33.042,1.513,1478.802,38.927,-42.832,-38.12,-50.18,-29.944,1.874,-0.115,-1.623,10.751,126.021,-0.007,1048.274,31.793,31.975,1207.744,37.277,30.036,1.435,897.134,32.115,-38.694,-34.982,-64.964,-29.708,1.161,2.057,-2.581,5.545,148.373,-0.031,-1.539,-1.765,-1.063,0.1,15,389.353,18422
6,1,6,838.444,34.15,34.209,1763.219,42.71,33.039,1.486,1418.024,40.567,-40.556,-38.1,-48.014,-29.453,2.21,-0.072,-1.14,11.25,124.586,0.002,1009.646,31.63,31.806,1182.357,36.626,30.043,1.433,888.672,32.469,-37.187,-31.982,-64.949,-30.628,1.056,1.993,-1.788,5.564,152.135,-0.042,-1.533,-1.768,-1.054,0.001,15,389.354,18718
7,1,7,841.739,34.023,34.076,1718.198,42.508,33.006,1.488,1395.806,40.898,-38.596,-38.694,-46.169,-28.325,2.024,-0.314,-1.234,11.833,117.175,-0.001,1020.788,31.737,31.913,1187.881,37.365,29.967,1.428,881.44,32.168,-38.488,-33.129,-65.112,-30.347,0.992,1.822,-1.886,5.556,151.36,-0.039,-1.513,-1.777,-1.053,0.09,15,389.325,24153
8,1,8,849.217,34.189,34.234,1813.43,41.77,33.049,1.473,1454.854,39.628,-42.562,-38.43,-49.903,-26.335,2.306,-0.059,-1.019,8.481,172.413,0.006,1033.415,31.805,31.97,1196.426,37.586,30.01,1.394,882.044,32.466,-37.188,-35.831,-64.959,-24.438,1.045,1.926,-1.781,5.727,157.492,-0.034,-1.536,-1.766,-1.047,0.097,15,389.283,22933
9,1,9,844.351,34.056,34.087,1747.42,41.898,33.042,1.493,1415.148,40.676,-40.261,-38.257,-49.674,-29.028,2.259,-0.047,-0.944,11.248,127.178,0.002,1018.035,31.636,31.819,1186.693,36.6,30.011,1.437,892.466,32.096,-35.859,-32.982,-65.069,-29.885,1.142,1.976,-1.69,5.589,150.898,-0.045,-1.533,-1.783,-1.048,0.096,15,397.949,17736
10,1,10,842.844,34.009,34.065,1724.409,42.247,33.042,1.516,1412.021,40.765,-40.52,-38.305,-47.494,-29.729,1.875,-0.184,-1.373,11.166,123.19,0.014,1022.891,31.694,31.86,1183.212,37.057,30.047,1.443,884.754,32.648,-40.475,-35.897,-65.043,-30.745,1.109,1.953,-2.096,5.054,153.987,-0.025,-1.514,-1.734,-1.044,0.193,15,387.914,100745
11,1,11,854.517,34.07,34.096,1764.616,41.577,33.015,1.492,1407.519,40.64,-41.18,-39.822,-51.933,-29.781,1.953,0.043,-1.038,10.737,131.236,0.004,1052.696,31.667,31.846,1194.196,36.596,30.028,1.439,888.36,32.373,-39.641,-32.273,-64.88,-30.674,1.236,2.113,-1.892,4.925,158.317,-0.029,-1.521,-1.766,-1.036,0.102,15,404.321,19254
12,1,12,819.076,34.045,34.101,1761.885,41.695,33.004,1.505,1436.991,39.705,-42.118,-38.672,-51.158,-29.479,2.212,-0.082,-1.096,11.275,132.804,-0.003,993.27,31.69,31.869,1181.419,37.189,30.045,1.439,887.359,32.532,-40.554,-35.398,-65.052,-30.752,1.078,2.012,-1.902,5.591,162.264,-0.032,-1.53,-1.757,-1.041,0.051,15,392.67,23117
13,1,13,835.723,34.119,34.156,1781.936,41.747,32.994,1.48,1431.614,39.764,-39.891,-38.485,-47.417,-29.103,2.104,-0.234,-1.365,11.248,123.908,-0.001,1026.023,31.647,31.819,1188.047,36.558,30.018,1.419,888.672,32.284,-38.325,-32.192,-65.018,-29.275,1.07,1.889,-2.051,5.897,149.246,-0.031,-1.504,-1.769,-1.04,0.017,15,398.656,17090
14,1,14,845.467,34.109,34.156,1758.258,42.314,33.049,1.503,1420.129,40.595,-41.058,-37.963,-48.352,-29.613,1.881,-0.102,-1.317,10.93,125.866,0.001,1039.918,31.71,31.892,1184.191,37.296,30.011,1.434,876.708,32.675,-39.816,-35.845,-64.866,-30.541,1.019,1.922,-2.176,5.761,149.602,-0.033,-1.516,-1.748,-1.043,0.189,15,393.374,18555
15,1,15,852.956,34.024,34.064,1762.927,41.315,33.04,1.513,1448.476,39.722,-42.073,-38.08,-49.397,-29.817,1.935,-0.07,-1.058,10.997,130.281,0.006,1035.377,31.751,31.933,1208.119,36.908,30.046,1.435,895.238,32.252,-38.539,-34.188,-64.633,-30.637,1.074,1.95,-1.951,5.27,153.23,-0.035,-1.526,-1.742,-1.034,0.098,15,389.371,20481
16,1,16,832.385,34.114,34.181,1798.235,41.604,32.998,1.507,1462.315,38.965,-41.905,-38.397,-51.628,-29.637,2.178,-0.095,-1.234,10.873,125.776,-0.005,1030.662,31.641,31.811,1175.646,36.873,30.008,1.434,879.668,32.537,-39.402,-34.443,-65.071,-30.773,1.058,1.996,-2.056,5.56,150.686,-0.023,-1.544,-1.758,-1.048,-0.051,15,391.372,17308
17,1,17,837.913,33.952,33.994,1704.171,42.051,33.014,1.491,1391.741,41.095,-40.302,-38.104,-48.218,-29.512,1.843,-0.034,-1.17,11.023,128.393,0.006,1030.987,31.615,31.791,1176.625,36.68,30.033,1.432,881.44,32.662,-39.877,-34.753,-64.925,-30.897,1.221,2.162,-1.923,5.332,156.575,-0.032,-1.512,-1.755,-1.043,0.083,15,398.62,16787
18,1,18,823.487,34.1,34.15,1754.903,42.334,33.01,1.478,1413.397,40.431,-39.234,-37.958,-48.202,-27.233,1.982,-0.237,-1.182,11.345,124.316,-0.001,1016.366,31.721,31.893,1192.258,37.06,29.99,1.42,881.398,32.338,-37.402,-34.085,-65.119,-26.65,1.033,1.917,-1.913,3.774,167.886,-0.031,-1.511,-1.744,-1.027,0.041,15,396.431,18345
19,1,19,825.373,34.11,34.166,1798.048,41.474,32.964,1.502,1457.209,38.794,-42.227,-38.789,-51.114,-29.491,2.13,-0.097,-1.023,10.914,127.668,-0.004,1008.237,31.771,31.96,1190.215,37.701,30.024,1.424,883.67,32.51,-40.666,-37.638,-64.913,-30.467,1.062,1.955,-1.854,5.652,147.223,-0.036,-1.533,-1.741,-1.039,0.002,15,396.478,15711
20,1,20,826.684,34.064,34.121,1725.201,42.775,33.021,1.48,1397.536,40.985,-39.472,-38.433,-46.795,-28.971,2.194,-0.091,-1.301,11.047,129.597,0.003,1010.264,31.724,31.904,1201.345,36.873,30.001,1.42,891.027,32.073,-38.783,-33.644,-65.043,-29.997,1.142,2.059,-2.098,5.678,150.059,-0.04,-1.514,-1.77,-1.04,0.105,15,401.208,14972
21,1,21,848.914,34.078,34.143,1805.655,41.077,33.011,1.5,1469.736,38.889,-43.078,-38.601,-49.314,-30.067,1.876,-0.134,-1.208,11.06,124.616,-0.004,1047.245,31.496,31.682,1149.446,36.617,30.018,1.435,868.892,33.022,-37.609,-32.635,-64.662,-30.146,1.175,1.972,-2.152,5.566,152.729,-0.029,-1.534,-1.754,-1.049,0.018,15,389.931,20641
22,1,22,820.474,34.016,34.063,1755.528,41.479,33.006,1.499,1435.303,39.777,-41.831,-39.004,-49.507,-29.228,2.096,-0.12,-1.131,11.378,118.896,0.001,999.783,31.734,31.918,1186.13,37.46,29.985,1.428,885.108,32.172,-43.152,-36.118,-64.878,-30.197,1.093,1.942,-2.072,5.883,147.234,-0.036,-1.531,-1.765,-1.048,0.011,15,412.381,14933
23,1,23,821.861,34.12,34.171,1765.47,42.287,33.017,1.487,1416.232,40.414,-41.394,-39.121,-48.722,-29.484,2.165,-0.19,-1.203,11.434,122.39,0.002,987.395,31.619,31.795,1170.289,36.914,29.988,1.428,876.938,32.492,-39.076,-31.489,-64.893,-30.581,1.076,1.92,-1.979,5.351,174.901,-0.029,-1.523,-1.753,-1.039,0.006,15,398.494,15734
24,1,24,841.164,34.242,34.291,1864.662,41.151,33.037,1.514,1496.248,38.424,-43.408,-38.998,-52.969,-29.982,2.315,0.071,-1.27,10.521,126.677,-0.014,1041.457,31.675,31.854,1178.21,37.159,30.022,1.44,878.334,32.696,-38.183,-33.229,-64.964,-30.821,1.162,2.13,-2.165,5.211,165.935,-0.033,-1.553,-1.759,-1.045,0.093,15,397.802,16882
25,1,25,850.583,34.099,34.154,1759.301,42.263,33.037,1.509,1421.463,40.448,-40.715,-38.344,-49.1,-29.761,1.81,-0.216,-1.325,10.764,131.393,0.008,1045.272,31.652,31.822,1199.72,36.228,30.003,1.444,892.236,32.043,-39.595,-32.691,-64.942,-30.966,1.062,1.889,-2.139,5.388,150.436,-0.036,-1.518,-1.765,-1.053,0.099,15,389.827,17300
26,1,26,843.289,34.024,34.055,1760.364,41.292,33.021,1.491,1430.655,40.039,-41.357,-38.252,-49.573,-29.658,1.818,-0.118,-0.912,11.453,122.641,0.003,1045.597,31.764,31.932,1218.978,36.574,30.016,1.422,901.553,31.81,-38.104,-34.484,-64.926,-30.508,1.105,1.942,-1.695,5.92,147.707,-0.032,-1.508,-1.751,-1.026,0.092,15,395.61,168429
27,1,27,842.617,34.192,34.243,1863.536,40.726,32.991,1.513,1500.104,37.921,-44.313,-38.887,-53.855,-30.073,2.282,-0.043,-1.22,10.659,136.601,-0.014,1022.977,31.698,31.884,1174.604,37.534,30.027,1.437,877.334,32.773,-38.181,-35.179,-64.708,-30.574,1.044,1.884,-2.025,5.018,153.903,-0.033,-1.551,-1.777,-1.049,-0.001,15,400.515,24524
28,1,28,846.432,34.069,34.126,1793.962,41.183,33.049,1.508,1467.13,39.293,-41.682,-40.092,-50.202,-29.768,2.274,-0.006,-1.135,10.985,147.48,-0.003,1036.905,31.646,31.814,1176.48,36.878,30.041,1.437,883.149,32.661,-36.978,-31.972,-64.875,-30.667,1.155,2.032,-1.903,5.457,152.949,-0.033,-1.528,-1.758,-1.045,0.102,15,390.872,23970
29,1,29,845.781,34.106,34.158,1804.592,41.239,33.04,1.491,1467.922,39.197,-42.722,-39.075,-51.247,-30.046,2.084,-0.014,-1.304,11.066,128.912,0.001,1051.417,31.765,31.945,1210.516,36.941,30.048,1.419,896.53,32.221,-40.336,-33.451,-64.889,-30.836,1.214,2.016,-2.133,5.187,157.139,-0.036,-1.516,-1.75,-1.048,-0.03,15,395.912,31349
30,1,30,817.667,34.139,34.185,1795.463,41.716,33.048,1.495,1452.394,39.687,-42.581,-38.538,-51.631,-29.427,2.259,0.021,-1.044,11.335,120.567,-0.004,1001.68,31.708,31.89,1179.356,37.433,30.027,1.429,879.814,32.675,-38.927,-34.755,-64.816,-30.435,1.097,1.962,-1.912,5.564,152.235,-0.022,-1.525,-1.749,-1.04,0.087,15,393.541,23340
31,1,31,841.349,34.034,34.087,1778.622,41.167,33.03,1.514,1455.979,39.424,-41.375,-39.546,-49.01,-29.468,2.114,-0.038,-1.131,10.793,131.023,-0.003,1034.705,31.822,32.001,1203.429,37.637,30.023,1.427,888.651,32.324,-39.806,-34.908,-64.782,-30.513,1.107,2.033,-1.958,5.011,156.748,-0.029,-1.519,-1.745,-1.04,0.004,15,404.729,24127
32,1,32,841.284,34.111,34.167,1826.061,40.845,33.001,1.512,1485.868,38.374,-43.346,-39.529,-49.618,-29.782,2.291,0.125,-1.306,10.759,126.2,0.001,1040.037,31.727,31.903,1184.796,37.377,30.047,1.435,886.88,32.569,-39.015,-32.915,-64.764,-30.611,1.257,2.213,-2.217,5.329,156.733,-0.028,-1.536,-1.733,-1.042,0.101,15,397.016,26293
33,1,33,820.691,34.093,34.136,1829.02,40.485,33.01,1.518,1500.875,38.074,-44.126,-38.658,-51.391,-29.624,2.317,-0.004,-1.151,10.55,132.392,0.002,1002.818,31.716,31.897,1187.005,37.258,30,1.431,879.981,32.471,-38.518,-34.62,-64.806,-30.617,1.026,1.944,-2.168,4.857,156.238,-0.022,-1.537,-1.754,-1.037,0.117,15,412.945,20837
34,1,34,849.195,34.02,34.061,1748.921,41.618,33.015,1.502,1420.838,40.26,-42.263,-39.725,-48.916,-29.764,1.996,0.013,-1.043,11.028,128.238,0.007,1023.01,31.638,31.815,1181.169,36.738,30.003,1.432,883.045,32.38,-38.137,-32.79,-64.744,-30.652,1.293,2.155,-2.053,5.625,135.429,-0.027,-1.513,-1.747,-1.036,0.181,15,408.805,21109
35,1,35,811.76,34.035,34.079,1729.141,42.265,33.017,1.518,1408.207,40.643,-40.502,-38.905,-49.34,-29.29,2.142,-0.1,-1.005,10.787,130.683,-0.002,964.039,31.658,31.848,1168.538,37.42,29.975,1.442,873.978,32.503,-39.454,-35.362,-64.903,-30.548,1.156,2.005,-1.958,4.9,158.571,-0.028,-1.512,-1.75,-1.033,0.098,15,402.705,21161
36,1,36,820.29,34.093,34.136,1797.673,41.195,33.049,1.517,1465.504,39.345,-42.221,-38.725,-51.637,-29.436,2.149,-0.025,-0.976,10.742,127.107,0.003,1006.07,31.606,31.794,1161.014,37.199,30.025,1.444,875.979,32.801,-38.028,-34.37,-64.851,-29.726,1.105,1.968,-1.924,5.627,150.62,-0.027,-1.53,-1.741,-1.03,0.009,15,386.676,26886
37,1,37,842.617,34.051,34.075,1788.793,40.821,33.034,1.503,1446.204,39.726,-42.316,-38.74,-51.012,-29.603,1.924,-0.15,-1.055,11.186,124.426,-0.001,1029.242,31.638,31.82,1182.774,36.73,30.037,1.439,884.775,32.569,-37.713,-33.189,-64.767,-29.742,1.149,1.934,-1.954,5.261,153.743,-0.025,-1.519,-1.756,-1.031,0.089,15,395.76,19832
38,1,38,824.462,33.987,34.031,1763.136,40.994,33.017,1.516,1456.771,39.285,-41.481,-39.039,-48.974,-29.705,2.139,-0.109,-1.202,11.418,119.538,-0.002,995.762,31.673,31.851,1197.427,36.543,30.045,1.444,898.698,32.126,-37.246,-32.134,-64.88,-30.715,1.116,1.951,-2.042,5.675,144.716,-0.024,-1.532,-1.75,-1.028,0.181,15,388.775,22056
39,1,39,836.655,34.221,34.281,1873.52,40.864,33.034,1.521,1513.36,37.964,-43.649,-39.159,-51.799,-30.189,2.085,-0.071,-1.301,10.612,127.332,-0.014,1031.399,31.538,31.721,1155.908,36.741,30.022,1.446,873.415,32.878,-37.271,-32.159,-64.948,-30.654,1.091,2.032,-2.012,5.558,148.282,-0.027,-1.525,-1.728,-1.031,0.093,15,390.955,21772
40,1,40,847.721,34.062,34.096,1771.64,41.416,33.014,1.505,1439.263,39.739,-41.878,-38.663,-50.511,-29.888,1.945,-0.093,-1.138,11.386,119.435,0.001,1030.456,31.663,31.84,1191.382,36.636,30.015,1.433,889.068,32.251,-37.699,-33.313,-64.824,-30.697,1.162,2.003,-2.028,5.619,152.312,-0.03,-1.517,-1.742,-1.028,0.097,15,393.501,22948
41,1,41,843.668,34.035,34.064,1764.657,41.277,33.024,1.494,1428.717,40.121,-40.756,-39.104,-49.594,-29.67,1.869,-0.086,-1.206,11.341,120.908,0.004,1042.465,31.709,31.882,1203.617,36.613,30.036,1.436,896.759,32.125,-37.717,-32.568,-65.037,-30.645,1.248,2.088,-2.092,5.588,150.4,-0.039,-1.508,-1.738,-1.04,0.103,15,402.669,20152
42,1,42,815.51,34.001,34.044,1714.467,42.291,32.992,1.494,1398.515,40.688,-39.013,-37.701,-47.001,-29.225,2.013,-0.222,-1.055,11.248,129.15,0.009,1003.197,31.746,31.922,1220.688,36.434,30.035,1.431,908.556,31.698,-40.282,-32.069,-65.17,-31.001,1.125,1.912,-1.914,5.169,156.168,-0.028,-1.503,-1.749,-1.021,0.188,15,396.616,22686
43,1,43,850.019,34.101,34.143,1799.402,41.219,33.039,1.483,1461.753,39.354,-42.677,-39.159,-50.718,-29.788,1.98,-0.098,-1.016,11.241,141.493,0.003,1049.51,31.643,31.817,1194.259,36.352,30.015,1.418,889.86,32.216,-39.892,-33.333,-64.906,-30.59,1.114,1.92,-2.11,5.815,150.344,-0.03,-1.516,-1.744,-1.024,0.013,15,409.326,19878
44,1,44,851.038,33.984,34.053,1752.151,41.467,33.022,1.514,1438.867,39.82,-43.285,-39.846,-47.598,-30.079,2.015,0.002,-1.415,11.167,123.485,0.003,1021.341,31.597,31.774,1181.357,36.391,29.99,1.441,884.045,32.244,-38.545,-31.239,-64.886,-30.546,1.311,2.13,-2.579,5.093,156.844,-0.03,-1.521,-1.741,-1.035,0.012,15,402.987,20697
45,1,45,852.013,34.064,34.097,1777.726,41.279,32.963,1.492,1435.47,39.377,-40.793,-39.052,-49.591,-29.692,1.848,-0.161,-1.484,11.31,125.549,0,1056.37,31.586,31.765,1189.631,36.058,30.004,1.438,891.882,32.067,-35.606,-32.946,-64.787,-30.466,1.163,1.969,-2.451,5.512,152.633,-0.036,-1.503,-1.733,-1.031,0.017,15,411.567,19743
46,1,46,844.99,34.12,34.155,1798.652,41.351,32.99,1.503,1442.16,39.435,-40.78,-38.517,-50.867,-30.123,1.87,-0.137,-1.111,10.931,124.689,-0.003,1045.467,31.786,31.965,1225.961,36.643,30.023,1.439,913.767,31.431,-38.778,-33.363,-65.08,-30.902,1.191,2.021,-1.924,5.446,150.284,-0.033,-1.502,-1.736,-1.03,0.013,15,386.037,48352
47,1,47,836.775,34.078,34.142,1767.721,41.946,33.019,1.509,1438.971,39.795,-42.208,-39.964,-47.798,-29.7,1.886,-0.075,-1.253,10.856,128.862,0.004,1024.896,31.533,31.708,1173.541,36.074,30.05,1.456,889.297,32.499,-38.994,-29.853,-64.967,-30.734,1.204,2.114,-2.023,5.309,156.068,-0.031,-1.498,-1.717,-1.026,-0.029,15,398.387,21485
48,1,48,826.272,34.093,34.146,1780.852,41.678,33.015,1.505,1433.49,39.905,-41.951,-38.598,-50.668,-29.744,2.144,-0.138,-1.335,10.859,129.405,0.007,1015.239,31.703,31.888,1188.839,37.118,30.032,1.441,885.754,32.493,-38.141,-34.306,-65.1,-30.562,1.008,1.918,-2.197,5.218,152.052,-0.03,-1.52,-1.744,-1.033,0.078,15,400.311,26212
49,1,49,844.611,34.137,34.162,1826.894,40.775,32.973,1.494,1463.045,38.723,-42.84,-39.227,-52.03,-30.018,2.046,0.047,-1.09,11.061,123.931,-0.003,1045.38,31.564,31.742,1152.823,37.017,29.975,1.423,863.911,32.886,-41.278,-33.866,-65.014,-30.582,1.179,2.045,-1.917,5.648,162.787,-0.024,-1.505,-1.743,-1.026,0.201,15,399.134,22057
50,1,50,813.017,34.115,34.175,1763.844,42.363,32.995,1.485,1419.4,40.118,-41.828,-38.239,-47.603,-29.274,2.231,-0.23,-1.111,10.843,129.925,0.001,992.305,31.64,31.817,1179.919,36.797,29.954,1.431,880.981,32.09,-37.883,-31.098,-65.221,-30.899,1.046,1.919,-1.9,5.168,157.149,-0.024,-1.514,-1.725,-1.027,0.007,15,412.555,20770
