Header Section,,,,,,,,,,,,,,,,,,,,,,,,,,,,,,,,,,,,,,,,,,,,
Product,VC5282,,,,,,,,,,,,,,,,,,,,,,,,,,,,,,,,,,,,,,,,,,,
Test Plan,Rev(-4),,,,,,,,,,,,,,,,,,,,,,,,,,,,,,,,,,,,,,,,,,,
Release Date,2012/9/14,,,,,,,,,,,,,,,,,,,,,,,,,,,,,,,,,,,,,,,,,,,
Comment,"first 30pcs in Gerad£¬ 28~62 was generated in sigurd during  correlation on Dec/21/2012. (rev 1.0),100~140 are from JCET£¬#631~670 was JCET 5268Q golded, for Cu wirewire,151~190 was generated in Gerad, 2013/9/24,701~740 generate in JCET VC5282E2.14.9","671~700 generate for VC5282E8.1.1, Gerad, 2013/12/27",,,,,,,,,,,,,,,,,,,,,,,,,,,,,,,,,,,,,,,,,,
,,,,,,,,,,,,,,,,,,,,,,,,,,,,,,,,,,,,,,,,,,,,
Data Section,,,,,,,,,,,,,,,,,,,,,,,,,,,,,,,,,,,,,,,,,,,,
Device#,1,2,3,4,5,6,7,8,9,10,11,12,13,14,15,16,17,18,19,20,21,22,23,24,25,26,27,28,29,30,31,32,33,34,35,36,37,38,39,40,41,42,43,44
Test Item,Site No,Device ID,GSM915 Idle Current,GSM915 Max Pout @ 0dBm Drive,GSM915 Max Pout,GSM915 Max Icc,GSM915 Max PAE,GSM915 Rated Pout,GSM915 Rated Vramp,GSM915 Rated Icc,GSM915 Rated PAE,GSM915 2nd har@33dBm,GSM915 3rd har@33dBm,GSM915 Fwd Isolation 1,GSM915 Fwd Isolation 2,GSM915 Pout Leakage@RX0,GSM915 Pout Leakage@RX1,GSM915 CMOS Pout,GSM915 Pout Slope,GSM915 Stress Delta,DCS1785 Idle Current,DCS1785 Max Pout @ 0dBm Drive,DCS1785 Max Pout,DCS1785 Max Icc,DCS1785 Max PAE,DCS1785 Rated Pout,DCS1785 Rated Vramp,DCS1785 Rated Icc,DCS1785 Rated PAE,DCS1785 2nd har@33dBm,DCS1785 3rd har@33dBm,DCS1785 Fwd Isolation 1,DCS1785 Fwd Isolation 2,DCS1785 Pout Leakage@RX0,DCS1785 Pout Leakage@RX1,DCS1785 CMOS Pout,DCS1785 Pout Slope,DCS1785 Stress Delta,Insertion Loss Rx0 960MHz,Insertion Loss Rx1 1805MHz,Leakage Current,Leakage Current Delay Time,Test Time,Index Time
Low Tolerance,,,60,0.3,0.3,60,,,,60,,2,2,3,2,3,3,1,,,60,0.3,0.3,60,,,,60,,3,3,3,2,3,3,1,,,0.3,0.3,5,,,
High Tolerance,,,60,0.3,0.3,60,,,,60,,2,2,3,2,3,3,1,,,60,0.3,0.3,60,,,,60,,3,3,3,2,3,3,1,,,0.3,0.3,10,,,
Enable,,,1,1,1,1,0,0,0,1,0,1,1,1,1,1,1,1,0,0,1,1,1,1,0,0,0,1,0,1,1,1,1,1,1,1,0,0,1,1,1,0,0,0
1,1,1,876.38,33.581,33.693,1596.971,41.559,33.034,1.542,1419.418,39.401,-36.798,-36.656,-55.273,-26.334,3.513,-5.975,10.415,136.014,0.012,1018.985,31.633,31.747,1235.723,35.46,30.047,1.463,957.464,30.936,-38.317,-35.45,-66.106,-22.912,2.183,-4.057,5.186,163.476,-0.024,-1.327,-1.429,-0.007,35,335.337,14387.333
2,1,2,863.731,33.595,33.729,1616.943,41.404,33.035,1.55,1426.305,39.224,-36.191,-35.18,-54.902,-27.8,3.436,-5.959,10.595,134.53,0.012,1012.781,31.579,31.68,1218.335,35.427,30.005,1.456,936.868,31.33,-40.537,-34.646,-66.605,-24.895,2.103,-4.117,5.098,165.967,-0.028,-1.32,-1.427,-0.007,535,826.098,15941
3,1,3,873.533,33.562,33.698,1600.531,41.524,33.033,1.552,1426.433,39.207,-36.995,-36.568,-54.985,-24.494,3.252,-6.019,10.061,137.879,0.014,1017.663,31.648,31.762,1237.721,35.518,30.033,1.466,958.801,30.797,-38.947,-35.315,-65.324,-21.286,2.178,-4.098,4.674,167.741,-0.022,-1.343,-1.447,-0.005,35,339.259,16699
4,1,4,867.592,33.559,33.655,1589.573,41.39,33.033,1.553,1417.3,39.448,-38.415,-35.64,-55.385,-23.326,3.362,-5.919,10.258,137.137,0.01,1009.957,31.705,31.815,1239.599,35.902,30.022,1.456,958.079,30.74,-38.496,-35.111,-65.731,-21.012,2.174,-3.985,4.77,168.725,-0.024,-1.351,-1.463,-0.007,35,325.864,28194.333
5,1,5,877.228,33.679,33.814,1652.282,41.325,33.023,1.551,1452.451,38.427,-41.616,-37.913,-55.313,-25.918,3.315,-5.924,10.261,134.92,0.01,1016.333,31.597,31.715,1195.9,36.396,30.015,1.451,927.059,31.742,-38.066,-34.407,-65.777,-22.883,2.152,-4.016,5.478,158.529,-0.018,-1.343,-1.451,-0.006,35,344.791,15051.333
6,1,6,873.443,33.635,33.774,1636.509,41.337,33.032,1.554,1450.445,38.562,-39.699,-37.351,-54.842,-24.992,3.31,-5.99,10.106,136.681,0.01,1010.963,31.56,31.689,1200.684,36.026,30.02,1.46,932.948,31.577,-36.607,-34.494,-65.085,-21.755,2.127,-4.047,4.745,166.776,-0.023,-1.333,-1.444,-0.007,35,340.495,13577.333
7,1,7,870.551,33.62,33.773,1634.586,41.375,33.014,1.561,1441.95,38.622,-39.037,-36.265,-54.917,-22.455,3.292,-5.998,9.18,147.387,0.012,1022.35,31.704,31.824,1238.089,36.021,30.005,1.464,951.77,30.829,-36.956,-34.608,-65.547,-20.218,2.083,-4.115,4.259,174.851,-0.024,-1.349,-1.46,-0.004,35,332.923,10665.667
8,1,8,877.071,33.587,33.722,1602.146,41.715,33.021,1.55,1423.819,39.161,-37.742,-37.341,-54.771,-24.814,3.202,-6,9.955,138.562,0.011,1012.683,31.533,31.668,1206.31,35.688,30.039,1.472,939.85,31.477,-38.271,-35.354,-65.492,-22.001,2.169,-4.11,4.467,167.948,-0.025,-1.361,-1.469,-0.008,35,316.903,14744
9,1,9,876.785,33.653,33.774,1631.064,41.479,33.026,1.552,1441.162,38.75,-40.053,-38.592,-55.163,-25.079,3.442,-5.948,10.113,137.044,0.013,1012.856,31.597,31.726,1203.05,36.263,30.026,1.462,934.412,31.568,-39.019,-34.942,-65.519,-22.26,2.126,-4.123,4.727,166.781,-0.018,-1.36,-1.455,-0.007,35,333.802,17904
10,1,10,864.588,33.588,33.745,1616.199,41.575,33.023,1.557,1436.558,38.842,-39.581,-37.741,-55.063,-25.594,3.252,-5.914,9.865,139.626,0.01,1016.296,31.599,31.725,1208.03,36.106,30.031,1.462,937.214,31.508,-38.615,-34.7,-65.017,-22.12,2.167,-4.096,4.809,164.389,-0.023,-1.355,-1.468,-0.005,35,326.34,11530.333
11,1,11,858.173,33.544,33.697,1593.599,41.689,33.025,1.561,1417.217,39.376,-39.251,-36.146,-55.387,-26.438,3.563,-5.913,10.006,139.971,0.012,1001.649,31.733,31.82,1252.615,35.559,30.037,1.467,969.992,30.455,-38.197,-35.345,-65.783,-23.687,2.125,-4.047,4.803,163.676,-0.021,-1.363,-1.469,-0.005,35,312.434,13669.333
12,1,12,875.794,33.582,33.764,1647.062,40.985,33.035,1.576,1462.17,38.282,-39.123,-36.475,-54.924,-24.209,3.403,-6.044,9.561,142.697,0.003,1018.264,31.688,31.781,1241.394,35.565,30.011,1.461,959.687,30.61,-38.723,-35.278,-65.494,-21.972,2.1,-4.173,4.37,172.896,-0.022,-1.36,-1.467,-0.006,35,312.166,12007
13,1,13,861.238,33.598,33.735,1591.09,42.12,33.03,1.549,1411.854,39.568,-39.217,-37.762,-55.167,-26.697,3.351,-5.834,10.086,136.657,0.01,1017.002,31.622,31.751,1216.315,36.072,30.003,1.46,940.714,31.191,-38.666,-34.723,-65.328,-23.518,2.154,-4.062,5.115,160.22,-0.02,-1.343,-1.448,-0.004,35,313.236,12684.667
14,1,14,853.899,33.618,33.739,1629.006,41.196,33.024,1.549,1442.491,38.7,-39.212,-36.348,-54.774,-24.164,3.312,-5.968,9.926,139.27,0.007,1014.185,31.702,31.812,1252.037,35.515,30.044,1.469,966.965,30.61,-37.263,-35.151,-65.465,-21.53,2.171,-4.087,4.445,170.197,-0.022,-1.359,-1.465,-0.006,35,316.55,10669.667
15,1,15,861.26,33.641,33.783,1638.401,41.381,33.025,1.558,1450.318,38.5,-40.984,-37.754,-55.079,-27.693,3.434,-6.006,10.136,134.773,0.007,1007.748,31.651,31.784,1226.59,36.033,30.013,1.459,947.451,31.026,-38.141,-34.751,-65.412,-24.594,2.105,-4.142,4.47,166.177,-0.02,-1.369,-1.463,-0.005,35,318.541,10295.333
16,1,16,875.155,33.547,33.672,1592.3,41.488,33.022,1.546,1412.905,39.465,-36.539,-35.234,-55.155,-26.027,3.437,-5.93,10.469,133.955,0.01,1020.99,31.708,31.82,1247.771,35.705,30.029,1.462,959.514,30.74,-37.47,-35.038,-65.898,-23.317,2.156,-4.099,5.216,161.977,-0.027,-1.354,-1.462,-0.005,35,316.977,13661.667
17,1,17,881.194,33.595,33.753,1639.521,41.065,33.038,1.546,1449.619,38.642,-38.035,-35.174,-55.024,-24.337,3.39,-5.884,10.222,135.665,0.015,1034.713,31.696,31.801,1238.599,35.816,30.042,1.46,952.356,31.072,-38.07,-34.775,-66.046,-21.566,2.152,-4.056,4.985,166.451,-0.023,-1.358,-1.471,-0.006,35,308.44,11457
18,1,18,871.242,33.6,33.733,1625.994,41.213,33.015,1.561,1442.176,38.62,-40.435,-36.841,-55.465,-24.464,3.351,-5.943,9.558,142.627,0.009,1006.411,31.664,31.771,1234.589,35.685,30.019,1.464,958.778,30.692,-38.33,-34.854,-65.361,-21.9,2.151,-4.078,4.333,168.859,-0.025,-1.341,-1.447,-0.007,35,330.858,12880
19,1,19,865.211,33.502,33.66,1572.268,41.892,33.022,1.562,1405.064,39.679,-38.031,-36.369,-55.02,-27.708,3.352,-5.934,10.296,136.246,0.007,1010.37,31.662,31.768,1217.328,36.184,30.019,1.454,942.148,31.254,-38.202,-34.662,-65.445,-24.38,2.155,-4.087,4.773,164.22,-0.02,-1.349,-1.456,-0.005,35,325.962,11577.333
20,1,20,879.572,33.551,33.7,1593.847,41.709,33.027,1.554,1414.13,39.484,-36.514,-35.934,-54.932,-26.368,3.407,-5.976,9.747,143.607,0.009,1020.833,31.744,31.849,1261.598,35.541,30.027,1.469,967.221,30.477,-37.639,-34.831,-65.72,-23.648,2.141,-4.09,3.954,171.932,-0.022,-1.358,-1.462,-0.008,35,316.655,13130.333
21,1,21,862.094,33.466,33.629,1576.293,41.488,33.033,1.576,1421.025,39.343,-38.624,-36.227,-55.192,-27.204,3.209,-5.835,9.83,141.144,0.001,994.093,31.506,31.63,1197.943,35.629,30.023,1.462,940.571,31.335,-38.44,-34.804,-65.889,-24.279,2.163,-4.017,4.861,164.132,-0.021,-1.353,-1.457,-0.006,35,325.346,10444
22,1,22,874.885,33.534,33.697,1592.945,41.707,33.02,1.556,1417.547,39.327,-36.297,-35.959,-54.752,-25.952,3.246,-5.914,10.314,134.932,0.005,1020.945,31.775,31.867,1269.597,35.456,30.009,1.458,977.533,30.025,-38.485,-35.24,-65.43,-23.076,2.175,-4.084,4.886,163.737,-0.026,-1.347,-1.458,-0.006,35,315.718,10544.333
23,1,23,880.999,33.567,33.721,1597.992,41.803,33.025,1.552,1416.841,39.39,-36.843,-35.632,-54.582,-25.763,3.426,-6.003,9.824,144.224,0.007,1029.064,31.777,31.872,1256.596,35.876,30.027,1.453,960.573,30.691,-37.661,-34.829,-65.558,-22.602,2.132,-4.11,4.982,164.226,-0.022,-1.355,-1.46,-0.006,35,314.085,11228.333
24,1,24,866.435,33.524,33.674,1583.091,41.737,33.038,1.554,1417.39,39.493,-38.899,-37.153,-55.087,-25.057,3.508,-5.877,9.863,139.973,0.008,1000.14,31.655,31.765,1233.837,35.658,30.011,1.46,955.623,30.745,-37.535,-34.871,-65.196,-21.954,2.176,-3.999,4.467,168.442,-0.022,-1.356,-1.461,-0.005,35,316.16,11687.667
25,1,25,873.052,33.535,33.667,1567.761,42.072,33.04,1.545,1399.476,40.005,-35.83,-36.482,-54.99,-25.521,3.39,-5.94,10.432,135.886,0.013,1022.297,31.692,31.811,1251.143,35.533,30.024,1.464,963.938,30.562,-38.294,-35.32,-65.31,-22.401,2.17,-4.107,4.802,165.127,-0.02,-1.342,-1.45,-0.004,35,311.759,25190.333
26,1,26,854.951,33.566,33.718,1616.485,41.308,33.023,1.563,1439.622,38.761,-39.561,-36.052,-55.017,-24.992,3.206,-5.936,9.896,139.999,0.005,1002.025,31.736,31.833,1252.074,35.682,30.011,1.456,964.734,30.447,-36.969,-35.059,-65.304,-22.008,2.111,-4.124,4.92,164.482,-0.025,-1.362,-1.474,-0.006,35,334.004,15128
27,1,27,865.151,33.568,33.705,1615.658,41.202,33.018,1.561,1439.066,38.732,-36.961,-36.187,-54.574,-22.504,3.304,-5.945,9.612,143.635,0.01,1013.397,31.662,31.77,1234.168,35.688,30.037,1.47,957.313,30.868,-38.266,-34.848,-65.727,-20.306,2.09,-4.024,4.61,173.36,-0.019,-1.343,-1.46,-0.007,35,309.097,11544.333
28,1,28,848.071,33.609,33.764,1657.389,40.729,33.042,1.573,1476.05,38.003,-41.067,-36.243,-55.024,-25.236,3.477,-5.928,9.797,139.749,0.006,1003.82,31.702,31.803,1232.951,36,30.014,1.458,950.831,30.919,-38.315,-34.93,-65.828,-22.447,2.143,-4.121,4.589,168.32,-0.024,-1.357,-1.46,-0.006,35,312.465,10800
29,1,29,850.039,33.493,33.667,1617.018,40.816,33.033,1.577,1455.207,38.444,-36.731,-34.624,-54.451,-21.404,3.281,-5.923,9.906,141.812,0,999.591,31.668,31.767,1244.015,35.378,30.014,1.462,968.114,30.359,-37.399,-35.064,-66.064,-19.356,2.115,-4.045,4.648,176.414,-0.028,-1.351,-1.469,-0.004,35,335.206,11035
30,1,30,869.988,33.614,33.767,1595.627,42.308,33.037,1.545,1406.318,39.785,-40.043,-36.665,-55.87,-25.619,3.459,-5.897,10.166,139.453,0.006,1018.692,31.717,31.839,1237.653,36.162,30.011,1.453,951.199,30.89,-37.376,-34.836,-65.567,-22.275,2.156,-4.06,5.048,164.037,-0.024,-1.355,-1.457,-0.005,35,328.709,11830.333
31,1,31,824.331,33.468,33.624,1601.962,39.528,32.985,1.599,1463.226,37.997,-42.477,-39.151,-55.22,-24.377,1.181,-4.372,10.309,140.706,0.007,979.615,31.373,31.487,1197.905,33.695,30.013,1.497,937.828,30.448,-42.807,-36.283,-68.438,-20.258,0.4,-1.584,5.262,166.231,-0.018,-1.208,-1.389,-0.007,35,322.1773333,163926
32,1,32,828.702,33.491,33.658,1606.251,39.738,32.979,1.601,1459.815,38.034,-42.125,-38.101,-55.061,-28.736,0.816,-4.525,11.241,124.4,-0.001,979.027,31.458,31.567,1193.378,34.457,30.021,1.487,926.57,30.876,-40.957,-42.687,-67.718,-24.199,0.331,-1.72,6.035,154.479,-0.013,-1.19,-1.36,-0.007,35,326.0846667,10651.33333
33,1,33,862.239,33.487,33.626,1575.35,40.218,33.028,1.589,1439.451,38.994,-38.903,-38.229,-55.531,-25.764,0.823,-4.122,11.434,126.314,0.004,1011.424,31.466,31.565,1208.516,33.995,30.032,1.483,935.662,30.649,-41.016,-38.741,-69.668,-21.57,0.403,-1.439,6.171,154.252,-0.018,-1.184,-1.362,-0.009,35,314.5856667,9856.666667
34,1,34,841.74,33.574,33.739,1640.644,39.626,33.016,1.592,1482.593,37.783,-41.741,-39.193,-55.763,-28.408,0.935,-4.143,10.94,130.675,0.005,992.482,31.447,31.559,1197.98,34.257,30.036,1.483,930.717,30.844,-41.686,-38.731,-69.013,-24.329,0.405,-1.407,5.653,159.293,-0.02,-1.2,-1.377,-0.009,35,339.3046667,10623.66667
35,1,35,819.491,33.273,33.402,1499.052,40.161,32.971,1.619,1402.705,39.47,-39.31,-38.471,-55.192,-28.35,1.013,-4.081,11.02,130.061,0.002,983.837,31.37,31.499,1182.581,34.233,30.045,1.498,930.665,30.909,-40.521,-35.281,-69.375,-23.175,0.427,-1.302,5.836,155.262,-0.013,-1.17,-1.355,-0.006,535,809.7506667,15435.66667
36,1,36,848.144,33.558,33.712,1620.987,39.864,33.01,1.593,1466.576,38.135,-41.738,-40.541,-55.888,-25.45,1.222,-4.154,10.875,132.359,0.011,1010.077,31.305,31.413,1191.345,33.309,30.025,1.495,937.501,30.545,-40.73,-36.318,-69.633,-21.202,0.418,-1.479,5.676,160.048,-0.018,-1.192,-1.359,-0.009,35,331.7936667,9545.333333
37,1,37,810.884,33.289,33.432,1530.839,39.596,32.971,1.622,1428.289,38.78,-39.541,-37.713,-55.025,-26.507,1.259,-4.348,10.878,131.963,0.003,961.819,31.319,31.413,1188.516,33.391,30.018,1.501,939.943,30.418,-41.74,-36.671,-69.11,-22.468,0.367,-1.591,5.337,164.97,-0.021,-1.189,-1.363,-0.007,35,333.529,12214.33333
38,1,38,802.47,33.354,33.534,1574.241,39.404,32.991,1.595,1457.187,38.206,-41.207,-38.921,-55.377,-28.757,1.147,-4.361,11.357,121.653,0.02,954.515,31.391,31.515,1205.88,33.684,30.014,1.489,943.845,30.263,-41.108,-34.812,-68.167,-24.88,0.41,-1.636,6.099,151.385,-0.021,-1.206,-1.371,-0.007,35,321.8833333,10289
39,1,39,856.014,33.626,33.772,1648.835,39.736,33.032,1.588,1486.159,37.832,-43.442,-40.158,-55.621,-29.27,1.232,-4.204,11.258,126.005,0.005,1008.282,31.439,31.575,1209.692,34.043,30.011,1.481,935.126,30.521,-40.918,-38.703,-69.074,-24.74,0.387,-1.549,5.864,157.445,-0.02,-1.195,-1.354,-0.008,35,350.416,8719.333333
40,1,40,819.975,33.511,33.687,1614.866,39.785,32.978,1.603,1462.563,37.956,-42.937,-39.184,-54.898,-25.091,0.95,-4.409,10.863,129.939,-0.003,977.359,31.456,31.559,1208.739,33.942,30.019,1.496,941.894,30.362,-40.898,-39.681,-68.651,-20.617,0.367,-1.668,5.866,158.156,-0.018,-1.196,-1.366,-0.006,35,325.2406667,9051.666667
41,1,41,827.183,33.484,33.652,1587.785,40.143,32.988,1.599,1443.04,38.546,-40.795,-37.98,-55.361,-25.343,0.832,-4.476,10.985,131.808,0.003,988.334,31.275,31.373,1173.02,33.527,30.013,1.503,924.895,30.877,-46.426,-39.341,-68.124,-20.965,0.329,-1.651,6.042,156.987,-0.018,-1.195,-1.367,-0.006,35,349.3843333,9242.333333
42,1,42,802.805,33.454,33.634,1598.105,39.714,33.011,1.591,1463.933,38.208,-41.514,-37.064,-55.231,-27.225,0.977,-4.412,11.305,125.391,0.006,955.832,31.324,31.433,1192.901,33.421,30.011,1.487,937.694,30.442,-42.546,-39.029,-68.85,-23.527,0.328,-1.644,6.066,154.584,-0.011,-1.198,-1.363,-0.008,35,324.9323333,9893.333333
43,1,43,846.506,33.56,33.693,1627.346,39.535,33.026,1.59,1477.767,37.989,-42.862,-38.643,-55.784,-27.861,0.574,-4.535,11.145,126.358,0.009,1006.272,31.205,31.301,1193.058,32.416,30.016,1.503,945.572,30.221,-49.14,-42.77,-67.727,-23.553,0.417,-1.721,5.989,153.404,-0.018,-1.193,-1.36,-0.008,35,324.711,8390.333333
44,1,44,809.64,33.573,33.768,1653.779,39.57,33,1.597,1489.123,37.476,-43.441,-39.749,-55.787,-24.941,1.017,-4.197,10.807,130.72,-0.002,961.335,31.342,31.467,1193.907,33.649,30.016,1.496,936.451,30.51,-44.33,-38.93,-69.574,-20.789,0.399,-1.46,6.233,153.34,-0.019,-1.187,-1.357,-0.006,35,310.2253333,9447.666667
45,1,45,829.506,33.476,33.643,1633.012,38.942,32.989,1.596,1491.937,37.319,-42.929,-38.852,-55.41,-25.516,0.841,-4.455,11.031,128.985,0.008,981.387,31.254,31.372,1161.546,33.858,30.021,1.486,922.237,31.02,-45.192,-45.057,-67.983,-21.324,0.425,-1.558,6.354,151.857,-0.016,-1.192,-1.36,-0.009,35,335.7356667,9558.666667
46,1,46,836.506,33.544,33.666,1591.702,40.172,33.025,1.589,1450.269,38.683,-42.803,-39.994,-55.969,-26.576,0.908,-4.383,11.109,131.949,0.01,992.154,31.409,31.514,1185.455,34.263,30.046,1.488,928.752,30.981,-41.399,-42.22,-67.984,-22.41,0.415,-1.607,5.777,161.121,-0.014,-1.204,-1.363,-0.007,35,308.721,8573.333333
47,1,47,845.15,33.454,33.577,1585.604,39.514,33.009,1.593,1456.964,38.365,-39.896,-38.71,-54.901,-26.4,0.996,-4.33,11.426,125.653,0.008,1000.315,31.33,31.432,1190.757,33.476,30.023,1.488,936.287,30.568,-42.593,-35.844,-68.224,-22.55,0.51,-1.601,6.275,153.43,-0.014,-1.193,-1.371,-0.009,35,338.7316667,9138
48,1,48,827.92,33.591,33.763,1679.378,38.918,32.996,1.598,1514.692,36.823,-40.2,-41.064,-56.371,-25.932,0.998,-4.45,11.032,127.458,0.001,984.217,31.205,31.301,1150.437,33.637,30.032,1.491,913.376,31.397,-47.209,-37.76,-68.136,-21.767,0.381,-1.658,6.267,154.707,-0.01,-1.222,-1.374,-0.009,35,338.536,11559.33333
49,1,49,821.517,33.456,33.582,1582.558,39.632,32.979,1.6,1449.644,38.29,-40.07,-37.515,-55.85,-26.514,0.811,-4.54,10.929,132.51,0.009,975.602,31.191,31.316,1146.513,33.873,30.031,1.498,914.143,31.364,-45.668,-52.104,-68.346,-21.924,0.247,-1.645,5.711,159.676,-0.014,-1.215,-1.375,-0.008,35,311.838,10319.33333
50,1,50,833.319,33.593,33.745,1653.347,39.371,33.017,1.594,1492.965,37.527,-41.812,-38.666,-55.712,-26.254,0.737,-4.267,10.802,132.117,0.002,1000.962,31.219,31.298,1199.469,32.213,30.018,1.515,949.459,30.113,-49.209,-42.409,-69.358,-22.459,0.381,-1.396,5.846,156.492,-0.024,-1.209,-1.374,-0.007,35,356.3556667,10255.33333
51,1,51,822.001,33.588,33.766,1635.276,40.011,33.022,1.591,1474.26,38.044,-42.186,-40.582,-56.144,-27.807,0.983,-4.255,11.17,125.107,0.001,976.346,31.47,31.591,1194.457,34.61,30.013,1.484,924.545,30.88,-44.451,-43.825,-68.687,-23.398,0.381,-1.612,6.237,152.221,-0.021,-1.2,-1.366,-0.009,35,351.9343333,14884
52,1,52,799.41,33.49,33.666,1597.517,40.025,32.959,1.606,1446.264,38.205,-43.15,-39.367,-56.072,-25.024,1.047,-4.44,10.76,132.569,0.001,942.437,31.353,31.498,1171.383,34.559,30.027,1.489,921.276,31.095,-42.921,-56.691,-68.481,-21.244,0.362,-1.588,5.759,158.345,-0.017,-1.214,-1.372,-0.009,35,323.7223333,11861
53,1,53,802.835,33.493,33.662,1588.939,40.204,33.006,1.597,1446.308,38.621,-40.796,-37.692,-55.803,-26.75,0.924,-4.264,10.728,132.742,0.003,960.963,31.365,31.485,1181.323,34.161,30.036,1.502,925.535,31.017,-46.13,-52.187,-69.414,-22.52,0.258,-1.427,5.621,159.921,-0.019,-1.211,-1.373,-0.007,35,358.8116667,10053.33333
54,1,54,813.125,33.41,33.581,1559.252,40.217,32.966,1.611,1425.199,38.815,-42.518,-38.653,-55.206,-26.023,1.289,-4.322,10.949,131.191,-0.002,963.733,31.468,31.588,1200.965,34.401,30.01,1.491,935.9,30.489,-41.34,-36.728,-68.335,-21.301,0.392,-1.566,5.904,157.354,-0.018,-1.212,-1.387,-0.006,35,312.3166667,9413
55,1,55,841.673,33.37,33.508,1526.81,40.4,32.972,1.599,1405.117,39.414,-39.616,-36.896,-55.214,-26.316,1.045,-4.486,11.049,132.244,0.002,1001.327,31.448,31.585,1197.22,34.48,30.048,1.487,932.37,30.873,-44.93,-51.875,-68.387,-21.299,0.359,-1.517,5.626,163.192,-0.014,-1.198,-1.366,-0.009,35,313.445,9588.333333
56,1,56,841.062,33.645,33.772,1637.48,40.002,33.035,1.568,1472.809,38.195,-40.787,-38.434,-56.129,-27.387,0.775,-4.272,11.47,126.381,0.008,1003.755,31.39,31.507,1181.048,34.344,30.034,1.476,921.671,31.133,-45.667,-48.228,-69.039,-22.944,0.364,-1.379,6.209,154.367,-0.014,-1.208,-1.372,-0.01,35,321.4163333,9205.666667
57,1,57,825.627,33.579,33.717,1627.86,39.738,33.001,1.597,1470.768,37.945,-42.918,-39.889,-55.859,-30.006,0.911,-4.44,11.469,123.822,-0.001,976.845,31.323,31.442,1176.051,33.981,30.022,1.489,921.462,31.053,-40.972,-42.265,-68.365,-26.225,0.308,-1.706,6.146,156.582,-0.02,-1.205,-1.364,-0.009,35,314.4776667,8969
58,1,58,836.952,33.609,33.748,1631.59,39.934,33.042,1.586,1476.301,38.168,-43.132,-39.221,-56.106,-27.837,1.018,-4.385,11.192,129.421,0.006,995.088,31.305,31.428,1167.861,34.109,30.022,1.481,917.538,31.185,-45.308,-41.704,-68.324,-23.133,0.32,-1.586,6.246,153.865,-0.016,-1.212,-1.372,-0.01,35,319.0416667,10311.66667
59,1,59,812.306,33.438,33.606,1582.968,39.846,33.005,1.595,1451.327,38.482,-42.243,-37.583,-55.534,-28.596,0.836,-4.569,11.258,126.371,0.006,961.425,31.426,31.579,1201.836,34.296,30.035,1.487,938.417,30.584,-42.222,-54.344,-67.775,-23.657,0.339,-1.702,5.851,156.876,-0.014,-1.206,-1.367,-0.009,35,311.2406667,8825
60,1,60,821.301,33.534,33.704,1643.317,39.241,32.967,1.608,1483.069,37.348,-41.212,-36.915,-55.178,-27.244,0.739,-4.269,10.71,133.783,-0.008,976.733,31.411,31.494,1201.792,33.635,30.021,1.497,936.406,30.546,-46.066,-56.447,-70.175,-22.979,0.275,-1.398,5.527,164.34,-0.02,-1.194,-1.368,-0.008,35,325.042,9747
61,1,61,838.717,33.505,33.643,1612.707,39.436,32.995,1.597,1468.132,37.961,-39.84,-38.082,-55.085,-28.621,0.941,-4.303,11.254,125.868,0.004,995.162,31.459,31.558,1203.125,34.093,30.018,1.481,932.482,30.655,-41.972,-37.3,-68.6,-24.596,0.293,-1.644,6.005,155.516,-0.019,-1.179,-1.358,-0.009,35,320.3946667,10278.66667
62,1,62,848.687,33.561,33.711,1625.64,39.74,33.003,1.597,1470.054,37.978,-42.155,-38.73,-55.322,-27.216,1.192,-4.322,11.344,123.361,0.001,1004.544,31.39,31.5,1195.798,33.858,30.029,1.484,938.253,30.548,-42.782,-38.793,-68.315,-22.738,0.384,-1.651,6.649,146.942,-0.01,-1.205,-1.376,-0.009,35,308.1523333,8660
63,1,63,837.272,33.249,33.375,1482.656,40.354,32.96,1.625,1386.808,39.817,-36.67,-37.19,-55.419,-27.933,0.933,-4.576,11.552,124.506,0.006,998.64,31.401,31.529,1181.353,34.509,30.023,1.494,920.74,31.085,-41.263,-38.976,-67.601,-23.158,0.348,-1.748,5.804,157.98,-0.012,-1.192,-1.369,-0.006,35,311.6036667,11377.33333
64,1,64,792.738,33.46,33.695,1663.243,38.693,32.971,1.604,1510.396,36.716,-41.924,-41.321,-55.872,-27.301,1.063,-4.281,11.056,123.184,0.003,944.857,31.156,31.278,1160.728,33.162,30.03,1.511,931.924,30.76,-44.652,-37.868,-68.937,-22.69,0.427,-1.567,6.262,149.071,-0.016,-1.199,-1.358,-0.008,35,319.95,9497.333333
65,1,65,817.384,33.523,33.699,1658.209,38.847,32.974,1.606,1501.684,36.949,-43.016,-39.419,-55.348,-26.818,0.755,-4.381,10.594,133.788,0.002,987.485,31.251,31.331,1181.018,32.977,30.029,1.511,934.88,30.656,-48.577,-43.972,-68.664,-22.741,0.414,-1.485,5.493,163.701,-0.017,-1.194,-1.363,-0.007,35,314.4436667,9224.333333
66,1,66,820.177,33.571,33.711,1646.519,39.23,33,1.596,1491.088,37.43,-41.943,-39.833,-55.707,-25.529,0.986,-4.14,10.686,133.417,0.003,982.437,31.167,31.273,1162.894,33.055,30.034,1.507,928.387,30.906,-47.712,-32.721,-69.899,-21.397,0.378,-1.425,5.531,164.573,-0.016,-1.208,-1.377,-0.007,35,311.3256667,11374.33333
67,1,67,834.294,33.345,33.484,1516.371,40.453,32.985,1.597,1406.04,39.511,-38.618,-38.618,-55.07,-28.69,0.922,-4.22,11.51,123.767,0.01,992.467,31.214,31.327,1165.039,33.411,30.018,1.493,923.368,30.963,-44.983,-35.249,-68.578,-23.706,0.398,-1.475,6.092,155.296,-0.018,-1.173,-1.361,-0.008,35,317.5606667,8598.333333
68,1,68,849.231,33.499,33.634,1557.659,40.756,33.035,1.587,1423.099,39.494,-40.668,-38.196,-55.444,-26.352,0.971,-4.39,11.359,129.451,0.008,999.935,31.282,31.379,1171.397,33.624,30.022,1.49,919.102,31.133,-46.471,-40.489,-68.458,-21.804,0.332,-1.66,6.03,159.112,-0.018,-1.196,-1.365,-0.01,35,318.8366667,8812
69,1,69,803.282,33.469,33.673,1623.675,39.437,32.977,1.602,1474.365,37.642,-41.489,-39.732,-55.96,-25.265,0.992,-4.346,10.49,133.599,0.003,951.045,31.232,31.36,1164.309,33.687,30.013,1.5,921.254,30.997,-44.276,-51.646,-68.653,-21.313,0.329,-1.63,5.474,162.01,-0.013,-1.201,-1.361,-0.007,35,323.41,9277.333333
70,1,70,813.78,33.603,33.799,1668.716,39.499,33.015,1.595,1501.625,37.303,-41.545,-39.436,-55.796,-30.118,1.044,-4.233,11.462,119.535,-0.004,958.885,31.33,31.455,1169.261,34.28,30.018,1.49,917.151,31.171,-44.708,-46.293,-68.523,-26.268,0.321,-1.478,6.734,144.514,-0.018,-1.205,-1.363,-0.009,35,312.6796667,8574.666667
101,1,101,856.279,33.755,33.952,1631.656,39.504,32.984,1.594,1480.268,37.779,-43.15,-36.513,-55.609,-29.617,0.138,-4.335,10.599,130.055,-0.046,1019.729,31.615,31.725,1208.399,33.611,30.009,1.488,952.246,30.341,-44.015,-37.219,-62.757,-24.899,0.2,-1.718,4.906,157.711,-0.033,-1.609,-1.518,0.075,5,377.971,139582
104,1,104,852.746,33.796,33.946,1624.235,39.63,32.986,1.592,1474.857,37.93,-42.161,-36.023,-55.695,-29.764,0.529,-4.21,10.488,130.711,-0.039,1016.384,31.677,31.774,1221.616,33.617,30.025,1.491,956.183,30.331,-41.963,-37.169,-64.057,-25.285,0.229,-1.72,4.365,160.689,-0.028,-1.571,-1.529,0.074,5,369.4983333,1559.666667
106,1,106,853.69,33.734,33.883,1602.19,39.598,32.974,1.599,1462.462,38.139,-42.369,-36.539,-55.907,-32.395,0.4,-4.32,10.566,133.466,-0.028,1013.85,31.605,31.71,1211.456,33.413,29.99,1.486,951.28,30.245,-42.123,-36.556,-59.612,-27.36,0.276,-1.762,4.842,160.085,-0.029,-1.545,-1.528,0.075,5,364.801,723.1333333
108,1,108,856.889,33.733,33.946,1627.985,39.54,32.987,1.588,1482.592,37.743,-42.224,-35.878,-55.542,-27.97,0.363,-4.22,10.706,128.463,-0.048,1023.355,31.753,31.853,1236.768,33.804,30.029,1.477,963.888,30.115,-41.358,-35.139,-62.165,-23.257,0.277,-1.712,5.2,156.909,-0.032,-1.554,-1.529,0.075,5,375.8866667,1503.333333
109,1,109,858.887,33.796,33.968,1647.613,39.269,33.01,1.598,1496.722,37.595,-42.58,-36.332,-55.529,-27.666,0.293,-4.32,10.143,133.912,-0.052,1018.191,31.715,31.81,1221.848,33.896,30.009,1.481,951.786,30.358,-43.872,-35.668,-63.571,-23.164,0.19,-1.757,4.582,162.978,-0.036,-1.557,-1.526,0.075,5,374.7633333,1424
110,1,110,865.324,33.793,33.922,1596.775,40.093,33.016,1.573,1461.744,38.533,-42.205,-36.148,-55.745,-26.961,0.32,-4.202,10.809,129.916,-0.037,1036.857,31.71,31.812,1232.487,33.608,30.006,1.476,956.137,30.196,-41.105,-36.049,-65.468,-22.527,0.227,-1.709,4.984,160.713,-0.036,-1.574,-1.536,0.075,5,379.0033333,1722
111,1,111,864.834,33.726,33.94,1604.585,40.065,32.992,1.589,1457.808,38.419,-42.42,-36.369,-55.897,-31.238,0.331,-4.256,10.577,134.967,-0.059,1020.376,31.619,31.721,1215.221,33.391,30.011,1.482,949.854,30.435,-44.104,-36.77,-62.226,-26.482,0.186,-1.696,4.555,160.213,-0.036,-1.566,-1.526,0.075,5,363.8623333,1415.666667
112,1,112,863.026,33.715,33.836,1582.518,39.666,33.002,1.616,1460.655,38.435,-41.878,-35.944,-55.437,-26.508,0.502,-4.247,10.274,136.312,-0.035,1022.58,31.653,31.755,1207.093,33.887,30.005,1.482,944.882,30.554,-43.288,-35.29,-65.816,-22.037,0.165,-1.742,4.952,162.709,-0.029,-1.579,-1.538,0.075,5,379.166,1685.333333
113,1,113,862.955,33.738,33.921,1614.378,39.647,32.983,1.594,1466.242,38.123,-42.258,-36.177,-55.707,-26.798,0.262,-4.354,10.406,133.02,-0.045,1023.243,31.61,31.707,1201.989,33.661,30.007,1.487,942.359,30.649,-47.413,-36.83,-63.729,-22.168,0.159,-1.814,4.544,163.533,-0.03,-1.569,-1.534,0.075,5,386.9553333,1400.666667
114,1,114,868.553,33.769,33.931,1630.316,39.343,33.024,1.608,1492.606,37.818,-42.029,-35.206,-55.555,-29.736,0.46,-4.24,10.667,130.965,-0.05,1021.462,31.673,31.769,1223.072,33.54,30.005,1.479,953.709,30.268,-43.689,-35.761,-65.207,-24.736,0.172,-1.757,5.084,158.147,-0.03,-1.568,-1.539,0.074,5,378.8406667,1470.333333
115,1,115,859.957,33.713,33.829,1578.577,39.698,32.961,1.589,1452.643,38.278,-40.648,-36.166,-55.125,-29.214,0.363,-4.331,11.003,126.168,-0.044,1021.806,31.685,31.784,1221.437,33.702,30.029,1.477,953.447,30.443,-44.699,-36.133,-61.565,-24.02,0.206,-1.732,5.146,160.636,-0.03,-1.564,-1.534,0.075,5,350.3516667,1389.666667
116,1,116,857.48,33.727,33.885,1586.642,40.003,33.007,1.581,1454.604,38.635,-40.503,-35.872,-55.821,-30.932,0.262,-4.283,10.705,131.657,-0.045,1030.117,31.748,31.84,1226.889,33.98,30.009,1.471,949.226,30.441,-41.919,-36.353,-65.781,-26.006,0.12,-1.736,4.68,160.124,-0.03,-1.578,-1.54,0.075,5,381.2326667,1498.666667
117,1,117,861.174,33.773,33.93,1613.465,39.751,33.007,1.593,1467.814,38.294,-43.052,-36.055,-55.639,-28.429,0.34,-4.368,10.1,138.199,-0.039,1022.386,31.72,31.817,1233.939,33.604,30.002,1.479,956.864,30.144,-40.651,-35.35,-62.138,-23.545,0.155,-1.787,4.2,168.535,-0.027,-1.572,-1.541,0.075,5,359.602,1381.333333
118,1,118,866.256,33.753,33.913,1601.554,39.888,33.006,1.588,1459.424,38.503,-40.826,-35.932,-55.434,-28.194,0.254,-4.267,10.524,131.756,-0.045,1027.333,31.652,31.754,1204.945,33.935,30.03,1.483,943.085,30.794,-43.59,-36.358,-63.424,-23.478,0.171,-1.69,4.635,163.183,-0.029,-1.575,-1.533,0.074,5,380.7896667,1509
119,1,119,856.429,33.713,33.89,1620.684,39.212,32.989,1.612,1488.497,37.615,-41.871,-35.733,-55.551,-30.617,0.377,-4.329,10.455,131.37,-0.043,1016.268,31.665,31.766,1222.66,33.531,30.006,1.487,961.87,30.016,-42.43,-35.868,-61.556,-25.59,0.236,-1.713,4.836,158.388,-0.04,-1.576,-1.543,0.075,5,349.87,1388
120,1,120,863.969,33.753,33.931,1607.995,39.895,32.98,1.588,1460.423,38.246,-42.569,-35.753,-55.614,-26.988,0.154,-4.3,10.925,128.815,-0.048,1020.586,31.635,31.742,1216.258,33.522,30,1.485,957.967,30.097,-44.845,-37.202,-64.45,-22.336,0.175,-1.723,5.066,160.271,-0.042,-1.581,-1.542,0.074,5,379.4923333,1498.333333
121,1,121,857.02,33.731,33.907,1612.736,39.556,32.98,1.598,1470.957,37.98,-42.175,-35.723,-55.736,-26.357,0.244,-4.311,10.305,136.847,-0.044,1015.291,31.577,31.68,1208.021,33.276,30.031,1.491,960.164,30.241,-46.674,-38.919,-62.982,-22.047,0.228,-1.668,4.906,163.14,-0.034,-1.569,-1.54,0.075,5,345.1106667,1400.666667
122,1,122,874.964,33.773,33.928,1618.181,39.616,32.988,1.586,1472.495,38.005,-41.963,-35.973,-55.751,-28.882,0.227,-4.266,10.826,128.028,-0.044,1022.958,31.662,31.758,1223.296,33.449,29.987,1.479,955.408,30.091,-44.318,-36.289,-65.462,-23.957,0.166,-1.731,5.241,156.68,-0.03,-1.585,-1.546,0.074,5,363.813,1491.666667
123,1,123,870.769,33.697,33.844,1570.214,40.05,32.982,1.593,1438.932,38.827,-39.396,-36.14,-55.691,-28.01,0.217,-4.305,11.058,127.221,-0.047,1023.198,31.548,31.655,1193.663,33.497,30.016,1.487,946.345,30.581,-46.669,-39.084,-61.699,-23.462,0.232,-1.652,5.457,153.995,-0.035,-1.581,-1.538,0.075,5,348.7183333,1459.333333
124,1,124,862.693,33.685,33.862,1596.659,39.548,33.002,1.627,1471.268,38.158,-42.117,-35.566,-55.597,-33.356,0.192,-4.314,10.654,131.775,-0.048,1010.972,31.61,31.701,1209.263,33.406,29.991,1.492,954.585,30.142,-42.558,-35.748,-63.059,-27.888,0.195,-1.749,4.83,157.263,-0.034,-1.581,-1.539,0.074,5,357.4793333,1499.666667
125,1,125,864.007,33.72,33.91,1621.174,39.375,32.991,1.607,1482.292,37.787,-41.838,-35.624,-55.506,-31.83,0.345,-4.363,10.308,134.903,-0.057,1015.972,31.572,31.678,1219.446,32.947,30.003,1.491,959.086,30.085,-46.596,-36.274,-60.654,-26.845,0.173,-1.756,4.35,164.565,-0.033,-1.576,-1.541,0.074,5,366.4056667,1422.333333
126,1,126,878.563,33.732,33.902,1594.616,39.962,32.998,1.584,1452.048,38.623,-40.365,-35.884,-55.52,-26.59,0.252,-4.327,10.577,133.373,-0.048,1032.721,31.577,31.681,1198.269,33.562,30.005,1.483,937.928,30.787,-43.497,-37.01,-63.991,-22.491,0.176,-1.768,4.8,164.012,-0.026,-1.574,-1.541,0.075,5,380.454,1471.333333
127,1,127,860.429,33.842,34.005,1681.014,38.804,33.019,1.596,1523.879,37.01,-41.108,-35.784,-55.45,-29.7,0.374,-4.29,10.625,128.633,-0.035,1024.118,31.732,31.828,1228.487,33.849,30.023,1.48,957.71,30.27,-42.851,-36.092,-63.869,-24.838,0.221,-1.669,5.241,157.765,-0.028,-1.572,-1.537,0.075,5,362.1293333,1414.666667
128,1,128,857.338,33.691,33.844,1582.274,39.746,33.013,1.612,1457.261,38.626,-40.2,-35.923,-55.483,-27.671,0.28,-4.259,10.816,129.92,-0.037,1015.497,31.627,31.721,1202.805,33.747,30.02,1.482,944.556,30.67,-43.494,-38.027,-64.732,-23.067,0.169,-1.697,4.864,160.247,-0.031,-1.566,-1.537,0.075,5,369.0516667,1486
129,1,129,866.989,33.772,33.951,1635.97,39.395,32.987,1.595,1484.159,37.706,-42.167,-35.69,-55.386,-27.048,0.404,-4.291,10.581,131.264,-0.042,1019.291,31.672,31.773,1217.773,33.72,30.014,1.48,949.566,30.466,-43.509,-35.997,-62.276,-22.438,0.162,-1.732,5.141,157.525,-0.034,-1.573,-1.538,0.074,5,362.8306667,1400.333333
130,1,130,861.892,33.7,33.863,1592.3,39.664,32.983,1.594,1455.686,38.4,-40.653,-35.587,-55.553,-29.575,0.228,-4.306,10.816,129.434,-0.046,1019.912,31.673,31.773,1224.554,33.53,29.99,1.479,952.845,30.191,-44.33,-36.67,-61.985,-24.914,0.131,-1.752,4.884,159.288,-0.038,-1.566,-1.544,0.074,5,358.121,1474
131,1,131,868.445,33.755,33.904,1602.973,39.77,32.977,1.588,1460.824,38.213,-43.043,-36.416,-55.501,-28.593,0.228,-4.32,10.574,131.649,-0.047,1020.309,31.703,31.811,1223.042,33.87,30.012,1.486,955.341,30.264,-42.397,-35.289,-61.989,-23.943,0.205,-1.712,4.424,163.337,-0.035,-1.573,-1.537,0.075,5,362.547,1407.333333
132,1,132,863.935,33.836,34.003,1649.48,39.535,33.007,1.588,1490.128,37.73,-42.96,-36.913,-56.077,-28.302,0.265,-4.254,10.251,138.011,-0.044,1022.412,31.638,31.747,1217.533,33.526,30.02,1.485,952.908,30.398,-43.771,-36.655,-64.427,-23.53,0.233,-1.667,4.766,163.374,-0.039,-1.582,-1.54,0.075,5,364.6683333,1489.333333
133,1,133,858.76,33.823,33.973,1645.805,39.355,32.998,1.586,1493.766,37.564,-42.964,-36.399,-55.313,-28.315,0.287,-4.272,10.664,133.033,-0.047,1022.083,31.713,31.806,1228.184,33.682,29.999,1.479,953.372,30.238,-42.455,-35.287,-63.882,-23.53,0.159,-1.684,4.567,164.303,-0.035,-1.568,-1.532,0.075,5,392.1496667,1426
134,1,134,865.503,33.804,33.927,1600.027,40.054,33.027,1.576,1462.01,38.619,-41.68,-35.856,-55.537,-31.186,0.229,-4.214,10.936,130.814,-0.042,1032.658,31.631,31.733,1207.935,33.686,30.026,1.471,936.836,30.972,-43.122,-37.58,-65.551,-26.241,0.173,-1.704,5.093,158.612,-0.035,-1.579,-1.536,0.075,5,365.9803333,1465.333333
135,1,135,857.724,33.742,33.877,1607.059,39.423,32.994,1.588,1473.434,38.036,-41.611,-36.508,-55.382,-25.562,0.339,-4.303,10.871,131.666,-0.037,1028.324,31.684,31.782,1225.239,33.578,30.015,1.479,960.86,30.112,-43.04,-36.64,-61.163,-20.994,0.239,-1.684,5.426,161.243,-0.031,-1.575,-1.535,0.075,5,366.6113333,1434
136,1,136,865.298,33.688,33.839,1569.492,40.023,33.018,1.611,1452.61,38.786,-39.974,-35.554,-55.47,-31.854,0.448,-4.243,10.811,130.27,-0.043,1019.254,31.619,31.718,1213.814,33.409,30.011,1.487,952.235,30.359,-43.117,-36.953,-63.413,-26.836,0.175,-1.663,4.422,164.208,-0.035,-1.58,-1.55,0.075,5,366.2543333,1480.333333
137,1,137,855.082,33.72,33.897,1603.807,39.691,32.965,1.587,1462.859,38.05,-41.7,-35.932,-55.476,-27.412,0.091,-4.344,10.418,134.057,-0.045,1023.688,31.66,31.755,1217.133,33.595,30.007,1.487,951.348,30.36,-43.281,-36.198,-63.762,-22.923,0.196,-1.693,4.657,163.164,-0.032,-1.576,-1.542,0.075,5,349.6376667,1430
138,1,138,863.921,33.799,33.942,1611.55,39.913,32.996,1.585,1463.784,38.296,-42.659,-36.102,-55.509,-30.653,0.315,-4.297,10.659,131.247,-0.041,1027.703,31.668,31.766,1225.373,33.455,30.013,1.481,952.927,30.352,-41.281,-35.866,-64.391,-25.483,0.153,-1.704,4.757,160.197,-0.034,-1.585,-1.544,0.075,5,350.8653333,1498.333333
139,1,139,872.752,33.791,33.939,1618.458,39.712,33.008,1.583,1475.047,38.121,-41.127,-35.865,-55.593,-29.273,0.246,-4.332,10.659,131.657,-0.044,1026.09,31.79,31.883,1249.544,33.69,29.979,1.479,965.231,29.728,-41.569,-34.845,-61.261,-24.444,0.165,-1.756,4.63,163.086,-0.031,-1.612,-1.548,0.074,5,389.1613333,13039.66667
140,1,140,865.63,33.807,33.935,1636.285,39.236,33.003,1.598,1490.009,37.706,-41.8,-35.733,-55.486,-28.767,0.455,-4.254,10.751,130.826,-0.043,1023.007,31.658,31.763,1211.718,33.811,30.002,1.479,945.847,30.499,-45.353,-36.496,-66.554,-24.082,0.192,-1.708,5.202,156.814,-0.04,-1.578,-1.532,0.075,5,382.4726667,1445.666667
151,1,151,863.77,33.57,33.65,1720.65,38.66,33.04,1.57,1511.93,36.78,-41.59,-36.9,-55.03,-21.9,0.85,-3.93,9.91,136.83,0.01,1055.83,31.39,31.51,1193.42,35.17,30.03,1.46,930.32,31.6,-39.81,-37.84,-66.31,-19.94,0.79,-1.51,5.13,164.91,-0.02,-1.23,-1.46,0,35,311.562,93440
152,1,152,880.74,33.64,33.72,1741.86,38.86,33.02,1.56,1512.32,36.63,-40.76,-35.97,-55,-23.23,0.67,-4.04,10.49,129.07,0.02,1072.92,31.53,31.64,1232.08,35.05,30.03,1.45,950.32,30.9,-39.23,-40.87,-66.24,-21.07,0.7,-1.65,5.63,156.12,-0.04,-1.24,-1.44,0,35,313.912,26432
153,1,153,848.58,33.55,33.68,1672.65,40.08,33.04,1.57,1468.27,37.84,-41.83,-35.71,-55.24,-21.81,0.71,-4.14,10.28,132.61,0.01,1033.6,31.44,31.55,1210.5,34.96,30.04,1.47,941.6,31.29,-40.07,-41.34,-66.65,-19.87,0.73,-1.67,4.79,164.21,-0.03,-1.24,-1.44,0,35,316.943,12074.33333
154,1,154,870.01,33.6,33.67,1737.61,38.46,33.02,1.58,1519.72,36.44,-41.65,-37.64,-55.11,-24.52,0.83,-4.01,10.28,133.5,0.01,1051.66,31.35,31.47,1198.86,34.72,30.03,1.46,939.55,31.31,-40.56,-40.3,-66.7,-21.95,0.78,-1.59,5.39,157.31,-0.02,-1.22,-1.45,0,35,309.2483333,20663.33333
155,1,155,887.89,33.64,33.68,1738.1,38.53,33.03,1.56,1515.13,36.67,-40.97,-35.56,-55.04,-23.22,0.93,-4.04,10.27,135.35,0.03,1075.13,31.42,31.58,1211.7,35.15,30.04,1.46,940.74,31.35,-39.57,-39.67,-66.86,-21.06,0.75,-1.62,4.65,164.19,-0.05,-1.24,-1.45,0,35,329.264,13810
156,1,156,874.46,33.62,33.77,1752.06,39.06,33.02,1.57,1531.89,36.22,-42.1,-36.58,-54.5,-23.92,0.77,-4.08,9.76,137.48,0.02,1066.59,31.48,31.59,1218.19,35.1,30.02,1.46,942.54,31.14,-38.88,-41.04,-66.12,-21.56,0.82,-1.59,4.48,164.48,-0.03,-1.24,-1.44,0,35,538.0476667,13421
157,1,157,881.65,33.66,33.77,1720.6,39.74,33.03,1.55,1490.48,37.28,-41.65,-36.38,-54.95,-23.41,0.61,-4.04,9.8,139.01,0.03,1072.66,31.53,31.64,1223.99,35.32,30.03,1.46,939.56,31.27,-39.43,-41.87,-66.31,-21.17,0.73,-1.63,4.38,164.56,-0.02,-1.24,-1.45,0,35,322.5906667,16677
158,1,158,867.55,33.56,33.65,1678.37,39.7,33.03,1.56,1469.06,37.73,-41.62,-36.72,-55.34,-23.5,0.9,-4.02,10.15,132.59,0.02,1060.54,31.48,31.6,1218.86,35.1,30.01,1.46,939.85,31.11,-39.76,-41.41,-66.58,-21.54,0.74,-1.65,4.71,162.14,-0.04,-1.22,-1.44,0,35,332.7926667,14517.66667
159,1,159,869.43,33.51,33.58,1700.15,38.5,33.02,1.58,1499.88,36.95,-39.9,-35.28,-55.55,-24.24,0.63,-3.96,10.35,132.78,0.01,1058.28,31.49,31.59,1222.22,34.95,30.03,1.46,945.89,31.08,-39.72,-41.54,-66.72,-21.97,0.79,-1.52,5.18,158.99,-0.02,-1.23,-1.45,0,35,309.9996667,12787.33333
160,1,160,879.67,33.64,33.73,1684.86,40.24,33.04,1.55,1468.2,37.84,-42.33,-36.38,-54.57,-24.02,0.67,-4.13,10.24,133.46,0.01,1071.32,31.54,31.64,1223.7,35.31,30.03,1.45,942.6,31.17,-39.05,-40.32,-65.99,-21.72,0.8,-1.63,5,159.73,-0.04,-1.23,-1.44,0,35,311.7063333,12266.66667
161,1,161,878.98,33.64,33.73,1740.81,38.98,33.04,1.55,1514.24,36.73,-40.95,-37.97,-54.8,-23.58,1.02,-3.97,10.4,131.46,0.02,1073.76,31.46,31.57,1217.89,34.92,30.03,1.46,943.77,31.18,-40.36,-38.83,-66.3,-21.22,0.81,-1.54,5.23,159.61,-0.03,-1.23,-1.45,0,35,311.4656667,13421.33333
162,1,162,868.02,33.65,33.71,1700.41,39.67,33.04,1.56,1481.36,37.52,-41.7,-36.7,-55.19,-22.64,0.97,-4,10.15,133.34,0.02,1055.92,31.47,31.6,1214.72,35.29,30.04,1.46,942.48,31.24,-39.21,-41.45,-66.43,-20.66,0.8,-1.52,4.54,165.3,-0.05,-1.24,-1.46,0,35,315.778,11198.33333
163,1,163,871.06,33.59,33.75,1684.9,40.39,33.02,1.55,1469.18,37.67,-41.32,-37.13,-54.69,-21.54,1.02,-4.03,9.99,137.71,0.02,1068.66,31.56,31.67,1241.32,35.01,30.01,1.46,952.8,30.7,-38.82,-39.41,-65.45,-19.37,0.74,-1.66,4.79,164.06,-0.03,-1.24,-1.45,0,35,317.9206667,11161
164,1,164,851.63,33.49,33.64,1628.95,40.76,33.02,1.56,1435.74,38.53,-40.1,-36.12,-54.94,-23.42,0.64,-4.08,9.74,145.44,0,1040.55,31.48,31.59,1217.79,35.05,30.03,1.46,941,31.23,-39.05,-39.33,-66.37,-21.09,0.79,-1.6,4.6,167.31,-0.03,-1.23,-1.45,0,35,322.12,11890.33333
165,1,165,877.13,33.58,33.66,1762.38,37.84,33,1.58,1544.7,35.71,-41.51,-38.48,-54.76,-25.53,0.8,-4.03,9.63,140.73,0.01,1066.78,31.34,31.45,1191.41,34.77,30.02,1.46,927.31,31.63,-39.22,-38.99,-66.38,-23.15,0.78,-1.61,4.57,165.9,-0.04,-1.22,-1.43,0,35,318.9163333,12216
166,1,166,890.44,33.54,33.58,1660.43,39.45,33.03,1.56,1461.47,37.94,-38.8,-35.8,-54.5,-24.68,0.64,-4.05,10.56,132.59,0,1080.74,31.59,31.71,1243.09,35.29,30.03,1.45,953.22,30.82,-38.93,-39.14,-66.11,-22.18,0.75,-1.63,5.21,155.88,-0.03,-1.23,-1.44,0,35,311.8723333,11364
167,1,167,845.31,33.54,33.71,1740.29,38.79,33.02,1.58,1528.44,36.24,-41.31,-34.05,-54.77,-23.19,0.78,-4.14,9.5,136.52,0,1041.81,31.57,31.7,1222.58,35.82,30.03,1.46,937.93,31.36,-38.77,-40.7,-66.77,-20.91,0.67,-1.66,4.55,164.18,-0.04,-1.23,-1.43,0,35,311.295,13706.33333
168,1,168,866.73,33.62,33.75,1701.52,39.99,33.03,1.56,1488.3,37.33,-41.58,-36.64,-54.49,-24.63,1,-4.04,10.1,132.38,0.01,1072.89,31.53,31.66,1226.19,35.39,30.04,1.46,942.27,31.27,-39.21,-39.17,-66.34,-22.37,0.8,-1.63,4.74,159.48,-0.04,-1.23,-1.45,0,35,311.525,11090.33333
169,1,169,872.78,33.63,33.68,1732.76,38.7,33.04,1.57,1520.93,36.62,-42.52,-37.5,-54.89,-27.12,0.81,-4.03,10.77,126.91,0.01,1061.5,31.48,31.58,1209.05,35.3,30.01,1.45,934.47,31.35,-39.43,-39.81,-66.62,-24.2,0.73,-1.68,5.65,150.8,-0.03,-1.23,-1.43,0,35,311.6136667,11889.33333
170,1,170,883.83,33.58,33.65,1720.2,38.67,33.02,1.58,1507.83,36.77,-41.86,-36.43,-54.8,-22.66,0.79,-4.08,9.45,142.04,0.02,1073.98,31.46,31.58,1214.8,35.12,30.03,1.47,938.75,31.32,-39.55,-39.48,-66.56,-20.72,0.75,-1.67,3.82,174.75,-0.02,-1.22,-1.43,0,35,311.2496667,11197
171,1,171,884.68,33.54,33.61,1658.47,39.78,33.02,1.56,1453.46,38.09,-40.16,-35.95,-54.79,-24.16,0.83,-4.01,10.34,134.68,0.02,1077.09,31.44,31.57,1223,34.73,30.02,1.46,943.04,31.08,-38.99,-40.11,-66.62,-22.53,0.73,-1.62,4.51,163.3,-0.04,-1.22,-1.44,0,35,320.013,11725.33333
172,1,172,884.53,33.66,33.74,1724.25,39.42,33.03,1.56,1502.28,36.92,-41.91,-36.88,-54.76,-23.4,0.62,-4.16,10.14,134.65,0.02,1072.27,31.56,31.68,1233.47,35.38,30.01,1.45,946.46,30.92,-39.23,-40.29,-66.03,-21,0.79,-1.72,4.93,163.04,-0.05,-1.22,-1.44,0,35,306.556,11181.33333
173,1,173,881.19,33.63,33.7,1661.33,40.56,33.02,1.55,1446.25,38.24,-41.44,-36.93,-54.43,-23.27,0.95,-4.01,10.41,132.78,0.04,1069.33,31.52,31.64,1222.52,35.32,30.02,1.46,941.49,31.13,-39.08,-40.97,-66.13,-21.12,0.77,-1.59,4.57,164.1,-0.03,-1.24,-1.45,0,35,320.5646667,15528.33333
174,1,174,871.85,33.55,33.68,1665.5,40.21,33.04,1.57,1469.89,37.84,-41,-35.76,-54.69,-24.72,0.77,-3.87,10.05,135.98,0.01,1052.82,31.41,31.51,1208.61,34.76,30.02,1.47,942.58,31.1,-39.13,-40.37,-65.92,-22.14,0.8,-1.5,4.65,158.56,-0.04,-1.23,-1.44,0,35,315.0236667,14216
175,1,175,888.84,33.67,33.71,1697.13,39.81,33.03,1.55,1473.75,37.68,-41.75,-37.64,-54.89,-24.04,0.97,-3.99,10.17,137.83,0.02,1072.81,31.48,31.6,1217.06,35.23,30.03,1.45,940.25,31.29,-40.1,-40.31,-66.09,-21.91,0.76,-1.6,4.87,162.96,-0.05,-1.23,-1.44,0,35,308.855,14235.66667
176,1,176,857.26,33.61,33.73,1700.68,39.89,33.02,1.56,1481.83,37.36,-41.58,-36.96,-54.93,-24.52,0.96,-4.11,10.37,130.59,0.01,1054.19,31.5,31.63,1210.76,35.63,30.03,1.46,934.42,31.44,-39.2,-39.48,-66.49,-22.45,0.73,-1.62,4.94,157.88,-0.05,-1.24,-1.44,0,35,315.228,11060.66667
177,1,177,879.76,33.61,33.69,1651.29,40.72,33.03,1.56,1444.04,38.39,-40.91,-36.59,-54.18,-22,0.84,-4.05,9.94,140.06,0.02,1047.73,31.46,31.58,1217.88,34.99,30.02,1.47,948.61,30.96,-39.48,-40.47,-65.88,-19.96,0.83,-1.59,4.13,167.51,-0.04,-1.23,-1.44,0,35,323.9523333,11010.33333
178,1,178,858.28,33.63,33.75,1709.51,39.87,33.03,1.56,1494.66,37.12,-42.71,-37.91,-55.32,-23.6,0.7,-3.97,10.35,130.48,0.02,1060.78,31.43,31.58,1209,35.25,30.03,1.46,938.86,31.3,-39.21,-39.74,-66.57,-21.42,0.79,-1.58,5.48,152.36,-0.03,-1.23,-1.43,0,35,318.982,13727.66667
179,1,179,878.33,33.6,33.68,1667.63,40.17,33.03,1.56,1460.64,37.99,-40.88,-36.18,-54.8,-22.59,1.05,-3.87,9.91,138.01,0.02,1064,31.57,31.67,1234.84,35.2,30.02,1.46,949.66,30.92,-38.97,-39.64,-65.47,-20.55,0.87,-1.45,4.56,166.29,-0.03,-1.24,-1.44,0,35,313.3693333,11776.33333
180,1,180,884.55,33.66,33.77,1744.75,39.24,33.02,1.56,1515.5,36.58,-41.26,-37.04,-54.6,-27.04,0.84,-3.96,10.28,130.89,0.01,1073.64,31.36,31.49,1198.94,34.82,30.02,1.46,928.69,31.63,-40.01,-39.51,-65.93,-24.45,0.8,-1.5,4.71,160.07,-0.05,-1.23,-1.44,0,35,314.497,14712.66667
181,1,181,881.4,33.58,33.62,1728.09,38.26,33.03,1.57,1515.44,36.68,-40.2,-34.53,-55.14,-23.99,0.86,-4,10.32,134.87,0.02,1071.95,31.52,31.63,1235.49,34.88,30.02,1.45,952.78,30.82,-40.1,-41.41,-66.64,-21.68,0.72,-1.58,5.25,157.1,-0.04,-1.23,-1.44,0,35,313.1443333,11431.66667
182,1,182,886.45,33.63,33.7,1671.63,40.23,33.03,1.56,1457.54,38.03,-42.04,-37.44,-55.05,-23.24,0.84,-4.05,10.14,139.27,0.01,1058.82,31.51,31.6,1222.32,35.01,30.04,1.46,950,30.99,-39.25,-40.73,-66.11,-20.91,0.81,-1.66,4.52,163.63,-0.01,-1.23,-1.44,0,35,317.0336667,16152.33333
183,1,183,891.23,33.66,33.76,1687.86,40.41,33.04,1.55,1461.83,38,-42.13,-37.32,-55.03,-23.47,0.66,-4.03,10.6,128.55,0.01,1085.06,31.58,31.67,1230.64,35.34,30.04,1.46,949.75,31,-39.32,-40.01,-66.17,-21.17,0.79,-1.61,5.09,157.62,-0.01,-1.23,-1.43,0,35,307.8626667,10018.66667
184,1,184,871.81,33.5,33.64,1686.08,39.35,33.03,1.57,1488.14,37.3,-40.03,-35.69,-54.08,-24.1,0.77,-4.07,9.92,138.18,0,1058.06,31.48,31.6,1216.74,35.18,30.02,1.45,937.01,31.3,-39.36,-38.77,-66.33,-21.89,0.71,-1.73,4.61,165.37,-0.03,-1.22,-1.44,0,35,308.8193333,11443.66667
185,1,185,890.51,33.51,33.55,1707,38.12,33.03,1.57,1508.98,36.83,-40.69,-34.74,-54.5,-25.49,0.99,-4.01,10.54,132.34,0.01,1065.22,31.44,31.57,1213.52,35.09,30.02,1.44,935.18,31.37,-40.21,-41.36,-66.27,-23.75,0.69,-1.63,5.29,155.02,-0.04,-1.23,-1.45,0,35,308.7206667,12886
186,1,186,872.05,33.64,33.69,1751.97,38.33,33.04,1.57,1528.44,36.41,-39.75,-36.5,-55.35,-21.95,0.97,-4.09,10.04,138.63,0,1058.24,31.59,31.72,1239.4,35.48,30,1.45,948.62,30.8,-39.16,-40.37,-65.87,-19.9,0.74,-1.67,5.01,167.17,-0.05,-1.23,-1.43,0,35,320.7923333,10832
187,1,187,873.98,33.56,33.68,1686.49,39.75,33.02,1.56,1477.69,37.44,-41.1,-37.75,-54.88,-23.37,0.88,-4.07,10.02,136.54,0.01,1059.94,31.47,31.58,1212.6,35.14,30.01,1.46,940.31,31.15,-39.35,-39.36,-66.9,-21.16,0.74,-1.71,4.69,164.5,-0.02,-1.22,-1.43,0,35,317.5506667,12771.33333
188,1,188,887.73,33.62,33.7,1750.1,38.5,33.03,1.58,1534.7,36.21,-42.42,-37.53,-54.96,-22.84,0.79,-3.96,9.96,136.55,0.01,1064.91,31.39,31.49,1206.39,34.65,30.02,1.46,938.89,31.22,-38.9,-38.82,-66.81,-20.92,0.77,-1.65,4.85,162.63,-0.03,-1.23,-1.44,0,35,318.3923333,12886.66667
189,1,189,860.46,33.55,33.7,1658.93,40.54,33.03,1.56,1451.38,38.18,-41.12,-35.56,-54.83,-22.72,1.04,-4.06,9.99,137.32,0.01,1044.73,31.45,31.57,1201.81,35.41,30.02,1.46,932.01,31.52,-39.63,-39.62,-66.43,-20.57,0.73,-1.65,4.91,162.74,-0.03,-1.23,-1.43,0,35,310.5293333,8638.333333
190,1,190,881.92,33.69,33.81,1738.85,39.7,33.02,1.56,1507.63,36.7,-41.28,-37.04,-54.7,-23.3,0.7,-3.92,10.05,135.3,0.01,1072.09,31.5,31.6,1219.63,35.08,30.03,1.46,941.74,31.21,-39.61,-40.27,-66.48,-20.94,0.82,-1.49,4.82,163.88,-0.02,-1.24,-1.44,0,35,312.804,9568.333333
201,1,201,843.32,33.59,33.73,1589.47,40.53,33.04,1.58,1484.35,38.78,-41.84,-39.69,-56.18,-23.14,0.37,-4.08,10.12,141.8,0.02,1014.63,31.44,31.58,1173.68,35.75,30.02,1.46,893.02,32.15,-37.97,-36.72,-63.39,-21.07,-0.38,-2.66,5.15,167.5,-0.02,-1.35,-1.28,0,35,320.58,26248.67
202,1,202,818.71,33.53,33.78,1732.79,37.63,32.98,1.61,1607.92,35.26,-37.42,-40.33,-58.09,-26.53,0.38,-4.35,10.22,129.3,0.01,994.43,31.42,31.58,1150.45,36.5,30.04,1.47,885.2,32.61,-40.65,-38.99,-63.4,-23.52,-0.46,-2.8,5.54,156.55,-0.03,-1.35,-1.27,0,35,310.82,25259
203,1,203,824.66,33.6,33.77,1661.99,39.19,33.01,1.59,1544.3,37.03,-40.53,-39.82,-56.72,-24.79,0.42,-4.35,10.14,134.12,0.02,1002.1,31.6,31.75,1180.48,37.01,30.04,1.46,889.53,32.41,-38.92,-37.63,-62.79,-22,-0.54,-2.91,5.11,161.94,-0.03,-1.34,-1.26,0.01,35,302.29,17390.33
204,1,204,827.04,33.59,33.73,1610.41,40.04,33.03,1.57,1505.93,38.11,-40.13,-37.82,-55.72,-23.97,0.2,-4.29,10.38,137.61,0.02,1000.82,31.46,31.62,1179.36,35.95,30.04,1.47,899.39,32.04,-39.66,-39.04,-63.24,-21.31,-0.43,-2.82,5.18,162.16,-0.03,-1.33,-1.26,27.96,1505,1844,21008.33
205,1,205,823.95,33.61,33.76,1615.68,40.17,33.04,1.57,1504.32,38.25,-40.69,-38.16,-56.37,-26.29,0.44,-4.04,10.85,133.89,0.02,1003.08,31.56,31.7,1195.46,36.11,30.04,1.46,900.76,32.04,-37.7,-37.78,-64.03,-23.64,-0.38,-2.57,5.57,164.44,-0.02,-1.35,-1.28,0,535,809.68,13491.33
206,1,206,808.04,33.63,33.82,1685.06,39.06,33.02,1.59,1561.04,36.66,-37.83,-38.71,-57.13,-26.41,0.36,-4.32,10.76,128.12,0.02,980.43,31.55,31.69,1173.89,36.66,30.04,1.46,888.75,32.44,-39.19,-39.35,-63,-23.39,-0.51,-2.91,5.53,158.96,-0.02,-1.35,-1.26,0,35,305.13,11224.67
207,1,207,815.28,33.64,33.83,1712.16,38.58,33.02,1.59,1582.72,36.2,-41,-39.54,-57.7,-28.1,0.5,-4.13,10.23,131.73,0.02,1004.47,31.46,31.62,1167.5,36.29,30.02,1.46,885.87,32.43,-39.83,-38.87,-63.23,-25.02,-0.53,-2.68,5.33,158.79,-0.03,-1.37,-1.28,0,35,313.37,13731
208,1,208,820.4,33.55,33.75,1630.87,39.75,33.01,1.59,1520.2,37.62,-42.87,-38.31,-55.96,-28.43,0.06,-4.05,10.54,132.02,0.02,1000.69,31.47,31.61,1181.36,35.81,30.02,1.46,899,31.89,-38.35,-38.89,-63.46,-24.9,-0.4,-2.58,5.59,155.54,-0.02,-1.34,-1.28,0.01,35,307.47,13126
209,1,209,817.83,33.57,33.75,1623.16,39.91,33.02,1.59,1512.59,37.84,-39.45,-36.45,-57.01,-26.89,0.35,-4.21,10.52,132.88,0.02,988.56,31.43,31.58,1158.85,36.25,30.03,1.46,885.3,32.53,-43.58,-40.42,-62.8,-23.97,-0.54,-2.59,5.85,150.88,-0.02,-1.37,-1.29,0,35,310.34,14191.33
210,1,210,829.61,33.64,33.79,1667.63,39.19,33,1.59,1548.16,36.83,-39.06,-40.4,-57.13,-25.62,0.11,-4.34,10.31,132.15,0.02,997.16,31.47,31.62,1169.7,36.25,30.02,1.46,890.03,32.22,-39.15,-38.91,-62.84,-22.5,-0.44,-2.89,5.33,162.84,-0.02,-1.34,-1.27,0,35,311.83,14642.33
211,1,211,803.7,33.52,33.75,1655.58,39.1,32.99,1.59,1542.54,36.87,-38.7,-39.17,-56.81,-24.6,0.63,-4.06,10.1,134.58,0.02,986.7,31.58,31.73,1185.74,36.69,30.04,1.46,900.04,32.03,-39.33,-37.26,-62.47,-21.95,-0.37,-2.58,5.32,158.33,-0.02,-1.35,-1.26,0,35,311.24,13310.33
212,1,212,814.63,33.55,33.75,1668.99,38.82,32.98,1.6,1551.9,36.58,-39.53,-38.89,-56.87,-25.23,0.15,-4.05,9.94,134.94,0.02,987.42,31.4,31.56,1157.33,36.12,30.03,1.47,883.78,32.52,-38.22,-37.37,-63.02,-22.59,-0.31,-2.54,4.93,165.22,-0.02,-1.34,-1.27,0,35,308.99,17731.33
213,1,213,809.27,33.59,33.76,1630.03,39.8,33.04,1.58,1523.79,37.72,-41.44,-40.01,-56.43,-26.44,0.45,-4.29,10.74,129.84,0.02,997.39,31.61,31.75,1184.85,36.87,30.03,1.45,890.69,32.28,-37.44,-36.47,-63.76,-23.6,-0.55,-2.94,6.06,153.98,-0.02,-1.34,-1.27,0,35,309.55,13101.33
214,1,214,825.88,33.62,33.77,1664.57,39.09,33.04,1.58,1542.01,37.31,-40.99,-39.41,-57.31,-26.62,0.55,-4.26,10.57,134.26,0.02,1002.64,31.62,31.78,1193,36.86,30.03,1.45,891.84,32.23,-38.76,-37.34,-63.73,-23.53,-0.52,-2.9,5.23,163.08,-0.02,-1.35,-1.27,0.01,35,309.68,14382.33
215,1,215,823.56,33.59,33.76,1638.5,39.65,33.03,1.58,1525.08,37.68,-42.27,-38.48,-56.8,-27.42,0.3,-4.22,10.62,127.53,0.02,1001.17,31.54,31.68,1187.9,36.18,30.03,1.46,898.59,31.98,-39.34,-39.32,-62.78,-23.53,-0.44,-2.8,5.4,156.68,-0.02,-1.34,-1.27,0,35,309.2,11036.67
631,2,631,854.09,33.62,33.77,1642.52,40.24,33.04,1.57,1460.94,38.34,-43.24,-38.62,-56.63,-26.8,0.57,-3.88,11.04,130.9,-0.01,1027.36,31.7,31.82,1237.33,35.03,30.01,1.45,947.12,30.69,-38.83,-37.07,-68.35,-22.85,0.16,-1.99,6.11,153.01,-0.02,-1.32,-1.39,0.02,55,632.2,65743.33
632,2,632,866.18,33.64,33.77,1629.07,40.57,33.03,1.54,1440.68,38.71,-43.81,-40.52,-56.69,-26.71,0.64,-3.87,11.22,131.1,-0.02,1037.48,31.7,31.82,1227.77,35.34,30.01,1.44,934.93,31.08,-39.13,-33.69,-68.24,-23.44,0.11,-2.07,5.79,157.32,-0.02,-1.32,-1.38,0.02,55,651.87,1674.67
633,2,633,848.74,33.54,33.69,1615.8,40.14,33.03,1.56,1448.96,38.51,-43.79,-38.54,-56.48,-26.15,0.52,-3.9,11.09,132.21,-0.01,1018.04,31.58,31.69,1212.44,34.76,30.04,1.46,938.38,31.19,-39.89,-39.73,-68.71,-22.39,0.18,-1.93,5.61,159.27,-0.02,-1.32,-1.39,0.02,55,582.2,709.95
634,2,634,857.37,33.57,33.69,1599.79,40.52,33.03,1.56,1428.97,39.02,-43.84,-39.7,-56.2,-24.66,0.65,-3.76,10.95,135.6,-0.01,1026.64,31.68,31.8,1239.22,34.83,30.02,1.45,949.46,30.65,-39.27,-37.59,-68.55,-21.76,0.15,-2,5.8,159.45,-0.02,-1.32,-1.38,0.02,55,612.08,1224.67
635,2,635,853.34,33.6,33.76,1648.96,39.92,33.03,1.56,1468.02,38.07,-41.49,-39.09,-56.64,-25.7,0.58,-3.86,10.87,133.83,-0.01,1034.91,31.74,31.84,1248.33,34.91,30.01,1.44,950.61,30.55,-38.69,-36.05,-68.45,-22.53,0.15,-1.98,5.7,159.99,-0.02,-1.32,-1.38,0.02,55,652.34,1214.33
636,2,636,868.75,33.61,33.74,1626.92,40.33,33.02,1.56,1444.84,38.53,-42.87,-40.98,-56.22,-26.1,0.93,-3.76,10.7,136.11,-0.01,1036.19,31.77,31.88,1255.85,34.99,30.01,1.45,954.8,30.42,-37.92,-35.08,-68.29,-22.91,0.21,-1.96,5.49,158.7,-0.02,-1.32,-1.38,0.02,55,650.64,1174.67
637,2,637,859.31,33.64,33.79,1670.28,39.75,33.01,1.55,1477.61,37.65,-41.8,-38.83,-56.75,-25.78,0.59,-3.9,10.83,135.2,-0.01,1039.75,31.8,31.91,1274.05,34.72,30.03,1.45,966.32,30.16,-38.46,-35.82,-68.16,-22.73,0.2,-1.97,5.55,158.53,-0.03,-1.32,-1.39,0.02,55,662.11,1158.33
638,2,638,857.09,33.59,33.72,1614.8,40.4,33.02,1.57,1438.72,38.72,-44.72,-39.61,-56.44,-26.7,0.78,-3.81,11.11,131.29,-0.01,1024.03,31.74,31.85,1239.52,35.26,30.02,1.45,947.38,30.68,-39.06,-34.97,-68.39,-22.97,0.13,-2.01,6.05,153.17,-0.03,-1.32,-1.39,0.02,55,626.38,1153.67
639,2,639,860.97,33.62,33.77,1626.35,40.57,33.03,1.56,1441.01,38.71,-41.79,-39.2,-57.13,-27.15,0.78,-3.88,10.97,133.47,-0.01,1028.21,31.66,31.78,1228.39,35.02,30.03,1.45,943.14,30.91,-38.11,-36.9,-67.99,-23.67,0.18,-1.95,5.8,154.47,-0.02,-1.33,-1.39,0.02,55,610.83,1209.67
640,2,640,862.98,33.57,33.7,1592.28,40.85,33.03,1.56,1421.48,39.24,-44.16,-40.38,-56.78,-24.85,0.8,-3.83,10.8,135.61,-0.01,1027.26,31.68,31.81,1232.64,35.08,30.02,1.46,944.82,30.83,-38.5,-33.98,-68.14,-21.76,0.14,-2.01,5.4,161.75,-0.02,-1.34,-1.39,0.02,55,649.89,1200
641,2,641,864.78,33.63,33.77,1636.98,40.35,33.02,1.55,1449.25,38.4,-44.22,-39.38,-56.53,-27.79,0.49,-4.01,11.13,133.3,-0.01,1033.24,31.72,31.84,1254.02,34.7,30.03,1.45,957.08,30.46,-39.21,-39.83,-68.23,-24.06,0.13,-2.08,6.09,155.03,-0.03,-1.33,-1.38,0.02,55,622.37,1187.67
642,2,642,859.26,33.61,33.76,1645.9,40.06,33.03,1.56,1461.59,38.19,-43.25,-39.29,-56.46,-28.32,0.61,-3.88,11.17,132.9,-0.02,1029.18,31.71,31.83,1244.28,34.92,30.02,1.44,946.85,30.7,-38.96,-37.92,-68.96,-24.45,0.1,-2.08,5.81,158.89,-0.03,-1.32,-1.39,0.02,55,650.26,1181.67
643,2,643,858.69,33.48,33.58,1546.64,40.84,33.03,1.57,1396.26,39.94,-42.24,-39.14,-56.69,-26.73,0.45,-4.01,11.38,132.94,-0.01,1025.56,31.71,31.82,1251.48,34.66,30.02,1.45,956.02,30.44,-39.17,-37.16,-68.5,-23.3,0.14,-2.09,5.85,156.2,-0.02,-1.32,-1.38,0.02,55,651.42,1144.33
644,2,644,867.15,33.6,33.7,1613.35,40.27,33.02,1.56,1435.95,38.8,-43.42,-38.98,-56.4,-24.96,0.72,-3.85,10.84,137.41,-0.01,1030.13,31.78,31.88,1256.69,34.95,30.04,1.45,957.99,30.52,-38.68,-36.04,-68.89,-21.82,0.15,-2.03,5.18,163.72,-0.02,-1.32,-1.38,0.02,55,611.68,1175.67
645,2,645,853.03,33.6,33.75,1642.96,40.04,33.03,1.56,1463.67,38.13,-42.6,-39.11,-56.37,-26.15,0.53,-3.86,11.16,131.17,-0.01,1019.74,31.7,31.81,1243.91,34.77,30.02,1.45,953.39,30.52,-38.43,-37.46,-68.55,-22.45,0.19,-1.92,6.25,152.76,-0.02,-1.33,-1.39,0.02,55,601.72,1203.67
646,2,646,854.24,33.55,33.67,1600.73,40.29,33.04,1.55,1439.97,38.83,-44.24,-39.48,-56.3,-24.93,0.62,-3.79,11.11,133.91,-0.01,1028.03,31.71,31.82,1238.82,35,30.04,1.45,947.35,30.84,-38.48,-36.21,-69.07,-21.97,0.18,-2,5.6,159.77,-0.02,-1.33,-1.38,0.02,55,638.95,1215.67
647,2,647,853.37,33.54,33.68,1614.16,40.07,33.05,1.57,1451.98,38.6,-43.77,-38.63,-56.53,-26.75,0.65,-3.9,11.07,134.07,-0.01,1018.19,31.71,31.82,1245.89,34.79,30.02,1.45,953.03,30.56,-39.11,-38.28,-68.53,-23.33,0.17,-2.03,5.58,158.74,-0.03,-1.32,-1.38,0.02,55,662.74,1176
648,2,648,866.53,33.64,33.78,1652.46,40.04,33.03,1.57,1466.06,38.11,-41.72,-39.52,-56.39,-26.69,0.8,-3.85,10.37,140.67,-0.01,1038.89,31.69,31.8,1252.52,34.44,30.03,1.46,957.21,30.48,-39.96,-37.37,-68.79,-23.04,0.17,-2.02,5.39,161.29,-0.02,-1.32,-1.39,0.02,55,612.02,1163.33
649,2,649,859.15,33.48,33.6,1549.12,41,33.04,1.57,1400.35,39.94,-41.3,-38.67,-56.24,-26.73,0.61,-3.93,11.21,133.81,-0.01,1011.68,31.68,31.79,1224.9,35.19,30.02,1.44,941.35,30.9,-39.09,-39.37,-68.44,-22.73,0.12,-2.02,5.73,161.49,-0.03,-1.31,-1.38,0.02,55,611.68,1199.33
650,2,650,861.43,33.68,33.82,1671.28,39.96,33.03,1.56,1476.14,37.87,-40.99,-40.96,-57.01,-28.21,0.92,-3.83,11.02,132.65,-0.01,1031.06,31.79,31.9,1270.85,34.75,30.02,1.45,962.98,30.21,-37.85,-33.58,-68.52,-24.47,0.14,-2.03,5.44,159.46,-0.03,-1.33,-1.38,0.02,55,649.51,1210.67
651,2,651,857.59,33.5,33.62,1567.67,40.67,33.03,1.57,1411.79,39.51,-43.13,-38.27,-56.67,-25.7,0.43,-3.9,10.95,137.54,-0.01,1023.59,31.7,31.81,1250.57,34.55,30.03,1.45,959.43,30.38,-39.16,-38.99,-68.74,-22.3,0.17,-2,5.59,162.48,-0.02,-1.32,-1.38,0.02,55,633.98,1160.33
652,2,652,859.36,33.59,33.71,1605.01,40.59,33.03,1.55,1431.52,39,-44.1,-39.39,-56.33,-27.75,0.69,-3.85,11.12,134.87,-0.01,1029.24,31.71,31.83,1249.46,34.77,30.02,1.45,950.86,30.59,-39.39,-36.81,-68.83,-24.37,0.11,-2.06,5.74,156.25,-0.03,-1.32,-1.38,0.02,55,594.48,1177.67
653,2,653,860.18,33.56,33.68,1605.86,40.28,33.03,1.56,1438.84,38.79,-43.4,-39.2,-56.66,-24.07,0.4,-3.93,10.69,137.6,-0.01,1040.83,31.7,31.81,1248,34.66,30.02,1.45,955.12,30.44,-39.91,-40.48,-68.25,-20.79,0.14,-2.05,5.78,160.72,-0.02,-1.32,-1.38,0.02,55,627.47,1236.67
654,2,654,864.43,33.61,33.76,1643.01,40.06,33.03,1.56,1459.63,38.23,-43.31,-39.8,-56.3,-23.44,0.63,-3.93,10.79,137.76,-0.01,1036.15,31.57,31.69,1216.69,34.58,30.03,1.46,938.11,31.1,-40.01,-42.1,-68.88,-20.36,0.12,-2.05,5.54,164.93,-0.02,-1.31,-1.39,0.02,55,601.3,1194
655,2,655,846.4,33.56,33.67,1591.02,40.59,33.03,1.56,1425.09,39.14,-44.52,-39.88,-56.45,-25.49,0.62,-3.87,11.16,132.81,0,1014.28,31.72,31.82,1254.26,34.59,30.03,1.45,961.4,30.31,-37.94,-37.03,-68.39,-22.59,0.23,-1.98,5.69,157.99,-0.02,-1.32,-1.39,0.02,55,622.92,1213.67
656,2,656,855.74,33.55,33.68,1600.63,40.37,33.02,1.55,1434.86,38.84,-43.53,-40.33,-56.36,-24.39,0.7,-3.78,11.25,135.33,-0.01,1019.04,31.72,31.83,1262.29,34.39,30.01,1.45,965.47,30.09,-38.19,-36.91,-68.97,-21.39,0.21,-1.99,5.53,166.52,-0.03,-1.32,-1.39,0.02,55,650.24,1182.67
657,2,657,867.23,33.55,33.68,1586.32,40.74,33.04,1.56,1419.07,39.37,-42.98,-39.86,-56.71,-24.99,0.54,-3.94,10.82,139.04,-0.01,1028.52,31.71,31.82,1245.41,34.82,30.02,1.45,949.3,30.65,-38.77,-38.81,-68.8,-21.81,0.26,-2.03,5.17,166.71,-0.03,-1.32,-1.39,0.02,55,588.11,1150
658,2,658,861,33.63,33.76,1645.56,40.05,33.02,1.55,1462.06,38.15,-40.9,-41.54,-56.12,-26.78,0.78,-3.76,11,132.54,0,1028.96,31.62,31.73,1229.09,34.58,30.03,1.45,945.11,30.84,-39.08,-38.21,-68.84,-23.02,0.21,-1.97,5.57,157.31,-0.02,-1.32,-1.38,0.02,55,599.14,1249.67
659,2,659,855.44,33.61,33.76,1646.4,39.97,33.05,1.57,1468.14,38.18,-41.9,-39.03,-56.56,-27.41,0.74,-3.86,10.95,136.43,-0.02,1022.1,31.67,31.77,1240.14,34.6,30.02,1.45,946.51,30.72,-38.38,-39.48,-68.82,-24.32,0.15,-2.01,5.16,163.99,-0.02,-1.32,-1.38,0.02,55,623.53,1207.67
660,2,660,853.51,33.58,33.71,1616.92,40.31,33.03,1.56,1442.3,38.7,-42.79,-39.26,-56.58,-28.04,0.64,-3.79,11.23,131.26,0,1029.31,31.67,31.77,1231.08,34.84,30.01,1.44,942.48,30.83,-39.73,-37.43,-68.76,-24.51,0.14,-2.02,5.96,155.33,-0.02,-1.32,-1.38,0.02,55,657.06,1201.67
661,2,661,860.75,33.6,33.74,1633.64,40.17,33.04,1.57,1458.25,38.34,-43.44,-39.95,-56.49,-27.75,0.7,-3.95,11.07,133.79,-0.01,1024.55,31.62,31.73,1235.34,34.42,30.02,1.45,948.49,30.65,-39.57,-39.11,-68.69,-23.71,0.19,-2.07,5.96,159.83,-0.03,-1.32,-1.39,0.02,55,624.33,1152
662,2,662,865.19,33.54,33.65,1576.9,40.78,33.04,1.55,1414.58,39.5,-44.11,-41.27,-56.44,-25.28,0.87,-3.79,11.09,135.49,-0.01,1032.36,31.68,31.79,1243.11,34.66,30.04,1.45,952.75,30.67,-39.42,-37.46,-68.91,-21.78,0.24,-1.97,5.76,159.64,-0.03,-1.32,-1.38,0.02,55,642.3,1191.67
663,2,663,870.08,33.56,33.68,1598.44,40.45,33.02,1.56,1424.66,39.05,-43.6,-38.63,-56.96,-26.44,0.57,-3.96,11.06,139.13,-0.01,1029.42,31.68,31.78,1256.62,34.16,30.02,1.46,962.31,30.25,-38.9,-39.69,-69.03,-23.35,0.17,-2.02,5.38,164.54,-0.02,-1.32,-1.39,0.02,55,651.86,1179.33
664,2,664,866.22,33.52,33.62,1573.37,40.55,33.04,1.55,1421.76,39.36,-43.35,-39.63,-56.08,-25.63,0.89,-3.83,11.35,132.7,-0.01,1036.85,31.65,31.76,1234.23,34.62,30.04,1.45,947.94,30.86,-40.57,-41.15,-69.04,-22.48,0.16,-2.04,5.91,158.86,-0.03,-1.32,-1.39,0.02,55,585.76,1174
665,2,665,857.55,33.59,33.75,1644.48,39.96,33.05,1.57,1469.01,38.15,-43.18,-38.13,-56.64,-27.29,0.57,-3.99,10.82,139.91,-0.02,1016.52,31.75,31.85,1243.25,35.15,30.01,1.44,943.8,30.78,-38.32,-37.46,-68.88,-23.91,0.12,-2.1,5.13,166.66,-0.02,-1.31,-1.38,0.02,55,616.17,1234.67
666,2,666,854,33.55,33.69,1598.72,40.52,33.03,1.57,1431.42,38.98,-43.89,-39.51,-56.37,-27.25,0.61,-3.84,11.41,135.01,-0.01,1022.36,31.73,31.85,1251.55,34.9,30.01,1.45,953.12,30.44,-38.76,-34.07,-69.15,-23.56,0.14,-2.01,5.94,155.4,-0.02,-1.33,-1.39,0.02,55,609.39,1189.33
667,2,667,851.86,33.54,33.69,1624.56,39.9,33.04,1.58,1459.18,38.33,-44.12,-38.95,-56.71,-25.73,0.73,-3.86,10.86,136.62,-0.01,1013.25,31.66,31.77,1233.73,34.77,30.03,1.46,951.58,30.65,-38.34,-35.44,-68.55,-22.46,0.15,-1.99,5.54,158.78,-0.02,-1.32,-1.39,0.02,55,617.87,1223
668,2,668,851.57,33.51,33.65,1579.52,40.69,33.02,1.57,1419.09,39.23,-43.71,-40.69,-56.44,-25.92,0.67,-3.78,10.7,137.88,-0.01,1021.58,31.72,31.83,1251.13,34.75,30.01,1.45,954.51,30.41,-37.65,-35.08,-68.21,-22.75,0.16,-2,4.85,160.84,-0.03,-1.32,-1.38,0.02,55,635.13,1193.67
669,2,669,880.15,33.69,33.84,1745.34,38.42,33.03,1.58,1538.99,36.29,-41.89,-40.69,-57.68,-27.33,0.59,-3.94,10.44,140.89,-0.02,1031.57,31.66,31.76,1237.03,34.59,30.01,1.45,943.98,30.76,-43.24,-36.82,-69.22,-23.76,0.17,-1.92,5.46,165.78,-0.03,-1.36,-1.4,0.02,55,615.48,1185
670,2,670,874.6,33.65,33.8,1705.07,39.03,33.04,1.58,1509.54,37.07,-38.53,-41.94,-57.5,-27.2,0.75,-3.73,10.42,141.99,-0.02,1032.47,31.61,31.72,1237.61,34.24,30.02,1.46,950.26,30.59,-43.97,-37.55,-69.89,-24,0.23,-1.91,5.48,166.18,-0.03,-1.35,-1.41,0.02,55,638.37,1190
671,1,671,804.8,33.7,33.86,1574.14,42.99,33.03,1.46,1360.71,40.68,-36.65,-41.74,-56.86,-26.88,-14.52,1.4,14.4,108.32,0.02,923,31.78,32,1162.97,39.21,30.01,1.39,881.84,32.43,-47.5,-39.86,-63.18,-30.63,-15.97,1.97,7.76,138.03,-0.02,-1.25,-1.5,-0.01,35,322,3106498
672,1,672,802.78,33.76,33.93,1637.06,42.04,33.03,1.45,1414.69,39.18,-37.32,-41.29,-56.03,-27.2,-14.2,1.54,14.55,103.5,0.03,930.55,31.73,31.95,1153.05,39.07,30.04,1.39,881.59,32.65,-43.78,-38.3,-63.26,-30.59,-15.98,2.12,8,134.79,-0.02,-1.25,-1.48,-0.01,35,335,12995
673,1,673,815.25,33.79,33.96,1633.7,42.37,33.03,1.47,1401.22,39.52,-38.74,-41.52,-56.52,-27.32,-14.64,1.39,14.2,109.17,0.02,926.9,31.76,31.98,1158.41,39.16,30.02,1.4,880.1,32.54,-47.8,-38.58,-63.25,-30.67,-16,1.99,7.55,136.44,-0.02,-1.27,-1.5,-0.01,35,322,8444
674,1,674,819.72,33.79,33.96,1617.38,42.79,33.02,1.44,1384.56,39.87,-37.39,-41.65,-57.54,-27.08,-14.4,1.46,14.47,108.74,0.03,944.53,31.7,31.9,1144.06,38.95,30,1.38,873.98,32.61,-41.9,-42.91,-62.93,-30.44,-15.87,2.09,7.84,135.21,-0.02,-1.28,-1.51,-0.01,35,314,7625
675,1,675,821.76,33.79,33.97,1653.69,42.01,33.03,1.47,1424.62,38.92,-38.65,-41.76,-56.16,-27.37,-13.23,1.56,14.34,105.07,0.02,925.28,31.76,31.98,1157.62,39.16,30.03,1.4,877.75,32.69,-45.14,-42.7,-62.68,-30.61,-16.13,2.13,7.32,140.79,-0.02,-1.29,-1.52,-0.01,35,312,9953
676,1,676,813.73,33.79,33.96,1590.3,43.5,33,1.46,1356.8,40.52,-37.55,-41.41,-55.61,-26.78,-13.87,1.37,14.21,110.84,0.02,919.07,31.67,31.89,1135.17,39.17,30.02,1.4,868.79,32.96,-47.48,-42.29,-63.02,-30.4,-16.33,1.92,7.62,142,-0.03,-1.29,-1.53,-0.01,35,322,12619
677,1,677,816.93,33.75,33.91,1600.42,42.71,33.01,1.45,1368.78,40.23,-38.6,-41.17,-56,-27.06,-14.19,1.38,14.7,103.23,0.02,917.14,31.72,31.92,1140.06,39.27,30.02,1.39,869.73,32.96,-41.83,-38.49,-63,-30.27,-16.23,1.94,8.11,134.04,-0.01,-1.28,-1.52,-0.01,35,320,8168
678,1,678,806.94,33.75,33.93,1585.34,43.37,33.04,1.47,1366.85,40.6,-38.32,-41.83,-55.75,-26.91,-13.77,1.52,14.07,109.11,0.02,931.29,31.72,31.93,1152.99,38.87,30.01,1.41,881.65,32.46,-44.37,-40.19,-63.35,-30.52,-15.98,2.09,7.41,136.13,-0.02,-1.29,-1.52,-0.01,35,327,8633
679,1,679,819.49,33.79,33.96,1611.57,42.91,33.02,1.45,1379.08,40.04,-38.02,-42.39,-56.31,-26.54,-13.39,1.52,14.13,111.49,0.01,940.03,31.82,32.05,1173.61,39.24,30.02,1.39,888,32.24,-47.86,-43.31,-62.94,-28.77,-16.2,2.04,7.63,136.68,-0.04,-1.28,-1.52,-0.01,35,341,5525
680,1,680,827.57,33.69,33.85,1565.93,43.06,33.02,1.45,1347.71,40.91,-36.45,-42.12,-56.43,-26.88,-14.08,1.55,14.3,107.96,0.01,944.83,31.63,31.82,1122.12,38.97,30.01,1.4,864.78,33.09,-40.99,-43.39,-62.89,-30.48,-16.04,2.11,7.74,137.96,-0.02,-1.28,-1.53,-0.02,35,326,5828
681,1,681,815.33,33.73,33.89,1582.35,43.02,33,1.46,1353.79,40.56,-38.06,-40.31,-56.61,-26.73,-14.71,1.4,14.28,109.38,0.02,931.23,31.61,31.85,1123.43,39.17,30.03,1.41,865.56,33.2,-44.47,-40.05,-63.26,-29.92,-16.05,2.02,7.58,138.1,-0.02,-1.29,-1.52,-0.01,35,330,5896
682,1,682,804.4,33.9,34.09,1687.81,42.3,33.03,1.46,1438.95,38.5,-41.31,-42.24,-56.18,-27.19,-14.35,1.56,14.25,108.36,0.02,906.63,31.6,31.84,1119.14,39.2,30.01,1.4,861.02,33.17,-46.69,-38.27,-63.13,-30.39,-15.82,2.14,7.42,140.34,-0.03,-1.28,-1.52,-0.01,35,321,7121
683,1,683,822.34,33.8,33.97,1635.27,42.49,33.03,1.47,1399.38,39.56,-38.21,-41.84,-55.87,-27.12,-14.41,1.54,14.07,109.27,0.04,938.51,31.71,31.93,1144.18,39.16,30.03,1.41,874.66,32.86,-43.05,-40.25,-63.02,-30.54,-16.27,2.09,7.21,140.49,-0.01,-1.29,-1.51,-0.01,35,324,6296
684,1,684,810.68,33.76,33.91,1599.26,42.8,33.01,1.46,1364.28,40.36,-39.37,-41.27,-56.38,-26.58,-13.83,1.5,14.55,104.92,0.02,917.09,31.69,31.93,1147.39,39.09,30.04,1.41,876.92,32.82,-46.17,-42.43,-63.54,-30.33,-16.13,2.04,7.67,136.4,-0.03,-1.29,-1.54,-0.01,35,329,8342
685,1,685,808.05,33.79,33.97,1604.56,43.24,33.04,1.47,1377.06,40.33,-39.37,-40.1,-56.48,-26.77,-14.08,1.62,14.22,106.09,0.01,914.58,31.63,31.84,1129.7,38.88,30.04,1.42,869.92,33.09,-45.42,-43.94,-63,-30.46,-16.23,2.13,7.33,139.93,-0.01,-1.31,-1.55,-0.01,35,310,6334
686,1,686,830.23,33.86,34.01,1669.35,42.02,33.03,1.47,1419.42,39.07,-39.18,-40.19,-56.24,-27.1,-14.52,1.7,14.44,104.64,0.02,939.93,31.78,31.98,1157.61,39.2,30.03,1.4,877.84,32.69,-43.79,-45.52,-63.05,-30.43,-16.14,2.25,7.91,135.36,-0.02,-1.29,-1.54,-0.01,35,307,12081
687,1,687,823.8,33.84,34,1665.49,41.97,33.03,1.47,1419.54,39.07,-39.95,-42.11,-56.36,-27.05,-13.94,1.74,14.12,110.53,0.01,922.64,31.63,31.85,1115.86,39.47,30,1.4,855.77,33.35,-40.7,-40.92,-62.93,-30.13,-16.13,2.28,7.5,140.72,-0.03,-1.28,-1.5,-0.01,35,343,10811
688,1,688,822.21,33.93,34.11,1705.84,42.11,33.02,1.46,1440.57,38.4,-42.42,-41.94,-56.9,-27.21,-14.26,1.76,13.96,110.46,0.02,940.92,31.78,32,1156.23,39.44,30.02,1.4,876.08,32.67,-44.2,-40.32,-62.89,-30.07,-16.05,2.3,7.41,140.11,-0.03,-1.28,-1.52,-0.02,35,332,5628
689,1,689,814.54,33.84,34.02,1652.49,42.48,33.02,1.47,1408.95,39.22,-39.12,-40.83,-56.12,-26.8,-14.45,1.51,14.01,112,0.02,937.38,31.66,31.89,1125.12,39.5,30.03,1.4,863.84,33.22,-39.7,-44.03,-62.98,-29.65,-16.27,2.12,7.6,140.46,-0.02,-1.29,-1.52,-0.01,35,322,6509
690,1,690,822.5,33.89,34.07,1671.74,42.56,33.02,1.47,1415.25,39.02,-42.33,-41.89,-56.69,-27.07,-14.06,1.66,14.26,107.11,0.02,921.48,31.65,31.87,1130.48,39.11,30.04,1.41,868.58,33.11,-43.4,-40.72,-62.66,-30.59,-16.11,2.24,7.72,138.1,-0.03,-1.28,-1.53,-0.01,35,316,6313
691,1,691,823.78,33.86,34.02,1670.33,42.03,33.04,1.46,1423.9,38.98,-39.4,-42.46,-56.43,-27.08,-13.62,1.68,14.02,113.41,0.02,940.17,31.81,32.02,1167.83,39.23,30.01,1.39,884.02,32.38,-45.82,-41.47,-63.07,-29.77,-16.04,2.18,7.67,137.36,-0.02,-1.26,-1.52,-0.01,35,318,5707
692,1,692,828.23,33.88,34.04,1676.3,42.09,33.03,1.47,1425.9,38.9,-39.61,-42.53,-56.82,-27.28,-14.24,1.7,13.93,111.28,0.03,938.5,31.78,31.99,1157.98,39.26,30.02,1.4,877.34,32.68,-47.29,-39.91,-62.5,-30.33,-16.22,2.27,7.22,141.43,0,-1.27,-1.5,-0.01,35,321,5994
693,1,693,805.18,33.72,33.89,1588.68,42.89,33.02,1.46,1364.32,40.42,-37.35,-41.71,-55.74,-26.71,-13.68,1.51,14.61,104.2,0.02,917.02,31.73,31.98,1155.01,39.28,30.03,1.4,877.33,32.73,-45.37,-39.03,-62.9,-29.95,-15.92,2.12,7.95,135.29,-0.02,-1.26,-1.53,-0.01,35,333,6472
694,1,694,810.49,33.89,34.08,1671.99,42.59,33.03,1.46,1418.04,39.07,-40.81,-41.03,-56.19,-26.8,-14.87,1.35,14.43,104.38,0.02,915.53,31.71,31.95,1154.47,39.01,30.02,1.41,878.65,32.63,-45.34,-41.02,-63.44,-30.33,-16.05,1.95,7.38,140.5,-0.01,-1.29,-1.52,-0.01,35,334,5751
695,1,695,802.3,33.75,33.95,1628.51,42.45,33.04,1.47,1408.02,39.4,-38.39,-40.96,-56.26,-26.95,-13.54,1.58,14.23,107.02,0,919.92,31.81,32.03,1166.7,39.29,30,1.39,882.46,32.3,-47.05,-43.44,-62.94,-30.46,-16.05,2.12,7.74,135.24,-0.03,-1.29,-1.52,-0.01,35,328,7794
696,1,696,819.25,33.76,33.92,1625.1,42.21,33.04,1.48,1400.42,39.6,-38.56,-41.36,-56.17,-27.11,-14.56,1.4,14.09,108.75,0.03,927.29,31.64,31.87,1129.63,39.14,30.05,1.42,868.71,33.18,-43.65,-40.13,-63.18,-30.31,-15.78,2.08,7.64,137.38,-0.02,-1.28,-1.51,-0.01,35,330,6322
697,1,697,823.15,33.81,33.99,1647.16,42.34,33.04,1.48,1414.57,39.25,-38.97,-41.75,-55.9,-27.15,-14.6,1.46,14.14,107.6,0.03,935.64,31.69,31.9,1134.55,39.28,30.02,1.4,870.57,32.93,-45.23,-40.28,-62.7,-30.43,-16.34,2,7.84,132.62,-0.02,-1.27,-1.51,-0.01,35,315,5715
698,1,698,816.59,33.79,33.96,1616.12,42.83,33.03,1.47,1384.15,39.95,-38.67,-42.17,-57.26,-27.01,-14.03,1.57,14.12,108.36,0.01,938.87,31.78,32,1155.79,39.43,30.04,1.41,881.94,32.67,-44.99,-40.37,-63.06,-30.23,-16.15,2.12,7.74,133.72,-0.03,-1.26,-1.52,-0.01,35,319,6525
699,1,699,824.01,33.82,34,1644.48,42.51,33.04,1.46,1404.28,39.49,-40.21,-41.27,-56.77,-27.01,-14.26,1.59,14.01,111.63,0,929.53,31.7,31.91,1148.25,38.85,30.02,1.4,879.8,32.56,-45.65,-38.56,-62.92,-30.29,-16.09,2.12,7.39,140.89,-0.02,-1.27,-1.52,-0.02,35,327,5718
700,1,700,821.08,33.86,34.04,1656.71,42.61,33.01,1.47,1408.94,39.17,-39.31,-42.84,-56.72,-27.43,-14.54,1.61,14.11,107.57,0.02,906.4,31.58,31.81,1114.68,39.16,30.03,1.42,861.61,33.33,-44.5,-38.66,-62.98,-30.81,-15.77,2.27,7.23,140.8,-0.03,-1.26,-1.51,-0.01,35,319,5859
701,1,701,808.22,33.70,33.81,1625.51,41.11,33.02,1.53,1442.95,38.84,-39.27,-43.74,-54.14,-25.88,0.59,-4.02,12.25,123.19,-0.04,1033.76,31.73,31.68,1248.55,33.79,30.03,1.48,954.07,30.71,-38.79,-37.65,-61.27,-23.47,0.38,-1.93,6.20,159.45,-0.06,-1.33,-1.38,-0.02,55,618.95,222320.00
702,1,702,795.42,33.66,33.76,1600.47,41.28,33.02,1.53,1429.53,39.24,-37.86,-41.16,-53.98,-24.69,0.67,-4.04,12.26,123.71,-0.04,1037.75,31.77,31.73,1253.47,34.01,30.02,1.47,952.12,30.76,-37.68,-37.63,-61.27,-22.88,0.29,-2.03,6.15,162.83,-0.05,-1.32,-1.37,-0.02,55,626.82,709.06
703,1,703,792.17,33.71,33.82,1638.43,40.91,33.02,1.53,1453.30,38.57,-40.12,-43.00,-54.37,-28.45,0.80,-4.03,12.41,119.50,-0.04,1037.63,31.57,31.52,1206.86,33.69,30.01,1.47,927.36,31.49,-39.02,-37.84,-61.19,-26.94,0.34,-1.97,6.26,158.76,-0.05,-1.33,-1.37,-0.02,55,634.04,1080.67
704,1,704,804.67,33.78,33.89,1667.37,40.83,33.02,1.52,1467.30,38.23,-41.87,-43.71,-55.43,-30.15,1.02,-3.96,12.45,119.56,-0.04,1038.32,31.54,31.50,1199.97,33.76,30.01,1.47,922.08,31.68,-38.84,-37.75,-60.79,-28.50,0.34,-1.98,6.88,152.11,-0.05,-1.33,-1.38,-0.02,55,636.42,1087.00
705,1,705,798.56,33.73,33.84,1628.94,41.29,33.01,1.52,1439.97,38.87,-40.27,-43.89,-54.12,-25.95,0.80,-4.07,12.37,122.49,-0.04,1041.88,31.61,31.56,1224.56,33.53,30.04,1.47,943.61,31.16,-39.60,-39.50,-61.40,-24.12,0.37,-1.99,6.68,153.70,-0.05,-1.32,-1.37,-0.02,55,638.31,1055.67
706,1,706,779.09,33.70,33.81,1628.22,41.08,33.02,1.54,1445.01,38.77,-41.39,-41.04,-54.59,-29.88,0.62,-4.05,12.23,122.29,-0.04,1022.09,31.54,31.50,1197.30,33.87,30.02,1.47,922.34,31.73,-39.33,-38.84,-61.12,-27.58,0.25,-2.04,6.71,152.99,-0.05,-1.33,-1.38,-0.02,555,1128.55,1076.00
707,1,707,799.89,33.76,33.87,1645.54,41.16,33.02,1.52,1450.78,38.60,-39.52,-43.01,-54.30,-26.77,0.69,-3.99,12.49,119.81,-0.04,1047.46,31.71,31.67,1255.54,33.47,30.02,1.47,957.63,30.57,-38.23,-36.88,-61.14,-24.53,0.38,-1.92,6.86,152.98,-0.06,-1.32,-1.38,-0.02,55,618.65,980.31
708,1,708,797.62,33.77,33.88,1667.17,40.73,33.02,1.52,1470.11,38.16,-41.22,-43.57,-54.09,-29.28,0.65,-3.96,12.49,117.86,-0.04,1038.44,31.59,31.55,1210.99,33.79,30.02,1.47,928.23,31.57,-39.16,-38.17,-61.07,-27.34,0.33,-1.98,6.56,155.63,-0.05,-1.32,-1.37,-0.02,55,593.15,1104.00
709,1,709,796.21,33.72,33.83,1644.88,40.82,33.03,1.54,1460.40,38.50,-40.54,-41.65,-54.74,-29.72,0.86,-4.07,12.24,120.90,-0.04,1030.79,31.61,31.57,1224.39,33.56,30.01,1.48,939.93,31.06,-39.42,-36.91,-61.36,-27.60,0.26,-2.06,6.28,160.17,-0.06,-1.33,-1.38,-0.02,55,578.90,1114.33
710,1,710,790.88,33.72,33.83,1632.01,41.10,33.03,1.53,1448.27,38.76,-41.16,-42.52,-54.54,-27.93,0.83,-3.99,12.51,118.19,-0.04,1030.05,31.65,31.60,1231.54,33.61,30.04,1.47,946.39,31.03,-39.38,-38.20,-60.79,-24.59,0.31,-2.00,6.88,149.64,-0.06,-1.32,-1.37,-0.02,55,641.30,1138.33
711,1,711,806.15,33.71,33.81,1637.23,40.87,33.02,1.53,1452.79,38.59,-40.04,-41.21,-54.22,-27.41,0.63,-4.08,12.36,119.24,-0.04,1041.60,31.63,31.58,1231.55,33.45,30.04,1.48,947.27,31.00,-39.22,-36.52,-61.46,-25.24,0.29,-2.02,6.48,156.94,-0.05,-1.33,-1.38,-0.02,55,689.94,1064.63
712,1,712,800.11,33.71,33.81,1610.31,41.47,33.02,1.52,1431.10,39.20,-38.75,-42.76,-54.00,-29.26,0.81,-3.98,12.61,117.88,-0.04,1038.08,31.72,31.68,1235.71,34.14,30.02,1.47,937.10,31.27,-38.50,-37.25,-60.82,-28.16,0.37,-1.96,6.53,158.35,-0.05,-1.32,-1.38,-0.02,55,644.18,1026.05
713,1,713,798.39,33.72,33.82,1619.96,41.34,33.03,1.53,1437.04,39.04,-39.55,-40.94,-54.65,-29.89,0.91,-4.08,12.53,119.17,-0.04,1041.91,31.75,31.71,1249.55,33.93,30.02,1.47,948.97,30.85,-38.59,-37.69,-61.35,-28.29,0.26,-2.01,6.64,154.77,-0.06,-1.34,-1.38,-0.02,55,635.78,1052.67
714,1,714,805.77,33.79,33.89,1664.22,40.96,33.02,1.52,1463.65,38.34,-41.84,-41.89,-55.07,-27.48,0.66,-4.04,12.22,122.17,-0.04,1044.93,31.65,31.61,1216.60,34.12,30.02,1.47,926.52,31.61,-38.95,-37.09,-61.09,-25.68,0.23,-2.05,6.32,160.69,-0.05,-1.34,-1.38,-0.02,55,642.71,1084.33
715,1,715,799.51,33.71,33.81,1636.71,40.86,33.02,1.53,1452.62,38.60,-39.43,-42.50,-54.30,-29.34,0.79,-4.08,12.29,120.03,-0.04,1030.77,31.76,31.71,1246.81,34.02,30.04,1.47,952.24,30.89,-38.06,-36.90,-61.18,-27.64,0.32,-1.98,6.14,160.09,-0.05,-1.33,-1.38,-0.02,55,609.75,1069.33
716,1,716,795.28,33.76,33.87,1659.50,40.85,33.03,1.53,1464.87,38.35,-40.76,-44.29,-54.47,-29.71,0.72,-3.97,12.50,116.22,-0.04,1046.74,31.76,31.71,1235.20,34.42,30.03,1.46,935.95,31.37,-38.29,-36.83,-61.26,-27.93,0.37,-1.95,6.68,152.53,-0.06,-1.33,-1.38,-0.02,55,620.55,1112.67
717,1,717,803.95,33.73,33.83,1648.47,40.78,33.03,1.53,1461.54,38.45,-40.36,-42.16,-54.21,-29.09,0.63,-4.05,12.32,121.56,-0.04,1037.64,31.55,31.51,1215.90,33.34,30.02,1.47,938.60,31.21,-40.11,-37.86,-61.10,-27.60,0.31,-1.96,6.39,159.65,-0.05,-1.34,-1.38,-0.02,55,643.08,1076.33
718,1,718,799.78,33.74,33.86,1659.25,40.72,33.04,1.54,1468.54,38.33,-41.76,-44.34,-54.59,-31.03,0.82,-4.00,12.17,120.57,-0.04,1029.09,31.58,31.53,1197.39,34.08,30.02,1.47,919.03,31.88,-38.86,-37.55,-60.83,-30.90,0.29,-1.99,6.36,158.10,-0.06,-1.34,-1.38,-0.02,55,594.70,1083.67
719,1,719,799.30,33.73,33.83,1643.84,40.89,33.03,1.53,1458.78,38.53,-40.74,-42.16,-54.59,-29.19,0.81,-4.07,12.48,117.80,-0.04,1036.91,31.61,31.57,1212.84,33.95,30.01,1.47,930.74,31.40,-40.77,-37.99,-61.23,-26.94,0.28,-1.99,6.67,154.35,-0.05,-1.34,-1.39,-0.02,55,614.61,1107.00
720,1,720,759.61,33.73,33.84,1660.33,40.56,33.01,1.53,1469.62,38.08,-41.90,-44.71,-55.33,-26.80,0.88,-4.00,12.04,121.76,-0.04,997.07,31.45,31.40,1204.80,32.86,30.01,1.49,941.39,31.05,-40.83,-41.07,-60.71,-23.27,0.30,-1.95,6.22,156.55,-0.05,-1.36,-1.40,-0.02,55,615.71,1113.00
721,1,721,790.59,33.71,33.81,1619.42,41.26,33.02,1.53,1437.32,38.96,-40.73,-42.49,-54.60,-27.70,0.70,-4.07,12.51,118.62,-0.04,1030.74,31.65,31.62,1219.04,34.12,30.02,1.46,931.04,31.43,-37.98,-37.75,-61.31,-25.08,0.27,-2.04,6.69,154.34,-0.05,-1.34,-1.38,-0.02,55,617.76,1096.67
722,1,722,804.24,33.73,33.83,1625.21,41.34,33.02,1.51,1436.69,39.00,-39.72,-43.75,-54.25,-29.17,0.66,-4.00,12.49,118.20,-0.03,1053.72,31.70,31.66,1240.38,33.80,30.04,1.46,945.21,31.11,-39.66,-39.13,-61.17,-27.24,0.35,-1.96,6.98,150.05,-0.06,-1.33,-1.37,-0.02,55,619.66,1109.00
723,1,723,802.91,33.71,33.82,1649.13,40.66,33.03,1.53,1468.10,38.30,-39.34,-42.17,-54.16,-25.47,0.61,-4.04,12.35,119.01,-0.04,1036.34,31.61,31.56,1225.69,33.51,30.02,1.47,946.29,30.92,-39.71,-38.66,-61.42,-23.11,0.35,-1.97,6.91,151.04,-0.05,-1.33,-1.38,-0.02,55,577.61,1082.33
724,1,724,755.41,33.76,33.87,1665.25,40.70,33.02,1.53,1470.28,38.16,-42.10,-44.54,-55.31,-28.69,0.56,-4.14,12.24,117.10,-0.04,988.76,31.57,31.50,1215.47,33.32,30.02,1.48,945.20,30.95,-39.00,-38.79,-60.90,-26.08,0.28,-2.06,6.83,148.27,-0.06,-1.35,-1.39,-0.02,55,675.86,1157.00
725,1,725,794.14,33.80,33.90,1672.38,40.85,33.03,1.52,1471.03,38.17,-41.30,-41.03,-54.86,-27.35,0.77,-4.05,12.30,121.69,-0.04,1039.78,31.68,31.64,1230.39,34.00,30.03,1.47,942.00,31.16,-39.09,-36.12,-61.49,-24.27,0.26,-2.01,6.79,153.17,-0.06,-1.34,-1.38,-0.02,55,588.25,1039.33
726,1,726,789.81,33.70,33.81,1611.33,41.45,33.02,1.51,1432.27,39.17,-39.69,-42.56,-54.67,-27.90,0.63,-4.00,12.62,117.96,-0.04,1039.23,31.62,31.58,1219.32,33.81,30.01,1.46,930.75,31.41,-38.55,-39.65,-61.05,-25.14,0.33,-1.98,7.11,149.05,-0.05,-1.33,-1.38,-0.02,55,590.70,1124.67
727,1,727,785.81,33.70,33.80,1623.38,41.08,33.02,1.52,1443.00,38.84,-40.66,-42.61,-54.25,-30.52,0.57,-4.03,12.57,115.04,-0.04,1030.53,31.61,31.57,1215.09,33.87,30.01,1.46,929.18,31.47,-37.98,-38.12,-61.23,-29.24,0.31,-2.00,6.83,150.72,-0.05,-1.33,-1.38,-0.02,55,592.52,8924.33
728,1,728,788.47,33.72,33.82,1639.61,40.87,33.02,1.53,1456.03,38.52,-39.94,-42.21,-54.14,-28.00,0.79,-3.92,12.55,118.42,-0.04,1032.15,31.70,31.66,1245.12,33.67,30.00,1.47,952.96,30.59,-37.56,-37.42,-61.22,-25.80,0.29,-1.98,7.08,147.54,-0.05,-1.33,-1.38,-0.02,55,613.03,1135.67
729,1,729,796.58,33.76,33.86,1662.92,40.69,33.02,1.53,1468.29,38.16,-39.93,-41.43,-54.24,-25.33,0.58,-4.14,12.25,121.31,-0.04,1039.96,31.57,31.52,1207.78,33.70,30.04,1.47,931.25,31.55,-39.60,-37.09,-61.38,-23.01,0.26,-2.06,6.71,158.08,-0.05,-1.34,-1.38,-0.02,55,628.13,1082.67
730,1,730,784.86,33.73,33.84,1639.41,41.04,33.01,1.53,1452.40,38.54,-40.21,-42.09,-54.06,-26.59,0.94,-3.93,12.05,127.23,-0.05,1021.67,31.67,31.64,1218.19,34.29,30.03,1.46,930.56,31.52,-38.42,-36.22,-61.05,-23.82,0.35,-1.93,6.57,157.71,-0.05,-1.33,-1.37,-0.02,55,630.69,1095.00
731,1,731,795.41,33.71,33.81,1621.75,41.19,33.03,1.52,1441.33,38.96,-40.14,-42.50,-54.45,-29.46,0.71,-4.03,12.76,114.31,-0.03,1028.58,31.68,31.63,1225.97,34.04,30.04,1.47,939.96,31.28,-39.83,-37.50,-61.28,-27.24,0.33,-1.95,6.75,152.16,-0.05,-1.34,-1.38,-0.02,55,648.40,1064.33
732,1,732,793.98,33.79,33.90,1671.36,40.84,33.03,1.53,1470.57,38.19,-41.52,-42.97,-54.32,-28.77,0.57,-4.02,12.28,120.51,-0.04,1036.07,31.60,31.56,1212.12,33.88,30.04,1.47,932.58,31.57,-41.19,-37.90,-61.15,-25.12,0.36,-1.98,6.88,150.68,-0.06,-1.33,-1.38,-0.02,55,585.98,1079.00
733,1,733,795.13,33.72,33.82,1640.66,40.87,33.02,1.53,1457.61,38.49,-39.66,-42.01,-54.36,-28.67,0.48,-4.12,12.53,116.64,-0.04,1037.73,31.64,31.59,1233.71,33.48,30.02,1.47,948.69,30.88,-38.88,-37.43,-61.35,-26.23,0.26,-2.05,6.75,154.62,-0.06,-1.34,-1.38,-0.02,55,585.82,1126.00
734,1,734,794.05,33.79,33.91,1694.61,40.37,33.03,1.53,1492.14,37.72,-42.26,-41.62,-54.55,-25.56,0.68,-4.00,12.32,122.82,-0.04,1044.46,31.77,31.72,1262.71,33.68,30.01,1.47,958.45,30.49,-38.00,-38.18,-61.20,-23.36,0.27,-2.02,6.57,157.70,-0.06,-1.34,-1.38,-0.02,55,630.24,1127.33
735,1,735,789.77,33.76,33.87,1659.94,40.81,33.03,1.53,1464.74,38.33,-41.33,-43.28,-54.60,-27.61,0.80,-4.04,12.28,119.73,-0.04,1034.64,31.72,31.67,1234.37,34.11,30.02,1.47,941.33,31.08,-38.55,-38.21,-61.12,-25.64,0.30,-2.02,6.65,150.96,-0.05,-1.33,-1.38,-0.02,55,577.57,1091.67
736,1,736,786.82,33.70,33.82,1679.27,39.91,33.03,1.53,1498.30,37.54,-41.68,-43.00,-54.80,-30.55,0.91,-3.92,12.63,114.07,-0.04,1017.57,31.56,31.53,1205.32,33.80,30.05,1.47,935.47,31.48,-37.90,-39.44,-60.92,-28.34,0.35,-1.92,7.27,145.74,-0.06,-1.34,-1.39,-0.02,55,662.18,1162.00
737,1,737,795.31,33.65,33.75,1601.85,41.15,33.02,1.53,1433.70,39.12,-38.15,-41.64,-53.84,-28.09,0.66,-3.97,12.52,118.06,-0.04,1033.58,31.64,31.60,1202.20,34.46,30.04,1.47,922.35,31.87,-38.01,-37.47,-61.31,-25.82,0.37,-1.88,6.59,155.42,-0.05,-1.33,-1.38,-0.02,55,636.62,1054.33
738,1,738,800.55,33.74,33.85,1665.30,40.54,33.04,1.54,1478.78,38.07,-39.95,-43.99,-54.33,-29.46,0.93,-4.03,12.28,119.08,-0.04,1035.91,31.63,31.58,1214.01,33.98,30.02,1.47,929.21,31.51,-44.24,-39.65,-60.66,-27.33,0.43,-1.66,6.34,158.04,-0.05,-1.33,-1.42,-0.02,55,618.60,1105.67
739,1,739,809.18,33.74,33.84,1644.72,40.95,33.03,1.52,1457.20,38.52,-40.37,-41.28,-54.79,-26.91,0.74,-4.09,12.64,117.45,-0.04,1047.27,31.68,31.64,1238.20,33.74,30.00,1.47,946.57,30.80,-39.35,-37.37,-61.25,-24.20,0.23,-2.07,7.00,149.80,-0.06,-1.34,-1.38,-0.02,55,617.32,1098.67
740,1,740,801.16,33.75,33.86,1642.24,41.13,33.03,1.53,1450.81,38.71,-41.10,-42.25,-54.62,-28.39,0.75,-3.94,12.10,124.40,-0.04,1037.03,31.65,31.60,1222.18,33.93,30.02,1.47,935.66,31.30,-38.66,-36.91,-61.21,-25.76,0.36,-1.92,6.42,154.68,-0.05,-1.35,-1.39,-0.02,55,622.77,4985.00
