Header Section,,,,,,,,,,,,,,,,,,,,,,,,,,,,,,,,,,,,,,,,,,
Product,VC5268,,,,,,,,,,,,,,,,,,,,,,,,,,,,,,,,,,,,,,,,,
Test Plan,Rev(H),,,,,,,,,,,,,,,,,,,,,,,,,,,,,,,,,,,,,,,,,
Release Date,9/26/2012,,,,,,,,,,,,,,,,,,,,,,,,,,,,,,,,,,,,,,,,,
Comment,Dual Band, 301~330 is valid for Acetech,,,,,,,,,,,,,,,,,,,,,,,,,,,,,,,,,,,,,,,,
,,,,,,,,,,,,,,,,,,,,,,,,,,,,,,,,,,,,,,,,,,
Data Section,,,,,,,,,,,,,,,,,,,,,,,,,,,,,,,,,,,,,,,,,,
Device#,1,2,3,4,5,6,7,8,9,10,11,12,13,14,15,16,17,18,19,20,21,22,23,24,25,26,27,28,29,30,31,32,33,34,35,36,37,38,39,40,41,42
Test Item,Site No,Device ID,GSM915 Idle Current,GSM915 Max Pout @ 0dBm Drive,GSM915 Max Pout,GSM915 Max Icc,GSM915 Max PAE,GSM915 Rated Pout,GSM915 Rated Vramp,GSM915 Rated Icc,GSM915 Rated PAE,GSM915 2nd har@33dBm,GSM915 3rd har@33dBm,GSM915 Fwd Isolation 1,GSM915 Fwd Isolation 2,GSM915 Pout Leakage@RX0,GSM915 Pout Leakage@RX1,GSM915 CMOS Pout,GSM915 Pout Slope,GSM915 Stress Delta,DCS1785 Idle Current,DCS1785 Max Pout @ 0dBm Drive,DCS1785 Max Pout,DCS1785 Max Icc,DCS1785 Max PAE,DCS1785 Rated Pout,DCS1785 Rated Vramp,DCS1785 Rated Icc,DCS1785 Rated PAE,DCS1785 2nd har@33dBm,DCS1785 3rd har@33dBm,DCS1785 Fwd Isolation 1,DCS1785 Fwd Isolation 2,DCS1785 Pout Leakage@RX0,DCS1785 Pout Leakage@RX1,DCS1785 CMOS Pout,DCS1785 Pout Slope,DCS1785 Stress Delta,Insertion Loss Rx0 960MHz,Insertion Loss Rx1 1805MHz,Leakage Current,Leakage Current Delay Time
Low Tolerance,,,60,0.3,0.3,60,,,,60,,2,2,3,2,3,3,1,,,60,0.3,0.3,60,,,,60,,3,3,3,2,3,3,1,,,0.3,0.3,5,
High Tolerance,,,60,0.3,0.3,60,,,,60,,2,2,3,2,3,3,1,,,60,0.3,0.3,60,,,,60,,3,3,3,2,3,3,1,,,0.3,0.3,10,
Enable,,,1,1,1,1,0,0,0,1,0,1,1,1,1,1,1,1,0,0,1,1,1,1,0,0,0,1,0,1,1,1,1,1,1,1,0,0,1,1,1,0
1,1,1,790.122,33.532,33.714,1677.033,40.073,33.028,1.575,1514.846,37.875,-37.346,-37.302,-59.715,-31.317,-0.033,-4.139,11.603,108.328,0.001,622.981,31.063,31.298,1153.179,33.404,29.961,1.462,944.034,29.993,-40.26,-35.504,-63.042,-28.635,0.574,-1.323,7.498,115.26,0.002,-1.664,-1.715,13.686,35
2,1,2,774.273,33.458,33.632,1623.058,40.625,33.03,1.572,1478.683,38.824,-35.688,-36.763,-59.068,-31.175,-0.121,-4.278,11.727,108.121,-0.004,617.642,31.091,31.335,1168.611,33.247,29.96,1.462,954.097,29.67,-42.338,-33.756,-63.294,-28.591,0.606,-1.36,7.334,116.694,-0.002,-1.656,-1.722,13.583,35
3,1,3,781.367,33.48,33.665,1626.758,40.844,33,1.556,1467.566,38.844,-36.221,-36.287,-58.705,-30.876,-0.299,-4.359,11.761,110.034,0,615.737,31.143,31.383,1166.529,33.679,29.996,1.453,949.868,30.053,-40.43,-32.781,-63.277,-29.688,0.625,-1.435,7.629,115.116,-0.001,-1.659,-1.721,13.832,35
4,1,4,769.478,33.404,33.577,1623.013,40.112,32.977,1.538,1476.009,38.418,-38.21,-35.086,-58.965,-31.29,0.007,-3.764,11.721,107.976,-0.001,618.098,30.981,31.218,1156.637,32.701,29.975,1.462,961.083,29.558,-34.794,-33.675,-63.33,-28.924,0.54,-0.539,7.377,115.826,0.005,-1.668,-1.754,13.972,35
5,1,5,797.603,33.565,33.733,1702.121,39.649,33.005,1.575,1527.597,37.363,-37.217,-37.263,-58.669,-31.631,-0.026,-4.074,11.31,110.334,0,626.71,31.016,31.254,1146.648,33.258,30.037,1.481,952.425,30.252,-47.947,-35.329,-63.405,-28.359,0.562,-1.313,6.995,120.278,0.001,-1.652,-1.704,13.853,35
6,1,6,785.551,33.487,33.677,1615.279,41.243,32.98,1.562,1458.402,38.915,-36.361,-36.253,-58.706,-30.738,-0.225,-4.226,11.973,106.69,-0.004,619.606,31.117,31.366,1173.822,33.338,29.992,1.462,956.987,29.798,-38.2,-33.824,-63.509,-29.988,0.645,-1.329,7.507,115.757,-0.002,-1.661,-1.728,13.969,35
7,1,7,771.006,33.409,33.589,1621.434,40.265,32.982,1.575,1481.562,38.322,-37.504,-37.576,-59.365,-30.854,-0.196,-4.271,11.608,110.072,-0.002,615.326,31.048,31.297,1152.94,33.406,29.968,1.462,941.193,30.132,-35.907,-33.697,-63.007,-30.061,0.498,-1.414,7.353,117.334,-0.001,-1.666,-1.713,13.664,35
8,1,8,776.11,33.564,33.75,1637.655,41.366,33.002,1.552,1460.581,39.052,-36.981,-36.621,-59.125,-30.673,0.216,-4.204,11.799,109.851,-0.005,615.895,31.189,31.427,1183.578,33.53,30.025,1.459,965.088,29.776,-44.502,-30.694,-63.431,-29.619,0.723,-1.312,7.725,113.19,0,-1.661,-1.721,13.925,35
9,1,9,781.549,33.508,33.714,1692.495,39.7,32.979,1.575,1521.353,37.29,-37.316,-36.803,-59.55,-30.737,-0.182,-4.204,11.511,108.289,-0.003,614.205,31.177,31.428,1180.049,33.641,30.007,1.462,957.729,29.881,-42.1,-31.766,-63.493,-29.156,0.603,-1.282,7.255,118.326,-0.003,-1.669,-1.722,13.727,35
10,1,10,788.616,33.5,33.683,1702.182,39.198,32.998,1.584,1539.941,37.004,-37.343,-36.558,-59.141,-31.578,-0.186,-4.186,11.272,109.249,0,622.954,31.052,31.285,1158.63,33.149,30.025,1.478,956.672,30.036,-53.442,-33.234,-63.146,-28.158,0.52,-1.387,7.02,119.205,0.005,-1.673,-1.713,13.813,35
11,1,11,798.234,33.528,33.704,1626.409,41.222,33.037,1.557,1462.588,39.312,-35.325,-36.034,-58.513,-31.334,0.018,-4.268,11.431,114.724,-0.008,624.442,31.194,31.43,1179.628,33.67,30.004,1.456,957.004,29.883,-61.556,-32.29,-63.504,-28.503,0.678,-1.333,7.284,118.572,0.005,-1.668,-1.735,14.22,35
12,1,12,787.917,33.53,33.704,1659.064,40.404,33.026,1.563,1493.036,38.409,-37.251,-37.181,-59.555,-31.049,0.007,-4.233,11.623,109.096,-0.002,621.776,31.091,31.334,1169.035,33.229,29.97,1.462,953.725,29.754,-39.832,-33.238,-63.317,-29.659,0.558,-1.439,7.265,117.214,0.002,-1.67,-1.722,13.984,35
13,1,13,785.885,33.492,33.678,1628.912,40.906,32.959,1.556,1461.989,38.623,-37.793,-36.516,-59.889,-30.602,-0.036,-4.228,11.594,110.352,-0.004,618.051,31.079,31.32,1157.963,33.436,29.966,1.462,943.275,30.05,-43.583,-33.363,-63.049,-30.415,0.548,-1.374,7.261,118.679,0.002,-1.68,-1.729,13.762,35
14,1,14,784.715,33.509,33.686,1654.895,40.34,33.03,1.572,1498.607,38.305,-37.614,-36.205,-59.589,-31.279,-0.229,-4.18,11.411,111.856,0,625.427,31.116,31.358,1171.046,33.352,29.991,1.462,954.99,29.855,-44.185,-33.335,-63.205,-29.072,0.599,-1.325,7.344,117.317,0.002,-1.682,-1.731,13.968,35
15,1,15,761.03,33.397,33.593,1630.197,40.083,32.98,1.575,1486.718,38.165,-37.993,-36.688,-58.64,-30.7,-0.163,-4.33,11.706,108.95,0.001,606.115,31.096,31.343,1159.272,33.579,30.011,1.462,948.032,30.21,-60.034,-31.895,-63.642,-29.069,0.576,-1.381,7.625,115.015,-0.001,-1.668,-1.73,13.796,35
16,1,16,778.987,33.438,33.622,1599.095,41.136,33.007,1.562,1458.85,39.14,-35.779,-35.698,-58.986,-30.426,0.022,-4.255,11.918,106.58,0,616.653,30.933,31.168,1125.52,33.22,29.966,1.462,934.214,30.347,-47.275,-34.439,-63.286,-30.221,0.373,-1.496,7.625,114.314,0.004,-1.673,-1.727,13.908,35
17,1,17,777.07,33.485,33.672,1673.36,39.774,32.994,1.575,1512.131,37.648,-37.574,-36.776,-58.158,-30.154,-0.179,-4.255,11.675,107.308,-0.004,611.377,31.102,31.331,1161.718,33.418,29.976,1.462,948.148,29.969,-44.629,-32.326,-63.675,-29.398,0.566,-1.387,7.802,111.822,0.005,-1.663,-1.731,13.738,35
18,1,18,737.091,33.209,33.394,1625.482,38.398,33.019,1.556,1534.836,37.306,-36.883,-36.339,-59.151,-30.787,-0.299,-4.516,11.819,108.073,-0.002,589.14,30.959,31.196,1157.139,32.516,30.026,1.444,969.567,29.644,-45.866,-32.844,-63.479,-29.492,0.47,-1.445,7.73,114.785,0.003,-1.675,-1.737,13.492,35
19,1,19,772.149,33.492,33.702,1648.224,40.652,32.996,1.575,1482.824,38.41,-37.39,-37.394,-58.906,-30.679,0.024,-4.209,11.316,112.546,-0.006,608.611,31.061,31.307,1158.845,33.312,30.042,1.481,955.26,30.199,-37.973,-33.681,-63.494,-29.207,0.598,-1.378,7.095,119.517,0.004,-1.657,-1.727,13.769,35
20,1,20,788.789,33.557,33.695,1656.506,40.383,32.973,1.556,1485.908,38.13,-38.395,-37.981,-59.229,-31.339,-0.039,-4.183,11.535,110.467,-0.001,621.285,30.968,31.206,1139.064,33.111,30.004,1.472,947.686,30.179,-53.285,-35.022,-63.333,-28.932,0.486,-1.443,7.265,118.272,0.002,-1.657,-1.727,14.119,35
21,1,21,781.558,33.913,34.062,1712.585,42.503,32.97,1.444,1448.116,39.094,-42.126,-40.683,-56.568,-29.267,2.355,-1.986,12.534,115.722,-0.001,951.655,31.557,31.635,1211.005,38.985,30.012,1.35,854.217,32.774,-45.226,-38.13,-59.12,-25.104,2.96,1.273,7.686,145.176,-0.004,-1.484,-1.593,5.213,35
22,1,22,779.14,33.971,34.081,1613.001,45.331,33.005,1.444,1372.841,41.571,-41.262,-41.487,-57.615,-26.151,2.445,-2.237,12.605,115.599,-0.004,950.823,31.74,31.796,1221.102,40.131,30.002,1.35,877.072,32.591,-45.363,-37.104,-60.812,-22.126,3.044,1.344,7.56,143.654,-0.003,-1.517,-1.599,8.105,35
26,1,26,772.057,34.089,34.222,1699.71,44.441,33.027,1.462,1437.94,39.893,-41.455,-41.875,-57.145,-27.284,2.531,-2.163,12.243,118.045,-0.004,945.81,31.636,31.702,1175.03,41.312,29.98,1.341,849.43,34.286,-43.326,-35.562,-60.613,-22.82,3.016,1.298,7.477,147.213,-0.002,-1.474,-1.598,5.515,35
27,1,27,770.174,34.003,34.14,1629.951,45.474,32.979,1.444,1375.7,41.237,-41.094,-41.706,-57.819,-28.183,2.754,-2.179,13.115,108.115,0.001,944.963,31.741,31.886,1197.305,43.288,29.983,1.322,856.014,34.041,-42.753,-36.045,-61.197,-23.964,3.268,1.367,8,142.826,-0.002,-1.495,-1.589,7.154,35
30,1,30,800.019,34.043,34.144,1683.716,44.056,32.964,1.462,1417.356,39.884,-42.138,-40.318,-57.743,-27.136,2.243,-2.31,12.466,114.4,-0.004,956.875,31.637,31.696,1213.976,39.934,29.987,1.359,860.856,33.088,-41.372,-37.754,-60.349,-22.862,3.119,1.174,7.346,146.464,0,-1.509,-1.616,6.936,35
201,1,201,781.057,33.693,33.85,1592.044,43.551,33.041,1.538,1317.256,43.683,-42.106,-40.402,-56.173,-27.678,1.137,-2.664,11.335,114.348,-0.004,946.982,31.742,31.845,1180.727,37.009,29.994,1.388,868.81,32.839,-42.927,-37.196,-65.02,-24.398,1.765,-0.818,6.419,139.713,-0.008,-1.219,-1.252,4.672,35
202,1,202,795.331,33.7,33.849,1620.549,42.769,33.017,1.551,1340.616,42.692,-41.959,-40.051,-56.149,-28.75,1.196,-2.76,11.23,112.844,-0.004,958.95,31.804,31.897,1209.627,36.561,30.007,1.397,887.813,32.23,-42.882,-36.446,-65.634,-25.388,1.744,-0.893,6.221,139.687,-0.004,-1.234,-1.257,4.619,35
203,1,203,805.735,33.714,33.862,1631.23,42.623,33,1.547,1344.382,42.404,-41.453,-40.876,-56.086,-27.827,1.016,-2.735,11.018,116.985,-0.006,958.115,31.678,31.788,1182.692,36.466,29.991,1.399,870.632,32.747,-44.281,-35.306,-66.223,-24.601,1.655,-0.968,5.899,146.592,0,-1.229,-1.249,4.69,35
204,1,204,779.75,33.692,33.851,1637.034,42.358,33.044,1.556,1364.132,42.213,-41.797,-41.015,-56.889,-28.552,1.244,-2.718,11.161,114.879,-0.003,941.938,31.692,31.799,1177.933,36.707,30.009,1.397,866.219,33.056,-44.412,-36.636,-65.513,-25.554,1.692,-0.904,6.008,146.246,0,-1.219,-1.244,4.677,35
205,1,205,796.355,33.743,33.896,1610.823,43.505,33.026,1.538,1323.043,43.348,-42.019,-40.76,-56.153,-29.597,1.146,-2.557,11.326,114.223,-0.007,963.519,31.797,31.901,1204.538,36.748,30,1.388,879.037,32.501,-43.288,-36.461,-65.326,-26.411,1.821,-0.704,6.356,141.125,-0.006,-1.225,-1.245,4.658,35
206,1,206,780.457,33.673,33.837,1586.891,43.563,32.96,1.538,1302.671,43.362,-41.573,-40.365,-55.616,-28.589,1.221,-2.764,11.311,112.927,-0.007,941.466,31.947,32.036,1224.689,37.281,30.002,1.388,889.885,32.122,-41.126,-38.074,-64.339,-25.644,1.885,-0.692,6.415,136.829,-0.004,-1.233,-1.25,4.635,35
207,1,207,785.21,33.74,33.904,1618.119,43.382,32.984,1.542,1323.341,42.92,-42.031,-40.415,-55.324,-27.515,1.363,-2.751,11.11,113.977,-0.004,949.19,31.927,32.014,1224.643,37.095,29.979,1.388,888.835,31.99,-42.171,-37.118,-64.013,-24.471,1.842,-0.817,6.273,139.533,0,-1.246,-1.27,4.643,35
208,1,208,790.661,33.681,33.835,1651.17,41.847,33.01,1.556,1374.409,41.575,-42.513,-41.086,-55.616,-27.133,1.23,-2.747,10.97,116.083,-0.005,954.142,31.768,31.87,1187.102,37.017,29.998,1.388,869.792,32.832,-43.047,-36.206,-65.519,-24.072,1.732,-0.881,5.92,146.656,-0.002,-1.234,-1.254,4.673,35
209,1,209,809.776,33.756,33.902,1620.805,43.295,33.021,1.538,1326.315,43.186,-41.156,-40.612,-56.217,-24.987,1.258,-2.71,11.221,113.037,-0.008,974.075,31.746,31.846,1185.539,36.867,29.996,1.397,873.299,32.684,-43.632,-37.055,-65.715,-22.027,1.703,-0.897,6.185,140.096,-0.003,-1.231,-1.253,4.639,35
210,1,210,794.923,33.772,33.936,1645.183,42.984,32.99,1.538,1340.731,42.421,-42.374,-40.86,-56.319,-27.545,1.178,-2.788,11.023,117.089,-0.007,959.092,31.687,31.786,1163.699,37.042,29.982,1.392,855.819,33.249,-43.16,-37.195,-65.276,-24.186,1.639,-1.041,6.064,145.47,0,-1.236,-1.266,4.638,35
211,1,211,795.92,33.648,33.81,1560.89,44.012,33.009,1.538,1286.19,44.42,-40.758,-40.925,-56.503,-28.644,0.834,-2.79,11.057,118.865,-0.011,959.108,31.648,31.751,1184.229,36.111,30.001,1.406,878.1,32.543,-42.974,-34.865,-65.832,-25.3,1.67,-1.033,6.235,141.452,-0.005,-1.248,-1.262,4.629,35
212,1,212,805.06,33.697,33.858,1635.665,42.464,33.041,1.556,1359.835,42.316,-41.241,-41.226,-56.219,-28.086,1.001,-2.778,11.15,112.633,-0.007,963.626,31.772,31.866,1193.555,36.787,29.961,1.388,874.474,32.377,-42.466,-36.825,-65.485,-24.515,1.755,-0.903,6.482,136.359,-0.005,-1.245,-1.267,4.638,35
213,1,213,802.635,33.739,33.885,1637.75,42.681,33.008,1.549,1345.187,42.461,-40.953,-39.917,-56.413,-28.516,1.129,-2.623,10.936,119.423,-0.004,967.138,31.709,31.815,1189.294,36.488,30.009,1.397,874.373,32.742,-44.602,-36.448,-66.135,-25.175,1.639,-0.846,6.048,146.002,-0.002,-1.24,-1.256,4.682,35
214,1,214,806.711,33.735,33.884,1636.034,42.714,33.023,1.552,1348.696,42.495,-41.801,-40.989,-56.172,-29.674,1.386,-2.532,11.17,115.038,-0.006,967.201,31.744,31.85,1196.054,36.578,29.994,1.393,875.721,32.579,-43.856,-36.261,-65.879,-26.447,1.732,-0.741,6.28,141.223,-0.002,-1.237,-1.251,4.606,35
215,1,215,776.962,33.736,33.912,1671.435,42.072,33.04,1.556,1385.818,41.515,-41.979,-41.035,-58.003,-29.058,1.271,-2.604,11.239,113.422,-0.006,938.964,31.712,31.811,1174.008,36.929,29.971,1.39,861.235,32.954,-42.751,-35.999,-65.382,-25.597,1.658,-0.866,6.472,141.209,0.003,-1.235,-1.254,4.644,35
301,1,301,767.027,33.721,33.872,1660.832,42.264,33.036,1.519,1495.752,38.736,-42.425,-34.968,-55.828,-30.401,1.275,-3.146,12.918,127.211,0,967.239,31.706,31.821,1157.44,37.986,29.98,1.425,891.621,32.338,-41.878,-43.062,-67.815,-27.112,2.483,-0.281,16.076,156.267,0.001,-1.422,-1.334,3.931,35
302,2,302,769.833,33.716,33.877,1678.03,41.876,32.984,1.519,1501.215,38.138,-43.327,-33.558,-55.769,-30.522,0.969,-3.477,12.667,129.124,-0.003,964.913,31.502,31.638,1122.201,37.566,30.034,1.444,884.308,33.007,-42.895,-48.137,-69.417,-27.034,2.291,-0.766,15.889,158.151,0.001,-1.453,-1.377,3.688,35
303,3,303,782.037,33.752,33.885,1699.512,41.436,33.027,1.534,1527.171,37.867,-40.938,-35.339,-55.845,-29.099,1.307,-3.296,12.292,133.944,-0.002,983.657,31.604,31.717,1154.116,37.205,30.011,1.444,899.677,32.284,-41.657,-42.36,-68.658,-25.297,2.459,-0.568,15.584,162.533,0,-1.442,-1.356,3.419,35
304,4,304,780.507,33.748,33.884,1691.69,41.61,32.97,1.519,1510.595,37.782,-43.471,-34.443,-55.421,-29.395,1,-3.34,12.873,126.36,-0.003,971.922,31.56,31.695,1140.619,37.45,30.024,1.444,895.296,32.536,-47.052,-45.541,-68.674,-26.153,2.316,-0.616,15.74,160.069,-0.001,-1.436,-1.362,3.673,35
305,5,305,773.435,33.788,33.936,1702.637,41.841,33.011,1.517,1516.098,38.003,-45.188,-34.123,-55.74,-29.543,1.11,-3.287,12.712,127.636,0,979.216,31.615,31.754,1158.796,37.372,30.031,1.444,901.518,32.368,-44.534,-49.22,-68.547,-26.551,2.436,-0.52,15.756,157.494,0.002,-1.451,-1.368,3.688,35
306,6,306,782.798,33.798,33.947,1708.518,41.798,33.03,1.517,1521.267,38.043,-46.086,-33.583,-55.907,-30.535,1.012,-3.3,12.863,125.413,0,982.06,31.528,31.678,1129.336,37.672,30.02,1.444,883.438,32.931,-42.756,-44.263,-69.276,-27.542,2.205,-0.604,15.769,158.518,0.003,-1.453,-1.368,3.655,35
307,7,308,777.234,33.766,33.896,1693.026,41.699,32.991,1.505,1509.384,37.998,-43.515,-34.247,-55.352,-29.255,0.945,-3.344,12.845,128.134,-0.003,985.755,31.543,31.679,1144.871,37.178,29.996,1.434,895.504,32.32,-43.097,-42.918,-68.182,-25.627,2.379,-0.639,15.903,158.352,0.001,-1.435,-1.361,3.665,35
308,8,309,789.625,33.768,33.891,1688.413,41.757,32.974,1.519,1505.042,37.957,-44.121,-33.947,-55.201,-29.819,0.922,-3.392,12.675,130.425,-0.002,985.428,31.569,31.688,1130.831,37.707,29.995,1.434,880.881,32.845,-43.319,-45.041,-68.288,-26.317,2.172,-0.63,15.57,164.119,0.001,-1.448,-1.361,3.629,35
309,9,310,783.621,33.74,33.902,1674.075,42.219,32.987,1.505,1491.182,38.425,-45.611,-34.982,-55.729,-27.856,0.92,-3.267,12.786,128.097,-0.001,986.384,31.595,31.735,1161.166,37.134,30.034,1.444,907.19,32.186,-46.702,-44.126,-68.383,-24.63,2.468,-0.529,15.527,161.69,0,-1.423,-1.346,3.671,35
310,10,311,763.957,33.655,33.858,1682.058,41.604,32.999,1.526,1514.062,37.953,-43.21,-33.29,-55.796,-28.658,0.975,-3.305,12.657,125.792,0.001,971.057,31.588,31.748,1148.782,37.637,30.024,1.444,898.009,32.433,-46.099,-47.499,-68.944,-25.473,2.329,-0.484,15.773,156.245,0.003,-1.468,-1.375,3.567,35
311,11,312,766.565,33.736,33.873,1610.887,43.576,33.033,1.498,1446.003,40.031,-43.129,-34.396,-56.061,-30.207,0.939,-3.34,13.502,122.764,-0.003,965.135,31.682,31.8,1154.984,37.885,30.006,1.425,895.867,32.378,-41.784,-46.02,-68.434,-27.292,2.401,-0.489,16.386,152.019,0.001,-1.437,-1.362,3.582,35
312,12,313,771.19,33.694,33.823,1630.035,42.578,33.021,1.515,1468.454,39.32,-43.334,-33.871,-56.084,-31.537,1.185,-3.42,12.93,127.433,-0.002,970.635,31.644,31.772,1150.525,37.79,30.02,1.44,894.441,32.532,-42.682,-42.298,-69.262,-29.018,2.362,-0.579,15.644,159.925,0,-1.438,-1.367,3.69,35
313,13,314,784.727,33.798,33.937,1726.488,41.275,32.994,1.519,1532.878,37.441,-41.182,-35.707,-55.95,-31.377,0.891,-3.378,12.823,128.447,-0.003,993.254,31.498,31.626,1139.409,36.909,30.025,1.444,893.316,32.613,-45.351,-44.733,-69.276,-27.644,2.345,-0.781,15.903,160.839,0,-1.436,-1.364,3.624,35
314,14,315,785.323,33.794,33.917,1669.561,42.476,32.985,1.504,1480.836,38.671,-43.618,-34.665,-56.261,-28.346,0.999,-3.187,12.779,129.175,0.001,992.756,31.555,31.689,1139.505,37.441,30.011,1.438,891.72,32.566,-45.352,-45.051,-68.093,-24.798,2.393,-0.422,15.798,159.848,0,-1.463,-1.359,3.638,35
315,15,316,762.56,33.62,33.851,1685.542,41.445,32.983,1.526,1515.891,37.767,-43.907,-33.355,-56.161,-29.971,1.01,-3.312,12.557,125.59,-0.003,962.308,31.447,31.627,1128.545,37.271,29.97,1.444,886.306,32.459,-43.428,-43.857,-69.692,-26.787,2.256,-0.659,15.889,152.126,0.001,-1.428,-1.343,3.697,35
316,16,318,779.05,33.742,33.905,1741.708,40.622,33.018,1.536,1562.634,36.937,-42.831,-34.133,-55.067,-27.893,0.698,-3.277,12.467,130.563,-0.001,992.115,31.589,31.707,1144.155,37.438,30.019,1.44,890.728,32.663,-42.582,-44.744,-67.929,-24.271,2.296,-0.54,15.632,162.42,-0.001,-1.423,-1.348,3.624,35
317,17,319,778.704,33.75,33.887,1715.384,41.072,32.991,1.526,1535.849,37.346,-43.754,-35.23,-55.099,-31.122,1.178,-3.326,12.751,128.579,-0.003,979.238,31.557,31.686,1144.752,37.245,30.017,1.44,894.43,32.516,-39.457,-43.522,-68.388,-27.441,2.334,-0.66,15.85,161.576,0.002,-1.43,-1.36,3.61,35
318,18,320,768.621,33.701,33.873,1667.414,42.103,33.019,1.517,1498.098,38.527,-44.638,-34.802,-56.444,-29.723,0.963,-3.358,12.844,128.131,-0.003,964.448,31.527,31.669,1142.274,37.175,30.018,1.444,895.974,32.464,-42.293,-43.277,-69.492,-26.406,2.373,-0.669,15.625,160.021,0.001,-1.421,-1.345,3.604,35
319,19,321,766.087,33.706,33.847,1690.836,41.285,33.012,1.517,1522.634,37.848,-43.682,-33.599,-55.397,-30.136,1.071,-3.35,13.055,125.028,-0.004,972.009,31.45,31.578,1121.753,37.075,30.026,1.442,887.743,32.822,-42.21,-42.109,-68.245,-26.639,2.216,-0.684,16.034,158.074,0,-1.427,-1.366,3.597,35
320,20,322,784.955,33.77,33.902,1644.84,42.967,33.013,1.5,1465.302,39.328,-43.402,-33.735,-55.517,-29.769,1.116,-3.189,13.065,125.483,-0.003,983.4,31.666,31.784,1162.931,37.492,30.01,1.438,899.6,32.275,-41.73,-45.409,-68.201,-26.645,2.359,-0.365,15.209,164.658,0.002,-1.457,-1.357,3.643,35
321,21,323,759.084,33.664,33.837,1689.49,41.218,32.976,1.519,1516.966,37.682,-43.32,-35.265,-54.815,-30.111,0.852,-3.292,12.482,131.775,-0.002,966.95,31.535,31.69,1140.141,37.425,29.985,1.434,886.434,32.568,-44.329,-41.866,-69.487,-27.139,2.358,-0.519,15.636,160.93,0.002,-1.442,-1.355,3.624,35
322,22,324,783.244,33.751,33.9,1699.923,41.569,32.992,1.505,1516.31,37.834,-42.988,-34.462,-55.725,-29.405,1.068,-3.262,13.43,120.897,-0.002,987.102,31.625,31.756,1156.465,37.462,30.009,1.425,900.182,32.253,-39.99,-45.083,-69.092,-25.728,2.48,-0.554,16.656,151.296,0.001,-1.439,-1.345,3.656,35
323,23,328,774.477,33.701,33.821,1581.377,43.861,33.011,1.498,1417.812,40.615,-40.836,-34.379,-55.447,-30.989,0.79,-3.298,13.189,128.072,-0.001,980.392,31.592,31.723,1156.112,37.191,30.017,1.444,899.682,32.322,-41.396,-42.541,-68.713,-27.741,2.446,-0.499,15.577,161.675,0.001,-1.424,-1.344,3.554,35
324,24,330,774.056,33.77,33.921,1695.786,41.862,32.986,1.507,1509.088,37.962,-45.269,-34.558,-55.602,-29.278,1.158,-3.275,12.765,130.052,-0.002,987.549,31.59,31.728,1155.29,37.262,30.002,1.432,900.041,32.207,-46.371,-43.702,-68.833,-25.793,2.358,-0.528,16.077,156.633,0.001,-1.447,-1.368,3.652,35
