Header Section,,,,,,,,,,,,,,,,,,,,,,,,,,,,,,,,,,,,,,
,,,,,,,,,,,,,,,,,,,,,,,,,,,,,,,,,,,,,,
Data Section,,,,,,,,,,,,,,,,,,,,,,,,,,,,,,,,,,,,,,
Device#,1,2,3,4,5,6,7,8,9,10,11,12,13,14,15,16,17,18,19,20,21,22,23,24,25,26,27,28,29,30,31,32,33,34,35,36,37,38
Test Item,Site No,Device ID,GSM Idle Current,GSM900 Max Pout@0dBm drive,GSM900 Max Pout,GSM900 Max Icc,GSM900 Max PAE,GSM900 Max Fwd Iso1,GSM900 Max Fwd Iso2,GSM900 CMOS Pout,GSM900 Pout Slope1,GSM900 Rated Pout,GSM900 Rated Vramp,GSM900 2nd har@33dBm,GSM900 3rd har@33dBm,GSM900 Stress Delta,GSM900 Pout Leakage@RX0,GSM900 Pout Leakage@RX1,GSM900 Insertion Loss@RX0,DCS Idle Current,DCS1800 Max Pout@0dBm drive,DCS1800 Max Pout,DCS1800 Max Icc,DCS1800 Max PAE,DCS1800 Max Fwd Iso1,DCS1800 Max Fwd Iso2,DCS1800 CMOS Pout,DCS1800 Pout Slope1,DCS1800 Rated Pout,DCS1800 Rated Vramp,DCS1800 2nd har@33dBm,DCS1800 3rd har@33dBm,DCS1800 Stress Delta,DCS1800 Pout Leakage@RX0,DCS1800 Pout Leakage@RX1,DCS1800 Insertion Loss@RX0,Leakage Current,Leakage Current Delay Time
Lower Tolerance,,,60,0.3,0.3,60,,3,2,1,,,,2,2,,3,3,0.3,60,0.3,0.3,60,,3,2,1,,,,3,3,,3,3,0.3,5,
Upper Tolerance,,,60,0.3,0.3,60,,3,2,1,,,,2,2,,3,3,0.3,60,0.3,0.3,60,,3,2,1,,,,3,3,,3,3,0.3,5,
Enable,,,1,1,1,1,0,1,1,1,0,0,0,1,1,0,1,1,1,1,1,1,1,0,1,1,1,0,0,0,1,1,0,1,1,1,1,0
200,1,200,822.939,33.489,33.897,1596.606,43.899,-58.771,-23.803,9.903,137.022,33.019,1.575,-34.639,-41.007,-0.034,0.579,-3.035,-1.525,611.508,31.052,31.216,956.416,39.892,-59.892,-21.715,5.945,152.3,30,1.481,-37.358,-37.544,0.134,1.255,0.399,-1.661,6.092,200
201,1,201,821.66,33.455,33.88,1590.996,43.882,-58.44,-22.03,9.447,143.78,32.985,1.575,-34.324,-41.364,-0.033,0.63,-2.999,-1.517,613.28,31.092,31.249,966.824,39.759,-59.671,-20.661,5.524,161.72,30.005,1.481,-37.576,-36.888,0.141,1.33,0.497,-1.675,5.764,200
202,1,202,822.438,33.378,33.784,1531.99,44.574,-58.116,-21.428,8.3,164.782,33.021,1.584,-32.732,-41.319,-0.026,0.471,-3.196,-1.532,610.332,31.101,31.256,975.71,39.46,-59.697,-19.181,4.023,201.246,30.049,1.5,-36.195,-36.052,0.149,1.324,0.394,-1.662,3.573,200
203,1,203,824.988,33.441,33.882,1584.331,44.089,-58.507,-22.056,9.282,145.987,32.992,1.566,-34.084,-41.724,-0.025,0.494,-1.863,-1.518,611.188,31.149,31.305,982.176,39.648,-59.991,-20.609,5.424,159.76,29.969,1.472,-36.549,-36.196,0.143,1.392,1.557,-1.717,5.271,200
204,1,204,824.132,33.442,33.828,1557.871,44.284,-57.771,-21.821,8.662,166.602,32.968,1.556,-33.483,-42.038,-0.028,0.664,-3.203,-1.515,612.614,31.027,31.192,971.431,39.058,-59.948,-19.859,4.606,208.236,29.995,1.481,-36.08,-35.867,0.14,1.313,0.356,-1.666,5.358,200
205,1,205,827.823,33.461,33.881,1584.755,44.06,-58.696,-21.305,9.012,151.295,33.007,1.584,-33.837,-42.634,-0.029,0.362,-3.075,-1.528,618.881,31.004,31.149,953.062,39.416,-59.767,-19.045,5.057,172.955,30.044,1.5,-37.03,-37.44,0.121,1.218,0.328,-1.676,3.331,200
206,1,206,809.117,33.366,33.815,1562.858,44.006,-58.768,-21.482,7.709,178.909,32.954,1.556,-34.073,-41.899,-0.025,0.337,-3.058,-1.512,606.719,30.981,31.144,951.688,39.429,-60.331,-19.233,3.819,220.365,30.05,1.481,-39.002,-35.815,0.185,1.233,0.422,-1.661,4.564,200
207,1,207,812.09,33.349,33.815,1564.337,43.969,-58.148,-21.544,8.868,155.017,33.004,1.575,-33.867,-41.58,-0.029,1.489,-3.134,-1.598,605.846,31.111,31.295,973.203,39.927,-60.372,-19.207,4.832,185.377,29.991,1.472,-35.884,-36.457,0.138,2.532,0.504,-1.677,4.254,200
208,1,208,820.337,33.472,33.92,1601.991,43.982,-58.58,-21.724,8.786,157.714,32.951,1.556,-34.74,-41.834,-0.028,0.724,-2.998,-1.531,611.655,31.14,31.3,977.586,39.786,-60.206,-19.328,4.829,191.342,29.986,1.472,-37.131,-37.956,0.14,1.347,0.445,-1.67,4.874,200
209,1,209,825.083,33.464,33.867,1575.479,44.182,-58.499,-25.478,10.657,127.918,32.971,1.575,-33.746,-41.911,-0.036,0.392,-3.196,-1.528,614.68,31.059,31.211,968.319,39.359,-59.812,-23.247,6.619,146.54,30.009,1.481,-36.09,-37.445,0.136,1.294,0.294,-1.673,3.289,200
210,1,210,827.564,33.447,33.879,1580.164,44.167,-58.377,-23.151,9.503,141.921,32.963,1.575,-34.569,-41.576,-0.025,0.601,-3.02,-1.523,615.51,30.915,31.077,933.751,39.573,-60.026,-21.416,5.615,157.398,30.05,1.5,-37.819,-37.61,0.118,1.187,0.256,-1.662,4.275,200
211,1,211,811.433,33.265,33.742,1539.026,43.941,-57.577,-22.245,9.2,142.52,33.03,1.594,-33.435,-41.892,-0.018,0.279,-3.215,-1.533,609.718,30.865,31.085,945.006,39.173,-61.549,-20.787,5.249,162.813,29.989,1.5,-35.813,-37.114,0.13,1.138,0.24,-1.663,4.373,200
212,1,212,832.56,33.424,33.823,1561.173,44.135,-58.118,-21.763,9.044,152.886,32.976,1.566,-33.516,-41.183,-0.03,0.224,-3.087,-1.525,622.157,31.04,31.201,966.504,39.337,-60.28,-19.581,4.691,188.038,29.971,1.481,-36.869,-37.172,0.129,1.301,0.449,-1.657,5.245,200
213,1,213,829.612,33.472,33.895,1576.655,44.428,-57.843,-21.676,8.106,172.676,32.958,1.556,-34.268,-41.712,-0.022,0.883,-3.056,-1.517,617.334,31.14,31.299,982.799,39.57,-59.955,-19.369,3.571,216.633,30.026,1.481,-36.529,-36.157,0.144,1.42,0.488,-1.649,4.566,200
214,1,214,817.796,33.43,33.875,1590.615,43.835,-58.03,-21.747,7.738,181.254,33.019,1.566,-33.143,-41.051,-0.029,0.56,-3.064,-1.518,613.098,31.082,31.247,958.594,40.086,-60.73,-19.478,3.878,225.095,29.979,1.472,-38.112,-37.814,0.14,1.33,0.442,-1.662,5.063,200
215,1,215,829.924,33.435,33.825,1558.078,44.247,-58.378,-21.303,9.013,151.052,32.999,1.566,-33.295,-41.843,-0.029,0.691,-3.1,-1.513,617.221,31.081,31.242,971.751,39.501,-60.333,-19.267,4.894,175.201,30.021,1.481,-37.033,-36.466,0.131,1.329,0.488,-1.652,6.51,200
216,1,216,825.8,33.436,33.823,1561.977,44.111,-58.268,-25.117,9.852,139.638,32.995,1.575,-34.06,-37.051,-0.023,0.295,-3.175,-1.531,615.009,31.108,31.267,972.157,39.714,-59.948,-23.443,5.964,148.054,30.032,1.481,-36.574,-37.039,0.134,1.354,0.415,-1.659,3.601,200
217,1,217,818.53,33.388,33.826,1559.66,44.209,-58.182,-21.739,9.415,148.683,32.991,1.566,-33.497,-41.331,-0.029,0.531,-3.088,-1.532,612.346,31.022,31.198,958.352,39.651,-60.765,-19.559,5.424,178.097,30.009,1.481,-37.597,-37.432,0.135,1.249,0.371,-1.678,4.465,200
218,1,218,820.571,33.373,33.845,1578.047,43.881,-57.784,-21.519,8.88,155.638,33.03,1.575,-33.016,-40.289,-0.032,0.359,-3.224,-1.523,610.695,31.11,31.282,983.689,39.383,-60.029,-19.502,4.883,178.924,30.037,1.481,-36.591,-35.955,0.151,1.367,0.42,-1.665,4.421,200
219,1,219,828.342,33.511,33.926,1604.844,43.968,-58.542,-22.15,9.76,142.73,32.999,1.566,-34.852,-41.996,-0.031,0.676,-3.099,-1.533,617.152,31.115,31.266,978.355,39.448,-60.245,-20.334,5.86,162.939,29.987,1.472,-36.207,-36.381,0.134,1.343,0.396,-1.671,2.974,200
220,1,220,808.002,33.283,33.79,1538.49,44.443,-58.135,-21.098,8.935,150.475,33.043,1.594,-33.347,-41.53,-0.039,0.532,-3.217,-1.531,604.67,31.008,31.205,958.033,39.723,-60.735,-19.217,4.942,165.34,30.02,1.491,-36.451,-36.944,0.128,1.246,0.337,-1.67,5.202,200
221,1,221,823.138,33.361,33.757,1527.987,44.412,-58.1,-22.889,9.963,135.47,32.989,1.584,-32.75,-42.201,-0.022,0.289,-3.162,-1.518,614.62,31.002,31.171,957.125,39.453,-59.827,-20.79,5.792,160.001,30.042,1.5,-37.601,-35.865,0.141,1.266,0.389,-1.67,4.083,200
222,1,222,821.297,33.433,33.849,1571.71,44.1,-58.324,-27.421,10.656,125.262,33.041,1.584,-33.82,-41.635,-0.032,0.587,-3.081,-1.525,614.118,31.065,31.22,960.859,39.747,-60.365,-25.146,6.648,141.558,29.958,1.481,-38.183,-36.941,0.133,1.264,0.405,-1.672,4.403,200
223,1,223,828.013,33.352,33.742,1515.159,44.634,-57.791,-24.732,10.58,130.975,33.004,1.566,-33.142,-41.14,-0.025,0.505,-3.025,-1.519,617.247,31.024,31.172,955.145,39.546,-60.197,-22.538,6.59,147.779,30.038,1.481,-42.012,-35.6,0.148,1.263,0.543,-1.6,4.721,200
224,1,224,830.114,33.384,33.789,1534.756,44.541,-58.285,-22.019,9.662,141.867,33.028,1.575,-33.079,-41.294,-0.027,0.411,-3.123,-1.526,617.567,31.149,31.307,981.614,39.694,-60.126,-20.856,5.435,160.622,30.019,1.481,-36.228,-36.379,0.151,1.409,0.539,-1.678,4.006,200
225,1,225,829.742,33.445,33.861,1561.501,44.512,-58.434,-21.117,8.859,156.17,32.971,1.566,-34.51,-41.74,-0.027,0.586,-2.971,-1.5,612.977,31.122,31.281,982.764,39.411,-60.014,-19.204,4.504,175.028,30.026,1.481,-36.629,-36.791,0.155,1.409,0.556,-1.66,4.169,200
226,1,226,824.668,33.446,33.846,1569.636,44.132,-58.121,-24.118,9.844,136.306,32.957,1.575,-33.825,-41.789,-0.027,0.27,-3.181,-1.531,615.596,31.169,31.312,985.331,39.583,-60.284,-22.587,5.878,152.604,29.996,1.472,-35.429,-37.108,0.164,1.396,0.491,-1.662,6.117,200
227,1,227,828.999,33.436,33.834,1563.645,44.176,-58.111,-23.218,10.314,131.777,32.97,1.575,-33.238,-43.159,-0.026,0.641,-3.138,-1.517,618.708,31.03,31.183,962.744,39.329,-60.085,-21.318,6.164,158.443,29.987,1.481,-37.438,-37.438,0.139,1.271,0.379,-1.674,4.601,200
228,1,228,819.542,33.352,33.771,1526.855,44.587,-57.968,-26.624,10.207,137.787,33.001,1.575,-33.501,-41.329,-0.031,0.46,-3.167,-1.533,606.373,31.118,31.294,983.006,39.521,-60.124,-24.62,6.071,145.079,30.022,1.481,-36.657,-35.919,0.142,1.338,0.456,-1.67,6.693,200
229,1,229,823.389,33.391,33.814,1556.28,44.182,-57.953,-21.178,9.044,153.56,32.973,1.566,-33.477,-41.429,-0.025,0.817,-3.111,-1.521,610.073,31.041,31.202,959.761,39.626,-59.939,-19.078,4.871,173.874,29.973,1.472,-37.19,-36.651,0.147,1.313,0.393,-1.675,5.382,200
230,1,230,821.66,33.431,33.829,1563.368,44.132,-57.996,-22.777,10.256,134.364,33.015,1.584,-33.933,-41.882,-0.027,0.479,-3.153,-1.527,610.462,31.125,31.286,980.707,39.539,-60.726,-20.827,6.075,161.332,30.048,1.481,-36.371,-36.24,0.143,1.387,0.428,-1.658,3.933,200
231,1,231,823.103,33.435,33.812,1541.818,44.577,-57.721,-22.278,9.204,148.038,32.981,1.575,-32.801,-42.223,-0.024,0.633,-3.122,-1.53,616.4,31.063,31.226,966.59,39.566,-60.445,-20.293,5.166,164.83,29.964,1.481,-37.517,-37.938,0.131,1.225,0.394,-1.677,4.049,200
232,1,232,831.004,33.419,33.833,1562.798,44.193,-57.738,-21.958,9.451,149.717,32.952,1.556,-33.25,-41.141,-0.021,0.674,-3.029,-1.516,618.293,30.942,31.112,943.147,39.495,-60.149,-19.842,5.266,190.946,30.007,1.481,-37.204,-37.598,0.125,1.222,0.336,-1.666,4.669,200
233,1,233,817.061,33.404,33.824,1551.681,44.413,-58.039,-26.625,10.642,128.968,32.982,1.575,-33.828,-41.529,-0.018,0.858,-3.168,-1.53,610.22,31.078,31.234,969.529,39.52,-60.248,-24.305,6.586,141.932,29.985,1.481,-36.275,-37.229,0.137,1.264,0.377,-1.674,5.999,200
234,1,234,826.959,33.456,33.876,1589.336,43.881,-58.328,-21.463,8.599,159.317,33.031,1.575,-34.13,-42.013,-0.024,0.592,-2.958,-1.51,614.066,31.067,31.222,971.215,39.342,-60.054,-19.281,4.583,189.568,30.003,1.481,-36.259,-36.604,0.144,1.338,0.471,-1.67,4.018,200
235,1,235,821.902,33.435,33.881,1587.261,43.993,-58.544,-26.971,9.981,133.685,33.004,1.584,-33.827,-40.593,-0.032,0.701,-3.012,-1.534,614.818,31.051,31.206,967.17,39.359,-60.235,-24.897,6.136,147.137,30.005,1.491,-36.184,-37.375,0.151,1.294,0.459,-1.687,5.195,200
236,1,236,815.92,33.26,33.741,1535.05,44.049,-58.055,-21.616,9.365,143.78,33.022,1.594,-33.447,-41.838,-0.023,0.418,-3.182,-1.533,604.592,30.998,31.195,957.626,39.646,-61.039,-19.936,5.472,162.666,29.951,1.481,-37.266,-37.14,0.134,1.268,0.382,-1.672,3.79,200
237,1,237,810.586,33.415,33.859,1587.927,43.754,-58.196,-21.596,7.148,189.97,32.997,1.575,-33.8,-41.38,-0.015,0.329,-3.087,-1.529,609.71,31.077,31.228,962.303,39.754,-60.301,-19.266,3.173,232.854,30.029,1.481,-36.982,-38.028,0.159,1.274,0.395,-1.667,3.949,200
238,1,238,822.55,33.382,33.817,1555.269,44.245,-58.025,-22.773,9.711,138.836,33.039,1.575,-32.865,-41.656,-0.032,0.67,-3.142,-1.522,616.288,31.04,31.198,963.314,39.438,-59.854,-21.242,5.642,160.816,29.958,1.481,-37.168,-35.82,0.144,1.351,0.386,-1.668,3.421,200
239,1,239,823.657,33.427,33.858,1572.886,44.157,-58.022,-21.872,9.258,146.501,32.981,1.575,-34.069,-41.084,-0.032,0.753,-3.045,-1.521,613.098,31.02,31.199,960.678,39.558,-60.216,-20.157,5.337,167.917,29.975,1.481,-36.98,-36.868,0.138,1.307,0.414,-1.661,3.486,200
240,1,240,825.143,33.373,33.755,1518.677,44.664,-58.295,-24.954,10.388,132.452,33.001,1.575,-32.539,-42.014,-0.021,0.58,-3.237,-1.529,611.231,31.09,31.233,961.853,39.82,-59.903,-22.875,6.234,149.33,29.988,1.481,-36.693,-37.824,0.136,1.26,0.309,-1.674,6.105,200
241,1,241,825.766,33.38,33.753,1518.012,44.66,-58.154,-21.312,7.045,204.516,33.02,1.566,-32.289,-42,-0.032,0.461,-3.153,-1.511,621.025,31.079,31.241,967.559,39.663,-60.283,-19.56,3.283,238.194,30.007,1.481,-37.308,-36.055,0.131,1.389,0.462,-1.658,6.072,200
242,1,242,828.169,33.378,33.781,1540.452,44.302,-58.018,-21.799,9.938,142.193,32.989,1.575,-32.436,-41.355,-0.034,0.285,-3.098,-1.525,617.619,31.001,31.168,955.724,39.483,-60.409,-20.24,5.506,163.82,29.98,1.481,-36.365,-37.203,0.136,1.229,0.374,-1.659,4.493,200
243,1,243,813.482,33.321,33.741,1527.036,44.281,-58.194,-21.339,7.935,176.725,32.997,1.575,-32.119,-40.445,-0.029,0.499,-3.253,-1.566,612.744,31.105,31.287,976.462,39.72,-61.051,-19.429,3.732,215.601,29.998,1.491,-36.226,-36.536,0.099,1.255,0.368,-1.7,4.849,200
244,1,244,827.633,33.338,33.701,1504.665,44.527,-57.912,-24.08,9.619,141.721,32.993,1.584,-32.471,-41.904,-0.024,0.326,-3.202,-1.522,616.219,31.168,31.317,989.092,39.479,-60.099,-22.271,5.564,156.837,29.981,1.481,-37.166,-35.303,0.16,1.461,0.53,-1.685,4.686,200
245,1,245,820.415,33.34,33.722,1512.358,44.516,-58.108,-23.761,9.965,138.607,32.994,1.584,-32.406,-42.184,-0.032,0.463,-3.176,-1.53,613.167,31.039,31.211,970.351,39.274,-60.409,-22.148,5.741,154.809,29.965,1.481,-36.376,-35.526,0.138,1.313,0.5,-1.668,4.902,200
246,1,246,818.219,33.343,33.744,1530.857,44.194,-58.041,-21.425,9.511,146.95,32.964,1.575,-32.659,-40.101,-0.032,0.309,-3.185,-1.52,616.781,31.103,31.277,988.772,39.128,-60.644,-19.596,5.479,171.03,29.999,1.472,-39.222,-34.704,0.225,1.409,0.591,-1.679,4.24,200
247,1,247,809.212,33.299,33.679,1517.433,43.929,-58.544,-21.373,9.396,153.11,33.02,1.575,-32.323,-40.597,-0.024,0.125,-3.336,-1.535,609.018,31.014,31.211,954.67,39.92,-61.277,-19.307,5.159,179.23,29.988,1.472,-36.289,-35.89,0.136,1.197,0.356,-1.657,4.334,200
248,1,248,819.775,33.347,33.723,1511.667,44.545,-58.278,-23.014,9.973,140.661,32.993,1.575,-32.371,-41.92,-0.022,0.572,-3.125,-1.519,612.493,31.064,31.236,972.849,39.402,-60.421,-21.432,5.45,156.596,29.979,1.481,-36.47,-36.296,0.15,1.377,0.503,-1.673,4.368,200
249,1,249,814.805,33.269,33.656,1493.834,44.381,-57.716,-26.795,10.495,133.006,33.013,1.594,-31.513,-40.715,-0.023,0.153,-3.441,-1.53,609.969,31.132,31.301,984.138,39.531,-60.888,-24.871,6.229,142.771,29.964,1.481,-36.408,-35.207,0.134,1.307,0.343,-1.648,4.908,200
250,1,250,821.954,33.405,33.814,1558.804,44.108,-57.571,-21.701,8.557,167.856,33.001,1.575,-32.919,-41.451,-0.034,0.456,-3.015,-1.531,617.057,31.071,31.237,971.319,39.467,-60.321,-19.617,4.234,205.629,30.03,1.481,-36.918,-37.12,0.131,1.275,0.5,-1.68,3.929,200
251,1,251,813.612,33.352,33.754,1512.514,44.838,-58.086,-24.67,10.242,137.05,33.008,1.566,-32.203,-42.762,-0.03,0.495,-3.229,-1.538,604.246,30.957,31.128,942.075,39.688,-60.066,-22.366,6.214,149.552,30.009,1.481,-37.156,-38.337,0.124,1.15,0.207,-1.684,4.077,200
252,1,252,825.117,33.328,33.704,1501.112,44.662,-57.447,-26.15,10.122,136.566,33.046,1.594,-31.817,-40.702,-0.026,0.544,-3.295,-1.541,613.167,31.174,31.333,984.994,39.788,-60.309,-24.006,6.041,143.441,30.01,1.481,-36.582,-35.24,0.126,1.403,0.52,-1.67,3.908,200
253,1,253,832.093,33.416,33.815,1537.799,44.728,-57.525,-21.539,8.607,161.698,32.988,1.556,-32.391,-41.869,-0.032,0.859,-3.217,-1.517,617.386,31.074,31.241,969.391,39.584,-59.838,-19.278,4.171,197.602,30.018,1.481,-36.798,-36.889,0.139,1.375,0.347,-1.669,5.823,200
254,1,254,828.67,33.41,33.787,1544.783,44.234,-57.947,-23.638,10.309,137.809,32.957,1.575,-33.082,-41.88,-0.026,0.512,-3.21,-1.534,617.896,31.046,31.198,966.997,39.289,-59.972,-22.112,6.076,156.23,29.993,1.481,-35.971,-37.335,0.143,1.269,0.345,-1.671,3.678,200
255,1,255,809.437,33.321,33.698,1513.275,44.235,-58.341,-26.28,10.798,127.524,32.995,1.594,-32.523,-41.4,-0.04,0.093,-3.26,-1.527,613.504,31.076,31.244,965.959,39.758,-61.244,-23.98,6.673,142.446,29.976,1.481,-36.776,-36.792,0.131,1.31,0.413,-1.669,5.026,200
256,1,256,818.193,33.328,33.716,1509.048,44.55,-57.909,-21.521,7.427,189.922,33.017,1.575,-31.349,-42.071,-0.024,0.055,-3.186,-1.531,611.827,31.051,31.223,965.164,39.597,-60.758,-19.552,3.28,238.382,29.958,1.481,-36.499,-37.554,0.135,1.299,0.426,-1.669,4.977,200
257,1,257,810.802,33.274,33.656,1490.324,44.491,-58.064,-29.726,11.121,128.45,33.024,1.594,-31.626,-41.548,-0.025,0.129,-3.365,-1.542,611.136,30.984,31.165,958.957,39.322,-61.036,-27.751,7.045,133.244,29.972,1.481,-36.457,-36.462,0.133,1.141,0.24,-1.662,4.151,200
258,1,258,823.103,33.294,33.611,1513.223,43.362,-58.233,-27.597,10.886,128.85,32.988,1.594,-32.082,-40.253,-0.021,0.1,-3.396,-1.543,613.997,30.997,31.165,954.696,39.499,-61.534,-25.463,6.625,141.55,29.951,1.481,-36.764,-35.916,0.125,1.198,0.309,-1.683,4.507,200
259,1,259,818.617,33.246,33.73,1521.547,44.329,-57.885,-24.518,9.908,133.279,32.983,1.575,-32.709,-42.13,-0.036,0.424,-3.271,-1.543,610.142,30.955,31.149,951.454,39.485,-60.538,-22.159,5.676,150.596,30.021,1.5,-37.363,-37.035,0.142,1.185,0.274,-1.689,5.409,200
260,1,260,825.532,33.395,33.795,1530.46,44.731,-58.22,-21.318,8.801,159.482,33.014,1.566,-32.363,-42.312,-0.028,0.215,-3.123,-1.52,613.859,31.021,31.193,962.968,39.408,-60.583,-19.397,4.662,184.214,29.991,1.481,-36.986,-37.053,0.135,1.325,0.43,-1.666,4.483,200
261,1,261,815.859,33.301,33.753,1527.253,44.39,-57.92,-24.377,10.228,136.557,33.017,1.575,-32.023,-41.94,-0.033,0.395,-3.281,-1.535,605.223,31.026,31.2,973.307,39.052,-59.976,-22.497,5.917,149.427,30.019,1.481,-36.282,-32.928,0.184,1.286,0.354,-1.656,5.56,200
262,1,262,829.405,33.343,33.705,1512.782,44.327,-57.808,-25.343,10.543,129.25,33.023,1.584,-32.002,-41.467,-0.023,0.567,-3.274,-1.524,614.507,31.034,31.195,956.762,39.686,-60.545,-23.689,6.225,149.339,30.007,1.491,-37.498,-36.587,0.108,1.24,0.339,-1.657,4.818,200
263,1,263,813.301,33.292,33.737,1535.482,43.998,-57.94,-21.253,8.461,160.737,32.991,1.575,-31.952,-39.649,-0.035,0.392,-3.199,-1.562,608.249,31.025,31.219,957.082,39.892,-61.384,-19.239,4.426,188.949,29.955,1.481,-37.487,-35.38,0.095,1.186,0.325,-1.697,4.122,200
264,1,264,830.261,33.437,33.835,1561.035,44.266,-58.282,-24.993,9.833,136.379,32.985,1.575,-33.033,-41.96,-0.03,0.289,-3.133,-1.532,618.7,31.057,31.221,966.046,39.54,-60.117,-22.395,5.723,149.926,29.986,1.481,-36.687,-36.682,0.138,1.286,0.41,-1.676,5.256,200
265,1,265,810.102,33.33,33.759,1528.1,44.428,-58.081,-24.068,9.595,143.378,32.997,1.584,-33.104,-42.106,-0.034,0.713,-3.163,-1.539,603.736,31.059,31.224,971.509,39.344,-60.667,-22.061,5.693,151.494,29.972,1.481,-37.039,-36.017,0.144,1.248,0.38,-1.669,4.937,200
266,1,266,826.146,33.39,33.783,1537.34,44.406,-58.251,-23.333,9.712,140.976,33.022,1.584,-32.516,-40.662,-0.029,0.242,-2.683,-1.525,614.896,31.079,31.232,977.102,39.194,-60.284,-21.636,5.537,154.691,29.985,1.481,-36.882,-36,0.162,1.403,0.872,-1.715,4.526,200
267,1,267,822.49,33.351,33.785,1545.406,44.196,-58.317,-21.56,7.502,188.608,32.971,1.556,-32.291,-41.512,-0.029,0.324,-3.201,-1.531,612.804,31.1,31.275,975.373,39.652,-60.291,-19.31,3.247,231.361,30.033,1.481,-36.114,-37.79,0.149,1.354,0.434,-1.683,3.872,200
268,1,268,824.037,33.341,33.733,1520.484,44.385,-58.057,-21.589,8.826,160.273,32.956,1.575,-32.642,-41.854,-0.026,0.532,-3.175,-1.53,610.124,31.011,31.163,959.545,39.28,-60.168,-19.357,4.556,194.508,29.957,1.481,-37.005,-36.385,0.148,1.26,0.359,-1.68,5.383,200
269,1,269,824.314,33.398,33.736,1518.141,44.485,-58.012,-21.122,8.776,162.672,33.029,1.575,-32.486,-42.213,-0.03,0.708,-3.14,-1.525,614.135,31.11,31.273,980.663,39.419,-60.613,-19.088,4.568,199.251,29.961,1.472,-36.578,-36.532,0.141,1.389,0.498,-1.659,4.64,200
270,1,270,826.794,33.36,33.725,1519.066,44.35,-57.568,-22.998,9.808,140.344,33.002,1.594,-32.27,-41.355,-0.023,0.423,-3.244,-1.532,616.953,31.035,31.195,967.507,39.244,-60.416,-21.229,5.634,156.69,29.952,1.481,-36.548,-36.998,0.151,1.243,0.375,-1.671,4.431,200
271,1,271,817.424,33.353,33.733,1530.079,44.11,-58.336,-29.054,10.861,127.073,32.962,1.594,-32.042,-40.668,-0.033,0.15,-3.345,-1.54,612.19,31.061,31.223,962.994,39.686,-60.223,-26.655,6.889,136.329,29.976,1.481,-36.803,-36.117,0.137,1.251,0.275,-1.66,5.782,200
272,1,272,828.065,33.42,33.776,1533.788,44.441,-57.861,-24.837,10.415,133.525,33.034,1.575,-32.356,-42.006,-0.028,0.629,-3.263,-1.534,617.956,31.061,31.219,966.547,39.505,-60.599,-22.395,6.213,149.59,30.008,1.481,-36.49,-37.292,0.138,1.294,0.307,-1.67,3.981,200
273,1,273,809.099,33.282,33.711,1523.293,44.083,-58.232,-21.294,8.793,155.429,32.972,1.575,-32.235,-41.785,-0.027,0.446,-3.313,-1.542,603.486,31.037,31.208,957.963,39.751,-60.345,-19.091,4.872,183.813,30.002,1.481,-36.42,-37.188,0.146,1.258,0.271,-1.674,5.634,200
274,1,274,828.013,33.402,33.808,1549.278,44.321,-58.284,-23.125,9.858,137.04,33.017,1.575,-33.425,-42.006,-0.027,0.323,-3.154,-1.519,618.008,31.086,31.249,967.507,39.736,-59.95,-21.75,6.002,158.448,30.017,1.481,-37.063,-37.28,0.133,1.361,0.412,-1.679,3.876,200
275,1,275,812.082,33.272,33.729,1531.013,44.038,-57.658,-21.614,9.367,145.03,33.014,1.584,-32.5,-41.126,-0.032,0.345,-3.14,-1.531,572.911,30.802,31.081,933.751,39.611,-61.524,-19.686,5.451,175.723,30.009,1.5,-37.892,-37.891,0.124,1.154,0.313,-1.681,4.276,200
276,1,276,825.774,33.453,33.83,1565.158,44.095,-57.804,-21.347,9.736,146.633,33.004,1.566,-32.627,-42.137,-0.028,1.178,-3.15,-1.585,621.163,31.145,31.298,991.452,39.219,-60.199,-19.202,5.559,167.167,29.963,1.472,-36.709,-36.684,0.153,2.159,0.508,-1.684,4.534,200
277,1,277,809.877,33.29,33.706,1533.131,43.752,-57.778,-21.228,9.089,156.433,33.048,1.575,-31.758,-40.942,-0.024,0.186,-3.248,-1.531,607.332,31.048,31.235,971.751,39.434,-60.959,-19.021,4.72,187.387,30.043,1.481,-36.227,-35.498,0.136,1.311,0.459,-1.663,5.006,200
278,1,278,819.697,33.345,33.747,1547.351,43.758,-57.641,-21.834,9.848,140.55,33.007,1.584,-32.498,-41.042,-0.033,0.42,-3.193,-1.526,611.248,31.027,31.187,960.928,39.445,-60.149,-20.126,5.781,165.805,30.006,1.481,-36.321,-37.259,0.137,1.281,0.345,-1.668,4.011,200
279,1,279,813.638,33.319,33.719,1513.353,44.456,-58.111,-27.511,10.793,126.953,32.973,1.575,-32.31,-42.113,-0.019,0.374,-2.217,-1.547,602.837,30.959,31.122,972.996,38.371,-60.408,-25.396,6.718,139.666,30.013,1.5,-36.725,-24.601,0.139,1.173,1.168,-1.733,4.593,200
280,1,280,824.192,33.383,33.774,1538.87,44.276,-57.691,-21.38,9.293,151.678,32.991,1.575,-32.858,-40.784,-0.022,0.438,-3.233,-1.528,613.012,31.163,31.316,985.694,39.608,-60.295,-19.385,5.249,174.778,29.967,1.472,-36.646,-35.241,0.127,1.372,0.435,-1.653,3.266,200
281,1,281,821.642,33.282,33.65,1488.275,44.492,-58.095,-29.376,11.065,127.95,33.012,1.584,-31.312,-41.757,-0.026,0.222,-3.453,-1.542,613.115,30.956,31.123,944.841,39.525,-60.686,-27.055,7.084,133.842,30.003,1.491,-37.732,-37.038,0.12,1.12,0.131,-1.664,4.734,200
282,1,282,827.944,33.391,33.789,1534.721,44.55,-57.78,-21.393,8.998,155.083,32.998,1.566,-32.218,-41.817,-0.022,0.649,-3.212,-1.53,618.345,31.1,31.247,976.047,39.366,-59.705,-19.284,4.989,181.92,30.032,1.481,-36.523,-35.714,0.152,1.412,0.401,-1.679,6.342,200
283,1,283,830.278,33.319,33.651,1487.056,44.535,-58.034,-21.372,9.255,157.412,33.04,1.575,-30.961,-42.783,-0.026,0.153,-3.379,-1.533,619.4,31.001,31.169,955.163,39.519,-60.542,-19.563,4.992,192.307,30.019,1.481,-37.03,-36.515,0.119,1.186,0.273,-1.657,4.963,200
284,1,284,815.012,33.337,33.774,1539.821,44.24,-57.803,-23.763,10.074,134.569,33.039,1.594,-32.367,-40.61,-0.031,0.534,-3.307,-1.557,609.251,31.079,31.245,968.501,39.655,-60.194,-21.861,6.13,150.827,30.014,1.481,-35.822,-36.81,0.148,1.319,0.344,-1.662,4.424,200
285,1,285,815.401,33.347,33.78,1551.223,43.979,-58.341,-21.42,9.002,149.781,32.968,1.575,-32.851,-41.253,-0.027,0.411,-3.213,-1.526,611.387,31.001,31.186,959.744,39.478,-60.736,-19.431,4.853,176.078,30.009,1.491,-36.43,-36.283,0.128,1.243,0.348,-1.677,4.523,200
286,1,286,825.55,33.382,33.773,1530.805,44.492,-57.829,-23.035,9.784,139.98,32.982,1.575,-32.341,-41.129,-0.033,0.153,-3.265,-1.521,613.236,31.111,31.257,970.42,39.688,-60.51,-21.404,5.663,158.814,29.989,1.481,-37.019,-36.25,0.124,1.282,0.337,-1.648,5.835,200
287,1,287,829.483,33.389,33.794,1547.636,44.229,-58.166,-22.487,9.926,137.022,33.027,1.584,-32.796,-40.706,-0.028,0.568,-3.226,-1.531,616.634,30.992,31.165,946.147,39.85,-59.976,-20.639,6.045,159.17,29.979,1.481,-36.507,-36.96,0.114,1.22,0.263,-1.658,3.433,200
288,1,288,820.501,33.38,33.822,1550.713,44.426,-58.281,-21.714,9.287,150.293,32.958,1.556,-32.765,-41.879,-0.027,0.42,-3.318,-1.538,609.424,31.119,31.274,974.707,39.669,-60.053,-19.269,5.055,183.341,29.983,1.472,-36.351,-37.278,0.142,1.33,0.299,-1.68,4.114,200
289,1,289,824.175,33.365,33.777,1538.049,44.323,-57.728,-21.673,9.169,153.434,32.989,1.566,-32.742,-40.85,-0.029,0.398,-3.282,-1.539,613.617,30.981,31.155,950.936,39.562,-59.983,-19.711,5.104,189.653,30.008,1.481,-37.659,-36.326,0.13,1.239,0.233,-1.674,4.806,200
290,1,290,820.181,33.326,33.72,1521.824,44.217,-57.7,-25.536,10.14,135.725,33,1.584,-32.191,-41.168,-0.037,0.385,-3.235,-1.551,616.928,31.148,31.304,987.786,39.417,-60.836,-23.268,6.167,148.299,29.964,1.472,-36.29,-35.828,0.159,1.381,0.543,-1.653,4.188,200
301,1,301,812.9,33.81,34.06,1722.5,42.49,-56.7,-31.21,11.77,130.61,33.03,1.5,-39.86,-39.39,-0.06,0.87,-2.67,-1.68,640.56,31.64,31.84,1161.36,37.07,-61.01,-31.19,7.37,127.27,29.96,1.43,-38.53,-32.81,-0.06,1.77,0.75,-1.6,14.49,200
302,1,302,832.7,33.94,34.13,1740.8,42.79,-58.32,-30.82,11.86,132.05,33.02,1.5,-40.78,-39.93,-0.06,1.28,-2.62,-1.66,641.79,31.62,31.8,1147.79,37.2,-61.08,-31.52,7.51,126.5,30,1.43,-38.95,-33.77,-0.06,1.74,0.67,-1.59,14.78,200
303,1,303,844.48,33.75,33.86,1798.13,38.92,-58.12,-27.46,12.02,133.49,33.02,1.52,-40.35,-36.98,-0.08,1.06,-2.8,-1.64,655,31.61,31.79,1155.95,36.8,-61.52,-26.59,7.74,133.94,29.97,1.41,-38.59,-34.18,-0.07,1.77,0.75,-1.59,14.64,200
304,1,304,819.2,33.7,33.89,1726.39,40.77,-59.21,-30.09,11.05,133.6,33.02,1.54,-41.78,-38.99,-0.07,1.12,-2.88,-1.67,631.17,31.46,31.65,1121.04,36.8,-61.27,-29.4,6.76,134.76,30.03,1.45,-38.49,-33.5,-0.06,1.56,0.47,-1.61,12.14,200
305,1,305,864.18,33.7,33.81,1793.06,38.59,-58.5,-30.77,12.12,133.01,33.01,1.54,-40.66,-36.73,-0.08,1.01,-2.85,-1.64,656.24,31.63,31.81,1151.17,37.18,-60.97,-30.3,7.55,129.02,30.02,1.43,-38.33,-33.77,-0.07,1.81,0.75,-1.58,12.74,200
306,1,306,825.69,33.76,33.91,1698.62,41.7,-58.32,-30.34,12.02,132.97,33.04,1.52,-39.66,-37.13,-0.07,0.79,-2.98,-1.66,639.41,31.61,31.81,1169.15,36.58,-61.6,-30.22,7.2,130.05,29.96,1.44,-38.6,-33.6,-0.07,1.66,0.58,-1.59,14.63,200
307,1,307,816.38,33.8,33.98,1681.98,42.8,-57.14,-30.3,11.8,130.73,32.97,1.5,-38.45,-39.36,-0.06,1.11,-2.8,-1.67,631.66,31.59,31.8,1155.77,36.92,-60.84,-30.28,7.29,129.07,29.97,1.44,-39.5,-32.81,-0.06,1.68,0.65,-1.6,14.78,200
308,1,308,842.02,33.9,34.07,1819.33,40.31,-57.1,-30.82,11.8,130.58,33,1.52,-40.53,-37.5,-0.07,1.52,-2.65,-1.66,641.96,31.63,31.82,1159.89,36.97,-61.03,-30.1,7.34,129.74,30.04,1.44,-39.24,-33.26,-0.07,1.8,0.72,-1.59,10.08,200
309,1,309,824.15,33.76,33.93,1735.97,40.95,-57.78,-30.52,12.3,133.98,32.96,1.48,-40.82,-37.78,-0.06,1.25,-2.79,-1.66,627.5,31.74,31.96,1172.74,37.74,-61.09,-30.29,7.66,126.08,30.03,1.41,-38.25,-32.33,-0.07,1.89,0.86,-1.6,14.47,200
310,1,310,861.18,33.81,33.92,1760.45,40.26,-56.81,-29.95,12.28,134.76,33.01,1.52,-40.65,-37.57,-0.06,1.07,-2.84,-1.65,656.79,31.69,31.88,1156.56,37.57,-61.75,-30.2,7.77,126.88,29.98,1.43,-38.19,-33.94,-0.06,1.83,0.73,-1.59,14.63,200
311,1,311,845.37,33.76,33.9,1706.75,41.38,-57.32,-29.76,11.99,133,33,1.52,-41.17,-37.49,-0.06,1.14,-2.79,-1.64,644.96,31.83,32,1183.55,37.72,-61.42,-28.53,7.19,134.76,29.99,1.43,-40.21,-32.95,-0.06,1.97,0.94,-1.58,8.38,200
312,1,312,838.67,33.74,33.88,1762.47,39.9,-56.31,-30.12,12.06,132.75,32.98,1.53,-41.31,-36.57,-0.07,1.18,-2.85,-1.65,637.29,31.72,31.93,1167.88,37.6,-62.24,-29.51,7.32,131.06,30,1.43,-38.9,-34.59,-0.06,1.94,0.83,-1.58,14.7,200
313,1,313,841.3,33.67,33.8,1707.32,40.38,-56.9,-29.61,12.27,134.7,32.98,1.53,-40.93,-36.54,-0.07,1.18,-2.85,-1.65,643.58,31.76,31.93,1182.17,37.21,-61.69,-28.59,7.52,130.86,29.99,1.43,-38.43,-33.43,-0.07,1.94,0.92,-1.58,15.18,200
314,1,314,832.88,33.64,33.77,1665.28,41.12,-57.67,-28.47,12.2,134.51,33,1.52,-40.37,-37.34,-0.06,1,-2.96,-1.64,639.58,31.71,31.91,1159.89,37.68,-61.7,-27.43,7.39,134.4,29.99,1.43,-39.05,-34.12,-0.06,1.89,0.74,-1.58,11.53,200
315,1,315,864.3,33.75,33.87,1712.32,40.91,-57.98,-28.2,12.05,134.12,33.01,1.5,-41.57,-36.91,-0.06,1.44,-2.75,-1.66,662.59,31.8,31.97,1183.02,37.48,-61.51,-26.82,7.53,134.9,30.03,1.41,-40.7,-33.51,-0.07,1.99,0.95,-1.59,14.54,200
316,1,316,829.68,33.85,33.99,1781.38,40.5,-58.62,-30.53,11.77,130.92,33.03,1.52,-40.99,-38.3,-0.06,1.15,-2.73,-1.66,638.72,31.5,31.71,1136.41,36.75,-61.64,-29.64,7.28,129.89,30.03,1.44,-38.2,-33.39,-0.06,1.68,0.59,-1.6,12.76,200
317,1,317,804.72,33.76,33.94,1729.51,41.21,-57.67,-30.34,12.1,132.3,33.02,1.52,-41.07,-38.93,-0.06,1.22,-2.73,-1.66,624.34,31.55,31.78,1150.09,36.94,-61.6,-31.31,7.58,123.62,30.01,1.44,-37.98,-34.37,-0.07,1.77,0.74,-1.6,15.62,200
318,1,318,842.06,33.87,34.01,1787.38,40.54,-57.67,-28.34,11.44,129.57,33.01,1.52,-41.06,-37.97,-0.09,1.03,-2.87,-1.68,642.63,31.65,31.84,1146.26,37.53,-61.76,-27.76,6.97,137.46,30.01,1.43,-39.76,-33.03,-0.06,1.72,0.57,-1.61,13.12,200
319,1,319,831.15,33.86,33.99,1776.77,40.59,-58.52,-28.98,11.69,130.78,33,1.5,-41.02,-37.91,-0.08,1.08,-2.74,-1.69,639.25,31.64,31.83,1166.86,36.77,-61.34,-28.32,7.05,136.18,29.98,1.43,-40.19,-32.8,-0.07,1.69,0.68,-1.64,11.02,200
320,1,320,811.39,33.76,33.96,1718.21,41.63,-57.38,-30.27,11.62,130.1,32.98,1.52,-41.6,-38.24,-0.06,1.23,-2.82,-1.67,629.12,31.56,31.77,1136.96,37.25,-61.49,-29.4,7.27,130.76,30.01,1.44,-37.84,-33.53,-0.06,1.72,0.59,-1.6,9.31,200
321,1,321,823.71,33.8,33.97,1754.51,40.89,-57.55,-30.69,11.97,131.84,33.01,1.52,-39.85,-37.84,-0.07,1.19,-2.8,-1.69,636.22,31.6,31.78,1138.58,37.31,-61.03,-30.31,7.66,128.16,29.98,1.43,-40.43,-34.97,-0.06,1.7,0.7,-1.62,15.07,200
322,1,322,843.37,33.96,34.17,1768.4,42.45,-57.61,-31.03,11.37,128.71,32.97,1.5,-42.29,-39.58,-0.06,1.33,-2.5,-1.67,646.38,31.62,31.81,1139.6,37.51,-61.01,-31.13,7.03,131.91,30.02,1.44,-38.18,-33.49,-0.06,1.8,0.77,-1.6,14.17,200
323,1,323,810.51,33.78,33.98,1714.57,41.94,-56.65,-30.39,11.55,129.38,33.02,1.52,-41.14,-38.56,-0.06,1.24,-2.72,-1.67,625.07,31.55,31.77,1135.35,37.28,-61.18,-29.85,7.34,129.37,30.03,1.44,-38.47,-34.56,-0.06,1.71,0.72,-1.6,12.74,200
324,1,324,824.66,33.83,34.01,1721.23,42.07,-56.67,-30.09,11.96,132.32,32.95,1.48,-39.48,-38.98,-0.05,1.1,-2.79,-1.68,633.29,31.67,31.86,1165.23,37.16,-61.5,-29.88,7.16,131.52,30,1.43,-38.62,-33.17,-0.07,1.78,0.69,-1.6,14.57,200
325,1,325,841.23,33.92,34.11,1717.67,43.15,-57.43,-30.49,12.18,133.44,33.03,1.48,-40.38,-39.89,-0.06,1.32,-2.58,-1.66,645.08,31.67,31.88,1177.58,36.89,-61.23,-30.25,7.4,128.68,29.99,1.43,-37.94,-32.35,-0.06,1.81,0.79,-1.6,14.56,200
326,1,326,808.32,33.75,33.92,1751.24,40.49,-57.13,-29.65,11.13,129.51,32.97,1.52,-41.09,-37.97,-0.07,1.13,-2.89,-1.67,623.94,31.59,31.82,1142.66,37.52,-61.64,-28.68,6.99,135.54,30.03,1.44,-39.3,-33.61,-0.06,1.78,0.67,-1.59,8.82,200
327,1,327,831.61,33.66,33.81,1708.39,40.53,-56.78,-27.33,12.02,133.42,33.02,1.52,-40.85,-36.73,-0.07,1.03,-2.85,-1.69,637.57,31.6,31.83,1154.32,37.17,-62.54,-26.64,7.2,136.57,30.04,1.43,-38.48,-34.89,-0.07,1.77,0.76,-1.6,15.04,200
328,1,328,855.68,33.71,33.82,1697.22,40.88,-57.97,-29.36,12.22,134.47,33.03,1.52,-41.72,-36.55,-0.06,1.24,-2.93,-1.66,655.85,31.73,31.9,1169.79,37.34,-61.39,-28.66,7.4,131.76,30.02,1.43,-39.12,-33.83,-0.06,1.88,0.76,-1.59,17.98,200
329,1,329,822.58,33.78,33.95,1762.01,40.52,-56.66,-30.48,11.64,129.69,32.98,1.52,-40.83,-37.71,-0.07,0.97,-2.76,-1.65,632.98,31.57,31.77,1123.44,37.75,-61.2,-29.79,7.35,129.96,30.02,1.44,-38.88,-35.27,-0.06,1.78,0.72,-1.59,14.77,200
330,1,330,838.11,33.9,34.07,1762.69,41.65,-56.74,-30.4,11.93,132.05,32.97,1.48,-41.15,-39.07,-0.06,1.31,-2.72,-1.66,641.83,31.78,31.98,1189.59,37.37,-61.34,-29.72,7.42,129.89,29.98,1.41,-38.53,-34.35,-0.07,1.94,0.82,-1.59,14.56,200
