Header Section,,,,,,,,,,,,,,,,,,,,,,,,,,,,,,,,,,,,,,,,,,,
Product,VC5282,,,,,,,,,,,,,,,,,,,,,,,,,,,,,,,,,,,,,,,,,,
Test Plan,Rev(H),,,,,,,,,,,,,,,,,,,,,,,,,,,,,,,,,,,,,,,,,,
Release Date,2013/4/22,,,,,,,,,,,,,,,,,,,,,,,,,,,,,,,,,,,,,,,,,,
Comment,Dual Band," 301~330 is valid for Acetech,801~819 are for ASEN VC5282_E3.14.1",,,,,,,,,,,,,,,,,,,,,,,,,,,,,,,,,,,,,,,,,
,,,,,,,,,,,,,,,,,,,,,,,,,,,,,,,,,,,,,,,,,,,
Data Section,,,,,,,,,,,,,,,,,,,,,,,,,,,,,,,,,,,,,,,,,,,
Device#,1,2,3,4,5,6,7,8,9,10,11,12,13,14,15,16,17,18,19,20,21,22,23,24,25,26,27,28,29,30,31,32,33,34,35,36,37,38,39,40,41,42,
Test Item,Site No,Device ID,GSM915 Idle Current,GSM915 Max Pout@0dBm drive,GSM915 Max Pout,GSM915 Max Icc,GSM915 Max PAE,GSM915 Rated Pout,GSM915 Rated Vramp,GSM915 Rated Icc,GSM915 Rated PAE,GSM915 2nd har@33dBm,GSM915 3rd har@33dBm,GSM915 Max Fwd Iso1,GSM915 Max Fwd Iso2,GSM915 Pout Leakage@RX0,GSM915 Pout Leakage@RX1,GSM915 CMOS Pout,GSM915 Pout Slope,GSM915 Stress Delta,DCS1785 Idle Current,DCS1785 Max Pout@0dBm drive,DCS1785 Max Pout,DCS1785 Max Icc,DCS1785 Max PAE,DCS1785 Rated Pout,DCS1785 Rated Vramp,DCS1785 Rated Icc,DCS1785 Rated PAE,DCS1785 2nd har@33dBm,DCS1785 3rd har@33dBm,DCS1785 Max Fwd Iso1,DCS1785 Max Fwd Iso2,DCS1785 Pout Leakage@RX0,DCS1785 Pout Leakage@RX1,DCS1785 CMOS Pout,DCS1785 Pout Slope,DCS1785 Stress Delta,Insertion Loss RX0 960MHz,Insertion Loss RX1 1805MHz,Leakage Current,Leakage Current Wait Time,
Low Tolerance,,,60,0.3,0.3,60,,,,60,,2,2,3,2,3,3,1,,,60,0.3,0.3,60,,,,60,,3,3,3,2,3,3,1,,,0.3,0.3,5,,
High Tolerance,,,60,0.3,0.3,60,,,,60,,2,2,3,2,3,3,1,,,60,0.3,0.3,60,,,,60,,3,3,3,2,3,3,1,,,0.3,0.3,10,,
Enable,,,1,1,1,1,0,0,0,1,0,1,1,1,1,1,1,1,0,0,1,1,1,1,0,0,0,1,0,1,1,1,1,1,1,1,0,0,1,1,1,0,
301,1,301,803.175,33.187,33.329,1525.007,40.608,32.969,1.575,1417.981,40.203,-38.88,-37.166,-55.14,-32.083,1.79,-2.827,11.324,130.172,-0.006,996.272,31.338,31.437,1170.393,34.396,29.996,1.437,927.469,31.19,-47.667,-42.028,-66.96,-28.244,0.813,-0.781,5.453,151.894,-0.003,-1.665,-1.135,3.418,35,
302,1,302,823.115,33.284,33.428,1554.202,40.765,32.973,1.575,1423.344,40.084,-39.869,-36.529,-55.257,-32.158,1.677,-2.904,11.094,132.526,-0.001,999.781,31.165,31.288,1147.175,33.918,30.014,1.453,921.621,31.513,-50.247,-44.826,-67.497,-28.313,0.618,-1.131,5.203,154.696,0.001,-1.709,-1.177,3.707,35,
303,1,303,812.469,33.211,33.334,1549.209,40.024,33.008,1.594,1449.287,39.689,-39.134,-37.476,-55.189,-30.667,1.861,-2.768,10.743,137.664,0.002,1003.269,31.216,31.312,1170.025,33.443,30.004,1.453,937.896,30.901,-48.082,-40.762,-66.843,-26.555,0.711,-0.84,4.898,158.766,-0.001,-1.691,-1.15,3.478,35,
304,1,304,818.236,33.28,33.407,1558.788,40.448,33,1.589,1441.543,39.827,-39.661,-36.943,-54.953,-31.053,1.586,-2.814,11.332,129.942,-0.002,990.415,31.204,31.316,1159.871,33.762,30.006,1.453,930.583,31.158,-51.141,-43.597,-67.377,-27.425,0.641,-0.969,5.058,157.066,0.005,-1.682,-1.158,3.758,35,
305,1,305,824.954,33.355,33.489,1574.84,40.79,33.02,1.57,1440.807,40.03,-38.485,-36.935,-55.137,-31.179,1.79,-2.651,11.185,130.661,-0.001,1011.099,31.299,31.419,1183.937,33.869,29.991,1.449,935.31,30.898,-51.789,-45.413,-67.067,-27.867,0.755,-0.769,5.084,154.412,0.001,-1.7,-1.164,3.674,35,
306,1,306,835.486,33.384,33.517,1586.341,40.763,32.976,1.556,1434.026,39.814,-39.789,-36.555,-55.197,-32.216,1.659,-2.774,11.337,128.641,0,1015.331,31.204,31.326,1155.511,33.966,30.005,1.453,922.855,31.406,-50.469,-42.978,-67.744,-28.817,0.589,-0.989,5.099,154.795,0.005,-1.701,-1.171,3.614,35,
307,1,307,808.252,33.215,33.395,1571.426,40.015,32.996,1.585,1456.238,39.394,-38.68,-36.447,-54.476,-32.37,1.585,-2.756,10.913,130.49,0.001,995.882,31.307,31.445,1164.935,34.618,29.999,1.444,922.531,31.376,-51.975,-45.396,-67.565,-29.078,0.704,-0.774,4.704,155.584,0.007,-1.693,-1.164,3.696,35,
308,1,308,832.525,33.355,33.471,1573.124,40.671,32.999,1.564,1435.376,39.995,-40.047,-36.666,-54.779,-30.82,1.647,-2.821,11.321,131.485,0.002,1024.976,31.244,31.357,1174.123,33.669,29.97,1.444,930.927,30.893,-49.767,-42.127,-67.43,-26.867,0.773,-1.025,5.232,154.815,0.002,-1.679,-1.164,3.577,35,
309,1,309,832.032,33.309,33.425,1558.987,40.611,32.977,1.579,1429.716,39.943,-38.845,-36.616,-53.859,-31.489,1.564,-2.762,11.113,134.247,0,1013.879,31.224,31.328,1150.966,34.113,29.976,1.444,915.894,31.436,-50.628,-43.741,-67.313,-27.54,0.5,-0.9,4.89,159.982,0.001,-1.697,-1.158,3.67,35,
310,1,310,837.867,33.285,33.431,1557.926,40.694,33.027,1.575,1436.705,40.208,-38.092,-37.319,-54.043,-29.402,1.512,-2.773,11.204,131.59,0.002,1019.422,31.274,31.394,1187.556,33.574,29.999,1.451,941.772,30.739,-50.758,-42.514,-67.103,-25.936,0.825,-0.841,4.872,158.519,0.004,-1.667,-1.148,3.737,35,
311,1,311,815.155,33.278,33.449,1562.369,40.75,32.967,1.575,1428.635,39.883,-40.673,-36.368,-55.396,-30.199,1.567,-2.816,11.157,129.071,0.001,999.748,31.286,31.425,1172.432,34.242,29.993,1.449,930.398,31.074,-51.801,-45.321,-67.431,-26.773,0.716,-0.89,5.144,153.385,0.003,-1.718,-1.177,3.692,35,
312,1,312,817.666,33.204,33.33,1480.231,41.841,33.013,1.57,1378.215,41.767,-35.753,-37.168,-54.613,-31.932,1.547,-2.803,11.952,126.008,0.003,998.231,31.356,31.455,1174.451,34.419,29.997,1.434,929.511,31.125,-49.74,-44.3,-66.883,-28.528,0.708,-0.764,5.71,148.619,0.007,-1.687,-1.156,3.679,35,
313,1,313,824.143,33.224,33.352,1510.388,41.217,32.992,1.575,1397.661,41,-37.046,-36.41,-54.857,-33.196,1.772,-2.928,11.379,130.726,-0.001,1005.15,31.333,31.438,1171.902,34.362,29.967,1.444,923.97,31.097,-49.763,-42.745,-67.451,-30.203,0.762,-0.904,5.003,155.273,0.003,-1.687,-1.171,3.46,35,
314,1,314,838.591,33.399,33.515,1599.254,40.413,33.023,1.573,1456.938,39.622,-39.303,-37.874,-54.682,-33.01,1.679,-2.708,11.311,132.06,-0.001,1027.542,31.174,31.288,1167.628,33.326,30.006,1.453,932.212,31.102,-50.673,-42.832,-67.462,-28.876,0.666,-1.096,5.177,156.952,0.002,-1.69,-1.161,3.652,35,
315,1,315,830.882,33.299,33.409,1537.474,41.027,33.02,1.571,1417.109,40.696,-39.763,-37.251,-55.635,-29.844,1.668,-2.693,11.24,132.686,0,1019.289,31.216,31.329,1160.652,33.841,29.985,1.448,926.903,31.128,-51.29,-43.737,-67.14,-26.013,0.7,-0.804,5.141,156.069,0.001,-1.717,-1.169,3.606,35,
316,1,316,812.605,33.23,33.418,1567.394,40.329,33.01,1.59,1448.443,39.732,-40.444,-35.979,-55.075,-31.6,1.688,-2.785,11.006,128.645,-0.003,991.126,31.117,31.275,1152.626,33.653,30.032,1.462,933.931,31.233,-48.83,-41.601,-67.534,-28.093,0.614,-1.024,5.254,149.126,0.001,-1.684,-1.158,3.582,35,
317,1,317,815.558,33.259,33.411,1552.654,40.641,33.001,1.575,1432.618,40.089,-39.764,-35.83,-55.252,-30.587,-6.549,-2.787,11.234,130.362,-0.004,1003.935,31.237,31.346,1161.282,33.954,29.962,1.444,923.316,31.083,-49.951,-42.223,-67.037,-27.126,0.722,-0.861,5.178,153.346,0.001,-1.701,-1.158,3.654,35,
318,1,318,824.805,33.305,33.447,1612.61,39.468,33.03,1.594,1492.715,38.736,-40.474,-36.401,-54.478,-29.284,1.266,-2.789,10.904,133.977,-0.002,1014.373,31.221,31.322,1163.065,33.714,30.005,1.451,928.593,31.216,-49.234,-46.009,-66.975,-25.453,0.634,-0.958,4.97,158.463,0.001,-1.677,-1.165,3.385,35,
319,1,319,824.353,33.296,33.421,1580.547,40.023,33.015,1.589,1463.063,39.384,-39.354,-37.552,-54.079,-32.802,1.787,-2.65,11.201,132.319,-0.001,1002.953,31.201,31.308,1168.908,33.446,30.014,1.453,935.649,31.044,-47.614,-41.886,-67.13,-28.707,0.655,-0.841,5.109,157.464,0.003,-1.695,-1.162,3.687,35,
320,1,320,823.388,33.277,33.426,1549.385,40.865,32.981,1.575,1419.958,40.253,-39.758,-37.135,-55.261,-31.261,1.674,-2.783,11.292,131.228,0.004,1000.3,31.214,31.331,1172.392,33.523,29.989,1.453,933.22,30.949,-48.96,-41.833,-67.342,-27.655,0.717,-0.98,4.964,156.5,0.007,-1.676,-1.151,3.398,35,
801,1,801,928.005,33.664,33.812,1635.027,42.322,32.981,1.519,1455.929,39.269,-42.052,-39.988,-56.403,-27.524,1.064,-4.156,12.136,125.521,0,1060.366,31.516,31.618,1202.147,34.926,29.99,1.406,930.127,31.071,-42.524,-36.86,-55.296,-24.317,2.687,1.316,6.465,146.264,0.003,-1.186,-1.376,1.88,35,
802,1,802,895.86,33.558,33.708,1529.418,44.161,33.024,1.518,1377.429,41.905,-36.263,-37.51,-56.8,-28.332,1.063,-4.348,12.1,131.434,0.007,1023.775,31.655,31.754,1203.921,35.968,29.995,1.397,918.941,31.482,-39.786,-35.504,-55.581,-25.951,2.738,1.408,5.974,154.349,0.001,-1.169,-1.393,3.789,35,
803,1,803,914.696,33.589,33.746,1579.196,43.156,33.026,1.535,1422.429,40.611,-39.387,-38.225,-55.587,-26.629,0.689,-4.375,11.77,132.797,-0.002,1041.877,31.73,31.808,1226.863,35.737,30.005,1.397,934.765,31.03,-40.012,-36,-55.537,-23.446,2.874,1.449,6,152.764,0.002,-1.176,-1.407,3.765,35,
804,1,804,918.975,33.578,33.73,1573.499,43.156,29.707,1.367,1413.224,36.714,-37.931,-37.343,-56.213,-25.598,1.188,-4.276,12.053,130.09,-0.001,1053.033,31.699,31.822,1226.293,35.87,29.975,1.39,934.394,30.826,-42.03,-38.506,-53.67,-23.207,2.78,1.523,6.142,152.958,0.002,-1.187,-1.41,3.757,35,
805,1,805,924.898,33.601,33.756,1602.217,42.634,33.024,1.537,1440.401,40.087,-40.778,-34.546,-56.63,-29.395,0.966,-4.26,11.88,131.2,-0.003,1047.598,31.726,31.814,1235.458,35.538,30.004,1.397,941.494,30.802,-41.249,-35.306,-55.587,-26.367,2.79,1.555,5.932,152.651,0.001,-1.216,-1.416,3.747,35,
806,1,806,919.485,33.587,33.737,1689.97,40.259,33.019,1.575,1533.763,37.622,-42.471,-38.647,-57.423,-26.722,0.856,-4.292,11.189,137.344,-0.001,1051.136,31.759,31.857,1238.1,35.82,30.029,1.404,943.103,30.926,-39.154,-34.993,-53.531,-24.043,2.853,1.515,5.222,165.225,0.003,-1.206,-1.411,3.784,35,
807,1,807,921.781,33.683,33.845,1677.803,41.562,32.978,1.538,1488.635,38.391,-41.006,-39.379,-56.253,-26.023,1.146,-4.087,11.112,138.081,-0.001,1047.204,31.507,31.608,1192.987,35.113,29.966,1.406,916.025,31.372,-41.988,-36.879,-55.364,-23.13,2.607,1.326,5.525,160.086,0.003,-1.2,-1.396,3.784,35,
808,1,808,901.429,33.572,33.731,1639.929,41.422,32.966,1.556,1473.664,38.677,-41.877,-38.549,-57.349,-28.069,1.026,-4.591,11.785,129.295,-0.002,1034.678,31.579,31.68,1195.794,35.607,30.02,1.406,921.02,31.59,-40.473,-36.055,-55.259,-25.164,2.646,1.079,6.164,151.449,0.001,-1.197,-1.41,3.576,35,
809,1,809,932.965,33.624,33.765,1582.817,43.247,32.982,1.519,1402.917,40.763,-37.626,-38.099,-55.895,-25.904,1.113,-4.488,11.965,131.188,-0.001,1056.096,31.565,31.668,1200.9,35.359,29.975,1.406,922.613,31.216,-42.751,-37.387,-55.316,-23.021,2.561,1.142,6.138,153.501,0.002,-1.193,-1.406,3.688,35,
810,1,810,893.986,33.503,33.661,1587.322,42.102,33.021,1.538,1448.414,39.839,-40.643,-38.336,-56.161,-24.992,0.938,-4.752,11.916,132.03,-0.002,1030.617,31.444,31.543,1177.812,35.03,30.028,1.406,920.584,31.663,-42.028,-38.287,-55.351,-22.04,2.397,0.899,6.161,156.585,0.001,-1.206,-1.415,3.773,35,
811,1,811,938.442,33.63,33.769,1604.132,42.708,32.99,1.538,1432.961,39.977,-39.704,-38.491,-55.993,-25.732,0.892,-4.323,11.386,138.791,-0.001,1054.992,31.545,31.638,1196.848,35.239,30.004,1.416,922.038,31.44,-40.86,-35.267,-55.48,-22.861,2.667,1.261,5.205,163.673,0.002,-1.193,-1.405,3.769,35,
812,1,812,912.635,33.578,33.732,1658.43,40.976,33.021,1.574,1509.47,38.24,-44.082,-38.574,-56.493,-27.367,0.855,-4.497,11.196,138.005,-0.001,1048.397,31.422,31.539,1169.897,35.235,30,1.414,909.437,31.845,-44.839,-39.727,-53.407,-24.407,2.439,1.112,5.866,157.085,0.002,-1.202,-1.411,3.776,35,
813,1,813,920.445,33.624,33.775,1689.78,40.622,32.993,1.556,1518.091,37.779,-42.352,-38.187,-56.109,-27.634,0.883,-4.64,11.392,135.36,-0.003,1051.036,31.591,31.682,1197.98,35.555,30.018,1.406,918.243,31.669,-43.175,-37.116,-55.245,-24.71,2.605,1.077,5.306,163.997,0.002,-1.205,-1.417,3.804,35,
814,1,814,928.191,33.648,33.796,1741.447,39.61,33.022,1.574,1569.318,36.8,-38.09,-39.283,-56.964,-24.151,1.059,-4.445,11.131,135.63,-0.001,1054.22,31.619,31.708,1198.159,35.759,29.996,1.397,916.882,31.562,-41.106,-36.205,-55.319,-21.286,2.626,1.165,5.79,159.721,0.001,-1.201,-1.399,3.766,35,
815,1,815,904.772,33.604,33.765,1635.126,41.864,32.998,1.546,1470.687,39.038,-39.936,-39.828,-57.19,-27.522,1.102,-4.483,11.554,131.591,-0.001,1035.655,31.675,31.766,1210.318,35.874,29.996,1.397,923.032,31.356,-41.135,-37.6,-55.117,-24.535,2.719,1.211,5.76,154.895,0.004,-1.187,-1.4,3.596,35,
816,1,816,929.612,33.624,33.764,1686.48,40.597,33.026,1.571,1523.212,37.941,-42.469,-39.313,-56.032,-27.246,1.059,-4.514,10.968,139.298,0,1057.241,31.732,31.807,1227,35.72,29.986,1.397,926.986,31.152,-41.347,-36.87,-55.252,-24.221,2.707,1.274,5.343,161.967,0.002,-1.224,-1.418,3.76,35,
817,1,817,897.777,33.567,33.737,1569.093,43.336,32.977,1.538,1408.801,40.545,-40.673,-39.571,-56.013,-28.396,0.909,-4.526,11.571,136.334,-0.002,1023.897,31.756,31.848,1227,36.072,30.001,1.394,929.568,31.171,-39.521,-36.842,-55.25,-25.016,2.893,1.332,5.886,156.413,-0.042,-1.188,-1.408,3.756,35,
818,1,818,916.844,33.606,33.741,1645.947,41.372,33.02,1.555,1481.588,38.944,-40.139,-37.772,-55.719,-23.97,1.089,-4.513,11.105,139.135,-0.004,1058.831,31.675,31.78,1231,35.397,29.984,1.406,936.573,30.824,-41.508,-37.146,-55.416,-21.691,2.63,1.229,5.502,162.34,0.003,-1.202,-1.415,3.785,35,
819,1,819,914.349,33.566,33.706,1598.599,42.248,33.023,1.533,1448.921,39.844,-39.906,-38.287,-55.436,-26.935,1.001,-4.393,11.679,133.286,-0.001,1052.658,31.459,31.563,1176,35.248,29.974,1.406,909.211,31.664,-42.105,-36.709,-55.39,-24.217,2.483,1.123,5.6,159.887,0.001,-1.19,-1.406,3.733,35,
