Header Section,,,,,,,,,,,,,,,,,,,,,,,,,,,,,,,,,,,,,,,,,,
Product,VC5268,,,,,,,,,,,,,,,,,,,,,,,,,,,,,,,,,,,,,,,,,
Test Plan,Rev(H),,,,,,,,,,,,,,,,,,,,,,,,,,,,,,,,,,,,,,,,,
Release Date,9/26/2012,,,,,,,,,,,,,,,,,,,,,,,,,,,,,,,,,,,,,,,,,
Comment,Dual Band," 501~588 is correlation golden in Sigurd, 600~629 is generated in Goodark (5268Q), 590~599 & 800~812 is generated in Gerad. 1~30 is valid for Acetech",,,,,,,,,,,,,,,,,,,,,,,,,,,,,,,,,,,,,,,,
,,,,,,,,,,,,,,,,,,,,,,,,,,,,,,,,,,,,,,,,,,
Data Section,,,,,,,,,,,,,,,,,,,,,,,,,,,,,,,,,,,,,,,,,,
Device#,1,2,3,4,5,6,7,8,9,10,11,12,13,14,15,16,17,18,19,20,21,22,23,24,25,26,27,28,29,30,31,32,33,34,35,36,37,38,39,40,41,42
Test Item,Site No,Device ID,GSM915 Idle Current,GSM915 Max Pout @ 0dBm Drive,GSM915 Max Pout,GSM915 Max Icc,GSM915 Max PAE,GSM915 Rated Pout,GSM915 Rated Vramp,GSM915 Rated Icc,GSM915 Rated PAE,GSM915 2nd har@33dBm,GSM915 3rd har@33dBm,GSM915 Fwd Isolation 1,GSM915 Fwd Isolation 2,GSM915 Pout Leakage@RX0,GSM915 Pout Leakage@RX1,GSM915 CMOS Pout,GSM915 Pout Slope,GSM915 Stress Delta,DCS1785 Idle Current,DCS1785 Max Pout @ 0dBm Drive,DCS1785 Max Pout,DCS1785 Max Icc,DCS1785 Max PAE,DCS1785 Rated Pout,DCS1785 Rated Vramp,DCS1785 Rated Icc,DCS1785 Rated PAE,DCS1785 2nd har@33dBm,DCS1785 3rd har@33dBm,DCS1785 Fwd Isolation 1,DCS1785 Fwd Isolation 2,DCS1785 Pout Leakage@RX0,DCS1785 Pout Leakage@RX1,DCS1785 CMOS Pout,DCS1785 Pout Slope,DCS1785 Stress Delta,Insertion Loss Rx0 960MHz,Insertion Loss Rx1 1805MHz,Leakage Current,Leakage Current Delay Time
Low Tolerance,,,60,0.3,0.3,60,,,,60,,2,2,3,2,3,3,1,,,60,0.3,0.3,60,,,,60,,3,3,3,2,3,3,1,,,0.3,0.3,5,
High Tolerance,,,60,0.3,0.3,60,,,,60,,2,2,3,2,3,3,1,,,60,0.3,0.3,60,,,,60,,3,3,3,2,3,3,1,,,0.3,0.3,10,
Enable,,,1,1,1,1,0,0,0,1,0,1,1,1,1,1,1,1,0,0,1,1,1,1,0,0,0,1,0,1,1,1,1,1,1,1,0,0,1,1,1,0
331,1,331,799.987,33.732,33.889,1628.269,41.643,33.023,1.499,1422.096,38.886,-41.952,-37.587,-58.763,-28.889,1.162,-3.845,12.003,113.325,-0.004,615.582,31.398,31.571,1169.457,36.155,30.028,1.413,938.538,31.643,-41.629,-30.332,-68.336,-31.099,-0.029,-1.938,7.327,125.869,-0.002,-1.625,-1.804,6.157,55
332,1,332,764.74,33.612,33.768,1578.327,41.753,33.033,1.521,1399.036,39.597,-40.695,-38.089,-58.553,-29.683,1.275,-3.602,11.774,120.692,0.009,588.283,31.311,31.524,1163.292,35.964,30.018,1.429,939.17,31.55,-40.278,-33.496,-70.068,-30.887,-0.171,-1.775,7.184,123.964,0.001,-1.625,-1.788,6.655,55
333,1,333,793.16,33.729,33.894,1658.562,40.946,33.021,1.521,1453.5,38.058,-42.471,-37.5,-58.307,-30.957,1.14,-3.798,11.423,119.026,0.004,606.033,31.312,31.519,1175.382,35.539,30.006,1.442,949.945,31.099,-40.913,-32.635,-70.236,-30.536,-0.257,-1.906,6.653,124.841,0,-1.662,-1.827,6.128,55
334,1,334,790.73,33.688,33.843,1633.798,41.066,33.029,1.526,1436.488,38.561,-41.362,-38.317,-59.092,-30.332,1.26,-3.728,11.6,122.139,-0.006,608.352,31.309,31.504,1154.624,36.074,30.013,1.437,929.265,31.864,-38.355,-32.796,-68.735,-31.174,-0.099,-1.857,6.855,128.149,0.002,-1.609,-1.785,6.557,55
335,1,335,797.029,33.687,33.868,1611.619,41.863,33.032,1.517,1419.267,39.04,-41.895,-37.423,-57.895,-30.196,1.201,-3.87,11.39,120.897,0.004,616.229,31.335,31.553,1169.285,36.009,30.008,1.441,942.518,31.366,-40.34,-33.253,-70.345,-31.039,-0.325,-1.983,6.819,123.596,-0.003,-1.639,-1.793,5.206,555
336,1,336,776.651,33.689,33.91,1686.17,40.432,33.02,1.543,1484.15,37.29,-42.632,-37.875,-58.629,-30.787,1.132,-3.675,11.141,122.437,0.004,598.31,31.171,31.392,1150.525,35.286,30.011,1.46,940.076,31.472,-38.944,-32.646,-69.572,-30.066,-0.144,-1.82,6.639,128.262,0.014,-1.628,-1.785,6.217,55
337,1,337,764.61,33.596,33.752,1558.23,42.131,33.021,1.521,1386.859,39.819,-37.99,-37.143,-58.497,-30.238,1.048,-3.659,11.899,117.72,0.001,593.471,31.193,31.395,1166.258,34.819,30.005,1.455,950.938,31.059,-40.026,-32.888,-68.784,-31.081,0.06,-1.704,6.653,125.911,0.001,-1.654,-1.818,7.14,55
338,1,338,782.644,33.703,33.868,1637.678,41.205,33.028,1.506,1437.495,38.532,-41.661,-37.605,-59.146,-30.585,1.326,-3.804,11.657,120.443,-0.003,601.431,31.234,31.465,1139.524,36.25,30.012,1.42,925.49,31.989,-41.772,-32.691,-70.045,-29.815,-0.23,-1.998,7.287,124.704,-0.004,-1.64,-1.802,6.746,55
339,1,339,773.929,33.722,33.917,1648.319,41.414,33.017,1.518,1444.293,38.258,-42.595,-39.236,-59.034,-30.759,1.242,-3.69,11.414,121.416,-0.005,597.314,31.235,31.44,1157.011,35.472,30.012,1.444,943.226,31.37,-39.198,-31.211,-70.345,-28.779,-0.161,-1.907,6.869,127.292,-0.002,-1.634,-1.786,6.205,55
340,1,340,788.848,33.802,33.987,1683.94,41.211,33.013,1.481,1456.55,37.91,-41.679,-39.941,-58.857,-30.638,0.913,-3.712,12.301,112.254,-0.012,609.672,31.243,31.454,1149.621,35.82,30.012,1.409,934.336,31.677,-39.435,-33.375,-70.553,-30.185,-0.169,-1.884,7.67,120.156,0.004,-1.636,-1.794,6.624,55
341,1,341,796.41,33.8,33.974,1677.534,41.246,33.007,1.508,1457.25,37.841,-40.817,-38.561,-59.495,-30.66,1.567,-3.762,11.223,126.207,-0.001,611.825,31.216,31.417,1144.539,35.683,30.003,1.431,933.098,31.653,-39.947,-32.398,-69.637,-30.542,-0.105,-1.919,7.078,123.877,0.005,-1.636,-1.8,5.924,55
342,1,342,784.32,33.598,33.803,1586.183,41.891,33.022,1.521,1398.278,39.515,-39.53,-37.104,-57.868,-30.17,0.967,-3.69,11.634,112.258,0,605.993,31.165,31.419,1150.572,35.509,30.013,1.457,943.384,31.367,-40.884,-32.517,-70.399,-30.584,-0.175,-1.804,6.838,118.249,-0.004,-1.635,-1.813,7.22,55
343,1,343,800.572,33.76,33.979,1714.776,40.406,33.013,1.523,1493.27,37.01,-38.523,-39.734,-59.893,-31.339,1.233,-3.81,11.375,116.915,0.009,614.401,31.307,31.509,1152.005,36.197,30.006,1.427,932.832,31.687,-41.361,-31.67,-69.432,-30.764,-0.386,-2.064,7.186,119.159,0.003,-1.636,-1.8,6.181,55
344,1,344,788.709,33.773,33.963,1671.613,41.285,33.025,1.51,1457.732,37.984,-42.916,-34.142,-58.418,-30.733,1.166,-3.846,11.406,122.938,0.008,611.616,31.314,31.504,1162.411,35.821,30.005,1.432,938.131,31.489,-41.363,-30.862,-69.564,-31.063,-0.29,-2.016,6.645,128.171,-0.007,-1.644,-1.788,5.907,55
345,1,345,804.967,33.608,33.894,1679.033,40.456,33.018,1.516,1477.15,37.442,-39.089,-34.697,-58.712,-31.752,1.427,-3.714,11.113,125.564,-0.005,616.035,31.415,31.6,1165.488,36.526,30.004,1.412,930.603,31.747,-43.764,-33.892,-70.149,-30.479,-0.258,-1.933,6.7,124.744,0.001,-1.647,-1.788,6.326,55
346,1,346,806.582,33.664,33.892,1651.99,41.085,33.029,1.507,1452.296,38.156,-42.061,-38.622,-59.136,-31.958,1.1,-3.671,11.361,122.391,0.005,617.092,31.273,31.464,1149.677,35.903,30.004,1.421,932.875,31.67,-40.633,-31.897,-67.924,-30.156,-0.032,-1.844,6.904,126.602,0.002,-1.623,-1.795,6.055,55
347,1,347,786.743,33.742,33.927,1637.131,41.785,33.024,1.496,1427.557,38.755,-38.982,-38.782,-58.056,-29.93,1.069,-3.682,11.526,121.561,0.005,608.704,31.3,31.518,1171.151,35.661,30,1.421,946.681,31.162,-40.809,-32.103,-69.138,-27.094,-0.206,-1.856,6.746,129.871,0.002,-1.594,-1.762,7.599,55
348,1,348,785.56,33.76,33.981,1674.277,41.383,33.017,1.507,1454.353,38.003,-40.033,-37.48,-58.203,-30.739,1.079,-3.764,11.727,120.377,-0.006,605.979,31.347,31.536,1155.724,36.309,30.011,1.421,932.562,31.728,-40.203,-32.511,-67.664,-30.206,-0.001,-1.833,7.517,115.946,0.001,-1.599,-1.778,6.507,55
349,1,349,773.034,33.678,33.875,1644.663,41.1,33.027,1.527,1444.462,38.346,-41.736,-37.672,-58.978,-30.796,1.192,-3.616,11.547,119.49,-0.003,598.335,31.248,31.445,1156.008,35.543,30.016,1.445,936.697,31.627,-37.702,-33.212,-66.779,-30.373,0.012,-1.658,7.028,125.442,0.003,-1.595,-1.767,6.285,55
350,1,350,743.909,33.382,33.607,1519.243,41.761,33.034,1.55,1390.016,39.853,-42.125,-38.602,-58.472,-28.029,1.028,-3.707,10.868,143.247,-0.001,584.407,31.262,31.465,1147.9,35.973,29.998,1.442,926.454,31.851,-39.409,-32.682,-69.439,-30.676,-0.271,-1.846,5.548,144.508,0.004,-1.617,-1.777,7.312,55
351,1,351,788.731,33.808,33.984,1695.978,40.896,33.02,1.506,1472.034,37.587,-40.658,-40.626,-60.059,-31.053,1.4,-3.783,11.708,115.871,0.002,609.434,31.33,31.517,1162.047,35.943,30.015,1.425,938.926,31.54,-40.497,-30.913,-68.549,-31.007,-0.052,-1.922,7.095,122.847,0.007,-1.589,-1.768,6.247,55
352,1,352,772.718,33.743,33.927,1667.486,41.042,33.012,1.504,1452.045,38.016,-41.408,-37.805,-58.267,-31.077,1.253,-3.727,11.857,115.894,0.007,593.788,31.326,31.531,1165.657,35.946,30.001,1.426,942.212,31.322,-40.1,-32.997,-68.301,-30.077,-0.014,-1.775,7.278,124.176,0.004,-1.605,-1.772,6.873,55
353,1,353,795.936,33.773,33.918,1654.1,41.283,33.023,1.484,1437.768,38.478,-41.498,-37.597,-58.297,-31.461,0.987,-3.815,11.815,117.608,-0.004,611.943,31.33,31.518,1190.72,35.06,30.012,1.416,960.731,30.778,-38.058,-31.904,-67.905,-30.446,-0.078,-1.87,6.991,127.375,0.004,-1.612,-1.782,7.344,55
354,1,354,800.293,33.859,34.026,1700.979,41.172,33.007,1.5,1462.517,37.71,-42.789,-40.408,-60.164,-30.864,1.262,-3.706,11.834,118.886,0.004,614.41,31.296,31.503,1165.47,35.714,30.007,1.429,943.567,31.321,-39.604,-31.136,-68.712,-31.11,-0.034,-1.806,7.252,119.532,-0.002,-1.6,-1.772,6.581,55
355,1,355,788.462,33.64,33.837,1598.683,41.894,33.024,1.512,1409.29,39.242,-40.176,-37.966,-57.756,-31.132,1.08,-3.817,11.667,119.223,0.003,607.259,31.347,31.557,1180.161,35.695,30.011,1.429,952.803,31.035,-40.515,-32.688,-69.693,-29.695,-0.117,-1.932,7.11,122.581,0.005,-1.607,-1.781,7.229,55
356,1,356,795.469,33.78,33.933,1635.574,41.888,33.025,1.5,1422.607,38.895,-44.245,-40.173,-59.592,-30.852,0.99,-3.675,11.831,111.447,0,616.236,31.241,31.447,1163.935,35.31,30.017,1.434,948.615,31.219,-39.434,-31.648,-68.536,-31.299,-0.116,-1.782,7.102,121.344,0.001,-1.627,-1.795,6.94,55
357,1,357,805.927,33.836,33.998,1719.943,40.474,33.016,1.521,1490.126,37.113,-39.231,-38.799,-58.965,-31.005,1.295,-3.724,11.254,118.519,0.002,619.641,31.204,31.405,1137.18,35.823,29.997,1.446,927.676,31.8,-39.786,-32.302,-69.182,-30.037,-0.016,-1.871,6.675,125.627,0.005,-1.62,-1.789,5.822,55
358,1,358,791.007,33.592,33.723,1529.349,42.622,33.04,1.508,1359.877,40.764,-39.413,-38.927,-58.455,-30.751,1.296,-3.545,11.938,111.741,-0.003,610.329,31.315,31.506,1165.708,35.735,30.005,1.435,941.41,31.377,-40.52,-32.513,-68.488,-31.13,0.085,-1.665,6.699,127.597,-0.003,-1.622,-1.806,7.432,55
359,1,359,786.743,33.741,33.872,1627.064,41.504,33.02,1.499,1422.362,38.858,-41.187,-38.318,-58.709,-29.686,1.195,-3.711,12.183,112.298,0,604.34,31.325,31.524,1161.757,36.01,30.002,1.422,936.179,31.537,-40.217,-31.61,-67.787,-31.25,0.022,-1.846,7.346,118.634,-0.01,-1.62,-1.801,7.058,55
360,1,360,797.676,33.636,33.757,1573.538,41.77,33.038,1.497,1389.088,39.916,-38.376,-37.786,-57.973,-31.371,1.038,-3.654,11.647,126.571,-0.001,607.586,31.308,31.508,1186.628,35.098,30.005,1.416,957.894,30.82,-38.139,-32.799,-68.689,-30.592,-0.016,-1.735,7.007,127.722,-0.004,-1.601,-1.78,7.555,55
361,1,361,776.018,33.725,33.881,1628.614,41.558,33.02,1.521,1427.539,38.713,-42.812,-38.805,-58.934,-30.71,1.291,-3.613,11.446,122.566,0,601.996,31.215,31.407,1148.091,35.489,30.012,1.444,935.88,31.619,-39.623,-32.801,-68.936,-30.823,-0.104,-1.798,6.759,126.948,0.003,-1.621,-1.792,6.174,55
362,1,362,786.207,33.636,33.792,1589.692,41.691,33.023,1.522,1409.509,39.225,-39.486,-37.858,-58.039,-30.958,0.949,-3.797,11.488,125.247,-0.002,604.185,31.187,31.392,1160.272,34.983,30.017,1.448,944.696,31.353,-38.782,-32.251,-69.414,-31.341,-0.148,-1.88,6.441,133.366,-0.001,-1.638,-1.794,6.512,55
363,1,363,766.415,33.547,33.693,1513.692,42.753,33.046,1.513,1354.854,40.965,-36.811,-38.355,-58.248,-30.208,1.18,-3.693,12.304,112.592,0.005,593.932,31.138,31.371,1141.113,35.419,30.007,1.444,936.513,31.566,-39.551,-33.805,-69.516,-30.037,0.027,-1.796,7.155,123.096,0.004,-1.612,-1.783,7.218,55
364,1,364,787.088,33.729,33.883,1633.353,41.458,33.022,1.498,1429.707,38.684,-41.245,-38.705,-58.802,-30.78,1.167,-3.607,11.828,121.138,0.005,604.376,31.193,31.398,1132.045,35.935,30.01,1.418,924.879,31.993,-39.84,-33.629,-68.312,-30.552,-0.076,-1.713,7.217,123.992,-0.002,-1.608,-1.784,6.647,55
365,1,365,789.529,33.742,33.945,1724.865,39.863,33.007,1.535,1505.955,36.655,-40.172,-39.558,-58.66,-31.743,1.015,-3.738,10.985,124.015,0.003,607.22,31.217,31.409,1150.493,35.422,29.999,1.449,932.749,31.634,-39.229,-33.018,-68.896,-30.793,-0.276,-1.899,6.522,132.98,0.001,-1.633,-1.794,5.433,55
366,1,366,779.214,33.706,33.885,1653.36,40.982,33.026,1.52,1456.995,38.016,-40.461,-37.402,-58.903,-30.755,1.169,-3.65,11.56,122.05,-0.002,595.093,31.295,31.502,1159.111,35.91,30.024,1.434,937.056,31.668,-40.352,-33.033,-68.65,-30.75,-0.056,-1.734,6.596,132.751,-0.004,-1.642,-1.803,6.054,55
367,1,367,757.169,33.644,33.883,1633.888,41.448,33.017,1.503,1436.344,38.46,-41.159,-37.104,-57.551,-29.548,1.196,-3.676,12.06,113.927,-0.002,586.842,31.318,31.553,1169.857,35.995,30.012,1.421,946.217,31.266,-42.836,-33.821,-70.632,-30.405,-0.224,-1.9,7.559,118.408,0.007,-1.657,-1.811,6.78,55
368,1,368,795.235,33.808,33.986,1701.371,40.784,33.011,1.52,1476.787,37.392,-39.207,-38.915,-59.08,-31.392,1.452,-3.626,11.426,119.025,0.006,608.571,31.335,31.509,1158.959,35.98,30.019,1.435,933.436,31.756,-41.622,-32.459,-68.501,-30.636,-0.061,-1.811,6.905,127.235,-0.015,-1.619,-1.78,5.68,55
369,1,369,795.145,33.638,33.807,1570.062,42.353,33.038,1.501,1384.99,40.032,-40.998,-37.747,-58.559,-30.535,1.376,-3.65,11.528,122.957,0.005,609.912,31.325,31.532,1165.733,35.946,30.012,1.42,937.664,31.562,-40.171,-31.62,-68.228,-31.953,0.053,-1.799,7.054,124.94,-0.001,-1.587,-1.768,7.135,55
370,1,370,785.927,33.705,33.898,1647.708,41.244,33.013,1.53,1443.33,38.25,-41.315,-38.471,-58.569,-30.374,0.934,-3.654,11.549,118.588,0.007,607.931,31.159,31.375,1150.942,35.137,30.019,1.456,943.15,31.42,-38.836,-31.448,-69.54,-31.09,-0.079,-1.861,6.927,123.573,0.003,-1.594,-1.762,6.454,55
371,1,371,796.116,33.775,33.96,1666.608,41.374,33.018,1.517,1453.084,38.041,-43.32,-39.873,-58.518,-30.752,1.087,-3.838,11.762,115.96,0.002,613.011,31.363,31.55,1180.732,35.624,30.02,1.44,950.182,31.185,-39.04,-31.475,-69.439,-31.518,-0.155,-1.923,6.935,123.23,0.001,-1.6,-1.756,5.872,55
372,1,372,751.085,33.55,33.82,1622.876,41.116,33.016,1.527,1443.111,38.279,-43.047,-37.079,-58.836,-30.069,1.175,-3.638,11.613,117.664,0.003,583.343,31.21,31.463,1157.133,35.652,30.018,1.438,942.072,31.454,-42.144,-30.989,-69.005,-30.473,-0.087,-1.829,7.286,121.979,0.004,-1.635,-1.801,6.273,55
373,1,373,757.017,33.668,33.955,1646.514,41.821,32.991,1.506,1435.215,38.256,-42.627,-39.487,-58.431,-30.281,1.143,-3.68,11.294,122.576,0.003,581.675,31.128,31.368,1133.322,35.649,29.986,1.441,928.661,31.688,-39.256,-32.069,-68.661,-30.382,-0.009,-1.779,6.84,127.294,0.005,-1.592,-1.767,6.734,55
374,1,374,776.511,33.693,33.861,1625.436,41.448,33.026,1.516,1429.668,38.716,-41.22,-37.887,-58.829,-30.378,1.082,-3.667,11.92,116.569,0,603.081,31.287,31.482,1168.853,35.439,29.993,1.442,945.76,31.143,-38.994,-32.419,-68.346,-31.249,0.018,-1.747,7.06,124.479,-0.002,-1.591,-1.766,6.512,55
375,1,375,788.174,33.679,33.834,1611.403,41.54,33.032,1.509,1414.952,39.159,-40.214,-35.397,-58.119,-30.561,1.376,-3.679,11.774,118.924,0.004,606.385,31.455,31.66,1196.479,36.035,30.022,1.418,951.718,31.149,-40.513,-30.752,-68.454,-30.78,0.029,-1.797,6.951,126.023,0.005,-1.625,-1.789,7.243,55
376,1,376,798.492,33.783,33.962,1708.949,40.384,33.028,1.533,1490.359,37.209,-40.141,-38.137,-58.838,-31.167,0.959,-3.698,11.187,120.053,0.01,616.912,31.342,31.537,1168.375,35.904,30.009,1.446,940.166,31.448,-40.196,-30.956,-68.472,-30.515,-0.098,-1.857,6.622,123.417,-0.004,-1.617,-1.771,5.863,55
377,1,377,797.985,33.78,33.92,1650.574,41.388,33.028,1.518,1439.673,38.471,-41.609,-38.613,-58.01,-31.385,1.246,-3.772,11.356,120.272,-0.001,616.161,31.312,31.502,1167.329,35.655,30.015,1.44,942.798,31.403,-39.347,-31.909,-70.389,-30.042,-0.186,-1.918,6.685,125.721,0.005,-1.599,-1.759,6.162,55
378,1,378,803.385,33.781,33.898,1642.506,41.375,33.018,1.493,1430.225,38.629,-40.683,-39.628,-58.212,-28.483,1.39,-3.689,12.203,114.874,-0.003,619.342,31.404,31.599,1186.014,35.866,30.015,1.414,948.637,31.204,-40.565,-31.875,-69.503,-30.955,-0.054,-1.843,7.464,113.783,-0.002,-1.586,-1.753,6.1,55
379,1,379,770.086,33.779,34.013,1679.799,41.56,33.006,1.511,1456.528,37.853,-41.581,-40.342,-59.007,-30.106,0.979,-3.734,11.758,115.979,-0.003,589.908,31.192,31.416,1146.545,35.609,30.009,1.447,937.783,31.536,-39.525,-31.582,-70.295,-30.864,-0.091,-1.919,7.117,123.555,-0.01,-1.594,-1.758,6.226,55
380,1,380,789.63,33.587,33.711,1554.861,41.815,33.032,1.528,1378.601,40.151,-36.293,-37.146,-58.073,-31.019,1.162,-3.69,11.372,122.887,-0.002,615.593,31.344,31.534,1182.48,35.437,30.009,1.447,954.004,30.978,-38.501,-32.099,-68.308,-31.033,-0.037,-1.782,6.706,127.302,-0.003,-1.584,-1.764,7.03,55
381,1,381,799.211,33.761,33.793,1734.654,39.027,33.032,1.528,1500.234,37.006,-41.537,-36.05,-58.394,-30.551,0.794,-3.867,11.078,130.57,-0.027,623.015,31.246,31.448,1170.407,34.398,30.033,1.461,970.428,30.605,-35.89,-34.132,-70.782,-29.524,-0.137,-1.992,6.528,138.646,-0.024,-1.609,-1.775,13.844,65
382,1,382,813.141,33.782,33.825,1704.6,39.998,33.01,1.499,1453.833,37.959,-40.915,-36.48,-58.499,-28.113,0.893,-3.841,11.169,132.41,-0.023,628.715,31.396,31.584,1208.114,34.356,30.03,1.444,993.784,29.847,-37.084,-33.695,-70.395,-27.179,-0.103,-1.925,6.744,139.536,-0.018,-1.614,-1.767,13.702,65
383,1,383,802.091,33.629,33.801,1750.661,38.744,33.023,1.552,1543.514,35.932,-40.841,-37.661,-59.414,-31.357,0.876,-3.82,10.656,127.098,-0.022,619.406,31.252,31.469,1188.807,34.014,30.041,1.482,990.685,30.018,-39.037,-30.396,-69.761,-31.479,-0.088,-1.926,6.109,136.809,-0.025,-1.628,-1.787,13.95,65
384,1,384,788.843,33.544,33.585,1741.136,37.062,33.039,1.571,1557.761,35.745,-41.659,-33.593,-57.887,-30.978,0.846,-3.905,11.236,127.449,-0.022,617.034,31.343,31.553,1203.428,34.238,30.024,1.464,990.276,29.915,-38.723,-31.42,-70.592,-30.625,-0.18,-2.011,6.807,136.005,-0.021,-1.627,-1.779,13.812,65
385,1,385,799.225,33.72,33.817,1802.588,37.776,33.038,1.538,1579.176,35.266,-39.974,-36.143,-58.836,-30.721,0.76,-3.911,11.037,131.721,-0.027,618.22,31.407,31.589,1203.032,34.543,30.033,1.443,985.867,30.112,-39.1,-30.463,-70.323,-29.708,-0.217,-2.025,6.829,139.888,-0.021,-1.623,-1.787,13.895,65
386,1,386,794.593,33.667,33.774,1743.029,38.665,33.026,1.557,1534.696,36.152,-41.629,-37.482,-59.379,-30.2,0.803,-3.872,10.261,133.511,-0.021,615.556,31.287,31.492,1186.054,34.272,30.022,1.474,982.775,30.136,-39.428,-30.441,-70.344,-29.33,-0.193,-2.009,6.233,136.838,-0.02,-1.611,-1.779,3.052,1565
387,1,387,799.907,33.568,33.586,1775.633,36.356,33.038,1.573,1580.757,35.228,-41.746,-33.416,-60.045,-30.951,0.858,-3.792,11.042,126.502,-0.028,620.304,31.307,31.527,1194.277,34.308,30.024,1.464,986.879,30.021,-37.235,-31.945,-70.454,-30.1,-0.134,-1.973,6.96,134.04,-0.025,-1.603,-1.775,14.05,65
388,1,388,787.307,33.706,33.805,1750.675,38.778,33.029,1.542,1533.337,36.212,-40.888,-37.118,-58.327,-31.25,0.583,-3.921,10.365,135.727,-0.022,608.692,31.191,31.402,1168.612,34.087,30.032,1.47,974.601,30.466,-37.223,-34.032,-70.813,-30.114,-0.265,-2.019,6.091,142.198,-0.018,-1.613,-1.774,13.696,65
389,1,389,807.365,33.584,33.616,1738.751,37.384,33.04,1.534,1535.653,36.247,-42.509,-33.519,-58.717,-31.146,0.948,-3.709,11.384,131.103,-0.026,629.392,31.367,31.594,1185.874,35.092,30.02,1.423,971.724,30.476,-38.053,-33.457,-71.281,-29.879,-0.142,-1.923,7.056,135.498,-0.023,-1.609,-1.76,13.988,65
390,1,390,814.756,33.779,33.803,1747.466,38.83,33.013,1.513,1499.991,36.847,-40.726,-36.162,-58.913,-31.296,0.714,-3.944,11.351,129.458,-0.025,629.713,31.395,31.588,1210.291,34.314,30.001,1.438,990.651,29.744,-37.536,-33.498,-70.78,-30.8,-0.205,-2.07,6.979,133.949,-0.027,-1.616,-1.755,13.796,65
391,1,391,806.522,33.773,33.809,1748.734,38.851,33.012,1.516,1507.457,36.667,-41.304,-36.459,-58.759,-29.551,0.465,-3.901,10.828,137.991,-0.019,624.41,31.364,31.564,1208.593,34.18,30.012,1.448,991.677,29.789,-37.183,-33.613,-70.633,-28.459,-0.209,-2.036,6.594,139.634,-0.024,-1.614,-1.769,13.778,65
392,1,392,816.533,33.796,33.823,1736.068,39.264,33.012,1.506,1486.299,37.173,-41.942,-35.947,-59.305,-30.423,0.872,-3.864,11.375,131.958,-0.022,629.367,31.413,31.615,1211.49,34.495,30.017,1.432,992.12,29.81,-38.072,-33.474,-70.895,-29.191,-0.152,-2.005,7.207,130.131,-0.022,-1.604,-1.767,13.597,65
393,1,393,805.422,33.744,33.78,1711.208,39.435,33.021,1.508,1475.546,37.508,-41.405,-36.135,-58.739,-30.921,0.626,-3.87,11.383,131.994,-0.022,621.937,31.386,31.576,1212.114,34.173,30.015,1.443,991.475,29.814,-38.157,-33.104,-70.907,-29.982,-0.171,-2.025,6.615,137.551,-0.023,-1.629,-1.771,13.703,65
394,1,394,810.163,33.745,33.787,1729.357,39.091,33.012,1.511,1485.488,37.191,-40.907,-36.219,-57.472,-30.916,0.754,-3.874,11.286,132.361,-0.022,624.58,31.373,31.576,1188.467,34.868,30.029,1.439,973.714,30.473,-37.952,-34.036,-71.384,-29.787,-0.132,-1.935,6.758,137.985,-0.018,-1.619,-1.768,13.688,65
395,1,395,793.904,33.597,33.633,1668.072,39.091,33.043,1.545,1477.411,37.653,-41.137,-35.18,-57.847,-31.138,0.681,-3.929,11.436,129.634,-0.019,620.617,31.335,31.52,1184.377,34.549,30.02,1.453,976.723,30.316,-38.888,-32.334,-70.612,-31.333,-0.249,-2.093,7.142,130.414,-0.023,-1.652,-1.799,13.432,65
396,1,396,801.41,33.537,33.564,1684.239,38.112,33.034,1.558,1492.476,37.204,-41.314,-34.703,-57.313,-30.445,0.669,-3.896,11.439,130.376,-0.023,625.225,31.237,31.454,1148.923,35.103,30.021,1.454,951.605,31.144,-38.608,-33.766,-71.653,-31.002,-0.219,-2.003,7.087,132.281,-0.019,-1.629,-1.771,13.448,65
397,1,397,801.619,33.505,33.525,1663.274,38.242,33.041,1.552,1474.132,37.72,-40.904,-34.102,-57.634,-30.877,0.941,-3.85,11.563,130.51,-0.02,629.201,31.325,31.532,1173.984,34.953,30.04,1.457,966.774,30.773,-38.172,-33.257,-70.239,-30.668,-0.133,-1.991,6.684,137.372,-0.025,-1.629,-1.775,13.597,65
398,1,398,763.868,33.367,33.444,1646.359,37.914,33.009,1.581,1498.362,36.859,-42.382,-33.964,-57.516,-31.144,0.692,-3.928,11.24,133.542,-0.023,616.605,31.146,31.357,1148.181,34.352,30.028,1.476,960.576,30.897,-37.553,-33.046,-71.028,-31.341,-0.166,-1.991,6.84,135.425,-0.02,-1.654,-1.784,13.578,65
399,1,399,795.793,33.797,33.866,1772.305,38.85,33.04,1.534,1539.126,36.17,-41.416,-37.477,-60.187,-30.881,1.031,-3.707,11.752,122.503,-0.023,607.117,31.356,31.559,1220.309,33.804,30.034,1.47,1005.591,29.51,-37.934,-30.684,-70.454,-31.26,-0.057,-1.887,7.192,127.765,-0.029,-1.615,-1.782,13.906,65
400,1,400,778.817,33.737,33.833,1755.286,38.929,33.031,1.539,1537.386,36.135,-40.83,-38.023,-59.836,-31.013,0.956,-3.909,11.177,128.628,-0.022,605.696,31.348,31.53,1186.331,34.565,30.032,1.466,974.476,30.469,-37.116,-30.61,-70.832,-31.203,-0.169,-2.042,6.637,138.034,-0.02,-1.63,-1.788,13.865,65
401,1,401,762.032,33.638,33.813,1731.735,39.267,33.037,1.546,1532.408,36.302,-40.95,-39.184,-60.143,-30.751,1.127,-3.797,11.351,128.588,-0.027,599.492,31.295,31.475,1185.403,34.159,30.016,1.465,978.678,30.221,-37.413,-30.474,-70.262,-31.632,-0.129,-2.011,6.968,131.336,-0.02,-1.609,-1.785,13.738,65
402,1,402,790.378,33.746,33.868,1761.574,39.108,33.021,1.54,1537.629,36.038,-40.881,-39.864,-60.053,-31.276,0.872,-3.85,11.165,125.741,-0.025,610.077,31.376,31.555,1203.643,34.256,30.045,1.473,990.886,30.04,-38.039,-30.52,-70.174,-31.433,-0.071,-1.945,6.676,134.289,-0.024,-1.611,-1.782,13.582,65
403,1,403,803.295,33.736,33.865,1765.144,38.997,33.04,1.533,1539.598,36.154,-39.762,-38.676,-59.323,-30.132,1.036,-3.827,10.855,132.074,-0.026,620.877,31.377,31.585,1194.172,34.768,30.032,1.457,980.529,30.275,-40.591,-30.297,-70.177,-29.531,-0.114,-1.992,6.487,137.1,-0.022,-1.626,-1.8,13.782,65
404,1,404,813.123,33.737,33.848,1770.988,38.716,33.043,1.533,1544.236,36.079,-39.759,-37.213,-60.276,-31.082,0.943,-3.928,11.113,129.499,-0.023,620.845,31.381,31.582,1191.85,34.818,30.008,1.445,973.963,30.315,-40.289,-30.416,-70.35,-30.777,-0.237,-2.074,6.967,133.518,-0.018,-1.633,-1.801,13.817,65
405,1,405,798.522,33.669,33.798,1788.778,37.898,33.041,1.545,1575.648,35.36,-39.186,-37.491,-59.773,-30.936,0.97,-3.863,11.052,125.862,-0.024,617.016,31.268,31.479,1189.784,34.06,30.029,1.461,984.938,30.116,-37.825,-30.342,-70.16,-30.277,-0.184,-2.044,6.871,135.007,-0.02,-1.632,-1.807,13.768,65
406,1,406,807.145,33.668,33.768,1719.235,39.141,33.032,1.555,1511.194,36.741,-41.755,-36.731,-59.626,-31.486,0.687,-3.903,10.811,131.584,-0.028,626.27,31.33,31.503,1209.723,33.669,30.037,1.487,999.788,29.712,-40.071,-30.63,-70.072,-32.109,-0.159,-2.022,6.263,138.157,-0.021,-1.638,-1.8,14.001,65
407,1,407,805.833,33.722,33.756,1718.424,39.055,33.028,1.52,1487.422,37.284,-40.695,-35.908,-57.718,-30.547,0.749,-3.839,11.37,128.257,-0.021,625.917,31.438,31.627,1202.505,34.86,30.03,1.442,982.546,30.201,-39.528,-33.651,-71.341,-29.481,-0.168,-1.99,6.999,134.652,-0.021,-1.642,-1.785,14,65
408,1,408,818.347,33.761,33.808,1769.269,38.405,33.024,1.506,1528.152,36.282,-41.41,-36.95,-59.17,-30.571,0.869,-3.891,11.539,124.462,-0.023,624.655,31.237,31.488,1191.677,34.072,30.011,1.433,983.025,30.047,-36.648,-32.817,-71.627,-30.048,-0.204,-2.004,7.08,134.263,-0.023,-1.618,-1.786,19.296,615
409,1,409,786.968,33.588,33.684,1691.657,39.008,33.033,1.542,1486.944,37.338,-41.16,-35.265,-57.354,-30.748,0.839,-3.842,11.55,125.26,-0.021,625.279,31.419,31.612,1221.099,34.194,30.024,1.459,1000.065,29.612,-38.77,-32.366,-70.511,-31.318,-0.169,-1.951,6.913,134.428,-0.025,-1.641,-1.798,13.863,65
410,1,410,800.08,33.561,33.587,1647.045,39.173,33.032,1.553,1457.868,38.044,-39.55,-35.722,-57.459,-31.113,0.703,-3.928,11.433,129.069,-0.021,624.605,31.335,31.524,1184.023,34.586,30.029,1.468,975.905,30.406,-39.083,-32.488,-70.273,-31.609,-0.208,-2.01,6.387,137.517,-0.019,-1.644,-1.798,13.538,65
501,1,501,841.5156667,33.71466667,33.91533333,1676.31,41.51066667,33.03,1.502666667,1453.984667,38.684,-37.845,-40.49066667,-57.77633333,-31.091,0.118,-4.241333333,12.21933333,117.8346667,0.005333333,658.7123333,31.21933333,31.51633333,1176.926,34.807,30.01933333,1.442666667,942.797,30.384,-42.19333333,-33.76766667,-68.537,-27.753,0.732333333,-1.460333333,7.750666667,127.1423333,-0.032333333,-1.702,-1.704333333,12.71033333,35
502,1,502,810.2653333,33.49133333,33.689,1582.046,41.756,33.02133333,1.514666667,1406.341333,39.88866667,-38.76666667,-41.85933333,-58.09766667,-30.943,0.341,-4.394333333,11.98,121.3836667,0.006333333,633.1973333,31.05833333,31.366,1123.547333,35.25766667,30.00733333,1.444,912.1863333,31.31266667,-42.71633333,-33.87333333,-68.66733333,-26.59366667,0.701,-1.590333333,7.605,129.1596667,-0.028333333,-1.673,-1.694,13.11933333,35
503,1,503,829.5333333,33.68933333,33.883,1682.075,41.05866667,33.02366667,1.51,1467.405,38.28466667,-38.922,-41.95833333,-58.365,-31.00633333,0.011666667,-4.296,11.84833333,121.225,0.003333333,644.713,31.07833333,31.37433333,1149.484,34.508,30.01066667,1.452333333,931.2663333,30.698,-41.91333333,-33.74466667,-68.90166667,-27.018,0.619,-1.510666667,7.398666667,130.427,-0.032,-1.690666667,-1.709,13.27633333,35
504,1,504,847.7856667,33.62266667,33.828,1652.028667,41.28233333,33.02866667,1.504,1438.909333,39.072,-37.799,-39.83,-56.72066667,-31.219,0.433666667,-4.615,12.08533333,120.916,0.001,656.545,31.00666667,31.31333333,1125.376333,34.776,30.00966667,1.451333333,916.612,31.17966667,-41.32933333,-32.215,-66.96566667,-25.73366667,0.771,-1.761666667,7.534,132.2046667,-0.039333333,-1.662666667,-1.668,13.085,35
505,1,505,824.0013333,33.54333333,33.77366667,1636.185333,41.16633333,33.02666667,1.526666667,1451.019667,38.737,-35.97733333,-39.07966667,-56.684,-30.67,-0.152,-4.712333333,11.81233333,124.266,-0.003333333,648.1226667,31.129,31.42733333,1173.034667,34.218,30.00833333,1.459,940.1626667,30.391,-40.78733333,-30.20866667,-67.24,-30.70466667,0.732333333,-1.849,7.417,130.4306667,-0.033,-1.647666667,-1.649666667,9.105666667,535
506,1,506,846.581,33.92733333,34.12733333,1803.954,40.492,33.031,1.501666667,1538.464,36.61133333,-39.86033333,-43.85066667,-58.92,-31.02866667,0.127666667,-4.226333333,11.653,125.906,-0.000333333,664.937,31.17833333,31.46,1182.345333,34.19833333,30.04366667,1.457,954.3733333,30.18466667,-40.76333333,-31.92333333,-68.218,-25.95733333,0.802333333,-1.408333333,7.302666667,133.3136667,-0.030666667,-1.676333333,-1.692333333,13.183,35
507,1,507,849.494,33.85466667,34.06233333,1762.835667,40.82466667,33.04266667,1.500333333,1515.469667,37.256,-40.436,-43.84666667,-59.10733333,-31.41733333,0.095,-4.199333333,11.47533333,125.884,0.003,669.822,31.14,31.43733333,1153.661,34.885,30.01,1.439666667,929.5126667,30.75166667,-42.249,-32.328,-67.85933333,-26.58033333,0.696666667,-1.491666667,7.663666667,129.3983333,-0.03,-1.662,-1.672,13.287,35
508,1,508,837.6546667,33.713,33.92666667,1692.552,41.219,33.01733333,1.506333333,1467.156667,38.232,-38.91166667,-40.27166667,-57.27533333,-31.32533333,-0.071666667,-4.3,11.82066667,122.568,-0.000333333,650.8546667,31.11033333,31.409,1159.005,34.49366667,30.00666667,1.448333333,935.0146667,30.54633333,-42.27233333,-31.81366667,-68.15733333,-26.45666667,0.695333333,-1.496666667,7.407333333,131.9906667,-0.036,-1.675333333,-1.687666667,13.00933333,35
509,1,509,842.577,33.72133333,33.92866667,1687.622333,41.35533333,33.01766667,1.506666667,1461.940667,38.37133333,-38.307,-41.13233333,-57.41866667,-31.042,0.138,-4.345333333,12.013,121.3333333,0.003333333,655.4983333,31.205,31.48233333,1166.200667,34.86,30.02266667,1.444333333,933.3813333,30.71533333,-41.45533333,-33.58,-68.12,-29.36366667,0.712666667,-1.514666667,7.605333333,129.3616667,-0.039333333,-1.652666667,-1.673,12.80533333,35
510,1,510,820.5016667,33.669,33.883,1676.814333,41.18866667,33.00833333,1.512333333,1458.17,38.38533333,-39.168,-42.657,-58.672,-31.29033333,0.278666667,-4.610333333,11.73233333,122.8593333,0.003333333,638.4133333,31.00333333,31.293,1142.100333,34.092,30.024,1.467333333,936.7606667,30.61233333,-41.75,-31.86233333,-66.90933333,-28.443,0.607666667,-1.799333333,7.442333333,127.9956667,-0.028666667,-1.685333333,-1.688,13.47133333,35
511,1,511,844.978,33.60466667,33.78766667,1658.622,40.73666667,33.01766667,1.514,1446.593667,38.77066667,-36.246,-38.63,-56.889,-30.148,0.132666667,-4.262666667,11.91566667,124.8106667,0.009333333,661.678,31.088,31.35366667,1155.008667,34.179,30.017,1.457333333,935.9706667,30.586,-43.022,-33.389,-67.967,-28.998,0.699333333,-1.443666667,7.485333333,132.0066667,-0.032,-1.721,-1.734,13.26266667,35
512,1,512,810.4233333,33.55033333,33.78433333,1667.496,40.48766667,33.02333333,1.521,1479.598333,37.97266667,-37.75266667,-39.89766667,-56.794,-30.757,0.119666667,-4.355333333,11.755,121.6096667,-0.001333333,638.4656667,30.99433333,31.287,1121.725667,34.67833333,30.04266667,1.454666667,919.683,31.314,-42.16866667,-35.04,-67.851,-30.90733333,0.711,-1.511333333,7.595,128.285,-0.033666667,-1.669,-1.705,12.631,35
513,1,513,842.7123333,33.52933333,33.68633333,1585.328,41.643,33.025,1.510666667,1389.323667,40.403,-36.05,-40.554,-57.83466667,-29.59733333,0.017666667,-4.443666667,12.29966667,118.4173333,0.002666667,659.3446667,31.08833333,31.38033333,1146.586,34.647,30.039,1.457666667,930.047,30.939,-42.14966667,-32.86533333,-68.68533333,-28.46533333,0.703,-1.644333333,7.655,127.293,-0.034333333,-1.686,-1.695333333,13.46366667,35
514,1,514,837.218,33.55133333,33.73,1619.995333,41.164,33.02,1.504666667,1424.247,39.387,-35.022,-39.932,-57.24533333,-30.97333333,0.191666667,-4.306333333,11.997,124.0383333,0.008333333,654.874,31.14733333,31.44033333,1180.117333,34.109,30.01266667,1.444666667,951.588,30.057,-41.41033333,-33.085,-68.70333333,-26.08333333,0.769666667,-1.474333333,7.223333333,134.3663333,-0.039666667,-1.63,-1.664333333,13.545,35
515,1,515,839.2653333,33.55233333,33.72133333,1618.098667,41.128,33.01766667,1.501,1414.252,39.63933333,-34.93733333,-40.08333333,-57.99766667,-30.79566667,-0.093,-4.605666667,12.05733333,125.2066667,0.008,650.5916667,31.18333333,31.48066667,1182.736333,34.34866667,30.028,1.445666667,955.201,30.04833333,-42.05133333,-32.192,-68.74533333,-25.22466667,0.757,-1.700333333,7.423666667,134.8586667,-0.030666667,-1.675333333,-1.680333333,13.655,35
516,1,516,840.9663333,33.78366667,33.98766667,1747.316,40.48866667,33.02033333,1.513333333,1508.222,37.24033333,-38.809,-40.14,-57.78133333,-30.76766667,0.082666667,-4.602666667,11.66966667,124.3893333,-0.001666667,656.5146667,31.08333333,31.36966667,1152.020667,34.397,30.04166667,1.462333333,938.5596667,30.68,-42.71266667,-32.80733333,-67.96666667,-29.01066667,0.707,-1.762333333,7.527,127.886,-0.032,-1.704,-1.697333333,13.795,35
517,1,517,825.371,33.49266667,33.685,1575.377667,41.89533333,33.021,1.521333333,1398.258,40.113,-36.46033333,-40.80833333,-57.32233333,-31.071,0.357333333,-4.322666667,11.54433333,128.3666667,0.005,649.357,31.11666667,31.41566667,1137.124667,35.23,30.02666667,1.449333333,917.9816667,31.25433333,-42.504,-33.05133333,-68.13533333,-25.85133333,0.687666667,-1.501,7.229333333,133.5706667,-0.031,-1.644666667,-1.667666667,12.955,35
518,1,518,829.2926667,33.54133333,33.73,1613.628,41.32366667,33.01733333,1.511333333,1419.37,39.49633333,-37.14466667,-40.398,-57.45566667,-29.912,0.078,-4.360666667,12.016,125.6466667,0.004666667,639.9486667,31.10633333,31.39566667,1151.726667,34.61233333,30.042,1.455333333,931.9363333,30.897,-41.368,-32.95166667,-69.01366667,-28.44866667,0.678666667,-1.517333333,7.649333333,131.1343333,-0.035666667,-1.632666667,-1.668333333,12.922,35
519,1,519,824.137,33.329,33.48733333,1520.124333,41.48933333,33.03566667,1.535333333,1371.289667,41.02666667,-33.447,-39.84266667,-57.26033333,-30.149,0.197333333,-4.456333333,12.253,121.493,0.001,645.1046667,31.20766667,31.50866667,1177.023667,34.743,30.03366667,1.454666667,940.4036667,30.56066667,-43.56233333,-31.80133333,-68.04633333,-27.696,0.771333333,-1.540333333,7.317,131.213,-0.035,-1.646666667,-1.685,13.14166667,35
520,1,520,822.2403333,33.68633333,33.886,1676.166667,41.23366667,33.034,1.524666667,1468.932667,38.33566667,-39.09833333,-41.58566667,-57.96466667,-30.62833333,-0.011,-4.369,11.495,131.7256667,-0.005666667,651.3286667,31.22833333,31.502,1177.588333,34.671,30.035,1.459,939.9146667,30.58766667,-42.62866667,-32.463,-68.322,-27.535,0.750666667,-1.553666667,7.309,136.3993333,-0.032333333,-1.668333333,-1.679666667,13.55933333,35
521,1,521,816.166,33.55133333,33.71333333,1604.784333,41.39233333,33.027,1.51,1418.662667,39.60466667,-35.48766667,-40.85333333,-57.853,-30.555,0.17,-4.265,12.15233333,121.749,0.012333333,641.9356667,31.23466667,31.51966667,1177.181667,34.82666667,30.015,1.439333333,942.6013333,30.35933333,-43.03333333,-32.99733333,-68.764,-27.67666667,0.697,-1.487666667,7.766,126.49,-0.033,-1.663333333,-1.695333333,13.11366667,35
522,1,522,822.8346667,33.51266667,33.693,1591.334,41.548,33.031,1.520333333,1414.056333,39.76766667,-37.70833333,-40.57233333,-57.77466667,-30.958,0.173,-4.224333333,11.864,126.0743333,0,646.7526667,31.14833333,31.42266667,1161.473667,34.52866667,30.01266667,1.452333333,935.323,30.57866667,-42.37133333,-32.29133333,-68.68333333,-26.04633333,0.671666667,-1.426,7.262,132.5516667,-0.026333333,-1.643333333,-1.685666667,12.95,35
523,1,523,636.49,18.90125,19.30875,1248.63725,31.0035,18.28425,1.57725,1080.3235,29.07825,-48.62,-47.1105,-63.4975,-40.73775,-16.908,-19.9075,-2.7105,93.875,0.44525,493.164,17.68275,17.6345,886.2135,25.6615,15.12675,1.536,711.25375,22.58425,-61.00975,-40.24575,-71.82225,-39.1475,-14.52,-16.37675,-5.3985,97.9485,-0.06675,-17.14025,-11.5115,10.238,35
524,1,524,824.799,33.63766667,33.84866667,1659.179,41.301,33.02966667,1.508333333,1452.201333,38.73,-39.08133333,-41.41833333,-57.78466667,-31.339,0.640666667,-4.293333333,12.17833333,116.6826667,0.002,640.1443333,31.07733333,31.37466667,1161.150333,34.15933333,30.02766667,1.461333333,946.666,30.31866667,-42.72866667,-34.98333333,-68.22133333,-27.97266667,1.383666667,-1.476666667,7.604333333,126.2906667,-0.033,-1.781666667,-1.710333333,13.421,35
525,1,525,829.812,33.62433333,33.84033333,1652.999667,41.373,33.02666667,1.509,1449.68,38.77033333,-39.09433333,-41.89366667,-58.377,-31.38966667,-0.223333333,-4.507666667,11.375,130.873,0.006,650.4556667,31.08866667,31.38133333,1146.247333,34.666,30.04833333,1.451,930.2726667,30.999,-42.20833333,-31.85566667,-67.268,-25.76533333,0.692666667,-1.617666667,7.306,134.722,-0.031666667,-1.657333333,-1.669666667,13.006,35
526,1,526,860.325,33.78933333,33.952,1703.676333,41.18933333,33.01933333,1.491,1459.870667,38.44033333,-36.84433333,-42.179,-58.59933333,-31.309,-0.377666667,-4.444333333,11.94766667,124.4963333,0.003666667,672.3506667,31.09666667,31.38033333,1167.849,34.001,30.03033333,1.452,944.197,30.41533333,-40.46133333,-34.38866667,-69.33033333,-26.56033333,0.624333333,-1.626666667,7.242,135.9216667,-0.027333333,-1.654,-1.667333333,12.91333333,35
527,1,527,851.955,33.881,34.08633333,1771.107667,40.86133333,33.01433333,1.497666667,1510.118667,37.14266667,-40.345,-42.79033333,-58.59933333,-31.395,-0.144,-4.500333333,11.44033333,128.709,0.003333333,669.8293333,31.105,31.382,1167.194,34.03666667,30.03366667,1.453666667,944.9646667,30.41633333,-41.63733333,-32.09833333,-67.552,-26.968,0.626333333,-1.662,7.418,132.413,-0.032333333,-1.67,-1.668666667,12.95333333,35
528,1,528,837.2033333,33.70633333,33.91266667,1692.898333,41.078,33.02033333,1.491666667,1467.977,38.239,-37.65566667,-39.74966667,-57.26233333,-31.08633333,-0.051666667,-4.303333333,11.732,127.3086667,0.01,655.4836667,31.22166667,31.49166667,1157.003,35.22066667,30.00933333,1.427666667,926.7956667,30.836,-44.77,-34.322,-67.74466667,-28.63,0.797,-1.493,7.707,129.9203333,-0.032333333,-1.671,-1.696666667,13.521,35
529,1,529,832.5516667,33.55266667,33.73933333,1641.461667,40.70933333,33.02533333,1.511666667,1446.225,38.848,-37.32933333,-39.63433333,-56.56966667,-30.988,0.048666667,-4.393333333,12.196,119.162,0.013333333,649.553,31.22833333,31.50833333,1178.950333,34.68,30.02,1.442,946.011,30.28566667,-42.31333333,-36.07433333,-68.041,-27.68266667,0.671666667,-1.569666667,7.642666667,128.2543333,-0.038333333,-1.658333333,-1.685,13.04433333,35
530,1,530,832.228,33.504,33.693,1608.841,41.09533333,33.02466667,1.52,1429.839667,39.27933333,-35.09533333,-39.13366667,-57.10866667,-31.22533333,0.165,-4.229666667,11.818,121.6576667,0.004,647.3776667,31.118,31.42833333,1172.221667,34.247,30.03433333,1.466,945.356,30.40366667,-42.536,-32.84633333,-68.78666667,-27.48133333,0.64,-1.431,7.076333333,132.041,-0.036333333,-1.673666667,-1.695333333,12.79833333,35
531,1,531,824.9346667,33.518,33.696,1596.798333,41.438,33.02933333,1.521666667,1421.048333,39.56233333,-36.94566667,-41.32033333,-57.86566667,-30.80266667,0.045333333,-4.43,11.93566667,124.3953333,0.004333333,645.2023333,31.12666667,31.40933333,1152.562333,34.69433333,30.01866667,1.455,926.848,30.898,-42.41566667,-32.40866667,-68.755,-26.95333333,0.650666667,-1.603,7.140333333,136.9156667,-0.028666667,-1.644333333,-1.675333333,13.105,35
532,1,532,841.0493333,33.66233333,33.84233333,1672.034667,40.91966667,33.01866667,1.489,1453.127,38.60966667,-36.642,-38.26333333,-57.37233333,-31.17466667,0.071,-4.468666667,12.20666667,120.805,0.005333333,655.4686667,31.184,31.47533333,1180.433667,34.37533333,30.043,1.44,955.2386667,30.15433333,-43.25133333,-33.454,-68.57,-26.75233333,0.667333333,-1.62,7.762666667,129.609,-0.036,-1.712,-1.721,13.06766667,35
533,1,533,827.1926667,33.65933333,33.86166667,1665.350667,41.26966667,33.014,1.504666667,1448.016333,38.701,-37.45233333,-40.81166667,-57.231,-31.13966667,0.151666667,-4.327666667,11.41566667,129.7216667,0.002666667,654.8893333,31.07666667,31.359,1139.021667,34.713,30.03233333,1.452666667,925.8546667,31.03266667,-41.66933333,-35.27233333,-68.398,-25.85466667,0.665333333,-1.523,7.373,133.4066667,-0.030666667,-1.666333333,-1.686333333,13.245,35
534,1,534,844.451,33.678,33.835,1653.157667,41.32066667,33.028,1.514,1439.533667,39.04933333,-35.145,-42.59866667,-57.67266667,-31.40166667,-0.150666667,-4.289666667,11.742,124.4313333,0.011333333,659.089,31.138,31.43633333,1175.021667,34.22566667,30.016,1.459,947.456,30.21166667,-40.84966667,-31.72466667,-68.975,-25.921,0.648666667,-1.494,6.918333333,135.8333333,-0.034333333,-1.660333333,-1.685666667,13.37733333,35
535,1,535,836.0743333,33.56766667,33.746,1609.977667,41.569,33.03633333,1.495666667,1418.241,39.69866667,-37.20766667,-41.31066667,-58.08533333,-30.96366667,0.252,-4.400333333,12.039,121.7496667,0.004666667,653.5716667,31.233,31.53666667,1181.878333,34.82,30.01933333,1.439333333,943.1206667,30.37233333,-42.09233333,-33.169,-68.75533333,-26.95666667,0.628666667,-1.578,7.352666667,132.097,-0.031,-1.648333333,-1.678333333,13.177,35
536,1,536,805.3503333,33.42366667,33.61933333,1559.263,41.69266667,33.03466667,1.529666667,1401.855667,40.139,-34.577,-39.67433333,-57.63766667,-30.687,0.093666667,-4.349666667,12.19733333,118.9866667,-0.002,637.5026667,30.994,31.31033333,1135.627333,34.42966667,30.04433333,1.467666667,925.644,31.123,-42.60433333,-32.63166667,-68.59866667,-28.13633333,0.689666667,-1.522,7.283666667,131.233,-0.037,-1.682333333,-1.695666667,13.34233333,35
537,1,537,836.902,33.701,33.90833333,1696.932667,40.93466667,33.02566667,1.497,1473.200667,38.154,-37.26433333,-40.28466667,-57.079,-31.36833333,-0.199666667,-4.397333333,11.97166667,123.7106667,0.005,654.1213333,31.17966667,31.45833333,1160.758667,34.83166667,30.018,1.431,934.7436667,30.63566667,-41.25466667,-33.58,-68.537,-25.49533333,0.709666667,-1.604666667,7.954666667,129.0653333,-0.033,-1.65,-1.676333333,13.123,35
538,1,538,817.3776667,33.63766667,33.873,1677.755,41.07066667,33.02066667,1.511333333,1469.994333,38.19133333,-38.25133333,-40.65066667,-57.75933333,-29.917,-0.144333333,-4.338333333,12.00533333,121.08,-0.001,632.2786667,31.112,31.40833333,1152.058,34.704,30.02733333,1.456666667,929.9193333,30.85833333,-42.50033333,-32.40133333,-68.201,-29.684,0.653666667,-1.516333333,7.825333333,127.9116667,-0.036,-1.671333333,-1.695666667,12.91066667,35
539,1,539,838.5956667,33.584,33.75433333,1620.567333,41.38033333,33.01266667,1.506666667,1417.638667,39.49833333,-36.10833333,-42.25666667,-58.406,-30.39866667,0.199666667,-4.249666667,11.906,124.56,0.013,654.5576667,31.21233333,31.49566667,1183.436667,34.44733333,30.021,1.450666667,954.027,30.03666667,-41.64033333,-34.06466667,-69.36966667,-24.614,0.72,-1.445,7.458333333,132.388,-0.034333333,-1.665,-1.682333333,13.30866667,35
540,1,540,819.1916667,33.64033333,33.83466667,1648.430667,41.438,33.016,1.497666667,1436.229667,39.02933333,-37.78733333,-41.74266667,-58.315,-30.233,-0.029333333,-4.374333333,12.14,122.7503333,0.004,644.9463333,31.116,31.385,1154.677333,34.43666667,30.01166667,1.449,931.334,30.70066667,-42.46733333,-32.10166667,-68.29366667,-28.68166667,0.653333333,-1.577,7.746333333,129.8743333,-0.026333333,-1.666333333,-1.677333333,12.97066667,35
541,1,541,853.1593333,33.89733333,34.06166667,1746.412667,41.205,33.04233333,1.49,1485.288,37.99566667,-39.99566667,-43.51133333,-59.25866667,-30.98366667,0.152333333,-4.279333333,11.846,127.1373333,0.01,670.379,31.27066667,31.54333333,1170.242333,35.22766667,30.00166667,1.427,930.7166667,30.65233333,-40.897,-32.54233333,-69.05833333,-25.17533333,0.681333333,-1.492666667,7.782,132.1913333,-0.031,-1.667333333,-1.683,13.59766667,35
542,1,542,838.919,33.70933333,33.92466667,1701.117667,40.98766667,33.021,1.498666667,1478.491667,37.98266667,-38.463,-40.52533333,-57.326,-31.50233333,0.013,-4.426,11.77966667,123.2726667,0,654.7613333,31.05666667,31.371,1152.043,34.405,30.03166667,1.441666667,942.0293333,30.49533333,-41.27633333,-32.051,-68.00166667,-27.78766667,0.735666667,-1.583,7.949,124.899,-0.038,-1.655333333,-1.669,13.56833333,35
543,1,543,833.56,33.47466667,33.643,1577.733667,41.42833333,33.033,1.513333333,1405.212333,40.02966667,-37.44766667,-39.114,-57.97366667,-31.281,0.36,-4.362333333,11.91233333,123.6056667,0.013333333,655.243,31.07333333,31.37366667,1152.675,34.405,30.032,1.455,938.349,30.617,-43.72233333,-33.019,-68.233,-26.00366667,0.646333333,-1.505666667,7.308,132.1416667,-0.034333333,-1.706333333,-1.713666667,12.69133333,35
544,1,544,818.1906667,33.55933333,33.73766667,1604.001333,41.64466667,33.03,1.506333333,1416.600333,39.68633333,-37.05466667,-40.36866667,-57.77366667,-30.94333333,0.648666667,-3.996,12.327,121.9123333,0.007,646.3836667,31.10133333,31.37766667,1168.18,33.97233333,30.005,1.449,947.1323333,30.146,-42.40666667,-33.65933333,-69.03866667,-27.548,1.570333333,-1.234333333,7.703,129.0853333,-0.036,-1.705333333,-1.692666667,12.898,35
545,1,545,829.1723333,33.559,33.75966667,1622.103,41.39,33.01966667,1.520333333,1430.434333,39.21633333,-36.59766667,-40.40933333,-57.21466667,-31.158,-0.01,-4.392666667,12.04166667,120.1336667,0.005,648.5516667,31.07433333,31.37133333,1145.773,34.60333333,30.01333333,1.46,928.933,30.793,-41.898,-33.329,-68.47466667,-27.85066667,0.634333333,-1.577333333,7.704333333,126.7233333,-0.032333333,-1.648,-1.667,13.07633333,35
546,1,546,830.2256667,33.66166667,33.87666667,1664.003667,41.44433333,33.015,1.508,1452.569667,38.58733333,-39.07333333,-41.18,-58.39,-30.87133333,-0.178333333,-4.738,12.054,119.5413333,0.008666667,653.474,31.10066667,31.39,1145.818333,34.748,30.01333333,1.448,925.9226667,30.89333333,-42.286,-30.75133333,-67.17533333,-28.16766667,0.765,-1.894666667,7.662666667,127.9766667,-0.027666667,-1.672,-1.662333333,12.75666667,35
547,1,547,837.391,33.69466667,33.88866667,1677.092667,41.23233333,33.01033333,1.499,1454.045333,38.514,-39.067,-40.35633333,-57.70033333,-31.01833333,0.056333333,-4.318666667,11.805,125.783,0.010666667,651.9686667,31.13166667,31.40033333,1146.307667,34.81766667,30.02933333,1.444666667,929.2793333,30.89433333,-43.415,-33.34966667,-68.63166667,-27.95266667,0.692333333,-1.500666667,7.567333333,130.566,-0.022333333,-1.688,-1.696666667,13.20466667,35
548,1,548,840.0553333,33.786,34.00033333,1729.327333,41.028,33.04333333,1.518333333,1497.519,37.69833333,-39.72033333,-42.32033333,-57.93866667,-31.289,0.048666667,-4.292666667,11.48433333,126.9583333,-0.001,657.6363333,31.097,31.37566667,1138.856333,34.854,30.035,1.457,923.6946667,31.121,-42.33,-33.71133333,-68.23133333,-26.73233333,0.732333333,-1.515,7.194,133.836,-0.032333333,-1.665333333,-1.683333333,13.314,35
549,1,549,848.0713333,33.774,33.981,1715.192333,41.18533333,33.007,1.497333333,1476.301667,37.91333333,-39.12033333,-39.81,-57.62166667,-31.13333333,-0.115333333,-4.413666667,11.73633333,124.9603333,0.009,660.9483333,31.06566667,31.364,1154.157667,34.28566667,30.01466667,1.454,933.863,30.64166667,-43.09466667,-32.59033333,-68.02266667,-27.70266667,0.701,-1.557666667,7.011666667,136.2476667,-0.034333333,-1.687333333,-1.716,12.943,35
550,1,550,826.2816667,33.59366667,33.79433333,1640.588333,41.248,33.02,1.518666667,1443.884333,38.86433333,-39.05266667,-40.35966667,-57.343,-31.30066667,0.139333333,-4.47,11.46466667,125.9273333,0.003,645.5256667,31.209,31.502,1166.456667,35.00766667,30.04466667,1.457333333,935.459,30.80133333,-42.22466667,-34.08033333,-68.91133333,-26.32933333,0.667666667,-1.587333333,7.212666667,132.4913333,-0.037333333,-1.674666667,-1.695,12.929,35
551,1,551,844.8273333,33.78433333,33.965,1710.465667,41.14766667,33.00633333,1.504666667,1466.795,38.14633333,-38.15266667,-41.59433333,-57.88966667,-30.99233333,0.002,-4.336666667,12.009,123.3003333,0.007333333,658.7203333,31.11566667,31.38433333,1170.829333,33.94366667,30.043,1.465333333,952.3713333,30.241,-42.61466667,-33.42266667,-67.747,-27.21766667,0.727333333,-1.456333333,7.726666667,131.891,-0.035,-1.673,-1.686,13.44833333,35
552,1,552,840.786,33.61966667,33.77933333,1621.064,41.602,33.02966667,1.503333333,1418.263667,39.63766667,-36.81933333,-40.61666667,-58.14166667,-30.80966667,0.077666667,-4.447333333,11.94666667,123.236,0.014333333,654.332,31.107,31.403,1146.367667,34.833,30.029,1.450666667,928.5193333,30.92166667,-41.62566667,-32.30266667,-68.378,-27.046,0.653,-1.613,7.518666667,130.579,-0.035666667,-1.639333333,-1.657666667,13.05566667,35
553,1,553,817.167,33.57933333,33.795,1631.323,41.49066667,33.02166667,1.495666667,1432.112667,39.19233333,-38.04366667,-40.02233333,-58.17733333,-30.50033333,0.143333333,-4.428666667,12.25466667,119.2363333,0.008333333,636.11,31.14,31.47633333,1167.374667,34.775,30.019,1.435,939.2293333,30.49733333,-41.733,-31.71366667,-68.50666667,-28.069,0.554,-1.632666667,7.97,126.5363333,-0.034333333,-1.688,-1.711333333,12.71666667,35
554,1,554,850.676,33.606,33.77733333,1640.550333,41.09066667,33.00533333,1.501666667,1432.067667,39.046,-34.504,-40.20833333,-57.66533333,-25.32666667,0.070333333,-4.429,12.32966667,121.9456667,0.009666667,657.4406667,31.051,31.33633333,1164.454333,33.75866667,30.022,1.461666667,959.4386667,29.87466667,-42.57466667,-31.59933333,-68.40666667,-20.29233333,0.685,-1.573666667,7.449333333,146.866,-0.031666667,-1.685666667,-1.706666667,13.684,35
555,1,555,847.1383333,33.62333333,33.82266667,1652.111667,41.23166667,33.01133333,1.508666667,1438.510333,38.92666667,-37.67333333,-38.62433333,-57.425,-30.70266667,0.282,-4.24,11.72533333,123.3003333,0.006,659.2016667,31.12033333,31.41866667,1137.366,35.24466667,30.035,1.453,917.8843333,31.32166667,-44.69433333,-31.874,-67.95933333,-27.673,0.735,-1.399666667,7.372333333,131.3106667,-0.031,-1.701,-1.721,13.315,35
556,1,556,841.403,33.73966667,33.92733333,1690.174,41.28166667,33.034,1.499666667,1460.089,38.56466667,-38.86066667,-40.80866667,-58.07233333,-30.88533333,0.215666667,-4.382,12.15966667,118.852,0.000333333,659.8566667,31.21566667,31.49,1163.318,35.009,30.01533333,1.437333333,933.359,30.662,-41.856,-32.08933333,-68.13166667,-25.54733333,0.742,-1.531,7.754,129.6616667,-0.029333333,-1.69,-1.699,12.85933333,35
557,1,557,826.952,33.83433333,34.06133333,1790.804667,40.17833333,33.01766667,1.515666667,1541.241,36.435,-41.839,-44.45533333,-59.43866667,-31.487,-0.127333333,-4.260666667,11.41033333,125.316,0.001666667,651.3363333,31.03333333,31.331,1155.52,33.982,30.02866667,1.464666667,943.5346667,30.42466667,-42.24566667,-32.281,-67.70833333,-26.96633333,0.726,-1.485333333,7.445,131.715,-0.030666667,-1.682333333,-1.685,12.98166667,35
558,1,558,846.0693333,33.624,33.803,1655.785,40.95333333,33.02566667,1.491333333,1443.327333,38.92533333,-36.78766667,-39.276,-56.655,-31.24333333,0.025333333,-4.625666667,12.176,120.836,0.008666667,662.2726667,31.075,31.368,1147.436667,34.522,30.01933333,1.439,928.805,30.839,-40.92433333,-33.24733333,-68.16166667,-27.72766667,0.679,-1.792,7.457666667,132.1526667,-0.029666667,-1.669,-1.678666667,13.03633333,35
559,1,559,839.288,33.64766667,33.848,1670.228333,41.02033333,33.006,1.496333333,1452.472,38.51533333,-35.89233333,-38.62933333,-56.906,-30.458,0.137333333,-4.348666667,12.01933333,121.036,0.010333333,657.561,31.08366667,31.37166667,1168.887333,33.90433333,30.01866667,1.446333333,947.7046667,30.22166667,-43.56133333,-33.32366667,-68.296,-29.91633333,0.713666667,-1.541,7.662666667,126.605,-0.035666667,-1.706666667,-1.733333333,12.917,35
560,1,560,842.9006667,33.55133333,33.71933333,1615.396667,41.177,33.01466667,1.509666667,1417.676333,39.518,-33.208,-39.34766667,-57.30966667,-31.09933333,-0.054666667,-4.388,12.109,122.2946667,0.007,653.173,31.12566667,31.41633333,1166.862667,34.31533333,30.04733333,1.456333333,946.9143333,30.44666667,-42.53366667,-32.41766667,-68.61533333,-26.03033333,0.687666667,-1.529,7.376333333,132.961,-0.031333333,-1.686333333,-1.704666667,13.54733333,35
561,1,561,832.228,33.719,33.91966667,1692.002667,41.16366667,33.01733333,1.503333333,1470.385667,38.153,-39.89866667,-43.52633333,-58.64366667,-30.09633333,-0.006333333,-4.206666667,11.899,123.984,0,654.5726667,31.087,31.37833333,1182.548333,33.554,30.03333333,1.465,955.6223333,30.07366667,-41.197,-34.45466667,-67.596,-29.21433333,0.745,-1.41,7.298333333,133.0666667,-0.034666667,-1.648333333,-1.671666667,12.94733333,35
562,1,562,850.5176667,33.79666667,33.985,1716.118,41.20133333,33.03933333,1.494666667,1480.290667,38.09633333,-38.19133333,-39.27566667,-58.43433333,-23.23066667,0.549,-4.297333333,12.16666667,145.7246667,0.005666667,661.7983333,31.20333333,31.46466667,1172.681,34.52366667,30.036,1.457,964.0596667,29.82966667,-42.746,-33.03366667,-68.41533333,-18.55833333,1.299333333,-1.493,7.439,207.8153333,-0.029333333,-1.723,-1.709,12.81566667,35
563,1,563,805.26,33.47366667,33.69833333,1601.48,41.33666667,33.02766667,1.537666667,1430.976,39.27766667,-37.15333333,-41.09966667,-57.465,-30.301,0.263333333,-4.269666667,11.28733333,130.9836667,0.002666667,637.8563333,31.04366667,31.35433333,1151.117333,34.30133333,30.03266667,1.467,936.0083333,30.69666667,-40.95933333,-33.564,-67.776,-30.51033333,0.69,-1.435333333,6.837666667,133.302,-0.028333333,-1.661666667,-1.689666667,13.41766667,35
564,1,564,831.3396667,33.68866667,33.86866667,1662.076667,41.42,33.02366667,1.497333333,1440.783333,38.979,-38.20566667,-41.20066667,-58.35133333,-30.714,-0.174333333,-4.382,12.17233333,121.2316667,0.007,649.8013333,31.18133333,31.451,1148.317,35.164,30.03233333,1.442,925.6213333,31.03833333,-42.39166667,-35.676,-67.88966667,-27.11466667,0.730333333,-1.546666667,7.803333333,129.4953333,-0.032666667,-1.650333333,-1.681333333,12.789,35
565,1,565,822.8646667,33.74866667,33.956,1725.534,40.70333333,33.012,1.519333333,1501.989667,37.32066667,-41.41266667,-44.48366667,-59.25666667,-31.07166667,0.019,-4.333333333,11.405,126.7036667,-0.002333333,651.6076667,30.97933333,31.277,1134.423,34.205,30.01966667,1.467333333,924.319,30.99166667,-42.105,-31.45266667,-68.095,-27.48533333,0.651333333,-1.574333333,7.414,131.2023333,-0.03,-1.674,-1.675333333,13.195,35
566,1,566,831.212,33.62766667,33.829,1671.372,40.81066667,33.02366667,1.510333333,1466.178,38.314,-38.99933333,-40.74466667,-58.352,-31.11266667,0.024666667,-4.44,11.524,127.361,0.009,649.8383333,31.28,31.568,1184.422333,34.99466667,30.01533333,1.440333333,940.381,30.433,-43.29166667,-31.797,-67.93466667,-26.161,0.648666667,-1.585,7.208,134.898,-0.034,-1.673666667,-1.691666667,13.345,35
567,1,567,828.826,33.59366667,33.787,1642.304333,41.13433333,33.022,1.517666667,1445.171333,38.848,-37.38733333,-39.922,-57.7,-30.51733333,0.125333333,-4.407,12.053,122.2863333,0.002,651.1933333,31.13166667,31.40566667,1161.436,34.39533333,30.02433333,1.453666667,938.409,30.561,-42.43966667,-31.57633333,-67.98233333,-28.26566667,0.782333333,-1.534,7.65,129.1223333,-0.038,-1.681666667,-1.69,13.167,35
568,1,568,805.3653333,33.418,33.63433333,1592.214667,40.967,33.023,1.543333333,1432.827667,39.18466667,-36.44133333,-37.52266667,-56.50966667,-28.92633333,0.201666667,-4.627333333,11.85533333,125.9813333,-0.004,638.0596667,31.10333333,31.384,1151.553333,34.52366667,30.01366667,1.458,929.7536667,30.769,-43.91066667,-31.05733333,-67.57133333,-31.166,0.816,-1.746666667,7.548333333,128.348,-0.034333333,-1.714,-1.698333333,13.80966667,35
569,1,569,843.9696667,33.76466667,33.954,1710.525667,41.04066667,33.01633333,1.506666667,1478.875667,37.93033333,-40.15433333,-42.878,-58.615,-31.48333333,-0.091666667,-4.463666667,11.67433333,122.116,0.007,666.2016667,31.15933333,31.46666667,1192.716667,33.94533333,30.01833333,1.461333333,959.8376667,29.839,-41.15333333,-32.18466667,-68.154,-26.96133333,0.642333333,-1.661666667,7.415333333,128.5506667,-0.038666667,-1.672,-1.671333333,13.481,35
570,1,570,845.061,33.735,33.926,1693.786667,41.18166667,33.02733333,1.515333333,1471.303667,38.216,-38.39233333,-43.47566667,-58.90566667,-31.40533333,-0.125666667,-4.477333333,11.736,124.5393333,0.003,664.779,31.16466667,31.45266667,1163.716667,34.69933333,30.004,1.454666667,933.1403333,30.59033333,-41.87066667,-31.465,-67.85933333,-26.14466667,0.71,-1.651,7.535666667,130.3583333,-0.027666667,-1.663666667,-1.674333333,13.343,35
571,1,571,831.844,33.50066667,33.673,1597.287667,41.20566667,33.02033333,1.507666667,1415.215333,39.63733333,-34.08033333,-39.709,-57.636,-31.01666667,-0.128666667,-4.649333333,12.226,119.556,0.006,652.7666667,31.13533333,31.429,1166.049667,34.438,30.03566667,1.445,945.7703333,30.40266667,-42.24333333,-31.469,-67.17566667,-26.574,0.832666667,-1.671333333,7.731333333,127.5896667,-0.027,-1.680333333,-1.677666667,13.352,35
572,1,572,847.424,33.86533333,34.06366667,1738.525,41.411,33.025,1.495666667,1482.194667,37.92366667,-39.56633333,-43.222,-58.83333333,-30.70233333,0.234666667,-4.226333333,11.992,120.5973333,0.008,652.36,31.06333333,31.34833333,1164.078,33.86333333,30.01966667,1.459,947.6066667,30.23433333,-41.352,-32.84566667,-67.94433333,-29.13266667,0.700333333,-1.441666667,7.686666667,126.8386667,-0.033333333,-1.692666667,-1.712,13.518,35
573,1,573,827.998,33.67133333,33.88933333,1675.534667,41.28033333,33.02666667,1.503333333,1462.663,38.43166667,-38.88533333,-41.08533333,-57.64,-31.35666667,0.403333333,-4.201,11.726,123.829,0.002,644.2913333,31.16,31.44866667,1158.087,34.839,30.01266667,1.441333333,930.393,30.74133333,-41.983,-33.67166667,-67.89133333,-27.462,0.789,-1.411,7.286,133.179,-0.033,-1.662,-1.686,13.31433333,35
574,1,574,836.1566667,33.73033333,33.895,1687.095667,41.04933333,33.023,1.498,1458.448,38.50766667,-36.928,-41.82,-58.26966667,-31.081,-0.329333333,-4.466666667,11.97733333,125.15,0.013,661.0606667,31.165,31.44433333,1168.338333,34.492,30.02033333,1.447,942.6996667,30.39166667,-41.48366667,-33.555,-67.986,-26.53566667,0.729333333,-1.627,7.534,132.7713333,-0.028666667,-1.645666667,-1.657333333,13.13766667,35
575,1,575,821.8633333,33.622,33.82966667,1656.379333,41.18866667,33.01633333,1.507666667,1454.534333,38.55333333,-38.58366667,-40.87066667,-58.99533333,-31.259,0.067333333,-4.239666667,11.64833333,125.6416667,0.011,644.3893333,31.02566667,31.33433333,1135.732667,34.617,30.02966667,1.452333333,925.5536667,31.02266667,-43.25666667,-32.80433333,-68.78066667,-26.63466667,0.664,-1.414,7.404333333,131.177,-0.027,-1.69,-1.711666667,13.045,35
576,1,576,847.0253333,33.81066667,34.01766667,1730.366,41.16833333,33.03433333,1.490333333,1488.314,37.85066667,-38.25133333,-43.16933333,-58.107,-31.562,0.032333333,-4.245,11.568,127.2753333,0.007,654.0986667,31.03533333,31.33333333,1175.255,33.41833333,30.03866667,1.452,962.758,29.888,-40.23833333,-31.95633333,-68.31733333,-27.54166667,0.706333333,-1.449,7.520333333,128.1516667,-0.03,-1.664666667,-1.687,13.514,35
577,1,577,853.4153333,33.68,33.87833333,1688.924333,40.84866667,33.02266667,1.497666667,1467.367333,38.27966667,-37.05466667,-39.846,-57.43533333,-30.76333333,0.132333333,-4.308666667,11.90066667,123.5713333,0.008666667,659.548,31.12066667,31.411,1170.129333,34.17566667,30.02,1.443333333,943.294,30.37033333,-42.67233333,-35.30033333,-68.86733333,-28.001,0.676666667,-1.491,7.646,128.386,-0.040666667,-1.668333333,-1.688333333,12.96533333,35
578,1,578,828.954,33.56966667,33.76066667,1622.569667,41.386,33.019,1.477666667,1425.406333,39.34933333,-38.38733333,-40.95633333,-57.98766667,-31.34633333,0.032666667,-4.271666667,12.34133333,120.3816667,0.002333333,643.2753333,31.16366667,31.442,1156.528667,34.83333333,30.01566667,1.419333333,936.7906667,30.55066667,-42.76233333,-33.13066667,-68.32433333,-26.10833333,0.679666667,-1.437666667,8.09,124.8803333,-0.027,-1.66,-1.694333333,13.542,35
579,1,579,817.6563333,33.55766667,33.76733333,1628.229667,41.30766667,33.032,1.514,1433.678,39.24266667,-38.599,-40.933,-58.20166667,-30.50133333,0.027666667,-4.301333333,11.88166667,122.653,0.009,639.7903333,31.059,31.37433333,1161.240667,34.152,30.011,1.459,939.0566667,30.44466667,-42.04766667,-32.745,-67.73066667,-28.123,0.647666667,-1.509333333,7.493666667,130.567,-0.033333333,-1.670666667,-1.705333333,13.14766667,35
580,1,580,841.147,33.67766667,33.82966667,1657.786667,41.15566667,33.02833333,1.514333333,1438.013333,39.09333333,-35.98933333,-40.36766667,-57.78233333,-30.79633333,0.092333333,-4.434333333,11.78866667,127.8613333,0.006,662.837,31.22333333,31.48433333,1191.369667,34.12266667,30.02166667,1.463,954.4183333,30.031,-42.34333333,-32.723,-67.94866667,-27.71466667,0.646333333,-1.600666667,7.151666667,133.5346667,-0.034333333,-1.662666667,-1.681,13.359,35
581,1,581,830.941,33.568,33.756,1646.820667,40.73,33.02466667,1.518333333,1447.482,38.811,-39.19733333,-41.60033333,-58.14333333,-30.69933333,0.024,-4.434666667,11.983,116.501,0.001333333,645.6913333,31.11133333,31.40366667,1138.006,35.10566667,30.026,1.455,923.6943333,31.05866667,-40.91433333,-33.46166667,-67.84566667,-28.44166667,0.676666667,-1.636666667,7.829666667,124.425,-0.022,-1.652666667,-1.671,12.927,35
582,1,582,822.7443333,33.52366667,33.69666667,1612.837667,41.02866667,33.02866667,1.515,1423.095667,39.50166667,-34.89666667,-39.99366667,-57.481,-30.84433333,0.067333333,-4.450666667,11.664,129.995,-0.001666667,647.3776667,31.18266667,31.46166667,1172.552667,34.50133333,30.03166667,1.451666667,945.4313333,30.384,-42.49,-31.572,-68.426,-24.96166667,0.695666667,-1.625,7.401,135.1476667,-0.031,-1.666333333,-1.682666667,13.33733333,35
583,1,583,840.4546667,33.53766667,33.69166667,1590.829667,41.548,33.025,1.508,1396.165,40.20733333,-34.59433333,-40.52666667,-57.635,-30.818,0.000333333,-4.329666667,12.00466667,123.921,0.011333333,656.018,31.24966667,31.53866667,1189.217,34.61466667,30.01633333,1.442666667,948.2766667,30.18766667,-42.356,-32.56466667,-69.055,-26.842,0.640333333,-1.532666667,7.572666667,128.2343333,-0.034666667,-1.654333333,-1.683,12.96266667,35
584,1,584,814.209,33.56266667,33.76133333,1633.430667,41.11933333,33.02733333,1.502333333,1437.908333,39.08666667,-36.767,-41.39733333,-58.23933333,-30.60733333,-0.057333333,-4.429666667,12.24833333,123.1313333,0.008666667,635.9593333,31.09833333,31.36766667,1170.069,33.83466667,30.014,1.448,948.194,30.17466667,-40.51866667,-33.40933333,-68.12033333,-28.77866667,0.84,-1.575,7.724,132.0443333,-0.034666667,-1.648666667,-1.674,12.835,35
585,1,585,822.2776667,33.491,33.661,1587.616,41.33966667,33.02733333,1.518333333,1414.199,39.72833333,-36.417,-38.85566667,-57.92366667,-30.427,-0.071333333,-4.454,12.14233333,120.3406667,0.018,649.997,31.13233333,31.431,1166.245667,34.44933333,30.00066667,1.449333333,939.6286667,30.35666667,-43.77166667,-32.323,-68.90433333,-28.68233333,0.609,-1.659333333,7.514333333,128.0923333,-0.031,-1.712333333,-1.725666667,13.126,35
586,1,586,844.0976667,33.53833333,33.71866667,1614.109333,41.20466667,33.01833333,1.507666667,1415.908,39.59966667,-37.55633333,-39.223,-57.065,-30.807,0.248666667,-4.213,12.15666667,120.5533333,0.008333333,660.6996667,31.15833333,31.46533333,1180.727,34.28733333,30.04533333,1.451,952.2053333,30.26466667,-42.82033333,-31.71,-68.081,-27.68,0.773,-1.411333333,7.632,127.7826667,-0.034333333,-1.683333333,-1.688666667,13.695,35
587,1,587,838.0613333,33.76566667,33.96866667,1704.467,41.32566667,33.00066667,1.472666667,1465.786667,38.121,-38.237,-43.51666667,-58.816,-31.14233333,0.004,-4.528,12.42166667,117.6793333,0.001333333,649.5373333,31.049,31.331,1158.117,33.907,30.018,1.436333333,947.8776667,30.209,-41.31133333,-33.277,-67.56433333,-27.808,0.722,-1.668333333,8.134,123.497,-0.028666667,-1.671666667,-1.684666667,13.312,35
588,1,588,839.7393333,33.51133333,33.69033333,1616.3,40.883,33.02433333,1.522666667,1426.731,39.35766667,-37.31666667,-40.62433333,-57.11866667,-30.808,0.258,-4.472333333,11.79533333,123.4906667,0.008666667,650.087,31.205,31.505,1171.521667,34.87866667,30.006,1.449666667,936.0533333,30.50833333,-43.05333333,-34.062,-68.10766667,-26.44033333,1.222666667,-1.623333333,7.274,132.9,-0.030666667,-1.73,-1.703666667,12.822,35
590,1,590,831.0016667,33.759,33.89633333,1701.859667,41.36733333,33.004,1.476,1456.217,38.27666667,-37.68766667,-37.80166667,-55.029,-30.56,1.135666667,-13.39133333,11.797,129.7436667,0.008333333,644.7396667,31.33633333,31.53166667,1174.324667,34.70833333,30.03366667,1.427666667,954.6776667,30.52266667,-43.65566667,-34.88833333,-68.377,-26.90633333,-0.172666667,-9.471333333,7.207666667,140.4316667,-0.038333333,-1.560333333,-1.578333333,13.33866667,35
591,1,591,856.5313333,33.80466667,33.972,1727.134,41.48466667,33.03633333,1.484,1479.351333,37.97333333,-38.67133333,-37.271,-55.67566667,-31.82933333,1.041,-13.54666667,11.59833333,130.269,0.005333333,661.286,31.35166667,31.539,1182.909667,34.50766667,30.018,1.431666667,959.9506667,30.24466667,-45.59666667,-33.42766667,-67.71866667,-28.48566667,-0.295,-9.671,7.099666667,138.763,-0.036666667,-1.592,-1.601,9.315333333,535
592,1,592,844.6713333,33.78,33.94733333,1712.269667,41.603,33.01966667,1.489666667,1469.369,38.08,-38.17733333,-38.599,-55.16933333,-31.17366667,1.194333333,-13.35266667,11.786,128.5866667,0.009333333,655.593,31.311,31.48933333,1164.32,34.672,30.01033333,1.434666667,946.716,30.61733333,-44.009,-34.02,-68.08666667,-27.533,-0.208,-9.396,7.353333333,138.2996667,-0.034,-1.558333333,-1.579666667,12.994,35
593,1,593,854.6613333,33.75366667,33.881,1728.561,40.58933333,33.03566667,1.507666667,1489.776667,37.70966667,-38.77133333,-37.63833333,-56.21966667,-30.47533333,1.348333333,-13.38433333,11.09566667,136.3423333,0.012333333,659.326,31.378,31.54,1171.313,34.863,30.01766667,1.441,948.6463333,30.608,-45.81866667,-33.76733333,-67.75133333,-26.34333333,-0.226,-9.533666667,6.794333333,143.2363333,-0.029666667,-1.609666667,-1.616666667,13.271,35
594,1,594,859.6406667,33.776,33.953,1718.849333,41.49866667,33.04766667,1.505333333,1487.140333,37.879,-38.594,-39.029,-56.047,-31.132,1.188666667,-13.42966667,11.16733333,135.7186667,0.002666667,664.7563333,31.22333333,31.40266667,1145.722667,34.552,30.00733333,1.443333333,935.4946667,30.96933333,-43.80666667,-33.97366667,-67.16466667,-27.47466667,-0.271333333,-9.625,6.719,144.1623333,-0.031333333,-1.575,-1.593666667,12.83033333,35
595,1,595,833.8406667,33.77033333,33.93633333,1714.568,41.441,33.016,1.483666667,1470.345667,38.02466667,-38.58733333,-37.89066667,-55.78233333,-30.72666667,1.117666667,-13.567,11.49566667,133.5226667,0.007333333,644.2813333,31.3,31.485,1155.171667,34.916,30.015,1.426,939.7083333,30.88466667,-45.40233333,-33.64766667,-68.043,-27.075,-0.297333333,-9.684666667,7.198333333,139.251,-0.032,-1.586333333,-1.587666667,13.46,35
596,1,596,823.3403333,33.70466667,33.88,1680.123,41.74166667,33.03033333,1.502666667,1451.237667,38.63833333,-37.53133333,-37.95033333,-54.86433333,-29.625,1.342666667,-13.43333333,11.23233333,133.573,0.005,639.039,31.339,31.53466667,1190.293333,34.256,30.04066667,1.455,970.631,30.06366667,-43.10333333,-34.01633333,-67.83033333,-25.67933333,-0.208,-9.537666667,6.740333333,142.1156667,-0.033666667,-1.552333333,-1.571,13.15466667,35
597,1,597,849.1106667,33.75066667,33.91666667,1731.933667,40.846,33.03,1.505666667,1497.745667,37.46266667,-38.466,-37.842,-55.93633333,-31.309,1.367666667,-13.48533333,11.10133333,133.429,0.007666667,656.5543333,31.36966667,31.528,1173.814,34.693,30.004,1.441666667,949.6153333,30.481,-45.269,-32.011,-67.44233333,-27.80066667,-0.289333333,-9.634333333,6.852,139.7653333,-0.035666667,-1.607,-1.609666667,13.21866667,35
598,1,598,848.5773333,33.781,33.92366667,1702.302667,41.61333333,33.00366667,1.486,1458.681333,38.211,-39.083,-39.515,-56.20566667,-31.63,1.218333333,-13.607,11.782,128.6156667,0.003666667,661.4666667,31.291,31.46733333,1153.654667,34.82133333,30.031,1.436333333,937.6656667,31.065,-41.76033333,-34.469,-68.20933333,-28.92633333,-0.255,-9.630333333,7.320666667,136.8386667,-0.035,-1.563666667,-1.568,13.017,35
599,1,599,840.7283333,33.75333333,33.905,1697.586,41.553,33.03533333,1.503333333,1465.410667,38.31766667,-38.01566667,-39.78166667,-55.53266667,-30.75933333,1.237333333,-13.55233333,11.869,127.4733333,0.001,644.7623333,31.39533333,31.571,1183.503,34.74566667,30.01766667,1.441,956.0826667,30.365,-43.565,-34.561,-68.16433333,-27.02233333,-0.190666667,-9.6,7.308666667,136.114,-0.03,-1.546,-1.562666667,13.23166667,35
600,1,600,812.5183333,33.64533333,33.90866667,1667.409333,40.87766667,33.04133333,1.538,1472.374667,37.76533333,-39.91366667,-41.391,-59.109,-31.785,0.665666667,-4.760666667,11.00433333,128.364,-0.013,628.0026667,31.42633333,31.62966667,1152.487,34.69366667,30.036,1.468333333,948.478,31.36133333,-42.02966667,-34.62166667,-70.59433333,-30.45166667,-0.926333333,-1.510666667,6.563333333,137.2823333,-0.026333333,-1.578666667,-1.844666667,13.98733333,55
601,1,601,795.1916667,33.76166667,34.05066667,1777.252333,39.674,33.025,1.536,1539.825,36.02566667,-38.42033333,-41.58966667,-60.30766667,-32.216,0.767333333,-4.517333333,10.75833333,129.262,-0.008333333,613.6566667,31.50433333,31.69533333,1189.118667,34.09466667,30.038,1.461666667,975.2363333,30.48666667,-37.024,-32.56633333,-69.305,-31.773,-0.679666667,-1.268,6.722333333,131.1806667,-0.027333333,-1.531333333,-1.791333333,15.20966667,135
602,1,602,808.1883333,33.863,34.10166667,1759.146,40.543,33.02833333,1.520666667,1514.407667,36.64166667,-41.016,-40.565,-60.07733333,-31.366,0.496333333,-4.678333333,11.49533333,118.4986667,-0.002333333,616.4586667,31.272,31.51566667,1158.45,33.61133333,30.02766667,1.476666667,968.7636667,30.62466667,-39.52666667,-32.72833333,-69.71266667,-29.60233333,-0.818333333,-1.519,6.745333333,128.764,-0.031666667,-1.566,-1.814666667,18.587,544.9996667
603,1,603,791.3633333,33.51533333,33.664,1526.553667,42.12733333,33.018,1.522,1356.239333,40.66133333,-38.58266667,-38.205,-58.17033333,-31.15333333,0.645333333,-4.701666667,11.66833333,124.0863333,0.002,614.4213333,31.40266667,31.62866667,1171.926667,34.08733333,30.02,1.472,969.5203333,30.54433333,-37.59566667,-34.33466667,-71.09533333,-29.669,-0.812,-1.434,6.469,135.4896667,-0.03,-1.559333333,-1.804666667,13.83466667,55
604,1,604,802.8473333,33.78766667,34.031,1785.544667,39.31033333,33.02066667,1.542666667,1551.443667,35.73133333,-41.52833333,-39.735,-60.98066667,-31.518,0.489333333,-4.617,11.20766667,124.9906667,-0.012666667,607.5443333,31.32533333,31.51733333,1152.397,33.80966667,30.024,1.469666667,959.827,30.891,-39.36533333,-33.689,-70.394,-30.261,-0.876,-1.385666667,6.909666667,128.588,-0.029666667,-1.544,-1.795,13.803,55
605,1,605,796.405,33.65233333,33.849,1636.043667,41.076,33.04033333,1.532666667,1445.594,38.429,-40.45866667,-40.62933333,-59.37566667,-31.13033333,0.843333333,-4.719,11.63966667,122.2246667,-0.007,616.2936667,31.43133333,31.62733333,1175.095333,33.98166667,30.034,1.471666667,964.179,30.81933333,-37.44933333,-32.92066667,-70.52333333,-31.50766667,-0.752666667,-1.466666667,6.772666667,135.084,-0.025,-1.539333333,-1.787,13.358,105
606,1,606,797.7456667,33.61933333,33.793,1599.15,41.46566667,33.016,1.526666667,1406.460333,39.241,-41.70133333,-37.99633333,-58.402,-31.43166667,0.878666667,-4.677,11.89566667,119.0303333,-0.009,616.3463333,31.43066667,31.636,1176.638667,34.003,30.043,1.472333333,968.554,30.74033333,-37.07066667,-33.37966667,-70.64166667,-31.56033333,-0.810666667,-1.447333333,6.812666667,130.5483333,-0.030333333,-1.556,-1.806666667,14.09066667,55
607,1,607,797.154,33.75533333,33.961,1653.753,41.70933333,33.02866667,1.519666667,1444.230333,38.362,-41.604,-40.17333333,-59.78766667,-31.08033333,0.636333333,-4.751,12,119.4636667,-0.007666667,601.6786667,31.411,31.615,1165.582,34.173,30.03466667,1.473333333,966.3813333,30.75233333,-36.83566667,-33.12933333,-68.83433333,-31.249,-0.819666667,-1.472666667,6.778666667,131.8713333,-0.032333333,-1.555333333,-1.794666667,13.40266667,55
608,1,608,809.267,33.66,33.84966667,1600.139,41.98633333,33.01633333,1.508,1394.099667,39.582,-41.622,-39.03633333,-58.736,-31.551,0.845,-4.794333333,11.33,123.763,0.001,627.6133333,31.56566667,31.782,1191.014,34.72433333,30.02533333,1.456,971.011,30.53333333,-38.41366667,-31.845,-70.294,-31.33133333,-0.875666667,-1.555,6.671333333,132.023,-0.023666667,-1.556333333,-1.796,15.40866667,95
609,1,609,806.533,33.85666667,34.04066667,1730.492333,40.62766667,33.02366667,1.524,1496.444,37.025,-40.62933333,-42.262,-60.768,-31.421,0.595666667,-4.810666667,11.69,120.067,-0.008333333,617.283,31.289,31.50666667,1160.922333,33.47,30.025,1.477666667,971.8876667,30.50333333,-38.84366667,-32.907,-69.066,-31.76866667,-0.816666667,-1.585,6.968333333,129.1793333,-0.030333333,-1.538333333,-1.795666667,14.45933333,55
610,1,610,802.8246667,33.721,33.917,1689.747667,40.42466667,33.03866667,1.535,1478.615,37.587,-40.78966667,-38.09766667,-58.888,-31.54933333,0.720666667,-4.75,11.40133333,123.6053333,-0.007,615.1026667,31.37933333,31.58933333,1149.056,34.47733333,30.00533333,1.465,948.2006667,31.14833333,-40.67566667,-33.79066667,-70.80766667,-30.148,-0.953666667,-1.558,7.038333333,130.6113333,-0.029,-1.545,-1.785666667,13.78,55
611,1,611,809.784,33.80566667,34.06,1782.451,39.64333333,33.03333333,1.524666667,1541.817667,36.04933333,-38.48466667,-40.18033333,-60.384,-31.889,0.657333333,-4.745666667,11.424,121.397,-0.005666667,622.6313333,31.34833333,31.53533333,1151.738,33.96833333,30.02333333,1.456666667,953.392,31.10433333,-37.605,-34.19833333,-69.80033333,-30.78633333,-0.866333333,-1.55,6.929,132.3263333,-0.024,-1.526,-1.778333333,13.69566667,55
612,1,612,805.222,33.73933333,33.91933333,1665.192,41.03233333,33.03466667,1.523666667,1443.826,38.42733333,-39.70533333,-39.302,-59.86433333,-30.84,0.614,-4.716666667,11.805,118.188,-0.000333333,614.1063333,31.37233333,31.57866667,1152.232667,34.297,30.04033333,1.472333333,952.6656667,31.24766667,-38.23133333,-32.289,-70.48633333,-31.61633333,-0.813666667,-1.525333333,7.244,124.6883333,-0.033666667,-1.529666667,-1.790666667,13.79866667,55
613,1,613,812.4883333,33.81366667,34.00466667,1716.611333,40.61666667,33.03166667,1.516,1484.053667,37.39333333,-41.042,-37.167,-58.40233333,-31.243,0.792,-4.586666667,11.77433333,120.2863333,-0.003333333,612.7953333,31.45966667,31.68033333,1179.642667,34.25933333,30.012,1.458333333,970.2843333,30.466,-38.38433333,-34.435,-71.12266667,-30.84466667,-0.916333333,-1.404666667,6.997333333,129.6386667,-0.031666667,-1.561,-1.812,14.052,55
614,1,614,804.3683333,33.86,34.01833333,1745.01,40.09466667,33.03066667,1.527333333,1506.938667,36.83733333,-41.785,-38.576,-61.04866667,-31.45533333,0.532333333,-4.570666667,11.49166667,121.7863333,-0.002666667,609.7916667,31.43833333,31.60966667,1164.383,34.16733333,30.01966667,1.462666667,960.9053333,30.82533333,-41.05066667,-32.435,-69.726,-30.66933333,-0.959333333,-1.368666667,7.147,126.384,-0.038,-1.539666667,-1.801333333,12.95766667,135
615,1,615,807.8663333,33.772,33.991,1727.196333,40.243,33.01333333,1.539666667,1502.489,36.79433333,-41.95666667,-39.01433333,-59.93133333,-30.988,0.591333333,-4.660666667,11.47233333,120.12,-0.015666667,615.4773333,31.36366667,31.56433333,1161.761,33.89133333,30.01966667,1.479333333,960.134,30.85233333,-39.75566667,-32.41566667,-70.19233333,-32.023,-0.9,-1.461,6.736,131.0293333,-0.033,-1.549333333,-1.792333333,14.033,55
616,1,616,812.601,33.90766667,34.09533333,1772.937333,40.17633333,33.021,1.513333333,1518.962333,36.471,-39.47166667,-38.722,-60.36333333,-31.56266667,0.743666667,-4.668666667,11.80533333,118.229,-0.001333333,616.0243333,31.37866667,31.56433333,1165.394667,33.78433333,30.025,1.462666667,967.0333333,30.66166667,-41.17533333,-32.72733333,-70.355,-30.518,-0.884,-1.444,7.054333333,129.431,-0.036333333,-1.55,-1.798,13.665,55
617,1,617,792.0526667,33.64066667,33.82266667,1576.152,42.34866667,33.04633333,1.527666667,1389.68,39.97666667,-38.671,-38.755,-57.633,-30.62666667,0.870666667,-4.71,11.98033333,117.156,-0.004,610.3833333,31.43866667,31.66366667,1194.594667,33.68533333,30.026,1.483333333,988.4576667,29.98566667,-36.48266667,-34.40633333,-68.714,-32.81466667,-0.769666667,-1.49,7.121666667,123.5586667,-0.040333333,-1.540666667,-1.785666667,13.479,55
618,1,618,812.7803333,33.80233333,34.086,1709.037667,41.561,33.01133333,1.515333333,1474.052667,37.46133333,-40.51966667,-41.432,-59.71833333,-31.74833333,0.776333333,-4.742333333,11.365,122.45,-0.012,619.388,31.35033333,31.61966667,1171.027667,34.044,30.03333333,1.474666667,972.322,30.55066667,-38.42066667,-32.48066667,-68.23633333,-30.464,-0.781666667,-1.522666667,6.767,134.11,-0.027,-1.554,-1.800333333,13.86266667,55
619,1,619,800.7273333,33.90133333,34.10933333,1765.685667,40.47,33.02666667,1.525333333,1511.733333,36.68833333,-37.14166667,-41.311,-61.03633333,-30.88333333,0.99,-4.622333333,11.45466667,122.2196667,-0.006666667,613.567,31.46133333,31.64033333,1167.469667,34.31433333,30.04166667,1.470666667,962.4936667,30.928,-37.419,-33.429,-69.44433333,-32.20233333,-0.778333333,-1.422,6.854666667,131.0556667,-0.033,-1.533666667,-1.794,14.20033333,55
620,1,620,783.153,33.724,33.92933333,1640.478333,41.734,33.041,1.526666667,1432.454333,38.776,-41.393,-39.43233333,-58.627,-30.993,1.099666667,-4.617,11.83766667,117.599,-0.004666667,603.8663333,31.45666667,31.67666667,1184.631667,34.083,30.04466667,1.476,977.401,30.46466667,-36.31666667,-34.88966667,-70.20566667,-31.73166667,-0.741666667,-1.395666667,7.118333333,129.4076667,-0.031666667,-1.540333333,-1.787666667,14.21133333,55
621,1,621,836.3776667,33.792,33.94933333,1646.404,41.778,33.005,1.494666667,1413.314333,38.957,-40.98266667,-40.237,-57.89433333,-31.304,1.041,-4.775666667,11.90466667,117.7613333,0.001333333,642.3033333,31.702,31.90133333,1227.900667,34.58233333,30.01066667,1.439,984.6596667,29.99566667,-36.557,-34.33,-70.708,-31.584,-0.857666667,-1.515333333,7.471333333,127.845,-0.031666667,-1.547666667,-1.786,13.83733333,55
622,1,622,807.439,33.73033333,33.905,1649.528,41.27833333,33.02766667,1.523,1439.660667,38.46933333,-40.59433333,-38.52266667,-58.94166667,-31.176,0.711666667,-4.605666667,11.51133333,122.392,-0.002333333,622.706,31.39,31.61966667,1155.101667,34.53133333,30.01066667,1.461333333,954.928,30.96233333,-37.04166667,-33.79533333,-71.089,-31.62033333,-0.816333333,-1.409666667,6.848,131.4543333,-0.031,-1.549666667,-1.799333333,13.785,55
623,1,623,802.6376667,33.79666667,34.09666667,1804.257667,39.504,33.02833333,1.528333333,1555.796,35.69666667,-38.71366667,-40.17133333,-59.74833333,-31.75833333,0.761,-4.519,11.39966667,120.519,-0.008666667,610.5783333,31.56133333,31.73733333,1192.714333,34.31833333,30.00933333,1.447,970.6816667,30.43233333,-36.392,-32.73133333,-69.99333333,-30.938,-0.792,-1.352,7.166,128.544,-0.030333333,-1.526333333,-1.780666667,13.794,55
624,1,624,823.965,33.75833333,33.93766667,1642.815667,41.75466667,33.04333333,1.512333333,1427.105667,38.938,-41.007,-40.17533333,-58.15833333,-31.731,0.716,-4.616666667,11.314,125.4213333,-0.004666667,630.9766667,31.601,31.82066667,1202.797667,34.68033333,30.013,1.452666667,972.4643333,30.40166667,-37.18233333,-34.99833333,-71.20933333,-31.36166667,-0.863,-1.416666667,6.504666667,136.041,-0.032,-1.543,-1.770666667,13.684,55
625,1,625,811.095,33.64666667,33.787,1592.400667,41.582,33.02166667,1.532333333,1402.564667,39.399,-38.79866667,-39.49233333,-57.82533333,-31.67133333,0.804333333,-4.673,11.51833333,122.4073333,-0.002333333,622.137,31.46566667,31.68666667,1190.991667,33.973,30.00733333,1.475666667,976.5243333,30.23166667,-36.57833333,-33.96366667,-71.32433333,-31.33166667,-0.908333333,-1.486666667,6.402666667,133.619,-0.033333333,-1.521333333,-1.769333333,13.97666667,55
626,1,626,807.5216667,33.79133333,33.93933333,1647.520333,41.65533333,33.026,1.522,1432.379667,38.64466667,-40.52466667,-41.394,-58.76266667,-30.95033333,0.581666667,-4.593333333,11.57533333,125.1023333,-0.003666667,621.6726667,31.32466667,31.53466667,1168.855667,33.44933333,30.019,1.480333333,973.5956667,30.406,-37.504,-36.41333333,-69.53666667,-32.57433333,-0.724333333,-1.382333333,6.894333333,129.2753333,-0.03,-1.530333333,-1.775666667,14.682,55
627,1,627,822.1743333,33.89733333,34.12833333,1720.064667,41.70566667,33.03033333,1.494333333,1469.018667,37.752,-41.14366667,-40.324,-58.836,-31.29033333,0.761666667,-4.684333333,11.84466667,117.3926667,-0.003,633.546,31.32833333,31.59433333,1181.268333,33.542,30.04633333,1.464666667,985.7236667,30.20866667,-37.41533333,-33.88166667,-68.92233333,-31.45966667,-0.811333333,-1.509666667,6.992333333,129.8836667,-0.035333333,-1.537333333,-1.780333333,13.86266667,55
628,1,628,799.1993333,33.76966667,33.92133333,1632.957667,41.84166667,33.033,1.529666667,1421.794333,38.986,-41.21566667,-40.54266667,-59.04833333,-30.59633333,1.049,-4.736333333,11.705,122.7606667,-0.005,617.0806667,31.37733333,31.56566667,1175.694667,33.48633333,30.01,1.481333333,976.6296667,30.24633333,-36.04233333,-34.66033333,-69.40666667,-33.104,-0.815666667,-1.542666667,7.009,129.5786667,-0.024666667,-1.519666667,-1.757666667,13.86866667,55
629,1,629,808.8026667,33.78066667,34.06166667,1767.790667,39.98033333,33.03066667,1.533666667,1535.787333,36.16666667,-37.66533333,-42.09133333,-60.85966667,-31.54433333,0.845,-4.690666667,11.39566667,122.577,-0.017,613.8816667,31.37833333,31.57733333,1157.364,34.12766667,30.037,1.472333333,959.25,31.00566667,-39.56833333,-32.807,-68.77033333,-30.57766667,-0.787,-1.514,6.849333333,131.2846667,-0.032333333,-1.499,-1.761333333,13.829,55
800,1,600,860.182,33.789,33.93366667,1711.616333,41.49,33.028,1.480333333,1467.709,38.19666667,-38.09166667,-36.70033333,-55.177,-31.08233333,1.193,-13.526,11.65933333,127.8113333,0.011,665.2143333,31.37766667,31.56433333,1201.341667,34.16433333,30.01833333,1.431666667,973.9883333,29.80633333,-45.60533333,-33.063,-67.78466667,-27.33233333,-0.305666667,-9.647333333,7.166666667,137.7166667,-0.039,-1.617666667,-1.619,13.21733333,35
801,1,601,866.1156667,33.809,33.95433333,1733.969,41.15333333,33.03433333,1.496666667,1490.031667,37.69033333,-38.39366667,-38.361,-55.62766667,-31.25466667,1.377333333,-13.41066667,11.38966667,129.4256667,0.01,665.823,31.28966667,31.464,1166.032333,34.42,30.01166667,1.439666667,952.2066667,30.44833333,-44.68333333,-33.93233333,-67.66933333,-27.72533333,-0.259,-9.569,7.22,137.2163333,-0.032333333,-1.587,-1.606333333,13.31766667,35
802,1,602,867.2196667,33.71866667,33.85666667,1667.218667,41.83066667,33.04466667,1.477,1435.517,39.18033333,-37.011,-37.504,-55.08433333,-31.613,1.337666667,-13.397,11.79066667,127.668,0.009666667,666.7546667,31.28233333,31.49566667,1168.488667,34.594,30.04066667,1.436,957.577,30.48166667,-44.60133333,-34.719,-68.79666667,-28.03833333,-0.164333333,-9.501666667,7.213666667,135.6493333,-0.038666667,-1.610666667,-1.623333333,13.19566667,35
803,1,603,864.3803333,33.791,33.93533333,1707.658333,41.59566667,33.04433333,1.474,1464.479667,38.41966667,-36.94366667,-37.10966667,-55.23266667,-30.73733333,1.327333333,-13.48633333,11.813,126.1573333,0.008,664.3883333,31.31533333,31.49933333,1175.263667,34.42066667,30.015,1.429333333,956.9836667,30.319,-43.85366667,-33.60333333,-68.08633333,-27.24966667,-0.301333333,-9.619,7.026,137.4066667,-0.033333333,-1.605333333,-1.612333333,12.98333333,35
804,1,604,843.094,33.77733333,33.92166667,1706.396,41.498,33.03766667,1.497333333,1466.086667,38.32266667,-38.26633333,-38.63166667,-55.52233333,-30.299,1.273333333,-13.59166667,11.512,134.1086667,0.001666667,652.371,31.421,31.587,1179.912667,34.983,30.01466667,1.432666667,947.9476667,30.60833333,-44.85666667,-33.75366667,-68.19766667,-26.66333333,-0.236333333,-9.634666667,7.009666667,142.042,-0.032,-1.561,-1.575666667,12.919,35
805,1,605,854.6386667,33.77133333,33.92933333,1706.959667,41.56033333,33.01233333,1.471666667,1463.075,38.17566667,-38.448,-40.54366667,-56.19166667,-31.616,1.372333333,-13.52533333,11.867,131.654,0.008666667,654.4136667,31.304,31.48566667,1137.671,35.47266667,30.02333333,1.407,926.1886667,31.40066667,-45.114,-34.78366667,-67.762,-28.188,-0.219,-9.593333333,7.723333333,136.3983333,-0.028666667,-1.552666667,-1.568666667,12.79833333,35
806,1,606,853.144,33.47366667,33.61333333,1540.366,42.76733333,33.01866667,1.497666667,1358.657333,41.09566667,-36.98833333,-36.69266667,-55.08766667,-32.036,1.139,-13.60966667,11.46933333,132.97,0.005333333,661.5643333,31.27266667,31.49533333,1173.874333,34.43166667,30.00766667,1.446,956.3453333,30.28866667,-44.74933333,-32.681,-67.00333333,-26.99566667,-0.282,-9.706666667,6.956,137.1903333,-0.038333333,-1.585666667,-1.610333333,13.15566667,35
807,1,607,846.9473333,33.56533333,33.73166667,1583.929667,42.75766667,33.02433333,1.489666667,1392.704667,40.16866667,-39.06366667,-38.73533333,-54.88766667,-31.86866667,1.280333333,-13.44866667,11.64766667,130.079,0.008666667,651.6046667,31.15,31.38233333,1141.509333,34.519,30.01733333,1.445333333,941.1956667,30.851,-44.156,-34.44966667,-67.22033333,-26.81566667,-0.273333333,-9.592333333,7.347,134.4776667,-0.033666667,-1.548666667,-1.581333333,12.994,35
808,1,608,848.923,33.519,33.68733333,1568.667667,42.729,33.02333333,1.494666667,1380.822,40.49433333,-37.10666667,-37.176,-54.48566667,-31.14133333,1.371666667,-13.47166667,11.83066667,128.822,0.001666667,654.594,31.22733333,31.44266667,1162.382333,34.35866667,30.03566667,1.453333333,956.6456667,30.47433333,-44.47033333,-33.966,-66.84533333,-25.83233333,-0.215,-9.563666667,7.073666667,139.344,-0.035666667,-1.557,-1.590666667,13.09466667,35
809,1,609,861.8493333,33.82533333,33.98133333,1767.092667,40.64433333,33.03466667,1.488666667,1511.806,37.164,-37.62666667,-39.48633333,-55.575,-29.05266667,1.493,-13.447,11.42466667,132.989,0.007,663.2916667,31.35866667,31.53133333,1172.634667,34.75433333,30.014,1.418,952.064,30.472,-43.14966667,-33.99566667,-67.981,-25.05433333,-0.23,-9.56,7.428666667,139.5726667,-0.033,-1.553,-1.568666667,12.62366667,35
810,1,610,844.0556667,33.682,33.83133333,1646.511,42.10433333,33.017,1.491,1426.203667,39.18166667,-36.13933333,-38.592,-54.71466667,-31.84966667,1.108,-13.52166667,11.95366667,127.2016667,0.003666667,653.7,31.285,31.48366667,1174.753,34.313,30.00566667,1.443666667,957.359,30.24333333,-43.23566667,-33.82733333,-67.285,-28.574,-0.207,-9.611333333,7.238666667,136.6976667,-0.038666667,-1.565333333,-1.580666667,13.025,35
811,1,611,854.864,33.80533333,33.94733333,1727.990333,41.228,33.02133333,1.493666667,1478.757667,37.86033333,-38.08066667,-39.273,-55.368,-31.48866667,1.396,-13.52033333,11.54333333,132.766,0.002666667,658.4923333,31.43133333,31.598,1214.718667,34.04666667,30.014,1.439,976.6923333,29.69266667,-42.30333333,-33.63066667,-67.523,-28.13233333,-0.179333333,-9.580333333,6.897333333,141.834,-0.037,-1.557333333,-1.569333333,13.10333333,35
812,1,612,843.079,33.69466667,33.84233333,1658.070667,41.91933333,33.01966667,1.479666667,1428.111667,39.153,-36.817,-37.565,-54.84333333,-30.207,1.182333333,-13.469,11.70533333,131.4146667,0.004666667,651.8073333,31.33333333,31.52633333,1182.812333,34.409,30.01766667,1.429,960.1683333,30.23566667,-42.98533333,-34.26533333,-68.07133333,-26.05933333,-0.200666667,-9.551,7.305666667,138.9113333,-0.033333333,-1.572666667,-1.587,13.33933333,35
1,1,1,790.122,33.53166667,33.71433333,1677.032667,40.07266667,33.028,1.575,1514.846333,37.875,-37.34633333,-37.30166667,-59.71466667,-31.317,-0.032666667,-4.139,11.60266667,108.3276667,0.001333333,622.981,31.06266667,31.29766667,1153.179,33.404,29.96066667,1.462,944.034,29.993,-40.26033333,-35.50366667,-63.04233333,-28.63466667,0.573666667,-1.323333333,7.498,115.2596667,0.001666667,-1.663666667,-1.715,13.68566667,35
2,1,2,774.2733333,33.458,33.632,1623.057667,40.625,33.03033333,1.572,1478.682667,38.824,-35.68833333,-36.76266667,-59.06766667,-31.175,-0.121333333,-4.277666667,11.72733333,108.1206667,-0.003666667,617.6423333,31.091,31.335,1168.611,33.247,29.95966667,1.462,954.0973333,29.67033333,-42.338,-33.75633333,-63.29433333,-28.59133333,0.606333333,-1.360333333,7.333666667,116.6943333,-0.002,-1.656,-1.722,13.583,35
3,1,3,781.3673333,33.48,33.66533333,1626.757667,40.84366667,33,1.556,1467.566333,38.84433333,-36.22133333,-36.287,-58.70466667,-30.87566667,-0.299333333,-4.359333333,11.761,110.0336667,0.000333333,615.7373333,31.14266667,31.38333333,1166.528667,33.679,29.99633333,1.453,949.8676667,30.053,-40.43033333,-32.78133333,-63.277,-29.68766667,0.624666667,-1.435,7.628666667,115.1163333,-0.001333333,-1.659,-1.721,13.83233333,35
4,1,4,769.478,33.404,33.57666667,1623.013333,40.11166667,32.977,1.538,1476.008667,38.41833333,-38.20966667,-35.08633333,-58.96533333,-31.29,0.007,-3.763666667,11.72066667,107.9763333,-0.001333333,618.0983333,30.98066667,31.218,1156.636667,32.70066667,29.975,1.462,961.0833333,29.55833333,-34.794,-33.67466667,-63.32966667,-28.924,0.540333333,-0.539333333,7.377333333,115.8263333,0.005333333,-1.667666667,-1.753666667,13.972,35
5,1,5,797.603,33.56533333,33.733,1702.120667,39.649,33.005,1.575,1527.597,37.36333333,-37.21733333,-37.26333333,-58.66933333,-31.63066667,-0.026,-4.074333333,11.31,110.334,-0.000333333,626.7103333,31.016,31.254,1146.648333,33.25833333,30.03666667,1.481,952.4253333,30.252,-47.94733333,-35.32933333,-63.40533333,-28.35933333,0.561666667,-1.313333333,6.995,120.278,0.000666667,-1.652,-1.704333333,13.85266667,35
6,1,6,785.5513333,33.487,33.67666667,1615.278667,41.243,32.98033333,1.562333333,1458.402,38.91533333,-36.361,-36.25266667,-58.706,-30.738,-0.225333333,-4.225666667,11.97333333,106.6896667,-0.004333333,619.606,31.11733333,31.366,1173.822,33.33833333,29.99166667,1.462,956.9866667,29.79766667,-38.20033333,-33.82366667,-63.509,-29.988,0.644666667,-1.329333333,7.507333333,115.757,-0.001666667,-1.660666667,-1.728,13.96866667,35
7,1,7,771.006,33.40866667,33.589,1621.433667,40.26466667,32.98233333,1.575,1481.562,38.322,-37.50366667,-37.57566667,-59.36466667,-30.854,-0.196333333,-4.271333333,11.60833333,110.072,-0.001666667,615.3263333,31.048,31.297,1152.94,33.406,29.96766667,1.462,941.1926667,30.13233333,-35.90666667,-33.69733333,-63.00666667,-30.06133333,0.498,-1.414,7.352666667,117.3336667,-0.001333333,-1.666,-1.712666667,13.66366667,35
8,1,8,776.1096667,33.564,33.74966667,1637.655333,41.366,33.00233333,1.551666667,1460.581,39.052,-36.98066667,-36.62133333,-59.12533333,-30.673,0.216,-4.204333333,11.79933333,109.8506667,-0.004666667,615.895,31.18866667,31.427,1183.577667,33.53,30.02466667,1.459,965.0876667,29.77566667,-44.50166667,-30.694,-63.431,-29.61866667,0.723333333,-1.311666667,7.724666667,113.1896667,0,-1.661333333,-1.720666667,13.925,35
9,1,9,781.5486667,33.50833333,33.71366667,1692.495333,39.70033333,32.979,1.575,1521.353333,37.29033333,-37.31566667,-36.80333333,-59.54966667,-30.737,-0.182333333,-4.203666667,11.51133333,108.2893333,-0.003333333,614.205,31.177,31.42833333,1180.048667,33.64133333,30.007,1.462,957.7286667,29.88133333,-42.1,-31.766,-63.49333333,-29.15633333,0.603,-1.282,7.255333333,118.3263333,-0.003,-1.669,-1.721666667,13.727,35
10,1,10,788.616,33.50033333,33.68333333,1702.182333,39.19766667,32.998,1.584333333,1539.940667,37.00366667,-37.343,-36.55833333,-59.14066667,-31.578,-0.186333333,-4.186333333,11.27233333,109.2493333,-0.000333333,622.9543333,31.05166667,31.28466667,1158.629667,33.14933333,30.02466667,1.478,956.6723333,30.036,-53.44233333,-33.23366667,-63.14566667,-28.15833333,0.52,-1.387,7.02,119.2053333,0.005,-1.673,-1.712666667,13.81333333,35
11,1,11,798.2336667,33.528,33.704,1626.409,41.22166667,33.03733333,1.557,1462.587667,39.31233333,-35.325,-36.034,-58.513,-31.33366667,0.018333333,-4.267666667,11.431,114.724,-0.007666667,624.4416667,31.194,31.43033333,1179.628333,33.66966667,30.004,1.456,957.004,29.883,-61.55633333,-32.29,-63.50366667,-28.503,0.677666667,-1.333,7.283666667,118.572,0.005,-1.668333333,-1.735,14.21966667,35
12,1,12,787.9173333,33.53033333,33.70366667,1659.063667,40.40366667,33.02566667,1.562666667,1493.035667,38.40933333,-37.251,-37.181,-59.55466667,-31.04866667,0.007,-4.232666667,11.62266667,109.096,-0.002333333,621.7756667,31.09133333,31.334,1169.035,33.22866667,29.97,1.462,953.725,29.75433333,-39.83233333,-33.238,-63.317,-29.65866667,0.557666667,-1.439333333,7.265,117.214,0.002333333,-1.669666667,-1.721666667,13.984,35
13,1,13,785.8853333,33.49233333,33.67766667,1628.911667,40.906,32.95866667,1.556,1461.989333,38.623,-37.793,-36.51633333,-59.88866667,-30.602,-0.036333333,-4.228,11.594,110.3523333,-0.004333333,618.0513333,31.07933333,31.31966667,1157.962667,33.43633333,29.96566667,1.462,943.275,30.05,-43.58333333,-33.36333333,-63.049,-30.41533333,0.547666667,-1.373666667,7.261,118.6793333,0.002333333,-1.68,-1.729333333,13.76233333,35
14,1,14,784.7153333,33.509,33.68566667,1654.895333,40.34,33.03033333,1.572,1498.607333,38.30533333,-37.614,-36.20533333,-59.58933333,-31.279,-0.228666667,-4.179666667,11.41133333,111.8556667,0.000333333,625.427,31.11566667,31.35766667,1171.045667,33.352,29.99066667,1.462,954.99,29.85533333,-44.18466667,-33.335,-63.205,-29.07233333,0.598666667,-1.325,7.344333333,117.3166667,0.002333333,-1.682,-1.730666667,13.968,35
15,1,15,761.0303333,33.39666667,33.59266667,1630.197333,40.08333333,32.97966667,1.575,1486.718333,38.165,-37.99266667,-36.68833333,-58.64,-30.70033333,-0.163333333,-4.33,11.70566667,108.9503333,0.001333333,606.1153333,31.096,31.34333333,1159.272333,33.579,30.01066667,1.462,948.0316667,30.21,-60.034,-31.89466667,-63.64166667,-29.069,0.576333333,-1.381,7.625,115.015,-0.001333333,-1.667666667,-1.73,13.79633333,35
16,1,16,778.9873333,33.43833333,33.62166667,1599.095,41.13566667,33.00666667,1.562333333,1458.85,39.14,-35.77866667,-35.69833333,-58.98633333,-30.42633333,0.022333333,-4.255333333,11.91833333,106.58,-0.000333333,616.6533333,30.933,31.168,1125.52,33.21966667,29.96633333,1.462,934.214,30.34666667,-47.27466667,-34.43866667,-63.28633333,-30.221,0.373333333,-1.496333333,7.625333333,114.314,0.004,-1.673,-1.727,13.90766667,35
17,1,17,777.07,33.485,33.67233333,1673.360333,39.77366667,32.994,1.575,1512.131,37.64833333,-37.57433333,-36.77566667,-58.15833333,-30.154,-0.178666667,-4.255333333,11.675,107.308,-0.003666667,611.377,31.102,31.33133333,1161.717667,33.41766667,29.976,1.462,948.1476667,29.96933333,-44.62866667,-32.32566667,-63.675,-29.39833333,0.565666667,-1.386666667,7.801666667,111.8216667,0.005,-1.662666667,-1.730666667,13.73833333,35
18,1,18,737.091,33.20866667,33.394,1625.482,38.39833333,33.019,1.556,1534.835667,37.306,-36.88333333,-36.33866667,-59.15133333,-30.78666667,-0.299,-4.515666667,11.819,108.0726667,-0.001666667,589.1396667,30.95866667,31.19566667,1157.138667,32.51566667,30.02566667,1.444,969.567,29.644,-45.86633333,-32.84433333,-63.47933333,-29.49166667,0.470333333,-1.444666667,7.73,114.7853333,0.003333333,-1.675333333,-1.737,13.49166667,35
19,1,19,772.1493333,33.492,33.70166667,1648.224333,40.65166667,32.996,1.575,1482.823667,38.41,-37.39033333,-37.39366667,-58.906,-30.679,0.023666667,-4.209,11.31633333,112.5456667,-0.006,608.6106667,31.06066667,31.30666667,1158.845333,33.31233333,30.04166667,1.481,955.26,30.19866667,-37.97333333,-33.681,-63.494,-29.20733333,0.598333333,-1.378333333,7.095,119.517,0.003666667,-1.657,-1.727,13.76866667,35
20,1,20,788.7893333,33.55666667,33.69466667,1656.506333,40.38266667,32.97333333,1.556,1485.907667,38.12966667,-38.39533333,-37.98066667,-59.22933333,-31.339,-0.039,-4.183333333,11.53466667,110.4666667,-0.000666667,621.2853333,30.968,31.20566667,1139.064,33.111,30.00433333,1.472,947.6863333,30.179,-53.28533333,-35.02233333,-63.33266667,-28.932,0.486,-1.443333333,7.265333333,118.2723333,0.001666667,-1.657,-1.726666667,14.119,35
21,1,21,792.552,33.471,33.56533333,1644.958667,39.475,32.98433333,1.562666667,1507.32,37.68366667,-37.177,-36.242,-59.397,-30.89733333,-0.191,-4.315666667,11.77566667,107.0333333,-0.003333333,622.3583333,31.18566667,31.41466667,1178.424667,33.57966667,30.02933333,1.462,958.529,30.00933333,-38.74933333,-34.10666667,-62.859,-29.246,0.614666667,-1.241333333,7.412333333,116.72,0.004333333,-1.671,-1.712333333,14.00033333,35
22,1,22,775.1246667,33.50366667,33.686,1676.222333,39.82966667,33.029,1.575,1521.76,37.71266667,-37.889,-37.26266667,-58.835,-30.66833333,-0.102333333,-4.263,11.87033333,105.939,0.001333333,616.3763333,30.96833333,31.206,1144.289,32.96033333,29.99833333,1.472,948.8896667,30.09966667,-46.29266667,-34.28766667,-63.55233333,-30.15866667,0.468666667,-1.562333333,7.701,112.4163333,-0.002,-1.668666667,-1.735666667,14.051,35
23,1,23,787.1843333,33.53566667,33.712,1688.990333,39.76433333,33.03966667,1.578333333,1528.923667,37.62966667,-38.278,-36.93266667,-59.59866667,-31.16666667,-0.304666667,-4.200333333,11.495,110.7416667,0.000666667,618.8286667,31.11,31.34433333,1170.088,33.27633333,30.02066667,1.462,960.078,29.90233333,-47.41033333,-33.89433333,-63.67066667,-29.408,0.561333333,-1.347,7.559333333,115.1856667,-0.002666667,-1.678,-1.732666667,13.94533333,35
24,1,24,775.13,33.469,33.65566667,1629.975,40.67366667,32.994,1.575,1478.043333,38.51666667,-38.43933333,-37.446,-60.25866667,-30.608,-0.161333333,-4.327333333,11.679,109.2346667,-0.006666667,619.2756667,31.13333333,31.371,1165.168,33.62366667,29.984,1.462,946.4653333,30.077,-43.297,-32.983,-63.22,-29.939,0.577666667,-1.413333333,7.287,118.8206667,0.002,-1.673,-1.732,14.09233333,35
25,1,25,788.559,33.50533333,33.694,1658.773333,40.32133333,33.03966667,1.575,1505.319667,38.22033333,-38.48466667,-36.40433333,-59.26566667,-31.42966667,-0.09,-4.209666667,11.35966667,111.0953333,0,623.8573333,31.25766667,31.488,1199.440667,33.557,30.02333333,1.459,970.08,29.613,-45.12866667,-32.03666667,-63.10633333,-29.45433333,0.718666667,-1.169,7.304333333,116.809,0.001333333,-1.678333333,-1.734666667,13.849,35
26,1,26,788.141,33.52166667,33.697,1626.511333,41.151,33.015,1.559333333,1463.312333,39.09433333,-36.79733333,-36.37733333,-59.48633333,-31.20933333,-0.177666667,-4.206,11.28833333,113.909,-0.003,620.7943333,31.04566667,31.3,1161.734333,33.17566667,30.01066667,1.472,954.665,30.00266667,-44.21633333,-32.521,-63.10933333,-28.31766667,0.528666667,-1.396666667,6.893333333,121.9316667,0.003,-1.684,-1.733666667,13.774,35
27,1,27,768.759,33.41333333,33.60866667,1662.726,39.44633333,32.99933333,1.594,1522.406333,37.43733333,-37.73566667,-37.126,-59.36233333,-31.30633333,-0.385333333,-4.368666667,11.436,108.9453333,-0.002,607.581,31.141,31.38733333,1175.788,33.444,29.96766667,1.462,954.2853333,29.71866667,-41.18833333,-31.856,-63.38366667,-28.439,0.576333333,-1.391333333,7.201,118.1546667,0.002666667,-1.679,-1.733333333,13.823,35
28,1,28,778.852,33.44533333,33.61166667,1644.73,39.90433333,32.99833333,1.565666667,1498.603667,38.02666667,-36.10433333,-37.31933333,-58.31233333,-31.38133333,-0.397666667,-4.338666667,11.514,110.8606667,-0.001666667,619.0246667,31.01533333,31.256,1146.887667,33.267,29.99166667,1.462,949.1086667,30.04733333,-51.94433333,-32.06633333,-63.51866667,-28.89666667,0.555666667,-1.488666667,7.614333333,114.0373333,0.002,-1.658666667,-1.729666667,13.828,35
29,1,29,791.5816667,33.54033333,33.72,1664.743333,40.41733333,33.015,1.556,1496.877333,38.21566667,-37.38433333,-35.73066667,-58.581,-31.331,-0.117666667,-4.392333333,11.839,107.068,0.001333333,621.9226667,31.03566667,31.266,1146.398667,33.35933333,30.03166667,1.462,948.9923333,30.327,-48.755,-32.75733333,-63.649,-27.89566667,0.458,-1.608,7.615666667,115.8836667,-0.002,-1.671333333,-1.753,13.75433333,35
30,1,30,774.1316667,33.521,33.70633333,1606.261667,41.75733333,33.02333333,1.553,1446.359,39.62633333,-36.825,-36.72133333,-59.89266667,-29.95333333,-0.114666667,-4.174,12.04033333,107.0153333,-0.003666667,617.8436667,31.24366667,31.48566667,1187.243333,33.88166667,29.997,1.45,954.908,29.90133333,-40.441,-32.10766667,-62.997,-30.624,0.763333333,-1.152666667,7.715666667,114.814,-0.003666667,-1.657,-1.716333333,14.006,35
