Header Section,,,,,,,,,,,,,,,,,,,,,,,,,,,,,,,,,,,,,,,,,,,,
Product,VC5276,,,,,,,,,,,,,,,,,,,,,,,,,,,,,,,,,,,,,,,,,,,
Test Plan,Rev(-),,,,,,,,,,,,,,,,,,,,,,,,,,,,,,,,,,,,,,,,,,,
Release Date,8/14/2012,,,,,,,,,,,,,,,,,,,,,,,,,,,,,,,,,,,,,,,,,,,
Comment,Dual Band,,,,,,,,,,,,,,,,,,,,,,,,,,,,,,,,,,,,,,,,,,,
,,,,,,,,,,,,,,,,,,,,,,,,,,,,,,,,,,,,,,,,,,,,
Data Section,,,,,,,,,,,,,,,,,,,,,,,,,,,,,,,,,,,,,,,,,,,,
Device#,1,2,3,4,5,6,7,8,9,10,11,12,13,14,15,16,17,18,19,20,21,22,23,24,25,26,27,28,29,30,31,32,33,34,35,36,37,38,39,40,41,42,43,44
Test Item,Site No,Device ID,GSM915 Idle Current,GSM915 Max Pout @ 0dBm Drive,GSM915 Max Pout,GSM915 Max Icc,GSM915 Max PAE,GSM915 Rated Pout,GSM915 Rated Vramp,GSM915 Rated Icc,GSM915 Rated PAE,GSM915 2nd har@33dBm,GSM915 3rd har@33dBm,GSM915 Fwd Isolation 1,GSM915 Fwd Isolation 2,GSM915 Pout Leakage@RX0,GSM915 Pout Leakage@RX1,GSM915 CMOS Pout,GSM915 Pout Slope,GSM915 Stress Delta,DCS1785 Idle Current,DCS1785 Max Pout @ 0dBm Drive,DCS1785 Max Pout,DCS1785 Max Icc,DCS1785 Max PAE,DCS1785 Rated Pout,DCS1785 Rated Vramp,DCS1785 Rated Icc,DCS1785 Rated PAE,DCS1785 2nd har@33dBm,DCS1785 3rd har@33dBm,DCS1785 Fwd Isolation 1,DCS1785 Fwd Isolation 2,DCS1785 Pout Leakage@RX0,DCS1785 Pout Leakage@RX1,DCS1785 CMOS Pout,DCS1785 Pout Slope,DCS1785 Stress Delta,Insertion Loss Rx0 960MHz,Insertion Loss Rx1 1805MHz,Leakage Current,Leakage Current Delay Time,Test Time,Index Time
Low Tolerance,,,60,0.3,0.3,60,,,,60,,2,2,3,2,3,3,1,,,60,0.3,0.3,60,,,,60,,3,3,5,2,3,3,1,,,0.3,0.3,5,,,
High Tolerance,,,60,0.3,0.3,60,,,,60,,2,2,3,2,3,3,1,,,60,0.3,0.3,60,,,,60,,3,3,5,2,3,3,1,,,0.3,0.3,5,,,
Enable,,,1,1,1,1,0,0,0,1,0,1,1,1,1,1,1,1,0,0,1,1,1,1,0,0,0,1,0,1,1,1,1,1,1,1,0,0,1,1,1,0,0,0
101,1,101,877.712,33.754,33.969,1641.651,41.322,33.002,1.54,1409.518,39.103,-33.206,-38.765,-49.109,-22.327,0.785,-0.876,10.769,134.937,-0.001,653.281,31.161,31.444,1115.264,36.248,30,1.479,888.064,32.172,-28.725,-31.412,-74.221,-22.063,1.526,3.905,5.674,161.457,0.004,-1.66,-1.725,2.526,5,0,0
102,1,102,876.531,33.483,33.674,1547.864,40.943,33.022,1.549,1384.081,39.983,-32.933,-36.284,-48.635,-19.79,0.493,-2.339,9.947,142.2,-0.005,650.421,31.376,31.701,1177.012,36.38,29.995,1.465,913.334,31.243,-39.803,-35.146,-82.903,-19.407,0.854,1.034,4.506,178.218,0.006,-1.676,-1.718,2.488,5,0,0
103,1,103,840.144,33.515,33.752,1535.614,42.017,33.015,1.541,1372.29,40.249,-36.558,-38.805,-47.408,-21.833,0.69,-2.16,9.942,145.452,0.008,630.424,31.088,31.385,1119.931,35.603,30.049,1.495,904.147,31.955,-37.802,-37.832,-78.968,-21.589,1.16,1.307,4.942,164.903,-0.004,-1.628,-1.698,2.586,5,0,0
104,1,104,879.781,33.602,33.857,1585.091,41.703,33.023,1.529,1392.352,39.766,-34.596,-37.844,-47.34,-20.431,0.844,-2.136,9.02,167.653,-0.003,654.289,31.324,31.617,1174.595,35.76,30.039,1.471,924.958,31.168,-37.701,-35.878,-80.154,-20.114,1.091,1.32,3.795,205.102,0.006,-1.642,-1.699,3.078,5,0,0
105,1,105,867.605,33.598,33.869,1586.029,41.8,33.028,1.565,1385.873,39.99,-34.963,-36.27,-48.614,-21.367,0.303,-2.346,9.358,151.114,-0.003,642.253,31.09,31.402,1138.888,35.129,30.002,1.509,920.854,31.038,-37.787,-35.146,-81.418,-21.467,0.939,1.107,4.059,172.367,0.014,-1.667,-1.705,2.974,5,0,0
106,1,106,878.33,33.378,33.685,1517.469,41.867,33.025,1.553,1366.957,40.493,-32.32,-36.915,-47.251,-21.058,0.397,-2.194,10.623,138.835,-0.002,657.062,31.305,31.64,1185.949,35.598,30.001,1.477,930.208,30.72,-38.74,-36.01,-82.912,-20.71,0.998,1.204,5.314,166.132,0,-1.633,-1.696,1.74,5,0,0
107,1,107,856.252,33.682,33.901,1615.653,41.335,33.004,1.536,1408.164,39.159,-36.563,-37.359,-48.109,-19.988,0.633,-2.379,8.399,171.053,0.005,644.918,31.174,31.472,1145.492,35.488,30.009,1.479,911.021,31.43,-38.143,-34.953,-74.41,-19.629,1.032,1.076,3.411,211.404,0.003,-1.664,-1.705,1.827,5,0,0
108,1,108,866.273,33.28,33.597,1478.741,42.093,33.048,1.568,1357.728,40.98,-31.517,-36.833,-46.161,-22.153,0.644,-2.349,9.987,146.575,0.001,644.496,31.252,31.581,1164.012,35.796,30.017,1.484,917.875,31.248,-37.562,-36.602,-74.879,-22.135,1.07,1.123,4.716,203.81,-0.001,-1.606,-1.674,1.59,5,0,0
109,1,109,880.973,33.645,33.94,1603.861,42.011,33.002,1.533,1380.936,39.883,-38.208,-37.472,-48.006,-22.866,0.352,-2.505,10.989,141.097,-0.006,652.274,31.303,31.622,1187.99,35.388,30.004,1.476,933.02,30.65,-38.822,-33.995,-72.596,-23.258,0.928,0.955,5.622,139.463,-0.001,-1.645,-1.699,3.348,5,0,0
110,1,110,846.275,33.708,33.921,1623.173,41.333,33,1.53,1417.851,38.865,-37.228,-37.027,-49.349,-23.118,0.526,-2.461,9.883,146.086,-0.01,638.039,31.121,31.425,1158.242,34.711,30.02,1.493,930.27,30.858,-37.728,-32.151,-74.949,-23.071,0.958,1.009,5.009,160.104,-0.005,-1.683,-1.72,3.055,5,0,0
111,1,111,880.128,33.535,33.707,1560.738,40.918,33.027,1.553,1389.789,39.873,-35.828,-36.783,-48.32,-20.562,0.789,-2.365,10.287,121.021,0.003,660.463,31.243,31.543,1156.846,35.711,30,1.477,913.459,31.277,-37.839,-33.301,-73.2,-20.256,0.947,1.078,5.124,170.766,0.004,-1.633,-1.694,2.889,5,0,0
112,1,112,875.589,33.49,33.707,1529.948,41.74,33.018,1.552,1356.895,40.715,-33.711,-37.013,-47.367,-22.339,0.563,-2.321,10.317,143.876,-0.001,653.476,31.264,31.566,1162.429,35.722,30.031,1.481,917.188,31.371,-40.041,-35.147,-74.008,-22.627,0.971,1.137,4.818,160.177,0.001,-1.652,-1.715,2.938,5,0,0
113,1,113,883.02,33.711,33.908,1635.943,40.888,33.005,1.531,1412.351,39.054,-37.922,-37.117,-48.775,-20.58,0.499,-2.426,8.825,173.121,0,661.753,31.403,31.695,1179.991,36.239,30.004,1.46,917.313,31.177,-38.355,-34.331,-72.19,-19.851,0.993,1.069,3.274,229.707,-0.002,-1.646,-1.689,3.024,5,0,0
114,1,114,859.751,33.488,33.725,1536.385,41.737,33.008,1.558,1373.811,40.139,-34.057,-35.822,-46.838,-20.995,0.32,-2.452,10.657,136.562,-0.006,645.861,31.289,31.565,1189.095,34.891,30.013,1.497,944.041,30.356,-37.553,-35.217,-75.428,-21.163,0.927,1.029,5.318,166.93,0.002,-1.653,-1.713,3.173,5,0,0
115,1,115,874.625,33.666,33.866,1585.904,41.773,33.016,1.537,1376.873,40.126,-36.493,-37.477,-47.648,-20.602,0.687,-2.505,9.978,144.38,0.005,647.941,31.077,31.365,1119.806,35.45,30.013,1.479,897.751,31.923,-33.665,-34.153,-72.683,-20.148,0.954,0.938,4.795,170.693,-0.003,-1.667,-1.709,2.477,5,0,0
116,1,116,858.505,33.636,33.824,1577.779,41.584,33.008,1.551,1387.769,39.751,-34.584,-36.498,-47.48,-22.962,0.575,-2.435,10.364,137.189,-0.003,638.613,31.159,31.466,1154.638,35.153,30.038,1.504,908.146,31.736,-36.635,-33.271,-72.232,-22.764,1.021,1.05,5.138,156.951,-0.005,-1.637,-1.701,2.927,5,0,0
117,1,117,884.667,33.762,33.992,1631.339,41.807,33.038,1.541,1402.539,39.618,-39.725,-37.895,-48.959,-22.941,0.66,-2.334,10.698,135.711,-0.003,659.012,31.307,31.597,1156.721,36.165,29.988,1.474,907.626,31.396,-38.627,-33.052,-72.645,-23.135,1.007,1.094,5.47,153.748,-0.006,-1.646,-1.689,2.714,5,0,0
118,1,118,874.191,33.626,33.851,1609.632,41.013,33.006,1.544,1401.185,39.37,-35.273,-37.024,-46.975,-20.043,0.32,-2.473,9.467,152.241,0.004,650.649,31.452,31.757,1207.885,35.885,30.021,1.47,937.708,30.618,-38.44,-34.166,-72.395,-19.711,1.022,1.001,4.164,181.446,-0.003,-1.629,-1.684,3.053,5,0,0
119,1,119,876.683,33.703,33.97,1682.691,40.326,33.009,1.537,1454.995,37.984,-38.128,-35.719,-48.141,-21.876,0.477,-2.534,10.455,136.988,0.001,656.206,31.304,31.581,1174.512,35.47,30.009,1.474,926.833,30.889,-38.733,-34.076,-72.052,-21.789,0.864,0.948,5.421,161.215,-0.003,-1.668,-1.712,2.464,5,0,0
120,1,120,870.833,33.556,33.77,1564.217,41.422,33.032,1.537,1388.394,39.957,-36.319,-36.636,-48.161,-19.766,0.473,-2.369,8.969,163.903,-0.001,650.183,31.321,31.63,1169.366,36.032,29.986,1.472,911.459,31.246,-37.989,-32.834,-73.376,-19.482,0.939,1.067,3.572,194.521,-0.009,-1.648,-1.702,3.013,5,0,0
121,1,121,871.559,33.673,33.871,1580.008,41.97,33.011,1.539,1369.853,40.279,-37.53,-36.653,-48.865,-23.011,0.612,-2.534,10.465,138.001,0.004,651.429,31.312,31.606,1173.72,35.701,30.05,1.489,927.916,31.146,-39.154,-31.774,-72.213,-23.307,0.946,0.944,5.019,158.333,0,-1.665,-1.708,2.432,5,0,0
122,1,122,859.73,33.66,33.898,1607.028,41.523,33.003,1.532,1390.664,39.622,-36.763,-36.954,-48.278,-20.552,0.771,-2.804,9.988,145.345,-0.02,640.325,31.242,31.446,1156.283,34.938,30.046,1.478,924.333,31.242,-47.287,-33.755,-69.816,-19.97,1.312,-6.474,4.948,172.958,0.089,-1.621,-4.779,2.88,5,0,0
123,1,123,863.857,33.407,33.688,1526.99,41.633,33.009,1.558,1370.436,40.249,-32.27,-35.837,-46.666,-22.466,0.361,-2.449,10.21,145.239,0,643.293,31.279,31.583,1173.866,35.501,29.982,1.482,924.062,30.789,-39.735,-34.284,-72.728,-22.535,0.958,0.991,5.132,159.801,-0.003,-1.631,-1.682,3.209,5,0,0
124,1,124,883.789,33.578,33.847,1581.196,41.715,32.983,1.544,1372.54,39.945,-36.428,-36.49,-47.281,-22.448,0.382,-2.533,10.36,139.107,0.005,649.089,31.314,31.649,1166.408,36.289,29.989,1.474,913.604,31.195,-39.844,-35.593,-72.865,-22.34,0.899,0.904,5.235,157.62,0.004,-1.646,-1.699,3.022,5,0,0
125,1,125,894.557,33.751,33.894,1619.132,41.183,32.999,1.526,1395.31,39.46,-34.646,-38.355,-48.117,-20.125,0.522,-2.35,9.068,169.319,0,664.883,31.345,31.644,1186.49,35.61,30.038,1.471,930.083,30.99,-37.879,-34.318,-71.343,-19.785,1.123,1.122,3.662,212.013,0.002,-1.617,-1.674,3.297,5,0,0
126,1,126,888.512,33.594,33.771,1577.175,41.094,33.045,1.536,1397.06,39.833,-36.777,-36.607,-48.613,-20.214,0.68,-2.417,8.759,174.35,-0.001,652.588,31.288,31.588,1164.658,35.832,29.987,1.469,913.73,31.178,-38.046,-33.79,-71.717,-19.817,0.923,0.977,3.272,226.126,0.006,-1.656,-1.706,2.858,5,0,0
127,1,127,862.622,33.628,33.797,1556.238,41.89,33.014,1.537,1366.645,40.4,-35.974,-37.38,-48.778,-22.01,0.586,-2.482,10.31,140.91,-0.003,642.242,31.257,31.547,1163.637,35.534,30.036,1.488,922.687,31.221,-38.94,-32.608,-72.489,-21.596,1.023,0.987,4.978,162.801,0.002,-1.653,-1.688,3.13,5,0,0
128,1,128,870.573,33.732,33.972,1621.819,41.854,32.996,1.535,1394.539,39.459,-39.113,-37.634,-48.544,-20.26,0.637,-2.509,9.8,147.388,-0.001,648.233,31.248,31.559,1161.908,35.684,30.039,1.491,923.167,31.228,-39.024,-32.865,-71.222,-19.745,1.039,1.019,4.78,177.705,0.001,-1.644,-1.685,3.106,5,0,0
129,1,129,888.664,33.703,33.951,1615.548,41.813,33.048,1.544,1396.956,39.866,-37.017,-37.434,-48.167,-20.195,0.637,-2.441,8.892,169.663,0.001,653.964,31.143,31.444,1144.451,35.298,30,1.483,912.188,31.325,-37.657,-34.333,-72.248,-19.864,0.941,1.012,3.674,223.755,-0.001,-1.628,-1.684,3.335,5,0,0
130,1,130,860.39,33.651,33.793,1573.217,41.404,33.023,1.55,1385.331,39.956,-34.071,-36.327,-47.405,-23.637,0.518,-2.455,10.51,139.307,-0.001,639.003,31.074,31.36,1145.7,34.584,30.002,1.502,919.917,31.07,-39.492,-34.388,-72.532,-24.251,0.986,0.979,5.226,154.973,0.002,-1.679,-1.735,2.588,5,0,0
131,1,131,860.054,33.508,33.722,1527.698,41.937,32.999,1.558,1353.624,40.632,-34.699,-36.412,-47.857,-22.381,0.621,-2.487,10.485,139.563,-0.004,637.249,31.349,31.628,1166.804,36.099,30.004,1.48,914.479,31.273,-40.631,-32.094,-73.04,-22.666,1.018,1.017,5.374,159.32,0.005,-1.648,-1.697,3.374,5,0,0
132,1,132,866.381,33.52,33.742,1534.01,41.959,33.032,1.542,1370.749,40.455,-35.71,-37.372,-46.627,-21.252,0.8,-2.259,9.699,154.001,0.004,642.849,31.355,31.692,1181.949,36.15,30.046,1.478,926.437,31.168,-39.725,-37.591,-76.295,-21.321,1.095,1.196,4.339,166.512,0.001,-1.631,-1.698,3.081,5,0,0
133,1,133,885.328,33.706,33.952,1594.903,42.367,33.009,1.534,1372.311,40.192,-38.653,-37.612,-48.774,-22.545,0.385,-2.406,10.531,138.863,-0.002,661.72,31.38,31.682,1185.907,35.945,30.05,1.479,929.791,31.082,-40.083,-32.987,-72.387,-22.28,1.069,1.13,5.157,149.755,-0.001,-1.642,-1.691,2.976,5,0,0
134,1,134,852.991,33.599,33.884,1603.132,41.497,33.037,1.563,1410.122,39.401,-37.073,-35.026,-48.385,-22.844,0.496,-2.626,9.677,147.291,0.008,630.846,31.165,31.477,1154.658,35.242,30.015,1.495,920.271,31.155,-40.071,-33.219,-71.659,-22.662,0.848,0.849,4.762,159.293,0.006,-1.681,-1.725,3.265,5,0,0
135,1,135,887.397,33.777,34.033,1661.317,41.441,33.037,1.538,1419.163,39.165,-39.859,-37.651,-49.47,-23.404,0.531,-2.398,11.044,130.046,0.004,659.218,31.266,31.573,1150.325,36.168,30.016,1.467,907.126,31.609,-38.966,-32.662,-71.523,-23.785,1.047,1.045,6.138,149.468,-0.006,-1.645,-1.685,3.176,5,0,0
136,1,136,855.581,33.597,33.861,1568.134,42.192,33,1.55,1371.332,40.14,-36.754,-37.566,-48.133,-24.344,0.578,-2.416,10.596,135.371,0.002,640.813,31.23,31.545,1141.909,36.21,30.008,1.484,902.98,31.702,-39.688,-33.266,-73.841,-24.572,1.024,1.071,5.455,150.396,-0.005,-1.619,-1.674,3.299,5,0,0
137,1,137,880.886,33.706,33.907,1649.068,40.556,32.992,1.525,1426.642,38.565,-38.219,-36.46,-48.188,-20.472,0.441,-2.478,8.778,173.45,0,657.69,31.272,31.582,1144.513,36.437,30.043,1.466,902.605,31.971,-38.83,-35.985,-71.261,-20.099,0.982,1.016,3.476,231.713,-0.008,-1.639,-1.68,3.082,5,0,0
138,1,138,861.56,33.391,33.651,1504.803,41.89,33.03,1.554,1369.082,40.484,-34.28,-35.722,-46.584,-19.864,0.618,-2.538,9.213,157.342,0.001,647.507,31.193,31.541,1150.075,35.914,30,1.481,910.625,31.378,-38.389,-36.142,-74.283,-19.919,0.916,0.934,4.143,186.431,0.005,-1.638,-1.687,3.174,5,0,0
139,1,139,883.768,33.695,33.87,1604.007,41.338,33.001,1.541,1377.269,39.978,-41.515,-34.305,-48.74,-19.758,0.749,-2.482,8.337,176.428,0.005,651.905,31.273,31.58,1169.012,35.628,29.98,1.48,917.688,30.993,-40.848,-32.459,-71.38,-19.508,1.121,0.925,3.03,219.785,0.007,-1.694,-1.718,2.916,5,0,0
140,1,140,882.024,33.78,33.998,1674.879,40.775,33.031,1.549,1435.496,38.677,-38.519,-36.229,-48.286,-20.428,0.773,-2.435,9.606,152.303,0.004,657.571,31.277,31.569,1152.825,36.054,30.017,1.476,907.105,31.622,-38.301,-35.492,-72.429,-19.624,0.885,0.995,4.718,176.303,0.003,-1.64,-1.691,3.17,5,0,0
141,1,141,883.248,33.745,33.989,1649.484,41.317,33.05,1.545,1426.017,39.095,-38.408,-36.722,-48.417,-21.826,0.686,-2.447,10.636,136.146,0.003,655.014,31.289,31.596,1152.388,36.292,30.024,1.478,913.125,31.459,-39.943,-36.115,-71.492,-21.757,0.978,1.017,5.713,158.959,-0.001,-1.642,-1.698,3.093,5,0,0
142,1,142,870.974,33.718,33.911,1605.278,41.699,32.979,1.55,1382.894,39.624,-37.689,-37.632,-48.865,-20.737,0.394,-2.516,10.038,140.021,-0.006,652.176,31.146,31.466,1140.701,35.594,30.008,1.498,910.813,31.43,-37.651,-33.012,-73,-20.532,0.987,0.958,4.968,171.799,0.003,-1.641,-1.681,3.316,5,0,0
143,1,143,888.599,33.683,33.929,1613.59,41.655,33.05,1.55,1395.393,39.925,-38.332,-36.068,-48.874,-23.338,0.367,-2.391,11.215,128.099,0.002,657.387,31.283,31.576,1150.659,36.187,30.023,1.478,909.73,31.573,-37.901,-34.578,-72.796,-23.361,0.886,1.019,5.997,150.785,0.006,-1.652,-1.694,3.146,5,0,0
144,1,144,866.229,33.562,33.825,1565.696,41.905,33.049,1.559,1389.06,40.093,-34.214,-36.328,-47.256,-22.009,0.39,-2.286,10.141,141.967,0.004,644.734,31.052,31.37,1124.097,35.346,29.996,1.499,905.397,31.528,-38.02,-35.848,-72.864,-21.905,1.036,1.125,5.243,162.541,0,-1.631,-1.693,3.368,5,0,0
145,1,145,845.744,33.375,33.603,1486.116,41.942,33.038,1.573,1357.207,40.896,-33.19,-36.667,-46.958,-21.879,0.608,-2.337,10.168,144.677,0.002,635.992,31.348,31.661,1185.053,35.797,30.007,1.48,930.666,30.748,-38.744,-33.64,-73.651,-21.823,0.992,1.104,5.018,159.427,-0.001,-1.617,-1.671,3.397,5,0,0
146,1,146,868.082,33.512,33.747,1531.219,42.084,33.007,1.544,1359.082,40.553,-33.886,-35.792,-46.863,-19.891,0.755,-2.512,9.548,155.286,-0.001,644.507,31.259,31.571,1161.158,35.808,30,1.475,916.5,31.176,-39.619,-36.009,-73.258,-19.718,0.896,0.955,4.374,193.878,0.002,-1.641,-1.692,3.227,5,0,0
147,1,147,845.43,33.548,33.726,1518.323,42.238,33.048,1.532,1358.374,40.953,-34.815,-37.619,-49.242,-20.871,0.619,-2.589,10.787,139.304,-0.003,634.248,31.179,31.494,1142.867,35.755,29.997,1.469,906.626,31.492,-38.719,-34.532,-73.323,-20.388,0.895,0.809,5.383,161.934,-0.002,-1.658,-1.704,3.261,5,0,0
148,1,148,861.755,33.517,33.736,1523.99,42.182,33.015,1.543,1352.978,40.809,-34.407,-37.434,-47.586,-19.876,0.795,-2.398,10.07,149.727,0.004,639.48,31.366,31.652,1183.761,35.761,30.011,1.467,929.104,30.828,-38.781,-34.011,-70.391,-19.405,0.989,1.041,4.687,174.797,0.001,-1.636,-1.706,3.153,5,0,0
149,1,149,857.574,33.596,33.874,1577.967,42.055,33.031,1.54,1384.831,40.043,-36.35,-35.942,-46.516,-20.973,0.682,-2.511,9.817,149.617,0,637.097,31.364,31.654,1171.449,36.17,30.01,1.469,917.104,31.229,-38.303,-35.326,-71.698,-20.593,0.931,0.943,4.875,169.195,-0.001,-1.626,-1.685,3.062,5,0,0
150,1,150,862.004,33.657,33.864,1586.466,41.739,33.018,1.545,1387.894,39.836,-36.113,-36.869,-48.91,-20.234,0.601,-2.402,9.179,159.06,0.003,642.058,31.067,31.39,1152.367,34.616,30.003,1.501,926.666,30.854,-37.164,-33.85,-72.204,-19.82,1.011,1.087,3.745,197.364,-0.003,-1.658,-1.695,3.158,5,0,0
151,1,151,869.089,33.631,33.84,1583.529,41.578,33.036,1.528,1389.206,39.97,-36.07,-37.337,-47.955,-22.786,0.49,-2.545,9.939,150.144,-0.002,650.01,31.34,31.638,1179.262,35.786,30.032,1.475,924.333,31.135,-39.602,-33.275,-72.568,-22.423,0.97,0.96,4.811,160.824,-0.003,-1.625,-1.68,3.096,5,0,0
152,1,152,881.601,33.643,33.848,1581.966,41.695,33.006,1.533,1373.79,40.121,-37.002,-37.327,-48.396,-22.208,0.512,-2.412,10.7,138.455,0.002,656.964,31.375,31.697,1184.074,36.127,29.993,1.466,919.146,31.036,-38.48,-34.722,-72.802,-22.113,0.926,1.032,5.436,159.547,0.003,-1.621,-1.684,3.043,5,0,0
153,1,153,852.731,33.645,33.872,1592.862,41.641,33.049,1.554,1398.852,39.819,-36.328,-36.42,-48.252,-23.349,0.554,-2.496,10.542,136.202,0.001,635.689,31.224,31.518,1160.992,35.377,30.006,1.48,922.312,31.021,-38.499,-32.145,-72.342,-23.656,0.912,0.95,5.589,152.122,0.011,-1.645,-1.692,2.76,5,0,0
154,1,154,846.947,33.624,33.896,1577.529,42.282,33.015,1.542,1379.706,40.042,-38.28,-38.321,-47.442,-19.873,0.702,-2.334,9.105,158.597,0.001,635.949,31.234,31.531,1142.43,36.073,30.04,1.486,904.772,31.873,-38.792,-35.081,-71.237,-19.322,1.145,1.17,4.283,175.78,-0.002,-1.599,-1.672,2.457,5,0,0
155,1,155,837.815,33.633,33.819,1592.028,41.157,33.018,1.53,1409.434,39.255,-35.683,-36.694,-48.911,-20.895,0.438,-2.454,10.17,144.685,-0.004,630.857,31.112,31.4,1139.971,35.082,29.991,1.477,913.042,31.228,-37.192,-32.677,-73.436,-20.569,0.926,0.981,5.102,164.49,-0.004,-1.663,-1.705,2.688,5,0,0
156,1,156,880.973,33.703,33.86,1626.423,40.676,33.007,1.543,1399.247,39.428,-37.966,-36.547,-48.54,-21.074,0.495,-2.472,10.235,145.906,-0.009,654.57,31.379,31.662,1153.763,36.806,30.016,1.463,899.897,31.869,-40.775,-33.236,-72.513,-20.503,0.909,1.04,5.292,167.112,0.009,-1.63,-1.68,2.705,5,0,0
157,1,157,844.726,33.619,33.868,1582.029,41.888,33.021,1.563,1388.373,39.853,-37.863,-35.91,-48.082,-24.138,0.586,-2.644,10.804,131.623,-0.008,631.41,31.197,31.505,1156.846,35.402,30.011,1.498,923.333,31.021,-39.674,-32.177,-73.105,-24.62,0.878,0.844,5.561,151.235,0.01,-1.663,-1.71,2.691,5,0,0
158,1,158,868.06,33.751,33.982,1628.694,41.773,33.03,1.528,1411.622,39.3,-39.937,-37.408,-49.444,-20.548,0.708,-2.407,10.256,140.215,-0.006,642.221,31.159,31.471,1143.117,35.562,30.001,1.474,911.084,31.366,-38.847,-32.994,-72.993,-19.77,1.018,1.004,5.143,173.636,0.003,-1.657,-1.693,2.572,5,0,0
159,1,159,860.141,33.672,33.885,1586.029,41.951,33.005,1.549,1375.144,40.077,-37.132,-37.45,-48.496,-23.386,0.487,-2.432,10.401,141.387,-0.003,638.798,31.261,31.543,1158.304,35.666,30.049,1.499,919.771,31.416,-39.727,-34.108,-72.667,-23.682,1.101,1.11,5.309,152.876,0.002,-1.648,-1.692,3.112,5,0,0
160,1,160,888.133,33.596,33.811,1576.404,41.489,33.028,1.539,1377.227,40.233,-35.913,-36.586,-47.592,-23.861,0.491,-2.407,11.087,129.399,0.003,661.059,31.35,31.669,1170.658,36.321,30.01,1.468,913.292,31.354,-38.876,-34.276,-71.713,-25.21,0.878,1.018,5.833,142.65,-0.006,-1.637,-1.696,2.926,5,0,0
161,1,161,841.834,33.298,33.529,1462.721,41.899,33.047,1.572,1362.165,40.838,-32.634,-36.347,-47.009,-22.431,0.671,-2.452,10.807,135.959,-0.003,639.068,31.363,31.669,1166.97,36.435,30.045,1.477,918.979,31.413,-39.928,-38.182,-73.896,-22.611,0.949,1.015,5.296,156.025,0.008,-1.631,-1.691,3.716,5,0,0
162,1,162,886.064,33.672,33.923,1607.59,41.748,33.05,1.547,1394.622,39.947,-37.294,-37.212,-47.968,-21.811,0.661,-2.418,10.764,137.629,-0.001,661.319,31.318,31.618,1179.47,35.615,30.015,1.476,926.958,30.929,-38.287,-32.624,-71.704,-21.767,0.959,0.982,5.528,160.475,-0.002,-1.625,-1.674,3.953,5,0,0
163,1,163,856.696,33.602,33.784,1552.426,41.867,33.013,1.546,1370.665,40.276,-36.431,-37.295,-48.563,-21.624,0.367,-2.566,10.406,138.433,0.019,643.001,31.231,31.552,1169.075,35.401,30.002,1.496,927.187,30.833,-38.289,-31.641,-71.882,-21.337,0.915,0.906,4.787,189.556,-0.004,-1.64,-1.682,3.29,5,0,0
164,1,164,880.117,33.678,33.838,1609.299,40.897,33.011,1.541,1389.748,39.721,-37.948,-37.488,-48.802,-21.832,0.599,-2.317,9.83,155.268,-0.002,656.607,31.367,31.644,1165.241,36.279,30.01,1.467,908.876,31.511,-38.312,-33.011,-71.394,-21.759,0.979,1.067,4.834,166.244,0.003,-1.626,-1.672,2.93,5,0,0
165,1,165,873.368,33.644,33.842,1561.03,42.194,33.011,1.548,1357.062,40.644,-38.096,-38.651,-48.579,-23.879,0.769,-2.36,10.613,149.41,-0.006,648.287,31.187,31.51,1144.992,35.821,30.014,1.492,911.542,31.446,-38.524,-33.329,-72.308,-24.291,1.075,1.146,5.31,151.704,-0.002,-1.619,-1.662,3.395,5,0,0
166,1,166,858.397,33.707,33.94,1603.174,42.028,32.994,1.533,1385.164,39.698,-37.735,-37.233,-48.669,-21.348,0.617,-2.429,10.428,137.5,0.004,638.884,31.23,31.549,1152.388,35.908,29.996,1.475,912.542,31.282,-37.971,-33.991,-71.896,-21.518,0.978,0.996,5.351,162.699,-0.002,-1.63,-1.687,3.115,5,0,0
167,1,167,890.029,33.619,33.829,1563.321,42.013,33.042,1.558,1363.728,40.746,-34.46,-37.331,-47.895,-21.439,0.512,-2.319,10.086,143.867,0,653.725,31.249,31.565,1174.658,35.33,30.015,1.492,930.458,30.815,-38.118,-31.973,-72.219,-21.42,1.04,1.131,4.769,166.74,-0.004,-1.628,-1.677,2.996,5,0,0
168,1,168,881.298,33.764,33.982,1661.901,40.942,33.038,1.552,1422.85,39.077,-39.049,-37.95,-49.048,-23.312,0.604,-2.375,10.795,133.134,-0.003,652.415,31.303,31.628,1166.679,36.101,30.014,1.476,918.833,31.194,-39.003,-32.792,-71.843,-22.982,1.004,1.038,5.508,152.552,-0.001,-1.635,-1.681,2.897,5,0,0
169,1,169,848.929,33.387,33.644,1506.532,41.774,33.047,1.568,1370.457,40.598,-34.307,-36.525,-46.713,-22.854,0.889,-2.301,10.478,138.904,0.003,634.54,31.274,31.567,1161.95,35.749,30.002,1.48,917.646,31.148,-39.039,-36.109,-74.166,-23.032,0.994,1.049,5.32,155.351,0.005,-1.634,-1.693,3.435,5,0,0
170,1,170,860.109,33.618,33.839,1570.384,41.917,33.05,1.555,1386.623,40.166,-37.138,-36.616,-48.215,-24.126,0.807,-2.315,10.92,131.833,-0.003,643.987,31.35,31.633,1159.346,36.376,29.999,1.475,910.125,31.383,-42.035,-34.158,-71.888,-24.9,1.063,1.089,5.894,146.337,-0.001,-1.638,-1.696,2.805,5,0,0
171,1,171,888.263,33.673,33.884,1612.278,41.257,32.995,1.527,1393.81,39.467,-38.345,-36.968,-48.614,-20.275,0.676,-2.437,7.751,196.021,0.005,658.08,31.444,31.723,1178.178,36.527,29.996,1.457,910.896,31.339,-39.553,-33.589,-71.798,-19.539,0.945,0.978,2.219,260.06,0.004,-1.63,-1.678,2.275,5,0,0
172,1,172,875.004,33.644,33.867,1592.758,41.598,32.993,1.546,1381.31,39.793,-36.595,-36.62,-47.926,-21.788,0.535,-2.419,10.337,142.656,-0.003,663.345,31.28,31.565,1161.617,35.742,30.004,1.483,915.146,31.252,-37.709,-32.928,-71.809,-21.772,0.976,1.013,5.068,162.795,-0.002,-1.629,-1.685,3.46,5,0,0
173,1,173,887.397,33.652,33.866,1588.445,41.701,33.019,1.535,1370.561,40.336,-38.119,-37.879,-49.092,-24.404,0.661,-2.347,10.663,136.305,-0.005,659.976,31.084,31.425,1126.785,35.715,30.029,1.491,899.813,31.965,-37.419,-33.094,-71.984,-25.283,1.038,1.132,5.513,151.037,0.005,-1.64,-1.679,3.235,5,0,0
174,1,174,853.273,33.255,33.473,1441.931,41.948,33.022,1.577,1358.249,40.713,-30.811,-37.314,-46.572,-19.942,0.588,-2.36,8.265,181.276,0.003,645.287,31.329,31.686,1200.032,35.538,30.049,1.484,940.624,30.718,-38.799,-35.036,-72.864,-19.687,1.089,1.152,2.413,235.689,0.006,-1.612,-1.685,3.282,5,0,0
175,1,175,861.918,33.685,33.898,1609.59,41.457,33.015,1.532,1410.059,39.212,-37.808,-37.819,-48.797,-20.236,0.513,-2.425,6.642,227.523,-0.006,644.582,31.22,31.523,1173.199,35.035,29.998,1.483,932.25,30.631,-38.252,-33.963,-74.013,-19.757,0.938,0.988,1.181,285.301,0.01,-1.639,-1.68,3.169,5,0,0
176,1,176,853.511,33.565,33.878,1594.841,41.65,32.996,1.538,1386.956,39.661,-38.372,-37.224,-48.825,-22.283,0.5,-2.483,10.15,138.007,0.008,631.789,31.098,31.494,1154.575,35.383,30.045,1.498,922.542,31.295,-38.607,-31.836,-72.317,-22.096,0.99,1.026,4.996,158.908,0.003,-1.644,-1.682,3.323,5,0,0
177,1,177,874.246,33.475,33.737,1522.927,42.215,33.031,1.543,1360.332,40.74,-34.302,-37.201,-47.296,-20.02,0.813,-2.417,10.036,146.501,-0.003,652.49,31.318,31.613,1167.491,35.949,30.001,1.473,917.25,31.159,-38.285,-32.428,-71.197,-19.677,0.976,1.015,4.563,183.347,-0.001,-1.612,-1.673,3.426,5,0,0
178,1,178,865.048,33.656,33.898,1590.779,41.952,32.985,1.533,1380.019,39.752,-35.727,-36.313,-48.339,-23.21,0.264,-2.483,10.304,141.571,-0.009,649.858,31.149,31.455,1142.221,35.455,30.037,1.491,915.042,31.488,-39.075,-33.628,-72.883,-23.112,0.979,1.026,5.317,159.583,-0.006,-1.649,-1.707,3.128,5,0,0
179,1,179,849.438,33.74,33.948,1611.611,41.893,33.006,1.536,1391.581,39.632,-39.412,-36.852,-49.225,-22.16,0.292,-2.579,10.303,141.721,0.004,636.111,31.195,31.498,1149.95,35.565,30.006,1.481,914.375,31.291,-37.875,-32.794,-72.169,-21.36,0.958,0.889,5.383,162.09,-0.007,-1.638,-1.674,2.861,5,0,0
180,1,180,850.413,33.628,33.865,1585.07,41.779,33.048,1.555,1398.456,39.825,-36.524,-36.286,-49.064,-20.084,0.232,-2.558,9.171,155.789,-0.001,635.364,31.119,31.428,1128.43,35.683,30.016,1.49,902.751,31.765,-38.194,-32.796,-72.58,-19.448,0.948,0.891,4.029,181.112,0.003,-1.658,-1.696,3.1,5,0,0
181,1,181,855.613,33.619,33.816,1557.322,42.048,33.001,1.544,1359.811,40.474,-37.933,-38.036,-48.444,-23.953,0.777,-2.402,11.048,129.9,-0.002,636.642,31.214,31.504,1148.7,35.652,29.986,1.479,910.771,31.268,-37.406,-32.431,-71.29,-24.521,1.052,1.058,5.531,153.307,0.003,-1.616,-1.676,3.004,5,0,0
182,1,182,856.057,33.537,33.694,1552.822,40.999,33.022,1.554,1390.144,39.815,-35.226,-36.413,-48.307,-22.599,0.571,-2.49,10.873,133.534,-0.001,639.09,31.207,31.465,1137.076,35.703,30.016,1.478,907.313,31.606,-38.194,-33.799,-72.647,-22.682,0.898,0.926,5.622,154.003,0.007,-1.631,-1.686,2.975,5,0,0
183,1,183,876.033,33.657,33.867,1578.446,41.973,33.007,1.533,1373.353,40.15,-36.854,-37.078,-48.275,-22.484,0.486,-2.331,10.573,135.434,0.001,653.476,31.174,31.479,1153.2,35.303,29.994,1.483,915.584,31.161,-37.726,-32.278,-72.706,-22.653,1.033,1.112,5.299,158.936,-0.001,-1.625,-1.689,2.998,5,0,0
184,1,184,881.168,33.527,33.717,1546.947,41.376,33.024,1.546,1378.415,40.164,-34.775,-36.712,-47.778,-19.878,0.591,-2.389,8.227,181.827,0.003,654.429,31.469,31.768,1215.885,35.731,29.994,1.472,938.249,30.41,-38.477,-31.776,-70.859,-19.615,1.007,1.054,2.479,229.381,-0.001,-1.62,-1.68,2.962,5,0,0
185,1,185,864.778,33.225,33.486,1449.514,41.858,33.026,1.576,1360.332,40.697,-31.172,-36.276,-46.529,-20.828,0.569,-2.339,10.415,142.168,0.001,649.251,31.256,31.584,1159.971,35.95,30.039,1.483,917.729,31.411,-40.144,-36.08,-73.933,-21.122,1.031,1.155,4.889,167.648,0.005,-1.627,-1.7,4.075,5,0,0
186,1,186,881.384,33.56,33.816,1557.78,42.03,33.019,1.547,1367.103,40.434,-35.894,-36.228,-47.667,-21.801,0.452,-2.458,10.017,148.77,-0.004,654.971,31.425,31.726,1199.511,35.89,30.02,1.476,932.583,30.777,-39.527,-32.086,-71.69,-21.714,0.915,1.026,4.624,166.976,0.004,-1.633,-1.689,2.975,5,0,0
187,1,187,883.638,33.806,34.04,1658.713,41.576,33.046,1.541,1420.059,39.223,-39.499,-37.29,-48.285,-22.604,0.736,-2.404,10.917,132.019,-0.001,662.294,31.28,31.578,1163.616,35.789,30.005,1.471,917.146,31.191,-38.729,-33.455,-71.007,-22.323,0.942,1.012,5.992,153.505,0.002,-1.626,-1.684,3.089,5,0,0
188,1,188,864.496,33.699,33.919,1603.111,41.829,33.016,1.536,1394.143,39.649,-36.736,-37.956,-48.457,-20.272,0.648,-2.385,9.839,148.779,0.005,646.294,31.301,31.592,1164.908,35.856,30.011,1.475,918.646,31.178,-38.423,-32.504,-71.897,-19.823,1.029,1.035,4.417,182.106,0.005,-1.633,-1.68,2.88,5,0,0
189,1,189,856.23,33.674,33.873,1587.633,41.789,33,1.549,1373.144,40.088,-39.362,-35.499,-49.071,-23.727,0.66,-2.503,10.35,140.355,0.006,636.902,31.288,31.582,1152.554,36.17,30.003,1.474,910.167,31.411,-39.99,-33.154,-71.341,-23.318,0.91,0.927,5.422,153.494,0.01,-1.666,-1.711,2.958,5,0,0
190,1,190,850.706,33.433,33.706,1525.323,41.856,33.001,1.555,1364.978,40.33,-33.228,-36.514,-46.431,-21.19,0.339,-2.413,9.938,147.235,-0.001,637.519,31.185,31.488,1150.221,35.472,30.007,1.488,914.209,31.3,-37.188,-34.364,-71.931,-20.69,1.078,1.04,4.729,148.641,-0.004,-1.596,-1.656,3.36,5,0,0
191,1,191,864.832,33.803,34.018,1675.254,40.954,33.025,1.552,1443.516,38.415,-38.433,-36.42,-48.052,-20.254,0.405,-2.513,9.439,150.324,0,644.745,31.359,31.633,1183.741,35.609,29.998,1.483,927.625,30.789,-37.813,-33.223,-71.497,-19.591,0.881,0.888,4.386,177.34,0.001,-1.623,-1.682,2.872,5,0,0
192,1,192,856.545,33.515,33.733,1523.24,42.173,33.043,1.532,1370.769,40.556,-34.657,-36.825,-47.106,-20.475,0.713,-2.463,10.181,145.565,0.001,641.658,31.317,31.646,1183.699,35.717,30.037,1.473,932.604,30.899,-38.022,-34.723,-72.241,-20.217,0.979,0.986,4.922,169.931,-0.008,-1.633,-1.677,3.497,5,0,0
193,1,193,870.942,33.481,33.687,1509.199,42.11,33.044,1.541,1353.187,41.067,-34.145,-36.337,-47.58,-19.855,0.634,-2.494,9.945,152.398,0.001,654.505,31.399,31.709,1193.323,35.934,29.999,1.468,927.625,30.791,-38.485,-33.791,-73.436,-19.552,0.884,0.916,4.371,175.879,-0.013,-1.637,-1.689,3.085,5,0,0
194,1,194,887.375,33.545,33.81,1569.425,41.67,33.006,1.549,1372.707,40.157,-35.078,-37.077,-47.233,-23.024,0.502,-2.408,10.856,135.928,0.004,657.105,31.225,31.541,1159.179,35.621,30.02,1.482,918.125,31.262,-38.371,-34.79,-71.377,-23.779,0.947,1.031,5.748,151.376,0.007,-1.604,-1.663,3.177,5,0,0
195,1,195,884.786,33.644,33.83,1564.759,41.982,33.019,1.538,1360.811,40.619,-36.292,-37.211,-48.34,-21.683,0.595,-2.371,10.723,141.958,0,662.966,31.389,31.688,1172.137,36.431,30.003,1.469,910.48,31.401,-38.989,-34.055,-71.744,-21.838,0.942,1.017,5.227,161.782,-0.004,-1.624,-1.67,2.712,5,0,0
196,1,196,881.753,33.686,33.912,1598.862,41.875,33.036,1.55,1381.894,40.169,-38.389,-36.625,-48.005,-21.719,0.771,-2.374,10.429,137.949,-0.004,652.924,31.278,31.589,1166.22,35.797,30.007,1.488,919.75,31.118,-38.656,-33.323,-73.457,-21.734,0.964,1.048,4.75,162.536,0,-1.64,-1.686,3.484,5,0,0
197,1,197,866.24,33.755,33.97,1626.569,41.711,33.003,1.538,1402.601,39.299,-39.205,-37.213,-49.031,-21.324,0.711,-2.489,10.232,142.452,0.002,644.073,31.176,31.478,1143.034,35.623,30.043,1.494,913.542,31.587,-39.558,-33.338,-71.565,-20.991,1.006,0.989,4.973,167.927,0.008,-1.654,-1.693,3.391,5,0,0
198,1,198,878.676,33.714,33.962,1633.527,41.46,33.01,1.532,1403.414,39.341,-37.177,-36.106,-48.37,-20.063,0.488,-2.482,9.514,155.785,-0.004,655.708,31.351,31.666,1177.657,36.072,30.011,1.467,919.854,31.136,-39.8,-33.176,-73.005,-19.45,0.871,0.962,4.457,184.078,0.001,-1.64,-1.692,3.311,5,0,0
199,1,199,857.747,33.638,33.903,1613.653,41.405,33.044,1.557,1412.518,39.401,-36.984,-36.666,-48.181,-23.703,0.787,-2.404,10.574,135.192,-0.007,639.404,31.257,31.54,1141.534,36.178,30.014,1.475,907.334,31.592,-38.489,-32.9,-72.675,-23.789,0.985,1.001,5.578,152.265,0.003,-1.616,-1.668,2.87,5,0,0
200,1,200,863.814,33.683,33.937,1624.048,41.462,33.043,1.547,1419.517,39.208,-36.257,-37.318,-46.908,-21.625,0.72,-2.344,10.496,135.739,-0.006,646.771,31.326,31.638,1169.387,36.097,30.019,1.473,920.667,31.167,-38.555,-34.948,-69.851,-21.758,0.997,1.014,5.402,166.239,0,-1.602,-1.66,2.785,5,0,0
201,1,201,882.067,33.645,33.839,1609.799,40.892,33.006,1.543,1392.852,39.596,-36.918,-35.777,-48.241,-19.873,0.475,-2.484,9.711,152.079,-0.003,653.769,31.358,31.646,1164.908,36.307,30.019,1.468,910.834,31.509,-38.71,-32.629,-71.967,-19.531,0.876,0.954,4.631,181.65,0.004,-1.641,-1.684,2.935,5,0,0
202,1,202,876.531,33.583,33.782,1558.467,41.687,33.028,1.54,1375.811,40.275,-35.464,-36.614,-47.748,-20.366,0.565,-2.467,10.631,140.689,-0.003,656.163,31.31,31.574,1156.888,35.963,30.006,1.468,910.98,31.407,-38.583,-34.241,-71.741,-19.95,0.903,0.973,5.547,152.587,0.007,-1.625,-1.687,2.834,5,0,0
203,1,203,870.801,33.64,33.9,1592.945,41.914,33.022,1.561,1383.081,40.011,-39.53,-36.319,-49.076,-23.997,0.637,-2.401,10.594,135.4,0,645.265,31.217,31.54,1158.596,35.629,30.002,1.496,920.646,31.047,-39.733,-32.128,-72.832,-24.254,0.956,1.012,5.169,152.412,0,-1.659,-1.704,2.881,5,0,0
204,1,204,873.076,33.7,33.919,1593.737,42.079,33.001,1.536,1379.519,39.919,-37.7,-37.819,-48.283,-22.408,0.708,-2.337,10.592,134.101,-0.001,655.729,31.207,31.535,1146.325,35.983,30.011,1.481,912.167,31.399,-38.199,-33.659,-71.261,-22.623,1.105,1.138,5.611,157.665,0,-1.615,-1.668,2.811,5,0,0
205,1,205,863.759,33.688,33.886,1580.8,42.102,33.006,1.544,1366.103,40.346,-37.398,-37.626,-48.178,-21.952,0.669,-2.413,10.386,139.925,-0.001,642.871,31.341,31.652,1180.72,35.854,29.991,1.48,925.312,30.813,-40.606,-32.108,-72.047,-21.971,0.981,0.995,5.031,159.973,0.008,-1.622,-1.676,2.564,5,0,0
206,1,206,884.808,33.733,33.941,1621.09,41.581,32.982,1.537,1391.227,39.423,-36.784,-38.074,-48.042,-20.61,0.463,-2.404,10.245,141.872,0.004,661.98,31.229,31.526,1166.929,35.255,30.028,1.487,925.937,31.06,-37.317,-33.542,-71.361,-20.305,1.031,1.094,4.972,174.497,0.002,-1.613,-1.678,2.706,5,0,0
207,1,207,856.263,33.7,33.967,1618.09,41.909,32.997,1.542,1397.477,39.382,-38.697,-38.21,-48.017,-19.941,0.603,-2.373,9.258,154.985,0.005,636.837,31.288,31.582,1164.616,35.791,30.049,1.486,922.354,31.329,-38.053,-35.005,-71.861,-19.344,1.108,1.084,4.34,181.499,0.006,-1.621,-1.658,2.833,5,0,0
208,1,208,841.097,33.592,33.81,1569.238,41.675,33.011,1.538,1392.873,39.636,-36.239,-36.583,-48.701,-20.14,0.422,-2.607,7.695,181.309,0.003,631.475,31.16,31.479,1173.449,34.679,29.997,1.487,935.312,30.525,-38.866,-31.652,-72.567,-19.517,0.969,0.868,2.67,226.253,0,-1.656,-1.692,3.001,5,0,0
209,1,209,852.298,33.71,33.99,1638.402,41.602,33.038,1.556,1421.705,39.102,-38.944,-36.987,-49.539,-20.193,0.725,-2.488,9.495,150.146,0,637.541,31.188,31.474,1145.242,35.518,30.047,1.502,915.625,31.546,-38.514,-32.946,-71.298,-19.481,0.968,0.963,4.34,178.983,-0.004,-1.652,-1.683,3.139,5,0,0
210,1,210,861.268,33.639,33.86,1559.634,42.408,33.004,1.544,1358.686,40.534,-37.187,-38.087,-48.352,-23.896,0.772,-2.376,10.825,131.703,0.002,645.774,31.188,31.494,1150.659,35.509,29.997,1.496,914.188,31.232,-37.92,-32.664,-71.504,-24.271,1.087,1.055,5.5,149.997,0.004,-1.619,-1.676,2.759,5,0,0
211,1,211,875.697,33.603,33.855,1585.237,41.683,32.998,1.549,1378.436,39.921,-36.832,-36.741,-47.555,-22.778,0.322,-2.495,10.425,141.509,0.003,646.857,31.265,31.556,1156.721,35.822,29.995,1.48,913.542,31.238,-38.34,-34.148,-71.009,-23.065,0.88,0.952,5.132,160.328,-0.002,-1.622,-1.681,2.699,5,0,0
221,1,221,889.3676667,33.90125,33.79725,1663.407083,36.29758333,32.96608333,1.6335,1513.502583,36.051,-33.01208333,-39.92566667,-48.70475,-19.73275,-0.38925,-1.515083333,10.48708333,145.8389167,0.0135,680.7936667,31.39525,31.61416667,1127.197417,30.9135,30.0115,1.594166667,974.6455,29.33058333,-35.31083333,-34.7545,-69.92316667,-19.367,1.626833333,2.094583333,4.684166667,194.1426667,-0.042333333,-1.709916667,-1.78825,6.660333333,15,761.835,36489.66667
222,1,222,897.2436667,33.86791667,33.89891667,1684.863417,36.69625,33.02408333,1.6135,1540.22025,35.9,-36.29375,-40.981,-48.96208333,-19.78975,-0.278916667,-1.394416667,10.23741667,143.70425,0.015166667,682.7846667,31.28025,31.6075,1112.490083,31.30683333,30.0185,1.5775,965.3525,29.68391667,-35.89516667,-35.38616667,-71.5895,-19.36466667,1.5375,2.087916667,4.8665,190.7203333,-0.045333333,-1.704916667,-1.806583333,4.715333333,15,728.5436667,23798
223,1,223,899.7603333,33.93858333,33.88825,1604.606083,38.52525,33.03575,1.592833333,1465.12825,37.89566667,-33.36041667,-42.55766667,-48.23541667,-19.67441667,-0.253583333,-1.525083333,10.72108333,148.32225,0.012166667,685.1563333,31.39958333,31.66116667,1108.472417,31.85283333,30.0135,1.5655,957.0895,29.92025,-35.95216667,-36.2125,-72.72316667,-19.52066667,1.5125,1.921583333,5.102166667,207.5163333,-0.044333333,-1.68925,-1.73525,4.847666667,15,761.0326667,24495.66667
224,1,224,895.847,34.03458333,34.07491667,1728.64575,37.26925,33.02075,1.613166667,1537.813917,35.93133333,-36.89208333,-41.672,-48.56675,-23.14341667,-0.430583333,-1.501083333,10.80741667,136.6039167,0.010166667,678.7816667,31.45425,31.6865,1130.156417,31.38383333,30.0215,1.574833333,971.0221667,29.51925,-35.18216667,-34.72483333,-70.85583333,-23.641,1.5855,1.999916667,5.379833333,170.5346667,-0.043666667,-1.676916667,-1.76825,4.112,15,712.417,29701
225,1,225,877.786,34.03758333,34.05625,1695.90575,37.84858333,33.03475,1.606833333,1517.547583,36.543,-35.32708333,-40.79433333,-48.94908333,-21.46208333,-0.169583333,-1.514083333,10.77541667,139.7189167,0.013833333,667.898,31.34758333,31.59383333,1112.137417,31.21316667,30.02116667,1.5745,965.3455,29.69958333,-35.80316667,-35.2875,-72.64683333,-20.896,1.4945,1.929583333,5.3385,177.922,-0.044666667,-1.712583333,-1.76925,4.363,15,722.084,28078
226,1,226,886.8233333,34.05758333,34.20058333,1826.072083,36.26358333,33.01075,1.622166667,1605.67325,34.28633333,-36.21008333,-40.31333333,-48.91541667,-21.84375,-0.099916667,-1.494083333,10.15908333,139.8515833,0.012833333,671.3826667,31.39825,31.65283333,1103.36975,31.95183333,30.0075,1.573166667,949.6631667,30.12591667,-36.92316667,-36.2715,-71.4815,-21.14033333,1.608833333,2.000583333,5.383166667,174.326,-0.040666667,-1.723583333,-1.77125,5.907,15,730.9316667,32293.66667
227,1,227,881.375,33.80925,33.81591667,1599.780083,37.97658333,33.00908333,1.615833333,1465.010583,37.663,-32.01941667,-38.546,-48.45108333,-23.37875,-0.106916667,-1.514416667,11.08275,136.88125,0.012166667,671.1823333,31.29125,31.5995,1118.568083,31.06016667,30.01283333,1.5895,969.1555,29.51791667,-36.29816667,-34.24216667,-70.87916667,-24.68,1.6055,2.074583333,5.403833333,164.424,-0.046333333,-1.71925,-1.820916667,5.568666667,15,784.4013333,47076.33333
228,1,228,898.253,34.12958333,34.10925,1724.29675,37.67458333,33.04008333,1.6065,1524.060917,36.43433333,-37.55341667,-41.17133333,-49.35175,-21.03141667,-0.160916667,-1.47175,10.32808333,144.1759167,0.012833333,679.8596667,31.48991667,31.7285,1129.75575,31.72583333,30.0155,1.5705,964.1008333,29.70125,-35.58583333,-33.6225,-69.62983333,-20.767,1.687833333,2.02725,5.1185,182.863,-0.042666667,-1.662916667,-1.75725,3.635333333,15,735.387,30439.66667
229,1,229,876.3066667,34.07791667,34.15091667,1695.55975,38.72625,33.04275,1.5985,1506.463583,36.89333333,-37.03141667,-40.299,-48.34108333,-20.14341667,-0.284916667,-1.570416667,10.19908333,150.59425,0.011166667,669.9723333,31.35891667,31.6135,1118.063083,31.1845,30.02616667,1.5805,970.7181667,29.56058333,-35.94083333,-34.74183333,-72.5785,-19.38133333,1.446833333,1.88425,4.873166667,206.031,-0.043333333,-1.701916667,-1.78125,5.348666667,15,712.6976667,40428.66667
230,1,230,880.1923333,33.82858333,33.88425,1635.175083,37.73425,33.02375,1.611166667,1488.92125,37.16733333,-34.25075,-41.695,-48.98908333,-21.19275,-0.11525,-1.410416667,10.87008333,135.94425,0.0125,670.3803333,31.29358333,31.62816667,1127.543083,31.00983333,30.0245,1.580166667,975.8901667,29.38325,-35.4145,-34.68883333,-72.59183333,-20.94033333,1.500166667,2.059583333,5.358166667,178.9256667,-0.044333333,-1.695583333,-1.772583333,5.191333333,15,733.3993333,26292
231,1,231,896.0126667,34.15325,34.12091667,1713.22675,38.03558333,33.00375,1.5915,1502.694917,36.64666667,-34.57308333,-40.299,-49.66741667,-20.66141667,-0.38825,-1.527416667,10.68741667,142.54325,0.0135,684.1883333,31.37058333,31.58816667,1116.887417,31.02216667,30.0045,1.574166667,964.6818333,29.60525,-35.30483333,-34.70783333,-69.90916667,-19.837,1.671833333,1.992916667,5.1405,187.4013333,-0.043666667,-1.67925,-1.787583333,4.262333333,15,725.7396667,22725.66667
232,1,232,886.8233333,34.04225,34.06225,1710.613083,37.56091667,33.01908333,1.614166667,1523.39725,36.26266667,-36.31275,-40.15166667,-48.96141667,-20.91841667,-0.18425,-1.50875,10.68475,140.38825,0.0135,676.2163333,31.40925,31.6315,1122.21175,31.1975,30.01216667,1.5815,968.7265,29.52525,-35.76316667,-33.72116667,-70.3745,-20.34666667,1.655166667,2.018916667,5.140833333,186.359,-0.044,-1.697916667,-1.785916667,5.924666667,15,714.8143333,35391.33333
233,1,233,887.1206667,34.02391667,34.09125,1706.139083,37.92725,33.03775,1.605833333,1526.273583,36.357,-36.99608333,-40.11533333,-48.67041667,-20.15675,-0.210583333,-1.501416667,9.958416667,155.1839167,0.012833333,675.9116667,31.35125,31.5805,1128.44175,30.61683333,30.0185,1.585166667,979.4858333,29.22758333,-36.0155,-34.3945,-71.72916667,-19.35966667,1.411833333,1.897583333,4.320166667,215.4056667,-0.043666667,-1.716583333,-1.770916667,5.039333333,15,737.3906667,32517.33333
234,1,234,884.8183333,33.91858333,33.94925,1635.62475,38.31258333,33.00575,1.619166667,1478.279917,37.289,-33.67341667,-39.939,-48.54008333,-22.89708333,-0.16325,-1.525416667,11.10008333,135.0959167,0.0145,675.497,31.37658333,31.6175,1129.285083,30.87583333,30.02016667,1.595166667,978.1721667,29.27891667,-35.4335,-34.1775,-70.96483333,-23.29666667,1.560166667,2.017583333,5.630833333,167.7433333,-0.045,-1.67725,-1.774916667,6.037666667,15,723.6586667,42427.33333
235,1,235,879.8676667,34.01458333,33.99325,1661.561417,38.08791667,33.03008333,1.6105,1490.172583,37.19433333,-35.82375,-41.55233333,-48.49175,-21.12175,-0.24825,-1.573083333,10.98241667,136.34325,0.011166667,676.057,31.36691667,31.5925,1115.09675,31.1125,30.0235,1.588833333,969.3145,29.58958333,-35.87083333,-34.61116667,-72.4815,-21.12833333,1.4825,1.849916667,5.563166667,175.8706667,-0.043333333,-1.669916667,-1.74825,4.006666667,15,721.711,28036
236,1,236,881.6306667,34.05325,34.04391667,1664.721083,38.47658333,33.03108333,1.6005,1484.011917,37.362,-36.35708333,-41.40733333,-48.78908333,-20.06675,0.086083333,-1.41575,10.14575,148.96425,0.013166667,672.683,31.40025,31.64883333,1122.70975,31.3175,30.00483333,1.576166667,965.0068333,29.59558333,-34.7525,-33.4135,-68.8745,-19.85366667,1.892833333,2.176583333,4.721166667,186.5046667,-0.044666667,-1.690916667,-1.765916667,4.013,15,779.3323333,37218.33333
237,1,237,890.8683333,34.11425,34.13558333,1726.343417,37.86725,33.03241667,1.609166667,1527.967917,36.27,-35.68841667,-41.36566667,-48.28975,-24.72108333,-0.23525,-1.565416667,11.08641667,131.7759167,0.012833333,681.9,31.36591667,31.60016667,1136.331417,30.53383333,30.00183333,1.5895,981.7051667,29.04091667,-35.9885,-35.30216667,-72.25383333,-26.083,1.468166667,1.908916667,5.8885,157.8216667,-0.042333333,-1.69825,-1.757916667,4.849666667,15,786.5136667,36835.33333
238,1,238,887.1346667,34.01025,33.97591667,1722.139083,36.53725,32.99575,1.6245,1542.031917,35.61866667,-35.47141667,-39.714,-49.91041667,-22.31808333,-0.40725,-1.555416667,11.10241667,132.65925,0.0125,680.1436667,31.47458333,31.6755,1127.79175,31.36883333,30.0185,1.579166667,970.1581667,29.52525,-35.52216667,-34.0585,-70.3675,-22.04233333,1.581166667,2.054916667,5.8035,172.9836667,-0.041333333,-1.719583333,-1.754583333,3.973666667,15,786.2396667,83203
239,1,239,891.325,33.89425,33.83691667,1655.91875,36.81625,33.00141667,1.618833333,1510.224917,36.438,-34.41975,-42.19,-48.06475,-20.17475,0.015416667,-1.356416667,10.54775,141.7945833,0.010166667,679.1963333,31.29825,31.6085,1100.652417,31.6835,30.02283333,1.5775,956.3081667,30.01025,-36.18283333,-37.0085,-72.43783333,-20.134,1.529833333,2.170583333,5.043833333,183.943,-0.045333333,-1.698583333,-1.767583333,5.497,15,784.833,27663
240,1,240,872.6556667,33.94591667,34.01591667,1671.79475,38.05125,33.00475,1.6195,1492.620583,36.90833333,-36.64608333,-39.45033333,-49.61608333,-24.28408333,-0.204583333,-1.528416667,11.07941667,132.8165833,0.009166667,661.329,31.33125,31.5615,1101.067417,31.30316667,30.01483333,1.5915,956.8888333,29.93591667,-35.68883333,-33.94216667,-69.52116667,-25.05566667,1.8145,2.083916667,5.8315,159.132,-0.042666667,-1.665583333,-1.756916667,4.143,15,777.0646667,26239.66667
241,1,241,892.998,34.01425,33.99525,1696.97075,37.27691667,33.02675,1.614166667,1519.538583,36.42933333,-35.66575,-40.237,-49.46941667,-23.29775,-0.114916667,-1.437083333,11.15141667,133.2139167,0.013166667,677.6196667,31.47091667,31.70983333,1139.85075,31.2735,30.0175,1.5755,976.2981667,29.31925,-36.1515,-34.2975,-70.18716667,-23.87,1.658833333,2.10925,5.6315,170.4656667,-0.044666667,-1.721583333,-1.782583333,5.176,15,764.078,26235.33333
242,1,242,888.718,34.10625,34.03391667,1740.753417,36.62991667,33.01375,1.6205,1543.137917,35.74233333,-37.33941667,-40.742,-49.39441667,-22.68141667,-0.11325,-1.429083333,10.71941667,138.28825,0.011166667,678.2833333,31.31991667,31.53516667,1107.235083,30.90716667,30.00416667,1.591833333,963.9141667,29.62691667,-35.61016667,-34.1225,-71.13283333,-22.67,1.567166667,2.08025,5.2095,171.8556667,-0.044,-1.70025,-1.759916667,3.219,15,708.3516667,25762.33333
243,1,243,896.3446667,34.16525,34.18525,1828.319083,36.08358333,33.00608333,1.622833333,1602.554917,34.31966667,-36.49741667,-42.098,-51.18241667,-20.61808333,0.07875,-1.482416667,10.26541667,142.36325,0.009166667,681.3326667,31.39791667,31.61116667,1106.045417,31.53516667,30.01083333,1.581166667,956.1075,29.93491667,-36.66783333,-33.47916667,-69.0275,-19.618,1.741833333,2.007583333,5.159166667,192.667,-0.042,-1.686583333,-1.77225,5.232666667,15,707.2296667,28353.33333
244,1,244,875.4973333,33.94125,34.09191667,1714.98275,37.73025,33.01741667,1.614833333,1527.69125,36.14733333,-36.85808333,-40.817,-49.62308333,-23.46575,-0.374583333,-1.535416667,10.30975,137.6645833,0.0115,660.4576667,31.11591667,31.4395,1092.11275,30.63816667,30.00583333,1.597166667,963.5958333,29.64958333,-35.50316667,-34.2755,-71.48216667,-23.73366667,1.5085,1.937916667,5.400166667,168.0033333,-0.045666667,-1.701583333,-1.758916667,3.581333333,15,697.874,25852
245,1,245,888.8426667,33.88458333,33.89591667,1623.00575,38.13558333,33.00708333,1.6175,1470.611583,37.49733333,-32.70975,-39.55166667,-48.86308333,-23.26775,-0.330916667,-1.528083333,10.97808333,137.1025833,0.0135,679.4103333,31.40491667,31.6355,1121.859417,31.23816667,30.00983333,1.586833333,966.4518333,29.58558333,-36.24316667,-34.60216667,-71.10616667,-23.871,1.507833333,2.012583333,5.488166667,168.903,-0.042,-1.701583333,-1.768916667,5.313,15,769.585,33245
246,1,246,878.6156667,33.88758333,33.88958333,1646.909417,37.50025,33.00408333,1.6215,1499.618583,36.72666667,-33.59008333,-39.10233333,-48.28341667,-21.23941667,-0.319916667,-1.49375,10.58741667,141.8609167,0.012166667,672.5583333,31.34958333,31.6215,1118.74775,31.22416667,30.01883333,1.5885,969.0101667,29.56725,-36.03216667,-34.84016667,-72.2805,-21.36766667,1.302166667,2.006583333,5.025166667,180.5476667,-0.045,-1.739916667,-1.79925,4.977666667,15,755.728,29724.33333
247,1,247,892.6523333,34.07991667,33.99258333,1720.11375,36.72758333,33.01841667,1.615833333,1528.838917,36.128,-36.57875,-41.008,-49.71675,-22.77941667,-0.260916667,-1.528416667,10.63375,138.3595833,0.012833333,678.7123333,31.30558333,31.4225,1116.54875,29.77583333,30.02383333,1.596166667,966.5765,29.67691667,-33.7415,-32.92516667,-69.92883333,-23.04,1.656833333,2.06625,5.1575,172.6466667,-0.037333333,-1.701583333,-1.774916667,3.731,15,786.411,41551.66667
248,1,248,894.478,33.94858333,33.94291667,1645.450083,38.01825,33.02708333,1.610166667,1484.779583,37.30833333,-34.28275,-40.217,-48.52608333,-19.49375,-0.361916667,-1.499416667,10.41875,146.50525,0.013166667,678.2003333,31.39958333,31.6285,1105.036083,31.7045,30.01716667,1.5755,953.6598333,30.05991667,-36.80183333,-35.34716667,-71.47583333,-18.59066667,1.589166667,2.038916667,4.8605,191.9033333,-0.045666667,-1.70125,-1.794583333,4.697333333,15,788.9013333,34645
249,1,249,884.9223333,34.05025,34.12091667,1742.17775,37.37325,33.03141667,1.6025,1548.738917,35.761,-36.13975,-39.86433333,-48.82541667,-20.14141667,-0.217583333,-1.557083333,10.03541667,151.8055833,0.0135,678.4146667,31.29725,31.52716667,1103.971083,30.94683333,30.01183333,1.576166667,963.7481667,29.68725,-35.61316667,-35.71583333,-71.5515,-19.256,1.542166667,1.93825,4.791166667,201.031,-0.042,-1.698583333,-1.774916667,6.377333333,15,832.445,32936.66667
250,1,250,904.9256667,34.17125,34.20191667,1788.429083,37.07591667,33.04508333,1.6065,1569.938917,35.379,-37.38641667,-42.478,-49.28675,-20.06208333,-0.144583333,-1.540083333,9.451083333,163.37325,0.013166667,687.943,31.33725,31.5385,1120.372417,30.53683333,30.01183333,1.584833333,973.1311667,29.38325,-35.33583333,-34.02816667,-71.5835,-18.89366667,1.540166667,1.893583333,3.945833333,220.62,-0.039666667,-1.702916667,-1.77725,4.601,15,769.915,31408
