Header Section,,,,,,,,,,,,,,,,,,,,,,,,,,,,,,,,,,,,,,,,,,,,
Product,VC5282,,,,,,,,,,,,,,,,,,,,,,,,,,,,,,,,,,,,,,,,,,,
Test Plan,Rev(A),,,,,,,,,,,,,,,,,,,,,,,,,,,,,,,,,,,,,,,,,,,
Release Date,2013/3/4,,,,,,,,,,,,,,,,,,,,,,,,,,,,,,,,,,,,,,,,,,,
Comment,1~40 was generated in JCET,,,,,,,,,,,,,,,,,,,,,,,,,,,,,,,,,,,,,,,,,,,
,,,,,,,,,,,,,,,,,,,,,,,,,,,,,,,,,,,,,,,,,,,,
Data Section,,,,,,,,,,,,,,,,,,,,,,,,,,,,,,,,,,,,,,,,,,,,
Device#,1,2,3,4,5,6,7,8,9,10,11,12,13,14,15,16,17,18,19,20,21,22,23,24,25,26,27,28,29,30,31,32,33,34,35,36,37,38,39,40,41,42,43,44
Test Item,Site No,Device ID,GSM915 Idle Current,GSM915 Max Pout @ 0dBm Drive,GSM915 Max Pout,GSM915 Max Icc,GSM915 Max PAE,GSM915 Rated Pout,GSM915 Rated Vramp,GSM915 Rated Icc,GSM915 Rated PAE,GSM915 2nd har@33dBm,GSM915 3rd har@33dBm,GSM915 Fwd Isolation 1,GSM915 Fwd Isolation 2,GSM915 Pout Leakage@RX0,GSM915 Pout Leakage@RX1,GSM915 CMOS Pout,GSM915 Pout Slope,GSM915 Stress Delta,DCS1785 Idle Current,DCS1785 Max Pout @ 0dBm Drive,DCS1785 Max Pout,DCS1785 Max Icc,DCS1785 Max PAE,DCS1785 Rated Pout,DCS1785 Rated Vramp,DCS1785 Rated Icc,DCS1785 Rated PAE,DCS1785 2nd har@33dBm,DCS1785 3rd har@33dBm,DCS1785 Fwd Isolation 1,DCS1785 Fwd Isolation 2,DCS1785 Pout Leakage@RX0,DCS1785 Pout Leakage@RX1,DCS1785 CMOS Pout,DCS1785 Pout Slope,DCS1785 Stress Delta,Insertion Loss Rx0 960MHz,Insertion Loss Rx1 1805MHz,Leakage Current,Leakage Current Delay Time,Test Time,Index Time
Low Tolerance,,,60,0.3,0.3,60,,,,60,,2,2,3,2,3,3,1,,,60,0.3,0.3,60,,,,60,,3,3,3,2,3,3,1,,,0.3,0.3,5,,,
High Tolerance,,,60,0.3,0.3,60,,,,60,,2,2,3,2,3,3,1,,,60,0.3,0.3,60,,,,60,,3,3,3,2,3,3,1,,,0.3,0.3,10,,,
Enable,,,1,1,1,1,0,0,0,1,0,1,1,1,1,1,1,1,0,0,1,1,1,1,0,0,0,1,0,1,1,1,1,1,1,1,0,0,1,1,1,0,0,0
1,1,1,856.279,33.75533333,33.95233333,1631.656,39.50366667,32.984,1.593666667,1480.268,37.779,-43.15033333,-36.51266667,-55.60933333,-29.617,0.138333333,-4.334666667,10.599,130.0553333,-0.046,1019.728667,31.61533333,31.72466667,1208.399333,33.611,30.00866667,1.487666667,952.2456667,30.341,-44.015,-37.21866667,-71.75666667,-24.899,0.200333333,-1.718,4.905666667,157.7113333,-0.032666667,-1.609333333,-1.517666667,0.074666667,5,377.971,139582
4,1,4,852.7463333,33.79566667,33.946,1624.235333,39.62966667,32.98566667,1.592333333,1474.856667,37.92966667,-42.16133333,-36.02333333,-55.695,-29.76433333,0.529,-4.210333333,10.48833333,130.7113333,-0.039333333,1016.383667,31.67733333,31.774,1221.616333,33.61733333,30.025,1.491333333,956.1826667,30.331,-41.96333333,-37.16866667,-73.057,-25.28466667,0.229,-1.719666667,4.364666667,160.6893333,-0.027666667,-1.570666667,-1.529,0.074333333,5,369.4983333,1559.666667
6,1,6,853.6896667,33.734,33.88266667,1602.190333,39.59766667,32.97366667,1.599,1462.462333,38.139,-42.36933333,-36.539,-55.90733333,-32.39466667,0.399666667,-4.32,10.56566667,133.4663333,-0.028333333,1013.85,31.60533333,31.71,1211.456333,33.41266667,29.99033333,1.486,951.2803333,30.245,-42.12333333,-36.55633333,-68.612,-27.35966667,0.276333333,-1.762333333,4.841666667,160.0853333,-0.028666667,-1.544666667,-1.528,0.074666667,5,364.801,723.1333333
8,1,8,856.889,33.73333333,33.94633333,1627.985,39.53966667,32.98666667,1.588333333,1482.591667,37.74266667,-42.224,-35.87766667,-55.54166667,-27.97033333,0.363333333,-4.22,10.706,128.4633333,-0.048333333,1023.355,31.75333333,31.85266667,1236.768333,33.80433333,30.02933333,1.477333333,963.8876667,30.11533333,-41.358,-35.139,-71.165,-23.25733333,0.277333333,-1.712,5.199666667,156.9093333,-0.031666667,-1.554333333,-1.528666667,0.075,5,375.8866667,1503.333333
9,1,9,858.887,33.79566667,33.96833333,1647.612667,39.26866667,33.01033333,1.597666667,1496.721667,37.59533333,-42.58033333,-36.33233333,-55.52866667,-27.66633333,0.293,-4.319666667,10.14266667,133.9116667,-0.052333333,1018.190667,31.71466667,31.81033333,1221.848333,33.89633333,30.009,1.481,951.7856667,30.35766667,-43.87166667,-35.66833333,-72.57066667,-23.164,0.189666667,-1.757,4.582,162.978,-0.036,-1.556666667,-1.525666667,0.075333333,5,374.7633333,1424
10,1,10,865.3236667,33.79333333,33.922,1596.775333,40.09333333,33.01633333,1.573,1461.744333,38.533,-42.205,-36.14833333,-55.74533333,-26.96133333,0.32,-4.201666667,10.809,129.9156667,-0.037,1036.856667,31.71,31.81166667,1232.487,33.608,30.00566667,1.476,956.1373333,30.196,-41.105,-36.049,-74.468,-22.527,0.227333333,-1.709333333,4.984,160.7133333,-0.036333333,-1.574,-1.536,0.075,5,379.0033333,1722
11,1,11,864.8336667,33.72633333,33.94,1604.585,40.065,32.99166667,1.588666667,1457.807667,38.41933333,-42.41966667,-36.36933333,-55.89733333,-31.238,0.331,-4.255666667,10.577,134.967,-0.059333333,1020.376333,31.61866667,31.721,1215.221,33.39133333,30.011,1.482333333,949.8543333,30.43466667,-44.10433333,-36.76966667,-71.22633333,-26.48166667,0.185666667,-1.695666667,4.555,160.2133333,-0.035666667,-1.565666667,-1.526333333,0.075,5,363.8623333,1415.666667
12,1,12,863.026,33.71466667,33.836,1582.518,39.66566667,33.002,1.615666667,1460.655333,38.43533333,-41.878,-35.94366667,-55.43733333,-26.50833333,0.501666667,-4.247,10.27433333,136.3116667,-0.035333333,1022.580333,31.653,31.75533333,1207.093,33.887,30.005,1.482,944.8816667,30.55433333,-43.28766667,-35.29033333,-74.81633333,-22.03733333,0.164666667,-1.742,4.952333333,162.7093333,-0.029333333,-1.579333333,-1.538333333,0.075,5,379.166,1685.333333
13,1,13,862.9553333,33.738,33.92133333,1614.378333,39.647,32.983,1.594,1466.242,38.12333333,-42.258,-36.177,-55.70733333,-26.798,0.262,-4.354333333,10.40633333,133.0196667,-0.044666667,1023.242667,31.60966667,31.70733333,1201.988667,33.66133333,30.007,1.487,942.3593333,30.64933333,-47.41266667,-36.82966667,-72.72933333,-22.16833333,0.159,-1.814333333,4.543666667,163.533,-0.029666667,-1.569,-1.534333333,0.075,5,386.9553333,1400.666667
14,1,14,868.5533333,33.76933333,33.93066667,1630.316,39.343,33.024,1.608,1492.605667,37.81766667,-42.02866667,-35.20633333,-55.55466667,-29.73566667,0.460333333,-4.24,10.667,130.965,-0.05,1021.461667,31.67333333,31.769,1223.072,33.54033333,30.00466667,1.479333333,953.709,30.268,-43.689,-35.761,-74.20733333,-24.73633333,0.172333333,-1.757,5.084,158.147,-0.029666667,-1.567666667,-1.539,0.074,5,378.8406667,1470.333333
15,1,15,859.9573333,33.71333333,33.829,1578.577333,39.698,32.96066667,1.588666667,1452.643333,38.278,-40.64833333,-36.16566667,-55.12533333,-29.214,0.362666667,-4.331,11.00266667,126.1683333,-0.044,1021.805667,31.68466667,31.784,1221.436667,33.702,30.02866667,1.477333333,953.447,30.44266667,-44.69933333,-36.13333333,-70.56533333,-24.01966667,0.205666667,-1.731666667,5.146,160.636,-0.029666667,-1.563666667,-1.533666667,0.075,5,350.3516667,1389.666667
16,1,16,857.4803333,33.72666667,33.88466667,1586.641667,40.00333333,33.00666667,1.580666667,1454.604333,38.63533333,-40.50333333,-35.87233333,-55.82066667,-30.93233333,0.262333333,-4.283333333,10.70466667,131.6566667,-0.044666667,1030.117,31.74833333,31.83966667,1226.889,33.98033333,30.009,1.471,949.2256667,30.441,-41.91866667,-36.353,-74.781,-26.00633333,0.119666667,-1.735666667,4.679666667,160.124,-0.030333333,-1.578333333,-1.540333333,0.074666667,5,381.2326667,1498.666667
17,1,17,861.1736667,33.773,33.93,1613.465333,39.75066667,33.007,1.592666667,1467.814,38.294,-43.05166667,-36.05533333,-55.63866667,-28.42933333,0.339666667,-4.368,10.10033333,138.199,-0.039,1022.385667,31.72033333,31.81666667,1233.939,33.60366667,30.00166667,1.479,956.8636667,30.144,-40.65133333,-35.35,-71.13833333,-23.545,0.155,-1.786666667,4.200333333,168.5353333,-0.027333333,-1.572,-1.541,0.075,5,359.602,1381.333333
18,1,18,866.2556667,33.75333333,33.91266667,1601.554,39.88766667,33.00566667,1.587666667,1459.424333,38.50266667,-40.82566667,-35.93166667,-55.43366667,-28.19366667,0.254333333,-4.267,10.52433333,131.7563333,-0.045333333,1027.333,31.65233333,31.75366667,1204.945,33.935,30.03033333,1.483,943.085,30.79433333,-43.59033333,-36.35766667,-72.424,-23.47833333,0.171333333,-1.689666667,4.634666667,163.183,-0.029,-1.574666667,-1.533333333,0.074333333,5,380.7896667,1509
19,1,19,856.4286667,33.71266667,33.89,1620.684,39.21233333,32.989,1.611666667,1488.496667,37.615,-41.87133333,-35.733,-55.55133333,-30.617,0.376666667,-4.329333333,10.455,131.37,-0.043333333,1016.267667,31.66533333,31.76633333,1222.660333,33.531,30.006,1.487,961.8703333,30.01633333,-42.43,-35.868,-70.556,-25.59,0.236,-1.712666667,4.836,158.3883333,-0.040333333,-1.575666667,-1.543333333,0.074666667,5,349.87,1388
20,1,20,863.9693333,33.75333333,33.931,1607.994667,39.89533333,32.98,1.587666667,1460.423333,38.24633333,-42.56933333,-35.753,-55.61433333,-26.98833333,0.154,-4.3,10.92533333,128.8146667,-0.047666667,1020.586,31.635,31.742,1216.257667,33.52166667,29.99966667,1.484666667,957.9673333,30.09666667,-44.84466667,-37.20166667,-73.44966667,-22.33633333,0.175333333,-1.723333333,5.066,160.2713333,-0.042,-1.580666667,-1.541666667,0.074333333,5,379.4923333,1498.333333
21,1,21,857.02,33.73066667,33.907,1612.735667,39.55633333,32.98,1.598,1470.957333,37.97966667,-42.17533333,-35.72266667,-55.73566667,-26.357,0.244333333,-4.311333333,10.30533333,136.847,-0.044333333,1015.290667,31.57733333,31.67966667,1208.021333,33.276,30.03066667,1.491333333,960.1643333,30.24066667,-46.67433333,-38.91933333,-71.98233333,-22.047,0.228,-1.668333333,4.906,163.1403333,-0.033666667,-1.569,-1.540333333,0.074666667,5,345.1106667,1400.666667
22,1,22,874.9636667,33.773,33.928,1618.180667,39.616,32.98766667,1.586333333,1472.495333,38.00466667,-41.96266667,-35.97333333,-55.75133333,-28.88166667,0.227,-4.266,10.82633333,128.0276667,-0.044333333,1022.958333,31.662,31.75833333,1223.296333,33.44866667,29.987,1.479,955.408,30.09066667,-44.31833333,-36.28866667,-74.46166667,-23.95733333,0.165666667,-1.730666667,5.240666667,156.6796667,-0.03,-1.585,-1.546333333,0.074333333,5,363.813,1491.666667
23,1,23,870.7686667,33.69733333,33.84433333,1570.213667,40.05033333,32.982,1.593,1438.932333,38.827,-39.396,-36.14033333,-55.69133333,-28.01,0.216666667,-4.305333333,11.05766667,127.2206667,-0.047,1023.197667,31.54766667,31.65533333,1193.662667,33.49733333,30.01566667,1.486666667,946.3446667,30.581,-46.66933333,-39.084,-70.699,-23.46166667,0.231666667,-1.652333333,5.457,153.9946667,-0.035333333,-1.580666667,-1.537666667,0.075,5,348.7183333,1459.333333
24,1,24,862.693,33.685,33.862,1596.659333,39.548,33.00166667,1.627333333,1471.267667,38.15833333,-42.11666667,-35.56633333,-55.59666667,-33.35633333,0.192333333,-4.314333333,10.65366667,131.7753333,-0.048,1010.972,31.61033333,31.70133333,1209.263333,33.40633333,29.99066667,1.492,954.5846667,30.142,-42.558,-35.748,-72.05933333,-27.888,0.195333333,-1.748666667,4.83,157.2633333,-0.034,-1.580666667,-1.539333333,0.074333333,5,357.4793333,1499.666667
25,1,25,864.0066667,33.72033333,33.91,1621.174333,39.37533333,32.991,1.606666667,1482.292333,37.78733333,-41.83833333,-35.62366667,-55.506,-31.83033333,0.345333333,-4.363,10.308,134.9033333,-0.057333333,1015.972,31.572,31.67833333,1219.446,32.94733333,30.00333333,1.490666667,959.0863333,30.085,-46.59566667,-36.274,-69.65433333,-26.84533333,0.173,-1.756,4.349666667,164.5646667,-0.033333333,-1.575666667,-1.541,0.074333333,5,366.4056667,1422.333333
26,1,26,878.5633333,33.732,33.902,1594.616,39.96233333,32.99766667,1.583666667,1452.048333,38.62333333,-40.36533333,-35.88433333,-55.51966667,-26.59033333,0.252,-4.327333333,10.57733333,133.373,-0.048333333,1032.721333,31.57733333,31.68133333,1198.269,33.56166667,30.00533333,1.483,937.9283333,30.787,-43.49733333,-37.00966667,-72.99066667,-22.49066667,0.176333333,-1.768,4.799666667,164.0116667,-0.026,-1.574,-1.540666667,0.074666667,5,380.454,1471.333333
27,1,27,860.429,33.842,34.00466667,1681.014333,38.80366667,33.01866667,1.596333333,1523.878667,37.00966667,-41.10833333,-35.784,-55.45033333,-29.7,0.374,-4.290333333,10.625,128.6333333,-0.035,1024.118333,31.73166667,31.82833333,1228.486667,33.849,30.02333333,1.479666667,957.7096667,30.27,-42.85133333,-36.092,-72.869,-24.83833333,0.221,-1.669333333,5.241,157.765,-0.028333333,-1.571666667,-1.536666667,0.074666667,5,362.1293333,1414.666667
28,1,28,857.338,33.69066667,33.84433333,1582.274333,39.746,33.01333333,1.612333333,1457.261333,38.626,-40.19966667,-35.92266667,-55.48333333,-27.67066667,0.279666667,-4.259,10.81633333,129.9203333,-0.037333333,1015.496667,31.62733333,31.72133333,1202.804667,33.74666667,30.01966667,1.481666667,944.5556667,30.67033333,-43.494,-38.027,-73.732,-23.06733333,0.169,-1.697,4.864,160.2473333,-0.030666667,-1.566,-1.537,0.075,5,369.0516667,1486
29,1,29,866.989,33.77166667,33.95133333,1635.970333,39.39466667,32.98666667,1.594666667,1484.159333,37.70566667,-42.16666667,-35.68966667,-55.38566667,-27.048,0.404,-4.291,10.58066667,131.264,-0.042,1019.291,31.67166667,31.77333333,1217.773333,33.72033333,30.014,1.480333333,949.5663333,30.46566667,-43.50866667,-35.997,-71.276,-22.43766667,0.161666667,-1.732,5.141,157.5253333,-0.034,-1.573,-1.538,0.074,5,362.8306667,1400.333333
30,1,30,861.892,33.70033333,33.863,1592.3,39.664,32.98333333,1.594333333,1455.685667,38.40033333,-40.65266667,-35.58733333,-55.55266667,-29.57533333,0.228333333,-4.306,10.81633333,129.4336667,-0.045666667,1019.912333,31.67333333,31.77333333,1224.554,33.52966667,29.98966667,1.478666667,952.8446667,30.19066667,-44.33033333,-36.67033333,-70.98466667,-24.914,0.130666667,-1.751666667,4.884,159.2883333,-0.038,-1.566333333,-1.543666667,0.074333333,5,358.121,1474
31,1,31,868.4446667,33.75466667,33.904,1602.972667,39.77,32.97733333,1.588,1460.823667,38.21333333,-43.043,-36.41566667,-55.50066667,-28.593,0.228333333,-4.320333333,10.574,131.6486667,-0.047333333,1020.309,31.70333333,31.81133333,1223.042,33.86966667,30.01166667,1.486333333,955.3406667,30.264,-42.39733333,-35.28933333,-70.98866667,-23.94333333,0.205333333,-1.712,4.423666667,163.3373333,-0.035333333,-1.573,-1.537333333,0.074666667,5,362.547,1407.333333
32,1,32,863.9353333,33.83566667,34.003,1649.479667,39.53533333,33.00666667,1.588333333,1490.128333,37.72966667,-42.95966667,-36.91333333,-56.07666667,-28.30233333,0.265,-4.253666667,10.25066667,138.011,-0.044,1022.411667,31.63766667,31.747,1217.533333,33.52566667,30.01966667,1.484666667,952.9083333,30.398,-43.77066667,-36.655,-73.42733333,-23.52966667,0.233333333,-1.667,4.765666667,163.374,-0.038666667,-1.582,-1.54,0.075,5,364.6683333,1489.333333
33,1,33,858.7603333,33.82333333,33.97333333,1645.805,39.35466667,32.998,1.585666667,1493.765667,37.56366667,-42.96433333,-36.39866667,-55.313,-28.315,0.286666667,-4.271666667,10.66366667,133.0326667,-0.047333333,1022.082667,31.713,31.80566667,1228.184,33.68166667,29.999,1.479333333,953.3723333,30.23833333,-42.45466667,-35.28733333,-72.88233333,-23.53,0.158666667,-1.683666667,4.567,164.303,-0.034666667,-1.567666667,-1.532,0.075,5,392.1496667,1426
34,1,34,865.5033333,33.80366667,33.92666667,1600.027333,40.054,33.02666667,1.575666667,1462.009667,38.619,-41.68033333,-35.85566667,-55.53733333,-31.18633333,0.229,-4.213666667,10.93566667,130.8143333,-0.042333333,1032.657667,31.63133333,31.73266667,1207.935,33.686,30.02633333,1.471,936.8356667,30.97166667,-43.122,-37.58,-74.551,-26.24133333,0.173,-1.704,5.092666667,158.612,-0.035,-1.579333333,-1.535666667,0.075,5,365.9803333,1465.333333
35,1,35,857.7236667,33.74166667,33.87666667,1607.058667,39.42333333,32.99366667,1.588333333,1473.434333,38.03566667,-41.611,-36.508,-55.38233333,-25.56166667,0.339333333,-4.302666667,10.871,131.6663333,-0.037333333,1028.324333,31.68433333,31.782,1225.238667,33.578,30.015,1.479333333,960.86,30.11166667,-43.04033333,-36.63966667,-70.163,-20.99366667,0.239,-1.684333333,5.426333333,161.2426667,-0.031,-1.575,-1.535333333,0.075,5,366.6113333,1434
36,1,36,865.2976667,33.68766667,33.839,1569.491667,40.02333333,33.01766667,1.610666667,1452.609667,38.78566667,-39.974,-35.554,-55.47033333,-31.85366667,0.448333333,-4.243,10.811,130.2696667,-0.042666667,1019.253667,31.61933333,31.71833333,1213.814,33.40866667,30.011,1.486666667,952.2346667,30.35933333,-43.11666667,-36.953,-72.41266667,-26.83566667,0.175333333,-1.663333333,4.422,164.2076667,-0.034666667,-1.58,-1.550333333,0.075,5,366.2543333,1480.333333
37,1,37,855.0816667,33.72033333,33.89733333,1603.807,39.691,32.96466667,1.587,1462.859333,38.05,-41.70033333,-35.932,-55.47633333,-27.412,0.091,-4.343666667,10.41833333,134.0566667,-0.045333333,1023.688333,31.65966667,31.75466667,1217.133333,33.59466667,30.00733333,1.487,951.3476667,30.35966667,-43.28066667,-36.19766667,-72.76166667,-22.92266667,0.195666667,-1.692666667,4.657,163.1643333,-0.032,-1.576333333,-1.542,0.075,5,349.6376667,1430
38,1,38,863.9206667,33.79866667,33.94233333,1611.549667,39.91333333,32.99566667,1.585,1463.783667,38.296,-42.659,-36.10166667,-55.50933333,-30.65333333,0.315,-4.297333333,10.65866667,131.2466667,-0.041,1027.703,31.668,31.76633333,1225.373333,33.45466667,30.01333333,1.481333333,952.9266667,30.35233333,-41.28133333,-35.866,-73.391,-25.48333333,0.153333333,-1.703666667,4.757,160.1973333,-0.034333333,-1.585333333,-1.543666667,0.074666667,5,350.8653333,1498.333333
39,1,39,872.752,33.79133333,33.93933333,1618.457667,39.71233333,33.00833333,1.583333333,1475.047333,38.121,-41.127,-35.86466667,-55.593,-29.273,0.245666667,-4.331666667,10.65933333,131.657,-0.044333333,1026.090333,31.79033333,31.88333333,1249.544,33.68966667,29.97933333,1.479333333,965.231,29.72766667,-41.569,-34.845,-70.26066667,-24.444,0.164666667,-1.756,4.630333333,163.086,-0.031,-1.612333333,-1.547666667,0.074333333,5,389.1613333,13039.66667
40,1,40,865.6303333,33.807,33.935,1636.285,39.236,33.00333333,1.597666667,1490.009,37.70633333,-41.8,-35.73333333,-55.48633333,-28.76666667,0.455,-4.254333333,10.75066667,130.826,-0.043333333,1023.007333,31.658,31.76266667,1211.718333,33.81133333,30.00166667,1.479,945.847,30.49933333,-45.35333333,-36.49633333,-75.55366667,-24.08166667,0.191666667,-1.708,5.202333333,156.8136667,-0.039666667,-1.577666667,-1.532333333,0.075333333,5,382.4726667,1445.666667
