Header Section,,,,,,,,,,,,,,,,,,,,,,,,,,,,,,,,,,,,,,,,,,,,,,,,,,,,,,,,,,,,,,,,,,,,,,,,,,,,,,,,,,
Product,VC5268Q,,,,,,,,,,,,,,,,,,,,,,,,,,,,,,,,,,,,,,,,,,,,,,,,,,,,,,,,,,,,,,,,,,,,,,,,,,,,,,,,,
Test Plan,Rev(-),,,,,,,,,,,,,,,,,,,,,,,,,,,,,,,,,,,,,,,,,,,,,,,,,,,,,,,,,,,,,,,,,,,,,,,,,,,,,,,,,
Release Date,2013/5/7 17:52,,,,,,,,,,,,,,,,,,,,,,,,,,,,,,,,,,,,,,,,,,,,,,,,,,,,,,,,,,,,,,,,,,,,,,,,,,,,,,,,,
Comment,Qual Band,600~629 was generate in Goodark,modified goodark gold(1785MHz 2nd harmonic based on the verify data,,,,,,,,,,,,,,,,,,,,,,,,,,,,,,,,,,,,,,,,,,,,,,,,,,,,,,,,,,,,,,,,,,,,,,,,,,,,,,,
,,,,,,,,,,,,,,,,,,,,,,,,,,,,,,,,,,,,,,,,,,,,,,,,,,,,,,,,,,,,,,,,,,,,,,,,,,,,,,,,,,
Data Section,,,,,,,,,,,,,,,,,,,,,,,,,,,,,,,,,,,,,,,,,,,,,,,,,,,,,,,,,,,,,,,,,,,,,,,,,,,,,,,,,,
Device#,1,2,3,4,5,6,7,8,9,10,11,12,13,14,15,16,17,18,19,20,21,22,23,24,25,26,27,28,29,30,31,32,33,34,35,36,37,38,39,40,41,42,43,44,45,46,47,48,49,50,51,52,53,54,55,56,57,58,59,60,61,62,63,64,65,66,67,68,69,70,71,72,73,74,75,76,77,78,79,80,81,82
Test Item,Site No,Device ID,GSM824 Idle Current,GSM824 Max Pout @ 0dBm Drive,GSM824 Max Pout,GSM824 Max Icc,GSM824 Max PAE,GSM824 Rated Pout,GSM824 Rated Vramp,GSM824 Rated Icc,GSM824 Rated PAE,GSM824 2nd har@33dBm,GSM824 3rd har@33dBm,GSM824 Fwd Isolation 1,GSM824 Fwd Isolation 2,GSM824 Pout Leakage@RX0,GSM824 Pout Leakage@RX1,GSM824 CMOS Pout,GSM824 Pout Slope,GSM824 Stress Delta,GSM915 Idle Current,GSM915 Max Pout @ 0dBm Drive,GSM915 Max Pout,GSM915 Max Icc,GSM915 Max PAE,GSM915 Rated Pout,GSM915 Rated Vramp,GSM915 Rated Icc,GSM915 Rated PAE,GSM915 2nd har@33dBm,GSM915 3rd har@33dBm,GSM915 Fwd Isolation 1,GSM915 Fwd Isolation 2,GSM915 Pout Leakage@RX0,GSM915 Pout Leakage@RX1,GSM915 CMOS Pout,GSM915 Pout Slope,GSM915 Stress Delta,DCS1785 Idle Current,DCS1785 Max Pout @ 0dBm Drive,DCS1785 Max Pout,DCS1785 Max Icc,DCS1785 Max PAE,DCS1785 Rated Pout,DCS1785 Rated Vramp,DCS1785 Rated Icc,DCS1785 Rated PAE,DCS1785 2nd har@33dBm,DCS1785 3rd har@33dBm,DCS1785 Fwd Isolation 1,DCS1785 Fwd Isolation 2,DCS1785 Pout Leakage@RX0,DCS1785 Pout Leakage@RX1,DCS1785 CMOS Pout,DCS1785 Pout Slope,DCS1785 Stress Delta,DCS1910 Idle Current,DCS1910 Max Pout @ 0dBm Drive,DCS1910 Max Pout,DCS1910 Max Icc,DCS1910 Max PAE,DCS1910 Rated Pout,DCS1910 Rated Vramp,DCS1910 Rated Icc,DCS1910 Rated PAE,DCS1910 2nd har@33dBm,DCS1910 3rd har@33dBm,DCS1910 Fwd Isolation 1,DCS1910 Fwd Isolation 2,DCS1910 Pout Leakage@RX0,DCS1910 Pout Leakage@RX1,DCS1910 CMOS Pout,DCS1910 Pout Slope,DCS1910 Stress Delta,Insertion Loss Rx0 869MHz,Insertion Loss Rx0 960MHz,Insertion Loss Rx1 1805MHz,Insertion Loss Rx1 1990MHz,Leakage Current,Leakage Current Delay Time,Test Time,Index Time
Low Tolerance,,,60,0.3,0.3,60,,,,60,,2,2,3,2,3,3,1,,,60,0.3,0.3,60,,,,60,,2,2,3,2,3,3,1,,,60,0.3,0.3,60,,,,60,,3,3,3,2,3,3,1,,,60,0.3,0.3,60,,,,60,,3,5,5,2,3,3,1,,,0.3,0.3,0.3,0.3,5,,,
High Tolerance,,,60,0.3,0.3,60,,,,60,,2,2,3,2,3,3,1,,,60,0.3,0.3,60,,,,60,,2,2,3,2,3,3,1,,,60,0.3,0.3,60,,,,60,,3,3,3,2,3,3,1,,,60,0.3,0.3,60,,,,60,,3,5,5,2,3,3,1,,,0.3,0.3,0.3,0.3,5,,,
Enable,,,1,1,1,1,0,0,0,1,0,1,1,1,1,1,1,1,0,0,1,1,1,1,0,0,0,1,0,1,1,1,1,1,1,1,0,0,1,1,1,1,0,0,0,1,0,1,1,1,1,1,1,1,0,0,1,1,1,1,0,0,0,1,0,1,1,1,1,1,1,1,0,0,1,1,1,1,1,0,0,0
600,1,600,893.48,34.00,34.14,1765.17,40.92,33.02,1.53,1522.19,37.23,-33.20,-30.22,-67.43,-31.32,0.15,-5.13,10.20,125.64,-0.04,812.52,33.65,33.91,1667.41,40.88,33.04,1.54,1472.37,37.77,-39.91,-41.39,-59.11,-31.79,0.67,-4.76,11.00,128.36,-0.01,628.00,31.43,31.63,1152.49,34.69,30.04,1.47,948.48,31.36,-47.03,-34.62,-70.59,-30.45,-0.93,-1.51,6.56,137.28,-0.03,627.60,31.17,31.54,1308.19,30.73,30.02,1.52,1077.91,27.92,-39.90,-38.00,-64.01,-29.57,0.98,-0.40,6.31,137.04,-0.04,-1.66,-1.58,-1.84,-1.86,13.99,55,634.5956667,26212
601,1,601,875.41,34.13,34.30,1864.55,40.17,33.02,1.54,1594.39,35.57,-30.56,-31.44,-67.24,-32.33,0.30,-4.88,10.07,126.04,-0.05,795.19,33.76,34.05,1777.25,39.67,33.03,1.54,1539.83,36.03,-38.42,-41.59,-60.31,-32.22,0.77,-4.52,10.76,129.26,-0.01,613.66,31.50,31.70,1189.12,34.09,30.04,1.46,975.24,30.49,-42.02,-32.57,-69.31,-31.77,-0.68,-1.27,6.72,131.18,-0.03,613.19,31.31,31.65,1329.64,30.97,30.02,1.50,1086.15,27.69,-38.20,-36.30,-63.97,-30.03,1.17,-0.16,6.53,132.16,-0.05,-1.62,-1.53,-1.79,-1.81,15.21,135,766.6316667,9754.666667
602,1,602,888.23,34.12,34.24,1818.70,40.62,33.03,1.52,1558.98,36.39,-30.99,-30.94,-67.58,-30.62,0.00,-5.05,10.92,118.67,-0.04,808.19,33.86,34.10,1759.15,40.54,33.03,1.52,1514.41,36.64,-41.02,-40.57,-60.08,-31.37,0.50,-4.68,11.50,118.50,0.00,616.46,31.27,31.52,1158.45,33.61,30.03,1.48,968.76,30.62,-44.53,-32.73,-69.71,-29.60,-0.82,-1.52,6.75,128.76,-0.03,616.57,31.18,31.52,1344.13,29.70,30.02,1.53,1116.15,26.92,-42.76,-35.40,-64.18,-29.30,1.00,-0.36,6.43,129.55,-0.05,-1.65,-1.57,-1.81,-1.83,18.59,544.9996667,1180.539,7390.333333
603,1,603,870.34,34.00,34.11,1648.31,43.52,33.01,1.49,1410.88,40.05,-35.71,-34.94,-67.41,-31.28,0.10,-5.08,10.95,122.28,-0.03,791.36,33.52,33.66,1526.55,42.13,33.02,1.52,1356.24,40.66,-38.58,-38.21,-58.17,-31.15,0.65,-4.70,11.67,124.09,0.00,614.42,31.40,31.63,1171.93,34.09,30.02,1.47,969.52,30.54,-42.60,-34.33,-71.10,-29.67,-0.81,-1.43,6.47,135.49,-0.03,614.22,31.27,31.62,1329.25,30.75,30.03,1.52,1092.16,27.56,-38.31,-37.23,-64.61,-29.06,1.08,-0.29,6.27,135.26,-0.05,-1.65,-1.56,-1.80,-1.83,13.83,55,628.4346667,12424
604,1,604,881.79,34.15,34.28,1867.78,39.94,33.03,1.54,1599.15,35.54,-32.45,-31.60,-66.72,-30.79,0.00,-4.97,10.48,121.90,-0.05,802.85,33.79,34.03,1785.54,39.31,33.02,1.54,1551.44,35.73,-41.53,-39.74,-60.98,-31.52,0.49,-4.62,11.21,124.99,-0.01,607.54,31.33,31.52,1152.40,33.81,30.02,1.47,959.83,30.89,-44.37,-33.69,-70.39,-30.26,-0.88,-1.39,6.91,128.59,-0.03,607.97,31.13,31.45,1318.58,29.80,30.03,1.53,1105.69,27.26,-44.59,-36.05,-64.48,-29.51,1.02,-0.23,6.62,131.12,-0.06,-1.63,-1.54,-1.80,-1.81,13.80,55,653.1776667,6895.333333
605,1,605,878.32,34.07,34.21,1760.68,41.65,33.03,1.52,1510.89,37.57,-34.73,-32.36,-67.06,-32.10,0.31,-5.08,10.81,118.26,-0.04,796.41,33.65,33.85,1636.04,41.08,33.04,1.53,1445.59,38.43,-40.46,-40.63,-59.38,-31.13,0.84,-4.72,11.64,122.22,-0.01,616.29,31.43,31.63,1175.10,33.98,30.03,1.47,964.18,30.82,-42.45,-32.92,-70.52,-31.51,-0.75,-1.47,6.77,135.08,-0.03,613.07,31.21,31.54,1330.23,30.16,30.03,1.53,1097.07,27.44,-38.29,-36.90,-64.02,-30.63,1.17,-0.35,6.46,132.62,-0.05,-1.62,-1.54,-1.79,-1.81,13.36,105,750.3746667,12879.66667
606,1,606,878.52,34.13,34.24,1723.26,42.87,33.01,1.49,1466.41,38.50,-37.38,-37.41,-67.40,-31.57,0.33,-5.06,11.24,118.34,-0.04,797.75,33.62,33.79,1599.15,41.47,33.02,1.53,1406.46,39.24,-41.70,-38.00,-58.40,-31.43,0.88,-4.68,11.90,119.03,-0.01,616.35,31.43,31.64,1176.64,34.00,30.04,1.47,968.55,30.74,-42.07,-33.38,-70.64,-31.56,-0.81,-1.45,6.81,130.55,-0.03,616.07,31.23,31.57,1351.43,29.84,30.03,1.53,1116.86,26.95,-38.67,-37.56,-64.37,-30.51,1.14,-0.29,6.45,130.28,-0.05,-1.63,-1.56,-1.81,-1.82,14.09,55,624.9093333,16537.33333
607,1,607,877.72,34.08,34.19,1750.99,41.72,33.00,1.50,1492.21,37.81,-34.92,-30.72,-67.52,-30.63,0.10,-5.15,11.25,115.84,-0.04,797.15,33.76,33.96,1653.75,41.71,33.03,1.52,1444.23,38.36,-41.60,-40.17,-59.79,-31.08,0.64,-4.75,12.00,119.46,-0.01,601.68,31.41,31.62,1165.58,34.17,30.03,1.47,966.38,30.75,-41.84,-33.13,-68.83,-31.25,-0.82,-1.47,6.78,131.87,-0.03,600.85,31.34,31.63,1315.95,31.13,30.01,1.51,1077.11,27.88,-37.54,-35.35,-64.30,-29.89,1.01,-0.35,6.67,132.28,-0.04,-1.64,-1.56,-1.79,-1.82,13.40,55,603.7343333,7515
608,1,608,888.38,34.12,34.23,1713.07,43.05,33.02,1.48,1453.98,38.92,-36.85,-34.16,-67.60,-31.68,0.33,-5.16,10.65,122.41,-0.03,809.27,33.66,33.85,1600.14,41.99,33.02,1.51,1394.10,39.58,-41.62,-39.04,-58.74,-31.55,0.85,-4.79,11.33,123.76,0.00,627.61,31.57,31.78,1191.01,34.72,30.03,1.46,971.01,30.53,-43.41,-31.85,-70.29,-31.33,-0.88,-1.56,6.67,132.02,-0.02,626.21,31.42,31.75,1332.92,31.57,30.04,1.50,1085.32,27.81,-37.43,-35.19,-64.16,-30.15,1.07,-0.36,6.51,131.95,-0.05,-1.64,-1.56,-1.80,-1.82,15.41,95,640.5286667,6746
609,1,609,886.22,33.98,34.11,1795.82,39.92,33.03,1.54,1558.44,36.43,-34.33,-29.25,-68.10,-30.98,0.09,-5.16,10.87,116.58,-0.04,806.53,33.86,34.04,1730.49,40.63,33.02,1.52,1496.44,37.03,-40.63,-42.26,-60.77,-31.42,0.60,-4.81,11.69,120.07,-0.01,617.28,31.29,31.51,1160.92,33.47,30.03,1.48,971.89,30.50,-43.84,-32.91,-69.07,-31.77,-0.82,-1.59,6.97,129.18,-0.03,617.43,31.20,31.52,1331.06,29.97,30.03,1.53,1107.15,27.22,-40.03,-35.87,-64.25,-29.85,1.03,-0.42,6.71,129.78,-0.05,-1.63,-1.54,-1.80,-1.81,14.46,55,686.8536667,17148
610,1,610,884.35,34.18,34.32,1809.38,41.58,33.02,1.51,1535.66,36.88,-32.19,-34.79,-67.11,-31.34,0.18,-5.14,10.58,122.88,-0.04,802.82,33.72,33.92,1689.75,40.42,33.04,1.54,1478.62,37.59,-40.79,-38.10,-58.89,-31.55,0.72,-4.75,11.40,123.61,-0.01,615.10,31.38,31.59,1149.06,34.48,30.01,1.47,948.20,31.15,-45.68,-33.79,-70.81,-30.15,-0.95,-1.56,7.04,130.61,-0.03,616.30,31.16,31.50,1305.35,30.47,30.03,1.52,1084.85,27.79,-43.87,-36.55,-64.20,-29.56,1.02,-0.39,6.74,129.56,-0.05,-1.62,-1.55,-1.79,-1.81,13.78,55,661.2393333,13897
611,1,611,890.93,34.19,34.33,1862.94,40.48,33.01,1.51,1584.39,35.70,-27.66,-32.89,-67.50,-31.61,0.12,-5.14,10.79,121.30,-0.05,809.78,33.81,34.06,1782.45,39.64,33.03,1.52,1541.82,36.05,-38.48,-40.18,-60.38,-31.89,0.66,-4.75,11.42,121.40,-0.01,622.63,31.35,31.54,1151.74,33.97,30.02,1.46,953.39,31.10,-42.61,-34.20,-69.80,-30.79,-0.87,-1.55,6.93,132.33,-0.02,622.64,31.09,31.45,1309.03,30.06,30.03,1.52,1092.28,27.58,-40.75,-38.14,-64.04,-29.96,1.06,-0.39,6.57,132.78,-0.04,-1.60,-1.53,-1.78,-1.80,13.70,55,638.3446667,13673
612,1,612,883.79,34.23,34.34,1792.04,42.23,33.02,1.50,1508.18,37.53,-32.05,-33.89,-67.45,-31.14,0.06,-5.09,11.01,116.02,-0.04,805.22,33.74,33.92,1665.19,41.03,33.03,1.52,1443.83,38.43,-39.71,-39.30,-59.86,-30.84,0.61,-4.72,11.81,118.19,0.00,614.11,31.37,31.58,1152.23,34.30,30.04,1.47,952.67,31.25,-43.23,-32.29,-70.49,-31.62,-0.81,-1.53,7.24,124.69,-0.03,614.84,31.14,31.49,1315.25,30.20,30.03,1.53,1092.69,27.55,-43.45,-35.67,-64.13,-30.61,1.11,-0.39,6.95,125.79,-0.05,-1.60,-1.53,-1.79,-1.82,13.80,55,627.387,10888.66667
613,1,613,891.44,34.27,34.38,1811.07,42.17,33.04,1.49,1524.75,37.28,-30.48,-35.72,-67.49,-31.29,0.26,-4.97,11.07,118.45,-0.04,812.49,33.81,34.00,1716.61,40.62,33.03,1.52,1484.05,37.39,-41.04,-37.17,-58.40,-31.24,0.79,-4.59,11.77,120.29,0.00,612.80,31.46,31.68,1179.64,34.26,30.01,1.46,970.28,30.47,-43.38,-34.44,-71.12,-30.84,-0.92,-1.40,7.00,129.64,-0.03,612.51,31.29,31.64,1344.77,30.49,30.02,1.51,1104.28,27.21,-39.43,-36.47,-64.60,-30.20,1.03,-0.25,6.78,129.40,-0.05,-1.64,-1.56,-1.81,-1.82,14.05,55,632.5146667,15817
614,1,614,882.59,34.27,34.39,1861.65,41.07,33.04,1.52,1572.19,36.19,-31.69,-33.57,-67.53,-31.13,0.01,-4.92,10.74,121.48,-0.04,804.37,33.86,34.02,1745.01,40.09,33.03,1.53,1506.94,36.84,-41.79,-38.58,-61.05,-31.46,0.53,-4.57,11.49,121.79,0.00,609.79,31.44,31.61,1164.38,34.17,30.02,1.46,960.91,30.83,-46.05,-32.44,-69.73,-30.67,-0.96,-1.37,7.15,126.38,-0.04,609.83,31.24,31.53,1327.59,30.14,30.03,1.52,1101.31,27.35,-46.16,-34.40,-64.11,-29.95,0.98,-0.22,6.85,128.45,-0.05,-1.64,-1.54,-1.80,-1.82,12.96,135,756.674,12232
615,1,615,887.97,34.13,34.25,1823.53,40.63,33.04,1.54,1560.20,36.48,-33.84,-32.18,-67.77,-31.38,0.08,-5.02,10.71,119.69,-0.04,807.87,33.77,33.99,1727.20,40.24,33.01,1.54,1502.49,36.79,-41.96,-39.01,-59.93,-30.99,0.59,-4.66,11.47,120.12,-0.02,615.48,31.36,31.56,1161.76,33.89,30.02,1.48,960.13,30.85,-44.76,-32.42,-70.19,-32.02,-0.90,-1.46,6.74,131.03,-0.03,615.11,31.18,31.50,1309.62,30.36,30.03,1.53,1088.47,27.69,-43.38,-34.54,-64.21,-30.60,1.02,-0.32,6.55,130.19,-0.05,-1.63,-1.55,-1.79,-1.81,14.03,55,632.854,13538.33333
616,1,616,892.32,34.33,34.45,1877.43,41.26,33.03,1.50,1570.63,36.12,-30.05,-33.67,-67.83,-31.14,0.23,-5.03,11.10,117.39,-0.04,812.60,33.91,34.10,1772.94,40.18,33.02,1.51,1518.96,36.47,-39.47,-38.72,-60.36,-31.56,0.74,-4.67,11.81,118.23,0.00,616.02,31.38,31.56,1165.39,33.78,30.03,1.46,967.03,30.66,-46.18,-32.73,-70.36,-30.52,-0.88,-1.44,7.05,129.43,-0.04,617.57,31.22,31.52,1347.28,29.63,30.02,1.52,1119.93,26.78,-45.80,-36.44,-64.39,-29.67,1.03,-0.32,6.67,130.30,-0.05,-1.63,-1.55,-1.80,-1.81,13.67,55,669.576,12507.66667
617,1,617,871.78,34.00,34.09,1659.85,43.04,33.02,1.50,1424.35,39.70,-39.23,-33.15,-67.54,-31.03,0.32,-5.11,11.32,114.92,-0.03,792.05,33.64,33.82,1576.15,42.35,33.05,1.53,1389.68,39.98,-38.67,-38.76,-57.63,-30.63,0.87,-4.71,11.98,117.16,0.00,610.38,31.44,31.66,1194.59,33.69,30.03,1.48,988.46,29.99,-41.48,-34.41,-68.71,-32.81,-0.77,-1.49,7.12,123.56,-0.04,611.89,31.39,31.69,1377.25,30.07,30.03,1.53,1127.33,26.66,-36.74,-38.74,-64.43,-30.76,1.08,-0.31,6.89,124.37,-0.05,-1.64,-1.54,-1.79,-1.81,13.48,55,650.5573333,13377.66667
618,1,618,892.45,33.93,34.05,1746.05,40.50,33.02,1.53,1521.41,37.26,-34.78,-29.55,-67.62,-31.51,0.25,-5.08,10.78,118.99,-0.04,812.78,33.80,34.09,1709.04,41.56,33.01,1.52,1474.05,37.46,-40.52,-41.43,-59.72,-31.75,0.78,-4.74,11.37,122.45,-0.01,619.39,31.35,31.62,1171.03,34.04,30.03,1.47,972.32,30.55,-43.42,-32.48,-68.24,-30.46,-0.78,-1.52,6.77,134.11,-0.03,618.99,31.29,31.63,1336.33,30.62,30.03,1.52,1099.09,27.39,-40.01,-35.05,-64.11,-30.22,1.05,-0.34,6.52,133.26,-0.05,-1.64,-1.55,-1.80,-1.82,13.86,55,641.5746667,6916.666667
619,1,619,879.81,34.20,34.34,1852.45,40.77,33.03,1.52,1568.54,36.17,-30.06,-30.51,-67.83,-30.81,0.44,-4.99,10.60,118.86,-0.04,800.73,33.90,34.11,1765.69,40.47,33.03,1.53,1511.73,36.69,-37.14,-41.31,-61.04,-30.88,0.99,-4.62,11.45,122.22,-0.01,613.57,31.46,31.64,1167.47,34.31,30.04,1.47,962.49,30.93,-42.42,-33.43,-69.44,-32.20,-0.78,-1.42,6.85,131.06,-0.03,614.93,31.31,31.60,1308.36,31.15,30.02,1.51,1072.84,28.06,-40.56,-35.71,-64.35,-29.68,1.07,-0.28,6.71,132.99,-0.04,-1.63,-1.53,-1.79,-1.81,14.20,55,613.7626667,23528.33333
620,1,620,863.04,34.03,34.14,1720.62,42.01,33.02,1.51,1476.21,38.38,-35.65,-31.56,-68.15,-30.80,0.52,-5.00,11.10,116.71,-0.03,783.15,33.72,33.93,1640.48,41.73,33.04,1.53,1432.45,38.78,-41.39,-39.43,-58.63,-30.99,1.10,-4.62,11.84,117.60,0.00,603.87,31.46,31.68,1184.63,34.08,30.04,1.48,977.40,30.46,-41.32,-34.89,-70.21,-31.73,-0.74,-1.40,7.12,129.41,-0.03,603.60,31.36,31.71,1337.52,31.15,30.03,1.51,1087.71,27.70,-36.97,-37.95,-64.68,-29.71,1.07,-0.24,6.89,128.43,-0.05,-1.63,-1.54,-1.79,-1.81,14.21,55,704.5993333,25569
621,1,621,916.33,34.17,34.29,1763.40,42.36,33.01,1.48,1474.99,38.28,-42.85,-32.22,-68.33,-31.24,0.50,-5.15,11.33,117.17,-0.04,836.38,33.79,33.95,1646.40,41.78,33.01,1.49,1413.31,38.96,-40.98,-40.24,-57.89,-31.30,1.04,-4.78,11.90,117.76,0.00,642.30,31.70,31.90,1227.90,34.58,30.01,1.44,984.66,30.00,-41.56,-34.33,-70.71,-31.58,-0.86,-1.52,7.47,127.85,-0.03,641.76,31.51,31.88,1388.75,31.16,30.05,1.49,1115.95,27.07,-35.09,-38.81,-64.42,-30.01,1.11,-0.31,7.24,125.22,-0.05,-1.63,-1.55,-1.79,-1.81,13.84,55,610.4686667,27828
622,1,622,888.30,34.16,34.27,1758.71,42.32,33.02,1.50,1494.28,37.91,-32.99,-34.28,-67.79,-31.59,0.18,-4.98,10.83,118.97,-0.03,807.44,33.73,33.91,1649.53,41.28,33.03,1.52,1439.66,38.47,-40.59,-38.52,-58.94,-31.18,0.71,-4.61,11.51,122.39,0.00,622.71,31.39,31.62,1155.10,34.53,30.01,1.46,954.93,30.96,-42.04,-33.80,-71.09,-31.62,-0.82,-1.41,6.85,131.45,-0.03,621.83,31.20,31.55,1300.65,30.94,30.04,1.51,1075.63,28.10,-40.36,-36.59,-64.55,-30.78,1.12,-0.23,6.61,130.20,-0.04,-1.63,-1.55,-1.80,-1.81,13.79,55,577.3836667,10085
623,1,623,882.60,34.23,34.37,1881.73,40.48,33.03,1.52,1598.33,35.55,-27.54,-32.55,-67.47,-31.48,0.27,-4.88,10.73,120.96,-0.05,802.64,33.80,34.10,1804.26,39.50,33.03,1.53,1555.80,35.70,-38.71,-40.17,-59.75,-31.76,0.76,-4.52,11.40,120.52,-0.01,610.58,31.56,31.74,1192.71,34.32,30.01,1.45,970.68,30.43,-41.39,-32.73,-69.99,-30.94,-0.79,-1.35,7.17,128.54,-0.03,611.29,31.33,31.66,1341.58,30.73,30.03,1.50,1096.03,27.46,-37.58,-36.00,-64.28,-29.82,1.12,-0.20,6.97,130.74,-0.04,-1.60,-1.53,-1.78,-1.80,13.79,55,714.248,15613.66667
624,1,624,904.78,34.06,34.18,1733.80,42.06,33.02,1.50,1473.23,38.40,-38.63,-31.92,-67.62,-32.12,0.15,-5.03,10.57,126.97,-0.03,823.97,33.76,33.94,1642.82,41.75,33.04,1.51,1427.11,38.94,-41.01,-40.18,-58.16,-31.73,0.72,-4.62,11.31,125.42,0.00,630.98,31.60,31.82,1202.80,34.68,30.01,1.45,972.46,30.40,-42.18,-35.00,-71.21,-31.36,-0.86,-1.42,6.50,136.04,-0.03,632.35,31.37,31.77,1345.25,31.45,30.03,1.50,1089.26,27.66,-36.82,-37.34,-64.68,-29.98,1.08,-0.27,6.40,134.45,-0.05,-1.62,-1.54,-1.77,-1.79,13.68,55,656.4543333,15827
625,1,625,891.22,34.10,34.21,1713.38,42.88,33.02,1.50,1455.91,38.85,-41.16,-34.24,-67.99,-31.58,0.26,-5.06,10.80,120.84,-0.03,811.10,33.65,33.79,1592.40,41.58,33.02,1.53,1402.56,39.40,-38.80,-39.49,-57.83,-31.67,0.80,-4.67,11.52,122.41,0.00,622.14,31.47,31.69,1190.99,33.97,30.01,1.48,976.52,30.23,-41.58,-33.96,-71.32,-31.33,-0.91,-1.49,6.40,133.62,-0.03,624.07,31.28,31.61,1346.73,30.28,30.04,1.53,1111.51,27.16,-37.08,-37.35,-64.72,-30.09,1.05,-0.30,6.17,133.15,-0.05,-1.61,-1.52,-1.77,-1.79,13.98,55,671.5603333,15230
626,1,626,886.76,34.05,34.16,1731.64,41.94,33.01,1.51,1475.90,38.29,-38.44,-30.48,-68.05,-30.86,0.04,-4.98,10.77,122.82,-0.04,807.52,33.79,33.94,1647.52,41.66,33.03,1.52,1432.38,38.64,-40.52,-41.39,-58.76,-30.95,0.58,-4.59,11.58,125.10,0.00,621.67,31.32,31.53,1168.86,33.45,30.02,1.48,973.60,30.41,-42.50,-36.41,-69.54,-32.57,-0.72,-1.38,6.89,129.28,-0.03,622.63,31.27,31.58,1341.71,30.14,30.03,1.53,1107.29,27.16,-38.16,-39.36,-64.56,-30.09,1.12,-0.21,6.68,129.91,-0.04,-1.61,-1.53,-1.78,-1.79,14.68,55,735.9643333,14611
627,1,627,903.22,34.01,34.13,1760.96,40.94,33.02,1.50,1513.18,37.46,-35.76,-29.94,-68.06,-31.43,0.23,-5.05,11.30,116.76,-0.04,822.17,33.90,34.13,1720.06,41.71,33.03,1.49,1469.02,37.75,-41.14,-40.32,-58.84,-31.29,0.76,-4.68,11.84,117.39,0.00,633.55,31.33,31.59,1181.27,33.54,30.05,1.46,985.72,30.21,-42.42,-33.88,-68.92,-31.46,-0.81,-1.51,6.99,129.88,-0.04,633.89,31.25,31.61,1368.85,29.71,30.03,1.51,1129.72,26.60,-40.17,-36.63,-64.29,-30.78,1.02,-0.36,6.64,129.02,-0.06,-1.62,-1.54,-1.78,-1.80,13.86,55,708.8946667,18373.66667
628,1,628,881.06,34.04,34.15,1717.93,42.18,33.02,1.51,1468.51,38.58,-35.17,-31.46,-67.51,-30.92,0.49,-5.11,10.98,118.59,-0.03,799.20,33.77,33.92,1632.96,41.84,33.03,1.53,1421.79,38.99,-41.22,-40.54,-59.05,-30.60,1.05,-4.74,11.71,122.76,-0.01,617.08,31.38,31.57,1175.69,33.49,30.01,1.48,976.63,30.25,-41.04,-34.66,-69.41,-33.10,-0.82,-1.54,7.01,129.58,-0.02,616.09,31.28,31.57,1339.11,30.13,30.04,1.53,1109.47,27.18,-37.61,-38.48,-64.26,-30.24,1.08,-0.36,6.77,128.65,-0.05,-1.60,-1.52,-1.76,-1.78,13.87,55,583.6233333,8881.666667
629,1,629,888.66,34.06,34.19,1832.39,39.89,33.03,1.54,1583.76,35.87,-31.42,-29.82,-67.32,-30.99,0.29,-5.07,10.73,122.41,-0.05,808.80,33.78,34.06,1767.79,39.98,33.03,1.53,1535.79,36.17,-37.67,-42.09,-60.86,-31.54,0.85,-4.69,11.40,122.58,-0.02,613.88,31.38,31.58,1157.36,34.13,30.04,1.47,959.25,31.01,-44.57,-32.81,-68.77,-30.58,-0.79,-1.51,6.85,131.28,-0.03,614.35,31.27,31.59,1322.18,30.70,30.02,1.52,1086.43,27.67,-40.62,-36.14,-64.19,-29.06,1.05,-0.38,6.64,131.49,-0.04,-1.59,-1.50,-1.76,-1.78,13.83,55,623.121,15279.66667
