Header Section,,,,,,,,,,,,,,,,,,,,,,,,,,,,,,,,,,,,,,,,,,,,,,,,,,,,,,,,,,,,,,,,,,,,,,,,,,,,,,,,,,
Product,VC5268Q,,,,,,,,,,,,,,,,,,,,,,,,,,,,,,,,,,,,,,,,,,,,,,,,,,,,,,,,,,,,,,,,,,,,,,,,,,,,,,,,,
Test Plan,Rev(-),,,,,,,,,,,,,,,,,,,,,,,,,,,,,,,,,,,,,,,,,,,,,,,,,,,,,,,,,,,,,,,,,,,,,,,,,,,,,,,,,
Release Date,2013/5/7 17:52,,,,,,,,,,,,,,,,,,,,,,,,,,,,,,,,,,,,,,,,,,,,,,,,,,,,,,,,,,,,,,,,,,,,,,,,,,,,,,,,,
Comment,Qual Band,"600~629 was generate in Goodark,631_670 generate in JCET",modified goodark gold(1785MHz 2nd harmonic based on the verify data,,,,,,,,,,,,,,,,,,,,,,,,,,,,,,,,,,,,,,,,,,,,,,,,,,,,,,,,,,,,,,,,,,,,,,,,,,,,,,,
,,,,,,,,,,,,,,,,,,,,,,,,,,,,,,,,,,,,,,,,,,,,,,,,,,,,,,,,,,,,,,,,,,,,,,,,,,,,,,,,,,
Data Section,,,,,,,,,,,,,,,,,,,,,,,,,,,,,,,,,,,,,,,,,,,,,,,,,,,,,,,,,,,,,,,,,,,,,,,,,,,,,,,,,,
Device#,1,2,3,4,5,6,7,8,9,10,11,12,13,14,15,16,17,18,19,20,21,22,23,24,25,26,27,28,29,30,31,32,33,34,35,36,37,38,39,40,41,42,43,44,45,46,47,48,49,50,51,52,53,54,55,56,57,58,59,60,61,62,63,64,65,66,67,68,69,70,71,72,73,74,75,76,77,78,79,80,81,82
Test Item,Site No,Device ID,GSM824 Idle Current,GSM824 Max Pout @ 0dBm Drive,GSM824 Max Pout,GSM824 Max Icc,GSM824 Max PAE,GSM824 Rated Pout,GSM824 Rated Vramp,GSM824 Rated Icc,GSM824 Rated PAE,GSM824 2nd har@33dBm,GSM824 3rd har@33dBm,GSM824 Fwd Isolation 1,GSM824 Fwd Isolation 2,GSM824 Pout Leakage@RX0,GSM824 Pout Leakage@RX1,GSM824 CMOS Pout,GSM824 Pout Slope,GSM824 Stress Delta,GSM915 Idle Current,GSM915 Max Pout @ 0dBm Drive,GSM915 Max Pout,GSM915 Max Icc,GSM915 Max PAE,GSM915 Rated Pout,GSM915 Rated Vramp,GSM915 Rated Icc,GSM915 Rated PAE,GSM915 2nd har@33dBm,GSM915 3rd har@33dBm,GSM915 Fwd Isolation 1,GSM915 Fwd Isolation 2,GSM915 Pout Leakage@RX0,GSM915 Pout Leakage@RX1,GSM915 CMOS Pout,GSM915 Pout Slope,GSM915 Stress Delta,DCS1785 Idle Current,DCS1785 Max Pout @ 0dBm Drive,DCS1785 Max Pout,DCS1785 Max Icc,DCS1785 Max PAE,DCS1785 Rated Pout,DCS1785 Rated Vramp,DCS1785 Rated Icc,DCS1785 Rated PAE,DCS1785 2nd har@33dBm,DCS1785 3rd har@33dBm,DCS1785 Fwd Isolation 1,DCS1785 Fwd Isolation 2,DCS1785 Pout Leakage@RX0,DCS1785 Pout Leakage@RX1,DCS1785 CMOS Pout,DCS1785 Pout Slope,DCS1785 Stress Delta,DCS1910 Idle Current,DCS1910 Max Pout @ 0dBm Drive,DCS1910 Max Pout,DCS1910 Max Icc,DCS1910 Max PAE,DCS1910 Rated Pout,DCS1910 Rated Vramp,DCS1910 Rated Icc,DCS1910 Rated PAE,DCS1910 2nd har@33dBm,DCS1910 3rd har@33dBm,DCS1910 Fwd Isolation 1,DCS1910 Fwd Isolation 2,DCS1910 Pout Leakage@RX0,DCS1910 Pout Leakage@RX1,DCS1910 CMOS Pout,DCS1910 Pout Slope,DCS1910 Stress Delta,Insertion Loss Rx0 869MHz,Insertion Loss Rx0 960MHz,Insertion Loss Rx1 1805MHz,Insertion Loss Rx1 1990MHz,Leakage Current,Leakage Current Delay Time,Test Time,Index Time
Low Tolerance,,,60,0.3,0.3,60,,,,60,,2,2,3,2,3,3,1,,,60,0.3,0.3,60,,,,60,,2,2,3,2,3,3,1,,,60,0.3,0.3,60,,,,60,,3,3,3,2,3,3,1,,,60,0.3,0.3,60,,,,60,,3,5,5,2,3,3,1,,,0.3,0.3,0.3,0.3,5,,,
High Tolerance,,,60,0.3,0.3,60,,,,60,,2,2,3,2,3,3,1,,,60,0.3,0.3,60,,,,60,,2,2,3,2,3,3,1,,,60,0.3,0.3,60,,,,60,,3,3,3,2,3,3,1,,,60,0.3,0.3,60,,,,60,,3,5,5,2,3,3,1,,,0.3,0.3,0.3,0.3,5,,,
Enable,,,1,1,1,1,0,0,0,1,0,1,1,1,1,1,1,1,0,0,1,1,1,1,0,0,0,1,0,1,1,1,1,1,1,1,0,0,1,1,1,1,0,0,0,1,0,1,1,1,1,1,1,1,0,0,1,1,1,1,0,0,0,1,0,1,1,1,1,1,1,1,0,0,1,1,1,1,1,0,0,0
600,1,600,893.48,34,34.14,1765.17,40.92,33.02,1.53,1522.19,37.23,-33.2,-30.22,-67.43,-31.32,0.15,-5.13,10.2,125.64,-0.04,812.52,33.65,33.91,1667.41,40.88,33.04,1.54,1472.37,37.77,-39.91,-41.39,-59.11,-31.79,0.67,-4.76,11,128.36,-0.01,628,31.43,31.63,1152.49,34.69,30.04,1.47,948.48,31.36,-47.03,-34.62,-70.59,-30.45,-0.93,-1.51,6.56,137.28,-0.03,627.6,31.17,31.54,1308.19,30.73,30.02,1.52,1077.91,27.92,-39.9,-38,-64.01,-29.57,0.98,-0.4,6.31,137.04,-0.04,-1.66,-1.58,-1.84,-1.86,13.99,55,634.5956667,26212
601,1,601,875.41,34.13,34.3,1864.55,40.17,33.02,1.54,1594.39,35.57,-30.56,-31.44,-67.24,-32.33,0.3,-4.88,10.07,126.04,-0.05,795.19,33.76,34.05,1777.25,39.67,33.03,1.54,1539.83,36.03,-38.42,-41.59,-60.31,-32.22,0.77,-4.52,10.76,129.26,-0.01,613.66,31.5,31.7,1189.12,34.09,30.04,1.46,975.24,30.49,-42.02,-32.57,-69.31,-31.77,-0.68,-1.27,6.72,131.18,-0.03,613.19,31.31,31.65,1329.64,30.97,30.02,1.5,1086.15,27.69,-38.2,-36.3,-63.97,-30.03,1.17,-0.16,6.53,132.16,-0.05,-1.62,-1.53,-1.79,-1.81,15.21,135,766.6316667,9754.666667
602,1,602,888.23,34.12,34.24,1818.7,40.62,33.03,1.52,1558.98,36.39,-30.99,-30.94,-67.58,-30.62,0,-5.05,10.92,118.67,-0.04,808.19,33.86,34.1,1759.15,40.54,33.03,1.52,1514.41,36.64,-41.02,-40.57,-60.08,-31.37,0.5,-4.68,11.5,118.5,0,616.46,31.27,31.52,1158.45,33.61,30.03,1.48,968.76,30.62,-44.53,-32.73,-69.71,-29.6,-0.82,-1.52,6.75,128.76,-0.03,616.57,31.18,31.52,1344.13,29.7,30.02,1.53,1116.15,26.92,-42.76,-35.4,-64.18,-29.3,1,-0.36,6.43,129.55,-0.05,-1.65,-1.57,-1.81,-1.83,18.59,550,1180.539,7390.333333
603,1,603,870.34,34,34.11,1648.31,43.52,33.01,1.49,1410.88,40.05,-35.71,-34.94,-67.41,-31.28,0.1,-5.08,10.95,122.28,-0.03,791.36,33.52,33.66,1526.55,42.13,33.02,1.52,1356.24,40.66,-38.58,-38.21,-58.17,-31.15,0.65,-4.7,11.67,124.09,0,614.42,31.4,31.63,1171.93,34.09,30.02,1.47,969.52,30.54,-42.6,-34.33,-71.1,-29.67,-0.81,-1.43,6.47,135.49,-0.03,614.22,31.27,31.62,1329.25,30.75,30.03,1.52,1092.16,27.56,-38.31,-37.23,-64.61,-29.06,1.08,-0.29,6.27,135.26,-0.05,-1.65,-1.56,-1.8,-1.83,13.83,55,628.4346667,12424
604,1,604,881.79,34.15,34.28,1867.78,39.94,33.03,1.54,1599.15,35.54,-32.45,-31.6,-66.72,-30.79,0,-4.97,10.48,121.9,-0.05,802.85,33.79,34.03,1785.54,39.31,33.02,1.54,1551.44,35.73,-41.53,-39.74,-60.98,-31.52,0.49,-4.62,11.21,124.99,-0.01,607.54,31.33,31.52,1152.4,33.81,30.02,1.47,959.83,30.89,-44.37,-33.69,-70.39,-30.26,-0.88,-1.39,6.91,128.59,-0.03,607.97,31.13,31.45,1318.58,29.8,30.03,1.53,1105.69,27.26,-44.59,-36.05,-64.48,-29.51,1.02,-0.23,6.62,131.12,-0.06,-1.63,-1.54,-1.8,-1.81,13.8,55,653.1776667,6895.333333
605,1,605,878.32,34.07,34.21,1760.68,41.65,33.03,1.52,1510.89,37.57,-34.73,-32.36,-67.06,-32.1,0.31,-5.08,10.81,118.26,-0.04,796.41,33.65,33.85,1636.04,41.08,33.04,1.53,1445.59,38.43,-40.46,-40.63,-59.38,-31.13,0.84,-4.72,11.64,122.22,-0.01,616.29,31.43,31.63,1175.1,33.98,30.03,1.47,964.18,30.82,-42.45,-32.92,-70.52,-31.51,-0.75,-1.47,6.77,135.08,-0.03,613.07,31.21,31.54,1330.23,30.16,30.03,1.53,1097.07,27.44,-38.29,-36.9,-64.02,-30.63,1.17,-0.35,6.46,132.62,-0.05,-1.62,-1.54,-1.79,-1.81,13.36,105,750.3746667,12879.66667
606,1,606,878.52,34.13,34.24,1723.26,42.87,33.01,1.49,1466.41,38.5,-37.38,-37.41,-67.4,-31.57,0.33,-5.06,11.24,118.34,-0.04,797.75,33.62,33.79,1599.15,41.47,33.02,1.53,1406.46,39.24,-41.7,-38,-58.4,-31.43,0.88,-4.68,11.9,119.03,-0.01,616.35,31.43,31.64,1176.64,34,30.04,1.47,968.55,30.74,-42.07,-33.38,-70.64,-31.56,-0.81,-1.45,6.81,130.55,-0.03,616.07,31.23,31.57,1351.43,29.84,30.03,1.53,1116.86,26.95,-38.67,-37.56,-64.37,-30.51,1.14,-0.29,6.45,130.28,-0.05,-1.63,-1.56,-1.81,-1.82,14.09,55,624.9093333,16537.33333
607,1,607,877.72,34.08,34.19,1750.99,41.72,33,1.5,1492.21,37.81,-34.92,-30.72,-67.52,-30.63,0.1,-5.15,11.25,115.84,-0.04,797.15,33.76,33.96,1653.75,41.71,33.03,1.52,1444.23,38.36,-41.6,-40.17,-59.79,-31.08,0.64,-4.75,12,119.46,-0.01,601.68,31.41,31.62,1165.58,34.17,30.03,1.47,966.38,30.75,-41.84,-33.13,-68.83,-31.25,-0.82,-1.47,6.78,131.87,-0.03,600.85,31.34,31.63,1315.95,31.13,30.01,1.51,1077.11,27.88,-37.54,-35.35,-64.3,-29.89,1.01,-0.35,6.67,132.28,-0.04,-1.64,-1.56,-1.79,-1.82,13.4,55,603.7343333,7515
608,1,608,888.38,34.12,34.23,1713.07,43.05,33.02,1.48,1453.98,38.92,-36.85,-34.16,-67.6,-31.68,0.33,-5.16,10.65,122.41,-0.03,809.27,33.66,33.85,1600.14,41.99,33.02,1.51,1394.1,39.58,-41.62,-39.04,-58.74,-31.55,0.85,-4.79,11.33,123.76,0,627.61,31.57,31.78,1191.01,34.72,30.03,1.46,971.01,30.53,-43.41,-31.85,-70.29,-31.33,-0.88,-1.56,6.67,132.02,-0.02,626.21,31.42,31.75,1332.92,31.57,30.04,1.5,1085.32,27.81,-37.43,-35.19,-64.16,-30.15,1.07,-0.36,6.51,131.95,-0.05,-1.64,-1.56,-1.8,-1.82,15.41,95,640.5286667,6746
609,1,609,886.22,33.98,34.11,1795.82,39.92,33.03,1.54,1558.44,36.43,-34.33,-29.25,-68.1,-30.98,0.09,-5.16,10.87,116.58,-0.04,806.53,33.86,34.04,1730.49,40.63,33.02,1.52,1496.44,37.03,-40.63,-42.26,-60.77,-31.42,0.6,-4.81,11.69,120.07,-0.01,617.28,31.29,31.51,1160.92,33.47,30.03,1.48,971.89,30.5,-43.84,-32.91,-69.07,-31.77,-0.82,-1.59,6.97,129.18,-0.03,617.43,31.2,31.52,1331.06,29.97,30.03,1.53,1107.15,27.22,-40.03,-35.87,-64.25,-29.85,1.03,-0.42,6.71,129.78,-0.05,-1.63,-1.54,-1.8,-1.81,14.46,55,686.8536667,17148
610,1,610,884.35,34.18,34.32,1809.38,41.58,33.02,1.51,1535.66,36.88,-32.19,-34.79,-67.11,-31.34,0.18,-5.14,10.58,122.88,-0.04,802.82,33.72,33.92,1689.75,40.42,33.04,1.54,1478.62,37.59,-40.79,-38.1,-58.89,-31.55,0.72,-4.75,11.4,123.61,-0.01,615.1,31.38,31.59,1149.06,34.48,30.01,1.47,948.2,31.15,-45.68,-33.79,-70.81,-30.15,-0.95,-1.56,7.04,130.61,-0.03,616.3,31.16,31.5,1305.35,30.47,30.03,1.52,1084.85,27.79,-43.87,-36.55,-64.2,-29.56,1.02,-0.39,6.74,129.56,-0.05,-1.62,-1.55,-1.79,-1.81,13.78,55,661.2393333,13897
611,1,611,890.93,34.19,34.33,1862.94,40.48,33.01,1.51,1584.39,35.7,-27.66,-32.89,-67.5,-31.61,0.12,-5.14,10.79,121.3,-0.05,809.78,33.81,34.06,1782.45,39.64,33.03,1.52,1541.82,36.05,-38.48,-40.18,-60.38,-31.89,0.66,-4.75,11.42,121.4,-0.01,622.63,31.35,31.54,1151.74,33.97,30.02,1.46,953.39,31.1,-42.61,-34.2,-69.8,-30.79,-0.87,-1.55,6.93,132.33,-0.02,622.64,31.09,31.45,1309.03,30.06,30.03,1.52,1092.28,27.58,-40.75,-38.14,-64.04,-29.96,1.06,-0.39,6.57,132.78,-0.04,-1.6,-1.53,-1.78,-1.8,13.7,55,638.3446667,13673
612,1,612,883.79,34.23,34.34,1792.04,42.23,33.02,1.5,1508.18,37.53,-32.05,-33.89,-67.45,-31.14,0.06,-5.09,11.01,116.02,-0.04,805.22,33.74,33.92,1665.19,41.03,33.03,1.52,1443.83,38.43,-39.71,-39.3,-59.86,-30.84,0.61,-4.72,11.81,118.19,0,614.11,31.37,31.58,1152.23,34.3,30.04,1.47,952.67,31.25,-43.23,-32.29,-70.49,-31.62,-0.81,-1.53,7.24,124.69,-0.03,614.84,31.14,31.49,1315.25,30.2,30.03,1.53,1092.69,27.55,-43.45,-35.67,-64.13,-30.61,1.11,-0.39,6.95,125.79,-0.05,-1.6,-1.53,-1.79,-1.82,13.8,55,627.387,10888.66667
613,1,613,891.44,34.27,34.38,1811.07,42.17,33.04,1.49,1524.75,37.28,-30.48,-35.72,-67.49,-31.29,0.26,-4.97,11.07,118.45,-0.04,812.49,33.81,34,1716.61,40.62,33.03,1.52,1484.05,37.39,-41.04,-37.17,-58.4,-31.24,0.79,-4.59,11.77,120.29,0,612.8,31.46,31.68,1179.64,34.26,30.01,1.46,970.28,30.47,-43.38,-34.44,-71.12,-30.84,-0.92,-1.4,7,129.64,-0.03,612.51,31.29,31.64,1344.77,30.49,30.02,1.51,1104.28,27.21,-39.43,-36.47,-64.6,-30.2,1.03,-0.25,6.78,129.4,-0.05,-1.64,-1.56,-1.81,-1.82,14.05,55,632.5146667,15817
614,1,614,882.59,34.27,34.39,1861.65,41.07,33.04,1.52,1572.19,36.19,-31.69,-33.57,-67.53,-31.13,0.01,-4.92,10.74,121.48,-0.04,804.37,33.86,34.02,1745.01,40.09,33.03,1.53,1506.94,36.84,-41.79,-38.58,-61.05,-31.46,0.53,-4.57,11.49,121.79,0,609.79,31.44,31.61,1164.38,34.17,30.02,1.46,960.91,30.83,-46.05,-32.44,-69.73,-30.67,-0.96,-1.37,7.15,126.38,-0.04,609.83,31.24,31.53,1327.59,30.14,30.03,1.52,1101.31,27.35,-46.16,-34.4,-64.11,-29.95,0.98,-0.22,6.85,128.45,-0.05,-1.64,-1.54,-1.8,-1.82,12.96,135,756.674,12232
615,1,615,887.97,34.13,34.25,1823.53,40.63,33.04,1.54,1560.2,36.48,-33.84,-32.18,-67.77,-31.38,0.08,-5.02,10.71,119.69,-0.04,807.87,33.77,33.99,1727.2,40.24,33.01,1.54,1502.49,36.79,-41.96,-39.01,-59.93,-30.99,0.59,-4.66,11.47,120.12,-0.02,615.48,31.36,31.56,1161.76,33.89,30.02,1.48,960.13,30.85,-44.76,-32.42,-70.19,-32.02,-0.9,-1.46,6.74,131.03,-0.03,615.11,31.18,31.5,1309.62,30.36,30.03,1.53,1088.47,27.69,-43.38,-34.54,-64.21,-30.6,1.02,-0.32,6.55,130.19,-0.05,-1.63,-1.55,-1.79,-1.81,14.03,55,632.854,13538.33333
616,1,616,892.32,34.33,34.45,1877.43,41.26,33.03,1.5,1570.63,36.12,-30.05,-33.67,-67.83,-31.14,0.23,-5.03,11.1,117.39,-0.04,812.6,33.91,34.1,1772.94,40.18,33.02,1.51,1518.96,36.47,-39.47,-38.72,-60.36,-31.56,0.74,-4.67,11.81,118.23,0,616.02,31.38,31.56,1165.39,33.78,30.03,1.46,967.03,30.66,-46.18,-32.73,-70.36,-30.52,-0.88,-1.44,7.05,129.43,-0.04,617.57,31.22,31.52,1347.28,29.63,30.02,1.52,1119.93,26.78,-45.8,-36.44,-64.39,-29.67,1.03,-0.32,6.67,130.3,-0.05,-1.63,-1.55,-1.8,-1.81,13.67,55,669.576,12507.66667
617,1,617,871.78,34,34.09,1659.85,43.04,33.02,1.5,1424.35,39.7,-39.23,-33.15,-67.54,-31.03,0.32,-5.11,11.32,114.92,-0.03,792.05,33.64,33.82,1576.15,42.35,33.05,1.53,1389.68,39.98,-38.67,-38.76,-57.63,-30.63,0.87,-4.71,11.98,117.16,0,610.38,31.44,31.66,1194.59,33.69,30.03,1.48,988.46,29.99,-41.48,-34.41,-68.71,-32.81,-0.77,-1.49,7.12,123.56,-0.04,611.89,31.39,31.69,1377.25,30.07,30.03,1.53,1127.33,26.66,-36.74,-38.74,-64.43,-30.76,1.08,-0.31,6.89,124.37,-0.05,-1.64,-1.54,-1.79,-1.81,13.48,55,650.5573333,13377.66667
618,1,618,892.45,33.93,34.05,1746.05,40.5,33.02,1.53,1521.41,37.26,-34.78,-29.55,-67.62,-31.51,0.25,-5.08,10.78,118.99,-0.04,812.78,33.8,34.09,1709.04,41.56,33.01,1.52,1474.05,37.46,-40.52,-41.43,-59.72,-31.75,0.78,-4.74,11.37,122.45,-0.01,619.39,31.35,31.62,1171.03,34.04,30.03,1.47,972.32,30.55,-43.42,-32.48,-68.24,-30.46,-0.78,-1.52,6.77,134.11,-0.03,618.99,31.29,31.63,1336.33,30.62,30.03,1.52,1099.09,27.39,-40.01,-35.05,-64.11,-30.22,1.05,-0.34,6.52,133.26,-0.05,-1.64,-1.55,-1.8,-1.82,13.86,55,641.5746667,6916.666667
619,1,619,879.81,34.2,34.34,1852.45,40.77,33.03,1.52,1568.54,36.17,-30.06,-30.51,-67.83,-30.81,0.44,-4.99,10.6,118.86,-0.04,800.73,33.9,34.11,1765.69,40.47,33.03,1.53,1511.73,36.69,-37.14,-41.31,-61.04,-30.88,0.99,-4.62,11.45,122.22,-0.01,613.57,31.46,31.64,1167.47,34.31,30.04,1.47,962.49,30.93,-42.42,-33.43,-69.44,-32.2,-0.78,-1.42,6.85,131.06,-0.03,614.93,31.31,31.6,1308.36,31.15,30.02,1.51,1072.84,28.06,-40.56,-35.71,-64.35,-29.68,1.07,-0.28,6.71,132.99,-0.04,-1.63,-1.53,-1.79,-1.81,14.2,55,613.7626667,23528.33333
620,1,620,863.04,34.03,34.14,1720.62,42.01,33.02,1.51,1476.21,38.38,-35.65,-31.56,-68.15,-30.8,0.52,-5,11.1,116.71,-0.03,783.15,33.72,33.93,1640.48,41.73,33.04,1.53,1432.45,38.78,-41.39,-39.43,-58.63,-30.99,1.1,-4.62,11.84,117.6,0,603.87,31.46,31.68,1184.63,34.08,30.04,1.48,977.4,30.46,-41.32,-34.89,-70.21,-31.73,-0.74,-1.4,7.12,129.41,-0.03,603.6,31.36,31.71,1337.52,31.15,30.03,1.51,1087.71,27.7,-36.97,-37.95,-64.68,-29.71,1.07,-0.24,6.89,128.43,-0.05,-1.63,-1.54,-1.79,-1.81,14.21,55,704.5993333,25569
621,1,621,916.33,34.17,34.29,1763.4,42.36,33.01,1.48,1474.99,38.28,-42.85,-32.22,-68.33,-31.24,0.5,-5.15,11.33,117.17,-0.04,836.38,33.79,33.95,1646.4,41.78,33.01,1.49,1413.31,38.96,-40.98,-40.24,-57.89,-31.3,1.04,-4.78,11.9,117.76,0,642.3,31.7,31.9,1227.9,34.58,30.01,1.44,984.66,30,-41.56,-34.33,-70.71,-31.58,-0.86,-1.52,7.47,127.85,-0.03,641.76,31.51,31.88,1388.75,31.16,30.05,1.49,1115.95,27.07,-35.09,-38.81,-64.42,-30.01,1.11,-0.31,7.24,125.22,-0.05,-1.63,-1.55,-1.79,-1.81,13.84,55,610.4686667,27828
622,1,622,888.3,34.16,34.27,1758.71,42.32,33.02,1.5,1494.28,37.91,-32.99,-34.28,-67.79,-31.59,0.18,-4.98,10.83,118.97,-0.03,807.44,33.73,33.91,1649.53,41.28,33.03,1.52,1439.66,38.47,-40.59,-38.52,-58.94,-31.18,0.71,-4.61,11.51,122.39,0,622.71,31.39,31.62,1155.1,34.53,30.01,1.46,954.93,30.96,-42.04,-33.8,-71.09,-31.62,-0.82,-1.41,6.85,131.45,-0.03,621.83,31.2,31.55,1300.65,30.94,30.04,1.51,1075.63,28.1,-40.36,-36.59,-64.55,-30.78,1.12,-0.23,6.61,130.2,-0.04,-1.63,-1.55,-1.8,-1.81,13.79,55,577.3836667,10085
623,1,623,882.6,34.23,34.37,1881.73,40.48,33.03,1.52,1598.33,35.55,-27.54,-32.55,-67.47,-31.48,0.27,-4.88,10.73,120.96,-0.05,802.64,33.8,34.1,1804.26,39.5,33.03,1.53,1555.8,35.7,-38.71,-40.17,-59.75,-31.76,0.76,-4.52,11.4,120.52,-0.01,610.58,31.56,31.74,1192.71,34.32,30.01,1.45,970.68,30.43,-41.39,-32.73,-69.99,-30.94,-0.79,-1.35,7.17,128.54,-0.03,611.29,31.33,31.66,1341.58,30.73,30.03,1.5,1096.03,27.46,-37.58,-36,-64.28,-29.82,1.12,-0.2,6.97,130.74,-0.04,-1.6,-1.53,-1.78,-1.8,13.79,55,714.248,15613.66667
624,1,624,904.78,34.06,34.18,1733.8,42.06,33.02,1.5,1473.23,38.4,-38.63,-31.92,-67.62,-32.12,0.15,-5.03,10.57,126.97,-0.03,823.97,33.76,33.94,1642.82,41.75,33.04,1.51,1427.11,38.94,-41.01,-40.18,-58.16,-31.73,0.72,-4.62,11.31,125.42,0,630.98,31.6,31.82,1202.8,34.68,30.01,1.45,972.46,30.4,-42.18,-35,-71.21,-31.36,-0.86,-1.42,6.5,136.04,-0.03,632.35,31.37,31.77,1345.25,31.45,30.03,1.5,1089.26,27.66,-36.82,-37.34,-64.68,-29.98,1.08,-0.27,6.4,134.45,-0.05,-1.62,-1.54,-1.77,-1.79,13.68,55,656.4543333,15827
625,1,625,891.22,34.1,34.21,1713.38,42.88,33.02,1.5,1455.91,38.85,-41.16,-34.24,-67.99,-31.58,0.26,-5.06,10.8,120.84,-0.03,811.1,33.65,33.79,1592.4,41.58,33.02,1.53,1402.56,39.4,-38.8,-39.49,-57.83,-31.67,0.8,-4.67,11.52,122.41,0,622.14,31.47,31.69,1190.99,33.97,30.01,1.48,976.52,30.23,-41.58,-33.96,-71.32,-31.33,-0.91,-1.49,6.4,133.62,-0.03,624.07,31.28,31.61,1346.73,30.28,30.04,1.53,1111.51,27.16,-37.08,-37.35,-64.72,-30.09,1.05,-0.3,6.17,133.15,-0.05,-1.61,-1.52,-1.77,-1.79,13.98,55,671.5603333,15230
626,1,626,886.76,34.05,34.16,1731.64,41.94,33.01,1.51,1475.9,38.29,-38.44,-30.48,-68.05,-30.86,0.04,-4.98,10.77,122.82,-0.04,807.52,33.79,33.94,1647.52,41.66,33.03,1.52,1432.38,38.64,-40.52,-41.39,-58.76,-30.95,0.58,-4.59,11.58,125.1,0,621.67,31.32,31.53,1168.86,33.45,30.02,1.48,973.6,30.41,-42.5,-36.41,-69.54,-32.57,-0.72,-1.38,6.89,129.28,-0.03,622.63,31.27,31.58,1341.71,30.14,30.03,1.53,1107.29,27.16,-38.16,-39.36,-64.56,-30.09,1.12,-0.21,6.68,129.91,-0.04,-1.61,-1.53,-1.78,-1.79,14.68,55,735.9643333,14611
627,1,627,903.22,34.01,34.13,1760.96,40.94,33.02,1.5,1513.18,37.46,-35.76,-29.94,-68.06,-31.43,0.23,-5.05,11.3,116.76,-0.04,822.17,33.9,34.13,1720.06,41.71,33.03,1.49,1469.02,37.75,-41.14,-40.32,-58.84,-31.29,0.76,-4.68,11.84,117.39,0,633.55,31.33,31.59,1181.27,33.54,30.05,1.46,985.72,30.21,-42.42,-33.88,-68.92,-31.46,-0.81,-1.51,6.99,129.88,-0.04,633.89,31.25,31.61,1368.85,29.71,30.03,1.51,1129.72,26.6,-40.17,-36.63,-64.29,-30.78,1.02,-0.36,6.64,129.02,-0.06,-1.62,-1.54,-1.78,-1.8,13.86,55,708.8946667,18373.66667
628,1,628,881.06,34.04,34.15,1717.93,42.18,33.02,1.51,1468.51,38.58,-35.17,-31.46,-67.51,-30.92,0.49,-5.11,10.98,118.59,-0.03,799.2,33.77,33.92,1632.96,41.84,33.03,1.53,1421.79,38.99,-41.22,-40.54,-59.05,-30.6,1.05,-4.74,11.71,122.76,-0.01,617.08,31.38,31.57,1175.69,33.49,30.01,1.48,976.63,30.25,-41.04,-34.66,-69.41,-33.1,-0.82,-1.54,7.01,129.58,-0.02,616.09,31.28,31.57,1339.11,30.13,30.04,1.53,1109.47,27.18,-37.61,-38.48,-64.26,-30.24,1.08,-0.36,6.77,128.65,-0.05,-1.6,-1.52,-1.76,-1.78,13.87,55,583.6233333,8881.666667
629,1,629,888.66,34.06,34.19,1832.39,39.89,33.03,1.54,1583.76,35.87,-31.42,-29.82,-67.32,-30.99,0.29,-5.07,10.73,122.41,-0.05,808.8,33.78,34.06,1767.79,39.98,33.03,1.53,1535.79,36.17,-37.67,-42.09,-60.86,-31.54,0.85,-4.69,11.4,122.58,-0.02,613.88,31.38,31.58,1157.36,34.13,30.04,1.47,959.25,31.01,-44.57,-32.81,-68.77,-30.58,-0.79,-1.51,6.85,131.28,-0.03,614.35,31.27,31.59,1322.18,30.7,30.02,1.52,1086.43,27.67,-40.62,-36.14,-64.19,-29.06,1.05,-0.38,6.64,131.49,-0.04,-1.59,-1.5,-1.76,-1.78,13.83,55,623.121,15279.66667
631,2,631,852.03,33.75,33.89,1677.64,40.12,33.03,1.56,1480.07,38.01,-37.83,-30.56,-63.88,-26.47,-0.24,-4.79,10.46,131.56,-0.03,854.09,33.62,33.77,1642.52,40.24,33.04,1.57,1460.94,38.34,-43.24,-38.62,-56.63,-26.80,0.57,-3.88,11.04,130.90,-0.01,1027.36,31.70,31.82,1237.33,35.03,30.01,1.45,947.12,30.69,-38.83,-37.07,-68.35,-22.85,0.16,-1.99,6.11,153.01,-0.02,1026.81,31.66,31.87,1317.77,32.86,30.01,1.48,1021.49,28.72,-35.45,-35.22,-63.38,-23.55,0.80,-1.40,6.43,152.24,-0.04,-1.40,-1.32,-1.39,-1.43,0.02,55,632.20,65743.33
632,2,632,864.62,33.80,33.94,1682.00,40.46,33.04,1.54,1475.50,38.13,-38.78,-30.18,-63.71,-26.60,-0.20,-4.80,10.57,131.40,-0.03,866.18,33.64,33.77,1629.07,40.57,33.03,1.54,1440.68,38.71,-43.81,-40.52,-56.69,-26.71,0.64,-3.87,11.22,131.10,-0.02,1037.48,31.70,31.82,1227.77,35.34,30.01,1.44,934.93,31.08,-39.13,-33.69,-68.24,-23.44,0.11,-2.07,5.79,157.32,-0.02,1036.56,31.64,31.87,1303.16,33.23,30.03,1.47,1006.90,29.29,-35.17,-36.10,-63.75,-23.59,0.79,-1.48,6.16,155.97,-0.04,-1.40,-1.32,-1.38,-1.42,0.02,55,651.87,1674.67
633,2,633,845.75,33.65,33.79,1641.83,40.08,33.04,1.55,1468.30,38.34,-39.67,-31.40,-63.21,-26.03,-0.28,-4.78,10.47,132.47,-0.03,848.74,33.54,33.69,1615.80,40.14,33.03,1.56,1448.96,38.51,-43.79,-38.54,-56.48,-26.15,0.52,-3.90,11.09,132.21,-0.01,1018.04,31.58,31.69,1212.44,34.76,30.04,1.46,938.38,31.19,-39.89,-39.73,-68.71,-22.39,0.18,-1.93,5.61,159.27,-0.02,1016.22,31.54,31.76,1305.01,32.36,30.04,1.49,1021.24,28.89,-36.10,-34.79,-63.66,-23.14,0.83,-1.35,5.88,160.05,-0.03,-1.39,-1.32,-1.39,-1.44,0.02,55,582.20,709.95
634,2,634,855.44,33.80,33.94,1657.46,41.04,33.04,1.53,1452.55,38.77,-40.32,-31.57,-63.15,-25.13,-0.17,-4.69,10.34,136.00,-0.03,857.37,33.57,33.69,1599.79,40.52,33.03,1.56,1428.97,39.02,-43.84,-39.70,-56.20,-24.66,0.65,-3.76,10.95,135.60,-0.01,1026.64,31.68,31.80,1239.22,34.83,30.02,1.45,949.46,30.65,-39.27,-37.59,-68.55,-21.76,0.15,-2.00,5.80,159.45,-0.02,1026.55,31.63,31.85,1332.81,32.33,30.03,1.49,1038.44,28.37,-34.44,-34.20,-63.81,-22.25,0.84,-1.42,6.03,158.88,-0.04,-1.39,-1.32,-1.38,-1.42,0.02,55,612.08,1224.67
635,2,635,852.04,33.77,33.92,1687.66,40.18,33.03,1.54,1484.70,37.89,-35.12,-31.09,-63.55,-25.85,-0.23,-4.76,10.29,135.21,-0.03,853.34,33.60,33.76,1648.96,39.92,33.03,1.56,1468.02,38.07,-41.49,-39.09,-56.64,-25.70,0.58,-3.86,10.87,133.83,-0.01,1034.91,31.74,31.84,1248.33,34.91,30.01,1.44,950.61,30.55,-38.69,-36.05,-68.45,-22.53,0.15,-1.98,5.70,159.99,-0.02,1034.05,31.69,31.89,1332.34,32.62,30.02,1.47,1030.11,28.49,-34.96,-35.03,-63.53,-22.72,0.82,-1.40,5.96,160.34,-0.03,-1.39,-1.32,-1.38,-1.43,0.02,55,652.34,1214.33
636,2,636,866.35,33.75,33.88,1659.73,40.51,33.03,1.55,1462.31,38.42,-36.39,-30.13,-63.18,-26.28,0.10,-4.69,10.16,136.80,-0.03,868.75,33.61,33.74,1626.92,40.33,33.02,1.56,1444.84,38.53,-42.87,-40.98,-56.22,-26.10,0.93,-3.76,10.70,136.11,-0.01,1036.19,31.77,31.88,1255.85,34.99,30.01,1.45,954.80,30.42,-37.92,-35.08,-68.29,-22.91,0.21,-1.96,5.49,158.70,-0.02,1035.63,31.70,31.93,1337.58,32.75,30.02,1.48,1032.11,28.48,-34.16,-34.78,-63.87,-23.30,0.87,-1.39,5.76,159.52,-0.04,-1.39,-1.32,-1.38,-1.42,0.02,55,650.64,1174.67
637,2,637,857.82,33.81,33.96,1706.31,40.07,33.02,1.54,1492.60,37.56,-34.35,-31.12,-63.44,-25.81,-0.23,-4.81,10.20,133.09,-0.03,859.31,33.64,33.79,1670.28,39.75,33.01,1.55,1477.61,37.65,-41.80,-38.83,-56.75,-25.78,0.59,-3.90,10.83,135.20,-0.01,1039.75,31.80,31.91,1274.05,34.72,30.03,1.45,966.32,30.16,-38.46,-35.82,-68.16,-22.73,0.20,-1.97,5.55,158.53,-0.03,1039.13,31.72,31.94,1363.43,32.21,30.02,1.49,1051.36,27.95,-34.05,-34.86,-63.34,-23.08,0.87,-1.38,5.90,160.37,-0.04,-1.39,-1.32,-1.39,-1.44,0.02,55,662.11,1158.33
638,2,638,855.16,33.81,33.95,1685.89,40.50,33.04,1.55,1473.02,38.19,-41.91,-30.03,-63.48,-26.55,-0.05,-4.74,10.48,131.38,-0.03,857.09,33.59,33.72,1614.80,40.40,33.02,1.57,1438.72,38.72,-44.72,-39.61,-56.44,-26.70,0.78,-3.81,11.11,131.29,-0.01,1024.03,31.74,31.85,1239.52,35.26,30.02,1.45,947.38,30.68,-39.06,-34.97,-68.39,-22.97,0.13,-2.01,6.05,153.17,-0.03,1023.48,31.67,31.89,1315.66,33.07,30.02,1.47,1020.62,28.77,-34.65,-35.45,-63.74,-23.40,0.80,-1.44,6.32,153.52,-0.03,-1.40,-1.32,-1.39,-1.43,0.02,55,626.38,1153.67
639,2,639,858.08,33.78,33.93,1685.60,40.28,33.03,1.55,1478.23,38.01,-36.85,-30.09,-64.05,-27.06,-0.04,-4.77,10.27,132.94,-0.03,860.97,33.62,33.77,1626.35,40.57,33.03,1.56,1441.01,38.71,-41.79,-39.20,-57.13,-27.15,0.78,-3.88,10.97,133.47,-0.01,1028.21,31.66,31.78,1228.39,35.02,30.03,1.45,943.14,30.91,-38.11,-36.90,-67.99,-23.67,0.18,-1.95,5.80,154.47,-0.02,1027.18,31.59,31.81,1304.02,32.76,30.03,1.48,1014.94,29.00,-35.61,-35.19,-63.38,-24.14,0.82,-1.37,6.11,155.15,-0.03,-1.39,-1.33,-1.39,-1.43,0.02,55,610.83,1209.67
640,2,640,861.03,33.70,33.83,1640.34,40.51,33.04,1.55,1457.40,38.64,-40.33,-29.93,-63.49,-25.24,-0.04,-4.77,10.24,136.77,-0.03,862.98,33.57,33.70,1592.28,40.85,33.03,1.56,1421.48,39.24,-44.16,-40.38,-56.78,-24.85,0.80,-3.83,10.80,135.61,-0.01,1027.26,31.68,31.81,1232.64,35.08,30.02,1.46,944.82,30.83,-38.50,-33.98,-68.14,-21.76,0.14,-2.01,5.40,161.75,-0.02,1027.00,31.61,31.84,1318.88,32.61,30.03,1.49,1026.55,28.69,-34.79,-36.28,-63.81,-22.59,0.81,-1.44,5.68,160.55,-0.04,-1.40,-1.34,-1.39,-1.43,0.02,55,649.89,1200.00
641,2,641,863.51,33.71,33.85,1663.19,40.08,33.04,1.55,1473.94,38.19,-39.17,-31.02,-63.75,-27.70,-0.31,-4.90,10.52,132.06,-0.03,864.78,33.63,33.77,1636.98,40.35,33.02,1.55,1449.25,38.40,-44.22,-39.38,-56.53,-27.79,0.49,-4.01,11.13,133.30,-0.01,1033.24,31.72,31.84,1254.02,34.70,30.03,1.45,957.08,30.46,-39.21,-39.83,-68.23,-24.06,0.13,-2.08,6.09,155.03,-0.03,1032.88,31.69,31.90,1355.92,32.09,30.05,1.49,1053.23,28.06,-34.77,-33.71,-63.61,-24.09,0.80,-1.46,6.18,152.52,-0.04,-1.39,-1.33,-1.38,-1.42,0.02,55,622.37,1187.67
642,2,642,856.73,33.75,33.90,1677.80,40.16,33.03,1.55,1477.79,38.02,-36.13,-30.45,-63.20,-27.74,-0.23,-4.81,10.52,132.34,-0.03,859.26,33.61,33.76,1645.90,40.06,33.03,1.56,1461.59,38.19,-43.25,-39.29,-56.46,-28.32,0.61,-3.88,11.17,132.90,-0.02,1029.18,31.71,31.83,1244.28,34.92,30.02,1.44,946.85,30.70,-38.96,-37.92,-68.96,-24.45,0.10,-2.08,5.81,158.89,-0.03,1029.11,31.65,31.87,1331.59,32.51,30.02,1.47,1029.45,28.53,-35.12,-34.54,-63.80,-24.55,0.77,-1.51,6.08,158.07,-0.04,-1.39,-1.32,-1.39,-1.43,0.02,55,650.26,1181.67
643,2,643,856.93,33.78,33.92,1645.55,41.20,33.03,1.53,1436.34,39.12,-43.25,-31.39,-63.77,-26.74,-0.36,-4.90,10.70,132.32,-0.03,858.69,33.48,33.58,1546.64,40.84,33.03,1.57,1396.26,39.94,-42.24,-39.14,-56.69,-26.73,0.45,-4.01,11.38,132.94,-0.01,1025.56,31.71,31.82,1251.48,34.66,30.02,1.45,956.02,30.44,-39.17,-37.16,-68.50,-23.30,0.14,-2.09,5.85,156.20,-0.02,1025.17,31.67,31.87,1350.55,32.02,30.00,1.48,1049.33,27.88,-34.61,-34.47,-63.66,-23.82,0.78,-1.51,6.09,156.33,-0.03,-1.38,-1.32,-1.38,-1.43,0.02,55,651.42,1144.33
644,2,644,864.62,33.84,33.97,1684.08,40.74,33.04,1.53,1468.88,38.34,-38.94,-30.89,-63.46,-24.96,-0.10,-4.76,10.22,138.72,-0.03,867.15,33.60,33.70,1613.35,40.27,33.02,1.56,1435.95,38.80,-43.42,-38.98,-56.40,-24.96,0.72,-3.85,10.84,137.41,-0.01,1030.13,31.78,31.88,1256.69,34.95,30.04,1.45,957.99,30.52,-38.68,-36.04,-68.89,-21.82,0.15,-2.03,5.18,163.72,-0.02,1029.47,31.71,31.92,1340.58,32.63,30.03,1.48,1036.53,28.43,-33.67,-34.53,-63.87,-22.34,0.83,-1.48,5.59,164.84,-0.04,-1.39,-1.32,-1.38,-1.42,0.02,55,611.68,1175.67
645,2,645,851.29,33.64,33.78,1654.19,39.66,33.03,1.56,1479.70,37.98,-36.47,-30.42,-63.53,-26.23,-0.28,-4.76,10.65,131.43,-0.03,853.03,33.60,33.75,1642.96,40.04,33.03,1.56,1463.67,38.13,-42.60,-39.11,-56.37,-26.15,0.53,-3.86,11.16,131.17,-0.01,1019.74,31.70,31.81,1243.91,34.77,30.02,1.45,953.39,30.52,-38.43,-37.46,-68.55,-22.45,0.19,-1.92,6.25,152.76,-0.02,1019.84,31.65,31.87,1329.35,32.56,30.02,1.48,1031.90,28.45,-35.40,-35.29,-63.65,-22.79,0.83,-1.33,6.49,152.10,-0.04,-1.40,-1.33,-1.39,-1.43,0.02,55,601.72,1203.67
646,2,646,852.28,33.74,33.88,1643.22,40.86,33.03,1.52,1449.61,38.73,-41.05,-31.41,-63.17,-25.12,-0.22,-4.73,10.59,134.74,-0.03,854.24,33.55,33.67,1600.73,40.29,33.04,1.55,1439.97,38.83,-44.24,-39.48,-56.30,-24.93,0.62,-3.79,11.11,133.91,-0.01,1028.03,31.71,31.82,1238.82,35.00,30.04,1.45,947.35,30.84,-38.48,-36.21,-69.07,-21.97,0.18,-2.00,5.60,159.77,-0.02,1027.96,31.68,31.89,1323.61,32.87,30.03,1.47,1021.05,28.88,-34.49,-35.06,-64.05,-22.55,0.84,-1.43,5.96,160.94,-0.03,-1.40,-1.33,-1.38,-1.43,0.02,55,638.95,1215.67
647,2,647,850.02,33.72,33.87,1657.85,40.41,33.03,1.55,1465.94,38.36,-37.27,-31.52,-63.16,-26.59,-0.18,-4.82,10.47,133.25,-0.03,853.37,33.54,33.68,1614.16,40.07,33.05,1.57,1451.98,38.60,-43.77,-38.63,-56.53,-26.75,0.65,-3.90,11.07,134.07,-0.01,1018.19,31.71,31.82,1245.89,34.79,30.02,1.45,953.03,30.56,-39.11,-38.28,-68.53,-23.33,0.17,-2.03,5.58,158.74,-0.03,1016.25,31.66,31.87,1332.09,32.44,30.03,1.48,1036.02,28.42,-34.85,-34.06,-63.64,-23.51,0.85,-1.43,5.94,158.59,-0.03,-1.39,-1.32,-1.38,-1.43,0.02,55,662.74,1176.00
648,2,648,864.20,33.80,33.94,1690.73,40.25,33.03,1.55,1480.65,37.94,-35.55,-30.25,-63.30,-26.69,-0.04,-4.78,9.80,140.55,-0.03,866.53,33.64,33.78,1652.46,40.04,33.03,1.57,1466.06,38.11,-41.72,-39.52,-56.39,-26.69,0.80,-3.85,10.37,140.67,-0.01,1038.89,31.69,31.80,1252.52,34.44,30.03,1.46,957.21,30.48,-39.96,-37.37,-68.79,-23.04,0.17,-2.02,5.39,161.29,-0.02,1038.46,31.64,31.86,1350.98,31.90,30.00,1.49,1047.53,27.94,-35.53,-34.87,-63.92,-23.45,0.81,-1.49,5.70,162.11,-0.04,-1.39,-1.32,-1.39,-1.43,0.02,55,612.02,1163.33
649,2,649,857.52,33.72,33.86,1624.30,41.16,33.03,1.54,1431.87,39.26,-44.54,-30.93,-63.54,-26.13,-0.19,-4.83,10.59,134.20,-0.03,859.15,33.48,33.60,1549.12,41.00,33.04,1.57,1400.35,39.94,-41.30,-38.67,-56.24,-26.73,0.61,-3.93,11.21,133.81,-0.01,1011.68,31.68,31.79,1224.90,35.19,30.02,1.44,941.35,30.90,-39.09,-39.37,-68.44,-22.73,0.12,-2.02,5.73,161.49,-0.03,1011.84,31.64,31.84,1305.39,32.96,30.01,1.47,1016.17,28.87,-35.11,-33.98,-63.64,-23.21,0.76,-1.45,5.96,160.02,-0.03,-1.39,-1.31,-1.38,-1.43,0.02,55,611.68,1199.33
650,2,650,859.87,33.75,33.91,1707.19,39.57,33.03,1.56,1503.97,37.36,-36.66,-28.80,-64.07,-27.69,0.05,-4.77,10.33,131.19,-0.04,861.43,33.68,33.82,1671.28,39.96,33.03,1.56,1476.14,37.87,-40.99,-40.96,-57.01,-28.21,0.92,-3.83,11.02,132.65,-0.01,1031.06,31.79,31.90,1270.85,34.75,30.02,1.45,962.98,30.21,-37.85,-33.58,-68.52,-24.47,0.14,-2.03,5.44,159.46,-0.03,1030.35,31.74,31.95,1347.88,32.69,30.02,1.47,1034.41,28.40,-34.27,-36.13,-63.96,-24.59,0.79,-1.47,5.88,156.99,-0.03,-1.40,-1.33,-1.38,-1.43,0.02,55,649.51,1210.67
651,2,651,855.05,33.77,33.89,1632.16,41.30,33.04,1.53,1434.37,39.26,-42.38,-32.52,-63.17,-25.80,-0.36,-4.79,10.33,139.36,-0.03,857.59,33.50,33.62,1567.67,40.67,33.03,1.57,1411.79,39.51,-43.13,-38.27,-56.67,-25.70,0.43,-3.90,10.95,137.54,-0.01,1023.59,31.70,31.81,1250.57,34.55,30.03,1.45,959.43,30.38,-39.16,-38.99,-68.74,-22.30,0.17,-2.00,5.59,162.48,-0.02,1022.49,31.66,31.86,1344.04,32.09,30.01,1.48,1048.35,27.97,-34.80,-34.21,-63.66,-23.00,0.82,-1.42,5.81,162.72,-0.03,-1.39,-1.32,-1.38,-1.43,0.02,55,633.98,1160.33
652,2,652,857.90,33.79,33.93,1658.14,40.96,33.04,1.53,1451.52,38.80,-39.39,-31.03,-63.30,-27.47,-0.14,-4.79,10.50,134.04,-0.03,859.36,33.59,33.71,1605.01,40.59,33.03,1.55,1431.52,39.00,-44.10,-39.39,-56.33,-27.75,0.69,-3.85,11.12,134.87,-0.01,1029.24,31.71,31.83,1249.46,34.77,30.02,1.45,950.86,30.59,-39.39,-36.81,-68.83,-24.37,0.11,-2.06,5.74,156.25,-0.03,1029.33,31.67,31.89,1342.10,32.39,30.03,1.48,1036.96,28.37,-34.74,-34.70,-63.89,-24.31,0.80,-1.49,5.95,156.12,-0.04,-1.39,-1.32,-1.38,-1.43,0.02,55,594.48,1177.67
653,2,653,856.73,33.65,33.79,1643.60,40.05,33.04,1.56,1468.33,38.39,-39.65,-31.12,-63.50,-24.45,-0.39,-4.82,10.12,138.35,-0.03,860.18,33.56,33.68,1605.86,40.28,33.03,1.56,1438.84,38.79,-43.40,-39.20,-56.66,-24.07,0.40,-3.93,10.69,137.60,-0.01,1040.83,31.70,31.81,1248.00,34.66,30.02,1.45,955.12,30.44,-39.91,-40.48,-68.25,-20.79,0.14,-2.05,5.78,160.72,-0.02,1039.22,31.67,31.87,1345.63,32.14,30.04,1.49,1048.22,28.17,-34.64,-33.41,-63.65,-21.49,0.83,-1.42,5.94,159.52,-0.04,-1.39,-1.32,-1.38,-1.43,0.02,55,627.47,1236.67
654,2,654,861.67,33.71,33.85,1666.43,40.04,33.04,1.55,1478.33,38.11,-37.37,-30.48,-63.08,-24.09,-0.18,-4.84,10.29,141.54,-0.03,864.43,33.61,33.76,1643.01,40.06,33.03,1.56,1459.63,38.23,-43.31,-39.80,-56.30,-23.44,0.63,-3.93,10.79,137.76,-0.01,1036.15,31.57,31.69,1216.69,34.58,30.03,1.46,938.11,31.10,-40.01,-42.10,-68.88,-20.36,0.12,-2.05,5.54,164.93,-0.02,1035.26,31.51,31.74,1314.88,31.95,30.05,1.50,1031.06,28.66,-36.09,-33.81,-63.88,-21.15,0.80,-1.47,5.76,167.38,-0.04,-1.39,-1.31,-1.39,-1.43,0.02,55,601.30,1194.00
655,2,655,844.57,33.83,33.96,1674.40,40.89,33.03,1.53,1461.27,38.49,-41.33,-31.04,-63.96,-25.99,-0.20,-4.78,10.58,134.28,-0.03,846.40,33.56,33.67,1591.02,40.59,33.03,1.56,1425.09,39.14,-44.52,-39.88,-56.45,-25.49,0.62,-3.87,11.16,132.81,0.00,1014.28,31.72,31.82,1254.26,34.59,30.03,1.45,961.40,30.31,-37.94,-37.03,-68.39,-22.59,0.23,-1.98,5.69,157.99,-0.02,1013.21,31.67,31.88,1343.18,32.25,30.02,1.48,1044.32,28.14,-34.36,-34.04,-63.69,-23.05,0.88,-1.40,6.05,159.22,-0.04,-1.39,-1.32,-1.39,-1.43,0.02,55,622.92,1213.67
656,2,656,853.86,33.70,33.84,1647.90,40.43,33.04,1.54,1461.59,38.49,-42.33,-30.49,-63.12,-24.68,-0.12,-4.70,10.65,136.33,-0.03,855.74,33.55,33.68,1600.63,40.37,33.02,1.55,1434.86,38.84,-43.53,-40.33,-56.36,-24.39,0.70,-3.78,11.25,135.33,-0.01,1019.04,31.72,31.83,1262.29,34.39,30.01,1.45,965.47,30.09,-38.19,-36.91,-68.97,-21.39,0.21,-1.99,5.53,166.52,-0.03,1018.04,31.68,31.88,1352.56,32.06,30.00,1.48,1049.84,27.86,-34.21,-34.22,-64.13,-21.76,0.86,-1.41,5.80,167.00,-0.04,-1.39,-1.32,-1.39,-1.43,0.02,55,650.24,1182.67
657,2,657,865.53,33.70,33.84,1635.04,40.70,33.04,1.55,1448.80,38.88,-42.33,-31.24,-63.27,-25.05,-0.34,-4.85,10.20,138.51,-0.03,867.23,33.55,33.68,1586.32,40.74,33.04,1.56,1419.07,39.37,-42.98,-39.86,-56.71,-24.99,0.54,-3.94,10.82,139.04,-0.01,1028.52,31.71,31.82,1245.41,34.82,30.02,1.45,949.30,30.65,-38.77,-38.81,-68.80,-21.81,0.26,-2.03,5.17,166.71,-0.03,1028.09,31.68,31.88,1337.05,32.42,30.03,1.48,1035.37,28.45,-34.62,-33.12,-63.43,-22.53,0.92,-1.44,5.46,165.29,-0.04,-1.39,-1.32,-1.39,-1.43,0.02,55,588.11,1150.00
658,2,658,858.64,33.70,33.84,1668.59,39.89,33.04,1.55,1484.49,37.94,-35.90,-29.74,-63.40,-26.56,-0.04,-4.68,10.41,133.92,-0.03,861.00,33.63,33.76,1645.56,40.05,33.02,1.55,1462.06,38.15,-40.90,-41.54,-56.12,-26.78,0.78,-3.76,11.00,132.54,0.00,1028.96,31.62,31.73,1229.09,34.58,30.03,1.45,945.11,30.84,-39.08,-38.21,-68.84,-23.02,0.21,-1.97,5.57,157.31,-0.02,1028.20,31.57,31.78,1325.86,31.98,30.01,1.48,1033.42,28.38,-35.42,-34.00,-63.90,-23.59,0.86,-1.42,5.84,159.31,-0.04,-1.39,-1.32,-1.38,-1.43,0.02,55,599.14,1249.67
659,2,659,854.01,33.81,33.96,1695.28,40.35,33.04,1.54,1483.33,37.93,-35.88,-30.98,-63.73,-27.15,-0.10,-4.77,10.20,133.27,-0.03,855.44,33.61,33.76,1646.40,39.97,33.05,1.57,1468.14,38.18,-41.90,-39.03,-56.56,-27.41,0.74,-3.86,10.95,136.43,-0.02,1022.10,31.67,31.77,1240.14,34.60,30.02,1.45,946.51,30.72,-38.38,-39.48,-68.82,-24.32,0.15,-2.01,5.16,163.99,-0.02,1021.33,31.62,31.82,1328.60,32.18,30.03,1.48,1034.58,28.43,-35.26,-33.53,-63.44,-24.36,0.84,-1.41,5.46,162.66,-0.03,-1.39,-1.32,-1.38,-1.43,0.02,55,623.53,1207.67
660,2,660,851.81,33.78,33.92,1664.86,40.69,33.04,1.54,1462.77,38.49,-36.77,-30.64,-63.24,-27.65,-0.17,-4.70,10.60,130.38,-0.03,853.51,33.58,33.71,1616.92,40.31,33.03,1.56,1442.30,38.70,-42.79,-39.26,-56.58,-28.04,0.64,-3.79,11.23,131.26,0.00,1029.31,31.67,31.77,1231.08,34.84,30.01,1.44,942.48,30.83,-39.73,-37.43,-68.76,-24.51,0.14,-2.02,5.96,155.33,-0.02,1028.59,31.61,31.82,1317.75,32.44,30.02,1.48,1024.76,28.67,-34.94,-34.55,-63.72,-24.41,0.81,-1.45,6.29,154.74,-0.03,-1.39,-1.32,-1.38,-1.43,0.02,55,657.06,1201.67
661,2,661,858.61,33.67,33.81,1663.82,39.74,33.03,1.56,1478.56,38.02,-38.60,-29.63,-63.73,-27.35,-0.14,-4.85,10.50,134.67,-0.03,860.75,33.60,33.74,1633.64,40.17,33.04,1.57,1458.25,38.34,-43.44,-39.95,-56.49,-27.75,0.70,-3.95,11.07,133.79,-0.01,1024.55,31.62,31.73,1235.34,34.42,30.02,1.45,948.49,30.65,-39.57,-39.11,-68.69,-23.71,0.19,-2.07,5.96,159.83,-0.03,1023.80,31.59,31.79,1331.03,31.93,30.00,1.48,1037.74,28.20,-35.68,-34.03,-63.77,-24.25,0.83,-1.51,6.13,158.18,-0.03,-1.39,-1.32,-1.39,-1.43,0.02,55,624.33,1152.00
662,2,662,862.94,33.73,33.87,1631.22,41.08,33.03,1.53,1437.94,39.09,-40.72,-30.63,-63.27,-25.52,0.02,-4.72,10.52,137.05,-0.03,865.19,33.54,33.65,1576.90,40.78,33.04,1.55,1414.58,39.50,-44.11,-41.27,-56.44,-25.28,0.87,-3.79,11.09,135.49,-0.01,1032.36,31.68,31.79,1243.11,34.66,30.04,1.45,952.75,30.67,-39.42,-37.46,-68.91,-21.78,0.24,-1.97,5.76,159.64,-0.03,1031.61,31.65,31.86,1342.19,32.15,30.04,1.48,1044.05,28.29,-34.60,-34.15,-63.81,-22.47,0.93,-1.38,5.95,160.31,-0.04,-1.39,-1.32,-1.38,-1.43,0.02,55,642.30,1191.67
663,2,663,867.19,33.75,33.88,1644.01,40.88,33.04,1.54,1448.75,38.89,-38.99,-31.96,-63.42,-26.37,-0.24,-4.84,10.33,137.77,-0.03,870.08,33.56,33.68,1598.44,40.45,33.02,1.56,1424.66,39.05,-43.60,-38.63,-56.96,-26.44,0.57,-3.96,11.06,139.13,-0.01,1029.42,31.68,31.78,1256.62,34.16,30.02,1.46,962.31,30.25,-38.90,-39.69,-69.03,-23.35,0.17,-2.02,5.38,164.54,-0.02,1028.54,31.65,31.84,1355.41,31.70,30.02,1.49,1054.87,27.81,-35.23,-34.07,-63.69,-23.51,0.83,-1.44,5.67,163.27,-0.04,-1.39,-1.32,-1.39,-1.44,0.02,55,651.86,1179.33
664,2,664,864.32,33.72,33.85,1619.14,41.20,33.03,1.52,1429.99,39.26,-41.08,-31.63,-62.84,-25.64,0.04,-4.78,10.88,133.78,-0.03,866.22,33.52,33.62,1573.37,40.55,33.04,1.55,1421.76,39.36,-43.35,-39.63,-56.08,-25.63,0.89,-3.83,11.35,132.70,-0.01,1036.85,31.65,31.76,1234.23,34.62,30.04,1.45,947.94,30.86,-40.57,-41.15,-69.04,-22.48,0.16,-2.04,5.91,158.86,-0.03,1036.59,31.62,31.83,1337.77,32.00,30.05,1.48,1041.15,28.39,-35.19,-33.45,-63.96,-23.03,0.84,-1.47,6.10,159.28,-0.04,-1.39,-1.32,-1.39,-1.43,0.02,55,585.76,1174.00
665,2,665,854.82,33.75,33.89,1670.13,40.34,33.03,1.55,1472.53,38.17,-36.26,-31.48,-63.24,-27.00,-0.27,-4.90,10.10,136.15,-0.03,857.55,33.59,33.75,1644.48,39.96,33.05,1.57,1469.01,38.15,-43.18,-38.13,-56.64,-27.29,0.57,-3.99,10.82,139.91,-0.02,1016.52,31.75,31.85,1243.25,35.15,30.01,1.44,943.80,30.78,-38.32,-37.46,-68.88,-23.91,0.12,-2.10,5.13,166.66,-0.02,1015.93,31.69,31.89,1317.04,33.03,30.02,1.47,1015.41,28.97,-35.14,-34.54,-63.64,-23.84,0.79,-1.51,5.52,164.50,-0.03,-1.39,-1.31,-1.38,-1.42,0.02,55,616.17,1234.67
666,2,666,851.87,33.73,33.87,1646.46,40.68,33.04,1.55,1453.50,38.71,-41.60,-30.74,-63.30,-26.88,-0.22,-4.77,10.54,132.90,-0.03,854.00,33.55,33.69,1598.72,40.52,33.03,1.57,1431.42,38.98,-43.89,-39.51,-56.37,-27.25,0.61,-3.84,11.41,135.01,-0.01,1022.36,31.73,31.85,1251.55,34.90,30.01,1.45,953.12,30.44,-38.76,-34.07,-69.15,-23.56,0.14,-2.01,5.94,155.40,-0.02,1022.14,31.68,31.90,1334.79,32.64,30.01,1.48,1034.53,28.33,-34.70,-36.10,-64.15,-23.82,0.82,-1.43,6.27,155.13,-0.04,-1.40,-1.33,-1.39,-1.43,0.02,55,609.39,1189.33
667,2,667,850.27,33.77,33.91,1683.18,40.18,33.03,1.56,1482.81,37.91,-38.07,-31.56,-63.39,-25.65,-0.10,-4.78,10.14,135.29,-0.03,851.86,33.54,33.69,1624.56,39.90,33.04,1.58,1459.18,38.33,-44.12,-38.95,-56.71,-25.73,0.73,-3.86,10.86,136.62,-0.01,1013.25,31.66,31.77,1233.73,34.77,30.03,1.46,951.58,30.65,-38.34,-35.44,-68.55,-22.46,0.15,-1.99,5.54,158.78,-0.02,1013.24,31.57,31.79,1307.44,32.51,30.02,1.48,1026.13,28.65,-35.47,-35.50,-63.40,-22.74,0.81,-1.42,5.82,158.19,-0.03,-1.39,-1.32,-1.39,-1.43,0.02,55,617.87,1223.00
668,2,668,849.86,33.71,33.86,1635.46,40.84,33.04,1.55,1449.30,38.86,-39.91,-30.68,-63.15,-26.03,-0.14,-4.70,10.17,137.70,-0.03,851.57,33.51,33.65,1579.52,40.69,33.02,1.57,1419.09,39.23,-43.71,-40.69,-56.44,-25.92,0.67,-3.78,10.70,137.88,-0.01,1021.58,31.72,31.83,1251.13,34.75,30.01,1.45,954.51,30.41,-37.65,-35.08,-68.21,-22.75,0.16,-2.00,4.85,160.84,-0.03,1021.21,31.65,31.87,1336.77,32.35,30.02,1.49,1037.67,28.30,-34.70,-34.79,-63.90,-23.52,0.84,-1.43,5.37,164.08,-0.03,-1.39,-1.32,-1.38,-1.43,0.02,55,635.13,1193.67
669,2,669,877.37,33.82,33.99,1799.61,38.23,33.04,1.58,1579.89,35.71,-33.89,-30.54,-63.77,-27.21,-0.23,-4.84,9.71,139.65,-0.04,880.15,33.69,33.84,1745.34,38.42,33.03,1.58,1538.99,36.29,-41.89,-40.69,-57.68,-27.33,0.59,-3.94,10.44,140.89,-0.02,1031.57,31.66,31.76,1237.03,34.59,30.01,1.45,943.98,30.76,-43.24,-36.82,-69.22,-23.76,0.17,-1.92,5.46,165.78,-0.03,1030.94,31.52,31.75,1319.05,31.87,30.03,1.49,1035.17,28.44,-37.21,-34.73,-63.38,-24.01,0.88,-1.26,5.62,163.78,-0.03,-1.42,-1.36,-1.40,-1.45,0.02,55,615.48,1185.00
670,2,670,871.78,33.83,33.99,1760.62,39.06,33.03,1.57,1541.36,36.47,-31.39,-30.04,-63.50,-27.43,-0.08,-4.68,9.66,142.72,-0.05,874.60,33.65,33.80,1705.07,39.03,33.04,1.58,1509.54,37.07,-38.53,-41.94,-57.50,-27.20,0.75,-3.73,10.42,141.99,-0.02,1032.47,31.61,31.72,1237.61,34.24,30.02,1.46,950.26,30.59,-43.97,-37.55,-69.89,-24.00,0.23,-1.91,5.48,166.18,-0.03,1031.96,31.47,31.71,1331.84,31.27,30.01,1.50,1049.77,27.90,-36.76,-34.33,-64.07,-24.22,0.92,-1.31,5.63,164.79,-0.04,-1.41,-1.35,-1.41,-1.45,0.02,55,638.37,1190.00
