Header Section,,,,,,,,,,,,,,,,,,,,,,,,,,,,,,,,,,,,,,,,,,
Product,VC5282,,,,,,,,,,,,,,,,,,,,,,,,,,,,,,,,,,,,,,,,,
Test Plan,Rev(H),,,,,,,,,,,,,,,,,,,,,,,,,,,,,,,,,,,,,,,,,
Release Date,2013/4/22,,,,,,,,,,,,,,,,,,,,,,,,,,,,,,,,,,,,,,,,,
Comment,Dual Band," 301~330 is valid for Acetech,801~819 are for ASEN VC5282_E3.14.1,601~615 are for Sigurd E4.14.8;",,,,,,,,,,,,,,,,,,,,,,,,,,,,,,,,,,,,,,,,
,,,,,,,,,,,,,,,,,,,,,,,,,,,,,,,,,,,,,,,,,,
Data Section,,,,,,,,,,,,,,,,,,,,,,,,,,,,,,,,,,,,,,,,,,
Device#,1,2,3,4,5,6,7,8,9,10,11,12,13,14,15,16,17,18,19,20,21,22,23,24,25,26,27,28,29,30,31,32,33,34,35,36,37,38,39,40,41,42
Test Item,Site No,Device ID,GSM915 Idle Current,GSM915 Max Pout@0dBm drive,GSM915 Max Pout,GSM915 Max Icc,GSM915 Max PAE,GSM915 Rated Pout,GSM915 Rated Vramp,GSM915 Rated Icc,GSM915 Rated PAE,GSM915 2nd har@33dBm,GSM915 3rd har@33dBm,GSM915 Max Fwd Iso1,GSM915 Max Fwd Iso2,GSM915 Pout Leakage@RX0,GSM915 Pout Leakage@RX1,GSM915 CMOS Pout,GSM915 Pout Slope,GSM915 Stress Delta,DCS1785 Idle Current,DCS1785 Max Pout@0dBm drive,DCS1785 Max Pout,DCS1785 Max Icc,DCS1785 Max PAE,DCS1785 Rated Pout,DCS1785 Rated Vramp,DCS1785 Rated Icc,DCS1785 Rated PAE,DCS1785 2nd har@33dBm,DCS1785 3rd har@33dBm,DCS1785 Max Fwd Iso1,DCS1785 Max Fwd Iso2,DCS1785 Pout Leakage@RX0,DCS1785 Pout Leakage@RX1,DCS1785 CMOS Pout,DCS1785 Pout Slope,DCS1785 Stress Delta,Insertion Loss RX0 960MHz,Insertion Loss RX1 1805MHz,Leakage Current,Leakage Current Wait Time
Low Tolerance,,,60,0.3,0.3,60,,,,60,,2,2,3,2,3,3,1,,,60,0.3,0.3,60,,,,60,,3,3,3,2,3,3,1,,,0.3,0.3,5,
High Tolerance,,,60,0.3,0.3,60,,,,60,,2,2,3,2,3,3,1,,,60,0.3,0.3,60,,,,60,,3,3,3,2,3,3,1,,,0.3,0.3,10,
Enable,,,1,1,1,1,0,0,0,1,0,1,1,1,1,1,1,1,0,0,1,1,1,1,0,0,0,1,0,1,1,1,1,1,1,1,0,0,1,1,1,0
301,1,301,878.947,33.697,33.889,1564.636,45.008,33.013,1.550,1388.357,41.486,-40.260,-36.383,-55.241,-29.243,2.389,-4.530,11.468,132.849,0.000,1019.308,31.573,31.650,1211.778,34.919,29.987,1.416,945.319,30.577,-38.196,-34.155,-54.988,-31.094,3.351,1.439,6.031,153.343,0.002,-1.321,-1.282,3.900,35
302,1,302,880.920,33.683,33.883,1575.292,44.647,33.018,1.556,1400.100,41.190,-41.046,-34.842,-56.197,-29.244,2.191,-4.568,11.236,134.478,-0.004,1017.355,31.349,31.454,1182.818,34.201,30.003,1.431,939.064,30.889,-41.996,-37.320,-54.782,-30.968,3.074,1.204,5.841,155.102,-0.001,-1.361,-1.268,3.902,35
303,1,303,893.053,33.776,33.964,1601.563,44.737,32.980,1.538,1400.095,40.834,-40.520,-35.852,-55.647,-27.700,2.449,-4.356,11.329,135.530,-0.002,1035.452,31.462,31.565,1217.902,34.083,29.997,1.425,957.265,30.269,-43.315,-35.217,-54.745,-29.559,3.200,1.434,5.958,154.819,0.002,-1.354,-1.224,3.913,35
304,1,304,885.192,33.694,33.874,1585.194,44.275,32.976,1.556,1405.245,40.647,-40.810,-35.643,-55.390,-27.825,2.136,-4.540,11.453,131.618,-0.002,1010.098,31.390,31.488,1196.005,34.097,30.009,1.434,950.325,30.570,-41.081,-35.597,-55.079,-29.907,3.135,1.275,5.605,158.232,0.002,-1.340,-1.355,3.684,35
305,1,305,890.632,33.783,33.975,1605.633,44.735,32.977,1.541,1400.732,40.786,-39.585,-35.595,-56.372,-28.093,2.435,-4.362,11.291,132.642,-0.002,1028.255,31.494,31.599,1219.251,34.312,29.985,1.429,952.025,30.352,-42.626,-38.431,-54.806,-30.396,3.252,1.435,5.662,155.424,0.002,-1.349,-1.215,2.010,35
306,1,306,897.752,33.783,33.983,1609.883,44.705,32.990,1.538,1404.641,40.795,-40.231,-34.961,-56.723,-29.102,2.241,-4.320,11.454,130.224,-0.003,1031.289,31.369,31.496,1185.160,34.465,30.001,1.434,937.275,30.936,-41.690,-35.155,-53.369,-31.592,3.085,1.411,5.647,155.974,0.002,-1.341,-1.202,3.872,35
307,1,307,873.259,33.650,33.894,1594.394,44.225,33.010,1.556,1418.286,40.590,-40.583,-35.002,-55.246,-29.378,2.283,-4.283,11.079,132.084,-0.004,1013.322,31.515,31.643,1203.531,35.100,29.997,1.425,939.926,30.820,-42.458,-37.312,-55.040,-31.749,3.184,1.580,5.272,156.451,0.001,-1.341,-1.198,3.865,35
308,1,308,894.115,33.761,33.940,1597.592,44.605,33.001,1.538,1403.328,40.936,-40.793,-35.439,-55.577,-27.723,2.283,-4.496,11.434,133.422,-0.002,1034.959,31.429,31.527,1206.628,34.095,29.991,1.425,950.459,30.445,-39.744,-34.355,-54.932,-29.337,3.206,1.250,5.828,156.279,0.001,-1.327,-1.200,4.011,35
309,1,309,902.906,33.778,33.950,1593.153,44.837,33.017,1.556,1402.570,41.100,-39.706,-35.260,-55.227,-28.326,2.333,-4.431,11.239,135.846,-0.002,1038.326,31.455,31.539,1191.152,34.634,29.992,1.425,935.179,30.941,-41.229,-36.060,-54.956,-30.077,3.015,1.332,5.477,161.335,0.000,-1.344,-1.215,3.927,35
310,1,310,886.823,33.645,33.827,1531.067,45.339,32.976,1.542,1355.398,42.132,-38.090,-35.283,-55.521,-30.524,2.389,-4.527,11.520,132.669,0.000,1019.569,31.525,31.613,1207.714,34.745,29.982,1.425,944.127,30.579,-39.975,-34.147,-54.842,-33.290,3.199,1.419,5.568,156.577,0.004,-1.329,-1.200,3.893,35
311,1,311,896.812,33.616,33.811,1592.840,43.437,32.968,1.575,1423.411,40.059,-41.179,-35.396,-55.490,-30.372,2.232,-4.406,11.202,133.792,-0.002,1023.769,31.474,31.589,1206.775,34.581,30.007,1.434,949.258,30.593,-41.764,-35.142,-53.529,-32.175,3.188,1.523,5.097,162.894,0.002,-1.352,-1.215,3.844,35
312,1,312,890.557,33.610,33.782,1485.931,46.231,32.991,1.538,1316.424,43.518,-33.573,-35.553,-55.371,-29.875,1.963,-4.523,11.768,133.342,-0.002,1027.325,31.475,31.569,1216.807,34.141,30.004,1.432,953.041,30.452,-37.800,-33.499,-54.764,-31.694,3.298,1.424,5.477,158.602,0.002,-1.324,-1.190,3.810,35
313,1,313,883.113,33.770,33.957,1617.160,44.239,33.035,1.555,1425.084,40.629,-39.795,-33.257,-56.302,-27.382,2.283,-4.440,11.696,130.343,-0.006,1023.110,31.489,31.588,1216.543,34.294,29.974,1.425,950.070,30.335,-40.460,-33.973,-54.691,-29.203,3.203,1.365,6.269,153.009,0.000,-1.338,-1.206,3.821,35
314,1,314,903.350,33.814,33.992,1629.891,44.250,32.995,1.546,1422.591,40.328,-42.234,-36.732,-56.026,-30.137,2.203,-4.415,11.405,133.847,-0.001,1043.866,31.372,31.466,1202.733,33.737,30.013,1.434,949.310,30.629,-41.155,-35.400,-54.894,-31.640,3.167,1.215,5.753,158.012,0.002,-1.338,-1.206,3.684,35
315,1,315,896.062,33.741,33.913,1571.607,45.054,32.984,1.538,1378.239,41.509,-41.023,-36.095,-56.433,-26.634,2.214,-4.548,11.336,134.717,-0.001,1035.126,31.412,31.508,1195.133,34.274,29.965,1.425,941.753,30.537,-42.408,-36.384,-54.812,-28.307,3.216,1.290,5.722,157.422,0.001,-1.365,-1.229,3.745,35
316,1,316,880.952 ,33.665 ,33.913 ,1595.699 ,44.388 ,32.981 ,1.556 ,1407.387 ,40.627 ,-41.787 ,-34.570 ,-55.620 ,-28.558 ,2.292 ,-4.429 ,11.150 ,130.345 ,-0.002 ,1008.106 ,31.329 ,31.468 ,1191 ,34.086,30.032,1.443,950.024,30.738,-39.014,-33.973,-54.637,-30.659,3.115,1.289,5.837,150.241,0.002,-1.331,-1.197,3.845,35 
317,1,317,881.979 ,33.713 ,33.923 ,1584.545 ,44.801 ,33.019 ,1.551 ,1401.103 ,41.161 ,-43.115 ,-34.502 ,-55.747 ,-27.394 ,2.377 ,-4.312 ,11.345 ,131.848 ,0.000 ,1022.634 ,31.452 ,31.544 ,1200 ,34.413,29.97,1.425,942.888,30.538,-40.526,-34.275,-54.867,-29.46,3.201,1.461,5.749,154.507,0.001,-1.350 ,-1.206 ,3.792 ,35 
318,1,318,892.122 ,33.747 ,33.947 ,1642.777 ,43.457 ,32.962 ,1.556 ,1443.865 ,39.437 ,-42.670 ,-35.524 ,-55.366 ,-26.161 ,2.000 ,-4.411 ,11.017 ,135.922 ,-0.002 ,1037.185 ,31.434 ,31.518 ,1202 ,34.175,29.992,1.43,944.28,30.643,-39.726,-35.242,-54.956,-27.832,3.108,1.334,5.535,160.032,0.001,-1.328 ,-1.200 ,3.776 ,35 
319,1,319,887.047 ,33.723 ,33.902 ,1612.267 ,43.816 ,32.980 ,1.556 ,1426.786 ,40.067 ,-40.662 ,-36.366 ,-55.149 ,-29.839 ,2.402 ,-4.550 ,11.319 ,133.890 ,0.000 ,1021.203 ,31.396 ,31.488 ,1202 ,33.914,29.996,1.43,949.49,30.505,-38.268,-34.57,-54.999,-31.387,3.148,1.189,5.737,158.546,0.004,-1.345 ,-1.214 ,3.720 ,35 
320,1,320,884.477 ,33.688 ,33.898 ,1571.191 ,44.916 ,33.033 ,1.555 ,1395.669 ,41.454 ,-39.745 ,-35.908 ,-56.360 ,-28.194 ,2.232 ,-4.480 ,11.426 ,133.180 ,-0.002 ,1013.804 ,31.397 ,31.498 ,1204.535 ,33.936 ,30.004 ,1.434 ,951.472 ,30.499 ,-38.803 ,-33.998 ,-54.565 ,-30.180 ,3.197 ,1.265 ,5.531 ,157.788 ,0.004 ,-1.324 ,-1.202 ,3.616 ,35 
801,1,801,928.005,33.664,33.812,1635.027,42.322,32.981,1.519,1455.929,39.269,-42.052,-39.988,-56.403,-27.524,1.064,-4.156,12.136,125.521,0,1060.366,31.516,31.618,1202.147,34.926,29.99,1.406,930.127,31.071,-42.524,-36.86,-55.296,-24.317,2.687,1.316,6.465,146.264,0.003,-1.186,-1.376,1.88,35
802,1,802,895.86,33.558,33.708,1529.418,44.161,33.024,1.518,1377.429,41.905,-36.263,-37.51,-56.8,-28.332,1.063,-4.348,12.1,131.434,0.007,1023.775,31.655,31.754,1203.921,35.968,29.995,1.397,918.941,31.482,-39.786,-35.504,-55.581,-25.951,2.738,1.408,5.974,154.349,0.001,-1.169,-1.393,3.789,35
803,1,803,914.696,33.589,33.746,1579.196,43.156,33.026,1.535,1422.429,40.611,-39.387,-38.225,-55.587,-26.629,0.689,-4.375,11.77,132.797,-0.002,1041.877,31.73,31.808,1226.863,35.737,30.005,1.397,934.765,31.03,-40.012,-36,-55.537,-23.446,2.874,1.449,6,152.764,0.002,-1.176,-1.407,3.765,35
804,1,804,918.975,33.578,33.73,1573.499,43.156,29.707,1.367,1413.224,36.714,-37.931,-37.343,-56.213,-25.598,1.188,-4.276,12.053,130.09,-0.001,1053.033,31.699,31.822,1226.293,35.87,29.975,1.39,934.394,30.826,-42.03,-38.506,-53.67,-23.207,2.78,1.523,6.142,152.958,0.002,-1.187,-1.41,3.757,35
805,1,805,924.898,33.601,33.756,1602.217,42.634,33.024,1.537,1440.401,40.087,-40.778,-34.546,-56.63,-29.395,0.966,-4.26,11.88,131.2,-0.003,1047.598,31.726,31.814,1235.458,35.538,30.004,1.397,941.494,30.802,-41.249,-35.306,-55.587,-26.367,2.79,1.555,5.932,152.651,0.001,-1.216,-1.416,3.747,35
806,1,806,919.485,33.587,33.737,1689.97,40.259,33.019,1.575,1533.763,37.622,-42.471,-38.647,-57.423,-26.722,0.856,-4.292,11.189,137.344,-0.001,1051.136,31.759,31.857,1238.1,35.82,30.029,1.404,943.103,30.926,-39.154,-34.993,-53.531,-24.043,2.853,1.515,5.222,165.225,0.003,-1.206,-1.411,3.784,35
807,1,807,921.781,33.683,33.845,1677.803,41.562,32.978,1.538,1488.635,38.391,-41.006,-39.379,-56.253,-26.023,1.146,-4.087,11.112,138.081,-0.001,1047.204,31.507,31.608,1192.987,35.113,29.966,1.406,916.025,31.372,-41.988,-36.879,-55.364,-23.13,2.607,1.326,5.525,160.086,0.003,-1.2,-1.396,3.784,35
808,1,808,901.429,33.572,33.731,1639.929,41.422,32.966,1.556,1473.664,38.677,-41.877,-38.549,-57.349,-28.069,1.026,-4.591,11.785,129.295,-0.002,1034.678,31.579,31.68,1195.794,35.607,30.02,1.406,921.02,31.59,-40.473,-36.055,-55.259,-25.164,2.646,1.079,6.164,151.449,0.001,-1.197,-1.41,3.576,35
809,1,809,932.965,33.624,33.765,1582.817,43.247,32.982,1.519,1402.917,40.763,-37.626,-38.099,-55.895,-25.904,1.113,-4.488,11.965,131.188,-0.001,1056.096,31.565,31.668,1200.9,35.359,29.975,1.406,922.613,31.216,-42.751,-37.387,-55.316,-23.021,2.561,1.142,6.138,153.501,0.002,-1.193,-1.406,3.688,35
810,1,810,893.986,33.503,33.661,1587.322,42.102,33.021,1.538,1448.414,39.839,-40.643,-38.336,-56.161,-24.992,0.938,-4.752,11.916,132.03,-0.002,1030.617,31.444,31.543,1177.812,35.03,30.028,1.406,920.584,31.663,-42.028,-38.287,-55.351,-22.04,2.397,0.899,6.161,156.585,0.001,-1.206,-1.415,3.773,35
811,1,811,938.442,33.63,33.769,1604.132,42.708,32.99,1.538,1432.961,39.977,-39.704,-38.491,-55.993,-25.732,0.892,-4.323,11.386,138.791,-0.001,1054.992,31.545,31.638,1196.848,35.239,30.004,1.416,922.038,31.44,-40.86,-35.267,-55.48,-22.861,2.667,1.261,5.205,163.673,0.002,-1.193,-1.405,3.769,35
812,1,812,912.635,33.578,33.732,1658.43,40.976,33.021,1.574,1509.47,38.24,-44.082,-38.574,-56.493,-27.367,0.855,-4.497,11.196,138.005,-0.001,1048.397,31.422,31.539,1169.897,35.235,30,1.414,909.437,31.845,-44.839,-39.727,-53.407,-24.407,2.439,1.112,5.866,157.085,0.002,-1.202,-1.411,3.776,35
813,1,813,920.445,33.624,33.775,1689.78,40.622,32.993,1.556,1518.091,37.779,-42.352,-38.187,-56.109,-27.634,0.883,-4.64,11.392,135.36,-0.003,1051.036,31.591,31.682,1197.98,35.555,30.018,1.406,918.243,31.669,-43.175,-37.116,-55.245,-24.71,2.605,1.077,5.306,163.997,0.002,-1.205,-1.417,3.804,35
814,1,814,928.191,33.648,33.796,1741.447,39.61,33.022,1.574,1569.318,36.8,-38.09,-39.283,-56.964,-24.151,1.059,-4.445,11.131,135.63,-0.001,1054.22,31.619,31.708,1198.159,35.759,29.996,1.397,916.882,31.562,-41.106,-36.205,-55.319,-21.286,2.626,1.165,5.79,159.721,0.001,-1.201,-1.399,3.766,35
815,1,815,904.772,33.604,33.765,1635.126,41.864,32.998,1.546,1470.687,39.038,-39.936,-39.828,-57.19,-27.522,1.102,-4.483,11.554,131.591,-0.001,1035.655,31.675,31.766,1210.318,35.874,29.996,1.397,923.032,31.356,-41.135,-37.6,-55.117,-24.535,2.719,1.211,5.76,154.895,0.004,-1.187,-1.4,3.596,35
816,1,816,929.612,33.624,33.764,1686.48,40.597,33.026,1.571,1523.212,37.941,-42.469,-39.313,-56.032,-27.246,1.059,-4.514,10.968,139.298,0,1057.241,31.732,31.807,1227,35.72,29.986,1.397,926.986,31.152,-41.347,-36.87,-55.252,-24.221,2.707,1.274,5.343,161.967,0.002,-1.224,-1.418,3.76,35
817,1,817,897.777,33.567,33.737,1569.093,43.336,32.977,1.538,1408.801,40.545,-40.673,-39.571,-56.013,-28.396,0.909,-4.526,11.571,136.334,-0.002,1023.897,31.756,31.848,1227,36.072,30.001,1.394,929.568,31.171,-39.521,-36.842,-55.25,-25.016,2.893,1.332,5.886,156.413,-0.042,-1.188,-1.408,3.756,35
818,1,818,916.844,33.606,33.741,1645.947,41.372,33.02,1.555,1481.588,38.944,-40.139,-37.772,-55.719,-23.97,1.089,-4.513,11.105,139.135,-0.004,1058.831,31.675,31.78,1231,35.397,29.984,1.406,936.573,30.824,-41.508,-37.146,-55.416,-21.691,2.63,1.229,5.502,162.34,0.003,-1.202,-1.415,3.785,35
819,1,819,914.349,33.566,33.706,1598.599,42.248,33.023,1.533,1448.921,39.844,-39.906,-38.287,-55.436,-26.935,1.001,-4.393,11.679,133.286,-0.001,1052.658,31.459,31.563,1176,35.248,29.974,1.406,909.211,31.664,-42.105,-36.709,-55.39,-24.217,2.483,1.123,5.6,159.887,0.001,-1.19,-1.406,3.733,35
601,1,601,881.029,33.832,33.915,1738.689,40.791,32.975,1.519,1434.059,39.836,-42.758,-41.977,-57.033,-24.305,-9.994,3.253,13.638,111.231,-0.003,941.029,31.54,31.753,1172.581,36.935,30,1.395,888.506,32.61,-41.159,-34.223,-58.588,-36.245,-9.63,2.134,6.952,142.237,0.005,-1.232,-1.647,1.611,35
602,1,602,872.709,33.71,33.767,1646.219,41.629,33.001,1.5,1379.186,41.655,-37.042,-39.878,-56.214,-24.231,-9.071,3.089,14.125,107.959,-0.002,963.891,31.612,31.822,1190.005,36.981,29.98,1.369,893.707,32.277,-41.891,-34.784,-57.636,-35.732,-10.37,2.202,7.906,136.87,0.002,-1.253,-1.666,3.644,35
603,1,603,847.832,33.503,33.576,1548.078,42.356,33.013,1.481,1333.109,43.205,-35.037,-38.659,-55.074,-23.808,-9.939,2.375,14.646,102.12,-0.001,932.805,31.528,31.768,1176.53,36.942,29.998,1.359,895.858,32.332,-40.298,-33.429,-57.754,-35.692,-10.084,1.676,8.644,126.453,0.001,-1.24,-1.662,3.545,35
604,1,604,858.88,33.684,33.738,1653.361,41.182,33.02,1.518,1394.924,41.373,-38.955,-39.977,-58.782,-24.159,-9.733,3.978,13.979,110.055,-0.002,942.249,31.395,31.625,1148.365,36.625,30.01,1.388,883.587,32.866,-36.256,-33.933,-58.176,-35.86,-10.766,2.775,8.002,132.966,0.004,-1.241,-1.671,3.425,35
605,1,605,869.982,33.754,33.833,1662.596,41.853,33.015,1.519,1389.59,41.479,-39.784,-40.937,-56.93,-24.357,-10.162,3.229,14.109,105.931,-0.001,944.622,31.464,31.688,1154.754,36.947,29.97,1.388,879.478,32.722,-41.299,-34.542,-57.753,-35.337,-10.123,2.141,7.78,136.52,0.002,-1.243,-1.66,3.468,35
606,1,606,870.581,33.623,33.685,1553.743,43.273,32.965,1.462,1298.47,43.868,-35.866,-41.744,-55.913,-23.709,-10.317,3.005,14.413,109.815,0.001,954.096,31.477,31.697,1156.145,36.98,29.958,1.35,877.877,32.69,-39.845,-34.738,-58.16,-36.152,-10.472,2.05,8.33,132.882,0.001,-1.219,-1.643,3.58,35
607,1,607,889.424,33.721,33.763,1603.996,42.685,32.965,1.5,1330.168,42.825,-37.221,-38.711,-56.544,-24.05,-9.923,2.939,14.008,108.252,0,946.338,31.521,31.727,1178.397,36.541,29.987,1.397,892.17,32.381,-41.148,-35.282,-58.829,-36.36,-9.686,1.957,6.997,142.39,-0.001,-1.249,-1.659,3.612,35
608,1,608,866.526,33.645,33.727,1570.385,43.235,33.006,1.494,1317.708,43.638,-37.479,-38.329,-57.623,-24.117,-9.697,3.059,14.16,110.202,-0.002,944.2,31.439,31.66,1155.274,36.696,30.031,1.386,883.832,33.017,-38.915,-34.785,-57.464,-35.857,-10.66,2.041,7.892,136.151,0.004,-1.239,-1.663,3.516,35
609,1,609,888.846,33.731,33.782,1678.861,40.968,32.995,1.509,1402.78,40.905,-37.494,-41.217,-56.076,-24.357,-9.293,3.087,13.987,110.246,-0.002,962.555,31.545,31.757,1178.795,36.774,30.006,1.378,894.079,32.453,-40.182,-34.459,-57.765,-36.178,-10.486,2.117,7.813,136.604,0.004,-1.243,-1.659,3.647,35
610,1,610,861.768,33.614,33.681,1582.999,42.442,32.982,1.519,1334.633,42.852,-37.639,-39.404,-55.809,-23.886,-8.842,2.901,13.918,108.188,0.001,934.052,31.618,31.837,1190.925,37.08,29.971,1.388,895.5,32.149,-44.601,-34.94,-57.927,-36.297,-10.499,2.094,7.398,137.307,0.003,-1.252,-1.667,3.58,35
611,1,611,866.567,33.6,33.658,1586.893,42.117,32.971,1.521,1336.83,42.676,-35.728,-39.978,-55.956,-23.833,-9.123,2.934,14.091,107.195,-0.001,934.009,31.425,31.651,1148.696,36.831,29.991,1.397,879.762,32.867,-40.326,-34.686,-57.926,-35.646,-10.471,1.961,7.452,139.521,0.004,-1.252,-1.662,3.584,35
612,1,612,835.12,33.569,33.661,1575.998,42.431,33.004,1.508,1341.156,42.856,-36.586,-39.191,-56.146,-23.805,-10.361,2.61,14.045,109.843,-0.003,918.262,31.504,31.755,1169.226,37.062,30.008,1.378,887.313,32.711,-39.977,-34.753,-55.59,-35.235,-10.038,1.793,7.823,136.481,0.002,-1.228,-1.653,3.398,35
613,1,613,862.37,33.687,33.78,1623.925,42.322,32.996,1.481,1362.174,42.132,-37.919,-40.606,-55.11,-23.949,-9.631,2.96,14.283,107.62,0,952.035,31.481,31.705,1155.515,37.069,30.012,1.364,881.566,32.957,-41.84,-34.3,-58.04,-36.034,-10.511,1.978,8.285,132.653,0.003,-1.235,-1.653,3.553,35
614,1,614,893.576,33.6,33.639,1535.218,43.333,33.034,1.518,1299.61,44.522,-35.372,-40.923,-54.788,-24.013,-10.745,2.503,13.91,111.069,-0.001,964.814,31.716,31.927,1211.977,37.195,29.966,1.388,897.217,32.051,-46.046,-34.373,-58.843,-36.333,-9.479,1.92,6.758,143.942,0,-1.236,-1.653,3.578,35
615,1,615,862.218,33.727,33.805,1668.927,41.428,32.986,1.519,1395.611,41.026,-38.734,-38.187,-55.831,-24.085,-9.214,2.876,13.593,110.599,-0.004,936.621,31.451,31.666,1156.731,36.703,29.989,1.397,884.362,32.685,-40.933,-34.94,-58.14,-36.437,-10.035,1.804,7.347,139.353,0.003,-1.271,-1.677,3.555,35
