Header Section,,,,,,,,,,,,,,,,,,,,,,,,,,,,,,,,,,,,,,,,,,,,
Product,VC5268,,,,,,,,,,,,,,,,,,,,,,,,,,,,,,,,,,,,,,,,,,,
Test Plan,Rev(H),,,,,,,,,,,,,,,,,,,,,,,,,,,,,,,,,,,,,,,,,,,
Release Date,2013/5/7 17:52,,,,,,,,,,,,,,,,,,,,,,,,,,,,,,,,,,,,,,,,,,,
Comment,Dual Band," 501~588 is correlation golden in Sigurd, 600~629 is generated in Goodark (5268Q), 590~599 & 800~812 is generated in Gerad",,,,,,,,,,,,,,,,,,,,,modified goodark gold(1785MHz 2nd harmonic based on the verify data,,,,,,,,,,,,,,,,,,,,,
,,,,,,,,,,,,,,,,,,,,,,,,,,,,,,,,,,,,,,,,,,,,
Data Section,,,,,,,,,,,,,,,,,,,,,,,,,,,,,,,,,,,,,,,,,,,,
Device#,1,2,3,4,5,6,7,8,9,10,11,12,13,14,15,16,17,18,19,20,21,22,23,24,25,26,27,28,29,30,31,32,33,34,35,36,37,38,39,40,41,42,43,44
Test Item,Site No,Device ID,GSM915 Idle Current,GSM915 Max Pout @ 0dBm Drive,GSM915 Max Pout,GSM915 Max Icc,GSM915 Max PAE,GSM915 Rated Pout,GSM915 Rated Vramp,GSM915 Rated Icc,GSM915 Rated PAE,GSM915 2nd har@33dBm,GSM915 3rd har@33dBm,GSM915 Fwd Isolation 1,GSM915 Fwd Isolation 2,GSM915 Pout Leakage@RX0,GSM915 Pout Leakage@RX1,GSM915 CMOS Pout,GSM915 Pout Slope,GSM915 Stress Delta,DCS1785 Idle Current,DCS1785 Max Pout @ 0dBm Drive,DCS1785 Max Pout,DCS1785 Max Icc,DCS1785 Max PAE,DCS1785 Rated Pout,DCS1785 Rated Vramp,DCS1785 Rated Icc,DCS1785 Rated PAE,DCS1785 2nd har@33dBm,DCS1785 3rd har@33dBm,DCS1785 Fwd Isolation 1,DCS1785 Fwd Isolation 2,DCS1785 Pout Leakage@RX0,DCS1785 Pout Leakage@RX1,DCS1785 CMOS Pout,DCS1785 Pout Slope,DCS1785 Stress Delta,Insertion Loss Rx0 960MHz,Insertion Loss Rx1 1805MHz,Leakage Current,Leakage Current Delay Time,Test Time,Index Time
Low Tolerance,,,60,0.3,0.3,60,,,,60,,2,2,3,2,3,3,1,,,60,0.3,0.3,60,,,,60,,3,3,3,2,3,3,1,,,0.3,0.3,5,,,
High Tolerance,,,60,0.3,0.3,60,,,,60,,2,2,3,2,3,3,1,,,60,0.3,0.3,60,,,,60,,3,3,3,2,3,3,1,,,0.3,0.3,10,,,
Enable,,,1,1,1,1,0,0,0,1,0,1,1,1,1,1,1,1,0,0,1,1,1,1,0,0,0,1,0,1,1,1,1,1,1,1,0,0,1,1,1,0,0,0
331,1,331,799.987,33.732,33.889,1628.269,41.643,33.023,1.499,1422.096,38.886,-41.952,-37.587,-58.763,-28.89,1.16,-3.85,12.00,113.33,0.00,615.58,31.40,31.57,1169.46,36.16,30.03,1.41,938.54,31.64,-41.63,-30.33,-68.34,-31.10,-0.03,-1.94,7.33,125.87,0.00,-1.63,-1.80,6.16,55,809.415,10666.333
332,1,332,764.74,33.612,33.768,1578.327,41.753,33.033,1.521,1399.036,39.597,-40.695,-38.089,-58.553,-29.68,1.28,-3.60,11.77,120.69,0.01,588.28,31.31,31.52,1163.29,35.96,30.02,1.43,939.17,31.55,-40.28,-33.50,-70.07,-30.89,-0.17,-1.78,7.18,123.96,0.00,-1.63,-1.79,6.66,55,799.66,7502.667
333,1,333,793.16,33.729,33.894,1658.562,40.946,33.021,1.521,1453.5,38.058,-42.471,-37.5,-58.307,-30.96,1.14,-3.80,11.42,119.03,0.00,606.03,31.31,31.52,1175.38,35.54,30.01,1.44,949.95,31.10,-40.91,-32.64,-70.24,-30.54,-0.26,-1.91,6.65,124.84,0.00,-1.66,-1.83,6.13,55,854.517,7533.667
334,1,334,790.73,33.688,33.843,1633.798,41.066,33.029,1.526,1436.488,38.561,-41.362,-38.317,-59.092,-30.33,1.26,-3.73,11.60,122.14,-0.01,608.35,31.31,31.50,1154.62,36.07,30.01,1.44,929.27,31.86,-38.36,-32.80,-68.74,-31.17,-0.10,-1.86,6.86,128.15,0.00,-1.61,-1.79,6.56,55,796.797,6715
335,1,335,797.029,33.687,33.868,1611.619,41.863,33.032,1.517,1419.267,39.04,-41.895,-37.423,-57.895,-30.20,1.20,-3.87,11.39,120.90,0.00,616.23,31.34,31.55,1169.29,36.01,30.01,1.44,942.52,31.37,-40.34,-33.25,-70.35,-31.04,-0.33,-1.98,6.82,123.60,0.00,-1.64,-1.79,5.21,555,1258.824,8089
336,1,336,776.651,33.689,33.91,1686.17,40.432,33.02,1.543,1484.15,37.29,-42.632,-37.875,-58.629,-30.79,1.13,-3.68,11.14,122.44,0.00,598.31,31.17,31.39,1150.53,35.29,30.01,1.46,940.08,31.47,-38.94,-32.65,-69.57,-30.07,-0.14,-1.82,6.64,128.26,0.01,-1.63,-1.79,6.22,55,803.849,7592.333
337,1,337,764.61,33.596,33.752,1558.23,42.131,33.021,1.521,1386.859,39.819,-37.99,-37.143,-58.497,-30.24,1.05,-3.66,11.90,117.72,0.00,593.47,31.19,31.40,1166.26,34.82,30.01,1.46,950.94,31.06,-40.03,-32.89,-68.78,-31.08,0.06,-1.70,6.65,125.91,0.00,-1.65,-1.82,7.14,55,852.711,7780
338,1,338,782.644,33.703,33.868,1637.678,41.205,33.028,1.506,1437.495,38.532,-41.661,-37.605,-59.146,-30.59,1.33,-3.80,11.66,120.44,0.00,601.43,31.23,31.47,1139.52,36.25,30.01,1.42,925.49,31.99,-41.77,-32.69,-70.05,-29.82,-0.23,-2.00,7.29,124.70,0.00,-1.64,-1.80,6.75,55,802.375,6847
339,1,339,773.929,33.722,33.917,1648.319,41.414,33.017,1.518,1444.293,38.258,-42.595,-39.236,-59.034,-30.76,1.24,-3.69,11.41,121.42,-0.01,597.31,31.24,31.44,1157.01,35.47,30.01,1.44,943.23,31.37,-39.20,-31.21,-70.35,-28.78,-0.16,-1.91,6.87,127.29,0.00,-1.63,-1.79,6.21,55,830.496,8080.333
340,1,340,788.848,33.802,33.987,1683.94,41.211,33.013,1.481,1456.55,37.91,-41.679,-39.941,-58.857,-30.64,0.91,-3.71,12.30,112.25,-0.01,609.67,31.24,31.45,1149.62,35.82,30.01,1.41,934.34,31.68,-39.44,-33.38,-70.55,-30.19,-0.17,-1.88,7.67,120.16,0.00,-1.64,-1.79,6.62,55,821.443,15038.5
341,1,341,796.41,33.8,33.974,1677.534,41.246,33.007,1.508,1457.25,37.841,-40.817,-38.561,-59.495,-30.66,1.57,-3.76,11.22,126.21,0.00,611.83,31.22,31.42,1144.54,35.68,30.00,1.43,933.10,31.65,-39.95,-32.40,-69.64,-30.54,-0.11,-1.92,7.08,123.88,0.01,-1.64,-1.80,5.92,55,813.27,52458.333
342,1,342,784.32,33.598,33.803,1586.183,41.891,33.022,1.521,1398.278,39.515,-39.53,-37.104,-57.868,-30.17,0.97,-3.69,11.63,112.26,0.00,605.99,31.17,31.42,1150.57,35.51,30.01,1.46,943.38,31.37,-40.88,-32.52,-70.40,-30.58,-0.18,-1.80,6.84,118.25,0.00,-1.64,-1.81,7.22,55,809.869,9596.667
343,1,343,800.572,33.76,33.979,1714.776,40.406,33.013,1.523,1493.27,37.01,-38.523,-39.734,-59.893,-31.34,1.23,-3.81,11.38,116.92,0.01,614.40,31.31,31.51,1152.01,36.20,30.01,1.43,932.83,31.69,-41.36,-31.67,-69.43,-30.76,-0.39,-2.06,7.19,119.16,0.00,-1.64,-1.80,6.18,55,743.756,15415
344,1,344,788.709,33.773,33.963,1671.613,41.285,33.025,1.51,1457.732,37.984,-42.916,-34.142,-58.418,-30.73,1.17,-3.85,11.41,122.94,0.01,611.62,31.31,31.50,1162.41,35.82,30.01,1.43,938.13,31.49,-41.36,-30.86,-69.56,-31.06,-0.29,-2.02,6.65,128.17,-0.01,-1.64,-1.79,5.91,55,782.831,34399.667
345,1,345,804.967,33.608,33.894,1679.033,40.456,33.018,1.516,1477.15,37.442,-39.089,-34.697,-58.712,-31.75,1.43,-3.71,11.11,125.56,-0.01,616.04,31.42,31.60,1165.49,36.53,30.00,1.41,930.60,31.75,-43.76,-33.89,-70.15,-30.48,-0.26,-1.93,6.70,124.74,0.00,-1.65,-1.79,6.33,55,805.988,11888
346,1,346,806.582,33.664,33.892,1651.99,41.085,33.029,1.507,1452.296,38.156,-42.061,-38.622,-59.136,-31.96,1.10,-3.67,11.36,122.39,0.01,617.09,31.27,31.46,1149.68,35.90,30.00,1.42,932.88,31.67,-40.63,-31.90,-67.92,-30.16,-0.03,-1.84,6.90,126.60,0.00,-1.62,-1.80,6.06,55,819.947,16246.667
347,1,347,786.743,33.742,33.927,1637.131,41.785,33.024,1.496,1427.557,38.755,-38.982,-38.782,-58.056,-29.93,1.07,-3.68,11.53,121.56,0.01,608.70,31.30,31.52,1171.15,35.66,30.00,1.42,946.68,31.16,-40.81,-32.10,-69.14,-27.09,-0.21,-1.86,6.75,129.87,0.00,-1.59,-1.76,7.60,55,852.949,13994.333
348,1,348,785.56,33.76,33.981,1674.277,41.383,33.017,1.507,1454.353,38.003,-40.033,-37.48,-58.203,-30.74,1.08,-3.76,11.73,120.38,-0.01,605.98,31.35,31.54,1155.72,36.31,30.01,1.42,932.56,31.73,-40.20,-32.51,-67.66,-30.21,0.00,-1.83,7.52,115.95,0.00,-1.60,-1.78,6.51,55,792.924,23940.667
349,1,349,773.034,33.678,33.875,1644.663,41.1,33.027,1.527,1444.462,38.346,-41.736,-37.672,-58.978,-30.80,1.19,-3.62,11.55,119.49,0.00,598.34,31.25,31.45,1156.01,35.54,30.02,1.45,936.70,31.63,-37.70,-33.21,-66.78,-30.37,0.01,-1.66,7.03,125.44,0.00,-1.60,-1.77,6.29,55,803.791,8384.667
350,1,350,743.909,33.382,33.607,1519.243,41.761,33.034,1.55,1390.016,39.853,-42.125,-38.602,-58.472,-28.03,1.03,-3.71,10.87,143.25,0.00,584.41,31.26,31.47,1147.90,35.97,30.00,1.44,926.45,31.85,-39.41,-32.68,-69.44,-30.68,-0.27,-1.85,5.55,144.51,0.00,-1.62,-1.78,7.31,55,767.676,6825.333
351,1,351,788.731,33.808,33.984,1695.978,40.896,33.02,1.506,1472.034,37.587,-40.658,-40.626,-60.059,-31.05,1.40,-3.78,11.71,115.87,0.00,609.43,31.33,31.52,1162.05,35.94,30.02,1.43,938.93,31.54,-40.50,-30.91,-68.55,-31.01,-0.05,-1.92,7.10,122.85,0.01,-1.59,-1.77,6.25,55,762.524,8893
352,1,352,772.718,33.743,33.927,1667.486,41.042,33.012,1.504,1452.045,38.016,-41.408,-37.805,-58.267,-31.08,1.25,-3.73,11.86,115.89,0.01,593.79,31.33,31.53,1165.66,35.95,30.00,1.43,942.21,31.32,-40.10,-33.00,-68.30,-30.08,-0.01,-1.78,7.28,124.18,0.00,-1.61,-1.77,6.87,55,843.543,8900
353,1,353,795.936,33.773,33.918,1654.1,41.283,33.023,1.484,1437.768,38.478,-41.498,-37.597,-58.297,-31.46,0.99,-3.82,11.82,117.61,0.00,611.94,31.33,31.52,1190.72,35.06,30.01,1.42,960.73,30.78,-38.06,-31.90,-67.91,-30.45,-0.08,-1.87,6.99,127.38,0.00,-1.61,-1.78,7.34,55,761.299,6677.667
354,1,354,800.293,33.859,34.026,1700.979,41.172,33.007,1.5,1462.517,37.71,-42.789,-40.408,-60.164,-30.86,1.26,-3.71,11.83,118.89,0.00,614.41,31.30,31.50,1165.47,35.71,30.01,1.43,943.57,31.32,-39.60,-31.14,-68.71,-31.11,-0.03,-1.81,7.25,119.53,0.00,-1.60,-1.77,6.58,55,745.623,17180.667
355,1,355,788.462,33.64,33.837,1598.683,41.894,33.024,1.512,1409.29,39.242,-40.176,-37.966,-57.756,-31.13,1.08,-3.82,11.67,119.22,0.00,607.26,31.35,31.56,1180.16,35.70,30.01,1.43,952.80,31.04,-40.52,-32.69,-69.69,-29.70,-0.12,-1.93,7.11,122.58,0.01,-1.61,-1.78,7.23,55,759.49,16468
356,1,356,795.469,33.78,33.933,1635.574,41.888,33.025,1.5,1422.607,38.895,-44.245,-40.173,-59.592,-30.85,0.99,-3.68,11.83,111.45,0.00,616.24,31.24,31.45,1163.94,35.31,30.02,1.43,948.62,31.22,-39.43,-31.65,-68.54,-31.30,-0.12,-1.78,7.10,121.34,0.00,-1.63,-1.80,6.94,55,777.872,15184.667
357,1,357,805.927,33.836,33.998,1719.943,40.474,33.016,1.521,1490.126,37.113,-39.231,-38.799,-58.965,-31.01,1.30,-3.72,11.25,118.52,0.00,619.64,31.20,31.41,1137.18,35.82,30.00,1.45,927.68,31.80,-39.79,-32.30,-69.18,-30.04,-0.02,-1.87,6.68,125.63,0.01,-1.62,-1.79,5.82,55,814.707,23007
358,1,358,791.007,33.592,33.723,1529.349,42.622,33.04,1.508,1359.877,40.764,-39.413,-38.927,-58.455,-30.75,1.30,-3.55,11.94,111.74,0.00,610.33,31.32,31.51,1165.71,35.74,30.01,1.44,941.41,31.38,-40.52,-32.51,-68.49,-31.13,0.09,-1.67,6.70,127.60,0.00,-1.62,-1.81,7.43,55,822.189,10683
359,1,359,786.743,33.741,33.872,1627.064,41.504,33.02,1.499,1422.362,38.858,-41.187,-38.318,-58.709,-29.69,1.20,-3.71,12.18,112.30,0.00,604.34,31.33,31.52,1161.76,36.01,30.00,1.42,936.18,31.54,-40.22,-31.61,-67.79,-31.25,0.02,-1.85,7.35,118.63,-0.01,-1.62,-1.80,7.06,55,774.898,8378
360,1,360,797.676,33.636,33.757,1573.538,41.77,33.038,1.497,1389.088,39.916,-38.376,-37.786,-57.973,-31.37,1.04,-3.65,11.65,126.57,0.00,607.59,31.31,31.51,1186.63,35.10,30.01,1.42,957.89,30.82,-38.14,-32.80,-68.69,-30.59,-0.02,-1.74,7.01,127.72,0.00,-1.60,-1.78,7.56,55,799.313,8414
361,1,361,776.018,33.725,33.881,1628.614,41.558,33.02,1.521,1427.539,38.713,-42.812,-38.805,-58.934,-30.71,1.29,-3.61,11.45,122.57,0.00,602.00,31.22,31.41,1148.09,35.49,30.01,1.44,935.88,31.62,-39.62,-32.80,-68.94,-30.82,-0.10,-1.80,6.76,126.95,0.00,-1.62,-1.79,6.17,55,786.341,20750.333
362,1,362,786.207,33.636,33.792,1589.692,41.691,33.023,1.522,1409.509,39.225,-39.486,-37.858,-58.039,-30.96,0.95,-3.80,11.49,125.25,0.00,604.19,31.19,31.39,1160.27,34.98,30.02,1.45,944.70,31.35,-38.78,-32.25,-69.41,-31.34,-0.15,-1.88,6.44,133.37,0.00,-1.64,-1.79,6.51,55,808.507,9373.667
363,1,363,766.415,33.547,33.693,1513.692,42.753,33.046,1.513,1354.854,40.965,-36.811,-38.355,-58.248,-30.21,1.18,-3.69,12.30,112.59,0.01,593.93,31.14,31.37,1141.11,35.42,30.01,1.44,936.51,31.57,-39.55,-33.81,-69.52,-30.04,0.03,-1.80,7.16,123.10,0.00,-1.61,-1.78,7.22,55,801.445,23596
364,1,364,787.088,33.729,33.883,1633.353,41.458,33.022,1.498,1429.707,38.684,-41.245,-38.705,-58.802,-30.78,1.17,-3.61,11.83,121.14,0.01,604.38,31.19,31.40,1132.05,35.94,30.01,1.42,924.88,31.99,-39.84,-33.63,-68.31,-30.55,-0.08,-1.71,7.22,123.99,0.00,-1.61,-1.78,6.65,55,800.86,7359.667
365,1,365,789.529,33.742,33.945,1724.865,39.863,33.007,1.535,1505.955,36.655,-40.172,-39.558,-58.66,-31.74,1.02,-3.74,10.99,124.02,0.00,607.22,31.22,31.41,1150.49,35.42,30.00,1.45,932.75,31.63,-39.23,-33.02,-68.90,-30.79,-0.28,-1.90,6.52,132.98,0.00,-1.63,-1.79,5.43,55,846.849,30601.333
366,1,366,779.214,33.706,33.885,1653.36,40.982,33.026,1.52,1456.995,38.016,-40.461,-37.402,-58.903,-30.76,1.17,-3.65,11.56,122.05,0.00,595.09,31.30,31.50,1159.11,35.91,30.02,1.43,937.06,31.67,-40.35,-33.03,-68.65,-30.75,-0.06,-1.73,6.60,132.75,0.00,-1.64,-1.80,6.05,55,750.958,11560.667
367,1,367,757.169,33.644,33.883,1633.888,41.448,33.017,1.503,1436.344,38.46,-41.159,-37.104,-57.551,-29.55,1.20,-3.68,12.06,113.93,0.00,586.84,31.32,31.55,1169.86,36.00,30.01,1.42,946.22,31.27,-42.84,-33.82,-70.63,-30.41,-0.22,-1.90,7.56,118.41,0.01,-1.66,-1.81,6.78,55,775.26,21585.333
368,1,368,795.235,33.808,33.986,1701.371,40.784,33.011,1.52,1476.787,37.392,-39.207,-38.915,-59.08,-31.39,1.45,-3.63,11.43,119.03,0.01,608.57,31.34,31.51,1158.96,35.98,30.02,1.44,933.44,31.76,-41.62,-32.46,-68.50,-30.64,-0.06,-1.81,6.91,127.24,-0.02,-1.62,-1.78,5.68,55,776.238,20980
369,1,369,795.145,33.638,33.807,1570.062,42.353,33.038,1.501,1384.99,40.032,-40.998,-37.747,-58.559,-30.54,1.38,-3.65,11.53,122.96,0.01,609.91,31.33,31.53,1165.73,35.95,30.01,1.42,937.66,31.56,-40.17,-31.62,-68.23,-31.95,0.05,-1.80,7.05,124.94,0.00,-1.59,-1.77,7.14,55,762.398,6852.667
370,1,370,785.927,33.705,33.898,1647.708,41.244,33.013,1.53,1443.33,38.25,-41.315,-38.471,-58.569,-30.37,0.93,-3.65,11.55,118.59,0.01,607.93,31.16,31.38,1150.94,35.14,30.02,1.46,943.15,31.42,-38.84,-31.45,-69.54,-31.09,-0.08,-1.86,6.93,123.57,0.00,-1.59,-1.76,6.45,55,798.845,16972.333
371,1,371,796.116,33.775,33.96,1666.608,41.374,33.018,1.517,1453.084,38.041,-43.32,-39.873,-58.518,-30.75,1.09,-3.84,11.76,115.96,0.00,613.01,31.36,31.55,1180.73,35.62,30.02,1.44,950.18,31.19,-39.04,-31.48,-69.44,-31.52,-0.16,-1.92,6.94,123.23,0.00,-1.60,-1.76,5.87,55,829.312,20826
372,1,372,751.085,33.55,33.82,1622.876,41.116,33.016,1.527,1443.111,38.279,-43.047,-37.079,-58.836,-30.07,1.18,-3.64,11.61,117.66,0.00,583.34,31.21,31.46,1157.13,35.65,30.02,1.44,942.07,31.45,-42.14,-30.99,-69.01,-30.47,-0.09,-1.83,7.29,121.98,0.00,-1.64,-1.80,6.27,55,811.591,10191.333
373,1,373,757.017,33.668,33.955,1646.514,41.821,32.991,1.506,1435.215,38.256,-42.627,-39.487,-58.431,-30.28,1.14,-3.68,11.29,122.58,0.00,581.68,31.13,31.37,1133.32,35.65,29.99,1.44,928.66,31.69,-39.26,-32.07,-68.66,-30.38,-0.01,-1.78,6.84,127.29,0.01,-1.59,-1.77,6.73,55,810.885,25313
374,1,374,776.511,33.693,33.861,1625.436,41.448,33.026,1.516,1429.668,38.716,-41.22,-37.887,-58.829,-30.38,1.08,-3.67,11.92,116.57,0.00,603.08,31.29,31.48,1168.85,35.44,29.99,1.44,945.76,31.14,-38.99,-32.42,-68.35,-31.25,0.02,-1.75,7.06,124.48,0.00,-1.59,-1.77,6.51,55,744.541,6665
375,1,375,788.174,33.679,33.834,1611.403,41.54,33.032,1.509,1414.952,39.159,-40.214,-35.397,-58.119,-30.56,1.38,-3.68,11.77,118.92,0.00,606.39,31.46,31.66,1196.48,36.04,30.02,1.42,951.72,31.15,-40.51,-30.75,-68.45,-30.78,0.03,-1.80,6.95,126.02,0.01,-1.63,-1.79,7.24,55,747.277,6136.333
376,1,376,798.492,33.783,33.962,1708.949,40.384,33.028,1.533,1490.359,37.209,-40.141,-38.137,-58.838,-31.17,0.96,-3.70,11.19,120.05,0.01,616.91,31.34,31.54,1168.38,35.90,30.01,1.45,940.17,31.45,-40.20,-30.96,-68.47,-30.52,-0.10,-1.86,6.62,123.42,0.00,-1.62,-1.77,5.86,55,792.133,9813.333
377,1,377,797.985,33.78,33.92,1650.574,41.388,33.028,1.518,1439.673,38.471,-41.609,-38.613,-58.01,-31.39,1.25,-3.77,11.36,120.27,0.00,616.16,31.31,31.50,1167.33,35.66,30.02,1.44,942.80,31.40,-39.35,-31.91,-70.39,-30.04,-0.19,-1.92,6.69,125.72,0.01,-1.60,-1.76,6.16,55,811.887,26988.333
378,1,378,803.385,33.781,33.898,1642.506,41.375,33.018,1.493,1430.225,38.629,-40.683,-39.628,-58.212,-28.48,1.39,-3.69,12.20,114.87,0.00,619.34,31.40,31.60,1186.01,35.87,30.02,1.41,948.64,31.20,-40.57,-31.88,-69.50,-30.96,-0.05,-1.84,7.46,113.78,0.00,-1.59,-1.75,6.10,55,763.617,28275
379,1,379,770.086,33.779,34.013,1679.799,41.56,33.006,1.511,1456.528,37.853,-41.581,-40.342,-59.007,-30.11,0.98,-3.73,11.76,115.98,0.00,589.91,31.19,31.42,1146.55,35.61,30.01,1.45,937.78,31.54,-39.53,-31.58,-70.30,-30.86,-0.09,-1.92,7.12,123.56,-0.01,-1.59,-1.76,6.23,55,811.382,18904
380,1,380,789.63,33.587,33.711,1554.861,41.815,33.032,1.528,1378.601,40.151,-36.293,-37.146,-58.073,-31.02,1.16,-3.69,11.37,122.89,0.00,615.59,31.34,31.53,1182.48,35.44,30.01,1.45,954.00,30.98,-38.50,-32.10,-68.31,-31.03,-0.04,-1.78,6.71,127.30,0.00,-1.58,-1.76,7.03,55,768.932,7409.667
381,1,381,799.211,33.761,33.793,1734.654,39.027,33.032,1.528,1500.234,37.006,-41.537,-36.05,-58.394,-30.55,0.79,-3.87,11.08,130.57,-0.03,623.02,31.25,31.45,1170.41,34.40,30.03,1.46,970.43,30.61,-35.89,-34.13,-70.78,-29.52,-0.14,-1.99,6.53,138.65,-0.02,-1.61,-1.78,13.84,65,791.733,210390.333
382,1,382,813.141,33.782,33.825,1704.6,39.998,33.01,1.499,1453.833,37.959,-40.915,-36.48,-58.499,-28.11,0.89,-3.84,11.17,132.41,-0.02,628.72,31.40,31.58,1208.11,34.36,30.03,1.44,993.78,29.85,-37.08,-33.70,-70.40,-27.18,-0.10,-1.93,6.74,139.54,-0.02,-1.61,-1.77,13.70,65,802.005,1991.333
383,1,383,802.091,33.629,33.801,1750.661,38.744,33.023,1.552,1543.514,35.932,-40.841,-37.661,-59.414,-31.36,0.88,-3.82,10.66,127.10,-0.02,619.41,31.25,31.47,1188.81,34.01,30.04,1.48,990.69,30.02,-39.04,-30.40,-69.76,-31.48,-0.09,-1.93,6.11,136.81,-0.03,-1.63,-1.79,13.95,65,778.843,698.236
384,1,384,788.843,33.544,33.585,1741.136,37.062,33.039,1.571,1557.761,35.745,-41.659,-33.593,-57.887,-30.98,0.85,-3.91,11.24,127.45,-0.02,617.03,31.34,31.55,1203.43,34.24,30.02,1.46,990.28,29.92,-38.72,-31.42,-70.59,-30.63,-0.18,-2.01,6.81,136.01,-0.02,-1.63,-1.78,13.81,65,769.54,766.394
385,1,385,799.225,33.72,33.817,1802.588,37.776,33.038,1.538,1579.176,35.266,-39.974,-36.143,-58.836,-30.72,0.76,-3.91,11.04,131.72,-0.03,618.22,31.41,31.59,1203.03,34.54,30.03,1.44,985.87,30.11,-39.10,-30.46,-70.32,-29.71,-0.22,-2.03,6.83,139.89,-0.02,-1.62,-1.79,13.90,65,780.197,814.508
386,1,386,794.593,33.667,33.774,1743.029,38.665,33.026,1.557,1534.696,36.152,-41.629,-37.482,-59.379,-30.20,0.80,-3.87,10.26,133.51,-0.02,615.56,31.29,31.49,1186.05,34.27,30.02,1.47,982.78,30.14,-39.43,-30.44,-70.34,-29.33,-0.19,-2.01,6.23,136.84,-0.02,-1.61,-1.78,3.05,1565,2294,767.264
387,1,387,799.907,33.568,33.586,1775.633,36.356,33.038,1.573,1580.757,35.228,-41.746,-33.416,-60.045,-30.95,0.86,-3.79,11.04,126.50,-0.03,620.30,31.31,31.53,1194.28,34.31,30.02,1.46,986.88,30.02,-37.24,-31.95,-70.45,-30.10,-0.13,-1.97,6.96,134.04,-0.03,-1.60,-1.78,14.05,65,767.353,730.993
388,1,388,787.307,33.706,33.805,1750.675,38.778,33.029,1.542,1533.337,36.212,-40.888,-37.118,-58.327,-31.25,0.58,-3.92,10.37,135.73,-0.02,608.69,31.19,31.40,1168.61,34.09,30.03,1.47,974.60,30.47,-37.22,-34.03,-70.81,-30.11,-0.27,-2.02,6.09,142.20,-0.02,-1.61,-1.77,13.70,65,778.959,780.092
389,1,389,807.365,33.584,33.616,1738.751,37.384,33.04,1.534,1535.653,36.247,-42.509,-33.519,-58.717,-31.15,0.95,-3.71,11.38,131.10,-0.03,629.39,31.37,31.59,1185.87,35.09,30.02,1.42,971.72,30.48,-38.05,-33.46,-71.28,-29.88,-0.14,-1.92,7.06,135.50,-0.02,-1.61,-1.76,13.99,65,782.622,797.231
390,1,390,814.756,33.779,33.803,1747.466,38.83,33.013,1.513,1499.991,36.847,-40.726,-36.162,-58.913,-31.30,0.71,-3.94,11.35,129.46,-0.03,629.71,31.40,31.59,1210.29,34.31,30.00,1.44,990.65,29.74,-37.54,-33.50,-70.78,-30.80,-0.21,-2.07,6.98,133.95,-0.03,-1.62,-1.76,13.80,65,792.801,790.395
391,1,391,806.522,33.773,33.809,1748.734,38.851,33.012,1.516,1507.457,36.667,-41.304,-36.459,-58.759,-29.55,0.47,-3.90,10.83,137.99,-0.02,624.41,31.36,31.56,1208.59,34.18,30.01,1.45,991.68,29.79,-37.18,-33.61,-70.63,-28.46,-0.21,-2.04,6.59,139.63,-0.02,-1.61,-1.77,13.78,65,786.043,815.69
392,1,392,816.533,33.796,33.823,1736.068,39.264,33.012,1.506,1486.299,37.173,-41.942,-35.947,-59.305,-30.42,0.87,-3.86,11.38,131.96,-0.02,629.37,31.41,31.62,1211.49,34.50,30.02,1.43,992.12,29.81,-38.07,-33.47,-70.90,-29.19,-0.15,-2.01,7.21,130.13,-0.02,-1.60,-1.77,13.60,65,794.4,764.119
393,1,393,805.422,33.744,33.78,1711.208,39.435,33.021,1.508,1475.546,37.508,-41.405,-36.135,-58.739,-30.92,0.63,-3.87,11.38,131.99,-0.02,621.94,31.39,31.58,1212.11,34.17,30.02,1.44,991.48,29.81,-38.16,-33.10,-70.91,-29.98,-0.17,-2.03,6.62,137.55,-0.02,-1.63,-1.77,13.70,65,789.075,792.464
394,1,394,810.163,33.745,33.787,1729.357,39.091,33.012,1.511,1485.488,37.191,-40.907,-36.219,-57.472,-30.92,0.75,-3.87,11.29,132.36,-0.02,624.58,31.37,31.58,1188.47,34.87,30.03,1.44,973.71,30.47,-37.95,-34.04,-71.38,-29.79,-0.13,-1.94,6.76,137.99,-0.02,-1.62,-1.77,13.69,65,789.479,803.676
395,1,395,793.904,33.597,33.633,1668.072,39.091,33.043,1.545,1477.411,37.653,-41.137,-35.18,-57.847,-31.14,0.68,-3.93,11.44,129.63,-0.02,620.62,31.34,31.52,1184.38,34.55,30.02,1.45,976.72,30.32,-38.89,-32.33,-70.61,-31.33,-0.25,-2.09,7.14,130.41,-0.02,-1.65,-1.80,13.43,65,790.852,792.201
396,1,396,801.41,33.537,33.564,1684.239,38.112,33.034,1.558,1492.476,37.204,-41.314,-34.703,-57.313,-30.45,0.67,-3.90,11.44,130.38,-0.02,625.23,31.24,31.45,1148.92,35.10,30.02,1.45,951.61,31.14,-38.61,-33.77,-71.65,-31.00,-0.22,-2.00,7.09,132.28,-0.02,-1.63,-1.77,13.45,65,799.801,901.81
397,1,397,801.619,33.505,33.525,1663.274,38.242,33.041,1.552,1474.132,37.72,-40.904,-34.102,-57.634,-30.88,0.94,-3.85,11.56,130.51,-0.02,629.20,31.33,31.53,1173.98,34.95,30.04,1.46,966.77,30.77,-38.17,-33.26,-70.24,-30.67,-0.13,-1.99,6.68,137.37,-0.03,-1.63,-1.78,13.60,65,790.952,1055
398,1,398,763.868,33.367,33.444,1646.359,37.914,33.009,1.581,1498.362,36.859,-42.382,-33.964,-57.516,-31.14,0.69,-3.93,11.24,133.54,-0.02,616.61,31.15,31.36,1148.18,34.35,30.03,1.48,960.58,30.90,-37.55,-33.05,-71.03,-31.34,-0.17,-1.99,6.84,135.43,-0.02,-1.65,-1.78,13.58,65,791.546,933.582
399,1,399,795.793,33.797,33.866,1772.305,38.85,33.04,1.534,1539.126,36.17,-41.416,-37.477,-60.187,-30.88,1.03,-3.71,11.75,122.50,-0.02,607.12,31.36,31.56,1220.31,33.80,30.03,1.47,1005.59,29.51,-37.93,-30.68,-70.45,-31.26,-0.06,-1.89,7.19,127.77,-0.03,-1.62,-1.78,13.91,65,792.668,1057.667
400,1,400,778.817,33.737,33.833,1755.286,38.929,33.031,1.539,1537.386,36.135,-40.83,-38.023,-59.836,-31.01,0.96,-3.91,11.18,128.63,-0.02,605.70,31.35,31.53,1186.33,34.57,30.03,1.47,974.48,30.47,-37.12,-30.61,-70.83,-31.20,-0.17,-2.04,6.64,138.03,-0.02,-1.63,-1.79,13.87,65,790.803,918.168
401,1,401,762.032,33.638,33.813,1731.735,39.267,33.037,1.546,1532.408,36.302,-40.95,-39.184,-60.143,-30.75,1.13,-3.80,11.35,128.59,-0.03,599.49,31.30,31.48,1185.40,34.16,30.02,1.47,978.68,30.22,-37.41,-30.47,-70.26,-31.63,-0.13,-2.01,6.97,131.34,-0.02,-1.61,-1.79,13.74,65,798.229,1053.333
402,1,402,790.378,33.746,33.868,1761.574,39.108,33.021,1.54,1537.629,36.038,-40.881,-39.864,-60.053,-31.28,0.87,-3.85,11.17,125.74,-0.03,610.08,31.38,31.56,1203.64,34.26,30.05,1.47,990.89,30.04,-38.04,-30.52,-70.17,-31.43,-0.07,-1.95,6.68,134.29,-0.02,-1.61,-1.78,13.58,65,788.986,919.698
403,1,403,803.295,33.736,33.865,1765.144,38.997,33.04,1.533,1539.598,36.154,-39.762,-38.676,-59.323,-30.13,1.04,-3.83,10.86,132.07,-0.03,620.88,31.38,31.59,1194.17,34.77,30.03,1.46,980.53,30.28,-40.59,-30.30,-70.18,-29.53,-0.11,-1.99,6.49,137.10,-0.02,-1.63,-1.80,13.78,65,789.995,1096.667
404,1,404,813.123,33.737,33.848,1770.988,38.716,33.043,1.533,1544.236,36.079,-39.759,-37.213,-60.276,-31.08,0.94,-3.93,11.11,129.50,-0.02,620.85,31.38,31.58,1191.85,34.82,30.01,1.45,973.96,30.32,-40.29,-30.42,-70.35,-30.78,-0.24,-2.07,6.97,133.52,-0.02,-1.63,-1.80,13.82,65,802.229,952.815
405,1,405,798.522,33.669,33.798,1788.778,37.898,33.041,1.545,1575.648,35.36,-39.186,-37.491,-59.773,-30.94,0.97,-3.86,11.05,125.86,-0.02,617.02,31.27,31.48,1189.78,34.06,30.03,1.46,984.94,30.12,-37.83,-30.34,-70.16,-30.28,-0.18,-2.04,6.87,135.01,-0.02,-1.63,-1.81,13.77,65,793.836,1073.333
406,1,406,807.145,33.668,33.768,1719.235,39.141,33.032,1.555,1511.194,36.741,-41.755,-36.731,-59.626,-31.49,0.69,-3.90,10.81,131.58,-0.03,626.27,31.33,31.50,1209.72,33.67,30.04,1.49,999.79,29.71,-40.07,-30.63,-70.07,-32.11,-0.16,-2.02,6.26,138.16,-0.02,-1.64,-1.80,14.00,65,789.916,910.997
407,1,407,805.833,33.722,33.756,1718.424,39.055,33.028,1.52,1487.422,37.284,-40.695,-35.908,-57.718,-30.55,0.75,-3.84,11.37,128.26,-0.02,625.92,31.44,31.63,1202.51,34.86,30.03,1.44,982.55,30.20,-39.53,-33.65,-71.34,-29.48,-0.17,-1.99,7.00,134.65,-0.02,-1.64,-1.79,14.00,65,808.706,1050.667
408,1,408,818.347,33.761,33.808,1769.269,38.405,33.024,1.506,1528.152,36.282,-41.41,-36.95,-59.17,-30.57,0.87,-3.89,11.54,124.46,-0.02,624.66,31.24,31.49,1191.68,34.07,30.01,1.43,983.03,30.05,-36.65,-32.82,-71.63,-30.05,-0.20,-2.00,7.08,134.26,-0.02,-1.62,-1.79,19.30,615,1371.333,1004.489
409,1,409,786.968,33.588,33.684,1691.657,39.008,33.033,1.542,1486.944,37.338,-41.16,-35.265,-57.354,-30.75,0.84,-3.84,11.55,125.26,-0.02,625.28,31.42,31.61,1221.10,34.19,30.02,1.46,1000.07,29.61,-38.77,-32.37,-70.51,-31.32,-0.17,-1.95,6.91,134.43,-0.03,-1.64,-1.80,13.86,65,785.381,718.763
410,1,410,800.08,33.561,33.587,1647.045,39.173,33.032,1.553,1457.868,38.044,-39.55,-35.722,-57.459,-31.11,0.70,-3.93,11.43,129.07,-0.02,624.61,31.34,31.52,1184.02,34.59,30.03,1.47,975.91,30.41,-39.08,-32.49,-70.27,-31.61,-0.21,-2.01,6.39,137.52,-0.02,-1.64,-1.80,13.54,65,788.072,781.117
501,1,501,841.5156667,33.71466667,33.91533333,1676.31,41.51066667,33.03,1.502666667,1453.984667,38.684,-37.845,-40.49066667,-57.77633333,-31.09,0.12,-4.24,12.22,117.83,0.01,658.71,31.22,31.52,1176.93,34.81,30.02,1.44,942.80,30.38,-42.19,-33.77,-68.54,-27.75,0.73,-1.46,7.75,127.14,-0.03,-1.70,-1.70,12.71,35,474.6646667,68750.03733
502,1,502,810.2653333,33.49133333,33.689,1582.046,41.756,33.02133333,1.514666667,1406.341333,39.88866667,-38.76666667,-41.85933333,-58.09766667,-30.94,0.34,-4.39,11.98,121.38,0.01,633.20,31.06,31.37,1123.55,35.26,30.01,1.44,912.19,31.31,-42.72,-33.87,-68.67,-26.59,0.70,-1.59,7.61,129.16,-0.03,-1.67,-1.69,13.12,35,412.137,15666.77233
503,1,503,829.5333333,33.68933333,33.883,1682.075,41.05866667,33.02366667,1.51,1467.405,38.28466667,-38.922,-41.95833333,-58.365,-31.01,0.01,-4.30,11.85,121.23,0.00,644.71,31.08,31.37,1149.48,34.51,30.01,1.45,931.27,30.70,-41.91,-33.74,-68.90,-27.02,0.62,-1.51,7.40,130.43,-0.03,-1.69,-1.71,13.28,35,451.9046667,12337.677
504,1,504,847.7856667,33.62266667,33.828,1652.028667,41.28233333,33.02866667,1.504,1438.909333,39.072,-37.799,-39.83,-56.72066667,-31.22,0.43,-4.62,12.09,120.92,0.00,656.55,31.01,31.31,1125.38,34.78,30.01,1.45,916.61,31.18,-41.33,-32.22,-66.97,-25.73,0.77,-1.76,7.53,132.20,-0.04,-1.66,-1.67,13.09,35,453.6293333,14938.62033
505,1,505,824.0013333,33.54333333,33.77366667,1636.185333,41.16633333,33.02666667,1.526666667,1451.019667,38.737,-35.97733333,-39.07966667,-56.684,-30.67,-0.15,-4.71,11.81,124.27,0.00,648.12,31.13,31.43,1173.03,34.22,30.01,1.46,940.16,30.39,-40.79,-30.21,-67.24,-30.70,0.73,-1.85,7.42,130.43,-0.03,-1.65,-1.65,9.11,535,953.314,15547.5
506,1,506,846.581,33.92733333,34.12733333,1803.954,40.492,33.031,1.501666667,1538.464,36.61133333,-39.86033333,-43.85066667,-58.92,-31.03,0.13,-4.23,11.65,125.91,0.00,664.94,31.18,31.46,1182.35,34.20,30.04,1.46,954.37,30.18,-40.76,-31.92,-68.22,-25.96,0.80,-1.41,7.30,133.31,-0.03,-1.68,-1.69,13.18,35,446.387,13283.31233
507,1,507,849.494,33.85466667,34.06233333,1762.835667,40.82466667,33.04266667,1.500333333,1515.469667,37.256,-40.436,-43.84666667,-59.10733333,-31.42,0.10,-4.20,11.48,125.88,0.00,669.82,31.14,31.44,1153.66,34.89,30.01,1.44,929.51,30.75,-42.25,-32.33,-67.86,-26.58,0.70,-1.49,7.66,129.40,-0.03,-1.66,-1.67,13.29,35,449.102,13218.95967
508,1,508,837.6546667,33.713,33.92666667,1692.552,41.219,33.01733333,1.506333333,1467.156667,38.232,-38.91166667,-40.27166667,-57.27533333,-31.33,-0.07,-4.30,11.82,122.57,0.00,650.85,31.11,31.41,1159.01,34.49,30.01,1.45,935.01,30.55,-42.27,-31.81,-68.16,-26.46,0.70,-1.50,7.41,131.99,-0.04,-1.68,-1.69,13.01,35,450.6576667,14915.21
509,1,509,842.577,33.72133333,33.92866667,1687.622333,41.35533333,33.01766667,1.506666667,1461.940667,38.37133333,-38.307,-41.13233333,-57.41866667,-31.04,0.14,-4.35,12.01,121.33,0.00,655.50,31.21,31.48,1166.20,34.86,30.02,1.44,933.38,30.72,-41.46,-33.58,-68.12,-29.36,0.71,-1.51,7.61,129.36,-0.04,-1.65,-1.67,12.81,35,443.8266667,12982.73833
510,1,510,820.5016667,33.669,33.883,1676.814333,41.18866667,33.00833333,1.512333333,1458.17,38.38533333,-39.168,-42.657,-58.672,-31.29,0.28,-4.61,11.73,122.86,0.00,638.41,31.00,31.29,1142.10,34.09,30.02,1.47,936.76,30.61,-41.75,-31.86,-66.91,-28.44,0.61,-1.80,7.44,128.00,-0.03,-1.69,-1.69,13.47,35,442.1436667,13783.537
511,1,511,844.978,33.60466667,33.78766667,1658.622,40.73666667,33.01766667,1.514,1446.593667,38.77066667,-36.246,-38.63,-56.889,-30.15,0.13,-4.26,11.92,124.81,0.01,661.68,31.09,31.35,1155.01,34.18,30.02,1.46,935.97,30.59,-43.02,-33.39,-67.97,-29.00,0.70,-1.44,7.49,132.01,-0.03,-1.72,-1.73,13.26,35,403.5076667,16369.352
512,1,512,810.4233333,33.55033333,33.78433333,1667.496,40.48766667,33.02333333,1.521,1479.598333,37.97266667,-37.75266667,-39.89766667,-56.794,-30.76,0.12,-4.36,11.76,121.61,0.00,638.47,30.99,31.29,1121.73,34.68,30.04,1.45,919.68,31.31,-42.17,-35.04,-67.85,-30.91,0.71,-1.51,7.60,128.29,-0.03,-1.67,-1.71,12.63,35,459.1506667,12737.766
513,1,513,842.7123333,33.52933333,33.68633333,1585.328,41.643,33.025,1.510666667,1389.323667,40.403,-36.05,-40.554,-57.83466667,-29.60,0.02,-4.44,12.30,118.42,0.00,659.34,31.09,31.38,1146.59,34.65,30.04,1.46,930.05,30.94,-42.15,-32.87,-68.69,-28.47,0.70,-1.64,7.66,127.29,-0.03,-1.69,-1.70,13.46,35,360.6566667,14551.443
514,1,514,837.218,33.55133333,33.73,1619.995333,41.164,33.02,1.504666667,1424.247,39.387,-35.022,-39.932,-57.24533333,-30.97,0.19,-4.31,12.00,124.04,0.01,654.87,31.15,31.44,1180.12,34.11,30.01,1.44,951.59,30.06,-41.41,-33.09,-68.70,-26.08,0.77,-1.47,7.22,134.37,-0.04,-1.63,-1.66,13.55,35,469.0913333,12218.775
515,1,515,839.2653333,33.55233333,33.72133333,1618.098667,41.128,33.01766667,1.501,1414.252,39.63933333,-34.93733333,-40.08333333,-57.99766667,-30.80,-0.09,-4.61,12.06,125.21,0.01,650.59,31.18,31.48,1182.74,34.35,30.03,1.45,955.20,30.05,-42.05,-32.19,-68.75,-25.22,0.76,-1.70,7.42,134.86,-0.03,-1.68,-1.68,13.66,35,420.612,12710.6
516,1,516,840.9663333,33.78366667,33.98766667,1747.316,40.48866667,33.02033333,1.513333333,1508.222,37.24033333,-38.809,-40.14,-57.78133333,-30.77,0.08,-4.60,11.67,124.39,0.00,656.51,31.08,31.37,1152.02,34.40,30.04,1.46,938.56,30.68,-42.71,-32.81,-67.97,-29.01,0.71,-1.76,7.53,127.89,-0.03,-1.70,-1.70,13.80,35,404.5106667,14637.72133
517,1,517,825.371,33.49266667,33.685,1575.377667,41.89533333,33.021,1.521333333,1398.258,40.113,-36.46033333,-40.80833333,-57.32233333,-31.07,0.36,-4.32,11.54,128.37,0.01,649.36,31.12,31.42,1137.12,35.23,30.03,1.45,917.98,31.25,-42.50,-33.05,-68.14,-25.85,0.69,-1.50,7.23,133.57,-0.03,-1.64,-1.67,12.96,35,453.09,12506.65233
518,1,518,829.2926667,33.54133333,33.73,1613.628,41.32366667,33.01733333,1.511333333,1419.37,39.49633333,-37.14466667,-40.398,-57.45566667,-29.91,0.08,-4.36,12.02,125.65,0.00,639.95,31.11,31.40,1151.73,34.61,30.04,1.46,931.94,30.90,-41.37,-32.95,-69.01,-28.45,0.68,-1.52,7.65,131.13,-0.04,-1.63,-1.67,12.92,35,443.0596667,16205.27333
519,1,519,824.137,33.329,33.48733333,1520.124333,41.48933333,33.03566667,1.535333333,1371.289667,41.02666667,-33.447,-39.84266667,-57.26033333,-30.15,0.20,-4.46,12.25,121.49,0.00,645.10,31.21,31.51,1177.02,34.74,30.03,1.45,940.40,30.56,-43.56,-31.80,-68.05,-27.70,0.77,-1.54,7.32,131.21,-0.04,-1.65,-1.69,13.14,35,453.1466667,12690.046
520,1,520,822.2403333,33.68633333,33.886,1676.166667,41.23366667,33.034,1.524666667,1468.932667,38.33566667,-39.09833333,-41.58566667,-57.96466667,-30.63,-0.01,-4.37,11.50,131.73,-0.01,651.33,31.23,31.50,1177.59,34.67,30.04,1.46,939.91,30.59,-42.63,-32.46,-68.32,-27.54,0.75,-1.55,7.31,136.40,-0.03,-1.67,-1.68,13.56,35,411.542,14046.43833
521,1,521,816.166,33.55133333,33.71333333,1604.784333,41.39233333,33.027,1.51,1418.662667,39.60466667,-35.48766667,-40.85333333,-57.853,-30.56,0.17,-4.27,12.15,121.75,0.01,641.94,31.23,31.52,1177.18,34.83,30.02,1.44,942.60,30.36,-43.03,-33.00,-68.76,-27.68,0.70,-1.49,7.77,126.49,-0.03,-1.66,-1.70,13.11,35,543.3603333,15695.94567
522,1,522,822.8346667,33.51266667,33.693,1591.334,41.548,33.031,1.520333333,1414.056333,39.76766667,-37.70833333,-40.57233333,-57.77466667,-30.96,0.17,-4.22,11.86,126.07,0.00,646.75,31.15,31.42,1161.47,34.53,30.01,1.45,935.32,30.58,-42.37,-32.29,-68.68,-26.05,0.67,-1.43,7.26,132.55,-0.03,-1.64,-1.69,12.95,35,446.154,13520.219
523,1,523,636.49,18.90125,19.30875,1248.63725,31.0035,18.28425,1.57725,1080.3235,29.07825,-48.62,-47.1105,-63.4975,-40.74,-16.91,-19.91,-2.71,93.88,0.45,493.16,17.68,17.63,886.21,25.66,15.13,1.54,711.25,22.58,-61.01,-40.25,-71.82,-39.15,-14.52,-16.38,-5.40,97.95,-0.07,-17.14,-11.51,10.24,35,390.95175,14519.01075
524,1,524,824.799,33.63766667,33.84866667,1659.179,41.301,33.02966667,1.508333333,1452.201333,38.73,-39.08133333,-41.41833333,-57.78466667,-31.34,0.64,-4.29,12.18,116.68,0.00,640.14,31.08,31.37,1161.15,34.16,30.03,1.46,946.67,30.32,-42.73,-34.98,-68.22,-27.97,1.38,-1.48,7.60,126.29,-0.03,-1.78,-1.71,13.42,35,401.8743333,17335.78767
525,1,525,829.812,33.62433333,33.84033333,1652.999667,41.373,33.02666667,1.509,1449.68,38.77033333,-39.09433333,-41.89366667,-58.377,-31.39,-0.22,-4.51,11.38,130.87,0.01,650.46,31.09,31.38,1146.25,34.67,30.05,1.45,930.27,31.00,-42.21,-31.86,-67.27,-25.77,0.69,-1.62,7.31,134.72,-0.03,-1.66,-1.67,13.01,35,410.85,13936.953
526,1,526,860.325,33.78933333,33.952,1703.676333,41.18933333,33.01933333,1.491,1459.870667,38.44033333,-36.84433333,-42.179,-58.59933333,-31.31,-0.38,-4.44,11.95,124.50,0.00,672.35,31.10,31.38,1167.85,34.00,30.03,1.45,944.20,30.42,-40.46,-34.39,-69.33,-26.56,0.62,-1.63,7.24,135.92,-0.03,-1.65,-1.67,12.91,35,453.7066667,13906.43467
527,1,527,851.955,33.881,34.08633333,1771.107667,40.86133333,33.01433333,1.497666667,1510.118667,37.14266667,-40.345,-42.79033333,-58.59933333,-31.40,-0.14,-4.50,11.44,128.71,0.00,669.83,31.11,31.38,1167.19,34.04,30.03,1.45,944.96,30.42,-41.64,-32.10,-67.55,-26.97,0.63,-1.66,7.42,132.41,-0.03,-1.67,-1.67,12.95,35,453.7563333,11321.34067
528,1,528,837.2033333,33.70633333,33.91266667,1692.898333,41.078,33.02033333,1.491666667,1467.977,38.239,-37.65566667,-39.74966667,-57.26233333,-31.09,-0.05,-4.30,11.73,127.31,0.01,655.48,31.22,31.49,1157.00,35.22,30.01,1.43,926.80,30.84,-44.77,-34.32,-67.74,-28.63,0.80,-1.49,7.71,129.92,-0.03,-1.67,-1.70,13.52,35,437.27,15177.175
529,1,529,832.5516667,33.55266667,33.73933333,1641.461667,40.70933333,33.02533333,1.511666667,1446.225,38.848,-37.32933333,-39.63433333,-56.56966667,-30.99,0.05,-4.39,12.20,119.16,0.01,649.55,31.23,31.51,1178.95,34.68,30.02,1.44,946.01,30.29,-42.31,-36.07,-68.04,-27.68,0.67,-1.57,7.64,128.25,-0.04,-1.66,-1.69,13.04,35,451.684,21940.02133
530,1,530,832.228,33.504,33.693,1608.841,41.09533333,33.02466667,1.52,1429.839667,39.27933333,-35.09533333,-39.13366667,-57.10866667,-31.23,0.17,-4.23,11.82,121.66,0.00,647.38,31.12,31.43,1172.22,34.25,30.03,1.47,945.36,30.40,-42.54,-32.85,-68.79,-27.48,0.64,-1.43,7.08,132.04,-0.04,-1.67,-1.70,12.80,35,312.9563333,14611.242
531,1,531,824.9346667,33.518,33.696,1596.798333,41.438,33.02933333,1.521666667,1421.048333,39.56233333,-36.94566667,-41.32033333,-57.86566667,-30.80,0.05,-4.43,11.94,124.40,0.00,645.20,31.13,31.41,1152.56,34.69,30.02,1.46,926.85,30.90,-42.42,-32.41,-68.76,-26.95,0.65,-1.60,7.14,136.92,-0.03,-1.64,-1.68,13.11,35,399.2066667,13973.45
532,1,532,841.0493333,33.66233333,33.84233333,1672.034667,40.91966667,33.01866667,1.489,1453.127,38.60966667,-36.642,-38.26333333,-57.37233333,-31.17,0.07,-4.47,12.21,120.81,0.01,655.47,31.18,31.48,1180.43,34.38,30.04,1.44,955.24,30.15,-43.25,-33.45,-68.57,-26.75,0.67,-1.62,7.76,129.61,-0.04,-1.71,-1.72,13.07,35,357.1656667,13641.89333
533,1,533,827.1926667,33.65933333,33.86166667,1665.350667,41.26966667,33.014,1.504666667,1448.016333,38.701,-37.45233333,-40.81166667,-57.231,-31.14,0.15,-4.33,11.42,129.72,0.00,654.89,31.08,31.36,1139.02,34.71,30.03,1.45,925.85,31.03,-41.67,-35.27,-68.40,-25.85,0.67,-1.52,7.37,133.41,-0.03,-1.67,-1.69,13.25,35,358.7393333,12374.82667
534,1,534,844.451,33.678,33.835,1653.157667,41.32066667,33.028,1.514,1439.533667,39.04933333,-35.145,-42.59866667,-57.67266667,-31.40,-0.15,-4.29,11.74,124.43,0.01,659.09,31.14,31.44,1175.02,34.23,30.02,1.46,947.46,30.21,-40.85,-31.72,-68.98,-25.92,0.65,-1.49,6.92,135.83,-0.03,-1.66,-1.69,13.38,35,347.185,15145.20667
535,1,535,836.0743333,33.56766667,33.746,1609.977667,41.569,33.03633333,1.495666667,1418.241,39.69866667,-37.20766667,-41.31066667,-58.08533333,-30.96,0.25,-4.40,12.04,121.75,0.00,653.57,31.23,31.54,1181.88,34.82,30.02,1.44,943.12,30.37,-42.09,-33.17,-68.76,-26.96,0.63,-1.58,7.35,132.10,-0.03,-1.65,-1.68,13.18,35,363.836,12993.105
536,1,536,805.3503333,33.42366667,33.61933333,1559.263,41.69266667,33.03466667,1.529666667,1401.855667,40.139,-34.577,-39.67433333,-57.63766667,-30.69,0.09,-4.35,12.20,118.99,0.00,637.50,30.99,31.31,1135.63,34.43,30.04,1.47,925.64,31.12,-42.60,-32.63,-68.60,-28.14,0.69,-1.52,7.28,131.23,-0.04,-1.68,-1.70,13.34,35,446.3966667,12339.77033
537,1,537,836.902,33.701,33.90833333,1696.932667,40.93466667,33.02566667,1.497,1473.200667,38.154,-37.26433333,-40.28466667,-57.079,-31.37,-0.20,-4.40,11.97,123.71,0.01,654.12,31.18,31.46,1160.76,34.83,30.02,1.43,934.74,30.64,-41.25,-33.58,-68.54,-25.50,0.71,-1.60,7.95,129.07,-0.03,-1.65,-1.68,13.12,35,408.1166667,13411.36533
538,1,538,817.3776667,33.63766667,33.873,1677.755,41.07066667,33.02066667,1.511333333,1469.994333,38.19133333,-38.25133333,-40.65066667,-57.75933333,-29.92,-0.14,-4.34,12.01,121.08,0.00,632.28,31.11,31.41,1152.06,34.70,30.03,1.46,929.92,30.86,-42.50,-32.40,-68.20,-29.68,0.65,-1.52,7.83,127.91,-0.04,-1.67,-1.70,12.91,35,454.6146667,12897.095
539,1,539,838.5956667,33.584,33.75433333,1620.567333,41.38033333,33.01266667,1.506666667,1417.638667,39.49833333,-36.10833333,-42.25666667,-58.406,-30.40,0.20,-4.25,11.91,124.56,0.01,654.56,31.21,31.50,1183.44,34.45,30.02,1.45,954.03,30.04,-41.64,-34.06,-69.37,-24.61,0.72,-1.45,7.46,132.39,-0.03,-1.67,-1.68,13.31,35,450.7046667,13249.19367
540,1,540,819.1916667,33.64033333,33.83466667,1648.430667,41.438,33.016,1.497666667,1436.229667,39.02933333,-37.78733333,-41.74266667,-58.315,-30.23,-0.03,-4.37,12.14,122.75,0.00,644.95,31.12,31.39,1154.68,34.44,30.01,1.45,931.33,30.70,-42.47,-32.10,-68.29,-28.68,0.65,-1.58,7.75,129.87,-0.03,-1.67,-1.68,12.97,35,401.787,14203.55033
541,1,541,853.1593333,33.89733333,34.06166667,1746.412667,41.205,33.04233333,1.49,1485.288,37.99566667,-39.99566667,-43.51133333,-59.25866667,-30.98,0.15,-4.28,11.85,127.14,0.01,670.38,31.27,31.54,1170.24,35.23,30.00,1.43,930.72,30.65,-40.90,-32.54,-69.06,-25.18,0.68,-1.49,7.78,132.19,-0.03,-1.67,-1.68,13.60,35,395.8243333,13428.18667
542,1,542,838.919,33.70933333,33.92466667,1701.117667,40.98766667,33.021,1.498666667,1478.491667,37.98266667,-38.463,-40.52533333,-57.326,-31.50,0.01,-4.43,11.78,123.27,0.00,654.76,31.06,31.37,1152.04,34.41,30.03,1.44,942.03,30.50,-41.28,-32.05,-68.00,-27.79,0.74,-1.58,7.95,124.90,-0.04,-1.66,-1.67,13.57,35,401.5876667,12473.59967
543,1,543,833.56,33.47466667,33.643,1577.733667,41.42833333,33.033,1.513333333,1405.212333,40.02966667,-37.44766667,-39.114,-57.97366667,-31.28,0.36,-4.36,11.91,123.61,0.01,655.24,31.07,31.37,1152.68,34.41,30.03,1.46,938.35,30.62,-43.72,-33.02,-68.23,-26.00,0.65,-1.51,7.31,132.14,-0.03,-1.71,-1.71,12.69,35,453.5486667,13507.035
544,1,544,818.1906667,33.55933333,33.73766667,1604.001333,41.64466667,33.03,1.506333333,1416.600333,39.68633333,-37.05466667,-40.36866667,-57.77366667,-30.94,0.65,-4.00,12.33,121.91,0.01,646.38,31.10,31.38,1168.18,33.97,30.01,1.45,947.13,30.15,-42.41,-33.66,-69.04,-27.55,1.57,-1.23,7.70,129.09,-0.04,-1.71,-1.69,12.90,35,408.931,12804.59567
545,1,545,829.1723333,33.559,33.75966667,1622.103,41.39,33.01966667,1.520333333,1430.434333,39.21633333,-36.59766667,-40.40933333,-57.21466667,-31.16,-0.01,-4.39,12.04,120.13,0.01,648.55,31.07,31.37,1145.77,34.60,30.01,1.46,928.93,30.79,-41.90,-33.33,-68.47,-27.85,0.63,-1.58,7.70,126.72,-0.03,-1.65,-1.67,13.08,35,364.0923333,15779.566
546,1,546,830.2256667,33.66166667,33.87666667,1664.003667,41.44433333,33.015,1.508,1452.569667,38.58733333,-39.07333333,-41.18,-58.39,-30.87,-0.18,-4.74,12.05,119.54,0.01,653.47,31.10,31.39,1145.82,34.75,30.01,1.45,925.92,30.89,-42.29,-30.75,-67.18,-28.17,0.77,-1.89,7.66,127.98,-0.03,-1.67,-1.66,12.76,35,312.124,11825.45467
547,1,547,837.391,33.69466667,33.88866667,1677.092667,41.23233333,33.01033333,1.499,1454.045333,38.514,-39.067,-40.35633333,-57.70033333,-31.02,0.06,-4.32,11.81,125.78,0.01,651.97,31.13,31.40,1146.31,34.82,30.03,1.44,929.28,30.89,-43.42,-33.35,-68.63,-27.95,0.69,-1.50,7.57,130.57,-0.02,-1.69,-1.70,13.20,35,420.7773333,13123.53033
548,1,548,840.0553333,33.786,34.00033333,1729.327333,41.028,33.04333333,1.518333333,1497.519,37.69833333,-39.72033333,-42.32033333,-57.93866667,-31.29,0.05,-4.29,11.48,126.96,0.00,657.64,31.10,31.38,1138.86,34.85,30.04,1.46,923.69,31.12,-42.33,-33.71,-68.23,-26.73,0.73,-1.52,7.19,133.84,-0.03,-1.67,-1.68,13.31,35,447.3936667,12339.56533
549,1,549,848.0713333,33.774,33.981,1715.192333,41.18533333,33.007,1.497333333,1476.301667,37.91333333,-39.12033333,-39.81,-57.62166667,-31.13,-0.12,-4.41,11.74,124.96,0.01,660.95,31.07,31.36,1154.16,34.29,30.01,1.45,933.86,30.64,-43.09,-32.59,-68.02,-27.70,0.70,-1.56,7.01,136.25,-0.03,-1.69,-1.72,12.94,35,431.2226667,12944.01767
550,1,550,826.2816667,33.59366667,33.79433333,1640.588333,41.248,33.02,1.518666667,1443.884333,38.86433333,-39.05266667,-40.35966667,-57.343,-31.30,0.14,-4.47,11.46,125.93,0.00,645.53,31.21,31.50,1166.46,35.01,30.04,1.46,935.46,30.80,-42.22,-34.08,-68.91,-26.33,0.67,-1.59,7.21,132.49,-0.04,-1.67,-1.70,12.93,35,407.0013333,12804.61067
551,1,551,844.8273333,33.78433333,33.965,1710.465667,41.14766667,33.00633333,1.504666667,1466.795,38.14633333,-38.15266667,-41.59433333,-57.88966667,-30.99,0.00,-4.34,12.01,123.30,0.01,658.72,31.12,31.38,1170.83,33.94,30.04,1.47,952.37,30.24,-42.61,-33.42,-67.75,-27.22,0.73,-1.46,7.73,131.89,-0.04,-1.67,-1.69,13.45,35,442.763,13603.64567
552,1,552,840.786,33.61966667,33.77933333,1621.064,41.602,33.02966667,1.503333333,1418.263667,39.63766667,-36.81933333,-40.61666667,-58.14166667,-30.81,0.08,-4.45,11.95,123.24,0.01,654.33,31.11,31.40,1146.37,34.83,30.03,1.45,928.52,30.92,-41.63,-32.30,-68.38,-27.05,0.65,-1.61,7.52,130.58,-0.04,-1.64,-1.66,13.06,35,448.2473333,12854.5
553,1,553,817.167,33.57933333,33.795,1631.323,41.49066667,33.02166667,1.495666667,1432.112667,39.19233333,-38.04366667,-40.02233333,-58.17733333,-30.50,0.14,-4.43,12.25,119.24,0.01,636.11,31.14,31.48,1167.37,34.78,30.02,1.44,939.23,30.50,-41.73,-31.71,-68.51,-28.07,0.55,-1.63,7.97,126.54,-0.03,-1.69,-1.71,12.72,35,451.3536667,11907.06133
554,1,554,850.676,33.606,33.77733333,1640.550333,41.09066667,33.00533333,1.501666667,1432.067667,39.046,-34.504,-40.20833333,-57.66533333,-25.33,0.07,-4.43,12.33,121.95,0.01,657.44,31.05,31.34,1164.45,33.76,30.02,1.46,959.44,29.87,-42.57,-31.60,-68.41,-20.29,0.69,-1.57,7.45,146.87,-0.03,-1.69,-1.71,13.68,35,451.5006667,12107.93333
555,1,555,847.1383333,33.62333333,33.82266667,1652.111667,41.23166667,33.01133333,1.508666667,1438.510333,38.92666667,-37.67333333,-38.62433333,-57.425,-30.70,0.28,-4.24,11.73,123.30,0.01,659.20,31.12,31.42,1137.37,35.24,30.04,1.45,917.88,31.32,-44.69,-31.87,-67.96,-27.67,0.74,-1.40,7.37,131.31,-0.03,-1.70,-1.72,13.32,35,451.1096667,12406.84867
556,1,556,841.403,33.73966667,33.92733333,1690.174,41.28166667,33.034,1.499666667,1460.089,38.56466667,-38.86066667,-40.80866667,-58.07233333,-30.89,0.22,-4.38,12.16,118.85,0.00,659.86,31.22,31.49,1163.32,35.01,30.02,1.44,933.36,30.66,-41.86,-32.09,-68.13,-25.55,0.74,-1.53,7.75,129.66,-0.03,-1.69,-1.70,12.86,35,412.6816667,12782.455
557,1,557,826.952,33.83433333,34.06133333,1790.804667,40.17833333,33.01766667,1.515666667,1541.241,36.435,-41.839,-44.45533333,-59.43866667,-31.49,-0.13,-4.26,11.41,125.32,0.00,651.34,31.03,31.33,1155.52,33.98,30.03,1.46,943.53,30.42,-42.25,-32.28,-67.71,-26.97,0.73,-1.49,7.45,131.72,-0.03,-1.68,-1.69,12.98,35,407.2223333,12938.49033
558,1,558,846.0693333,33.624,33.803,1655.785,40.95333333,33.02566667,1.491333333,1443.327333,38.92533333,-36.78766667,-39.276,-56.655,-31.24,0.03,-4.63,12.18,120.84,0.01,662.27,31.08,31.37,1147.44,34.52,30.02,1.44,928.81,30.84,-40.92,-33.25,-68.16,-27.73,0.68,-1.79,7.46,132.15,-0.03,-1.67,-1.68,13.04,35,313.6486667,35274.61333
559,1,559,839.288,33.64766667,33.848,1670.228333,41.02033333,33.006,1.496333333,1452.472,38.51533333,-35.89233333,-38.62933333,-56.906,-30.46,0.14,-4.35,12.02,121.04,0.01,657.56,31.08,31.37,1168.89,33.90,30.02,1.45,947.70,30.22,-43.56,-33.32,-68.30,-29.92,0.71,-1.54,7.66,126.61,-0.04,-1.71,-1.73,12.92,35,368.1083333,11866.06167
560,1,560,842.9006667,33.55133333,33.71933333,1615.396667,41.177,33.01466667,1.509666667,1417.676333,39.518,-33.208,-39.34766667,-57.30966667,-31.10,-0.05,-4.39,12.11,122.29,0.01,653.17,31.13,31.42,1166.86,34.32,30.05,1.46,946.91,30.45,-42.53,-32.42,-68.62,-26.03,0.69,-1.53,7.38,132.96,-0.03,-1.69,-1.70,13.55,35,359.211,12628.06767
561,1,561,832.228,33.719,33.91966667,1692.002667,41.16366667,33.01733333,1.503333333,1470.385667,38.153,-39.89866667,-43.52633333,-58.64366667,-30.10,-0.01,-4.21,11.90,123.98,0.00,654.57,31.09,31.38,1182.55,33.55,30.03,1.47,955.62,30.07,-41.20,-34.45,-67.60,-29.21,0.75,-1.41,7.30,133.07,-0.03,-1.65,-1.67,12.95,35,312.546,16229.37833
562,1,562,850.5176667,33.79666667,33.985,1716.118,41.20133333,33.03933333,1.494666667,1480.290667,38.09633333,-38.19133333,-39.27566667,-58.43433333,-23.23,0.55,-4.30,12.17,145.72,0.01,661.80,31.20,31.46,1172.68,34.52,30.04,1.46,964.06,29.83,-42.75,-33.03,-68.42,-18.56,1.30,-1.49,7.44,207.82,-0.03,-1.72,-1.71,12.82,35,314.697,11868.20367
563,1,563,805.26,33.47366667,33.69833333,1601.48,41.33666667,33.02766667,1.537666667,1430.976,39.27766667,-37.15333333,-41.09966667,-57.465,-30.30,0.26,-4.27,11.29,130.98,0.00,637.86,31.04,31.35,1151.12,34.30,30.03,1.47,936.01,30.70,-40.96,-33.56,-67.78,-30.51,0.69,-1.44,6.84,133.30,-0.03,-1.66,-1.69,13.42,35,354.6073333,13697.77667
564,1,564,831.3396667,33.68866667,33.86866667,1662.076667,41.42,33.02366667,1.497333333,1440.783333,38.979,-38.20566667,-41.20066667,-58.35133333,-30.71,-0.17,-4.38,12.17,121.23,0.01,649.80,31.18,31.45,1148.32,35.16,30.03,1.44,925.62,31.04,-42.39,-35.68,-67.89,-27.11,0.73,-1.55,7.80,129.50,-0.03,-1.65,-1.68,12.79,35,306.0316667,11198.69367
565,1,565,822.8646667,33.74866667,33.956,1725.534,40.70333333,33.012,1.519333333,1501.989667,37.32066667,-41.41266667,-44.48366667,-59.25666667,-31.07,0.02,-4.33,11.41,126.70,0.00,651.61,30.98,31.28,1134.42,34.21,30.02,1.47,924.32,30.99,-42.11,-31.45,-68.10,-27.49,0.65,-1.57,7.41,131.20,-0.03,-1.67,-1.68,13.20,35,385.8606667,11430.94633
566,1,566,831.212,33.62766667,33.829,1671.372,40.81066667,33.02366667,1.510333333,1466.178,38.314,-38.99933333,-40.74466667,-58.352,-31.11,0.02,-4.44,11.52,127.36,0.01,649.84,31.28,31.57,1184.42,34.99,30.02,1.44,940.38,30.43,-43.29,-31.80,-67.93,-26.16,0.65,-1.59,7.21,134.90,-0.03,-1.67,-1.69,13.35,35,362.1276667,10969.06733
567,1,567,828.826,33.59366667,33.787,1642.304333,41.13433333,33.022,1.517666667,1445.171333,38.848,-37.38733333,-39.922,-57.7,-30.52,0.13,-4.41,12.05,122.29,0.00,651.19,31.13,31.41,1161.44,34.40,30.02,1.45,938.41,30.56,-42.44,-31.58,-67.98,-28.27,0.78,-1.53,7.65,129.12,-0.04,-1.68,-1.69,13.17,35,361.3106667,11996.30267
568,1,568,805.3653333,33.418,33.63433333,1592.214667,40.967,33.023,1.543333333,1432.827667,39.18466667,-36.44133333,-37.52266667,-56.50966667,-28.93,0.20,-4.63,11.86,125.98,0.00,638.06,31.10,31.38,1151.55,34.52,30.01,1.46,929.75,30.77,-43.91,-31.06,-67.57,-31.17,0.82,-1.75,7.55,128.35,-0.03,-1.71,-1.70,13.81,35,363.1466667,10853.63867
569,1,569,843.9696667,33.76466667,33.954,1710.525667,41.04066667,33.01633333,1.506666667,1478.875667,37.93033333,-40.15433333,-42.878,-58.615,-31.48,-0.09,-4.46,11.67,122.12,0.01,666.20,31.16,31.47,1192.72,33.95,30.02,1.46,959.84,29.84,-41.15,-32.18,-68.15,-26.96,0.64,-1.66,7.42,128.55,-0.04,-1.67,-1.67,13.48,35,359.7646667,11741.29
570,1,570,845.061,33.735,33.926,1693.786667,41.18166667,33.02733333,1.515333333,1471.303667,38.216,-38.39233333,-43.47566667,-58.90566667,-31.41,-0.13,-4.48,11.74,124.54,0.00,664.78,31.16,31.45,1163.72,34.70,30.00,1.45,933.14,30.59,-41.87,-31.47,-67.86,-26.14,0.71,-1.65,7.54,130.36,-0.03,-1.66,-1.67,13.34,35,382.2863333,12525.46833
571,1,571,831.844,33.50066667,33.673,1597.287667,41.20566667,33.02033333,1.507666667,1415.215333,39.63733333,-34.08033333,-39.709,-57.636,-31.02,-0.13,-4.65,12.23,119.56,0.01,652.77,31.14,31.43,1166.05,34.44,30.04,1.45,945.77,30.40,-42.24,-31.47,-67.18,-26.57,0.83,-1.67,7.73,127.59,-0.03,-1.68,-1.68,13.35,35,361.738,12256.67667
572,1,572,847.424,33.86533333,34.06366667,1738.525,41.411,33.025,1.495666667,1482.194667,37.92366667,-39.56633333,-43.222,-58.83333333,-30.70,0.23,-4.23,11.99,120.60,0.01,652.36,31.06,31.35,1164.08,33.86,30.02,1.46,947.61,30.23,-41.35,-32.85,-67.94,-29.13,0.70,-1.44,7.69,126.84,-0.03,-1.69,-1.71,13.52,35,359.6056667,10670.548
573,1,573,827.998,33.67133333,33.88933333,1675.534667,41.28033333,33.02666667,1.503333333,1462.663,38.43166667,-38.88533333,-41.08533333,-57.64,-31.36,0.40,-4.20,11.73,123.83,0.00,644.29,31.16,31.45,1158.09,34.84,30.01,1.44,930.39,30.74,-41.98,-33.67,-67.89,-27.46,0.79,-1.41,7.29,133.18,-0.03,-1.66,-1.69,13.31,35,363.6266667,11308.463
574,1,574,836.1566667,33.73033333,33.895,1687.095667,41.04933333,33.023,1.498,1458.448,38.50766667,-36.928,-41.82,-58.26966667,-31.08,-0.33,-4.47,11.98,125.15,0.01,661.06,31.17,31.44,1168.34,34.49,30.02,1.45,942.70,30.39,-41.48,-33.56,-67.99,-26.54,0.73,-1.63,7.53,132.77,-0.03,-1.65,-1.66,13.14,35,342.21,12384.526
575,1,575,821.8633333,33.622,33.82966667,1656.379333,41.18866667,33.01633333,1.507666667,1454.534333,38.55333333,-38.58366667,-40.87066667,-58.99533333,-31.26,0.07,-4.24,11.65,125.64,0.01,644.39,31.03,31.33,1135.73,34.62,30.03,1.45,925.55,31.02,-43.26,-32.80,-68.78,-26.63,0.66,-1.41,7.40,131.18,-0.03,-1.69,-1.71,13.05,35,355.8533333,11329.77233
576,1,576,847.0253333,33.81066667,34.01766667,1730.366,41.16833333,33.03433333,1.490333333,1488.314,37.85066667,-38.25133333,-43.16933333,-58.107,-31.56,0.03,-4.25,11.57,127.28,0.01,654.10,31.04,31.33,1175.26,33.42,30.04,1.45,962.76,29.89,-40.24,-31.96,-68.32,-27.54,0.71,-1.45,7.52,128.15,-0.03,-1.66,-1.69,13.51,35,379.7993333,12349.269
577,1,577,853.4153333,33.68,33.87833333,1688.924333,40.84866667,33.02266667,1.497666667,1467.367333,38.27966667,-37.05466667,-39.846,-57.43533333,-30.76,0.13,-4.31,11.90,123.57,0.01,659.55,31.12,31.41,1170.13,34.18,30.02,1.44,943.29,30.37,-42.67,-35.30,-68.87,-28.00,0.68,-1.49,7.65,128.39,-0.04,-1.67,-1.69,12.97,35,386.52,11498.942
578,1,578,828.954,33.56966667,33.76066667,1622.569667,41.386,33.019,1.477666667,1425.406333,39.34933333,-38.38733333,-40.95633333,-57.98766667,-31.35,0.03,-4.27,12.34,120.38,0.00,643.28,31.16,31.44,1156.53,34.83,30.02,1.42,936.79,30.55,-42.76,-33.13,-68.32,-26.11,0.68,-1.44,8.09,124.88,-0.03,-1.66,-1.69,13.54,35,363.8743333,12157.01067
579,1,579,817.6563333,33.55766667,33.76733333,1628.229667,41.30766667,33.032,1.514,1433.678,39.24266667,-38.599,-40.933,-58.20166667,-30.50,0.03,-4.30,11.88,122.65,0.01,639.79,31.06,31.37,1161.24,34.15,30.01,1.46,939.06,30.44,-42.05,-32.75,-67.73,-28.12,0.65,-1.51,7.49,130.57,-0.03,-1.67,-1.71,13.15,35,344.2086667,10588.354
580,1,580,841.147,33.67766667,33.82966667,1657.786667,41.15566667,33.02833333,1.514333333,1438.013333,39.09333333,-35.98933333,-40.36766667,-57.78233333,-30.80,0.09,-4.43,11.79,127.86,0.01,662.84,31.22,31.48,1191.37,34.12,30.02,1.46,954.42,30.03,-42.34,-32.72,-67.95,-27.71,0.65,-1.60,7.15,133.53,-0.03,-1.66,-1.68,13.36,35,381.6273333,10054.13
581,1,581,830.941,33.568,33.756,1646.820667,40.73,33.02466667,1.518333333,1447.482,38.811,-39.19733333,-41.60033333,-58.14333333,-30.70,0.02,-4.43,11.98,116.50,0.00,645.69,31.11,31.40,1138.01,35.11,30.03,1.46,923.69,31.06,-40.91,-33.46,-67.85,-28.44,0.68,-1.64,7.83,124.43,-0.02,-1.65,-1.67,12.93,35,362.5973333,10575.11133
582,1,582,822.7443333,33.52366667,33.69666667,1612.837667,41.02866667,33.02866667,1.515,1423.095667,39.50166667,-34.89666667,-39.99366667,-57.481,-30.84,0.07,-4.45,11.66,130.00,0.00,647.38,31.18,31.46,1172.55,34.50,30.03,1.45,945.43,30.38,-42.49,-31.57,-68.43,-24.96,0.70,-1.63,7.40,135.15,-0.03,-1.67,-1.68,13.34,35,381.3656667,10586.77133
583,1,583,840.4546667,33.53766667,33.69166667,1590.829667,41.548,33.025,1.508,1396.165,40.20733333,-34.59433333,-40.52666667,-57.635,-30.82,0.00,-4.33,12.00,123.92,0.01,656.02,31.25,31.54,1189.22,34.61,30.02,1.44,948.28,30.19,-42.36,-32.56,-69.06,-26.84,0.64,-1.53,7.57,128.23,-0.03,-1.65,-1.68,12.96,35,362.857,10564.219
584,1,584,814.209,33.56266667,33.76133333,1633.430667,41.11933333,33.02733333,1.502333333,1437.908333,39.08666667,-36.767,-41.39733333,-58.23933333,-30.61,-0.06,-4.43,12.25,123.13,0.01,635.96,31.10,31.37,1170.07,33.83,30.01,1.45,948.19,30.17,-40.52,-33.41,-68.12,-28.78,0.84,-1.58,7.72,132.04,-0.03,-1.65,-1.67,12.84,35,362.9296667,12655.38467
585,1,585,822.2776667,33.491,33.661,1587.616,41.33966667,33.02733333,1.518333333,1414.199,39.72833333,-36.417,-38.85566667,-57.92366667,-30.43,-0.07,-4.45,12.14,120.34,0.02,650.00,31.13,31.43,1166.25,34.45,30.00,1.45,939.63,30.36,-43.77,-32.32,-68.90,-28.68,0.61,-1.66,7.51,128.09,-0.03,-1.71,-1.73,13.13,35,363.1986667,12007.82333
586,1,586,844.0976667,33.53833333,33.71866667,1614.109333,41.20466667,33.01833333,1.507666667,1415.908,39.59966667,-37.55633333,-39.223,-57.065,-30.81,0.25,-4.21,12.16,120.55,0.01,660.70,31.16,31.47,1180.73,34.29,30.05,1.45,952.21,30.26,-42.82,-31.71,-68.08,-27.68,0.77,-1.41,7.63,127.78,-0.03,-1.68,-1.69,13.70,35,361.1386667,10663.887
587,1,587,838.0613333,33.76566667,33.96866667,1704.467,41.32566667,33.00066667,1.472666667,1465.786667,38.121,-38.237,-43.51666667,-58.816,-31.14,0.00,-4.53,12.42,117.68,0.00,649.54,31.05,31.33,1158.12,33.91,30.02,1.44,947.88,30.21,-41.31,-33.28,-67.56,-27.81,0.72,-1.67,8.13,123.50,-0.03,-1.67,-1.68,13.31,35,361.8763333,11406.66467
588,1,588,839.7393333,33.51133333,33.69033333,1616.3,40.883,33.02433333,1.522666667,1426.731,39.35766667,-37.31666667,-40.62433333,-57.11866667,-30.81,0.26,-4.47,11.80,123.49,0.01,650.09,31.21,31.51,1171.52,34.88,30.01,1.45,936.05,30.51,-43.05,-34.06,-68.11,-26.44,1.22,-1.62,7.27,132.90,-0.03,-1.73,-1.70,12.82,35,364.436,9668.412667
590,1,590,831.0016667,33.759,33.89633333,1701.859667,41.36733333,33.004,1.476,1456.217,38.27666667,-37.68766667,-37.80166667,-55.029,-30.56,1.14,-13.39,11.80,129.74,0.01,644.74,31.34,31.53,1174.32,34.71,30.03,1.43,954.68,30.52,-43.66,-34.89,-68.38,-26.91,-0.17,-9.47,7.21,140.43,-0.04,-1.56,-1.58,13.34,35,318.2503333,124930
591,1,591,856.5313333,33.80466667,33.972,1727.134,41.48466667,33.03633333,1.484,1479.351333,37.97333333,-38.67133333,-37.271,-55.67566667,-31.83,1.04,-13.55,11.60,130.27,0.01,661.29,31.35,31.54,1182.91,34.51,30.02,1.43,959.95,30.24,-45.60,-33.43,-67.72,-28.49,-0.30,-9.67,7.10,138.76,-0.04,-1.59,-1.60,9.32,535,817.7113333,15876.66667
592,1,592,844.6713333,33.78,33.94733333,1712.269667,41.603,33.01966667,1.489666667,1469.369,38.08,-38.17733333,-38.599,-55.16933333,-31.17,1.19,-13.35,11.79,128.59,0.01,655.59,31.31,31.49,1164.32,34.67,30.01,1.43,946.72,30.62,-44.01,-34.02,-68.09,-27.53,-0.21,-9.40,7.35,138.30,-0.03,-1.56,-1.58,12.99,35,325.5153333,15580
593,1,593,854.6613333,33.75366667,33.881,1728.561,40.58933333,33.03566667,1.507666667,1489.776667,37.70966667,-38.77133333,-37.63833333,-56.21966667,-30.48,1.35,-13.38,11.10,136.34,0.01,659.33,31.38,31.54,1171.31,34.86,30.02,1.44,948.65,30.61,-45.82,-33.77,-67.75,-26.34,-0.23,-9.53,6.79,143.24,-0.03,-1.61,-1.62,13.27,35,335.1193333,11236
594,1,594,859.6406667,33.776,33.953,1718.849333,41.49866667,33.04766667,1.505333333,1487.140333,37.879,-38.594,-39.029,-56.047,-31.13,1.19,-13.43,11.17,135.72,0.00,664.76,31.22,31.40,1145.72,34.55,30.01,1.44,935.49,30.97,-43.81,-33.97,-67.16,-27.47,-0.27,-9.63,6.72,144.16,-0.03,-1.58,-1.59,12.83,35,323.3676667,11210
595,1,595,833.8406667,33.77033333,33.93633333,1714.568,41.441,33.016,1.483666667,1470.345667,38.02466667,-38.58733333,-37.89066667,-55.78233333,-30.73,1.12,-13.57,11.50,133.52,0.01,644.28,31.30,31.49,1155.17,34.92,30.02,1.43,939.71,30.88,-45.40,-33.65,-68.04,-27.08,-0.30,-9.68,7.20,139.25,-0.03,-1.59,-1.59,13.46,35,314.9103333,10746
596,1,596,823.3403333,33.70466667,33.88,1680.123,41.74166667,33.03033333,1.502666667,1451.237667,38.63833333,-37.53133333,-37.95033333,-54.86433333,-29.63,1.34,-13.43,11.23,133.57,0.01,639.04,31.34,31.53,1190.29,34.26,30.04,1.46,970.63,30.06,-43.10,-34.02,-67.83,-25.68,-0.21,-9.54,6.74,142.12,-0.03,-1.55,-1.57,13.15,35,317.8173333,9513
597,1,597,849.1106667,33.75066667,33.91666667,1731.933667,40.846,33.03,1.505666667,1497.745667,37.46266667,-38.466,-37.842,-55.93633333,-31.31,1.37,-13.49,11.10,133.43,0.01,656.55,31.37,31.53,1173.81,34.69,30.00,1.44,949.62,30.48,-45.27,-32.01,-67.44,-27.80,-0.29,-9.63,6.85,139.77,-0.04,-1.61,-1.61,13.22,35,325.4253333,11498
598,1,598,848.5773333,33.781,33.92366667,1702.302667,41.61333333,33.00366667,1.486,1458.681333,38.211,-39.083,-39.515,-56.20566667,-31.63,1.22,-13.61,11.78,128.62,0.00,661.47,31.29,31.47,1153.65,34.82,30.03,1.44,937.67,31.07,-41.76,-34.47,-68.21,-28.93,-0.26,-9.63,7.32,136.84,-0.04,-1.56,-1.57,13.02,35,329.5936667,13534.66667
599,1,599,840.7283333,33.75333333,33.905,1697.586,41.553,33.03533333,1.503333333,1465.410667,38.31766667,-38.01566667,-39.78166667,-55.53266667,-30.76,1.24,-13.55,11.87,127.47,0.00,644.76,31.40,31.57,1183.50,34.75,30.02,1.44,956.08,30.37,-43.57,-34.56,-68.16,-27.02,-0.19,-9.60,7.31,136.11,-0.03,-1.55,-1.56,13.23,35,318.839,11916
600,1,600,812.5183333,33.64533333,33.90866667,1667.409333,40.87766667,33.04133333,1.538,1472.374667,37.76533333,-39.91366667,-41.391,-59.109,-31.79,0.67,-4.76,11.00,128.36,-0.01,628.00,31.43,31.63,1152.49,34.69,30.04,1.47,948.48,31.36,-47.03,-34.62,-70.59,-30.45,-0.93,-1.51,6.56,137.28,-0.03,-1.58,-1.84,13.99,55,634.5956667,26212
601,1,601,795.1916667,33.76166667,34.05066667,1777.252333,39.674,33.025,1.536,1539.825,36.02566667,-38.42033333,-41.58966667,-60.30766667,-32.22,0.77,-4.52,10.76,129.26,-0.01,613.66,31.50,31.70,1189.12,34.09,30.04,1.46,975.24,30.49,-42.02,-32.57,-69.31,-31.77,-0.68,-1.27,6.72,131.18,-0.03,-1.53,-1.79,15.21,135,766.6316667,9754.666667
602,1,602,808.1883333,33.863,34.10166667,1759.146,40.543,33.02833333,1.520666667,1514.407667,36.64166667,-41.016,-40.565,-60.07733333,-31.37,0.50,-4.68,11.50,118.50,0.00,616.46,31.27,31.52,1158.45,33.61,30.03,1.48,968.76,30.62,-44.53,-32.73,-69.71,-29.60,-0.82,-1.52,6.75,128.76,-0.03,-1.57,-1.81,18.59,544.9996667,1180.539,7390.333333
603,1,603,791.3633333,33.51533333,33.664,1526.553667,42.12733333,33.018,1.522,1356.239333,40.66133333,-38.58266667,-38.205,-58.17033333,-31.15,0.65,-4.70,11.67,124.09,0.00,614.42,31.40,31.63,1171.93,34.09,30.02,1.47,969.52,30.54,-42.60,-34.33,-71.10,-29.67,-0.81,-1.43,6.47,135.49,-0.03,-1.56,-1.80,13.83,55,628.4346667,12424
604,1,604,802.8473333,33.78766667,34.031,1785.544667,39.31033333,33.02066667,1.542666667,1551.443667,35.73133333,-41.52833333,-39.735,-60.98066667,-31.52,0.49,-4.62,11.21,124.99,-0.01,607.54,31.33,31.52,1152.40,33.81,30.02,1.47,959.83,30.89,-44.37,-33.69,-70.39,-30.26,-0.88,-1.39,6.91,128.59,-0.03,-1.54,-1.80,13.80,55,653.1776667,6895.333333
605,1,605,796.405,33.65233333,33.849,1636.043667,41.076,33.04033333,1.532666667,1445.594,38.429,-40.45866667,-40.62933333,-59.37566667,-31.13,0.84,-4.72,11.64,122.22,-0.01,616.29,31.43,31.63,1175.10,33.98,30.03,1.47,964.18,30.82,-42.45,-32.92,-70.52,-31.51,-0.75,-1.47,6.77,135.08,-0.03,-1.54,-1.79,13.36,105,750.3746667,12879.66667
606,1,606,797.7456667,33.61933333,33.793,1599.15,41.46566667,33.016,1.526666667,1406.460333,39.241,-41.70133333,-37.99633333,-58.402,-31.43,0.88,-4.68,11.90,119.03,-0.01,616.35,31.43,31.64,1176.64,34.00,30.04,1.47,968.55,30.74,-42.07,-33.38,-70.64,-31.56,-0.81,-1.45,6.81,130.55,-0.03,-1.56,-1.81,14.09,55,624.9093333,16537.33333
607,1,607,797.154,33.75533333,33.961,1653.753,41.70933333,33.02866667,1.519666667,1444.230333,38.362,-41.604,-40.17333333,-59.78766667,-31.08,0.64,-4.75,12.00,119.46,-0.01,601.68,31.41,31.62,1165.58,34.17,30.03,1.47,966.38,30.75,-41.84,-33.13,-68.83,-31.25,-0.82,-1.47,6.78,131.87,-0.03,-1.56,-1.79,13.40,55,603.7343333,7515
608,1,608,809.267,33.66,33.84966667,1600.139,41.98633333,33.01633333,1.508,1394.099667,39.582,-41.622,-39.03633333,-58.736,-31.55,0.85,-4.79,11.33,123.76,0.00,627.61,31.57,31.78,1191.01,34.72,30.03,1.46,971.01,30.53,-43.41,-31.85,-70.29,-31.33,-0.88,-1.56,6.67,132.02,-0.02,-1.56,-1.80,15.41,95,640.5286667,6746
609,1,609,806.533,33.85666667,34.04066667,1730.492333,40.62766667,33.02366667,1.524,1496.444,37.025,-40.62933333,-42.262,-60.768,-31.42,0.60,-4.81,11.69,120.07,-0.01,617.28,31.29,31.51,1160.92,33.47,30.03,1.48,971.89,30.50,-43.84,-32.91,-69.07,-31.77,-0.82,-1.59,6.97,129.18,-0.03,-1.54,-1.80,14.46,55,686.8536667,17148
610,1,610,802.8246667,33.721,33.917,1689.747667,40.42466667,33.03866667,1.535,1478.615,37.587,-40.78966667,-38.09766667,-58.888,-31.55,0.72,-4.75,11.40,123.61,-0.01,615.10,31.38,31.59,1149.06,34.48,30.01,1.47,948.20,31.15,-45.68,-33.79,-70.81,-30.15,-0.95,-1.56,7.04,130.61,-0.03,-1.55,-1.79,13.78,55,661.2393333,13897
611,1,611,809.784,33.80566667,34.06,1782.451,39.64333333,33.03333333,1.524666667,1541.817667,36.04933333,-38.48466667,-40.18033333,-60.384,-31.89,0.66,-4.75,11.42,121.40,-0.01,622.63,31.35,31.54,1151.74,33.97,30.02,1.46,953.39,31.10,-42.61,-34.20,-69.80,-30.79,-0.87,-1.55,6.93,132.33,-0.02,-1.53,-1.78,13.70,55,638.3446667,13673
612,1,612,805.222,33.73933333,33.91933333,1665.192,41.03233333,33.03466667,1.523666667,1443.826,38.42733333,-39.70533333,-39.302,-59.86433333,-30.84,0.61,-4.72,11.81,118.19,0.00,614.11,31.37,31.58,1152.23,34.30,30.04,1.47,952.67,31.25,-43.23,-32.29,-70.49,-31.62,-0.81,-1.53,7.24,124.69,-0.03,-1.53,-1.79,13.80,55,627.387,10888.66667
613,1,613,812.4883333,33.81366667,34.00466667,1716.611333,40.61666667,33.03166667,1.516,1484.053667,37.39333333,-41.042,-37.167,-58.40233333,-31.24,0.79,-4.59,11.77,120.29,0.00,612.80,31.46,31.68,1179.64,34.26,30.01,1.46,970.28,30.47,-43.38,-34.44,-71.12,-30.84,-0.92,-1.40,7.00,129.64,-0.03,-1.56,-1.81,14.05,55,632.5146667,15817
614,1,614,804.3683333,33.86,34.01833333,1745.01,40.09466667,33.03066667,1.527333333,1506.938667,36.83733333,-41.785,-38.576,-61.04866667,-31.46,0.53,-4.57,11.49,121.79,0.00,609.79,31.44,31.61,1164.38,34.17,30.02,1.46,960.91,30.83,-46.05,-32.44,-69.73,-30.67,-0.96,-1.37,7.15,126.38,-0.04,-1.54,-1.80,12.96,135,756.674,12232
615,1,615,807.8663333,33.772,33.991,1727.196333,40.243,33.01333333,1.539666667,1502.489,36.79433333,-41.95666667,-39.01433333,-59.93133333,-30.99,0.59,-4.66,11.47,120.12,-0.02,615.48,31.36,31.56,1161.76,33.89,30.02,1.48,960.13,30.85,-44.76,-32.42,-70.19,-32.02,-0.90,-1.46,6.74,131.03,-0.03,-1.55,-1.79,14.03,55,632.854,13538.33333
616,1,616,812.601,33.90766667,34.09533333,1772.937333,40.17633333,33.021,1.513333333,1518.962333,36.471,-39.47166667,-38.722,-60.36333333,-31.56,0.74,-4.67,11.81,118.23,0.00,616.02,31.38,31.56,1165.39,33.78,30.03,1.46,967.03,30.66,-46.18,-32.73,-70.36,-30.52,-0.88,-1.44,7.05,129.43,-0.04,-1.55,-1.80,13.67,55,669.576,12507.66667
617,1,617,792.0526667,33.64066667,33.82266667,1576.152,42.34866667,33.04633333,1.527666667,1389.68,39.97666667,-38.671,-38.755,-57.633,-30.63,0.87,-4.71,11.98,117.16,0.00,610.38,31.44,31.66,1194.59,33.69,30.03,1.48,988.46,29.99,-41.48,-34.41,-68.71,-32.81,-0.77,-1.49,7.12,123.56,-0.04,-1.54,-1.79,13.48,55,650.5573333,13377.66667
618,1,618,812.7803333,33.80233333,34.086,1709.037667,41.561,33.01133333,1.515333333,1474.052667,37.46133333,-40.51966667,-41.432,-59.71833333,-31.75,0.78,-4.74,11.37,122.45,-0.01,619.39,31.35,31.62,1171.03,34.04,30.03,1.47,972.32,30.55,-43.42,-32.48,-68.24,-30.46,-0.78,-1.52,6.77,134.11,-0.03,-1.55,-1.80,13.86,55,641.5746667,6916.666667
619,1,619,800.7273333,33.90133333,34.10933333,1765.685667,40.47,33.02666667,1.525333333,1511.733333,36.68833333,-37.14166667,-41.311,-61.03633333,-30.88,0.99,-4.62,11.45,122.22,-0.01,613.57,31.46,31.64,1167.47,34.31,30.04,1.47,962.49,30.93,-42.42,-33.43,-69.44,-32.20,-0.78,-1.42,6.85,131.06,-0.03,-1.53,-1.79,14.20,55,613.7626667,23528.33333
620,1,620,783.153,33.724,33.92933333,1640.478333,41.734,33.041,1.526666667,1432.454333,38.776,-41.393,-39.43233333,-58.627,-30.99,1.10,-4.62,11.84,117.60,0.00,603.87,31.46,31.68,1184.63,34.08,30.04,1.48,977.40,30.46,-41.32,-34.89,-70.21,-31.73,-0.74,-1.40,7.12,129.41,-0.03,-1.54,-1.79,14.21,55,704.5993333,25569
621,1,621,836.3776667,33.792,33.94933333,1646.404,41.778,33.005,1.494666667,1413.314333,38.957,-40.98266667,-40.237,-57.89433333,-31.30,1.04,-4.78,11.90,117.76,0.00,642.30,31.70,31.90,1227.90,34.58,30.01,1.44,984.66,30.00,-41.56,-34.33,-70.71,-31.58,-0.86,-1.52,7.47,127.85,-0.03,-1.55,-1.79,13.84,55,610.4686667,27828
622,1,622,807.439,33.73033333,33.905,1649.528,41.27833333,33.02766667,1.523,1439.660667,38.46933333,-40.59433333,-38.52266667,-58.94166667,-31.18,0.71,-4.61,11.51,122.39,0.00,622.71,31.39,31.62,1155.10,34.53,30.01,1.46,954.93,30.96,-42.04,-33.80,-71.09,-31.62,-0.82,-1.41,6.85,131.45,-0.03,-1.55,-1.80,13.79,55,577.3836667,10085
623,1,623,802.6376667,33.79666667,34.09666667,1804.257667,39.504,33.02833333,1.528333333,1555.796,35.69666667,-38.71366667,-40.17133333,-59.74833333,-31.76,0.76,-4.52,11.40,120.52,-0.01,610.58,31.56,31.74,1192.71,34.32,30.01,1.45,970.68,30.43,-41.39,-32.73,-69.99,-30.94,-0.79,-1.35,7.17,128.54,-0.03,-1.53,-1.78,13.79,55,714.248,15613.66667
624,1,624,823.965,33.75833333,33.93766667,1642.815667,41.75466667,33.04333333,1.512333333,1427.105667,38.938,-41.007,-40.17533333,-58.15833333,-31.73,0.72,-4.62,11.31,125.42,0.00,630.98,31.60,31.82,1202.80,34.68,30.01,1.45,972.46,30.40,-42.18,-35.00,-71.21,-31.36,-0.86,-1.42,6.50,136.04,-0.03,-1.54,-1.77,13.68,55,656.4543333,15827
625,1,625,811.095,33.64666667,33.787,1592.400667,41.582,33.02166667,1.532333333,1402.564667,39.399,-38.79866667,-39.49233333,-57.82533333,-31.67,0.80,-4.67,11.52,122.41,0.00,622.14,31.47,31.69,1190.99,33.97,30.01,1.48,976.52,30.23,-41.58,-33.96,-71.32,-31.33,-0.91,-1.49,6.40,133.62,-0.03,-1.52,-1.77,13.98,55,671.5603333,15230
626,1,626,807.5216667,33.79133333,33.93933333,1647.520333,41.65533333,33.026,1.522,1432.379667,38.64466667,-40.52466667,-41.394,-58.76266667,-30.95,0.58,-4.59,11.58,125.10,0.00,621.67,31.32,31.53,1168.86,33.45,30.02,1.48,973.60,30.41,-42.50,-36.41,-69.54,-32.57,-0.72,-1.38,6.89,129.28,-0.03,-1.53,-1.78,14.68,55,735.9643333,14611
627,1,627,822.1743333,33.89733333,34.12833333,1720.064667,41.70566667,33.03033333,1.494333333,1469.018667,37.752,-41.14366667,-40.324,-58.836,-31.29,0.76,-4.68,11.84,117.39,0.00,633.55,31.33,31.59,1181.27,33.54,30.05,1.46,985.72,30.21,-42.42,-33.88,-68.92,-31.46,-0.81,-1.51,6.99,129.88,-0.04,-1.54,-1.78,13.86,55,708.8946667,18373.66667
628,1,628,799.1993333,33.76966667,33.92133333,1632.957667,41.84166667,33.033,1.529666667,1421.794333,38.986,-41.21566667,-40.54266667,-59.04833333,-30.60,1.05,-4.74,11.71,122.76,-0.01,617.08,31.38,31.57,1175.69,33.49,30.01,1.48,976.63,30.25,-41.04,-34.66,-69.41,-33.10,-0.82,-1.54,7.01,129.58,-0.02,-1.52,-1.76,13.87,55,583.6233333,8881.666667
629,1,629,808.8026667,33.78066667,34.06166667,1767.790667,39.98033333,33.03066667,1.533666667,1535.787333,36.16666667,-37.66533333,-42.09133333,-60.85966667,-31.54,0.85,-4.69,11.40,122.58,-0.02,613.88,31.38,31.58,1157.36,34.13,30.04,1.47,959.25,31.01,-44.57,-32.81,-68.77,-30.58,-0.79,-1.51,6.85,131.28,-0.03,-1.50,-1.76,13.83,55,623.121,15279.66667
800,1,600,860.182,33.789,33.93366667,1711.616333,41.49,33.028,1.480333333,1467.709,38.19666667,-38.09166667,-36.70033333,-55.177,-31.08,1.19,-13.53,11.66,127.81,0.01,665.21,31.38,31.56,1201.34,34.16,30.02,1.43,973.99,29.81,-45.61,-33.06,-67.78,-27.33,-0.31,-9.65,7.17,137.72,-0.04,-1.62,-1.62,13.22,35,312.743,9564.666667
801,1,601,866.1156667,33.809,33.95433333,1733.969,41.15333333,33.03433333,1.496666667,1490.031667,37.69033333,-38.39366667,-38.361,-55.62766667,-31.25,1.38,-13.41,11.39,129.43,0.01,665.82,31.29,31.46,1166.03,34.42,30.01,1.44,952.21,30.45,-44.68,-33.93,-67.67,-27.73,-0.26,-9.57,7.22,137.22,-0.03,-1.59,-1.61,13.32,35,317.958,10341.33333
802,1,602,867.2196667,33.71866667,33.85666667,1667.218667,41.83066667,33.04466667,1.477,1435.517,39.18033333,-37.011,-37.504,-55.08433333,-31.61,1.34,-13.40,11.79,127.67,0.01,666.75,31.28,31.50,1168.49,34.59,30.04,1.44,957.58,30.48,-44.60,-34.72,-68.80,-28.04,-0.16,-9.50,7.21,135.65,-0.04,-1.61,-1.62,13.20,35,315.8423333,8860.666667
803,1,603,864.3803333,33.791,33.93533333,1707.658333,41.59566667,33.04433333,1.474,1464.479667,38.41966667,-36.94366667,-37.10966667,-55.23266667,-30.74,1.33,-13.49,11.81,126.16,0.01,664.39,31.32,31.50,1175.26,34.42,30.02,1.43,956.98,30.32,-43.85,-33.60,-68.09,-27.25,-0.30,-9.62,7.03,137.41,-0.03,-1.61,-1.61,12.98,35,325.2796667,9334.333333
804,1,604,843.094,33.77733333,33.92166667,1706.396,41.498,33.03766667,1.497333333,1466.086667,38.32266667,-38.26633333,-38.63166667,-55.52233333,-30.30,1.27,-13.59,11.51,134.11,0.00,652.37,31.42,31.59,1179.91,34.98,30.01,1.43,947.95,30.61,-44.86,-33.75,-68.20,-26.66,-0.24,-9.63,7.01,142.04,-0.03,-1.56,-1.58,12.92,35,316.664,10675.33333
805,1,605,854.6386667,33.77133333,33.92933333,1706.959667,41.56033333,33.01233333,1.471666667,1463.075,38.17566667,-38.448,-40.54366667,-56.19166667,-31.62,1.37,-13.53,11.87,131.65,0.01,654.41,31.30,31.49,1137.67,35.47,30.02,1.41,926.19,31.40,-45.11,-34.78,-67.76,-28.19,-0.22,-9.59,7.72,136.40,-0.03,-1.55,-1.57,12.80,35,319.518,11432.66667
806,1,606,853.144,33.47366667,33.61333333,1540.366,42.76733333,33.01866667,1.497666667,1358.657333,41.09566667,-36.98833333,-36.69266667,-55.08766667,-32.04,1.14,-13.61,11.47,132.97,0.01,661.56,31.27,31.50,1173.87,34.43,30.01,1.45,956.35,30.29,-44.75,-32.68,-67.00,-27.00,-0.28,-9.71,6.96,137.19,-0.04,-1.59,-1.61,13.16,35,318.9233333,11803
807,1,607,846.9473333,33.56533333,33.73166667,1583.929667,42.75766667,33.02433333,1.489666667,1392.704667,40.16866667,-39.06366667,-38.73533333,-54.88766667,-31.87,1.28,-13.45,11.65,130.08,0.01,651.60,31.15,31.38,1141.51,34.52,30.02,1.45,941.20,30.85,-44.16,-34.45,-67.22,-26.82,-0.27,-9.59,7.35,134.48,-0.03,-1.55,-1.58,12.99,35,320.6966667,11649.33333
808,1,608,848.923,33.519,33.68733333,1568.667667,42.729,33.02333333,1.494666667,1380.822,40.49433333,-37.10666667,-37.176,-54.48566667,-31.14,1.37,-13.47,11.83,128.82,0.00,654.59,31.23,31.44,1162.38,34.36,30.04,1.45,956.65,30.47,-44.47,-33.97,-66.85,-25.83,-0.22,-9.56,7.07,139.34,-0.04,-1.56,-1.59,13.09,35,319.5166667,9106
809,1,609,861.8493333,33.82533333,33.98133333,1767.092667,40.64433333,33.03466667,1.488666667,1511.806,37.164,-37.62666667,-39.48633333,-55.575,-29.05,1.49,-13.45,11.42,132.99,0.01,663.29,31.36,31.53,1172.63,34.75,30.01,1.42,952.06,30.47,-43.15,-34.00,-67.98,-25.05,-0.23,-9.56,7.43,139.57,-0.03,-1.55,-1.57,12.62,35,319.581,10959.66667
810,1,610,844.0556667,33.682,33.83133333,1646.511,42.10433333,33.017,1.491,1426.203667,39.18166667,-36.13933333,-38.592,-54.71466667,-31.85,1.11,-13.52,11.95,127.20,0.00,653.70,31.29,31.48,1174.75,34.31,30.01,1.44,957.36,30.24,-43.24,-33.83,-67.29,-28.57,-0.21,-9.61,7.24,136.70,-0.04,-1.57,-1.58,13.03,35,337.087,9118.666667
811,1,611,854.864,33.80533333,33.94733333,1727.990333,41.228,33.02133333,1.493666667,1478.757667,37.86033333,-38.08066667,-39.273,-55.368,-31.49,1.40,-13.52,11.54,132.77,0.00,658.49,31.43,31.60,1214.72,34.05,30.01,1.44,976.69,29.69,-42.30,-33.63,-67.52,-28.13,-0.18,-9.58,6.90,141.83,-0.04,-1.56,-1.57,13.10,35,320.6403333,8846
812,1,612,843.079,33.69466667,33.84233333,1658.070667,41.91933333,33.01966667,1.479666667,1428.111667,39.153,-36.817,-37.565,-54.84333333,-30.21,1.18,-13.47,11.71,131.41,0.00,651.81,31.33,31.53,1182.81,34.41,30.02,1.43,960.17,30.24,-42.99,-34.27,-68.07,-26.06,-0.20,-9.55,7.31,138.91,-0.03,-1.57,-1.59,13.34,35,325.1646667,11351
