Data Section,,,,,,,,,,,,,,,,,,,,,,,,,,,,,,,,,,,,,,,,,,,,,,,,,,,,,,,,,,,,,,,,,,,,,,,,,,,,,,,,,,
Device#,1,2,3,4,5,6,7,8,9,10,11,12,13,14,15,16,17,18,19,20,21,22,23,24,25,26,27,28,29,30,31,32,33,34,35,36,37,38,39,40,41,42,43,44,45,46,47,48,49,50,51,52,53,54,55,56,57,58,59,60,61,62,63,64,65,66,67,68,69,70,71,72,73,74,75,76,77,78,79,80,81,82
Test Item,Site No,Device ID,GSM824 Idle Current,GSM824 Max Pout @ 0dBm Drive,GSM824 Max Pout,GSM824 Max Icc,GSM824 Max PAE,GSM824 Rated Pout,GSM824 Rated Vramp,GSM824 Rated Icc,GSM824 Rated PAE,GSM824 2nd har@33dBm,GSM824 3rd har@33dBm,GSM824 Fwd Isolation 1,GSM824 Fwd Isolation 2,GSM824 Pout Leakage@RX0,GSM824 Pout Leakage@RX1,GSM824 CMOS Pout,GSM824 Pout Slope,GSM824 Stress Delta,GSM915 Idle Current,GSM915 Max Pout @ 0dBm Drive,GSM915 Max Pout,GSM915 Max Icc,GSM915 Max PAE,GSM915 Rated Pout,GSM915 Rated Vramp,GSM915 Rated Icc,GSM915 Rated PAE,GSM915 2nd har@33dBm,GSM915 3rd har@33dBm,GSM915 Fwd Isolation 1,GSM915 Fwd Isolation 2,GSM915 Pout Leakage@RX0,GSM915 Pout Leakage@RX1,GSM915 CMOS Pout,GSM915 Pout Slope,GSM915 Stress Delta,DCS1785 Idle Current,DCS1785 Max Pout @ 0dBm Drive,DCS1785 Max Pout,DCS1785 Max Icc,DCS1785 Max PAE,DCS1785 Rated Pout,DCS1785 Rated Vramp,DCS1785 Rated Icc,DCS1785 Rated PAE,DCS1785 2nd har@33dBm,DCS1785 3rd har@33dBm,DCS1785 Fwd Isolation 1,DCS1785 Fwd Isolation 2,DCS1785 Pout Leakage@RX0,DCS1785 Pout Leakage@RX1,DCS1785 CMOS Pout,DCS1785 Pout Slope,DCS1785 Stress Delta,DCS1910 Idle Current,DCS1910 Max Pout @ 0dBm Drive,DCS1910 Max Pout,DCS1910 Max Icc,DCS1910 Max PAE,DCS1910 Rated Pout,DCS1910 Rated Vramp,DCS1910 Rated Icc,DCS1910 Rated PAE,DCS1910 2nd har@33dBm,DCS1910 3rd har@33dBm,DCS1910 Fwd Isolation 1,DCS1910 Fwd Isolation 2,DCS1910 Pout Leakage@RX0,DCS1910 Pout Leakage@RX1,DCS1910 CMOS Pout,DCS1910 Pout Slope,DCS1910 Stress Delta,Insertion Loss Rx0 869MHz,Insertion Loss Rx0 960MHz,Insertion Loss Rx1 1805MHz,Insertion Loss Rx1 1990MHz,Leakage Current,Leakage Current Delay Time,Test Time,Index Time
Low Tolerance,,,60,0.3,0.3,60,,,,60,,2,2,3,2,3,3,1,,,60,0.3,0.3,60,,,,60,,2,2,3,2,3,3,1,,,60,0.3,0.3,60,,,,60,,3,3,3,2,3,3,1,,,60,0.3,0.3,60,,,,60,,3,5,5,2,3,3,1,,,0.3,0.3,0.3,0.3,5,,,
High Tolerance,,,60,0.3,0.3,60,,,,60,,2,2,3,2,3,3,1,,,60,0.3,0.3,60,,,,60,,2,2,3,2,3,3,1,,,60,0.3,0.3,60,,,,60,,3,3,3,2,3,3,1,,,60,0.3,0.3,60,,,,60,,3,5,5,2,3,3,1,,,0.3,0.3,0.3,0.3,5,,,
Enable,,,1,1,1,1,0,0,0,1,0,1,1,1,1,1,1,1,0,0,1,1,1,1,0,0,0,1,0,1,1,1,1,1,1,1,0,0,1,1,1,1,0,0,0,1,0,1,1,1,1,1,1,1,0,0,1,1,1,1,0,0,0,1,0,1,1,1,1,1,1,1,0,0,1,1,1,1,1,0,0,0
101,1,101,879.963,34.121,34.287,1731.634,42.197,33.038,1.533,1504.663,38.223,-41.381,-35.929,-54.161,-21.712,0.849,-0.574,9.651,136.137,-0.003,877.712,33.754,33.969,1641.651,41.322,33.002,1.54,1409.518,39.103,-33.206,-38.765,-49.109,-22.327,0.785,-0.876,10.769,134.937,-0.001,653.281,31.161,31.444,1115.264,36.248,30,1.479,888.064,32.172,-28.725,-31.412,-74.221,-22.063,1.526,3.905,5.674,161.457,0.004,653.82,31.018,31.386,1272.027,31.85,30.048,1.536,1000.226,28.885,-30.428,-17.485,-69.148,-22.976,2.847,5.045,5.265,159.163,-0.003,-1.529,-1.66,-1.725,-1.674,2.526,5,0,0
102,1,102,879.215,34.002,34.213,1648.304,43.549,33.007,1.512,1435.374,39.78,-36.273,-44.193,-51.566,-19.603,0.566,-1.984,8.736,147.878,-0.004,876.531,33.483,33.674,1547.864,40.943,33.022,1.549,1384.081,39.983,-32.933,-36.284,-48.635,-19.79,0.493,-2.339,9.947,142.2,-0.005,650.421,31.376,31.701,1177.012,36.38,29.995,1.465,913.334,31.243,-39.803,-35.146,-82.903,-19.407,0.854,1.034,4.506,178.218,0.006,651.046,31.28,31.684,1323.171,32.703,29.996,1.505,1002.913,28.464,-34.784,-36.852,-72.162,-20.61,2.251,1.898,4.28,173.129,0.008,-1.558,-1.676,-1.718,-1.659,2.488,5,0,0
103,1,103,842.676,33.853,34.085,1613.514,43.192,33.001,1.517,1425.625,39.997,-43.116,-34.554,-53.392,-20.748,0.744,-1.804,8.913,144.493,-0.007,840.144,33.515,33.752,1535.614,42.017,33.015,1.541,1372.29,40.249,-36.558,-38.805,-47.408,-21.833,0.69,-2.16,9.942,145.452,0.008,630.424,31.088,31.385,1119.931,35.603,30.049,1.495,904.147,31.955,-37.802,-37.832,-78.968,-21.589,1.16,1.307,4.942,164.903,-0.004,630.691,30.993,31.397,1283.798,31.615,30.014,1.538,1004.538,28.537,-36.568,-32.081,-71.554,-22.184,2.497,2.136,4.466,170.404,-0.004,-1.516,-1.628,-1.698,-1.631,2.586,5,0,0
104,1,104,882.476,34.033,34.215,1649.596,43.539,32.978,1.504,1435.833,39.5,-43.831,-39.528,-51.294,-20.051,0.894,-1.839,8.068,171.795,-0.004,879.781,33.602,33.857,1585.091,41.703,33.023,1.529,1392.352,39.766,-34.596,-37.844,-47.34,-20.431,0.844,-2.136,9.02,167.653,-0.003,654.289,31.324,31.617,1174.595,35.76,30.039,1.471,924.958,31.168,-37.701,-35.878,-80.154,-20.114,1.091,1.32,3.795,205.102,0.006,654.48,31.237,31.632,1337.316,31.946,30.026,1.509,1023.808,28.073,-36.152,-35.019,-71.608,-21.265,2.473,2.156,3.473,216.331,-0.002,-1.528,-1.642,-1.699,-1.637,3.078,5,0,0
105,1,105,869.953,33.963,34.127,1650.575,42.644,32.998,1.543,1446.707,39.391,-42.775,-35.37,-51.868,-20.852,0.374,-2.012,8.232,152.358,-0.003,867.605,33.598,33.869,1586.029,41.8,33.028,1.565,1385.873,39.99,-34.963,-36.27,-48.614,-21.367,0.303,-2.346,9.358,151.114,-0.003,642.253,31.09,31.402,1138.888,35.129,30.002,1.509,920.854,31.038,-37.787,-35.146,-81.418,-21.467,0.939,1.107,4.059,172.367,0.014,642.672,30.937,31.362,1302.63,30.879,30.029,1.565,1030.37,27.916,-37.288,-36.5,-71.888,-22.378,2.324,2.02,3.712,169.961,0.009,-1.553,-1.667,-1.705,-1.646,2.974,5,0,0
106,1,106,880.786,33.879,34.054,1586.119,43.612,33.015,1.52,1409.605,40.586,-40.558,-42.612,-49.592,-20.384,0.492,-1.878,9.692,139.272,-0.007,878.33,33.378,33.685,1517.469,41.867,33.025,1.553,1366.957,40.493,-32.32,-36.915,-47.251,-21.058,0.397,-2.194,10.623,138.835,-0.002,657.062,31.305,31.64,1185.949,35.598,30.001,1.477,930.208,30.72,-38.74,-36.01,-82.912,-20.71,0.998,1.204,5.314,166.132,0,657.698,31.246,31.642,1347.003,31.774,30.006,1.521,1034.099,27.665,-36.229,-35.03,-72.178,-21.723,2.397,2.07,4.924,162.59,0.009,-1.536,-1.633,-1.696,-1.639,1.74,5,0,0
107,1,107,858.427,34.098,34.29,1715.676,42.615,33.025,1.517,1486.622,38.568,-39.115,-35.523,-54.379,-19.983,0.642,-2.088,7.382,172.715,-0.002,856.252,33.682,33.901,1615.653,41.335,33.004,1.536,1408.164,39.159,-36.563,-37.359,-48.109,-19.988,0.633,-2.379,8.399,171.053,0.005,644.918,31.174,31.472,1145.492,35.488,30.009,1.479,911.021,31.43,-38.143,-34.953,-74.41,-19.629,1.032,1.076,3.411,211.404,0.003,645.608,31.086,31.487,1324.463,31.214,30.032,1.532,1033.558,27.847,-37.924,-35.962,-70.145,-21.003,2.475,1.99,2.969,208.879,-0.001,-1.538,-1.664,-1.705,-1.657,1.827,5,0,0
108,1,108,868.491,33.772,33.965,1541.183,43.955,33.019,1.518,1376.023,41.614,-40.917,-39.016,-48.155,-20.925,0.638,-2.108,8.902,146.675,-0.007,866.273,33.28,33.597,1478.741,42.093,33.048,1.568,1357.728,40.98,-31.517,-36.833,-46.161,-22.153,0.644,-2.349,9.987,146.575,0.001,644.496,31.252,31.581,1164.012,35.796,30.017,1.484,917.875,31.248,-37.562,-36.602,-74.879,-22.135,1.07,1.123,4.716,203.81,-0.001,644.882,31.191,31.602,1325.129,32.035,30.015,1.525,1021.058,28.076,-33.496,-33.735,-70.75,-22.758,2.496,2.009,4.414,161.543,0.002,-1.516,-1.606,-1.674,-1.621,1.59,5,0,0
109,1,109,883.711,34.024,34.229,1666.595,43.238,33.016,1.515,1447.666,39.523,-39.981,-36.831,-51.479,-22.248,0.365,-2.204,9.885,132.401,-0.003,880.973,33.645,33.94,1603.861,42.011,33.002,1.533,1380.936,39.883,-38.208,-37.472,-48.006,-22.866,0.352,-2.505,10.989,141.097,-0.006,652.274,31.303,31.622,1187.99,35.388,30.004,1.476,933.02,30.65,-38.822,-33.995,-72.596,-23.258,0.928,0.955,5.622,139.463,-0.001,652.704,31.226,31.63,1355.816,31.462,30.007,1.524,1042.557,27.447,-36.326,-37.079,-69.972,-23.858,2.366,1.834,5.317,152.751,-0.004,-1.528,-1.645,-1.699,-1.632,3.348,5,0,0
110,1,110,848.602,34.029,34.254,1724.405,42.043,32.966,1.519,1495.976,37.806,-42.211,-34.274,-54.33,-22.352,0.541,-2.187,8.645,145.923,0.003,846.275,33.708,33.921,1623.173,41.333,33,1.53,1417.851,38.865,-37.228,-37.027,-49.349,-23.118,0.526,-2.461,9.883,146.086,-0.01,638.039,31.121,31.425,1158.242,34.711,30.02,1.493,930.27,30.858,-37.728,-32.151,-74.949,-23.071,0.958,1.009,5.009,160.104,-0.005,638.079,31.008,31.422,1345.608,30.237,30.016,1.549,1058.411,27.092,-37.889,-45.542,-70.303,-24.098,2.376,1.894,4.481,158.722,0.005,-1.558,-1.683,-1.72,-1.658,3.055,5,0,0
111,1,111,882.866,34.063,34.221,1650.408,43.576,33.008,1.517,1436.874,39.747,-42.284,-44.837,-53.871,-20.165,0.78,-2.066,9.285,164.908,-0.004,880.128,33.535,33.707,1560.738,40.918,33.027,1.553,1389.789,39.873,-35.828,-36.783,-48.32,-20.562,0.789,-2.365,10.287,121.021,0.003,660.463,31.243,31.543,1156.846,35.711,30,1.477,913.459,31.277,-37.839,-33.301,-73.2,-20.256,0.947,1.078,5.124,170.766,0.004,661.262,31.16,31.544,1330.421,31.481,30.011,1.525,1028.891,27.839,-36.966,-40.16,-70.263,-21.487,2.381,1.975,4.66,170.577,0.005,-1.519,-1.633,-1.694,-1.635,2.889,5,0,0
112,1,112,878.349,33.942,34.141,1613.18,43.762,33.009,1.518,1413,40.431,-40.754,-39.05,-51.762,-21.275,0.599,-2.068,9.258,144.911,-0.017,875.589,33.49,33.707,1529.948,41.74,33.018,1.552,1356.895,40.715,-33.711,-37.013,-47.367,-22.339,0.563,-2.321,10.317,143.876,-0.001,653.476,31.264,31.566,1162.429,35.722,30.031,1.481,917.188,31.371,-40.041,-35.147,-74.008,-22.627,0.971,1.137,4.818,160.177,0.001,653.852,31.211,31.571,1321.463,31.907,30.013,1.52,1017.788,28.154,-37.053,-37.128,-70.307,-23.509,2.375,2.003,4.671,159.725,-0.003,-1.549,-1.652,-1.715,-1.646,2.938,5,0,0
113,1,113,884.968,34.171,34.341,1724.926,42.887,33.034,1.516,1491.643,38.519,-40.729,-40.141,-53.322,-20.419,0.547,-2.087,7.79,178.615,-0.003,883.02,33.711,33.908,1635.943,40.888,33.005,1.531,1412.351,39.054,-37.922,-37.117,-48.775,-20.58,0.499,-2.426,8.825,173.121,0,661.753,31.403,31.695,1179.991,36.239,30.004,1.46,917.313,31.177,-38.355,-34.331,-72.19,-19.851,0.993,1.069,3.274,229.707,-0.002,662.562,31.331,31.696,1334.608,32.492,30.02,1.501,1015.059,28.276,-36.489,-38.884,-70.086,-21.011,2.436,1.969,2.907,226.921,0.006,-1.521,-1.646,-1.689,-1.632,3.024,5,0,0
114,1,114,862.782,33.959,34.114,1613.972,43.469,33.038,1.531,1429.312,40.236,-44.596,-40.36,-50.888,-20.388,0.439,-2.092,9.68,139.303,-0.004,859.751,33.488,33.725,1536.385,41.737,33.008,1.558,1373.811,40.139,-34.057,-35.822,-46.838,-20.995,0.32,-2.452,10.657,136.562,-0.006,645.861,31.289,31.565,1189.095,34.891,30.013,1.497,944.041,30.356,-37.553,-35.217,-75.428,-21.163,0.927,1.029,5.318,166.93,0.002,646.713,31.183,31.532,1360.628,30.642,30.043,1.554,1066.931,27.045,-34.616,-33.858,-70.928,-21.826,2.361,1.949,4.896,162.482,-0.005,-1.559,-1.653,-1.713,-1.654,3.173,5,0,0
115,1,115,877.331,33.411,34.204,1668.866,42.935,33.017,1.518,1453.249,39.38,-41.465,-34.973,-52.76,-20.139,0.711,-2.196,8.845,147.23,0.002,874.625,33.666,33.866,1585.904,41.773,33.016,1.537,1376.873,40.126,-36.493,-37.477,-47.648,-20.602,0.687,-2.505,9.978,144.38,0.005,647.941,31.077,31.365,1119.806,35.45,30.013,1.479,897.751,31.923,-33.665,-34.153,-72.683,-20.148,0.954,0.938,4.795,170.693,-0.003,648.23,30.97,31.313,1285.985,30.953,29.995,1.528,1004.955,28.4,-27.563,-28.499,-69.699,-21.155,2.352,1.805,4.49,171.408,0.01,-1.528,-1.667,-1.709,-1.647,2.477,5,0,0
116,1,116,861.677,33.873,34.141,1632.513,43.243,32.992,1.528,1437.083,39.595,-46.248,-36.148,-53.911,-22.012,0.583,-2.158,9.425,137.951,0.001,858.505,33.636,33.824,1577.779,41.584,33.008,1.551,1387.769,39.751,-34.584,-36.498,-47.48,-22.962,0.575,-2.435,10.364,137.189,-0.003,638.613,31.159,31.466,1154.638,35.153,30.038,1.504,908.146,31.736,-36.635,-33.271,-72.232,-22.764,1.021,1.05,5.138,156.951,-0.005,638.903,31.084,31.465,1325.004,31.047,29.978,1.555,1038.933,27.361,-35.53,-41.928,-69.83,-23.722,2.447,1.945,4.678,155.304,-0.009,-1.531,-1.637,-1.701,-1.636,2.927,5,0,0
117,1,117,887.611,34.093,34.319,1714.801,42.922,33.002,1.52,1474.227,38.688,-38.345,-35.661,-54.318,-21.969,0.611,-2.08,9.581,137.098,0.002,884.667,33.762,33.992,1631.339,41.807,33.038,1.541,1402.539,39.618,-39.725,-37.895,-48.959,-22.941,0.66,-2.334,10.698,135.711,-0.003,659.012,31.307,31.597,1156.721,36.165,29.988,1.474,907.626,31.396,-38.627,-33.052,-72.645,-23.135,1.007,1.094,5.47,153.748,-0.006,659.236,31.229,31.592,1312.026,32.302,30.046,1.524,1010.767,28.568,-38.348,-44.251,-69.587,-23.824,2.482,2.016,5.316,153.467,0.001,-1.517,-1.646,-1.689,-1.623,2.714,5,0,0
118,1,118,876.247,33.979,34.252,1669.095,43.408,33.024,1.524,1458.478,39.306,-43.362,-41.964,-50.944,-19.7,0.358,-2.154,8.505,155.247,-0.006,874.191,33.626,33.851,1609.632,41.013,33.006,1.544,1401.185,39.37,-35.273,-37.024,-46.975,-20.043,0.32,-2.473,9.467,152.241,0.004,650.649,31.452,31.757,1207.885,35.885,30.021,1.47,937.708,30.618,-38.44,-34.166,-72.395,-19.711,1.022,1.001,4.164,181.446,-0.003,650.732,31.376,31.752,1359.753,32.257,30.018,1.51,1031.245,27.818,-34.111,-37.048,-69.981,-20.833,2.427,1.898,3.992,178.017,-0.002,-1.526,-1.629,-1.684,-1.623,3.053,5,0,0
119,1,119,878.988,34.15,34.33,1751.612,42.134,33.043,1.52,1520.121,37.877,-35.791,-42.082,-53.34,-21.172,0.506,-2.205,9.507,138.306,-0.001,876.683,33.703,33.97,1682.691,40.326,33.009,1.537,1454.995,37.984,-38.128,-35.719,-48.141,-21.876,0.477,-2.534,10.455,136.988,0.001,656.206,31.304,31.581,1174.512,35.47,30.009,1.474,926.833,30.889,-38.733,-34.076,-72.052,-21.789,0.864,0.948,5.421,161.215,-0.003,656.636,31.202,31.566,1344.983,31.27,30.034,1.529,1042.62,27.617,-38.535,-41.565,-69.973,-22.726,2.356,1.859,5.107,160.815,-0.022,-1.55,-1.668,-1.712,-1.657,2.464,5,0,0
120,1,120,873.463,34.105,34.277,1675.136,43.499,32.98,1.508,1445.687,39.248,-42.208,-41.317,-52.735,-19.783,0.437,-2.148,7.955,167.64,-0.006,870.833,33.556,33.77,1564.217,41.422,33.032,1.537,1388.394,39.957,-36.319,-36.636,-48.161,-19.766,0.473,-2.369,8.969,163.903,-0.001,650.183,31.321,31.63,1169.366,36.032,29.986,1.472,911.459,31.246,-37.989,-32.834,-73.376,-19.482,0.939,1.067,3.572,194.521,-0.009,650.407,31.218,31.617,1326.088,32.125,30.047,1.52,1018.35,28.365,-35.694,-44.797,-70.131,-20.823,2.399,2.033,3.272,194.202,0.007,-1.534,-1.648,-1.702,-1.639,3.013,5,0,0
121,1,121,873.864,34.041,34.211,1655.574,43.341,32.991,1.52,1440.562,39.494,-40.823,-35.579,-55.217,-21.939,0.598,-2.271,9.437,141.375,-0.003,871.559,33.673,33.871,1580.008,41.97,33.011,1.539,1369.853,40.279,-37.53,-36.653,-48.865,-23.011,0.612,-2.534,10.465,138.001,0.004,651.429,31.312,31.606,1173.72,35.701,30.05,1.489,927.916,31.146,-39.154,-31.774,-72.213,-23.307,0.946,0.944,5.019,158.333,0,651.22,31.249,31.624,1324.463,32.219,30.02,1.523,1016.913,28.226,-35.796,-46.618,-69.851,-23.839,2.318,1.793,4.916,156.8,0.002,-1.543,-1.665,-1.708,-1.645,2.432,5,0,0
122,1,122,862.641,34.005,34.199,1672.949,42.781,32.974,1.511,1451.978,39.03,-40.95,-33.95,-54.599,-19.989,0.707,-2.621,9.059,149.706,0.006,859.73,33.66,33.898,1607.028,41.523,33.003,1.532,1390.664,39.622,-36.763,-36.954,-48.278,-20.552,0.771,-2.804,9.988,145.345,-0.02,640.325,31.242,31.446,1156.283,34.938,30.046,1.478,924.333,31.242,-47.287,-33.755,-69.816,-19.97,1.312,-6.474,4.948,172.958,0.089,640.484,31.162,31.501,1336.587,31.014,29.966,1.523,1032.225,27.466,-46.005,-29.91,-67.227,-21.033,3.071,-2.146,4.444,171.307,0.046,-1.507,-1.621,-4.779,-6.956,2.88,5,0,0
123,1,123,867.202,33.786,34.027,1577.932,43.569,33.014,1.524,1405.542,40.695,-47.417,-41.469,-50.509,-21.437,0.384,-2.184,9.128,144.194,-0.003,863.857,33.407,33.688,1526.99,41.633,33.009,1.558,1370.436,40.249,-32.27,-35.837,-46.666,-22.466,0.361,-2.449,10.21,145.239,0,643.293,31.279,31.583,1173.866,35.501,29.982,1.482,924.062,30.789,-39.735,-34.284,-72.728,-22.535,0.958,0.991,5.132,159.801,-0.003,643.387,31.196,31.587,1340.816,31.529,30.023,1.532,1037.308,27.688,-34.674,-35.897,-70.224,-22.961,2.454,1.911,4.816,157.333,-0.002,-1.541,-1.631,-1.682,-1.617,3.209,5,0,0
124,1,124,886.105,33.768,34.23,1666.428,43.251,33.014,1.523,1446.895,39.524,-42.177,-36.664,-51.501,-21.371,0.392,-2.269,9.187,141.084,-0.009,883.789,33.578,33.847,1581.196,41.715,32.983,1.544,1372.54,39.945,-36.428,-36.49,-47.281,-22.448,0.382,-2.533,10.36,139.107,0.005,649.089,31.314,31.649,1166.408,36.289,29.989,1.474,913.604,31.195,-39.844,-35.593,-72.865,-22.34,0.899,0.904,5.235,157.62,0.004,649.801,31.224,31.651,1303.13,32.986,29.989,1.511,995.08,28.642,-34.969,-36.249,-69.95,-23.224,2.339,1.809,5.073,172.197,-0.018,-1.533,-1.646,-1.699,-1.633,3.022,5,0,0
125,1,125,897.133,34.151,34.34,1704.947,43.374,33.049,1.507,1467.373,39.294,-46.217,-37.576,-53.56,-19.939,0.584,-2.002,8.059,170.369,0.004,894.557,33.751,33.894,1619.132,41.183,32.999,1.526,1395.31,39.46,-34.646,-38.355,-48.117,-20.125,0.522,-2.35,9.068,169.319,0,664.883,31.345,31.644,1186.49,35.61,30.038,1.471,930.083,30.99,-37.879,-34.318,-71.343,-19.785,1.123,1.122,3.662,212.013,0.002,665.01,31.274,31.675,1358.295,31.732,30.045,1.514,1041.141,27.73,-36.185,-36.956,-69.737,-21.031,2.551,2.042,3.31,207.834,-0.002,-1.5,-1.617,-1.674,-1.615,3.297,5,0,0
126,1,126,891.532,34.004,34.255,1669.366,43.423,32.984,1.505,1444.207,39.327,-40.909,-41.679,-53.613,-20.036,0.655,-2.179,7.706,178.616,-0.003,888.512,33.594,33.771,1577.175,41.094,33.045,1.536,1397.06,39.833,-36.777,-36.607,-48.613,-20.214,0.68,-2.417,8.759,174.35,-0.001,652.588,31.288,31.588,1164.658,35.832,29.987,1.469,913.73,31.178,-38.046,-33.79,-71.717,-19.817,0.923,0.977,3.272,226.126,0.006,652.736,31.181,31.57,1333.421,31.587,30.003,1.516,1024.642,27.902,-37.192,-37.9,-69.528,-21.126,2.34,1.877,2.801,221.242,0.016,-1.532,-1.656,-1.706,-1.649,2.858,5,0,0
127,1,127,864.981,34.044,34.227,1654.095,43.544,33.015,1.517,1441.541,39.685,-40.561,-36.579,-54.298,-20.989,0.576,-2.183,9.183,143.771,0.003,862.622,33.628,33.797,1556.238,41.89,33.014,1.537,1366.645,40.4,-35.974,-37.38,-48.778,-22.01,0.586,-2.482,10.31,140.91,-0.003,642.242,31.257,31.547,1163.637,35.534,30.036,1.488,922.687,31.221,-38.94,-32.608,-72.489,-21.596,1.023,0.987,4.978,162.801,0.002,642.174,31.21,31.596,1332.254,31.811,30.041,1.531,1029.85,28.007,-36.649,-44.26,-69.771,-22.677,2.425,1.901,4.777,162.093,-0.001,-1.525,-1.653,-1.688,-1.626,3.13,5,0,0
128,1,128,872.553,34.042,34.228,1692.781,42.573,33.036,1.531,1476.935,38.921,-37.279,-33.516,-54.962,-20.069,0.652,-2.199,8.746,147.474,-0.004,870.573,33.732,33.972,1621.819,41.854,32.996,1.535,1394.539,39.459,-39.113,-37.634,-48.544,-20.26,0.637,-2.509,9.8,147.388,-0.001,648.233,31.248,31.559,1161.908,35.684,30.039,1.491,923.167,31.228,-39.024,-32.865,-71.222,-19.745,1.039,1.019,4.78,177.705,0.001,648.522,31.201,31.581,1324.754,31.891,30.044,1.535,1025.392,28.149,-37.413,-44.991,-69.614,-20.92,2.441,1.906,4.448,175.671,-0.006,-1.514,-1.644,-1.685,-1.622,3.106,5,0,0
129,1,129,891.879,34.052,34.267,1687.511,43.087,32.989,1.516,1454.874,39.085,-40.544,-36.449,-52.913,-19.982,0.571,-2.204,7.981,175.003,0.001,888.664,33.703,33.951,1615.548,41.813,33.048,1.544,1396.956,39.866,-37.017,-37.434,-48.167,-20.195,0.637,-2.441,8.892,169.663,0.001,653.964,31.143,31.444,1144.451,35.298,30,1.483,912.188,31.325,-37.657,-34.333,-72.248,-19.864,0.941,1.012,3.674,223.755,-0.001,654.556,31.083,31.463,1328.504,30.945,30.008,1.531,1037.87,27.578,-39.63,-39.091,-69.606,-21.194,2.368,1.922,3.212,214.212,0.004,-1.508,-1.628,-1.684,-1.627,3.335,5,0,0
130,1,130,862.988,33.963,34.154,1666.428,42.504,32.991,1.53,1453.207,39.147,-43.66,-34.509,-53.026,-23.127,0.513,-2.2,9.349,140.698,0.003,860.39,33.651,33.793,1573.217,41.404,33.023,1.55,1385.331,39.956,-34.071,-36.327,-47.405,-23.637,0.518,-2.455,10.51,139.307,-0.001,639.003,31.074,31.36,1145.7,34.584,30.002,1.502,919.917,31.07,-39.492,-34.388,-72.532,-24.251,0.986,0.979,5.226,154.973,0.002,639.845,31.004,31.365,1323.879,30.368,30.005,1.554,1040.433,27.491,-28.345,-18.956,-69.448,-24.918,2.379,1.877,4.844,155.588,0,-1.546,-1.679,-1.735,-1.678,2.588,5,0,0
131,1,131,862.424,33.936,34.159,1631.617,43.452,32.992,1.528,1422.479,40.002,-45.291,-37.755,-54.237,-21.678,0.636,-2.189,9.486,142.658,0.002,860.054,33.508,33.722,1527.698,41.937,32.999,1.558,1353.624,40.632,-34.699,-36.412,-47.857,-22.381,0.621,-2.487,10.485,139.563,-0.004,637.249,31.349,31.628,1166.804,36.099,30.004,1.48,914.479,31.273,-40.631,-32.094,-73.04,-22.666,1.018,1.017,5.374,159.32,0.005,637.451,31.249,31.612,1320.609,32.228,29.999,1.526,1017.371,28.078,-35.452,-43.848,-70.335,-23.358,2.445,1.905,5.006,159.028,-0.005,-1.541,-1.648,-1.697,-1.643,3.374,5,0,0
132,1,132,868.523,33.863,34.101,1619.888,43.178,33.013,1.515,1423.667,40.164,-43.42,-34.069,-51.709,-20.272,0.745,-1.962,8.416,153.286,0.003,866.381,33.52,33.742,1534.01,41.959,33.032,1.542,1370.749,40.455,-35.71,-37.372,-46.627,-21.252,0.8,-2.259,9.699,154.001,0.004,642.849,31.355,31.692,1181.949,36.15,30.046,1.478,926.437,31.168,-39.725,-37.591,-76.295,-21.321,1.095,1.196,4.339,166.512,0.001,642.727,31.354,31.725,1313.776,33.261,30.004,1.502,992.539,28.81,-34.003,-35.596,-70.878,-21.728,2.45,2.009,4.279,140.981,0.008,-1.53,-1.631,-1.698,-1.643,3.081,5,0,0
133,1,133,888.38,33.964,34.154,1660.033,42.669,33.008,1.522,1442.562,39.592,-40.718,-32.525,-54.203,-21.556,0.374,-2.112,9.54,152.985,-0.011,885.328,33.706,33.952,1594.903,42.367,33.009,1.534,1372.311,40.192,-38.653,-37.612,-48.774,-22.545,0.385,-2.406,10.531,138.863,-0.002,661.72,31.38,31.682,1185.907,35.945,30.05,1.479,929.791,31.082,-40.083,-32.987,-72.387,-22.28,1.069,1.13,5.157,149.755,-0.001,661.933,31.358,31.74,1328.983,32.971,30.024,1.503,1006.621,28.54,-36.343,-46.664,-69.966,-22.81,2.371,1.978,5.115,159.044,0.001,-1.518,-1.642,-1.691,-1.628,2.976,5,0,0
134,1,134,855.394,33.936,34.159,1668.595,42.501,33.038,1.544,1468.186,39.168,-38.13,-34.528,-55.054,-22.253,0.508,-2.298,8.622,147.378,-0.002,852.991,33.599,33.884,1603.132,41.497,33.037,1.563,1410.122,39.401,-37.073,-35.026,-48.385,-22.844,0.496,-2.626,9.677,147.291,0.008,630.846,31.165,31.477,1154.658,35.242,30.015,1.495,920.271,31.155,-40.071,-33.219,-71.659,-22.662,0.848,0.849,4.762,159.293,0.006,631.222,31.102,31.5,1314.921,31.557,30.048,1.544,1028.35,28.092,-36.507,-41.165,-69.616,-23.512,2.312,1.782,4.519,158.276,-0.001,-1.581,-1.681,-1.725,-1.659,3.265,5,0,0
135,1,135,890.633,34.167,34.356,1741.55,42.632,33.049,1.524,1502.997,38.362,-35.175,-35.825,-54.349,-22.603,0.565,-2.105,9.95,132.964,-0.008,887.397,33.777,34.033,1661.317,41.441,33.037,1.538,1419.163,39.165,-39.859,-37.651,-49.47,-23.404,0.531,-2.398,11.044,130.046,0.004,659.218,31.266,31.573,1150.325,36.168,30.016,1.467,907.126,31.609,-38.966,-32.662,-71.523,-23.785,1.047,1.045,6.138,149.468,-0.006,659.756,31.161,31.553,1317.046,31.886,30.016,1.515,1015.829,28.229,-42.062,-46.664,-69.23,-24.116,2.446,1.926,5.813,152.011,0.007,-1.519,-1.645,-1.685,-1.622,3.176,5,0,0
136,1,136,857.994,33.927,34.166,1651.366,43.007,33.008,1.531,1438.041,39.713,-44.518,-33.87,-52.694,-23.53,0.54,-2.143,9.493,135.751,0.002,855.581,33.597,33.861,1568.134,42.192,33,1.55,1371.332,40.14,-36.754,-37.566,-48.133,-24.344,0.578,-2.416,10.596,135.371,0.002,640.813,31.23,31.545,1141.909,36.21,30.008,1.484,902.98,31.702,-39.688,-33.266,-73.841,-24.572,1.024,1.071,5.455,150.396,-0.005,641.308,31.19,31.578,1288.568,32.832,30.005,1.521,989.581,28.904,-36.454,-42.079,-70.306,-25,2.419,1.948,5.314,150.671,0.006,-1.502,-1.619,-1.674,-1.607,3.299,5,0,0
137,1,137,884.069,34.211,34.378,1729.363,43.138,33.029,1.507,1488.747,38.547,-37.289,-44.695,-53.289,-20.23,0.498,-2.155,7.905,178.722,-0.005,880.886,33.706,33.907,1649.068,40.556,32.992,1.525,1426.642,38.565,-38.219,-36.46,-48.188,-20.472,0.441,-2.478,8.778,173.45,0,657.69,31.272,31.582,1144.513,36.437,30.043,1.466,902.605,31.971,-38.83,-35.985,-71.261,-20.099,0.982,1.016,3.476,231.713,-0.008,657.806,31.157,31.564,1306.818,32.239,30.035,1.51,1007.996,28.577,-40.466,-35.585,-69.331,-21.306,2.418,1.915,3.244,213.46,-0.013,-1.523,-1.639,-1.68,-1.622,3.082,5,0,0
138,1,138,863.974,33.794,33.981,1571.37,43.28,33.011,1.518,1400.022,40.821,-43.838,-36.635,-50.802,-19.293,0.582,-2.278,8.166,157.074,0.004,861.56,33.391,33.651,1504.803,41.89,33.03,1.554,1369.082,40.484,-34.28,-35.722,-46.584,-19.864,0.618,-2.538,9.213,157.342,0.001,647.507,31.193,31.541,1150.075,35.914,30,1.481,910.625,31.378,-38.389,-36.142,-74.283,-19.919,0.916,0.934,4.143,186.431,0.005,648.403,31.19,31.589,1302.38,32.541,30.014,1.517,1001.163,28.633,-34.284,-34.073,-70.754,-21.036,2.329,1.817,4.035,183.304,-0.005,-1.539,-1.638,-1.687,-1.624,3.174,5,0,0
139,1,139,886.387,34.121,34.339,1689.531,43.752,33.039,1.524,1455.665,39.515,-38.625,-35.273,-53.454,-19.723,0.772,-2.17,7.343,179.965,-0.003,883.768,33.695,33.87,1604.007,41.338,33.001,1.541,1377.269,39.978,-41.515,-34.305,-48.74,-19.758,0.749,-2.482,8.337,176.428,0.005,651.905,31.273,31.58,1169.012,35.628,29.98,1.48,917.688,30.993,-40.848,-32.459,-71.38,-19.508,1.121,0.925,3.03,219.785,0.007,652.368,31.172,31.559,1326.817,31.681,30.004,1.523,1022.183,27.978,-35.99,-33.616,-68.439,-20.831,2.569,1.811,2.715,216.007,0.007,-1.584,-1.694,-1.718,-1.652,2.916,5,0,0
140,1,140,885.119,34.122,34.356,1743.008,42.589,33.027,1.532,1502.434,38.179,-37.236,-39.062,-53.959,-19.986,0.745,-2.114,8.391,140.35,-0.004,882.024,33.78,33.998,1674.879,40.775,33.031,1.549,1435.496,38.677,-38.519,-36.229,-48.286,-20.428,0.773,-2.435,9.606,152.303,0.004,657.571,31.277,31.569,1152.825,36.054,30.017,1.476,907.105,31.622,-38.301,-35.492,-72.429,-19.624,0.885,0.995,4.718,176.303,0.003,657.741,31.181,31.553,1311.588,32.026,30.008,1.52,1009.413,28.354,-37.975,-35.686,-70.38,-20.757,2.299,1.883,4.43,170.468,0.008,-1.516,-1.64,-1.691,-1.627,3.17,5,0,0
141,1,141,886.419,34.125,34.355,1732.53,42.833,33.046,1.526,1496.205,38.503,-36.583,-37.369,-54.155,-21.019,0.684,-2.402,9.583,137.091,-0.006,883.248,33.745,33.989,1649.484,41.317,33.05,1.545,1426.017,39.095,-38.408,-36.722,-48.417,-21.826,0.686,-2.447,10.636,136.146,0.003,655.014,31.289,31.596,1152.388,36.292,30.024,1.478,913.125,31.459,-39.943,-36.115,-71.492,-21.757,0.978,1.017,5.713,158.959,-0.001,655.119,31.203,31.573,1295.589,32.603,30.025,1.519,1001.955,28.683,-39.836,-38.311,-69.799,-22.485,2.402,1.961,5.459,157.22,0.007,-1.52,-1.642,-1.698,-1.64,3.093,5,0,0
142,1,142,873.896,34.038,34.234,1693.573,42.606,33.029,1.541,1470.998,39.018,-42.414,-33.188,-56.431,-20.392,0.424,-2.226,9.047,143.806,-0.006,870.974,33.718,33.911,1605.278,41.699,32.979,1.55,1382.894,39.624,-37.689,-37.632,-48.865,-20.737,0.394,-2.516,10.038,140.021,-0.006,652.176,31.146,31.466,1140.701,35.594,30.008,1.498,910.813,31.43,-37.651,-33.012,-73,-20.532,0.987,0.958,4.968,171.799,0.003,652.639,31.092,31.483,1309.88,31.561,30.031,1.55,1023.954,28.102,-37.311,-41.512,-70.042,-21.462,2.418,1.869,4.634,169.245,-0.001,-1.517,-1.641,-1.681,-1.613,3.316,5,0,0
143,1,143,891.045,34.043,34.255,1681.198,43.128,33.044,1.533,1465.832,39.291,-37.439,-38.761,-52.398,-22.468,0.396,-2.104,10.196,129.771,-0.002,888.599,33.683,33.929,1613.59,41.655,33.05,1.55,1395.393,39.925,-38.332,-36.068,-48.874,-23.338,0.367,-2.391,11.215,128.099,0.002,657.387,31.283,31.576,1150.659,36.187,30.023,1.478,909.73,31.573,-37.901,-34.578,-72.796,-23.361,0.886,1.019,5.997,150.785,0.006,657.643,31.184,31.557,1303.026,32.284,30.016,1.523,1006.705,28.487,-38.73,-39.32,-70.656,-23.942,2.284,1.904,5.738,151.234,-0.002,-1.533,-1.652,-1.694,-1.632,3.146,5,0,0
144,1,144,868.274,33.789,34.052,1600.618,43.202,33.018,1.532,1416.021,40.425,-45.342,-35.899,-51.884,-20.751,0.369,-2.088,9.257,141.75,-0.001,866.229,33.562,33.825,1565.696,41.905,33.049,1.559,1389.06,40.093,-34.214,-36.328,-47.256,-22.009,0.39,-2.286,10.141,141.967,0.004,644.734,31.052,31.37,1124.097,35.346,29.996,1.499,905.397,31.528,-38.02,-35.848,-72.864,-21.905,1.036,1.125,5.243,162.541,0,645.175,30.968,31.381,1292.422,31.275,30.042,1.551,1020.433,28.268,-39.43,-36.629,-70.139,-22.394,2.488,2.038,4.862,161.945,0.005,-1.532,-1.631,-1.693,-1.64,3.368,5,0,0
145,1,145,848.179,33.812,34.037,1572.14,43.825,33.011,1.528,1397.709,40.889,-42.315,-39.306,-51.712,-20.771,0.616,-2.049,9.103,147.522,-0.001,845.744,33.375,33.603,1486.116,41.942,33.038,1.573,1357.207,40.896,-33.19,-36.667,-46.958,-21.879,0.608,-2.337,10.168,144.677,0.002,635.992,31.348,31.661,1185.053,35.797,30.007,1.48,930.666,30.748,-38.744,-33.64,-73.651,-21.823,0.992,1.104,5.018,159.427,-0.001,636.292,31.284,31.667,1335.087,32.265,30.021,1.521,1027.516,27.942,-33.261,-39.912,-70.389,-22.325,2.438,1.999,4.75,163.401,0.009,-1.515,-1.617,-1.671,-1.606,3.397,5,0,0
146,1,146,870.495,33.859,34.061,1597.514,43.38,33.009,1.516,1404.501,40.678,-41.925,-35.062,-51.374,-19.348,0.752,-2.235,8.593,157.189,0,868.082,33.512,33.747,1531.219,42.084,33.007,1.544,1359.082,40.553,-33.886,-35.792,-46.863,-19.891,0.755,-2.512,9.548,155.286,-0.001,644.507,31.259,31.571,1161.158,35.808,30,1.475,916.5,31.176,-39.619,-36.009,-73.258,-19.718,0.896,0.955,4.374,193.878,0.002,645.023,31.24,31.61,1312.234,32.436,30.007,1.509,1007.788,28.393,-35.632,-37.174,-70.212,-20.866,2.315,1.85,4.107,188.674,-0.003,-1.544,-1.641,-1.692,-1.624,3.227,5,0,0
147,1,147,847.605,33.974,34.163,1629.659,43.542,33.01,1.501,1421.125,40.211,-37.503,-34.928,-55.304,-20.516,0.587,-2.319,9.758,140.832,-0.008,845.43,33.548,33.726,1518.323,42.238,33.048,1.532,1358.374,40.953,-34.815,-37.619,-49.242,-20.871,0.619,-2.589,10.787,139.304,-0.003,634.248,31.179,31.494,1142.867,35.755,29.997,1.469,906.626,31.492,-38.719,-34.532,-73.323,-20.388,0.895,0.809,5.383,161.934,-0.002,635.035,31.143,31.55,1312.88,31.975,30.048,1.517,1019.204,28.343,-38.13,-37.768,-69.899,-21.319,2.344,1.758,5.2,158.804,-0.006,-1.536,-1.658,-1.704,-1.644,3.261,5,0,0
148,1,148,864.526,34.018,34.182,1639.596,43.472,33.011,1.509,1415.604,40.374,-46.884,-34.474,-52.802,-19.385,0.771,-2.111,8.991,151.591,0.003,861.755,33.517,33.736,1523.99,42.182,33.015,1.543,1352.978,40.809,-34.407,-37.434,-47.586,-19.876,0.795,-2.398,10.07,149.727,0.004,639.48,31.366,31.652,1183.761,35.761,30.011,1.467,929.104,30.828,-38.781,-34.011,-70.391,-19.405,0.989,1.041,4.687,174.797,0.001,639.791,31.31,31.665,1331.379,32.342,30,1.505,1017.1,28.094,-35.209,-40.33,-69.823,-20.416,2.418,1.915,4.466,174.699,0.006,-1.524,-1.636,-1.706,-1.635,3.153,5,0,0
149,1,149,860.139,33.965,34.176,1641.2,43.367,33.016,1.518,1433.937,39.906,-41.019,-35.657,-51.404,-20.028,0.642,-2.26,8.632,148.194,-0.001,857.574,33.596,33.874,1577.967,42.055,33.031,1.54,1384.831,40.043,-36.35,-35.942,-46.516,-20.973,0.682,-2.511,9.817,149.617,0,637.097,31.364,31.654,1171.449,36.17,30.01,1.469,917.104,31.229,-38.303,-35.326,-71.698,-20.593,0.931,0.943,4.875,169.195,-0.001,637.44,31.293,31.666,1315.859,32.756,30.025,1.506,1013.288,28.359,-34.911,-36.725,-70.198,-21.508,2.39,1.85,4.62,164.75,0,-1.519,-1.626,-1.685,-1.625,3.062,5,0,0
150,1,150,865.057,33.926,34.176,1667.803,42.684,32.99,1.526,1455.665,39.073,-43.742,-34.722,-55.019,-20.162,0.585,-2.072,8.163,164.09,0,862.004,33.657,33.864,1586.466,41.739,33.018,1.545,1387.894,39.836,-36.113,-36.869,-48.91,-20.234,0.601,-2.402,9.179,159.06,0.003,642.058,31.067,31.39,1152.367,34.616,30.003,1.501,926.666,30.854,-37.164,-33.85,-72.204,-19.82,1.011,1.087,3.745,197.364,-0.003,642.293,30.999,31.399,1340.129,30.206,30.029,1.56,1058.036,27.185,-37.601,-38.161,-70.482,-21.233,2.437,1.989,3.253,196.161,0.002,-1.538,-1.658,-1.695,-1.635,3.158,5,0,0
151,1,151,871.806,33.981,34.211,1661.449,43.188,33.015,1.509,1448.561,39.491,-42.51,-36.266,-53.877,-21.822,0.465,-2.289,8.797,150.075,-0.01,869.089,33.631,33.84,1583.529,41.578,33.036,1.528,1389.206,39.97,-36.07,-37.337,-47.955,-22.786,0.49,-2.545,9.939,150.144,-0.002,650.01,31.34,31.638,1179.262,35.786,30.032,1.475,924.333,31.135,-39.602,-33.275,-72.568,-22.423,0.97,0.96,4.811,160.824,-0.003,650.375,31.28,31.664,1349.108,31.878,30.041,1.52,1031.433,27.961,-35.6,-40.224,-69.883,-23.698,2.406,1.853,4.533,162.313,-0.01,-1.515,-1.625,-1.68,-1.619,3.096,5,0,0
152,1,152,884.307,34.008,34.25,1663.053,43.544,33.016,1.509,1437.687,39.797,-41.874,-37.305,-53.732,-21.151,0.545,-2.107,9.723,120.974,-0.002,881.601,33.643,33.848,1581.966,41.695,33.006,1.533,1373.79,40.121,-37.002,-37.327,-48.396,-22.208,0.512,-2.412,10.7,138.455,0.002,656.964,31.375,31.697,1184.074,36.127,29.993,1.466,919.146,31.036,-38.48,-34.722,-72.802,-22.113,0.926,1.032,5.436,159.547,0.003,657.394,31.331,31.727,1337.129,32.656,29.984,1.505,1011.6,28.137,-35.151,-38.045,-70.104,-22.578,2.34,1.904,5.256,159.7,-0.002,-1.508,-1.621,-1.684,-1.62,3.043,5,0,0
153,1,153,854.928,34.017,34.193,1668.761,42.825,33.001,1.53,1459.853,39.056,-44.119,-35.86,-54.015,-22.881,0.541,-2.16,9.471,136.626,-0.014,852.731,33.645,33.872,1592.862,41.641,33.049,1.554,1398.852,39.819,-36.328,-36.42,-48.252,-23.349,0.554,-2.496,10.542,136.202,0.001,635.689,31.224,31.518,1160.992,35.377,30.006,1.48,922.312,31.021,-38.499,-32.145,-72.342,-23.656,0.912,0.95,5.589,152.122,0.011,636.216,31.153,31.526,1322.046,31.563,30.018,1.525,1029.308,27.87,-37.177,-45.704,-69.953,-24.644,2.349,1.863,5.384,152.9,-0.002,-1.529,-1.645,-1.692,-1.633,2.76,5,0,0
154,1,154,850.768,34.028,34.235,1656.72,43.558,33.001,1.521,1435.374,39.727,-39.985,-34.04,-53.723,-19.676,0.681,-2.084,8.14,157.853,-0.004,846.947,33.624,33.896,1577.529,42.282,33.015,1.542,1379.706,40.042,-38.28,-38.321,-47.442,-19.873,0.702,-2.334,9.105,158.597,0.001,635.949,31.234,31.531,1142.43,36.073,30.04,1.486,904.772,31.873,-38.792,-35.081,-71.237,-19.322,1.145,1.17,4.283,175.78,-0.002,635.934,31.126,31.536,1307.047,32.019,30.045,1.531,1013.225,28.495,-36.602,-31.856,-69.33,-20.485,2.608,2.071,4.029,174.252,0.008,-1.492,-1.599,-1.672,-1.611,2.457,5,0,0
155,1,155,839.686,34.04,34.223,1691.135,42.56,33.028,1.509,1478.748,38.797,-41.867,-35.862,-54.756,-20.566,0.454,-2.13,9.204,147.409,-0.006,837.815,33.633,33.819,1592.028,41.157,33.018,1.53,1409.434,39.255,-35.683,-36.694,-48.911,-20.895,0.438,-2.454,10.17,144.685,-0.004,630.857,31.112,31.4,1139.971,35.082,29.991,1.477,913.042,31.228,-37.192,-32.677,-73.436,-20.569,0.926,0.981,5.102,164.49,-0.004,631.265,30.995,31.382,1321.109,30.552,30.022,1.537,1043.703,27.515,-39.53,-46.732,-69.786,-21.769,2.375,1.913,4.698,166.178,-0.006,-1.542,-1.663,-1.705,-1.642,2.688,5,0,0
156,1,156,883.397,34.104,34.339,1713.509,43.145,33.04,1.523,1479.31,38.894,-40.528,-40.636,-54.72,-20.33,0.512,-2.159,9.107,145.995,-0.001,880.973,33.703,33.86,1626.423,40.676,33.007,1.543,1399.247,39.428,-37.966,-36.547,-48.54,-21.074,0.495,-2.472,10.235,145.906,-0.009,654.57,31.379,31.662,1153.763,36.806,30.016,1.463,899.897,31.869,-40.775,-33.236,-72.513,-20.503,0.909,1.04,5.292,167.112,0.009,654.946,31.27,31.642,1295.381,33.128,30.007,1.502,985.643,29.035,-39.377,-44.623,-69.779,-21.71,2.344,1.906,5.023,163.736,0,-1.509,-1.63,-1.68,-1.622,2.705,5,0,0
157,1,157,846.424,33.944,34.183,1668.595,42.733,33.006,1.54,1454.769,39.241,-41.968,-33.924,-53.572,-22.931,0.574,-2.304,9.792,132.654,-0.003,844.726,33.619,33.868,1582.029,41.888,33.021,1.563,1388.373,39.853,-37.863,-35.91,-48.082,-24.138,0.586,-2.644,10.804,131.623,-0.008,631.41,31.197,31.505,1156.846,35.402,30.011,1.498,923.333,31.021,-39.674,-32.177,-73.105,-24.62,0.878,0.844,5.561,151.235,0.01,632.045,31.127,31.505,1305.818,31.829,30.003,1.539,1017.371,28.101,-37.647,-42.815,-69.916,-24.872,2.285,1.72,5.336,148.739,0.013,-1.558,-1.663,-1.71,-1.653,2.691,5,0,0
158,1,158,870.473,34.03,34.226,1703.989,42.269,32.972,1.514,1473.956,38.427,-38.82,-32.198,-55.958,-20.488,0.688,-2.156,9.328,145.209,-0.005,868.06,33.751,33.982,1628.694,41.773,33.03,1.528,1411.622,39.3,-39.937,-37.408,-49.444,-20.548,0.708,-2.407,10.256,140.215,-0.006,642.221,31.159,31.471,1143.117,35.562,30.001,1.474,911.084,31.366,-38.847,-32.994,-72.993,-19.77,1.018,1.004,5.143,173.636,0.003,642.824,31.127,31.518,1309.026,31.838,30.037,1.522,1018.204,28.304,-38.481,-44.372,-70.096,-20.919,2.459,1.933,4.86,172.656,-0.004,-1.535,-1.657,-1.693,-1.635,2.572,5,0,0
159,1,159,862.381,33.999,34.214,1669.657,43.009,33.04,1.538,1457.561,39.474,-41.087,-34.925,-53.952,-22.85,0.529,-2.094,9.239,140.811,-0.008,860.141,33.672,33.885,1586.029,41.951,33.005,1.549,1375.144,40.077,-37.132,-37.45,-48.496,-23.386,0.487,-2.432,10.401,141.387,-0.003,638.798,31.261,31.543,1158.304,35.666,30.049,1.499,919.771,31.416,-39.727,-34.108,-72.667,-23.682,1.101,1.11,5.309,152.876,0.002,638.827,31.176,31.541,1309.401,31.994,29.988,1.536,1010.538,28.193,-38.508,-38.791,-69.93,-24.118,2.436,1.931,5.074,151.126,-0.001,-1.528,-1.648,-1.692,-1.635,3.112,5,0,0
160,1,160,891.24,34.024,34.252,1665.47,43.497,32.987,1.514,1438.478,39.512,-42.755,-38.373,-52.212,-23.09,0.47,-2.137,9.895,132.101,0.002,888.133,33.596,33.811,1576.404,41.489,33.028,1.539,1377.227,40.233,-35.913,-36.586,-47.592,-23.861,0.491,-2.407,11.087,129.399,0.003,661.059,31.35,31.669,1170.658,36.321,30.01,1.468,913.292,31.354,-38.876,-34.276,-71.713,-25.21,0.878,1.018,5.833,142.65,-0.006,661.598,31.237,31.639,1309.797,32.714,30.002,1.51,998.309,28.634,-36.905,-43.647,-70.2,-25.392,2.323,1.898,5.511,147.024,-0.001,-1.525,-1.637,-1.696,-1.633,2.926,5,0,0
161,1,161,843.575,33.835,34.025,1564.412,43.921,33.011,1.518,1400.626,40.801,-39.8,-40.038,-52.019,-21.386,0.634,-2.201,9.618,136.617,0.005,841.834,33.298,33.529,1462.721,41.899,33.047,1.572,1362.165,40.838,-32.634,-36.347,-47.009,-22.431,0.671,-2.452,10.807,135.959,-0.003,639.068,31.363,31.669,1166.97,36.435,30.045,1.477,918.979,31.413,-39.928,-38.182,-73.896,-22.611,0.949,1.015,5.296,156.025,0.008,633.8,31.294,31.666,1281.277,33.711,29.997,1.499,975.519,29.267,-34.578,-33.788,-70.321,-23.199,2.334,1.84,5.288,153.611,0.01,-1.526,-1.631,-1.691,-1.633,3.716,5,0,0
162,1,162,889.713,34.066,34.258,1671.261,43.41,33.012,1.518,1446.624,39.518,-40.126,-38.369,-52.203,-20.921,0.586,-2.211,9.749,138.083,-0.001,886.064,33.672,33.923,1607.59,41.748,33.05,1.547,1394.622,39.947,-37.294,-37.212,-47.968,-21.811,0.661,-2.418,10.764,137.629,-0.001,661.319,31.318,31.618,1179.47,35.615,30.015,1.476,926.958,30.929,-38.287,-32.624,-71.704,-21.767,0.959,0.982,5.528,160.475,-0.002,661.771,31.248,31.62,1353.232,31.459,30.008,1.525,1040.162,27.521,-37.801,-45.349,-69.949,-22.559,2.38,1.862,5.149,155.829,0.011,-1.507,-1.625,-1.674,-1.616,3.953,5,0,0
163,1,163,859.521,33.93,34.144,1640.554,43.069,33.001,1.527,1435.291,39.725,-42.921,-34.318,-53.993,-20.766,0.333,-2.268,9.422,142.19,-0.001,856.696,33.602,33.784,1552.426,41.867,33.013,1.546,1370.665,40.276,-36.431,-37.295,-48.563,-21.624,0.367,-2.566,10.406,138.433,0.019,643.001,31.231,31.552,1169.075,35.401,30.002,1.496,927.187,30.833,-38.289,-31.641,-71.882,-21.337,0.915,0.906,4.787,189.556,-0.004,643.691,31.207,31.576,1326.525,31.813,30.005,1.536,1023.142,27.957,-35.9,-46.339,-69.769,-22.166,2.297,1.814,4.654,166.465,0.002,-1.521,-1.64,-1.682,-1.619,3.29,5,0,0
164,1,164,882.281,34.154,34.324,1698.864,43.364,33.033,1.524,1471.081,39.048,-41.025,-41.122,-53.245,-20.939,0.585,-2.054,8.512,155.648,-0.001,880.117,33.678,33.838,1609.299,40.897,33.011,1.541,1389.748,39.721,-37.948,-37.488,-48.802,-21.832,0.599,-2.317,9.83,155.268,-0.002,656.607,31.367,31.644,1165.241,36.279,30.01,1.467,908.876,31.511,-38.312,-33.011,-71.394,-21.759,0.979,1.067,4.834,166.244,0.003,657.037,31.267,31.63,1318.025,32.433,30.04,1.516,1008.559,28.59,-36.137,-44.857,-69.775,-22.257,2.446,1.994,4.664,165.544,0.004,-1.503,-1.626,-1.672,-1.607,2.93,5,0,0
165,1,165,876.15,33.933,34.187,1650.908,43.224,33.05,1.536,1443.312,39.954,-40.527,-33.532,-54.103,-23.306,0.775,-2.009,9.622,134.345,0,873.368,33.644,33.842,1561.03,42.194,33.011,1.548,1357.062,40.644,-38.096,-38.651,-48.579,-23.879,0.769,-2.36,10.613,149.41,-0.006,648.287,31.187,31.51,1144.992,35.821,30.014,1.492,911.542,31.446,-38.524,-33.329,-72.308,-24.291,1.075,1.146,5.31,151.704,-0.002,648.241,31.146,31.527,1294.506,32.289,30.001,1.53,1001.58,28.535,-36.897,-42.549,-70.479,-24.878,2.473,1.991,5.066,150.323,0.002,-1.493,-1.619,-1.662,-1.598,3.395,5,0,0
166,1,166,861.46,34.057,34.3,1701.531,43.056,32.989,1.515,1462.79,38.876,-39.328,-34.098,-54.421,-20.875,0.594,-2.141,9.459,139.5,0.001,858.397,33.707,33.94,1603.174,42.028,32.994,1.533,1385.164,39.698,-37.735,-37.233,-48.669,-21.348,0.617,-2.429,10.428,137.5,0.004,638.884,31.23,31.549,1152.388,35.908,29.996,1.475,912.542,31.282,-37.971,-33.991,-71.896,-21.518,0.978,0.996,5.351,162.699,-0.002,639.184,31.159,31.558,1313.734,32.009,30.042,1.525,1019.579,28.293,-35.872,-38.564,-69.831,-22.384,2.425,1.937,5.071,160.107,0.006,-1.511,-1.63,-1.687,-1.62,3.115,5,0,0
167,1,167,892.962,33.993,34.211,1641.492,43.712,32.988,1.527,1422.063,39.981,-41.402,-37.67,-52.739,-20.467,0.452,-2.1,9.131,147.593,-0.005,890.029,33.619,33.829,1563.321,42.013,33.042,1.558,1363.728,40.746,-34.46,-37.331,-47.895,-21.439,0.512,-2.319,10.086,143.867,0,653.725,31.249,31.565,1174.658,35.33,30.015,1.492,930.458,30.815,-38.118,-31.973,-72.219,-21.42,1.04,1.131,4.769,166.74,-0.004,654.524,31.202,31.571,1346.941,31.257,30.048,1.544,1050.64,27.497,-36.199,-44.135,-69.75,-22.141,2.502,2.05,4.383,166.526,-0.002,-1.516,-1.628,-1.677,-1.617,2.996,5,0,0
168,1,168,883.104,34.174,34.387,1771.549,42.213,33.037,1.535,1522.725,37.76,-37.421,-35.553,-54.101,-22.656,0.573,-2.122,9.667,135.234,-0.002,881.298,33.764,33.982,1661.901,40.942,33.038,1.552,1422.85,39.077,-39.049,-37.95,-49.048,-23.312,0.604,-2.375,10.795,133.134,-0.003,652.415,31.303,31.628,1166.679,36.101,30.014,1.476,918.833,31.194,-39.003,-32.792,-71.843,-22.982,1.004,1.038,5.508,152.552,-0.001,653.04,31.155,31.582,1309.567,32.294,30.007,1.52,1011.163,28.302,-37.789,-48.832,-69.391,-23.891,2.443,1.92,5.242,152.846,-0.006,-1.502,-1.635,-1.681,-1.616,2.897,5,0,0
169,1,169,851.429,33.879,34.081,1598.327,43.554,33.002,1.527,1418.604,40.207,-43.775,-38.007,-50.998,-21.545,0.819,-2.088,9.288,137.714,0.001,848.929,33.387,33.644,1506.532,41.774,33.047,1.568,1370.457,40.598,-34.307,-36.525,-46.713,-22.854,0.889,-2.301,10.478,138.904,0.003,634.54,31.274,31.567,1161.95,35.749,30.002,1.48,917.646,31.148,-39.039,-36.109,-74.166,-23.032,0.994,1.049,5.32,155.351,0.005,634.656,31.17,31.555,1301.005,32.326,30.018,1.521,1007.08,28.488,-34.897,-34.976,-70.544,-23.534,2.463,1.962,5.026,153.523,0.004,-1.528,-1.634,-1.693,-1.635,3.435,5,0,0
170,1,170,862.479,34.039,34.22,1661.033,43.29,33.048,1.531,1450.749,39.735,-42.264,-36.368,-54.976,-23.331,0.776,-2.075,9.962,134.096,0.006,860.109,33.618,33.839,1570.384,41.917,33.05,1.555,1386.623,40.166,-37.138,-36.616,-48.215,-24.126,0.807,-2.315,10.92,131.833,-0.003,643.987,31.35,31.633,1159.346,36.376,29.999,1.475,910.125,31.383,-42.035,-34.158,-71.888,-24.9,1.063,1.089,5.894,146.337,-0.001,644.254,31.262,31.631,1302.984,32.841,30.008,1.515,996.955,28.709,-37.41,-39.623,-69.732,-24.873,2.499,1.969,5.703,148.358,-0.008,-1.528,-1.638,-1.696,-1.632,2.805,5,0,0
171,1,171,891.218,34.152,34.317,1695.094,43.394,33.048,1.511,1470.352,39.201,-37.677,-40.788,-52.814,-20.026,0.691,-2.103,6.791,204.796,0.004,888.263,33.673,33.884,1612.278,41.257,32.995,1.527,1393.81,39.467,-38.345,-36.968,-48.614,-20.275,0.676,-2.437,7.751,196.021,0.005,658.08,31.444,31.723,1178.178,36.527,29.996,1.457,910.896,31.339,-39.553,-33.589,-71.798,-19.539,0.945,0.978,2.219,260.06,0.004,658.608,31.364,31.73,1331.233,32.832,30.018,1.498,1006.726,28.497,-36.747,-40.465,-69.795,-20.742,2.412,1.894,1.84,248.663,0.006,-1.507,-1.63,-1.678,-1.623,2.275,5,0,0
172,1,172,877.98,34.082,34.294,1681.532,43.501,33.041,1.527,1457.644,39.484,-41.612,-38.849,-53.199,-20.763,0.56,-2.062,9.298,141.86,0.004,875.004,33.644,33.867,1592.758,41.598,32.993,1.546,1381.31,39.793,-36.595,-36.62,-47.926,-21.788,0.535,-2.419,10.337,142.656,-0.003,663.345,31.28,31.565,1161.617,35.742,30.004,1.483,915.146,31.252,-37.709,-32.928,-71.809,-21.772,0.976,1.013,5.068,162.795,-0.002,663.753,31.183,31.551,1322.859,31.722,30.003,1.53,1020.808,28.008,-37.995,-50.755,-69.65,-22.597,2.416,1.909,4.786,161.816,-0.015,-1.517,-1.629,-1.685,-1.616,3.46,5,0,0
173,1,173,890.243,34.035,34.269,1680.032,43.299,33.007,1.517,1450.186,39.37,-40.793,-36.064,-52.415,-23.488,0.594,-2.095,9.473,138.744,-0.001,887.397,33.652,33.866,1588.445,41.701,33.019,1.535,1370.561,40.336,-38.119,-37.879,-49.092,-24.404,0.661,-2.347,10.663,136.305,-0.005,659.976,31.084,31.425,1126.785,35.715,30.029,1.491,899.813,31.965,-37.419,-33.094,-71.984,-25.283,1.038,1.132,5.513,151.037,0.005,660.655,30.949,31.41,1287.652,31.612,30.02,1.538,1004.767,28.568,-39.468,-45.788,-69.678,-26.07,2.433,2.01,5.183,149.349,-0.004,-1.506,-1.64,-1.679,-1.613,3.235,5,0,0
174,1,174,855.741,33.709,33.906,1519.559,43.974,33.008,1.511,1373.044,41.592,-34.918,-39.886,-50.52,-19.277,0.575,-2.076,7.348,185.582,0.001,853.273,33.255,33.473,1441.931,41.948,33.022,1.577,1358.249,40.713,-30.811,-37.314,-46.572,-19.942,0.588,-2.36,8.265,181.276,0.003,645.287,31.329,31.686,1200.032,35.538,30.049,1.484,940.624,30.718,-38.799,-35.036,-72.864,-19.687,1.089,1.152,2.413,235.689,0.006,645.392,31.354,31.766,1357.42,32.422,30.04,1.517,1032.912,27.916,-33.704,-40.156,-70.328,-20.724,2.526,2.022,2.292,188.372,0,-1.524,-1.612,-1.685,-1.636,3.282,5,0,0
175,1,175,863.356,34.019,34.21,1696.135,42.305,33.017,1.517,1482.914,38.598,-37.826,-33.36,-54.325,-19.977,0.483,-2.12,5.594,234.844,0,861.918,33.685,33.898,1609.59,41.457,33.015,1.532,1410.059,39.212,-37.808,-37.819,-48.797,-20.236,0.513,-2.425,6.642,227.523,-0.006,644.582,31.22,31.523,1173.199,35.035,29.998,1.483,932.25,30.631,-38.252,-33.963,-74.013,-19.757,0.938,0.988,1.181,285.301,0.01,645.034,31.156,31.535,1344.462,31.064,30.043,1.533,1047.12,27.556,-35.07,-39.265,-70.166,-21.019,2.419,1.916,0.676,285.084,0.012,-1.516,-1.639,-1.68,-1.616,3.169,5,0,0
176,1,176,856.066,34.03,34.23,1679.511,42.922,33.038,1.53,1474.894,38.99,-39.915,-37.163,-51.944,-21.623,0.522,-2.138,8.98,139.904,-0.006,853.511,33.565,33.878,1594.841,41.65,32.996,1.538,1386.956,39.661,-38.372,-37.224,-48.825,-22.283,0.5,-2.483,10.15,138.007,0.008,631.789,31.098,31.494,1154.575,35.383,30.045,1.498,922.542,31.295,-38.607,-31.836,-72.317,-22.096,0.99,1.026,4.996,158.908,0.003,631.883,30.929,31.485,1318.817,31.348,30.026,1.547,1030.079,27.901,-35.887,-45.3,-70.032,-22.951,2.422,1.893,4.567,149.138,-0.009,-1.524,-1.644,-1.682,-1.617,3.323,5,0,0
177,1,177,876.702,33.972,34.148,1614.305,43.801,32.996,1.51,1410.771,40.373,-41.747,-38.054,-51.772,-19.698,0.771,-2.163,9.079,147.959,0.003,874.246,33.475,33.737,1522.927,42.215,33.031,1.543,1360.332,40.74,-34.302,-37.201,-47.296,-20.02,0.813,-2.417,10.036,146.501,-0.003,652.49,31.318,31.613,1167.491,35.949,30.001,1.473,917.25,31.159,-38.285,-32.428,-71.197,-19.677,0.976,1.015,4.563,183.347,-0.001,652.823,31.239,31.638,1337.525,31.983,30.007,1.517,1025.912,27.895,-34.73,-43.96,-69.781,-21.007,2.422,1.903,4.252,181.279,-0.004,-1.503,-1.612,-1.673,-1.612,3.426,5,0,0
178,1,178,867.548,33.952,34.187,1662.053,42.935,33.019,1.517,1448.811,39.517,-44.593,-35.212,-53.281,-22.085,0.294,-2.219,9.14,140.411,-0.002,865.048,33.656,33.898,1590.779,41.952,32.985,1.533,1380.019,39.752,-35.727,-36.313,-48.339,-23.21,0.264,-2.483,10.304,141.571,-0.009,649.858,31.149,31.455,1142.221,35.455,30.037,1.491,915.042,31.488,-39.075,-33.628,-72.883,-23.112,0.979,1.026,5.317,159.583,-0.006,650.256,31.073,31.479,1314.984,31.403,30.03,1.538,1026.808,28.021,-38.971,-41.846,-70.089,-24.137,2.393,1.907,4.93,154.149,0.001,-1.537,-1.649,-1.707,-1.639,3.128,5,0,0
179,1,179,852.512,33.963,34.216,1678.928,42.798,33.007,1.524,1461.269,39.079,-39.313,-34.25,-55.721,-21.161,0.266,-2.323,9.313,142.271,-0.004,849.438,33.74,33.948,1611.611,41.893,33.006,1.536,1391.581,39.632,-39.412,-36.852,-49.225,-22.16,0.292,-2.579,10.303,141.721,0.004,636.111,31.195,31.498,1149.95,35.565,30.006,1.481,914.375,31.291,-37.875,-32.794,-72.169,-21.36,0.958,0.889,5.383,162.09,-0.007,636.747,31.119,31.505,1317.026,31.534,30.011,1.529,1022.6,28.011,-37.335,-43.613,-69.808,-22.049,2.365,1.79,4.93,156.991,-0.002,-1.513,-1.638,-1.674,-1.617,2.861,5,0,0
180,1,180,852.361,33.886,34.137,1660.616,42.479,32.998,1.531,1459.832,39.032,-42.182,-34.334,-54.581,-19.975,0.187,-2.315,8.123,157.337,-0.002,850.413,33.628,33.865,1585.07,41.779,33.048,1.555,1398.456,39.825,-36.524,-36.286,-49.064,-20.084,0.232,-2.558,9.171,155.789,-0.001,635.364,31.119,31.428,1128.43,35.683,30.016,1.49,902.751,31.765,-38.194,-32.796,-72.58,-19.448,0.948,0.891,4.029,181.112,0.003,635.631,31.057,31.447,1280.985,32.055,30,1.529,997.205,28.652,-37.958,-48.547,-70.162,-20.785,2.327,1.774,3.747,177.982,0.004,-1.536,-1.658,-1.696,-1.628,3.1,5,0,0
181,1,181,857.961,33.935,34.191,1644.658,43.428,32.988,1.519,1429.52,39.769,-41.115,-34.544,-54.845,-23.254,0.714,-2.119,9.846,131.925,-0.001,855.613,33.619,33.816,1557.322,42.048,33.001,1.544,1359.811,40.474,-37.933,-38.036,-48.444,-23.953,0.777,-2.402,11.048,129.9,-0.002,636.642,31.214,31.504,1148.7,35.652,29.986,1.479,910.771,31.268,-37.406,-32.431,-71.29,-24.521,1.052,1.058,5.531,153.307,0.003,637.787,31.13,31.51,1309.63,31.762,29.968,1.525,1015.142,27.936,-35.571,-41.753,-69.741,-25.249,2.486,1.951,5.235,149.883,-0.002,-1.491,-1.616,-1.676,-1.611,3.004,5,0,0
182,1,182,858.535,33.975,34.199,1644.408,43.509,32.992,1.518,1439.687,39.524,-43.311,-41.321,-53.929,-21.649,0.53,-2.229,9.855,133.925,-0.007,856.057,33.537,33.694,1552.822,40.999,33.022,1.554,1390.144,39.815,-35.226,-36.413,-48.307,-22.599,0.571,-2.49,10.873,133.534,-0.001,639.09,31.207,31.465,1137.076,35.703,30.016,1.478,907.313,31.606,-38.194,-33.799,-72.647,-22.682,0.898,0.926,5.622,154.003,0.007,639.358,31.066,31.448,1284.402,31.972,30.044,1.53,1006.871,28.668,-38.463,-41.112,-70.042,-23.262,2.365,1.86,5.336,154.398,-0.004,-1.521,-1.631,-1.686,-1.629,2.975,5,0,0
183,1,183,878.717,34.03,34.214,1652.45,43.457,33.017,1.512,1438.728,39.783,-42.3,-36.016,-53.604,-21.787,0.506,-2.023,9.572,137.22,-0.004,876.033,33.657,33.867,1578.446,41.973,33.007,1.533,1373.353,40.15,-36.854,-37.078,-48.275,-22.484,0.486,-2.331,10.573,135.434,0.001,653.476,31.174,31.479,1153.2,35.303,29.994,1.483,915.584,31.161,-37.726,-32.278,-72.706,-22.653,1.033,1.112,5.299,158.936,-0.001,653.787,31.1,31.493,1330.296,31.111,30.006,1.532,1033.37,27.687,-36.869,-43.088,-70.449,-23.622,2.447,2.007,4.84,158.253,0,-1.509,-1.625,-1.689,-1.623,2.998,5,0,0
184,1,184,883.744,34.054,34.224,1635.284,44.007,32.976,1.511,1419.729,39.928,-41.923,-44.089,-52.125,-19.557,0.562,-2.13,7.104,186.534,0,881.168,33.527,33.717,1546.947,41.376,33.024,1.546,1378.415,40.164,-34.775,-36.712,-47.778,-19.878,0.591,-2.389,8.227,181.827,0.003,654.429,31.469,31.768,1215.885,35.731,29.994,1.472,938.249,30.41,-38.477,-31.776,-70.859,-19.615,1.007,1.054,2.479,229.381,-0.001,655.022,31.375,31.763,1372.856,32.01,30.015,1.515,1040.953,27.54,-34.206,-56.996,-69.529,-20.844,2.465,1.978,2.172,228.223,-0.006,-1.504,-1.62,-1.68,-1.621,2.962,5,0,0
185,1,185,867.733,33.663,33.907,1524.184,43.854,33.012,1.511,1371.898,41.67,-36.954,-41.308,-49.558,-19.885,0.572,-2.084,9.376,142.887,0.002,864.778,33.225,33.486,1449.514,41.858,33.026,1.576,1360.332,40.697,-31.172,-36.276,-46.529,-20.828,0.569,-2.339,10.415,142.168,0.001,649.251,31.256,31.584,1159.971,35.95,30.039,1.483,917.729,31.411,-40.144,-36.08,-73.933,-21.122,1.031,1.155,4.889,167.648,0.005,649.096,31.217,31.613,1315.588,32.366,30.019,1.521,1014.267,28.29,-34.766,-36.759,-71.266,-22.068,2.469,2.065,4.75,166.194,0.01,-1.542,-1.627,-1.7,-1.635,4.075,5,0,0
186,1,186,884.654,33.916,34.147,1621.847,43.582,32.995,1.518,1415.105,40.24,-42.794,-36.888,-52.831,-20.703,0.416,-2.213,8.941,149.162,0.004,881.384,33.56,33.816,1557.78,42.03,33.019,1.547,1367.103,40.434,-35.894,-36.228,-47.667,-21.801,0.452,-2.458,10.017,148.77,-0.004,654.971,31.425,31.726,1199.511,35.89,30.02,1.476,932.583,30.777,-39.527,-32.086,-71.69,-21.714,0.915,1.026,4.624,166.976,0.004,655.239,31.377,31.736,1343.545,32.556,29.999,1.511,1017.496,28.071,-34.445,-45.956,-70.049,-22.322,2.335,1.904,4.515,165.401,0.008,-1.53,-1.633,-1.689,-1.623,2.975,5,0,0
187,1,187,886.582,34.129,34.304,1719.697,42.646,33.01,1.518,1476.602,38.699,-37.174,-34.232,-53.674,-21.905,0.682,-2.126,10.055,133.274,0.004,883.638,33.806,34.04,1658.713,41.576,33.046,1.541,1420.059,39.223,-39.499,-37.29,-48.285,-22.604,0.736,-2.404,10.917,132.019,-0.001,662.294,31.28,31.578,1163.616,35.789,30.005,1.471,917.146,31.191,-38.729,-33.455,-71.007,-22.323,0.942,1.012,5.992,153.505,0.002,662.54,31.211,31.588,1328.421,31.846,30.009,1.518,1024.433,27.949,-37.718,-40.906,-69.712,-22.808,2.39,1.904,5.639,153.344,0.005,-1.51,-1.626,-1.684,-1.622,3.089,5,0,0
188,1,188,867.267,34.051,34.254,1700.198,42.637,32.996,1.522,1466.665,38.83,-41.111,-32.971,-53.563,-20.007,0.593,-2.126,8.738,150.397,-0.008,864.496,33.699,33.919,1603.111,41.829,33.016,1.536,1394.143,39.649,-36.736,-37.956,-48.457,-20.272,0.648,-2.385,9.839,148.779,0.005,646.294,31.301,31.592,1164.908,35.856,30.011,1.475,918.646,31.178,-38.423,-32.504,-71.897,-19.823,1.029,1.035,4.417,182.106,0.005,647.06,31.232,31.607,1323.379,32.117,30.002,1.517,1017.329,28.095,-35.626,-49.127,-70.007,-21.06,2.464,1.93,4.205,180.292,-0.008,-1.509,-1.633,-1.68,-1.62,2.88,5,0,0
189,1,189,859.554,34.035,34.245,1666.657,43.399,33.041,1.535,1458.894,39.442,-39.177,-37.634,-54.683,-22.948,0.668,-2.207,9.248,149.836,-0.002,856.23,33.674,33.873,1587.633,41.789,33,1.549,1373.144,40.088,-39.362,-35.499,-49.071,-23.727,0.66,-2.503,10.35,140.355,0.006,636.902,31.288,31.582,1152.554,36.17,30.003,1.474,910.167,31.411,-39.99,-33.154,-71.341,-23.318,0.91,0.927,5.422,153.494,0.01,636.964,31.194,31.574,1292.922,32.686,29.999,1.514,996.08,28.678,-37.512,-48.863,-69.972,-23.903,2.305,1.816,5.231,152.562,-0.001,-1.547,-1.666,-1.711,-1.65,2.958,5,0,0
190,1,190,852.697,33.843,34.036,1574.828,43.738,32.998,1.522,1397.043,40.786,-46.339,-39.359,-49.619,-20.249,0.355,-2.183,8.872,149.918,0,850.706,33.433,33.706,1525.323,41.856,33.001,1.555,1364.978,40.33,-33.228,-36.514,-46.431,-21.19,0.339,-2.413,9.938,147.235,-0.001,637.519,31.185,31.488,1150.221,35.472,30.007,1.488,914.209,31.3,-37.188,-34.364,-71.931,-20.69,1.078,1.04,4.729,148.641,-0.004,638.047,31.08,31.477,1321.109,31.231,30.011,1.537,1029.725,27.819,-35.223,-36.743,-70.431,-21.839,2.466,1.925,4.382,168.278,0.004,-1.504,-1.596,-1.656,-1.594,3.36,5,0,0
191,1,191,867.418,34.137,34.329,1732.05,42.596,33.034,1.535,1499.393,38.323,-36.11,-37.189,-54.615,-19.814,0.374,-2.255,8.446,152.933,-0.01,864.832,33.803,34.018,1675.254,40.954,33.025,1.552,1443.516,38.415,-38.433,-36.42,-48.052,-20.254,0.405,-2.513,9.439,150.324,0,644.745,31.359,31.633,1183.741,35.609,29.998,1.483,927.625,30.789,-37.813,-33.223,-71.497,-19.591,0.881,0.888,4.386,177.34,0.001,645.132,31.257,31.61,1343.379,31.627,30.001,1.531,1033.891,27.639,-34.818,-40.456,-69.916,-20.72,2.365,1.791,4.204,173.661,0.004,-1.507,-1.623,-1.682,-1.616,2.872,5,0,0
192,1,192,859.001,33.856,34.064,1607.597,43.139,33.02,1.507,1424.021,40.221,-45.498,-34.646,-52.051,-19.711,0.647,-2.247,9.131,126.981,-0.004,856.545,33.515,33.733,1523.24,42.173,33.043,1.532,1370.769,40.556,-34.657,-36.825,-47.106,-20.475,0.713,-2.463,10.181,145.565,0.001,641.658,31.317,31.646,1183.699,35.717,30.037,1.473,932.604,30.899,-38.022,-34.723,-72.241,-20.217,0.979,0.986,4.922,169.931,-0.008,641.416,31.298,31.688,1343.274,32.209,30.047,1.513,1029.475,28.054,-33.858,-36.972,-70.241,-21.301,2.408,1.892,4.672,168.43,0.001,-1.526,-1.633,-1.677,-1.616,3.497,5,0,0
193,1,193,873.301,33.922,34.108,1597.348,43.854,33.005,1.506,1402.834,40.682,-40.138,-37.236,-52.462,-19.447,0.588,-2.229,8.933,153.574,0,870.942,33.481,33.687,1509.199,42.11,33.044,1.541,1353.187,41.067,-34.145,-36.337,-47.58,-19.855,0.634,-2.494,9.945,152.398,0.001,654.505,31.399,31.709,1193.323,35.934,29.999,1.468,927.625,30.791,-38.485,-33.791,-73.436,-19.552,0.884,0.916,4.371,175.879,-0.013,654.751,31.369,31.743,1337.941,32.758,30.045,1.508,1016.559,28.399,-34.971,-44.099,-70.167,-20.657,2.333,1.86,4.221,174.532,0.004,-1.52,-1.637,-1.689,-1.624,3.085,5,0,0
194,1,194,891.099,34.026,34.206,1643.617,43.603,33.011,1.522,1430.562,39.948,-43.432,-39.846,-51.43,-22.105,0.483,-2.165,9.845,135.704,-0.007,887.375,33.545,33.81,1569.425,41.67,33.006,1.549,1372.707,40.157,-35.078,-37.077,-47.233,-23.024,0.502,-2.408,10.856,135.928,0.004,657.105,31.225,31.541,1159.179,35.621,30.02,1.482,918.125,31.262,-38.371,-34.79,-71.377,-23.779,0.947,1.031,5.748,151.376,0.007,657.806,31.114,31.515,1320.442,31.52,30.009,1.528,1023.975,27.958,-37.784,-38.638,-69.708,-24.25,2.38,1.926,5.373,149.629,-0.004,-1.499,-1.604,-1.663,-1.602,3.177,5,0,0
195,1,195,887.264,34.029,34.276,1665.699,43.73,32.998,1.512,1433.52,39.748,-41.083,-37.502,-53.394,-21.083,0.542,-2.099,9.488,141.268,0.001,884.786,33.644,33.83,1564.759,41.982,33.019,1.538,1360.811,40.619,-36.292,-37.211,-48.34,-21.683,0.595,-2.371,10.723,141.958,0,662.966,31.389,31.688,1172.137,36.431,30.003,1.469,910.48,31.401,-38.989,-34.055,-71.744,-21.838,0.942,1.017,5.227,161.782,-0.004,663.547,31.304,31.674,1311.505,32.936,30.048,1.514,999.268,28.912,-37.509,-43.759,-69.849,-22.505,2.418,1.971,5.041,162.119,0.001,-1.505,-1.624,-1.67,-1.61,2.712,5,0,0
196,1,196,884.329,34.054,34.271,1682.823,43.243,33.05,1.532,1464.707,39.371,-39.477,-37.176,-53.239,-20.669,0.765,-2.083,9.403,139.598,-0.005,881.753,33.686,33.912,1598.862,41.875,33.036,1.55,1381.894,40.169,-38.389,-36.625,-48.005,-21.719,0.771,-2.374,10.429,137.949,-0.004,652.924,31.278,31.589,1166.22,35.797,30.007,1.488,919.75,31.118,-38.656,-33.323,-73.457,-21.734,0.964,1.048,4.75,162.536,0,653.993,31.193,31.572,1326.129,31.791,30.009,1.532,1022.746,27.992,-37.138,-42.342,-70.536,-22.802,2.384,1.939,4.569,161.055,0.009,-1.52,-1.64,-1.686,-1.623,3.484,5,0,0
197,1,197,868.632,34.064,34.253,1711.614,42.347,33.04,1.532,1490.393,38.6,-35.953,-33.118,-54.441,-20.659,0.736,-2.12,9.196,142.53,-0.003,866.24,33.755,33.97,1626.569,41.711,33.003,1.538,1402.601,39.299,-39.205,-37.213,-49.031,-21.324,0.711,-2.489,10.232,142.452,0.002,644.073,31.176,31.478,1143.034,35.623,30.043,1.494,913.542,31.587,-39.558,-33.338,-71.565,-20.991,1.006,0.989,4.973,167.927,0.008,643.897,31.105,31.492,1304.047,31.781,30.042,1.539,1015.642,28.406,-40.104,-43.206,-69.815,-21.704,2.425,1.892,4.654,164.376,0.009,-1.531,-1.654,-1.693,-1.634,3.391,5,0,0
198,1,198,881.469,34.129,34.302,1700.302,43.113,33.044,1.518,1476.581,39,-38.638,-38.17,-53.289,-19.896,0.557,-2.131,8.454,158.054,0.004,878.676,33.714,33.962,1633.527,41.46,33.01,1.532,1403.414,39.341,-37.177,-36.106,-48.37,-20.063,0.488,-2.482,9.514,155.785,-0.004,655.708,31.351,31.666,1177.657,36.072,30.011,1.467,919.854,31.136,-39.8,-33.176,-73.005,-19.45,0.871,0.962,4.457,184.078,0.001,655.921,31.269,31.663,1331.65,32.319,30.047,1.512,1019.433,28.335,-38.617,-43.951,-70.182,-20.688,2.323,1.892,4.188,182.806,0.003,-1.532,-1.64,-1.692,-1.635,3.311,5,0,0
199,1,199,860.095,34.087,34.288,1702.427,42.919,33.009,1.531,1477.331,38.664,-38.436,-36.74,-52.923,-22.69,0.729,-2.138,9.501,136.603,0.001,857.747,33.638,33.903,1613.653,41.405,33.044,1.557,1412.518,39.401,-36.984,-36.666,-48.181,-23.703,0.787,-2.404,10.574,135.192,-0.007,639.404,31.257,31.54,1141.534,36.178,30.014,1.475,907.334,31.592,-38.489,-32.9,-72.675,-23.789,0.985,1.001,5.578,152.265,0.003,640.051,31.142,31.513,1295.651,32.157,30,1.52,1003.205,28.478,-36.281,-43.296,-69.817,-24.665,2.402,1.875,5.203,150.203,0.006,-1.506,-1.616,-1.668,-1.606,2.87,5,0,0
200,1,200,866.725,34.059,34.282,1708.51,42.707,33.03,1.528,1479.706,38.789,-36.246,-34.089,-52.914,-20.698,0.684,-2.114,9.419,134.968,-0.005,863.814,33.683,33.937,1624.048,41.462,33.043,1.547,1419.517,39.208,-36.257,-37.318,-46.908,-21.625,0.72,-2.344,10.496,135.739,-0.006,646.771,31.326,31.638,1169.387,36.097,30.019,1.473,920.667,31.167,-38.555,-34.948,-69.851,-21.758,0.997,1.014,5.402,166.239,0,647.027,31.231,31.622,1313.859,32.478,30.002,1.516,1006.955,28.39,-35.141,-36.279,-69.363,-22.347,2.473,1.928,5.17,161.823,0.003,-1.489,-1.602,-1.66,-1.596,2.785,5,0,0
201,1,201,893.168,34.097,34.325,1693.469,43.515,33.044,1.523,1465.519,39.298,-41.456,-44.869,-52.604,-19.726,0.502,-2.189,8.758,154.994,-0.005,882.067,33.645,33.839,1609.799,40.892,33.006,1.543,1392.852,39.596,-36.918,-35.777,-48.241,-19.873,0.475,-2.484,9.711,152.079,-0.003,653.769,31.358,31.646,1164.908,36.307,30.019,1.468,910.834,31.509,-38.71,-32.629,-71.967,-19.531,0.876,0.954,4.631,181.65,0.004,654.199,31.245,31.61,1316.442,32.325,30.003,1.513,1008.142,28.36,-36.997,-47.353,-70.058,-20.803,2.338,1.859,4.356,180.001,0.004,-1.525,-1.641,-1.684,-1.62,2.935,5,0,0
202,1,202,879.14,34.021,34.2,1637.929,43.693,33.003,1.509,1427.479,39.964,-43.153,-38.685,-53.509,-19.877,0.567,-2.197,9.732,142.401,-0.003,876.531,33.583,33.782,1558.467,41.687,33.028,1.54,1375.811,40.275,-35.464,-36.614,-47.748,-20.366,0.565,-2.467,10.631,140.689,-0.003,656.163,31.31,31.574,1156.888,35.963,30.006,1.468,910.98,31.407,-38.583,-34.241,-71.741,-19.95,0.903,0.973,5.547,152.587,0.007,656.495,31.234,31.595,1320.088,32.114,30.003,1.512,1015.121,28.164,-38.66,-40.394,-69.952,-21.071,2.352,1.865,5.165,172.787,0.001,-1.521,-1.625,-1.687,-1.623,2.834,5,0,0
203,1,203,873.821,33.994,34.247,1683.99,42.973,33.048,1.541,1465.102,39.345,-39.811,-35.314,-52.436,-23.164,0.631,-2.123,9.459,135.713,-0.013,870.801,33.64,33.9,1592.945,41.914,33.022,1.561,1383.081,40.011,-39.53,-36.319,-49.076,-23.997,0.637,-2.401,10.594,135.4,0,645.265,31.217,31.54,1158.596,35.629,30.002,1.496,920.646,31.047,-39.733,-32.128,-72.832,-24.254,0.956,1.012,5.169,152.412,0,645.457,31.111,31.504,1305.359,31.834,30.049,1.546,1022.454,28.263,-36.769,-49.362,-70.574,-25.211,2.46,1.972,4.971,152.38,0.002,-1.537,-1.659,-1.704,-1.642,2.881,5,0,0
204,1,204,875.706,34.011,34.244,1670.032,43.301,33.008,1.519,1446.103,39.498,-41.738,-34.431,-53.842,-21.6,0.706,-2.043,9.72,138.476,-0.006,873.076,33.7,33.919,1593.737,42.079,33.001,1.536,1379.519,39.919,-37.7,-37.819,-48.283,-22.408,0.708,-2.337,10.592,134.101,-0.001,655.729,31.207,31.535,1146.325,35.983,30.011,1.481,912.167,31.399,-38.199,-33.659,-71.261,-22.623,1.105,1.138,5.611,157.665,0,656.159,31.138,31.546,1292.422,32.486,30.01,1.518,998.518,28.682,-36.527,-45.328,-69.625,-23.248,2.503,2.027,5.455,156.426,0,-1.495,-1.615,-1.668,-1.607,2.811,5,0,0
205,1,205,866.4,34.005,34.263,1689.344,43,32.981,1.524,1447.811,39.202,-44.32,-33.043,-54.028,-21.326,0.602,-2.18,9.276,136.799,0.001,863.759,33.688,33.886,1580.8,42.102,33.006,1.544,1366.103,40.346,-37.398,-37.626,-48.178,-21.952,0.669,-2.413,10.386,139.925,-0.001,642.871,31.341,31.652,1180.72,35.854,29.991,1.48,925.312,30.813,-40.606,-32.108,-72.047,-21.971,0.981,0.995,5.031,159.973,0.008,643.182,31.28,31.669,1321.609,32.625,30.009,1.518,1012.496,28.276,-32.616,-20.812,-70.21,-22.859,2.429,1.909,4.89,159.538,-0.002,-1.5,-1.622,-1.676,-1.616,2.564,5,0,0
206,1,206,887.21,34.043,34.266,1698.531,42.796,33.047,1.528,1471.29,39.169,-41.609,-35.059,-53.665,-20.109,0.488,-2.045,9.355,143.14,-0.001,884.808,33.733,33.941,1621.09,41.581,32.982,1.537,1391.227,39.423,-36.784,-38.074,-48.042,-20.61,0.463,-2.404,10.245,141.872,0.004,661.98,31.229,31.526,1166.929,35.255,30.028,1.487,925.937,31.06,-37.317,-33.542,-71.361,-20.305,1.031,1.094,4.972,174.497,0.002,662.529,31.148,31.521,1342.191,31.021,29.999,1.534,1040.995,27.439,-38.316,-39.792,-69.866,-21.46,2.446,1.97,4.536,173.335,-0.003,-1.495,-1.613,-1.678,-1.607,2.706,5,0,0
207,1,207,858.86,34.134,34.296,1704.927,42.938,32.981,1.526,1470.811,38.587,-36.5,-34.182,-53.596,-19.822,0.542,-2.118,8.092,156.316,-0.003,856.263,33.7,33.967,1618.09,41.909,32.997,1.542,1397.477,39.382,-38.697,-38.21,-48.017,-19.941,0.603,-2.373,9.258,154.985,0.005,636.837,31.288,31.582,1164.616,35.791,30.049,1.486,922.354,31.329,-38.053,-35.005,-71.861,-19.344,1.108,1.084,4.34,181.499,0.006,636.714,31.192,31.586,1322.963,31.975,30.008,1.524,1019.475,28.078,-34.998,-34.818,-69.795,-20.648,2.541,1.946,3.953,178.961,-0.003,-1.495,-1.621,-1.658,-1.603,2.833,5,0,0
208,1,208,843.868,33.918,34.115,1659.491,42.293,33.005,1.521,1460.894,39.066,-43.838,-34.169,-53.855,-20.103,0.433,-2.339,6.816,188.53,-0.003,841.097,33.592,33.81,1569.238,41.675,33.011,1.538,1392.873,39.636,-36.239,-36.583,-48.701,-20.14,0.422,-2.607,7.695,181.309,0.003,631.475,31.16,31.479,1173.449,34.679,29.997,1.487,935.312,30.525,-38.866,-31.652,-72.567,-19.517,0.969,0.868,2.67,226.253,0,631.785,31.124,31.526,1356.857,30.696,30.047,1.539,1060.286,27.242,-35.61,-44.051,-70.331,-20.857,2.435,1.838,2.337,224.893,-0.011,-1.545,-1.656,-1.692,-1.629,3.001,5,0,0
209,1,209,855.221,34.065,34.289,1724.176,42.393,33.041,1.542,1499.059,38.393,-34.454,-35.109,-53.583,-20.151,0.725,-2.196,8.429,151.194,-0.003,852.298,33.71,33.99,1638.402,41.602,33.038,1.556,1421.705,39.102,-38.944,-36.987,-49.539,-20.193,0.725,-2.488,9.495,150.146,0,637.541,31.188,31.474,1145.242,35.518,30.047,1.502,915.625,31.546,-38.514,-32.946,-71.298,-19.481,0.968,0.963,4.34,178.983,-0.004,637.993,31.069,31.452,1313.151,31.255,30.036,1.552,1029.35,27.989,-39.143,-42.996,-69.581,-20.802,2.384,1.834,4.037,173.02,-0.003,-1.522,-1.652,-1.683,-1.626,3.139,5,0,0
210,1,210,863.974,33.971,34.189,1643.95,43.425,33.005,1.526,1431.729,39.863,-40.915,-34.982,-53.814,-22.899,0.751,-2.108,9.8,132.845,0.003,861.268,33.639,33.86,1559.634,42.408,33.004,1.544,1358.686,40.534,-37.187,-38.087,-48.352,-23.896,0.772,-2.376,10.825,131.703,0.002,645.774,31.188,31.494,1150.659,35.509,29.997,1.496,914.188,31.232,-37.92,-32.664,-71.504,-24.271,1.087,1.055,5.5,149.997,0.004,646.074,31.137,31.528,1320.588,31.613,29.993,1.544,1022.892,27.89,-37.515,-42.653,-70.028,-24.706,2.497,1.938,5.232,149.238,-0.003,-1.501,-1.619,-1.676,-1.613,2.759,5,0,0
211,1,211,878.414,33.947,34.186,1657.074,43.057,32.984,1.524,1439.52,39.456,-39.866,-36.262,-52.049,-21.949,0.303,-2.224,9.272,143.203,-0.004,875.697,33.603,33.855,1585.237,41.683,32.998,1.549,1378.436,39.921,-36.832,-36.741,-47.555,-22.778,0.322,-2.495,10.425,141.509,0.003,646.857,31.265,31.556,1156.721,35.822,29.995,1.48,913.542,31.238,-38.34,-34.148,-71.009,-23.065,0.88,0.952,5.132,160.328,-0.002,647.179,31.171,31.525,1306.276,31.965,30.001,1.524,1009.726,28.304,-36.796,-39.185,-69.684,-23.721,2.351,1.861,4.894,159.091,0.006,-1.514,-1.622,-1.681,-1.618,2.699,5,0,0
