Header Section,,,,,,,,,,,,,,,,,,,,,,,,,,,,,,,,,,,,,,,,,,,,,,,,,,,,,,,,,,,,,,,,,,,,,,,,,,,,,,,,
Product,VC5276Q,,,,,,,,,,,,,,,,,,,,,,,,,,,,,,,,,,,,,,,,,,,,,,,,,,,,,,,,,,,,,,,,,,,,,,,,,,,,,,,
Test Plan,Rev(B),,,,,,,,,,,,,,,,,,,,,,,,,,,,,,,,,,,,,,,,,,,,,,,,,,,,,,,,,,,,,,,,,,,,,,,,,,,,,,,
Release Date,2013/4/22,,,,,,,,,,,,,,,,,,,,,,,,,,,,,,,,,,,,,,,,,,,,,,,,,,,,,,,,,,,,,,,,,,,,,,,,,,,,,,,
Comment,Qual Band,#301~#330 was generate in Acetec 2013/3/25,,,,,,,,,,,,,,,,,,,,,,,,,,,,,,,,,,,,,,,,,,,,,,,,,,,,,,,,,,,,,,,,,,,,,,,,,,,,,,
,,,,,,,,,,,,,,,,,,,,,,,,,,,,,,,,,,,,,,,,,,,,,,,,,,,,,,,,,,,,,,,,,,,,,,,,,,,,,,,,
Data Section,,,,,,,,,,,,,,,,,,,,,,,,,,,,,,,,,,,,,,,,,,,,,,,,,,,,,,,,,,,,,,,,,,,,,,,,,,,,,,,,
Device#,1,2,3,4,5,6,7,8,9,10,11,12,13,14,15,16,17,18,19,20,21,22,23,24,25,26,27,28,29,30,31,32,33,34,35,36,37,38,39,40,41,42,43,44,45,46,47,48,49,50,51,52,53,54,55,56,57,58,59,60,61,62,63,64,65,66,67,68,69,70,71,72,73,74,75,76,77,78,79,80
Test Item,Site No,Device ID,GSM824 Idle Current,GSM824 Max Pout @ 0dBm Drive,GSM824 Max Pout @ 3dBm Drive,GSM824 Max Icc,GSM824 Max PAE,GSM824 Rated Pout,GSM824 Rated Vramp,GSM824 Rated Icc,GSM824 Rated PAE,GSM824 2nd har@30dBm,GSM824 3rd har@30dBm,GSM824 Fwd Isolation 1,GSM824 Fwd Isolation 2,GSM824 Pout Leakage@RX0,GSM824 Pout Leakage@RX1,GSM824 CMOS Pout,GSM824 Pout Slope,GSM824 Stress Delta,GSM915 Idle Current,GSM915 Max Pout @ 0dBm Drive,GSM915 Max Pout @ 3dBm Drive,GSM915 Max Icc,GSM915 Max PAE,GSM915 Rated Pout,GSM915 Rated Vramp,GSM915 Rated Icc,GSM915 Rated PAE,GSM915 2nd har@30dBm,GSM915 3rd har@30dBm,GSM915 Fwd Isolation 1,GSM915 Fwd Isolation 2,GSM915 Pout Leakage@RX0,GSM915 Pout Leakage@RX1,GSM915 CMOS Pout,GSM915 Pout Slope,GSM915 Stress Delta,DCS1785 Idle Current,DCS1785 Max Pout @ 0dBm Drive,DCS1785 Max Pout @ 3dBm Drive,DCS1785 Max Icc,DCS1785 Max PAE,DCS1785 Rated Pout,DCS1785 Rated Vramp,DCS1785 Rated Icc,DCS1785 Rated PAE,DCS1785 2nd har@30dBm,DCS1785 3rd har@30dBm,DCS1785 Fwd Isolation 1,DCS1785 Fwd Isolation 2,DCS1785 Pout Leakage@RX0,DCS1785 Pout Leakage@RX1,DCS1785 CMOS Pout,DCS1785 Pout Slope,DCS1785 Stress Delta,DCS1910 Idle Current,DCS1910 Max Pout @ 0dBm Drive,DCS1910 Max Pout @ 3dBm Drive,DCS1910 Max Icc,DCS1910 Max PAE,DCS1910 Rated Pout,DCS1910 Rated Vramp,DCS1910 Rated Icc,DCS1910 Rated PAE,DCS1910 2nd har@30dBm,DCS1910 3rd har@30dBm,DCS1910 Fwd Isolation 1,DCS1910 Fwd Isolation 2,DCS1910 Pout Leakage@RX0,DCS1910 Pout Leakage@RX1,DCS1910 CMOS Pout,DCS1910 Pout Slope,DCS1910 Stress Delta,Insertion Loss RX0 869MHz,Insertion Loss RX0 960MHz,Insertion Loss RX1 1805MHz,Insertion Loss RX1 1990MHz,Leakage Current,Leakage Current Wait Time
Low Tolerance,,,60,0.3,0.3,60,0,0,0,60,0,2,2,3,2,3,3,1,0,0,60,0.3,0.3,60,0,0,0,60,0,2,2,3,2,3,3,1,0,0,60,0.3,0.3,60,0,0,0,60,0,3,3,3,2,3,3,1,0,0,60,0.3,0.3,60,0,0,0,60,0,3,3,3,2,3,3,1,0,0,0.3,0.3,0.3,0.3,5,0
High Tolerance,,,60,0.3,0.3,60,0,0,0,60,0,2,2,3,2,3,3,1,0,0,60,0.3,0.3,60,0,0,0,60,0,2,2,3,2,3,3,1,0,0,60,0.3,0.3,60,0,0,0,60,0,3,3,3,2,3,3,1,0,0,60,0.3,0.3,60,0,0,0,60,0,3,3,3,2,3,3,1,0,0,0.3,0.3,0.3,0.3,10,0
Enable,,,1,1,1,1,0,0,0,1,0,1,1,1,1,1,1,1,0,0,1,1,1,1,0,0,0,1,0,1,1,1,1,1,1,1,0,0,1,1,1,1,0,0,0,1,0,1,1,1,1,1,1,1,0,0,1,1,1,1,0,0,0,1,0,1,1,1,1,1,1,1,0,0,1,1,1,1,1,0
61,1,61,752.252,33.72,33.806,1815.479,37.031,32.968,1.556,1637.241,33.975,-32.536,-45.621,-59.254,-30.181,-4.1,-5.448,11.138,90.812,-0.039,806.228,34.087,34.18,1714.667,38.864,32.968,1.519,1528.172,35.293,-43.682,-46.39,-58.306,-26.342,-1.901,-4.283,12.537,89.839,-0.033,1063.075,31.226,31.191,1176.115,33.767,30.012,1.462,944.3,31.966,-46.644,-43.131,-61.167,-33.93,-6.057,-3.166,6.454,109.558,-0.022,1048.86,31.273,31.354,1299.729,31.778,30.01,1.481,1053.873,29.376,-52.713,-47.408,-63.264,-36.453,-4.349,-3.666,6.765,111.65,-0.028,-0.978,-0.937,-1.013,-1.046,0.505,35
62,1,62,733.917,33.763,33.862,1855.662,36.721,33.007,1.594,1674.673,33.53,-34.387,-46.657,-58.879,-29.698,-3.156,-5.488,10.867,89.648,-0.041,711.263,34.028,34.139,1705.033,38.705,32.959,1.538,1527.167,35.235,-44.816,-45.798,-57.82,-25.655,-1.013,-4.393,12.393,88.513,-0.032,1041.394,31.313,31.291,1180.398,34.418,29.938,1.462,927.253,32.038,-48.983,-45.082,-60.392,-33.299,-5.97,-3.271,6.015,115.286,-0.022,1028.811,31.35,31.446,1293.966,32.612,29.981,1.481,1032.433,29.836,-53.572,-49.294,-62.769,-36.19,-4.242,-3.747,6.441,116.406,-0.028,-0.962,-0.924,-1.007,-1.031,0.505,35
63,1,63,731.322,33.704,33.796,1822.917,36.797,32.944,1.575,1642.457,33.679,-33.76,-47.51,-58.888,-29.833,-3.944,-5.563,10.935,91.405,-0.039,866.088,34.004,34.115,1696.136,38.684,32.974,1.538,1525.711,35.394,-43.686,-45.755,-58.133,-25.943,-1.429,-4.378,12.358,90.424,-0.032,1041.021,31.097,31.072,1148.369,33.696,30.029,1.481,938.707,32.293,-46.307,-43.422,-60.142,-33.526,-5.983,-3.212,6.27,111.819,-0.022,1028.823,31.141,31.248,1282.246,31.466,29.985,1.5,1051.325,29.284,-53.738,-47.308,-62.952,-36.202,-4.33,-3.76,6.503,114.182,-0.028,-0.987,-0.941,-1.02,-1.05,0.505,35
64,1,64,762.218,34.094,34.142,1817.266,39.976,33.088,1.538,1587.512,36.002,-40.517,-49.069,-59.064,-29.134,-1.553,-5.184,11.078,90.051,-0.034,790.445,34.017,34.054,1589.078,40.586,32.922,1.5,1421.269,37.418,-40.631,-46.226,-58.013,-25.051,0.176,-4.176,12.599,88.538,-0.028,1066.41,31.091,31.059,1151.186,33.51,29.909,1.462,920.17,32.085,-48.372,-39.886,-60,-33.243,-5.862,-3.118,6.283,113.821,-0.022,1052.111,31.185,31.271,1296.682,31.252,30.02,1.5,1060.355,29.249,-55.192,-45.951,-62.666,-36.094,-4.08,-3.505,6.594,114.525,-0.028,-0.974,-0.934,-1.009,-1.043,0.505,35
65,1,65,755.182,33.919,33.975,1805.491,38.715,33.057,1.556,1605.418,35.351,-37.871,-47.493,-58.504,-28.197,-3.309,-5.215,11.124,87.098,-0.035,732.751,34.009,34.077,1635.427,39.702,33.086,1.538,1494.178,37.05,-42.342,-46.009,-57.792,-24.019,-0.871,-4.04,12.652,86.042,-0.03,1067.545,31.238,31.205,1191.949,33.402,29.925,1.462,937.493,31.571,-53.294,-42.866,-60.774,-32.524,-5.881,-3.09,6.232,111.031,-0.022,1056.658,31.302,31.391,1322.43,31.47,30.066,1.5,1072.385,29.203,-55.624,-46.192,-63.055,-35.363,-4.067,-3.449,6.61,111.716,-0.029,-0.975,-0.931,-1.003,-1.035,0.505,35
66,1,66,764.959,33.911,33.978,1813.246,38.575,33.025,1.556,1606.155,35.079,-35.114,-47.079,-59.216,-29.598,-4.198,-5.436,11.159,90.875,-0.036,1129.432,34.007,34.075,1649.17,39.372,33.021,1.538,1494.433,36.489,-42.195,-44.734,-58.442,-26.401,-1.694,-4.281,12.522,89.615,-0.031,1075.881,31.078,31.046,1172.755,32.754,30.07,1.496,961.838,31.776,-47.176,-38.751,-60.839,-33.744,-5.996,-3.157,6.088,113.608,-0.022,1070.299,31.142,31.235,1324.162,30.315,30.01,1.519,1085.859,28.44,-53.111,-45.03,-63.216,-36.673,-4.361,-3.743,6.271,115.788,-0.028,-0.953,-0.911,-0.992,-1.025,0.505,35
67,1,67,753.667,34.037,34.088,1810.142,39.633,33.018,1.538,1580.676,35.579,-38.597,-46.285,-59.585,-29.234,-3.138,-5.194,11.368,87.967,-0.035,774.267,34.046,34.09,1604.061,40.559,32.936,1.504,1433.166,37.239,-43.096,-45.672,-58.414,-25.536,-1.198,-4.102,12.828,86.627,-0.029,1060.671,31.315,31.285,1169.275,34.716,30.03,1.462,930.687,32.594,-49.578,-44.028,-60.941,-33.404,-5.732,-2.984,6.54,107.794,-0.022,1046.489,31.347,31.424,1270.076,33.096,29.961,1.462,1011.276,30.373,-53.867,-47.622,-62.944,-36.131,-4.129,-3.561,6.936,109.353,-0.027,-0.951,-0.915,-0.993,-1.028,0.505,35
68,1,68,728.877,33.853,33.933,1834.69,37.74,33.008,1.556,1639.79,34.24,-37.011,-47.298,-58.967,-29.653,-3.887,-5.375,11.299,87.402,-0.039,702.182,34.019,34.094,1661.253,39.267,33.028,1.519,1506.512,36.271,-44.462,-45.93,-57.992,-25.389,-1.566,-4.188,12.78,86.481,-0.03,1031.986,31.226,31.192,1165.825,34.091,30.049,1.462,943.274,32.278,-47.799,-41.642,-60.252,-33.281,-5.869,-3.057,6.867,105.052,-0.022,1013.217,31.266,31.355,1286.437,32.132,29.91,1.462,1031.769,29.373,-52.906,-47.709,-62.898,-36.112,-4.322,-3.695,7.14,107.165,-0.027,-0.933,-0.894,-0.971,-0.996,0.505,35
69,1,69,762.307,33.869,33.935,1810.916,38.245,32.909,1.538,1591.096,34.469,-35.736,-46.059,-59.19,-29.977,-3.975,-5.383,11.285,89.249,-0.037,752.576,34.094,34.167,1672.511,39.679,32.999,1.519,1495.442,36.281,-43.668,-46.319,-58.145,-26.442,-1.655,-4.139,12.68,88.191,-0.031,1075.16,31.333,31.301,1190.064,34.202,30.006,1.462,939.471,32.093,-49.264,-46.363,-60.926,-33.66,-5.969,-3.059,6.21,111.163,-0.022,1064.256,31.384,31.461,1295.477,32.682,29.941,1.462,1021.586,29.9,-52.398,-47.331,-63.173,-36.346,-4.291,-3.618,6.65,112.823,-0.028,-0.936,-0.905,-0.985,-1.008,0.505,35
70,1,70,763.948,34.014,34.074,1803.361,39.65,33.047,1.538,1582.259,35.782,-40.971,-47.563,-59.247,-28.309,-2.399,-5.289,11.124,87.534,-0.036,741.034,34.055,34.093,1604.522,40.574,32.932,1.5,1429.533,37.291,-41.48,-46.705,-58.068,-23.79,-0.554,-4.224,12.71,86.017,-0.029,1071.023,31.234,31.194,1181.699,33.624,29.937,1.462,932.966,31.823,-49.799,-44.018,-60.27,-32.354,-5.923,-3.163,5.88,116.227,-0.022,1058.228,31.296,31.372,1312.62,31.579,30.074,1.5,1067.146,29.411,-53.751,-46.749,-62.749,-35.277,-4.081,-3.517,6.316,115.606,-0.028,-0.95,-0.911,-0.989,-1.008,0.505,35
71,1,71,735.691,33.789,33.874,1823.636,37.45,33.019,1.575,1643.579,34.249,-35.694,-44.788,-59.342,-29.079,-3.056,-5.273,11.27,84.691,-0.04,753.268,34.095,34.186,1695.004,39.347,33.051,1.538,1527.097,35.997,-43.793,-46.146,-58.203,-24.975,-1.034,-4.081,12.748,84.118,-0.033,1044.614,31.093,31.064,1139.454,33.911,29.933,1.462,917.019,32.373,-46.838,-39.767,-60.816,-32.788,-5.959,-3.127,6.604,105.483,-0.022,1032.854,31.143,31.228,1271.926,31.584,30.048,1.5,1051.42,29.708,-52.401,-44.535,-62.966,-35.794,-4.117,-3.492,6.852,107.428,-0.028,-0.945,-0.909,-0.99,-1.011,0.505,35
72,1,72,740.531,33.784,33.872,1833.517,37.234,33.053,1.575,1659.301,34.194,-36.224,-46.311,-59.447,-29.466,-3.874,-5.31,10.9,88.738,-0.039,716.906,34.028,34.106,1678.992,38.975,33.066,1.538,1529.013,36.078,-44.525,-45.763,-58.348,-25.338,-1.566,-4.126,12.479,87.583,-0.031,1057.478,31.274,31.233,1174.934,34.127,29.993,1.462,936.512,32.105,-48.587,-44.3,-60.695,-33.137,-5.97,-3.126,6.215,112.767,-0.022,1041.464,31.28,31.352,1272.129,32.498,29.909,1.462,1014.623,29.903,-52.747,-49.637,-62.967,-35.875,-4.341,-3.709,6.696,113.034,-0.028,-0.96,-0.922,-1.005,-1.036,0.505,35
73,1,73,761.187,33.726,33.831,1869.021,36.201,32.946,1.575,1679.991,32.96,-35.103,-45.929,-57.94,-29.09,-3.688,-5.372,11.24,86.313,-0.042,1129.767,34.028,34.144,1724.803,38.322,33.028,1.538,1557.268,35.144,-43.788,-47.051,-57.549,-25.073,-1.311,-4.172,12.824,85.478,-0.033,1070.706,31.361,31.333,1183.431,34.661,30.095,1.462,944.341,32.579,-46.88,-47.589,-60.035,-32.652,-5.661,-2.996,6.426,110.399,-0.022,1058.605,31.375,31.45,1274.242,33.176,30.037,1.462,1018.502,30.673,-53.724,-47.477,-62.287,-35.275,-4.055,-3.57,6.981,111.015,-0.028,-0.949,-0.912,-0.991,-1.019,0.505,35
74,1,74,755.32,33.954,34.015,1812.971,38.915,32.919,1.538,1578.652,34.816,-37.546,-46.616,-59.373,-29.193,-3.269,-5.279,11.171,89.512,-0.035,1121.664,34.016,34.065,1624.788,39.835,32.973,1.519,1462.898,36.834,-42.43,-45.112,-58.48,-25.306,-1.264,-4.073,12.637,88.081,-0.029,1059.289,31.183,31.151,1159.813,33.955,29.955,1.462,924.772,32.253,-47.257,-39.69,-60.731,-33.262,-5.831,-3.053,6.254,112.2,-0.022,1044.024,31.222,31.301,1277.841,31.966,29.971,1.481,1032.29,29.774,-53.488,-48.18,-63.035,-36.24,-4.134,-3.541,6.66,113.136,-0.027,-0.967,-0.933,-1.016,-1.055,0.505,35
75,1,75,746.983,33.908,33.98,1819.692,38.462,32.983,1.538,1605.001,34.764,-37.165,-47.029,-58.996,-29.776,-3.823,-5.426,11.2,89.374,-0.037,723.724,34.048,34.115,1661.678,39.442,33.019,1.519,1499.988,36.343,-42.441,-45.031,-58.27,-25.768,-1.565,-4.224,12.598,88.207,-0.031,1067.487,31.15,31.114,1186.56,32.865,29.904,1.462,944.986,31.154,-49.978,-40.765,-60.825,-33.781,-6.111,-3.278,6.207,112.131,-0.022,1053.564,31.214,31.308,1330.829,30.668,29.995,1.5,1085.887,28.347,-53.91,-47.718,-63.252,-36.587,-4.336,-3.675,6.462,113.57,-0.029,-0.979,-0.937,-1.021,-1.049,0.505,35
76,1,76,708.277,33.775,33.86,1801.539,37.784,33.088,1.575,1639.814,34.874,-34.425,-46.079,-59.364,-29.622,-4.518,-5.274,10.739,88.942,-0.039,686.157,34.039,34.139,1676.596,39.328,33.048,1.538,1519.978,36.133,-44.841,-45.48,-58.198,-25.848,-2.051,-4.155,12.214,87.915,-0.032,1000.047,31.096,31.063,1139.681,33.9,30.055,1.481,940.067,32.441,-48.875,-40.507,-60.741,-33.478,-5.927,-3.072,6.024,112.665,-0.022,988.997,31.149,31.239,1272.933,31.642,30.014,1.5,1050.102,29.514,-53.651,-47.264,-63.121,-36.375,-4.255,-3.602,6.345,114.216,-0.028,-0.979,-0.941,-1.025,-1.055,0.505,35
77,1,77,736.738,33.626,33.73,1835.811,35.994,33.011,1.598,1684.756,33.361,-32.237,-45.406,-59.432,-29.55,-3.702,-5.396,10.878,87.616,-0.042,1098.272,34.041,34.166,1733.408,38.339,32.942,1.538,1546.345,34.69,-45.332,-45.823,-58.529,-25.63,-1.674,-4.307,12.409,87.013,-0.034,1024.87,31.126,31.099,1151.098,33.815,29.928,1.462,923.908,32.082,-46.703,-39.227,-60.602,-33.054,-6.03,-3.258,6.548,108.341,-0.022,1017.348,31.134,31.23,1274.91,31.52,30.036,1.5,1054.741,29.527,-53.498,-48.069,-63.074,-36.012,-4.21,-3.644,6.858,109.739,-0.029,-0.974,-0.943,-1.023,-1.06,0.505,35
78,1,78,727.13,33.841,33.916,1814.366,38,33.06,1.571,1632.043,34.809,-38.172,-46.675,-59.737,-27.688,-3.208,-5.212,10.902,85.854,-0.038,817.39,34.022,34.087,1645.104,39.567,33.089,1.538,1503.761,36.851,-41.89,-45.712,-58.624,-22.883,-1.192,-4.011,12.517,84.77,-0.03,1005.107,31.184,31.152,1164.555,33.817,29.938,1.462,929.19,31.964,-48.174,-39.749,-60.517,-31.799,-5.897,-3.115,6.553,107.609,-0.022,997.237,31.234,31.335,1302.004,31.582,30.046,1.5,1065.494,29.274,-52.552,-46.435,-62.851,-34.768,-4.11,-3.495,6.859,108.465,-0.029,-0.991,-0.945,-1.023,-1.065,0.505,35
79,1,79,729.921,33.769,33.872,1833.109,37.245,32.974,1.56,1644.781,33.874,-34.429,-45.972,-59.147,-29.406,-2.308,-5.355,11.017,87.972,-0.042,709.211,34.024,34.125,1684.271,39.033,32.966,1.519,1512.557,35.619,-43.229,-46.476,-58.025,-25.436,-0.307,-4.212,12.561,87.172,-0.033,1026.488,31.36,31.339,1211.973,33.848,30.004,1.462,959.134,31.387,-48.167,-43.072,-60.347,-33.133,-5.784,-3.042,6.536,107.945,-0.023,1022.713,31.438,31.558,1342.762,32.182,30.016,1.481,1070.071,28.936,-53.571,-46.456,-62.841,-36.014,-4.127,-3.538,6.863,109.857,-0.03,-0.971,-0.929,-1,-1.032,0.505,35
80,1,80,733.793,33.967,34.031,1802.701,39.275,33.087,1.538,1601.676,35.68,-38.749,-45.97,-59.392,-29.713,-2.285,-5.081,11.163,90.114,-0.037,737.799,34.03,34.084,1618.489,40.158,32.965,1.5,1454.883,36.956,-42.245,-44.839,-58.241,-25.777,-0.588,-4.027,12.621,88.868,-0.03,1027.417,31.352,31.326,1196.92,34.189,30.025,1.462,952.285,31.779,-49.692,-40.408,-61.075,-33.659,-5.679,-2.924,6.245,112.012,-0.023,1012.321,31.425,31.53,1313.027,32.737,29.931,1.462,1036.443,29.37,-53.242,-47.382,-63.175,-36.345,-4.124,-3.523,6.66,113.779,-0.029,-0.958,-0.922,-0.986,-1.027,0.505,35
