Header Section,,,,,,,,,,,,,,,,,,,,,,,,,,,,,,,,,,,,,,,,,,,,,,,,,,,,,,,,,,,,,,,,,,,,,,
Product,VC5232T,,,,,,,,,,,,,,,,,,,,,,,,,,,,,,,,,,,,,,,,,,,,,,,,,,,,,,,,,,,,,,,,,,,,,
Test Plan,Rev(-),,,,,,,,,,,,,,,,,,,,,,,,,,,,,,,,,,,,,,,,,,,,,,,,,,,,,,,,,,,,,,,,,,,,,
Release Date,2012/8/6,,,,,,,,,,,,,,,,,,,,,,,,,,,,,,,,,,,,,,,,,,,,,,,,,,,,,,,,,,,,,,,,,,,,,
Comment,Triple Band,,,,,,,,,,,,,,,,,,,,,,,,,,,,,,,,,,,,,,,,,,,,,,,,,,,,,,,,,,,,,,,,,,,,,
,,,,,,,,,,,,,,,,,,,,,,,,,,,,,,,,,,,,,,,,,,,,,,,,,,,,,,,,,,,,,,,,,,,,,,
Data Section,,,,,,,,,,,,,,,,,,,,,,,,,,,,,,,,,,,,,,,,,,,,,,,,,,,,,,,,,,,,,,,,,,,,,,
Device#,1,2,3,4,5,6,7,8,9,10,11,12,13,14,15,16,17,18,19,20,21,22,23,24,25,26,27,28,29,30,31,32,33,34,35,36,37,38,39,40,41,42,43,44,45,46,47,48,49,50,51,52,53,54,55,56,57,58,59,60,61,62,63,64,65,66,67,68,69,70
Test Item,Site No,Device ID,GSM915 Idle Current,GSM915 Max Pout @ 0dBm Drive,GSM915 Max Pout,GSM915 Max Icc,GSM915 Max PAE,GSM915 Rated Pout,GSM915 Rated Vramp,GSM915 Rated Icc,GSM915 Rated PAE,GSM915 2nd har@33dBm,GSM915 3rd har@33dBm,GSM915 Fwd Isolation 1,GSM915 Fwd Isolation 2,GSM915 Pout Leakage@RX1,GSM915 Pout Leakage@RX2,GSM915 Pout Leakage@RX3,GSM915 Pout Leakage@RX4,GSM915 CMOS Pout,GSM915 Pout Slope,GSM915 Stress Delta,DCS1785 Idle Current,DCS1785 Max Pout @ 0dBm Drive,DCS1785 Max Pout,DCS1785 Max Icc,DCS1785 Max PAE,DCS1785 Rated Pout,DCS1785 Rated Vramp,DCS1785 Rated Icc,DCS1785 Rated PAE,DCS1785 2nd har@33dBm,DCS1785 3rd har@33dBm,DCS1785 Fwd Isolation 1,DCS1785 Fwd Isolation 2,DCS1785 Pout Leakage@RX1,DCS1785 Pout Leakage@RX2,DCS1785 Pout Leakage@RX3,DCS1785 Pout Leakage@RX4,DCS1785 CMOS Pout,DCS1785 Pout Slope,DCS1785 Stress Delta,DCS1910 Idle Current,DCS1910 Max Pout @ 0dBm Drive,DCS1910 Max Pout,DCS1910 Max Icc,DCS1910 Max PAE,DCS1910 Rated Pout,DCS1910 Rated Vramp,DCS1910 Rated Icc,DCS1910 Rated PAE,DCS1910 2nd har@33dBm,DCS1910 3rd har@33dBm,DCS1910 Fwd Isolation 1,DCS1910 Fwd Isolation 2,DCS1910 Pout Leakage@RX1,DCS1910 Pout Leakage@RX2,DCS1910 Pout Leakage@RX3,DCS1910 Pout Leakage@RX4,DCS1910 CMOS Pout,DCS1910 Pout Slope,DCS1910 Stress Delta,Insertion Loss Rx1 960MH,Insertion Loss Rx2 1990MHz,Insertion Loss TRx1 2170MHz,Insertion Loss TRx2 2170MHz,Leakage Current,Leakage Current Delay Time,Test Time,Index Time
Low Tolerance,,,60,0.3,0.3,60,,,,60,,2,2,3,2,3,3,3,3,1,,,60,0.3,0.3,60,,,,60,,3,3,3,2,3,3,3,3,1,,,60,0.3,0.3,60,,,,60,,3,3,3,2,3,3,3,3,1,,,0.3,0.3,0.3,0.3,5,,,
High Tolerance,,,60,0.3,0.3,60,,,,60,,2,2,3,2,3,3,3,3,1,,,60,0.3,0.3,60,,,,60,,3,3,3,2,3,3,3,3,1,,,60,0.3,0.3,60,,,,60,,3,3,3,2,3,3,3,3,1,,,0.3,0.3,0.3,0.3,5,,,
Enable,,,1,1,1,0,0,0,0,1,0,1,1,1,1,1,1,1,1,1,0,0,1,1,1,0,0,0,0,1,0,1,1,1,1,1,1,1,1,1,0,0,1,1,1,0,0,0,0,1,0,1,1,1,1,1,1,1,1,1,0,0,1,1,1,1,1,0,0,0
1,1,1,908.725,33.803,33.847,1821.328,38.044,33.04,1.506,1507.861,38.156,-40.331,-35.211,-53.754,-29.082,0.989,-4.762,-22.133,-7.055,11.225,123.806,0.012,1032.839,31.468,31.643,1213.642,34.367,30.036,1.458,925.021,31.148,-35.825,-34.168,-63.023,-29.728,-0.878,-2.087,-3.505,-0.681,5.467,153.279,-0.038,1038.402,31.291,31.64,1359.833,30.652,30.003,1.508,1047.659,27.291,-33.176,-33.236,-59.942,-29.637,1.129,-0.964,-2.169,1.392,5.204,173.316,-0.072,-1.964,-1.924,-1.201,-1.344,0.022,15,731.264,92967
2,1,2,880.491,33.798,33.92,1844.728,38.198,33.04,1.521,1536.799,37.436,-40.816,-36.875,-50.885,-29.433,0.752,-4.763,-22,-7.029,11.416,123.126,0.019,1006.101,31.645,31.819,1250.991,34.716,30,1.464,938.439,30.444,-34.163,-33.291,-63.18,-30.107,-0.739,-1.835,-3.348,-0.469,5.402,155.274,-0.043,1014.027,31.5,31.85,1407.858,31.075,29.954,1.494,1054.737,26.802,-35.665,-32.785,-60.005,-30.039,1.246,-0.686,-2.055,1.536,5.202,155.177,-0.077,-1.933,-1.884,-1.206,-1.342,0.007,15,721.23,29852
3,1,3,891.026,33.722,33.771,1788.802,38.061,33.024,1.518,1491.95,38.423,-39.922,-35.444,-52.653,-29.219,0.8,-4.871,-22.136,-7.22,11.09,129.768,0.021,1016.061,31.43,31.596,1194.805,34.535,30.021,1.464,907.192,31.649,-36.255,-32.524,-63.135,-30.272,-0.994,-2.137,-3.524,-0.776,5.151,173.345,-0.02,1022.199,31.248,31.592,1330.7,30.978,30.002,1.513,1019.686,28.034,-33.397,-32.643,-59.83,-30.203,1.031,-0.949,-2.156,1.318,5.197,156.543,-0.063,-1.951,-1.892,-1.193,-1.325,0.083,15,739.569,41024
4,1,4,890.246,33.853,33.877,1860.736,37.489,33.047,1.526,1533.287,37.588,-40.692,-36.466,-54.266,-29.374,0.994,-4.705,-21.929,-6.843,10.82,129.03,0.008,1001.549,31.391,31.567,1189.971,34.442,29.984,1.473,914.421,31.128,-34.655,-31.473,-63.233,-29.486,-0.71,-1.898,-3.352,-0.453,5.18,155.418,-0.031,1008.976,31.219,31.581,1336.249,30.774,30.029,1.515,1034.892,27.795,-32.912,-31.085,-59.935,-29.727,1.338,-0.672,-1.996,1.609,5.014,154.423,-0.068,-1.927,-1.885,-1.202,-1.34,0.113,15,718.77,17990
5,1,5,918.155,33.834,33.889,1835.732,38.111,33.031,1.517,1505.736,38.127,-40.779,-36.858,-52.743,-29.516,1.061,-4.67,-22.11,-6.968,11.507,120.493,0.008,1001.603,31.439,31.609,1221.359,33.887,30.008,1.474,931.297,30.733,-34.093,-31.325,-63.271,-30.512,-0.921,-2.069,-3.486,-0.546,5.196,151.69,-0.03,999.005,31.263,31.625,1381.304,30.069,30.04,1.519,1076.76,26.783,-34.245,-30.944,-59.826,-30.533,1.187,-0.768,-2.076,1.564,5.038,155.578,-0.071,-1.939,-1.878,-1.204,-1.339,0.098,15,731.996,21210
6,1,6,904.813,33.771,33.887,1839.265,38.015,33.042,1.535,1532.247,37.567,-40.723,-35.212,-51.85,-29.63,0.93,-4.687,-22.299,-7.078,11.165,125.356,0.005,1030.13,31.48,31.658,1192.757,35.093,29.992,1.463,897.492,31.775,-37.464,-38.537,-63.088,-29.879,-1.113,-2.165,-3.681,-0.756,5.412,154.203,-0.038,1027.64,31.289,31.622,1310.313,31.679,30.043,1.52,1008.988,28.598,-33.589,-34.443,-59.683,-29.622,0.965,-0.913,-2.229,1.393,5.328,149.92,-0.067,-1.939,-1.888,-1.192,-1.325,0.014,15,729.106,21911
7,1,7,913.169,33.859,33.9,1858.915,37.727,33.045,1.513,1540.04,37.405,-39.077,-36.158,-52.143,-28.902,0.88,-4.712,-22.105,-7.087,10.934,125.951,0.007,1043.482,31.615,31.783,1246.168,34.569,30.044,1.466,940.856,30.678,-36.211,-33.642,-63.112,-28.911,-0.85,-1.908,-3.404,-0.562,5.164,154.662,-0.033,1049.414,31.495,31.838,1400.77,31.142,30.02,1.516,1065.879,26.932,-34.874,-33.805,-59.892,-29.175,1.212,-0.686,-2.025,1.525,4.927,154.011,-0.08,-1.915,-1.867,-1.197,-1.328,0.021,15,737.293,23047
8,1,8,887.168,33.763,33.876,1855.317,37.596,33.049,1.532,1557.229,37.02,-41.688,-37.189,-51.67,-29.665,0.924,-4.593,-22.055,-7.025,10.742,132.225,0.022,1020.722,31.429,31.6,1198.024,34.475,29.988,1.465,902.879,31.556,-36.11,-33.677,-62.958,-30.141,-0.898,-1.964,-3.448,-0.55,4.568,162.99,-0.037,1016.942,31.273,31.615,1334.602,31.049,29.96,1.516,1017.789,27.813,-33.875,-32.506,-59.762,-30.191,1.152,-0.709,-2.082,1.505,4.502,175.825,-0.078,-1.935,-1.877,-1.205,-1.335,-0.033,15,726.018,21586
9,1,9,918.306,33.781,33.801,1821.231,37.641,33.031,1.501,1504.284,38.169,-40.872,-37.098,-54.374,-29.332,0.945,-4.634,-22.009,-6.879,11.52,122.131,0.004,1040.209,31.539,31.701,1223.754,34.538,30.029,1.448,926.896,31.033,-33.795,-31.63,-62.966,-30.389,-0.906,-1.994,-3.384,-0.483,5.715,149.54,-0.026,1045.317,31.412,31.748,1376.796,31.034,30.004,1.493,1047.551,27.3,-33.569,-30.69,-59.822,-30.253,1.071,-0.885,-2.076,1.548,5.629,150.838,-0.073,-1.936,-1.88,-1.194,-1.333,0.193,15,732.19,25933
10,1,10,887.937,33.791,33.818,1812.538,37.967,33.04,1.52,1493.771,38.514,-40.8,-35.645,-54.357,-29.313,1.063,-4.598,-22.265,-7.082,11.229,125.422,0.011,1019.725,31.457,31.63,1209.805,34.376,30.045,1.473,919.808,31.384,-33.982,-32.217,-63.015,-30.65,-0.931,-2.071,-3.62,-0.764,5.179,155.885,-0.034,1017.343,31.275,31.638,1355.075,30.748,30.012,1.515,1036.908,27.632,-33.462,-32.246,-59.868,-30.499,1.069,-0.98,-2.319,1.285,4.885,155.542,-0.072,-1.952,-1.899,-1.182,-1.313,0.016,15,721.257,22708
11,1,11,908.693,33.874,33.925,1903.992,37.048,33.036,1.547,1574.809,36.503,-41.224,-35.115,-52.171,-28.612,0.837,-4.698,-22.209,-7.006,10.707,127.023,-0.001,1019.562,31.504,31.68,1230.496,34.19,30.01,1.487,930.57,30.775,-37.881,-32.254,-63.328,-28.535,-0.814,-2.017,-3.529,-0.599,5.096,156.337,-0.044,1025.765,31.327,31.693,1385.293,30.46,30.048,1.534,1062.79,27.18,-35.616,-33.854,-59.728,-28.493,1.315,-0.691,-2.131,1.514,4.882,154.833,-0.091,-1.927,-1.878,-1.182,-1.319,0.023,15,719.932,79976
12,1,12,902.19,33.789,33.86,1810.24,38.391,33.009,1.521,1491.213,38.305,-39.64,-36.415,-51.423,-29.375,0.724,-4.879,-22.036,-6.894,11.166,125.516,0.013,1023.497,31.519,31.687,1225.64,34.375,30.041,1.474,924.772,31.186,-35.146,-33.424,-63.19,-30.168,-0.978,-2.088,-3.47,-0.528,5.274,148.578,-0.034,1030.631,31.355,31.709,1380.361,30.677,29.968,1.51,1047.096,27.088,-34.009,-33.956,-60.002,-30.249,1.014,-0.941,-2.178,1.491,5.105,151.113,-0.08,-1.916,-1.872,-1.181,-1.324,0.091,15,760.658,19627
13,1,13,921.179,33.808,33.87,1824.948,38.165,33.014,1.518,1505.249,37.991,-40.746,-36.58,-52.997,-29.273,0.915,-4.709,-21.994,-6.965,11.063,124.465,0.01,1035.484,31.467,31.636,1223.191,34.046,29.978,1.467,919.559,30.912,-34.799,-31.66,-62.809,-29.926,-0.786,-1.977,-3.456,-0.55,4.642,157.818,-0.037,1040.461,31.305,31.655,1375.332,30.409,30.028,1.517,1053.154,27.305,-32.603,-30.824,-59.652,-29.95,1.28,-0.723,-2.036,1.576,4.548,158.944,-0.076,-1.921,-1.873,-1.187,-1.327,0.097,15,731.775,17904
14,1,14,914.21,33.784,33.839,1831.895,37.753,32.957,1.532,1522.221,37.082,-39.574,-35.487,-51.922,-29.416,0.915,-4.745,-22.186,-7.154,10.726,128.9,0.014,1033.013,31.497,31.676,1201.026,34.989,30.01,1.474,902.944,31.716,-36.493,-36.091,-63.043,-29.963,-1.024,-2.128,-3.46,-0.747,4.618,160.813,-0.035,1038.5,31.34,31.665,1328.457,31.559,29.969,1.52,1005.368,28.216,-33.882,-36.402,-59.949,-29.812,0.984,-0.955,-2.119,1.328,4.528,158.756,-0.056,-1.937,-1.884,-1.192,-1.327,0.018,15,734.717,26595
15,1,15,884.859,33.805,33.868,1827.463,38.099,33.025,1.537,1517.572,37.783,-39.89,-36.569,-51.413,-29.448,0.903,-4.754,-22.036,-7.023,11.43,121.537,0.012,981.758,31.323,31.499,1197.298,33.703,30.017,1.483,921.52,31.126,-34.45,-31.583,-63.103,-30.246,-1.04,-2.125,-3.406,-0.55,5.476,175.007,-0.032,988.448,31.155,31.523,1356.419,29.91,30.047,1.536,1066.301,27.086,-33.442,-32.565,-59.987,-30.323,1.096,-0.776,-1.996,1.6,5.132,152.089,-0.071,-1.917,-1.867,-1.202,-1.335,0.007,15,736.42,18407
16,1,16,918.556,33.887,33.962,1867.228,38.103,33.049,1.515,1535.921,37.534,-41.121,-35.689,-52.101,-29.147,1.01,-4.725,-22.189,-7.006,11.266,125.151,0.01,1050.018,31.58,31.751,1233.097,34.678,30.018,1.456,922.615,31.093,-34.94,-34.415,-63.153,-29.449,-1.095,-2.149,-3.551,-0.63,5.356,154.567,-0.037,1054.508,31.459,31.799,1385.38,31.211,30.038,1.499,1049.144,27.471,-34.412,-33.979,-59.898,-29.216,1.012,-0.894,-2.157,1.483,5.175,157.105,-0.078,-1.941,-1.877,-1.185,-1.313,0.103,15,744.266,19551
17,1,17,883.602,33.851,33.903,1856.282,37.806,33.003,1.535,1523.555,37.441,-41.536,-35.024,-53.909,-29.586,0.865,-4.863,-22.204,-7.185,10.553,129.828,0.007,964.471,31.359,31.535,1201.709,33.852,29.993,1.485,919.916,31.01,-34.593,-31.31,-63.256,-30.48,-0.927,-2.084,-3.615,-0.78,4.504,154.921,-0.037,970.576,31.143,31.52,1351.51,30.001,30.003,1.529,1051.821,27.181,-34.401,-33.136,-59.835,-30.571,1.122,-0.864,-2.231,1.317,4.465,178.11,-0.077,-1.94,-1.894,-1.187,-1.321,0.098,15,731.619,20931
18,1,18,915.467,33.826,33.924,1857.355,37.969,33.043,1.537,1537.233,37.457,-39.355,-35.66,-51.162,-29.798,0.755,-4.994,-22.164,-7.189,10.965,122.871,0.012,1043.721,31.661,31.828,1258.34,34.59,29.986,1.471,932.955,30.524,-37.582,-36.112,-63.149,-30.362,-1.006,-2.061,-3.478,-0.709,4.949,152.831,-0.034,1048.926,31.527,31.87,1412.139,31.124,29.976,1.516,1057.262,26.874,-36.4,-36.103,-60.132,-30.367,1.087,-0.826,-2.106,1.386,4.798,155.052,-0.077,-1.935,-1.874,-1.186,-1.326,0.184,15,731.144,15846
19,1,19,914.155,33.92,33.981,1862.871,38.354,32.979,1.521,1525.408,37.192,-40.897,-35.643,-52.772,-29.576,0.698,-4.818,-22.07,-7.003,11.113,123.294,0.012,1035.224,31.587,31.752,1226.193,34.883,30.03,1.464,919.862,31.273,-37.446,-36.382,-63.066,-30.226,-1.019,-2.123,-3.405,-0.551,5.644,149.507,-0.029,1040.743,31.442,31.773,1367.236,31.436,29.985,1.503,1029.44,27.658,-34.964,-35.959,-59.904,-30.125,0.991,-0.94,-2.082,1.483,5.565,150.885,-0.076,-1.928,-1.879,-1.194,-1.327,0.098,15,716.898,22736
20,1,20,902.32,33.832,33.862,1849.768,37.583,32.99,1.532,1528.486,37.208,-39.699,-36.82,-52.936,-29.525,0.697,-4.872,-22.135,-6.95,11.314,123.788,0.012,1015.877,31.508,31.677,1227.851,34.237,30.023,1.479,929.508,30.9,-35.45,-32.521,-63.278,-30.37,-0.908,-2.019,-3.487,-0.539,5.171,151.327,-0.032,1021.917,31.353,31.707,1383.851,30.586,29.977,1.519,1058.595,26.848,-34.548,-32.793,-59.874,-30.506,1.156,-0.788,-2.147,1.529,5.032,152.221,-0.078,-1.923,-1.878,-1.188,-1.322,0.094,15,730.532,19843
21,1,21,895.698,33.82,33.935,1865.364,37.907,33.016,1.53,1547.269,36.979,-41.201,-35.991,-51.791,-29.722,0.945,-4.673,-22.176,-6.89,10.773,128.712,0.004,1010.404,31.575,31.746,1220.514,34.991,29.964,1.465,920.599,30.777,-37.107,-36.569,-63.077,-30.3,-0.889,-1.986,-3.491,-0.563,4.822,156.017,-0.033,1016.855,31.412,31.754,1356.127,31.55,30.009,1.503,1032.529,27.731,-35.191,-34.134,-59.807,-30.304,1.163,-0.766,-2.12,1.539,4.705,157.583,-0.076,-1.92,-1.87,-1.194,-1.32,0.016,15,719.547,228782
22,1,22,863.952,33.735,33.854,1814.652,38.245,33.027,1.549,1521.69,37.693,-39.937,-35.696,-51.185,-28.96,0.75,-4.931,-22.153,-7.13,10.915,127.001,0.005,960.634,31.5,31.682,1221.034,34.469,30.05,1.484,931.004,31.042,-35.648,-34.82,-63.62,-29.266,-0.899,-2.02,-3.472,-0.616,5.615,151.639,-0.037,967.248,31.326,31.704,1369.306,30.888,29.979,1.524,1049.935,27.079,-36.256,-35.592,-59.858,-29.2,1.126,-0.834,-2.156,1.423,5.314,152.124,-0.086,-1.92,-1.884,-1.19,-1.321,0.007,15,716.799,30859
23,1,23,890.766,33.827,33.909,1855.523,37.874,33.016,1.532,1538.522,37.191,-40.38,-36.429,-51.439,-29.396,0.981,-4.669,-22.098,-6.946,10.995,125.675,0.011,1008.312,31.411,31.575,1220.395,33.646,30.015,1.48,934.223,30.687,-33.544,-31.093,-63.283,-30.502,-0.856,-1.971,-3.409,-0.514,5.005,152.431,-0.03,1013.68,31.28,31.631,1390.138,29.92,30.043,1.516,1075.568,26.828,-33.504,-32.369,-59.924,-30.731,1.211,-0.734,-2.035,1.568,4.815,156.618,-0.072,-1.915,-1.865,-1.189,-1.326,-0.056,15,709.559,43146
24,1,24,894.375,33.736,33.829,1814.272,38.03,33.017,1.525,1516.531,37.739,-40.112,-37.321,-51.554,-29.499,0.709,-4.83,-22.062,-7.02,10.754,131.524,0.007,1027.853,31.547,31.714,1216.98,34.838,29.992,1.462,914.866,31.175,-36.677,-34.07,-63.13,-30.193,-0.95,-2.007,-3.445,-0.534,5.009,151.84,-0.031,1033.211,31.401,31.736,1351.109,31.536,29.98,1.504,1021.615,27.837,-34.988,-32.702,-59.839,-30.056,1.134,-0.754,-2.068,1.548,5.056,161.56,-0.069,-1.911,-1.875,-1.189,-1.328,0.041,15,731.008,25172
25,1,25,911.869,33.83,33.912,1837.293,38.275,33.046,1.522,1516.542,37.988,-39.751,-37.172,-50.893,-29.485,0.76,-4.806,-22.079,-6.984,10.726,129.884,0.013,1030.726,31.426,31.595,1227.407,33.607,30.035,1.48,933.323,30.857,-33.609,-30.33,-63.392,-30.318,-0.819,-1.921,-3.424,-0.479,4.478,160.396,-0.032,1035.996,31.306,31.652,1391.297,30.039,29.999,1.514,1067.721,26.751,-33.539,-31.992,-59.947,-30.526,1.271,-0.666,-2.052,1.609,4.382,160.984,-0.079,-1.917,-1.863,-1.194,-1.325,0.087,15,716.926,26454
26,1,26,875.961,33.763,33.829,1789.875,38.55,33.025,1.518,1487.441,38.546,-40.646,-35.402,-53.248,-29.259,0.903,-4.789,-22.283,-7.188,11.208,125.403,0.011,1009.699,31.447,31.606,1217.035,33.981,30.023,1.474,924.371,31.076,-33.885,-31.984,-63.323,-30.561,-0.947,-2.1,-3.6,-0.798,5.006,165.907,-0.025,1016.27,31.263,31.622,1368.699,30.324,30.044,1.512,1055.094,27.358,-32.695,-31.932,-59.917,-30.381,1.138,-0.894,-2.192,1.326,4.766,157.246,-0.077,-1.958,-1.892,-1.174,-1.305,0.024,15,739.71,23435
27,1,27,912.302,33.944,34.009,1875,38.359,33.012,1.5,1521.148,37.584,-40.649,-37.481,-52.369,-29.596,0.88,-4.72,-22.05,-6.972,11.366,128.377,0.006,1037.673,31.648,31.813,1263.499,34.329,30.044,1.468,948.649,30.421,-36.164,-33.636,-63.287,-30.562,-0.745,-1.877,-3.288,-0.427,5.003,153.571,-0.031,1043.247,31.508,31.865,1421.46,30.879,29.977,1.491,1066.193,26.655,-36.732,-33.776,-59.984,-30.498,1.279,-0.677,-1.984,1.609,4.899,172.758,-0.08,-1.912,-1.863,-1.195,-1.337,0.103,15,740.215,24279
28,1,28,908.639,33.804,33.828,1812.354,38.063,33.014,1.51,1486.292,38.476,-40.876,-37.53,-53.458,-29.207,1.24,-4.591,-21.939,-6.919,11.012,128.484,0.013,1038.28,31.504,31.67,1236.479,33.944,30.034,1.473,934.375,30.817,-34.768,-30.389,-63.184,-30.094,-0.556,-1.763,-3.383,-0.471,4.965,157.311,-0.032,1043.355,31.37,31.714,1393.573,30.422,29.968,1.511,1056.568,26.84,-34.123,-30.748,-59.78,-30.092,1.448,-0.565,-2.055,1.564,4.768,157.506,-0.081,-1.914,-1.874,-1.187,-1.325,0.016,15,724.587,21015
29,1,29,899.751,33.729,33.792,1774.604,38.552,33.021,1.498,1480.071,38.704,-40.037,-34.726,-52.816,-29.217,1.722,-4.9,-22.029,-7.094,11.31,125.77,0.005,1020.874,31.472,31.639,1215.42,34.288,30.017,1.449,920.372,31.165,-35.651,-32.477,-63.088,-30.208,0.773,-1.912,-3.52,-0.692,5.545,152.511,-0.041,1025.613,31.303,31.647,1361.882,30.653,30.039,1.501,1051.68,27.415,-33.661,-30.683,-59.64,-29.936,2.844,-0.656,-2.112,1.433,5.27,154.485,-0.066,-1.989,-1.906,-1.191,-1.343,0.006,15,747.598,23742
30,1,30,906.807,33.753,33.841,1806.479,38.298,33.033,1.543,1502.853,38.223,-39.636,-36.931,-50.925,-29.544,0.81,-4.825,-22.005,-6.957,10.985,125.567,0.014,1025.046,31.487,31.648,1238.625,33.715,30.012,1.49,939.024,30.513,-35.105,-31.588,-63.378,-30.153,-0.893,-2.028,-3.428,-0.531,5.356,152.491,-0.038,1029.894,31.349,31.693,1401.063,30.111,29.977,1.532,1071.916,26.515,-34.646,-33.17,-59.88,-30.174,1.148,-0.78,-2.079,1.537,5.029,163.427,-0.078,-1.933,-1.875,-1.199,-1.338,0.008,15,715.532,29964
31,1,31,901.735,33.811,33.86,1844.533,37.678,33.045,1.527,1525.755,37.754,-40.968,-35.61,-53.434,-29.435,1.017,-4.718,-22.037,-6.93,10.927,127.383,0.016,1026.986,31.426,31.595,1212.255,34.027,30.008,1.474,919.082,31.145,-34.545,-31.88,-63.219,-30.192,-1.08,-2.131,-3.513,-0.646,5.114,155.365,-0.03,1032.268,31.266,31.623,1364.863,30.42,30.025,1.516,1045.73,27.482,-33.357,-32.33,-59.73,-29.975,0.99,-0.928,-2.111,1.457,4.861,154.502,-0.069,-1.935,-1.892,-1.186,-1.328,0.014,15,721.487,19830
32,1,32,909.755,33.776,33.846,1807.065,38.331,33.049,1.54,1503.374,38.347,-41.418,-38.787,-53.165,-29.429,0.769,-4.71,-21.818,-6.727,10.937,128.287,0.007,1014.219,31.567,31.74,1191.608,35.791,29.982,1.473,898.587,31.663,-39.842,-37.347,-62.782,-30.144,-0.885,-2.003,-3.222,-0.289,4.848,158.694,-0.026,1018.373,31.402,31.721,1301.653,32.62,30.029,1.514,987.994,29.111,-35.393,-32.249,-59.381,-29.921,1.126,-0.797,-1.848,1.774,4.934,160.022,-0.061,-1.904,-1.86,-1.197,-1.341,0.09,15,722.794,23610
33,1,33,905.582,33.762,33.808,1797.462,38.2,33.033,1.529,1489.522,38.562,-40.041,-37.14,-52.345,-29.377,0.888,-4.688,-22.079,-6.832,11.127,129.25,0.007,1020.754,31.521,31.686,1215.485,34.658,30.026,1.476,918.096,31.304,-34.505,-33.609,-63.172,-30.165,-1.007,-2.03,-3.492,-0.508,5.183,152.744,-0.031,1024.832,31.387,31.72,1362.088,31.171,29.97,1.525,1034.231,27.437,-34.295,-32.315,-59.797,-29.936,1.013,-0.89,-2.167,1.532,5.064,153.525,-0.064,-1.922,-1.863,-1.184,-1.318,-0.068,15,722.742,21277
34,1,34,902.092,33.885,33.934,1859.717,38.009,33.022,1.524,1527.045,37.519,-40.8,-36.662,-53.137,-29.525,1.09,-4.432,-22.061,-6.82,10.921,146.309,0.002,1032.113,31.602,31.781,1243.545,34.62,30.033,1.472,934.646,30.799,-37.418,-34.403,-63.303,-30.031,-0.211,-1.58,-3.459,-0.507,4.872,151.369,-0.036,1037.828,31.483,31.834,1389.888,31.357,30.003,1.52,1050.521,27.218,-36.287,-33.043,-59.689,-30.064,1.777,-0.387,-2.124,1.558,4.897,153.662,-0.073,-1.911,-1.865,-1.19,-1.327,0.134,15,730.437,16087
35,1,35,898.7,33.878,33.931,1860.552,37.967,33.029,1.529,1529.223,37.532,-40.898,-36.853,-52.115,-29.212,1.02,-4.569,-22.073,-6.886,11.012,137.799,0.012,1031.94,31.593,31.761,1239.416,34.583,29.99,1.476,934.375,30.509,-37.218,-33.733,-63.109,-29.717,-0.826,-1.926,-3.464,-0.528,5.431,149.682,-0.033,1037.817,31.438,31.784,1385.141,31.109,29.965,1.515,1049.318,27.013,-34.949,-32.759,-59.813,-29.665,1.184,-0.759,-2.133,1.511,5.272,152.868,-0.073,-1.936,-1.878,-1.198,-1.336,0.103,15,729.684,19921
36,1,36,872.883,33.836,33.922,1854.775,38.008,33.041,1.529,1536.702,37.451,-41.135,-36.749,-52.974,-29.182,0.998,-4.596,-22.124,-6.941,10.86,134.239,0.004,987.383,31.411,31.579,1173.367,35.027,30.047,1.468,895.443,32.257,-36.761,-35.498,-63.01,-29.607,-0.796,-1.951,-3.411,-0.524,5.293,161.758,-0.024,995.406,31.212,31.567,1308.752,31.313,30.012,1.52,1011.004,28.34,-32.797,-32.815,-59.743,-29.611,1.206,-0.757,-2.054,1.546,5.271,155.727,-0.069,-1.923,-1.873,-1.196,-1.335,0.091,15,722.745,27067
37,1,37,913.147,33.883,33.912,1877.59,37.454,33.045,1.524,1550.26,37.156,-40.148,-36.942,-57.197,-28.988,1.376,-4.452,-22.035,-6.864,11.17,123.619,0.006,1053.226,31.502,31.678,1202.186,34.976,30.04,1.465,912.503,31.598,-33.504,-33.634,-62.818,-29.139,-0.874,-2.034,-3.396,-0.496,5.629,148.24,-0.029,1057.759,31.35,31.669,1340.682,31.299,30.045,1.513,1028.194,28.077,-31.492,-30.994,-59.473,-29.039,1.147,-0.826,-2,1.581,5.5,150.666,-0.059,-1.939,-1.873,-1.186,-1.325,0.012,15,716.008,17855
38,1,38,914.676,33.825,33.947,1856.629,38.183,33.028,1.539,1537.124,37.324,-40.343,-35.461,-51.02,-29.783,0.958,-4.715,-22.199,-7.078,11.114,124.543,0.002,1027.908,31.427,31.596,1213.967,33.987,30.003,1.48,920.74,31.052,-34.489,-32.965,-63.237,-30.307,-1.059,-2.14,-3.546,-0.671,5.35,151.93,-0.035,1033.601,31.277,31.617,1367.03,30.331,30.031,1.528,1057.305,27.214,-32.977,-33.016,-59.848,-30.334,1.064,-0.818,-2.098,1.47,5.042,151.822,-0.075,-1.926,-1.885,-1.184,-1.315,0.097,15,715.403,22777
39,1,39,896.294,33.843,33.928,1875.401,37.643,33.032,1.553,1551.821,37.01,-41.72,-36.716,-52.294,-29.656,0.915,-4.622,-22.178,-7.041,10.477,131.401,0.004,964.991,31.467,31.648,1186.687,35.189,30.008,1.476,901.144,31.764,-37.589,-38.967,-63.141,-30.177,-0.904,-1.991,-3.436,-0.606,4.448,160.094,-0.027,971.421,31.23,31.6,1304.861,31.649,30.001,1.53,1007.937,28.354,-34.853,-33.402,-59.953,-30.159,1.157,-0.768,-2.05,1.505,4.358,160.566,-0.061,-1.926,-1.875,-1.2,-1.335,0.002,15,739.988,15972
40,1,40,920.853,33.812,33.9,1874.739,37.409,32.958,1.54,1557.587,36.247,-40.29,-35.102,-51.242,-29.616,0.823,-4.874,-22.158,-7.025,10.697,128.668,0.005,1053.562,31.497,31.664,1213.36,34.541,29.965,1.475,918.334,30.861,-36.016,-34.92,-63.4,-29.839,-1.095,-2.194,-3.479,-0.638,4.991,157.1,-0.032,1059.797,31.354,31.687,1358.858,31.007,29.966,1.525,1034.241,27.409,-33.77,-36.623,-59.975,-29.949,0.937,-1,-2.121,1.415,4.868,156.746,-0.068,-1.932,-1.88,-1.182,-1.322,0.098,15,717.241,19102
41,1,41,888.425,33.766,33.814,1803.217,38.128,33.032,1.52,1497.12,38.362,-40.319,-35.494,-53.398,-29.57,0.897,-4.831,-22.182,-7.235,10.88,130.117,0.017,1010.74,31.64,31.819,1231.352,35.276,30.045,1.463,921.174,31.342,-36.276,-34.951,-63.152,-30.317,-0.929,-2.063,-3.457,-0.717,4.6,160.475,-0.031,1017.137,31.453,31.803,1363.475,31.742,30.007,1.496,1025.43,27.906,-35.397,-34.145,-59.867,-30.256,1.099,-0.872,-2.117,1.347,4.582,158.297,-0.066,-1.942,-1.889,-1.182,-1.32,0.019,15,741.692,18299
42,1,42,909.311,33.794,33.894,1842.723,38.01,33.032,1.529,1533.428,37.455,-39.844,-36.266,-51.479,-29.477,0.927,-4.769,-22.081,-6.9,11.103,140.382,0.009,1032.102,31.477,31.642,1224.296,34.063,30.032,1.479,934.678,30.794,-33.841,-31.634,-63.268,-30.022,-0.843,-1.997,-3.491,-0.533,5.674,146.567,-0.026,1037.6,31.355,31.689,1384.198,30.451,29.986,1.522,1063.603,26.777,-33.447,-32.837,-59.738,-29.993,1.158,-0.842,-2.194,1.508,5.322,145.23,-0.075,-1.912,-1.863,-1.186,-1.324,0.011,15,737.792,15981
43,1,43,909.592,33.862,33.928,1879.411,37.556,33.049,1.547,1548.407,37.238,-40.674,-35.914,-51.629,-29.29,0.804,-4.871,-22.164,-7.071,10.779,128.417,0.003,1011.152,31.503,31.678,1219.983,34.465,30.04,1.485,924.219,31.202,-36.306,-35.416,-63.285,-29.813,-1.004,-2.059,-3.422,-0.635,4.999,153.638,-0.04,1016.433,31.308,31.67,1359.118,30.882,30.01,1.526,1038.588,27.572,-34.782,-34.833,-60.032,-29.801,1.014,-0.884,-2.088,1.442,4.905,169.566,-0.078,-1.918,-1.876,-1.185,-1.327,0.101,15,717.897,18606
44,1,44,918.707,33.824,33.924,1865.917,37.798,33.01,1.519,1542.879,37.038,-41.313,-36.483,-51.529,-29.602,0.695,-4.797,-22.115,-6.964,10.906,126.432,0.008,1057.063,31.507,31.683,1217.62,34.571,30.002,1.461,918.063,31.137,-37.446,-32.153,-63.28,-29.805,-1.04,-2.156,-3.468,-0.536,5.437,150.216,-0.038,1061.769,31.366,31.686,1354.523,31.101,30.014,1.511,1034.567,27.707,-34.137,-31.466,-59.814,-29.353,1.032,-0.888,-2.064,1.573,5.398,152.118,-0.069,-1.93,-1.871,-1.187,-1.325,0.196,15,727.406,15291
45,1,45,906.547,33.93,33.99,1900.903,37.666,33.046,1.528,1555.788,37.031,-41.431,-35.706,-53.319,-29.672,0.919,-4.817,-22.094,-6.994,11.217,123.53,0.009,1014.013,31.541,31.713,1202.75,35.24,30.02,1.466,902.142,31.818,-35.42,-36.855,-63.424,-30.131,-1.019,-2.16,-3.38,-0.542,4.86,175.957,-0.03,1020.009,31.382,31.723,1342.145,31.653,29.964,1.513,1010.885,28.027,-34.483,-35.114,-59.809,-30.165,1.01,-0.966,-2.032,1.52,4.727,159.574,-0.066,-1.924,-1.867,-1.194,-1.327,0.099,15,727.663,17156
46,1,46,896.771,33.821,33.892,1808.149,38.716,33.037,1.511,1494.324,38.472,-40.392,-36.488,-53.079,-29.323,1.029,-4.523,-21.906,-6.849,11.34,122.913,0.001,1035.245,31.632,31.808,1234.387,35.096,29.975,1.459,929.552,30.559,-39.493,-36.753,-63.115,-29.956,-0.853,-1.968,-3.385,-0.514,6.019,145.236,-0.036,1041.567,31.48,31.823,1371.257,31.702,29.96,1.498,1032.8,27.408,-35.834,-34.805,-59.852,-29.772,1.115,-0.852,-2.053,1.511,5.912,147.037,-0.073,-1.922,-1.869,-1.192,-1.335,0.098,15,720.747,17282
47,1,47,870.986,33.83,33.858,1852.607,37.491,33.019,1.522,1526.026,37.517,-40.224,-36.791,-53.567,-29.405,1.046,-4.691,-22.23,-6.967,11.168,126.485,0.001,994.07,31.406,31.576,1192.323,34.447,30.045,1.478,913.316,31.608,-33.98,-33.16,-63.458,-29.709,-0.969,-2.064,-3.437,-0.589,5.049,156.373,-0.032,1001.823,31.258,31.602,1336.639,30.912,30.028,1.527,1030.578,27.901,-33.318,-33.377,-59.988,-29.812,1.06,-0.901,-2.106,1.477,4.925,153.135,-0.067,-1.918,-1.873,-1.195,-1.334,0.1,15,730.649,16154
48,1,48,907.804,33.778,33.852,1827.538,37.951,33.042,1.528,1524.953,37.75,-40.399,-35.299,-51.94,-29.301,0.748,-4.766,-22.233,-7.138,10.697,129.71,0.013,1025.296,31.582,31.747,1231.569,34.687,30.034,1.471,927.633,31.046,-36.321,-34.821,-63.19,-29.604,-0.972,-2.105,-3.531,-0.688,4.978,157.892,-0.029,1030.674,31.422,31.771,1373.902,31.268,29.986,1.513,1040.56,27.37,-35.378,-34.189,-59.813,-29.544,1.044,-0.896,-2.162,1.37,4.877,159.12,-0.073,-1.932,-1.873,-1.178,-1.311,0.098,15,720.955,15815
49,1,49,895.264,33.892,33.915,1869.049,37.65,33.014,1.522,1527.478,37.438,-40.941,-35.426,-53.686,-29.475,0.976,-4.804,-22.071,-7.083,10.971,143.892,0.014,1013.222,31.443,31.614,1218.433,34.001,29.981,1.478,924.88,30.76,-33.957,-32.991,-63.415,-30.007,-0.842,-2.023,-3.426,-0.641,5.33,153.501,-0.037,1018.47,31.267,31.623,1365.426,30.407,30.007,1.518,1050.835,27.235,-33.126,-32.812,-59.984,-29.816,1.207,-0.797,-2.054,1.451,4.944,154.757,-0.076,-1.919,-1.878,-1.183,-1.322,0.022,15,724.193,19269
50,1,50,899.35,33.782,33.875,1829.294,38.116,33,1.53,1513.301,37.674,-39.546,-36.326,-51.211,-29.552,0.74,-4.868,-22.142,-6.994,11.329,122.987,0.009,1022.185,31.553,31.73,1244.586,34.19,30.031,1.477,937.279,30.699,-34.315,-32.946,-63.216,-30.156,-0.975,-2.053,-3.493,-0.586,5.418,148.448,-0.033,1028.669,31.412,31.766,1409.983,30.429,29.994,1.517,1071.699,26.621,-34.929,-33.301,-59.915,-30.179,1.065,-0.841,-2.166,1.471,5.238,150.861,-0.075,-1.921,-1.868,-1.181,-1.324,0.092,15,732.112,19254
51,1,51,832.225,33.597,33.597,1591.893,39.700,33.046,1.531,1443.581,37.900,-36.702,-34.241,-49.675,-28.033,2.189,-4.283,-18.890,-5.769,12.057,121.786,-0.008,985.854,31.213,31.350,1114.169,32.451,30.029,1.487,937.465,30.340,-38.927,-32.132,-61.749,-30.835,0.118,-2.072,-5.264,-1.751,6.012,155.622,-0.025,977.636,31.008,31.415,1250.945,27.839,30.014,1.537,1063.227,26.164,-32.841,-37.182,-61.162,-29.731,0.929,-1.154,-2.964,0.723,5.989,150.035,-0.061,-1.704,-1.589,-0.931,-1.281,0.057,15,610.8303333,94841
52,1,52,836.521,33.944,33.980,1766.695,38.698,33.039,1.552,1523.501,35.954,-40.339,-34.842,-51.707,-28.392,2.360,-4.026,-18.888,-5.498,11.847,118.430,-0.010,1000.948,31.242,31.390,1117.484,32.570,30.032,1.515,940.797,30.258,-41.228,-33.740,-61.675,-31.068,-0.190,-2.236,-5.341,-1.661,5.868,150.396,-0.040,996.012,31.059,31.446,1257.122,28.020,30.001,1.545,1053.306,26.321,-33.299,-38.816,-61.290,-30.313,0.582,-1.383,-3.104,0.734,5.669,151.149,-0.070,-1.730,-1.598,-0.956,-1.300,0.058,15,562.9183333,9389
53,1,53,830.597,33.599,33.601,1596.121,39.611,33.027,1.524,1445.748,37.683,-36.993,-34.125,-49.487,-28.147,1.672,-4.586,-18.785,-5.622,12.103,122.583,0.002,996.522,31.132,31.273,1104.682,32.140,29.997,1.490,942.386,29.970,-40.975,-33.676,-61.759,-31.694,-0.168,-2.312,-5.133,-1.562,5.787,147.660,-0.025,991.106,30.941,31.335,1244.121,27.571,30.007,1.536,1069.004,25.988,-32.985,-38.248,-61.237,-30.265,0.626,-1.416,-2.810,0.912,5.799,156.284,-0.078,-1.707,-1.584,-0.950,-1.309,0.058,15,657.8486667,16989
54,1,54,818.932,33.519,33.536,1549.704,40.071,33.038,1.546,1427.484,38.234,-37.823,-35.437,-48.577,-27.979,2.067,-4.193,-18.496,-5.128,12.206,125.309,0.002,988.713,31.388,31.539,1123.426,33.492,30.044,1.482,925.205,30.846,-49.825,-36.540,-61.489,-31.278,0.071,-2.027,-5.147,-1.346,5.811,148.742,-0.037,984.127,31.204,31.570,1215.283,30.019,30.022,1.510,998.009,27.871,-37.466,-38.542,-60.970,-29.690,0.811,-1.136,-2.827,1.085,6.065,149.818,-0.060,-1.693,-1.580,-0.962,-1.318,0.057,15,566.022,9725
55,1,55,822.084,33.613,33.615,1605.879,39.502,33.030,1.533,1446.163,37.695,-37.038,-34.408,-49.303,-28.014,1.784,-4.424,-18.791,-5.630,12.069,125.068,0.000,1005.649,31.343,31.473,1143.668,32.523,30.039,1.491,953.083,29.922,-42.396,-32.903,-61.564,-31.784,-0.003,-2.148,-5.175,-1.598,6.025,146.287,-0.016,1000.135,31.195,31.562,1283.227,28.301,30.031,1.525,1062.675,26.278,-34.546,-37.166,-61.331,-30.103,0.743,-1.290,-2.872,0.850,6.048,146.911,-0.078,-1.712,-1.598,-0.959,-1.315,0.057,15,684.092,9395
56,1,56,824.763,33.774,33.797,1691.780,38.883,32.995,1.545,1472.907,36.754,-38.331,-34.885,-49.815,-29.171,1.744,-4.406,-18.698,-5.555,11.514,122.492,-0.016,995.060,31.109,31.245,1124.545,31.377,30.013,1.526,960.429,29.516,-39.219,-31.612,-61.951,-31.808,-0.183,-2.285,-5.138,-1.600,5.988,146.358,-0.043,989.438,30.857,31.298,1271.638,26.430,30.024,1.560,1101.654,25.334,-32.597,-37.337,-61.539,-30.593,0.676,-1.324,-2.827,0.883,5.753,147.101,-0.088,-1.699,-1.565,-0.939,-1.282,0.057,15,612.5993333,12760.33333
57,1,57,825.243,33.698,33.752,1671.689,38.677,32.988,1.550,1488.190,36.330,-40.148,-33.642,-50.221,-28.203,1.864,-4.409,-18.620,-5.445,11.655,128.026,-0.011,981.041,31.243,31.399,1124.433,32.361,29.983,1.503,939.245,29.970,-42.867,-34.241,-61.800,-31.364,-0.080,-2.287,-5.073,-1.518,5.800,148.322,-0.034,976.293,31.065,31.463,1257.010,28.066,29.970,1.530,1046.725,26.297,-34.496,-37.650,-61.273,-30.092,0.695,-1.406,-2.800,0.893,5.840,152.570,-0.066,-1.717,-1.588,-0.944,-1.300,0.057,15,574.401,9677
58,1,58,834.160,33.553,33.579,1585.283,39.466,33.028,1.564,1438.852,37.860,-37.317,-34.712,-49.261,-27.971,1.976,-4.210,-18.680,-5.428,11.733,125.603,0.009,982.139,31.231,31.376,1131.513,32.055,29.999,1.507,945.935,29.870,-35.898,-32.697,-61.573,-32.172,-0.066,-2.233,-5.272,-1.623,5.669,151.745,-0.034,977.311,31.043,31.448,1270.577,27.611,30.023,1.550,1068.227,26.101,-32.905,-37.561,-61.124,-30.483,0.721,-1.355,-2.981,0.826,5.540,152.655,-0.074,-1.699,-1.588,-0.942,-1.291,0.058,15,670.8516667,10079
59,1,59,840.261,33.827,33.836,1738.287,38.298,33.017,1.535,1506.489,36.152,-39.909,-35.191,-51.109,-29.334,2.234,-4.238,-18.702,-5.239,11.796,119.579,-0.001,1001.259,31.424,31.570,1128.397,33.615,29.990,1.486,924.154,30.500,-50.231,-37.761,-61.744,-30.948,0.097,-2.117,-5.077,-1.370,5.463,158.601,-0.030,996.037,31.175,31.563,1226.626,29.527,30.022,1.524,1013.970,27.445,-35.266,-38.658,-60.968,-30.090,0.942,-1.161,-2.812,1.066,5.603,157.366,-0.060,-1.721,-1.598,-0.954,-1.327,0.057,15,680.6043333,10392
60,1,60,820.408,33.549,33.541,1564.676,39.954,33.039,1.553,1443.990,37.831,-37.496,-35.228,-49.314,-27.587,2.335,-3.978,-18.690,-5.320,12.593,115.656,0.008,978.164,31.265,31.405,1113.523,32.862,30.003,1.495,930.898,30.370,-46.767,-34.088,-61.318,-31.355,0.026,-2.038,-5.309,-1.613,6.374,148.582,-0.043,973.611,31.053,31.429,1234.154,28.530,30.030,1.541,1039.581,26.843,-33.700,-37.578,-60.892,-29.850,0.808,-1.126,-3.004,0.834,6.391,144.879,-0.075,-1.738,-1.605,-0.962,-1.318,0.057,15,713.564,9211.333333
61,1,61,757.219,33.598,33.641,1585.972,39.855,33.004,1.551,1431.448,37.841,-37.184,-34.344,-48.578,-28.420,1.776,-4.317,-18.726,-5.163,11.431,129.620,-0.004,920.535,31.301,31.478,1117.310,33.021,30.031,1.499,932.479,30.515,-46.291,-35.720,-61.498,-30.701,0.036,-2.176,-5.322,-1.482,5.564,159.716,-0.036,915.663,31.016,31.459,1224.352,28.524,30.015,1.546,1039.285,26.752,-35.013,-38.558,-61.023,-29.653,0.823,-1.291,-3.093,0.908,5.509,159.522,-0.058,-1.707,-1.574,-0.947,-1.295,0.057,15,648.653,9366.333333
62,1,62,829.633,33.871,33.919,1743.114,38.577,33.010,1.545,1509.074,36.032,-41.490,-34.918,-53.255,-28.956,2.104,-4.253,-18.751,-5.470,11.575,127.521,-0.009,991.742,31.329,31.506,1120.018,33.141,30.023,1.498,927.988,30.607,-49.700,-35.380,-61.509,-30.892,-0.046,-2.336,-5.150,-1.572,5.908,155.627,-0.023,986.918,31.082,31.497,1225.146,28.938,29.993,1.528,1017.324,27.178,-34.470,-37.108,-61.040,-29.928,0.679,-1.499,-2.893,0.844,5.919,162.872,-0.056,-1.730,-1.591,-0.948,-1.302,0.057,15,763.6123333,10272.33333
63,1,63,823.994,33.817,33.865,1716.878,38.689,33.037,1.540,1506.038,36.332,-40.394,-35.805,-50.677,-27.729,2.109,-4.051,-18.756,-5.450,11.940,125.915,-0.009,970.651,31.352,31.489,1131.062,32.975,30.026,1.490,934.136,30.429,-46.910,-36.372,-61.194,-30.794,-0.136,-2.066,-5.203,-1.558,6.030,167.375,-0.035,964.957,31.149,31.533,1246.807,28.857,30.000,1.531,1033.512,26.806,-34.839,-38.553,-60.779,-29.513,0.643,-1.165,-2.912,0.883,6.046,154.232,-0.051,-1.724,-1.582,-0.958,-1.313,0.057,15,563.6443333,9678
64,1,64,839.315,33.655,33.652,1648.801,38.833,33.028,1.560,1471.788,37.054,-36.736,-33.905,-48.910,-28.541,1.806,-4.192,-19.048,-5.789,11.680,121.574,-0.009,1008.125,31.284,31.430,1118.740,32.845,30.006,1.511,932.183,30.354,-45.748,-35.946,-61.674,-30.631,0.257,-1.968,-5.307,-1.749,5.670,148.769,-0.034,1003.297,31.114,31.488,1243.746,28.699,29.988,1.550,1032.154,26.770,-34.596,-39.098,-61.446,-29.562,1.020,-1.087,-3.008,0.723,5.679,150.736,-0.055,-1.728,-1.602,-0.969,-1.317,0.057,15,724.5683333,9770.333333
65,1,65,835.990,33.729,33.780,1651.321,39.435,33.038,1.545,1458.214,37.468,-40.012,-34.950,-49.173,-28.073,1.955,-4.320,-18.651,-5.301,11.875,120.810,-0.002,986.724,31.261,31.383,1119.780,32.639,30.014,1.506,937.010,30.249,-40.452,-34.116,-61.186,-31.390,-0.284,-2.295,-5.143,-1.449,6.145,146.991,-0.048,980.856,31.119,31.478,1251.349,28.550,30.000,1.542,1042.396,26.589,-34.222,-37.980,-60.904,-29.818,0.424,-1.454,-2.862,0.972,6.133,146.178,-0.068,-1.719,-1.608,-0.969,-1.340,0.056,15,658.156,11763.66667
66,1,66,824.737,33.710,33.716,1690.033,38.353,33.034,1.558,1495.016,36.557,-40.179,-34.321,-51.720,-28.461,2.121,-4.231,-18.585,-5.230,11.593,125.409,-0.009,990.973,31.274,31.418,1119.783,32.738,30.029,1.508,935.613,30.404,-43.122,-35.551,-61.641,-31.249,0.133,-2.112,-5.130,-1.421,5.667,158.964,-0.025,986.250,31.068,31.452,1232.843,28.657,29.983,1.539,1028.403,26.832,-33.727,-37.576,-61.133,-29.708,0.882,-1.251,-2.872,0.976,5.691,153.357,-0.063,-1.724,-1.592,-0.947,-1.315,0.057,15,564.3916667,9894.666667
67,1,67,816.008,33.649,33.677,1627.226,39.293,33.017,1.549,1456.557,37.327,-38.684,-33.770,-48.825,-27.902,1.680,-4.417,-18.730,-5.370,11.979,128.112,-0.009,973.539,31.237,31.378,1118.682,32.492,30.029,1.505,939.931,30.264,-38.721,-33.542,-61.534,-30.921,-0.270,-2.320,-5.214,-1.479,6.203,146.913,-0.042,968.809,31.017,31.416,1252.876,27.855,29.991,1.546,1054.783,26.229,-33.024,-37.984,-60.953,-29.790,0.491,-1.432,-2.967,0.921,6.126,155.439,-0.075,-1.720,-1.585,-0.936,-1.292,0.057,15,638.0593333,9611
68,1,68,819.340,33.594,33.614,1591.428,39.691,33.032,1.533,1446.029,37.721,-37.348,-35.218,-49.127,-28.085,2.018,-4.304,-18.555,-5.316,12.212,128.128,-0.015,989.265,31.277,31.435,1122.372,32.682,29.993,1.482,936.025,30.140,-41.894,-34.274,-61.464,-31.237,-0.032,-2.205,-5.082,-1.446,6.269,151.635,-0.058,984.362,31.125,31.507,1258.718,28.413,30.024,1.519,1052.187,26.494,-34.795,-38.284,-61.221,-29.771,0.777,-1.291,-2.758,1.021,6.239,146.703,-0.061,-1.687,-1.568,-0.948,-1.304,0.057,15,767.206,20931.33333
69,1,69,807.354,33.739,33.780,1676.170,38.931,33.024,1.521,1477.727,36.885,-39.017,-33.966,-49.149,-28.331,1.999,-4.346,-19.053,-6.059,11.826,135.066,-0.007,954.698,31.398,31.547,1141.751,32.998,30.020,1.476,940.613,30.181,-43.707,-35.595,-61.661,-30.874,-0.053,-2.130,-5.253,-1.918,6.356,144.758,-0.022,949.451,31.149,31.576,1251.317,28.750,30.002,1.514,1039.855,26.664,-36.687,-37.925,-61.276,-29.925,0.730,-1.266,-2.996,0.544,6.330,146.987,-0.070,-1.722,-1.629,-0.956,-1.306,0.057,15,633.8683333,10009
70,1,70,823.073,33.775,33.781,1696.116,38.787,33.034,1.534,1469.319,37.166,-39.182,-35.216,-50.813,-29.651,2.215,-4.129,-18.684,-5.185,11.865,123.185,-0.009,977.619,31.286,31.431,1126.592,32.614,30.034,1.500,939.386,30.313,-41.647,-32.158,-61.627,-31.431,-0.198,-2.289,-5.248,-1.422,6.075,147.677,-0.043,972.120,31.012,31.441,1247.731,27.937,30.006,1.544,1054.032,26.340,-34.136,-36.756,-61.014,-30.359,0.571,-1.404,-3.000,0.987,5.938,149.816,-0.068,-1.700,-1.580,-0.934,-1.286,0.057,15,631.0843333,9410.333333
71,1,71,831.402,33.844,33.862,1711.618,39.055,33.023,1.532,1475.965,36.916,-40.604,-33.291,-52.363,-28.703,1.820,-4.366,-18.981,-5.908,11.422,129.488,0.001,995.284,31.242,31.398,1104.923,32.957,30.029,1.495,923.793,30.789,-48.193,-35.394,-61.154,-31.987,0.087,-2.199,-5.169,-1.788,5.402,150.953,-0.037,991.001,31.101,31.459,1229.063,28.970,30.008,1.533,1024.616,27.081,-34.635,-37.890,-61.440,-30.029,0.791,-1.399,-2.824,0.696,5.548,154.898,-0.053,-1.729,-1.602,-0.959,-1.304,0.056,15,580.887,9125
72,1,72,816.889,33.819,33.870,1757.702,37.806,33.012,1.547,1535.797,35.454,-41.026,-35.499,-50.485,-28.225,2.203,-4.161,-18.847,-5.608,11.592,125.487,-0.002,960.283,31.154,31.300,1102.942,32.364,30.021,1.499,933.010,30.433,-41.526,-35.509,-61.410,-30.878,0.174,-2.019,-5.183,-1.605,5.673,150.953,-0.017,954.238,30.997,31.368,1230.706,28.248,29.986,1.538,1038.902,26.585,-34.050,-38.870,-61.403,-29.734,0.941,-1.137,-2.920,0.814,5.712,151.743,-0.067,-1.724,-1.585,-0.957,-1.308,0.058,15,826.2266667,9239
73,1,73,837.106,33.963,33.984,1776.576,38.652,33.028,1.533,1517.331,35.997,-42.335,-34.923,-52.280,-29.687,2.228,-4.019,-18.609,-5.327,11.214,128.982,-0.007,1001.616,31.176,31.317,1090.746,32.912,30.037,1.494,923.364,30.858,-37.390,-32.697,-61.275,-31.729,0.100,-2.104,-5.028,-1.381,5.742,158.612,-0.025,996.759,30.952,31.324,1206.185,28.548,30.000,1.536,1027.544,26.961,-32.702,-37.218,-61.164,-30.274,0.816,-1.254,-2.766,1.022,5.759,155.414,-0.051,-1.716,-1.576,-0.957,-1.312,0.058,15,645.4553333,8970
74,1,74,842.572,33.950,33.988,1790.425,38.238,33.010,1.558,1534.208,35.472,-41.718,-34.505,-52.202,-28.930,2.458,-3.986,-18.820,-5.452,11.939,117.031,-0.004,993.432,31.142,31.286,1091.598,32.628,30.033,1.521,925.620,30.758,-41.677,-33.321,-61.118,-31.410,-0.207,-2.256,-5.258,-1.635,5.974,148.724,-0.039,989.366,30.947,31.313,1221.749,28.137,30.027,1.563,1039.205,26.829,-32.838,-37.468,-61.099,-30.098,0.552,-1.374,-2.965,0.824,5.894,147.822,-0.067,-1.730,-1.595,-0.953,-1.310,0.057,15,651.4426667,9831.333333
75,1,75,813.466,33.697,33.721,1640.403,39.408,33.013,1.534,1460.889,37.186,-38.673,-34.287,-48.750,-28.115,2.112,-4.145,-18.607,-5.083,12.276,123.846,0.011,956.532,31.349,31.498,1124.743,33.148,30.006,1.489,932.981,30.324,-40.268,-36.936,-61.315,-30.517,-0.123,-2.092,-5.233,-1.372,6.370,143.605,-0.040,951.650,31.107,31.503,1237.962,28.790,30.005,1.530,1034.216,26.821,-34.189,-38.748,-60.871,-29.485,0.666,-1.173,-2.998,1.024,6.445,146.172,-0.061,-1.730,-1.605,-0.969,-1.334,0.057,15,645.1183333,9196.333333
76,1,76,804.740,33.721,33.766,1666.473,38.997,33.019,1.552,1469.784,37.031,-40.143,-34.267,-49.787,-27.995,2.251,-4.012,-18.755,-5.616,11.858,127.802,-0.012,959.611,31.390,31.547,1131.238,33.261,30.009,1.494,929.043,30.473,-48.318,-37.709,-61.462,-30.917,-0.043,-2.106,-5.124,-1.593,5.839,153.248,-0.036,955.199,31.167,31.562,1236.273,29.234,30.003,1.531,1022.031,27.120,-36.697,-39.598,-61.244,-29.620,0.741,-1.214,-2.836,0.865,5.976,149.610,-0.069,-1.705,-1.586,-0.957,-1.313,0.057,15,589.8536667,10017
77,1,77,823.134,33.825,33.839,1713.759,38.830,33.028,1.559,1482.514,36.803,-40.622,-33.873,-51.386,-28.430,2.166,-4.202,-18.843,-5.835,11.723,120.348,0.001,976.760,31.179,31.320,1107.996,32.392,30.043,1.525,939.158,30.389,-41.205,-32.826,-60.938,-31.121,0.091,-2.104,-5.159,-1.737,6.233,142.221,-0.029,972.098,30.978,31.367,1235.165,28.015,29.988,1.558,1047.826,26.378,-34.663,-37.515,-60.600,-29.775,0.855,-1.253,-2.878,0.719,6.144,152.503,-0.068,-1.728,-1.599,-0.950,-1.286,0.057,15,644.4566667,9800
78,1,78,793.462,33.625,33.643,1637.450,38.834,33.035,1.554,1476.644,37.001,-37.898,-34.273,-48.391,-28.029,2.236,-4.020,-18.906,-5.794,11.953,120.261,-0.006,939.365,31.184,31.345,1089.573,33.009,30.023,1.502,921.782,30.813,-40.260,-32.558,-61.771,-30.690,0.109,-2.042,-5.214,-1.728,5.972,153.023,-0.030,934.892,30.923,31.356,1198.167,28.560,29.993,1.539,1022.046,27.056,-34.156,-37.348,-61.256,-29.765,0.894,-1.160,-2.941,0.721,6.009,155.867,-0.070,-1.716,-1.614,-0.964,-1.307,0.057,15,708.5043333,9438.666667
79,1,79,839.575,33.823,33.854,1749.720,38.008,33.027,1.544,1526.407,35.784,-39.762,-34.495,-51.424,-29.862,1.818,-4.220,-18.798,-5.479,11.583,129.708,-0.011,1014.768,31.389,31.529,1148.794,32.716,30.031,1.494,947.761,30.034,-45.358,-34.133,-61.428,-31.664,0.104,-2.041,-5.230,-1.611,5.890,155.608,-0.033,1009.507,31.208,31.582,1266.988,28.767,29.988,1.530,1042.866,26.501,-35.567,-38.593,-61.268,-30.232,0.841,-1.209,-2.997,0.785,5.841,156.172,-0.081,-1.720,-1.577,-0.957,-1.302,0.057,15,566.114,9119.333333
80,1,80,785.422,33.548,33.560,1587.359,39.364,33.030,1.562,1462.203,37.306,-37.341,-34.435,-49.018,-28.331,1.912,-4.290,-18.554,-5.510,11.726,134.121,0.008,966.341,31.421,31.562,1150.921,32.891,30.029,1.500,946.999,30.042,-51.863,-34.207,-61.620,-31.228,0.010,-2.154,-4.956,-1.511,5.423,156.038,-0.033,961.950,31.255,31.628,1261.436,29.209,29.979,1.519,1027.100,26.840,-37.172,-38.445,-61.503,-29.678,0.726,-1.335,-2.688,0.903,5.641,152.909,-0.059,-1.701,-1.579,-0.961,-1.320,0.057,15,644.97,9645.666667
