Data Section,,,,,,,,,,,,,,,,,,,,,,,,,,,,,,,,,,,,,,,,,,,,,,,,,,,,,,,,,,,,,,,,,,,,,,,,,,,,,,,,,,
Device#,1,2,3,4,5,6,7,8,9,10,11,12,13,14,15,16,17,18,19,20,21,22,23,24,25,26,27,28,29,30,31,32,33,34,35,36,37,38,39,40,41,42,43,44,45,46,47,48,49,50,51,52,53,54,55,56,57,58,59,60,61,62,63,64,65,66,67,68,69,70,71,72,73,74,75,76,77,78,79,80,81,82
Test Item,Site No,Device ID,GSM824 Idle Current,GSM824 Max Pout @ 0dBm Drive,GSM824 Max Pout,GSM824 Max Icc,GSM824 Max PAE,GSM824 Rated Pout,GSM824 Rated Vramp,GSM824 Rated Icc,GSM824 Rated PAE,GSM824 2nd har@33dBm,GSM824 3rd har@33dBm,GSM824 Fwd Isolation 1,GSM824 Fwd Isolation 2,GSM824 Pout Leakage@RX0,GSM824 Pout Leakage@RX1,GSM824 CMOS Pout,GSM824 Pout Slope,GSM824 Stress Delta,GSM915 Idle Current,GSM915 Max Pout @ 0dBm Drive,GSM915 Max Pout,GSM915 Max Icc,GSM915 Max PAE,GSM915 Rated Pout,GSM915 Rated Vramp,GSM915 Rated Icc,GSM915 Rated PAE,GSM915 2nd har@33dBm,GSM915 3rd har@33dBm,GSM915 Fwd Isolation 1,GSM915 Fwd Isolation 2,GSM915 Pout Leakage@RX0,GSM915 Pout Leakage@RX1,GSM915 CMOS Pout,GSM915 Pout Slope,GSM915 Stress Delta,DCS1785 Idle Current,DCS1785 Max Pout @ 0dBm Drive,DCS1785 Max Pout,DCS1785 Max Icc,DCS1785 Max PAE,DCS1785 Rated Pout,DCS1785 Rated Vramp,DCS1785 Rated Icc,DCS1785 Rated PAE,DCS1785 2nd har@33dBm,DCS1785 3rd har@33dBm,DCS1785 Fwd Isolation 1,DCS1785 Fwd Isolation 2,DCS1785 Pout Leakage@RX0,DCS1785 Pout Leakage@RX1,DCS1785 CMOS Pout,DCS1785 Pout Slope,DCS1785 Stress Delta,DCS1910 Idle Current,DCS1910 Max Pout @ 0dBm Drive,DCS1910 Max Pout,DCS1910 Max Icc,DCS1910 Max PAE,DCS1910 Rated Pout,DCS1910 Rated Vramp,DCS1910 Rated Icc,DCS1910 Rated PAE,DCS1910 2nd har@33dBm,DCS1910 3rd har@33dBm,DCS1910 Fwd Isolation 1,DCS1910 Fwd Isolation 2,DCS1910 Pout Leakage@RX0,DCS1910 Pout Leakage@RX1,DCS1910 CMOS Pout,DCS1910 Pout Slope,DCS1910 Stress Delta,Insertion Loss Rx0 869MHz,Insertion Loss Rx0 960MHz,Insertion Loss Rx1 1805MHz,Insertion Loss Rx1 1990MHz,Leakage Current,Leakage Current Delay Time,Test Time,Index Time
Low Tolerance,,,60,0.3,0.3,60,,,,60,,2,2,3,2,3,3,1,,,60,0.3,0.3,60,,,,60,,2,2,3,2,3,3,1,,,60,0.3,0.3,60,,,,60,,3,3,3,2,3,3,1,,,60,0.3,0.3,60,,,,60,,3,5,5,2,3,3,1,,,0.3,0.3,0.3,0.3,5,,,
High Tolerance,,,60,0.3,0.3,60,,,,60,,2,2,3,2,3,3,1,,,60,0.3,0.3,60,,,,60,,2,2,3,2,3,3,1,,,60,0.3,0.3,60,,,,60,,3,3,3,2,3,3,1,,,60,0.3,0.3,60,,,,60,,3,5,5,2,3,3,1,,,0.3,0.3,0.3,0.3,10,,,
Enable,,,1,1,1,1,0,0,0,1,0,1,1,1,1,1,1,1,0,0,1,1,1,1,0,0,0,1,0,1,1,1,1,1,1,1,0,0,1,1,1,1,0,0,0,1,0,1,1,1,1,1,1,1,0,0,1,1,1,1,0,0,0,1,0,1,1,1,1,1,1,1,0,0,1,1,1,1,1,0,0,0
331,1,331,882.692,34.158,34.264,1752.891,42.39,33.015,1.473,1480.144,38.2,-36.928,-34.874,-69.611,-30.031,1.609,-3.836,10.965,117.115,-0.002,799.987,33.732,33.889,1628.269,41.643,33.023,1.499,1422.096,38.886,-41.952,-37.587,-58.763,-28.889,1.162,-3.845,12.003,113.325,-0.004,615.582,31.398,31.571,1169.457,36.155,30.028,1.413,938.538,31.643,-41.629,-30.332,-68.336,-31.099,-0.029,-1.938,7.327,125.869,-0.002,615.862,31.429,31.741,1308.266,33.268,30.022,1.447,1039.626,28.99,-43.871,-40.712,-63.922,-29.667,1.405,-0.792,7.317,123.452,-0.006,-1.679,-1.625,-1.804,-1.86,6.157,55,809.415,10666.333
332,1,332,847.365,34.08,34.199,1718.643,42.6,33.021,1.491,1465.893,38.628,-39.31,-34.2,-69.2,-30.52,1.714,-3.615,10.739,119.077,0,764.74,33.612,33.768,1578.327,41.753,33.033,1.521,1399.036,39.597,-40.695,-38.089,-58.553,-29.683,1.275,-3.602,11.774,120.692,0.009,588.283,31.311,31.524,1163.292,35.964,30.018,1.429,939.17,31.55,-40.278,-33.496,-70.068,-30.887,-0.171,-1.775,7.184,123.964,0.001,588.819,31.281,31.664,1312.123,32.578,30.012,1.472,1053.342,28.531,-42.801,-41.254,-65.233,-29.651,1.244,-0.628,7.007,124.937,0.003,-1.66,-1.625,-1.788,-1.853,6.655,55,799.66,7502.667
333,1,333,875.098,34.141,34.253,1774.599,41.761,33.009,1.496,1504.674,37.532,-34.871,-33.728,-69.185,-30.477,1.577,-3.75,10.584,118.62,0.001,793.16,33.729,33.894,1658.562,40.946,33.021,1.521,1453.5,38.058,-42.471,-37.5,-58.307,-30.957,1.14,-3.798,11.423,119.026,0.004,606.033,31.312,31.519,1175.382,35.539,30.006,1.442,949.945,31.099,-40.913,-32.635,-70.236,-30.536,-0.257,-1.906,6.653,124.841,0,606.392,31.387,31.712,1337.056,32.28,30.002,1.48,1068.36,28.042,-43.847,-42.035,-65.509,-29.664,1.169,-0.749,6.559,126.774,-0.005,-1.702,-1.662,-1.827,-1.896,6.128,55,854.517,7533.667
334,1,334,873.308,34.21,34.313,1776.145,42.316,33.015,1.49,1495.255,37.826,-35.457,-34.88,-69.677,-30.889,1.671,-3.768,10.876,120.404,0.002,790.73,33.688,33.843,1633.798,41.066,33.029,1.526,1436.488,38.561,-41.362,-38.317,-59.092,-30.332,1.26,-3.728,11.6,122.139,-0.006,608.352,31.309,31.504,1154.624,36.074,30.013,1.437,929.265,31.864,-38.355,-32.796,-68.735,-31.174,-0.099,-1.857,6.855,128.149,0.002,608.93,31.366,31.668,1303.614,32.839,30.004,1.472,1037.897,28.924,-41.328,-41.928,-64.014,-30.12,1.318,-0.7,6.729,128.846,-0.004,-1.653,-1.609,-1.785,-1.852,6.557,55,796.797,6715
335,1,335,879.477,34.118,34.215,1727.685,42.536,33.013,1.49,1464.842,38.582,-39.098,-33.426,-69.018,-30.512,1.616,-3.859,10.444,119.59,-0.002,797.029,33.687,33.868,1611.619,41.863,33.032,1.517,1419.267,39.04,-41.895,-37.423,-57.895,-30.196,1.201,-3.87,11.39,120.897,0.004,616.229,31.335,31.553,1169.285,36.009,30.008,1.441,942.518,31.366,-40.34,-33.253,-70.345,-31.039,-0.325,-1.983,6.819,123.596,-0.003,617.16,31.41,31.734,1312.436,33.093,30.011,1.473,1045.907,28.734,-42.603,-43.038,-65.844,-29.917,1.084,-0.848,6.847,124.895,0.004,-1.693,-1.639,-1.793,-1.862,5.206,555,1258.824,8089
336,1,336,858.985,34.082,34.203,1786.028,41.019,33.012,1.524,1530.107,36.943,-33.943,-34.215,-69.872,-30.465,1.555,-3.764,10.141,120.926,0.005,776.651,33.689,33.91,1686.17,40.432,33.02,1.543,1484.15,37.29,-42.632,-37.875,-58.629,-30.787,1.132,-3.675,11.141,122.437,0.004,598.31,31.171,31.392,1150.525,35.286,30.011,1.46,940.076,31.472,-38.944,-32.646,-69.572,-30.066,-0.144,-1.82,6.639,128.262,0.014,598.997,31.151,31.537,1313.27,31.606,30.012,1.507,1068.295,28.113,-41.263,-42.738,-64.906,-29.676,1.296,-0.67,6.38,127.386,0.002,-1.675,-1.628,-1.785,-1.853,6.217,55,803.849,7592.333
337,1,337,847.131,34.009,34.098,1670.607,42.826,33.024,1.488,1437.209,39.41,-36.499,-34.919,-70.323,-30.106,1.502,-3.673,11.074,115.765,-0.003,764.61,33.596,33.752,1558.23,42.131,33.021,1.521,1386.859,39.819,-37.99,-37.143,-58.497,-30.238,1.048,-3.659,11.899,117.72,0.001,593.471,31.193,31.395,1166.258,34.819,30.005,1.455,950.938,31.059,-40.026,-32.888,-68.784,-31.081,0.06,-1.704,6.653,125.911,0.001,593.848,31.246,31.589,1348.421,31.095,30.007,1.504,1092.153,27.436,-42.325,-45.826,-64.1,-29.838,1.468,-0.531,6.423,127.509,-0.003,-1.715,-1.654,-1.818,-1.891,7.14,55,852.711,7780
338,1,338,865.053,34.17,34.288,1786.935,41.81,33.028,1.483,1507.813,37.619,-36.432,-33.607,-69.228,-30.396,1.743,-3.818,10.638,119.67,-0.002,782.644,33.703,33.868,1637.678,41.205,33.028,1.506,1437.495,38.532,-41.661,-37.605,-59.146,-30.585,1.326,-3.804,11.657,120.443,-0.003,601.431,31.234,31.465,1139.524,36.25,30.012,1.42,925.49,31.989,-41.772,-32.691,-70.045,-29.815,-0.23,-1.998,7.287,124.704,-0.004,601.938,31.206,31.605,1290.257,32.726,30.016,1.462,1039.756,28.952,-44.233,-40.878,-65.109,-29.267,1.208,-0.835,7.133,125.537,-0.002,-1.676,-1.64,-1.802,-1.876,6.746,55,802.375,6847
339,1,339,856.403,34.172,34.287,1782.955,41.891,33.028,1.498,1507.82,37.623,-38.635,-33.174,-68.804,-29.824,1.642,-3.709,10.526,120.922,-0.006,773.929,33.722,33.917,1648.319,41.414,33.017,1.518,1444.293,38.258,-42.595,-39.236,-59.034,-30.759,1.242,-3.69,11.414,121.416,-0.005,597.314,31.235,31.44,1157.011,35.472,30.012,1.444,943.226,31.37,-39.198,-31.211,-70.345,-28.779,-0.161,-1.907,6.869,127.292,-0.002,597.343,31.252,31.595,1335.269,31.467,30.012,1.495,1081.45,27.751,-42.951,-48.633,-65.375,-28.656,1.281,-0.749,6.559,127.078,0.007,-1.671,-1.634,-1.786,-1.855,6.205,55,830.496,8080.333
340,1,340,871.825,34.267,34.368,1811.923,41.994,32.992,1.458,1507.211,37.327,-35.929,-32.865,-68.883,-30.491,1.308,-3.717,11.474,111.331,-0.003,788.848,33.802,33.987,1683.94,41.211,33.013,1.481,1456.55,37.91,-41.679,-39.941,-58.857,-30.638,0.913,-3.712,12.301,112.254,-0.012,609.672,31.243,31.454,1149.621,35.82,30.012,1.409,934.336,31.677,-39.435,-33.375,-70.553,-30.185,-0.169,-1.884,7.67,120.156,0.004,610.036,31.284,31.651,1318.698,32.3,30.002,1.445,1058.426,28.32,-43.146,-42.001,-65.429,-29.702,1.255,-0.737,7.421,120.808,-0.007,-1.662,-1.636,-1.794,-1.855,6.624,55,821.443,15038.5
341,1,341,878.377,34.207,34.309,1800.003,41.705,33.005,1.488,1509.97,37.374,-34.192,-32.713,-69.5,-30.192,1.919,-3.804,10.331,125.309,0,796.41,33.8,33.974,1677.534,41.246,33.007,1.508,1457.25,37.841,-40.817,-38.561,-59.495,-30.66,1.567,-3.762,11.223,126.207,-0.001,611.825,31.216,31.417,1144.539,35.683,30.003,1.431,933.098,31.653,-39.947,-32.398,-69.637,-30.542,-0.105,-1.919,7.078,123.877,0.005,612.982,31.253,31.581,1315.755,31.871,30.014,1.478,1063.837,28.247,-44.378,-43.017,-64.867,-29.915,1.321,-0.761,6.884,126.226,-0.004,-1.683,-1.636,-1.8,-1.863,5.924,55,813.27,52458.333
342,1,342,866.661,34.051,34.159,1700.102,42.67,33.022,1.497,1454.682,38.925,-37.785,-34.78,-69.524,-30.226,1.415,-3.7,10.789,113.449,-0.001,784.32,33.598,33.803,1586.183,41.891,33.022,1.521,1398.278,39.515,-39.53,-37.104,-57.868,-30.17,0.967,-3.69,11.634,112.258,0,605.993,31.165,31.419,1150.572,35.509,30.013,1.457,943.384,31.367,-40.884,-32.517,-70.399,-30.584,-0.175,-1.804,6.838,118.249,-0.004,606.489,31.182,31.596,1307.389,32.196,30,1.496,1056.704,28.356,-42.842,-46.6,-65.156,-29.587,1.219,-0.686,6.662,123.938,0,-1.684,-1.635,-1.813,-1.883,7.22,55,809.869,9596.667
343,1,343,883.36,34.125,34.256,1823.615,40.664,32.999,1.515,1546.746,36.441,-33.485,-30.924,-69.154,-31.153,1.631,-3.88,10.426,115.832,0.005,800.572,33.76,33.979,1714.776,40.406,33.013,1.523,1493.27,37.01,-38.523,-39.734,-59.893,-31.339,1.233,-3.81,11.375,116.915,0.009,614.401,31.307,31.509,1152.005,36.197,30.006,1.427,932.832,31.687,-41.361,-31.67,-69.432,-30.764,-0.386,-2.064,7.186,119.159,0.003,615.057,31.352,31.671,1288.961,33.261,30.023,1.462,1034.374,29.152,-43.899,-40.029,-64.699,-29.667,1,-0.889,7.17,122.12,0.002,-1.685,-1.636,-1.8,-1.857,6.181,55,743.756,15415
344,1,344,871.431,34.156,34.256,1771.331,41.869,33.028,1.489,1499.429,37.829,-38.288,-30.076,-69.958,-30.554,1.599,-3.849,10.49,120.549,-0.007,788.709,33.773,33.963,1671.613,41.285,33.025,1.51,1457.732,37.984,-42.916,-34.142,-58.418,-30.733,1.166,-3.846,11.406,122.938,0.008,611.616,31.314,31.504,1162.411,35.821,30.005,1.432,938.131,31.489,-41.363,-30.862,-69.564,-31.063,-0.29,-2.016,6.645,128.171,-0.007,612.055,31.363,31.683,1316.06,32.617,30.007,1.469,1051.271,28.557,-43.664,-45.17,-64.81,-29.879,1.086,-0.858,6.557,128.604,-0.004,-1.694,-1.644,-1.788,-1.85,5.907,55,782.831,34399.667
345,1,345,887.261,34.119,34.249,1804.846,41.019,33.027,1.491,1524.286,37.209,-30.682,-27.567,-69.322,-31.5,1.842,-3.746,10.264,124.193,0,804.967,33.608,33.894,1679.033,40.456,33.018,1.516,1477.15,37.442,-39.089,-34.697,-58.712,-31.752,1.427,-3.714,11.113,125.564,-0.005,616.035,31.415,31.6,1165.488,36.526,30.004,1.412,930.603,31.747,-43.764,-33.892,-70.149,-30.479,-0.258,-1.933,6.7,124.744,0.001,616.534,31.476,31.781,1303.225,33.713,30.001,1.444,1029.348,29.159,-42.45,-37.37,-65.548,-29.678,1.188,-0.813,6.773,130.229,-0.004,-1.696,-1.647,-1.788,-1.856,6.326,55,805.988,11888
346,1,346,888.836,34.114,34.256,1784.896,41.55,33.009,1.483,1508.988,37.43,-36.772,-32.771,-69.131,-32.003,1.523,-3.745,10.455,117.154,0.002,806.582,33.664,33.892,1651.99,41.085,33.029,1.507,1452.296,38.156,-42.061,-38.622,-59.136,-31.958,1.1,-3.671,11.361,122.391,0.005,617.092,31.273,31.464,1149.677,35.903,30.004,1.421,932.875,31.67,-40.633,-31.897,-67.924,-30.156,-0.032,-1.844,6.904,126.602,0.002,617.437,31.32,31.637,1297.314,32.768,29.999,1.458,1041.244,28.795,-43.465,-40.071,-63.723,-29.446,1.401,-0.705,6.815,127.327,-0.008,-1.669,-1.623,-1.795,-1.864,6.055,55,819.947,16246.667
347,1,347,869.418,34.167,34.278,1756.95,42.434,33.01,1.472,1477.85,38.219,-42.908,-34.015,-69.183,-29.059,1.499,-3.651,10.723,121.687,-0.006,786.743,33.742,33.927,1637.131,41.785,33.024,1.496,1427.557,38.755,-38.982,-38.782,-58.056,-29.93,1.069,-3.682,11.526,121.561,0.005,608.704,31.3,31.518,1171.151,35.661,30,1.421,946.681,31.162,-40.809,-32.103,-69.138,-27.094,-0.206,-1.856,6.746,129.871,0.002,608.966,31.344,31.708,1334.615,32.316,30.012,1.459,1067.824,28.126,-43.043,-42.846,-65.072,-27.331,1.24,-0.698,6.608,130.533,0,-1.628,-1.594,-1.762,-1.829,7.599,55,852.949,13994.333
348,1,348,867.98,34.169,34.279,1774.315,42.027,33.01,1.484,1499.13,37.683,-32.042,-34.581,-69.139,-30.783,1.524,-3.734,10.742,118.823,-0.007,785.56,33.76,33.981,1674.277,41.383,33.017,1.507,1454.353,38.003,-40.033,-37.48,-58.203,-30.739,1.079,-3.764,11.727,120.377,-0.006,605.979,31.347,31.536,1155.724,36.309,30.011,1.421,932.562,31.728,-40.203,-32.511,-67.664,-30.206,-0.001,-1.833,7.517,115.946,0.001,606.745,31.351,31.688,1301.011,33.06,30.004,1.458,1040.917,28.833,-42.58,-39.433,-63.087,-29.468,1.478,-0.667,7.415,122.489,-0.01,-1.658,-1.599,-1.778,-1.841,6.507,55,792.924,23940.667
349,1,349,855.414,34.182,34.272,1765.899,42.159,33.021,1.497,1494.992,37.876,-35.045,-35.674,-71.715,-30.548,1.629,-3.638,10.895,119.709,0.002,773.034,33.678,33.875,1644.663,41.1,33.027,1.527,1444.462,38.346,-41.736,-37.672,-58.978,-30.796,1.192,-3.616,11.547,119.49,-0.003,598.335,31.248,31.445,1156.008,35.543,30.016,1.445,936.697,31.627,-37.702,-33.212,-66.779,-30.373,0.012,-1.658,7.028,125.442,0.003,598.785,31.228,31.575,1313.907,31.865,30.018,1.491,1060.069,28.379,-41.223,-41.052,-62.521,-29.604,1.458,-0.494,6.797,126.358,-0.017,-1.652,-1.595,-1.767,-1.831,6.285,55,803.791,8384.667
350,1,350,826.469,33.946,34.049,1659.609,42.626,33.034,1.508,1446.277,39.256,-37.935,-33.578,-70.35,-29.584,1.475,-3.715,9.623,140.074,0.007,743.909,33.382,33.607,1519.243,41.761,33.034,1.55,1390.016,39.853,-42.125,-38.602,-58.472,-28.029,1.028,-3.707,10.868,143.247,-0.001,584.407,31.262,31.465,1147.9,35.973,29.998,1.442,926.454,31.851,-39.409,-32.682,-69.439,-30.676,-0.271,-1.846,5.548,144.508,0.004,585.054,31.289,31.614,1277.631,33.137,30.022,1.473,1026.367,29.384,-40.128,-44.243,-65.253,-29.533,1.148,-0.712,5.579,141.834,-0.011,-1.647,-1.617,-1.777,-1.845,7.312,55,767.676,6825.333
351,1,351,871.989,34.189,34.315,1825.184,41.189,33.018,1.498,1537.294,36.825,-36.474,-31.117,-68.92,-30.936,1.835,-3.704,10.767,115.249,0.001,788.731,33.808,33.984,1695.978,40.896,33.02,1.506,1472.034,37.587,-40.658,-40.626,-60.059,-31.053,1.4,-3.783,11.708,115.871,0.002,609.434,31.33,31.517,1162.047,35.943,30.015,1.425,938.926,31.54,-40.497,-30.913,-68.549,-31.007,-0.052,-1.922,7.095,122.847,0.007,609.837,31.365,31.691,1303.175,33.019,30.011,1.458,1041.072,28.874,-43.026,-42.3,-64.137,-29.81,1.321,-0.8,7.042,123.901,-0.001,-1.634,-1.589,-1.768,-1.831,6.247,55,762.524,8893
352,1,352,855.037,34.182,34.308,1788.193,41.971,33.025,1.483,1508.366,37.583,-34.14,-34.649,-69.732,-31.109,1.73,-3.707,11.09,114.986,-0.004,772.718,33.743,33.927,1667.486,41.042,33.012,1.504,1452.045,38.016,-41.408,-37.805,-58.267,-31.077,1.253,-3.727,11.857,115.894,0.007,593.788,31.326,31.531,1165.657,35.946,30.001,1.426,942.212,31.322,-40.1,-32.997,-68.301,-30.077,-0.014,-1.775,7.278,124.176,0.004,594.186,31.342,31.701,1330.456,32.37,30,1.469,1065.904,28.099,-44.33,-41.156,-63.426,-29.291,1.434,-0.62,7.019,120.082,-0.007,-1.656,-1.605,-1.772,-1.843,6.873,55,843.543,8900
353,1,353,878.151,34.172,34.281,1755.307,42.493,33.021,1.458,1481.992,38.204,-37.211,-34.177,-70.328,-31.07,1.493,-3.793,11.125,116.721,-0.001,795.936,33.773,33.918,1654.1,41.283,33.023,1.484,1437.768,38.478,-41.498,-37.597,-58.297,-31.461,0.987,-3.815,11.815,117.608,-0.004,611.943,31.33,31.518,1190.72,35.06,30.012,1.416,960.731,30.778,-38.058,-31.904,-67.905,-30.446,-0.078,-1.87,6.991,127.375,0.004,612.738,31.371,31.696,1348.087,31.88,30.001,1.452,1076.963,27.803,-42.101,-49.728,-63.455,-29.165,1.327,-0.738,6.834,128.602,0.001,-1.658,-1.612,-1.782,-1.849,7.344,55,761.299,6677.667
354,1,354,882.106,34.229,34.34,1821.938,41.5,33.01,1.49,1524.182,37.065,-37.419,-31.724,-69.13,-30.847,1.725,-3.647,10.952,113.287,0.001,800.293,33.859,34.026,1700.979,41.172,33.007,1.5,1462.517,37.71,-42.789,-40.408,-60.164,-30.864,1.262,-3.706,11.834,118.886,0.004,614.41,31.296,31.503,1165.47,35.714,30.007,1.429,943.567,31.321,-39.604,-31.136,-68.712,-31.11,-0.034,-1.806,7.252,119.532,-0.002,614.665,31.361,31.697,1328.32,32.398,30.022,1.471,1065.659,28.247,-43.521,-43.314,-64.417,-29.968,1.379,-0.62,7.174,121.335,-0.001,-1.644,-1.6,-1.772,-1.835,6.581,55,745.623,17180.667
355,1,355,871.09,34.095,34.197,1716.636,42.632,33.012,1.485,1455.696,38.811,-40.244,-33.739,-68.661,-30.441,1.516,-3.804,10.748,117.533,0.003,788.462,33.64,33.837,1598.683,41.894,33.024,1.512,1409.29,39.242,-40.176,-37.966,-57.756,-31.132,1.08,-3.817,11.667,119.223,0.003,607.259,31.347,31.557,1180.161,35.695,30.011,1.429,952.803,31.035,-40.515,-32.688,-69.693,-29.695,-0.117,-1.932,7.11,122.581,0.005,608.021,31.407,31.748,1340.476,32.461,30.011,1.468,1069.927,28.061,-41.472,-40.573,-65.047,-29.216,1.3,-0.772,6.998,124.101,-0.003,-1.655,-1.607,-1.781,-1.845,7.229,55,759.49,16468
356,1,356,878.471,34.152,34.25,1756.508,42.169,33.017,1.482,1482.747,38.155,-37.546,-31.831,-69.052,-30.701,1.453,-3.678,10.965,115.759,0.002,795.469,33.78,33.933,1635.574,41.888,33.025,1.5,1422.607,38.895,-44.245,-40.173,-59.592,-30.852,0.99,-3.675,11.831,111.447,0,616.236,31.241,31.447,1163.935,35.31,30.017,1.434,948.615,31.219,-39.434,-31.648,-68.536,-31.299,-0.116,-1.782,7.102,121.344,0.001,616.434,31.325,31.665,1325.954,32.223,30.022,1.47,1065.048,28.265,-42.211,-44.746,-64.312,-29.971,1.317,-0.572,7.023,123.258,-0.003,-1.66,-1.627,-1.795,-1.862,6.94,55,777.872,15184.667
357,1,357,888.688,34.225,34.324,1828.42,41.195,33.019,1.501,1539.487,36.784,-32.184,-32.521,-69.256,-30.463,1.68,-3.731,10.476,117.84,0.007,805.927,33.836,33.998,1719.943,40.474,33.016,1.521,1490.126,37.113,-39.231,-38.799,-58.965,-31.005,1.295,-3.724,11.254,118.519,0.002,619.641,31.204,31.405,1137.18,35.823,29.997,1.446,927.676,31.8,-39.786,-32.302,-69.182,-30.037,-0.016,-1.871,6.675,125.627,0.005,620.025,31.263,31.591,1294.492,32.504,30.044,1.492,1049.65,28.845,-43.085,-41.117,-64.44,-29.645,1.452,-0.68,6.557,126.815,-0.002,-1.676,-1.62,-1.789,-1.856,5.822,55,814.707,23007
358,1,358,873.279,34.054,34.155,1674.641,43.289,33.027,1.478,1420.988,39.881,-35.17,-32.404,-68.763,-30.699,1.689,-3.56,11.016,117.074,-0.005,791.007,33.592,33.723,1529.349,42.622,33.04,1.508,1359.877,40.764,-39.413,-38.927,-58.455,-30.751,1.296,-3.545,11.938,111.741,-0.003,610.329,31.315,31.506,1165.708,35.735,30.005,1.435,941.41,31.377,-40.52,-32.513,-68.488,-31.13,0.085,-1.665,6.699,127.597,-0.003,610.501,31.414,31.739,1325.62,32.784,30.018,1.469,1054.414,28.538,-41.207,-41.087,-64.288,-29.831,1.478,-0.51,6.689,129.796,-0.006,-1.662,-1.622,-1.806,-1.874,7.432,55,822.189,10683
359,1,359,869.307,34.18,34.286,1766.168,42.281,33.019,1.477,1484.462,38.132,-39.057,-32.904,-69.012,-30.374,1.636,-3.719,11.206,111.161,-0.002,786.743,33.741,33.872,1627.064,41.504,33.02,1.499,1422.362,38.858,-41.187,-38.318,-58.709,-29.686,1.195,-3.711,12.183,112.298,0,604.34,31.325,31.524,1161.757,36.01,30.002,1.422,936.179,31.537,-40.217,-31.61,-67.787,-31.25,0.022,-1.846,7.346,118.634,-0.01,604.454,31.373,31.713,1307.363,33.077,30.011,1.456,1042.143,28.843,-42.259,-41.919,-63.46,-29.913,1.473,-0.645,7.344,120.354,-0.002,-1.657,-1.62,-1.801,-1.865,7.058,55,774.898,8378
360,1,360,880.02,34.104,34.199,1690.377,43.315,33.033,1.459,1437.127,39.497,-37.475,-36.144,-69.247,-31.123,1.48,-3.654,10.872,123.981,-0.005,797.676,33.636,33.757,1573.538,41.77,33.038,1.497,1389.088,39.916,-38.376,-37.786,-57.973,-31.371,1.038,-3.654,11.647,126.571,-0.001,607.586,31.308,31.508,1186.628,35.098,30.005,1.416,957.894,30.82,-38.139,-32.799,-68.689,-30.592,-0.016,-1.735,7.007,127.722,-0.004,608.262,31.394,31.718,1352.746,31.927,30.009,1.452,1079.861,27.776,-41.916,-47.429,-63.873,-29.528,1.43,-0.537,6.854,128.864,-0.001,-1.649,-1.601,-1.78,-1.842,7.555,55,799.313,8414
361,1,361,858.506,34.137,34.27,1767.459,42.098,33.024,1.503,1494.507,37.914,-37.677,-33.469,-69.085,-30.65,1.726,-3.62,10.45,115.435,-0.007,776.018,33.725,33.881,1628.614,41.558,33.02,1.521,1427.539,38.713,-42.812,-38.805,-58.934,-30.71,1.291,-3.613,11.446,122.566,0,601.996,31.215,31.407,1148.091,35.489,30.012,1.444,935.88,31.619,-39.623,-32.801,-68.936,-30.823,-0.104,-1.798,6.759,126.948,0.003,602.445,31.265,31.575,1312.346,31.911,30.02,1.492,1062.981,28.312,-43.087,-44.058,-64.327,-29.821,1.295,-0.65,6.56,128.295,0.011,-1.652,-1.621,-1.792,-1.853,6.174,55,786.341,20750.333
362,1,362,868.451,34.055,34.152,1694.044,42.764,33.022,1.485,1450.731,39.034,-34.474,-34.575,-70.453,-31.234,1.391,-3.761,10.799,122.923,-0.001,786.207,33.636,33.792,1589.692,41.691,33.023,1.522,1409.509,39.225,-39.486,-37.858,-58.039,-30.958,0.949,-3.797,11.488,125.247,-0.002,604.185,31.187,31.392,1160.272,34.983,30.017,1.448,944.696,31.353,-38.782,-32.251,-69.414,-31.341,-0.148,-1.88,6.441,133.366,-0.001,604.832,31.275,31.602,1324.52,31.79,30.017,1.485,1067.241,28.176,-41.704,-51.97,-64.415,-29.955,1.22,-0.702,6.236,134.972,-0.006,-1.686,-1.638,-1.794,-1.856,6.512,55,808.507,9373.667
363,1,363,848.742,33.975,34.061,1636.57,43.353,33.04,1.479,1406.211,40.425,-33.962,-33.415,-69.422,-30.081,1.583,-3.678,11.525,112.186,-0.002,766.415,33.547,33.693,1513.692,42.753,33.046,1.513,1354.854,40.965,-36.811,-38.355,-58.248,-30.208,1.18,-3.693,12.304,112.592,0.005,593.932,31.138,31.371,1141.113,35.419,30.007,1.444,936.513,31.566,-39.551,-33.805,-69.516,-30.037,0.027,-1.796,7.155,123.096,0.004,594.668,31.231,31.579,1305.256,32.13,30.004,1.479,1055.208,28.428,-41.511,-41.799,-64.377,-29.359,1.401,-0.636,7.038,123.611,0.008,-1.659,-1.612,-1.783,-1.846,7.218,55,801.445,23596
364,1,364,868.864,34.176,34.3,1771.482,42.293,33.004,1.472,1488.355,37.903,-34.982,-33.443,-68.927,-30.649,1.637,-3.619,10.829,114.515,-0.004,787.088,33.729,33.883,1633.353,41.458,33.022,1.498,1429.707,38.684,-41.245,-38.705,-58.802,-30.78,1.167,-3.607,11.828,121.138,0.005,604.376,31.193,31.398,1132.045,35.935,30.01,1.418,924.879,31.993,-39.84,-33.629,-68.312,-30.552,-0.076,-1.713,7.217,123.992,-0.002,604.821,31.254,31.577,1292.49,32.448,30.002,1.455,1042.398,28.78,-42.893,-39.955,-63.564,-29.588,1.367,-0.544,7.085,125.446,0.001,-1.641,-1.608,-1.784,-1.85,6.647,55,800.86,7359.667
365,1,365,871.866,34.123,34.27,1822.34,40.825,33.004,1.52,1549.748,36.413,-31.885,-33.132,-69.403,-31.577,1.426,-3.777,10.255,123.875,-0.002,789.529,33.742,33.945,1724.865,39.863,33.007,1.535,1505.955,36.655,-40.172,-39.558,-58.66,-31.743,1.015,-3.738,10.985,124.015,0.003,607.22,31.217,31.409,1150.493,35.422,29.999,1.449,932.749,31.634,-39.229,-33.018,-68.896,-30.793,-0.276,-1.899,6.522,132.98,0.001,607.507,31.251,31.563,1304.66,32.021,30.03,1.494,1055.445,28.591,-43.309,-45.823,-64.283,-29.485,1.173,-0.71,6.293,133.337,0.003,-1.67,-1.633,-1.794,-1.851,5.433,55,846.849,30601.333
366,1,366,861.774,34.145,34.254,1781.732,41.6,33.011,1.495,1508.722,37.451,-34.504,-32.12,-69.7,-31.06,1.572,-3.715,10.757,116.952,-0.002,779.214,33.706,33.885,1653.36,40.982,33.026,1.52,1456.995,38.016,-40.461,-37.402,-58.903,-30.755,1.169,-3.65,11.56,122.05,-0.002,595.093,31.295,31.502,1159.111,35.91,30.024,1.434,937.056,31.668,-40.352,-33.033,-68.65,-30.75,-0.056,-1.734,6.596,132.751,-0.004,595.52,31.324,31.651,1309.474,32.553,30.007,1.471,1049.83,28.598,-43.196,-40.993,-63.765,-29.72,1.331,-0.59,6.491,133.913,-0.001,-1.689,-1.642,-1.803,-1.865,6.054,55,750.958,11560.667
367,1,367,840.099,34.192,34.289,1761.235,42.438,33.004,1.473,1483.3,38.025,-37.828,-35.334,-69.702,-29.489,1.576,-3.755,11.227,110.872,0,757.169,33.644,33.883,1633.888,41.448,33.017,1.503,1436.344,38.46,-41.159,-37.104,-57.551,-29.548,1.196,-3.676,12.06,113.927,-0.002,586.842,31.318,31.553,1169.857,35.995,30.012,1.421,946.217,31.266,-42.836,-33.821,-70.632,-30.405,-0.224,-1.9,7.559,118.408,0.007,587.456,31.331,31.722,1320.065,32.803,30.004,1.456,1055.42,28.421,-43.461,-41.472,-65.297,-29.425,1.21,-0.742,7.484,119.479,-0.001,-1.7,-1.657,-1.811,-1.888,6.78,55,775.26,21585.333
368,1,368,877.654,34.125,34.245,1800.036,41.091,32.994,1.507,1522.97,36.963,-31.985,-31.233,-69.664,-31.466,1.85,-3.667,10.627,118.574,0.001,795.235,33.808,33.986,1701.371,40.784,33.011,1.52,1476.787,37.392,-39.207,-38.915,-59.08,-31.392,1.452,-3.626,11.426,119.025,0.006,608.571,31.335,31.509,1158.959,35.98,30.019,1.435,933.436,31.756,-41.622,-32.459,-68.501,-30.636,-0.061,-1.811,6.905,127.235,-0.015,609.319,31.387,31.685,1314.072,32.68,30.017,1.474,1049.808,28.665,-44.141,-41.537,-63.751,-29.45,1.345,-0.648,6.708,128.396,0.003,-1.652,-1.619,-1.78,-1.846,5.68,55,776.238,20980
369,1,369,876.918,34.091,34.197,1699.919,43.05,33.001,1.47,1438.015,39.184,-37.873,-33.205,-69.148,-31.445,1.747,-3.687,10.676,120.986,0.004,795.145,33.638,33.807,1570.062,42.353,33.038,1.501,1384.99,40.032,-40.998,-37.747,-58.559,-30.535,1.376,-3.65,11.528,122.957,0.005,609.912,31.325,31.532,1165.733,35.946,30.012,1.42,937.664,31.562,-40.171,-31.62,-68.228,-31.953,0.053,-1.799,7.054,124.94,-0.001,610.635,31.432,31.751,1313.662,33.191,30.012,1.449,1041.025,28.881,-43.41,-43.89,-63.703,-30.097,1.403,-0.639,7.029,126.123,-0.005,-1.636,-1.587,-1.768,-1.828,7.135,55,762.398,6852.667
370,1,370,868.181,34.127,34.235,1759.629,41.949,33.015,1.503,1492.396,37.895,-37.218,-33.516,-69.537,-30.515,1.343,-3.72,10.683,117.77,0.007,785.927,33.705,33.898,1647.708,41.244,33.013,1.53,1443.33,38.25,-41.315,-38.471,-58.569,-30.374,0.934,-3.654,11.549,118.588,0.007,607.931,31.159,31.375,1150.942,35.137,30.019,1.456,943.15,31.42,-38.836,-31.448,-69.54,-31.09,-0.079,-1.861,6.927,123.573,0.003,608.172,31.211,31.565,1323.434,31.548,30.016,1.499,1073.536,27.991,-42.112,-53.993,-64.689,-30.022,1.31,-0.697,6.697,123.58,-0.002,-1.629,-1.594,-1.762,-1.833,6.454,55,798.845,16972.333
371,1,371,879.334,34.126,34.236,1764.295,41.845,33.017,1.496,1495.848,37.826,-36.77,-32.208,-69.476,-30.686,1.482,-3.864,10.933,115.421,0.002,796.116,33.775,33.96,1666.608,41.374,33.018,1.517,1453.084,38.041,-43.32,-39.873,-58.518,-30.752,1.087,-3.838,11.762,115.96,0.002,613.011,31.363,31.55,1180.732,35.624,30.02,1.44,950.182,31.185,-39.04,-31.475,-69.439,-31.518,-0.155,-1.923,6.935,123.23,0.001,613.55,31.401,31.716,1328,32.542,30.019,1.478,1061.126,28.356,-40.569,-43.16,-64.734,-29.904,1.256,-0.753,6.879,124.964,-0.007,-1.642,-1.6,-1.756,-1.817,5.872,55,829.312,20826
372,1,372,833.548,34.034,34.166,1755.063,41.4,33.021,1.512,1508.906,37.533,-39.2,-33.831,-68.836,-30.4,1.534,-3.731,10.538,115.964,-0.007,751.085,33.55,33.82,1622.876,41.116,33.016,1.527,1443.111,38.279,-43.047,-37.079,-58.836,-30.069,1.175,-3.638,11.613,117.664,0.003,583.343,31.21,31.463,1157.133,35.652,30.018,1.438,942.072,31.454,-42.144,-30.989,-69.005,-30.473,-0.087,-1.829,7.286,121.979,0.004,583.818,31.224,31.641,1315.305,32.32,30.029,1.482,1061.73,28.405,-42.4,-48.616,-64.127,-29.535,1.362,-0.66,7.116,122.03,-0.003,-1.683,-1.635,-1.801,-1.869,6.273,55,811.591,10191.333
373,1,373,839.847,34.076,34.186,1741.685,41.91,33.006,1.494,1480.485,38.112,-38.698,-31.213,-70.776,-29.772,1.538,-3.735,10.406,122.861,-0.009,757.017,33.668,33.955,1646.514,41.821,32.991,1.506,1435.215,38.256,-42.627,-39.487,-58.431,-30.281,1.143,-3.68,11.294,122.576,0.003,581.675,31.128,31.368,1133.322,35.649,29.986,1.441,928.661,31.688,-39.256,-32.069,-68.661,-30.382,-0.009,-1.779,6.84,127.294,0.005,582.297,31.1,31.534,1291.534,32.157,30.047,1.488,1053.428,28.758,-41.598,-44.798,-63.62,-29.522,1.441,-0.547,6.635,126.563,-0.001,-1.644,-1.592,-1.767,-1.826,6.734,55,810.885,25313
374,1,374,858.553,34.104,34.219,1744.108,42.168,33.011,1.491,1479.238,38.196,-38.551,-33.488,-69.515,-30.723,1.5,-3.693,10.996,115.272,0.002,776.511,33.693,33.861,1625.436,41.448,33.026,1.516,1429.668,38.716,-41.22,-37.887,-58.829,-30.378,1.082,-3.667,11.92,116.569,0,603.081,31.287,31.482,1168.853,35.439,29.993,1.442,945.76,31.143,-38.994,-32.419,-68.346,-31.249,0.018,-1.747,7.06,124.479,-0.002,603.455,31.346,31.669,1331.383,32.106,30,1.484,1067.425,28.061,-40.887,-46.947,-63.54,-29.942,1.403,-0.57,6.916,125.002,0.002,-1.635,-1.591,-1.766,-1.836,6.512,55,744.541,6665
375,1,375,870.957,34.127,34.23,1731.215,42.589,33.034,1.478,1466.942,38.712,-39.59,-36.717,-68.855,-31.413,1.775,-3.693,10.916,117.801,0.006,788.174,33.679,33.834,1611.403,41.54,33.032,1.509,1414.952,39.159,-40.214,-35.397,-58.119,-30.561,1.376,-3.679,11.774,118.924,0.004,606.385,31.455,31.66,1196.479,36.035,30.022,1.418,951.718,31.149,-40.513,-30.752,-68.454,-30.78,0.029,-1.797,6.951,126.023,0.005,606.694,31.522,31.839,1342.928,33.084,30.008,1.454,1058.084,28.372,-42.413,-41.463,-63.299,-29.548,1.445,-0.626,6.991,124.601,0,-1.681,-1.625,-1.789,-1.868,7.243,55,747.277,6136.333
376,1,376,880.553,34.108,34.224,1797.591,40.959,33.006,1.518,1527.795,36.945,-33.802,-32.505,-69.944,-30.859,1.346,-3.78,10.335,119.417,-0.003,798.492,33.783,33.962,1708.949,40.384,33.028,1.533,1490.359,37.209,-40.141,-38.137,-58.838,-31.167,0.959,-3.698,11.187,120.053,0.01,616.912,31.342,31.537,1168.375,35.904,30.009,1.446,940.166,31.448,-40.196,-30.956,-68.472,-30.515,-0.098,-1.857,6.622,123.417,-0.004,617.12,31.391,31.701,1302.956,33.109,29.994,1.477,1036.657,28.888,-41.534,-39.867,-63.334,-29.521,1.295,-0.738,6.64,127.76,0.005,-1.67,-1.617,-1.771,-1.838,5.863,55,792.133,9813.333
377,1,377,880.365,34.162,34.271,1763.806,42.201,33.018,1.492,1487.798,38.037,-38.268,-33.796,-68.83,-30.686,1.638,-3.755,10.457,121.517,0.001,797.985,33.78,33.92,1650.574,41.388,33.028,1.518,1439.673,38.471,-41.609,-38.613,-58.01,-31.385,1.246,-3.772,11.356,120.272,-0.001,616.161,31.312,31.502,1167.329,35.655,30.015,1.44,942.798,31.403,-39.347,-31.909,-70.389,-30.042,-0.186,-1.918,6.685,125.721,0.005,616.758,31.35,31.678,1320.785,32.456,30.007,1.48,1057.649,28.378,-42.852,-45.225,-65.171,-29.297,1.199,-0.774,6.573,127.819,-0.009,-1.633,-1.599,-1.759,-1.818,6.162,55,811.887,26988.333
378,1,378,885.65,34.2,34.312,1781.782,42.162,33.018,1.471,1493.529,37.887,-36.501,-31.92,-68.821,-29.918,1.776,-3.654,11.153,113.083,-0.003,803.385,33.781,33.898,1642.506,41.375,33.018,1.493,1430.225,38.629,-40.683,-39.628,-58.212,-28.483,1.39,-3.689,12.203,114.874,-0.003,619.342,31.404,31.599,1186.014,35.866,30.015,1.414,948.637,31.204,-40.565,-31.875,-69.503,-30.955,-0.054,-1.843,7.464,113.783,-0.002,619.378,31.498,31.796,1345.023,32.706,30.021,1.454,1065.756,28.243,-41.762,-42.574,-64.56,-29.821,1.357,-0.671,7.443,118.616,0,-1.626,-1.586,-1.753,-1.81,6.1,55,763.617,28275
379,1,379,852.197,34.101,34.201,1760.103,41.611,33.015,1.499,1497.307,37.771,-35.604,-31.116,-70.251,-29.98,1.383,-3.795,10.951,114.21,-0.001,770.086,33.779,34.013,1679.799,41.56,33.006,1.511,1456.528,37.853,-41.581,-40.342,-59.007,-30.106,0.979,-3.734,11.758,115.979,-0.003,589.908,31.192,31.416,1146.545,35.609,30.009,1.447,937.783,31.536,-39.525,-31.582,-70.295,-30.864,-0.091,-1.919,7.117,123.555,-0.01,590.469,31.224,31.588,1309.125,32.095,30.018,1.49,1060.094,28.376,-42.796,-48.712,-65.065,-29.601,1.306,-0.698,6.953,123.679,0.008,-1.634,-1.594,-1.758,-1.821,6.226,55,811.382,18904
380,1,380,872.222,34.065,34.154,1680.062,43.131,33.025,1.492,1433.388,39.524,-39.074,-36.355,-70.157,-31.225,1.609,-3.692,10.518,122.277,0.002,789.63,33.587,33.711,1554.861,41.815,33.032,1.528,1378.601,40.151,-36.293,-37.146,-58.073,-31.019,1.162,-3.69,11.372,122.887,-0.002,615.593,31.344,31.534,1182.48,35.437,30.009,1.447,954.004,30.978,-38.501,-32.099,-68.308,-31.033,-0.037,-1.782,6.706,127.302,-0.003,615.862,31.403,31.708,1338.243,32.223,29.991,1.485,1067.795,27.991,-42.57,-46.428,-63.161,-29.826,1.333,-0.621,6.532,127.628,0.011,-1.639,-1.584,-1.764,-1.826,7.03,55,768.932,7409.667
381,1,381,881.825,34.264,34.391,1868.05,41.103,33.034,1.503,1565.943,36.292,-36.016,-41.416,-68.89,-30.9,1.178,-3.914,10.2,130.642,0.004,799.211,33.761,33.793,1734.654,39.027,33.032,1.528,1500.234,37.006,-41.537,-36.05,-58.394,-30.551,0.794,-3.867,11.078,130.57,-0.027,623.015,31.246,31.448,1170.407,34.398,30.033,1.461,970.428,30.605,-35.89,-34.132,-70.782,-29.524,-0.137,-1.992,6.528,138.646,-0.024,625.49,31.226,31.567,1338.229,30.584,30.024,1.515,1102.506,27.274,-48.133,-43.961,-65.485,-29.066,1.302,-0.858,6.145,136.451,-0.035,-1.659,-1.609,-1.775,-1.828,13.844,65,791.733,210390.333
382,1,382,894.017,34.29,34.403,1828.624,42.118,33.028,1.477,1524.762,37.21,-35.898,-41.382,-68.431,-28.81,1.306,-3.83,10.308,129.34,0.015,813.141,33.782,33.825,1704.6,39.998,33.01,1.499,1453.833,37.959,-40.915,-36.48,-58.499,-28.113,0.893,-3.841,11.169,132.41,-0.023,628.715,31.396,31.584,1208.114,34.356,30.03,1.444,993.784,29.847,-37.084,-33.695,-70.395,-27.179,-0.103,-1.925,6.744,139.536,-0.018,629.441,31.389,31.729,1380.214,30.718,30.028,1.496,1126.833,26.68,-45.066,-41.752,-65.543,-27.124,1.336,-0.773,6.379,137.53,-0.041,-1.649,-1.614,-1.767,-1.826,13.702,65,802.005,1991.333
383,1,383,883.782,34.152,34.306,1915.498,39.288,33.016,1.545,1629.501,34.748,-33.331,-34.972,-68.037,-31.71,1.27,-3.863,9.782,127.133,-0.015,802.091,33.629,33.801,1750.661,38.744,33.023,1.552,1543.514,35.932,-40.841,-37.661,-59.414,-31.357,0.876,-3.82,10.656,127.098,-0.022,619.406,31.252,31.469,1188.807,34.014,30.041,1.482,990.685,30.018,-39.037,-30.396,-69.761,-31.479,-0.088,-1.926,6.109,136.809,-0.025,620.111,31.18,31.544,1345.613,30.245,30.017,1.536,1116.275,26.876,-44.497,-40.691,-65.042,-30.6,1.331,-0.8,5.766,134.852,-0.04,-1.663,-1.628,-1.787,-1.863,13.95,65,778.843,698.236
384,1,384,872.214,34.094,34.168,1884.294,38.706,33.027,1.536,1631.45,34.795,-32.429,-50.165,-69.438,-31.392,1.254,-3.929,10.289,125.716,-0.003,788.843,33.544,33.585,1741.136,37.062,33.039,1.571,1557.761,35.745,-41.659,-33.593,-57.887,-30.978,0.846,-3.905,11.236,127.449,-0.022,617.034,31.343,31.553,1203.428,34.238,30.024,1.464,990.276,29.915,-38.723,-31.42,-70.592,-30.625,-0.18,-2.011,6.807,136.005,-0.021,617.563,31.249,31.61,1371.61,30.088,30.035,1.528,1132.837,26.579,-43.774,-41.84,-65.242,-30.056,1.284,-0.84,6.373,133.549,-0.041,-1.652,-1.627,-1.779,-1.855,13.812,65,769.54,766.394
385,1,385,881.356,34.17,34.243,1933.225,38.361,33.038,1.529,1663.694,34.21,-31.134,-36.86,-68.357,-31.148,1.176,-3.934,10.045,130.997,-0.005,799.225,33.72,33.817,1802.588,37.776,33.038,1.538,1579.176,35.266,-39.974,-36.143,-58.836,-30.721,0.76,-3.911,11.037,131.721,-0.027,618.22,31.407,31.589,1203.032,34.543,30.033,1.443,985.867,30.112,-39.1,-30.463,-70.323,-29.708,-0.217,-2.025,6.829,139.888,-0.021,618.529,31.363,31.689,1355.416,31.032,30.029,1.494,1105.737,27.223,-44.983,-40.579,-65.118,-29.144,1.222,-0.874,6.554,136.061,-0.034,-1.661,-1.623,-1.787,-1.863,13.895,65,780.197,814.508
386,1,386,876.024,34.121,34.269,1895.248,39.383,33.019,1.548,1619.061,34.99,-33.169,-35.405,-68.188,-30.711,1.233,-3.896,9.417,130.925,-0.012,794.593,33.667,33.774,1743.029,38.665,33.026,1.557,1534.696,36.152,-41.629,-37.482,-59.379,-30.2,0.803,-3.872,10.261,133.511,-0.021,615.556,31.287,31.492,1186.054,34.272,30.022,1.474,982.775,30.136,-39.428,-30.441,-70.344,-29.33,-0.193,-2.009,6.233,136.838,-0.02,616.139,31.242,31.594,1334.042,30.876,30.034,1.526,1101.494,27.362,-43.287,-40.678,-65.368,-28.588,1.263,-0.851,5.887,137.505,-0.031,-1.653,-1.611,-1.779,-1.857,3.052,1565,2294,767.264
387,1,387,881.691,34.23,34.355,1954.515,38.937,33.016,1.535,1651.146,34.291,-32.674,-52.341,-68.552,-31.234,1.242,-3.834,10.153,125.185,-0.01,799.907,33.568,33.586,1775.633,36.356,33.038,1.573,1580.757,35.228,-41.746,-33.416,-60.045,-30.951,0.858,-3.792,11.042,126.502,-0.028,620.304,31.307,31.527,1194.277,34.308,30.024,1.464,986.879,30.021,-37.235,-31.945,-70.454,-30.1,-0.134,-1.973,6.96,134.04,-0.025,621.038,31.236,31.612,1365.746,30.241,30.026,1.525,1126.673,26.673,-45.671,-43.346,-65.152,-29.783,1.315,-0.825,6.446,133.071,-0.038,-1.643,-1.603,-1.775,-1.844,14.05,65,767.353,730.993
388,1,388,868.367,34.209,34.346,1908.718,39.803,33.028,1.533,1613.335,35.191,-33.658,-36.984,-68.487,-31.57,0.999,-3.917,9.323,135.739,-0.001,787.307,33.706,33.805,1750.675,38.778,33.029,1.542,1533.337,36.212,-40.888,-37.118,-58.327,-31.25,0.583,-3.921,10.365,135.727,-0.022,608.692,31.191,31.402,1168.612,34.087,30.032,1.47,974.601,30.466,-37.223,-34.032,-70.813,-30.114,-0.265,-2.019,6.091,142.198,-0.018,609.105,31.16,31.531,1335.2,30.402,30.02,1.521,1104.974,27.183,-45.797,-41.465,-65.389,-29.594,1.16,-0.893,5.705,139.166,-0.032,-1.647,-1.613,-1.774,-1.844,13.696,65,778.959,780.092
389,1,389,887.867,34.286,34.413,1899.137,40.626,33.01,1.486,1583.344,35.701,-32.048,-55.168,-68.411,-31.444,1.316,-3.758,10.38,125.697,0.005,807.365,33.584,33.616,1738.751,37.384,33.04,1.534,1535.653,36.247,-42.509,-33.519,-58.717,-31.146,0.948,-3.709,11.384,131.103,-0.026,629.392,31.367,31.594,1185.874,35.092,30.02,1.423,971.724,30.476,-38.053,-33.457,-71.281,-29.879,-0.142,-1.923,7.056,135.498,-0.023,629.322,31.356,31.701,1340.219,31.494,30.044,1.472,1093.084,27.647,-46.497,-38.815,-65.441,-29.618,1.332,-0.759,6.696,130.209,-0.032,-1.633,-1.609,-1.76,-1.833,13.988,65,782.622,797.231
390,1,390,895.08,34.311,34.45,1904.544,40.86,33.034,1.494,1588.079,35.792,-37.783,-41.559,-69.184,-31.788,1.161,-3.937,10.369,126.74,-0.001,814.756,33.779,33.803,1747.466,38.83,33.013,1.513,1499.991,36.847,-40.726,-36.162,-58.913,-31.296,0.714,-3.944,11.351,129.458,-0.025,629.713,31.395,31.588,1210.291,34.314,30.001,1.438,990.651,29.744,-37.536,-33.498,-70.78,-30.8,-0.205,-2.07,6.979,133.949,-0.027,629.211,31.365,31.703,1376.609,30.621,30.034,1.493,1125.218,26.761,-43.765,-42.743,-65.525,-30.093,1.256,-0.889,6.595,131.912,-0.035,-1.64,-1.616,-1.755,-1.83,13.796,65,792.801,790.395
391,1,391,888.307,34.292,34.41,1893.438,40.715,33.025,1.496,1583.365,35.822,-36.482,-40.695,-68.83,-30.061,0.901,-3.913,9.853,134.791,0.001,806.522,33.773,33.809,1748.734,38.851,33.012,1.516,1507.457,36.667,-41.304,-36.459,-58.759,-29.551,0.465,-3.901,10.828,137.991,-0.019,624.41,31.364,31.564,1208.593,34.18,30.012,1.448,991.677,29.789,-37.183,-33.613,-70.633,-28.459,-0.209,-2.036,6.594,139.634,-0.024,624.989,31.359,31.705,1384.554,30.446,30.029,1.503,1130.618,26.599,-43.436,-42.057,-65.38,-28.229,1.244,-0.877,6.157,136.577,-0.038,-1.64,-1.614,-1.769,-1.843,13.778,65,786.043,815.69
392,1,392,896.85,34.394,34.499,1893.195,41.574,33.018,1.473,1562.823,36.233,-34.132,-39.985,-68.836,-30.392,1.268,-3.896,10.59,126.93,0.003,816.533,33.796,33.823,1736.068,39.264,33.012,1.506,1486.299,37.173,-41.942,-35.947,-59.305,-30.423,0.872,-3.864,11.375,131.958,-0.022,629.367,31.413,31.615,1211.49,34.495,30.017,1.432,992.12,29.81,-38.072,-33.474,-70.895,-29.191,-0.152,-2.005,7.207,130.131,-0.022,630.054,31.417,31.761,1379.278,30.97,30.006,1.478,1118.521,26.754,-42.991,-41.987,-65.565,-28.933,1.28,-0.858,6.916,130.227,-0.037,-1.642,-1.604,-1.767,-1.84,13.597,65,794.4,764.119
393,1,393,886.829,34.264,34.383,1853.651,41.348,33.027,1.485,1553.228,36.529,-37.97,-41.558,-68.728,-31.222,1.043,-3.875,10.404,127.837,0.006,805.422,33.744,33.78,1711.208,39.435,33.021,1.508,1475.546,37.508,-41.405,-36.135,-58.739,-30.921,0.626,-3.87,11.383,131.994,-0.022,621.937,31.386,31.576,1212.114,34.173,30.015,1.443,991.475,29.814,-38.157,-33.104,-70.907,-29.982,-0.171,-2.025,6.615,137.551,-0.023,622.275,31.367,31.703,1385.358,30.413,30.035,1.501,1131.277,26.618,-41.975,-43.164,-65.453,-29.665,1.29,-0.852,6.259,139.083,-0.037,-1.647,-1.629,-1.771,-1.842,13.703,65,789.075,792.464
394,1,394,892.971,34.281,34.408,1866.615,41.295,33.023,1.487,1558.677,36.367,-35.615,-42.718,-68.314,-31.351,1.165,-3.873,10.295,130.288,0.003,810.163,33.745,33.787,1729.357,39.091,33.012,1.511,1485.488,37.191,-40.907,-36.219,-57.472,-30.916,0.754,-3.874,11.286,132.361,-0.022,624.58,31.373,31.576,1188.467,34.868,30.029,1.439,973.714,30.473,-37.952,-34.036,-71.384,-29.787,-0.132,-1.935,6.758,137.985,-0.018,625.141,31.368,31.717,1349.634,31.375,30.038,1.487,1098.111,27.476,-44.715,-41.634,-65.543,-29.381,1.319,-0.787,6.478,135.279,-0.038,-1.643,-1.619,-1.768,-1.84,13.688,65,789.479,803.676
395,1,395,876.698,34.097,34.252,1835.376,40.528,33.034,1.518,1567.239,36.264,-37.588,-42.788,-69.85,-32.111,1.085,-3.957,10.342,127.135,-0.007,793.904,33.597,33.633,1668.072,39.091,33.043,1.545,1477.411,37.653,-41.137,-35.18,-57.847,-31.138,0.681,-3.929,11.436,129.634,-0.019,620.617,31.335,31.52,1184.377,34.549,30.02,1.453,976.723,30.316,-38.888,-32.334,-70.612,-31.333,-0.249,-2.093,7.142,130.414,-0.023,621.482,31.291,31.618,1340.115,30.897,30.045,1.51,1104.371,27.356,-44.905,-40.944,-65.293,-30.546,1.216,-0.918,6.838,133.372,-0.036,-1.669,-1.652,-1.799,-1.865,13.432,65,790.852,792.201
396,1,396,884.442,34.22,34.331,1845.761,41.032,33.022,1.507,1554.503,36.457,-36.047,-51.779,-69.157,-31.203,1.085,-3.933,10.527,126.97,-0.002,801.41,33.537,33.564,1684.239,38.112,33.034,1.558,1492.476,37.204,-41.314,-34.703,-57.313,-30.445,0.669,-3.896,11.439,130.376,-0.023,625.225,31.237,31.454,1148.923,35.103,30.021,1.454,951.605,31.144,-38.608,-33.766,-71.653,-31.002,-0.219,-2.003,7.087,132.281,-0.019,626.106,31.164,31.517,1297.001,31.26,30.031,1.509,1073.527,28.092,-47.493,-40.275,-65.446,-30.604,1.23,-0.856,6.763,131.569,-0.037,-1.669,-1.629,-1.771,-1.84,13.448,65,799.801,901.81
397,1,397,883.959,34.161,34.287,1807.59,41.486,33.012,1.504,1524.762,37.073,-37.036,-52.879,-68.448,-31.579,1.338,-3.883,10.565,126.631,0.007,801.619,33.505,33.525,1663.274,38.242,33.041,1.552,1474.132,37.72,-40.904,-34.102,-57.634,-30.877,0.941,-3.85,11.563,130.51,-0.02,629.201,31.325,31.532,1173.984,34.953,30.04,1.457,966.774,30.773,-38.172,-33.257,-70.239,-30.668,-0.133,-1.991,6.684,137.372,-0.025,629.657,31.272,31.623,1324.53,31.327,30.026,1.506,1084.204,27.771,-45.82,-41.284,-65.267,-30.226,1.296,-0.845,6.377,134.701,-0.032,-1.651,-1.629,-1.775,-1.843,13.597,65,790.952,1055
398,1,398,848.925,33.952,34.109,1805.906,39.86,33.037,1.543,1573.79,36.138,-36.465,-50.367,-68.533,-31.886,1.133,-3.947,10.252,129.021,-0.012,763.868,33.367,33.444,1646.359,37.914,33.009,1.581,1498.362,36.859,-42.382,-33.964,-57.516,-31.144,0.692,-3.928,11.24,133.542,-0.023,616.605,31.146,31.357,1148.181,34.352,30.028,1.476,960.576,30.897,-37.553,-33.046,-71.028,-31.341,-0.166,-1.991,6.84,135.425,-0.02,616.971,31.057,31.414,1303.365,30.373,30.019,1.532,1094.721,27.443,-46.885,-41.406,-65.44,-30.852,1.266,-0.842,6.46,132.25,-0.033,-1.669,-1.654,-1.784,-1.855,13.578,65,791.546,933.582
399,1,399,877.971,34.152,34.232,1883.864,39.288,33.035,1.524,1618.035,35.145,-32.582,-35.888,-68.451,-31.777,1.421,-3.736,10.758,119.015,-0.008,795.793,33.797,33.866,1772.305,38.85,33.04,1.534,1539.126,36.17,-41.416,-37.477,-60.187,-30.881,1.031,-3.707,11.752,122.503,-0.023,607.117,31.356,31.559,1220.309,33.804,30.034,1.47,1005.591,29.51,-37.934,-30.684,-70.454,-31.26,-0.057,-1.887,7.192,127.765,-0.029,607.977,31.32,31.641,1389.955,29.877,30.024,1.53,1144.248,26.235,-42.436,-41.06,-65.229,-30.722,1.387,-0.733,6.814,130.162,-0.036,-1.656,-1.615,-1.782,-1.853,13.906,65,792.668,1057.667
400,1,400,861.417,34.199,34.358,1934.722,39.365,33.026,1.541,1636.829,34.674,-35.33,-32.927,-70.207,-31.618,1.324,-3.958,10.067,124.661,-0.019,778.817,33.737,33.833,1755.286,38.929,33.031,1.539,1537.386,36.135,-40.83,-38.023,-59.836,-31.013,0.956,-3.909,11.177,128.628,-0.022,605.696,31.348,31.53,1186.331,34.565,30.032,1.466,974.476,30.469,-37.116,-30.61,-70.832,-31.203,-0.169,-2.042,6.637,138.034,-0.02,605.868,31.315,31.619,1337.779,30.967,30.026,1.518,1096.426,27.443,-47.368,-39.966,-65.508,-30.524,1.258,-0.889,6.325,134.785,-0.031,-1.662,-1.63,-1.788,-1.856,13.865,65,790.803,918.168
401,1,401,846.499,34.056,34.21,1891.594,38.924,33.024,1.552,1630.472,34.791,-35.658,-31.666,-69.819,-31.619,1.492,-3.822,10.3,126.546,-0.021,762.032,33.638,33.813,1731.735,39.267,33.037,1.546,1532.408,36.302,-40.95,-39.184,-60.143,-30.751,1.127,-3.797,11.351,128.588,-0.027,599.492,31.295,31.475,1185.403,34.159,30.016,1.465,978.678,30.221,-37.413,-30.474,-70.262,-31.632,-0.129,-2.011,6.968,131.336,-0.02,599.455,31.204,31.531,1342.985,30.217,30.014,1.526,1114.382,26.91,-43.313,-41.496,-65.169,-30.83,1.317,-0.855,6.62,129.247,-0.035,-1.651,-1.609,-1.785,-1.853,13.738,65,798.229,1053.333
402,1,402,872.062,34.032,34.092,1874.734,38.228,33.022,1.549,1633.821,34.702,-34.25,-31.418,-69.815,-32.019,1.274,-3.858,10.119,123.469,-0.005,790.378,33.746,33.868,1761.574,39.108,33.021,1.54,1537.629,36.038,-40.881,-39.864,-60.053,-31.276,0.872,-3.85,11.165,125.741,-0.025,610.077,31.376,31.555,1203.643,34.256,30.045,1.473,990.886,30.04,-38.039,-30.52,-70.174,-31.433,-0.071,-1.945,6.676,134.289,-0.024,610.191,31.331,31.642,1352.712,30.761,30.026,1.525,1110.534,27.078,-43.557,-39.551,-65.283,-30.629,1.348,-0.812,6.371,133.976,-0.033,-1.65,-1.611,-1.782,-1.849,13.582,65,788.986,919.698
403,1,403,885.693,34.13,34.21,1895.843,38.835,33.03,1.527,1633.953,34.766,-31.416,-33.24,-68.408,-30.642,1.42,-3.861,9.99,131.314,-0.007,803.295,33.736,33.865,1765.144,38.997,33.04,1.533,1539.598,36.154,-39.762,-38.676,-59.323,-30.132,1.036,-3.827,10.855,132.074,-0.026,620.877,31.377,31.585,1194.172,34.768,30.032,1.457,980.529,30.275,-40.591,-30.297,-70.177,-29.531,-0.114,-1.992,6.487,137.1,-0.022,621.449,31.32,31.672,1345.03,31.163,30.036,1.508,1100.038,27.411,-42.963,-39.873,-65.026,-28.9,1.331,-0.832,6.203,140.587,-0.036,-1.67,-1.626,-1.8,-1.867,13.782,65,789.995,1096.667
404,1,404,895.679,34.152,34.302,1925.224,39.056,33.035,1.533,1640.199,34.672,-31.934,-34.315,-68.407,-31.756,1.312,-3.945,10.066,127.882,-0.005,813.123,33.737,33.848,1770.988,38.716,33.043,1.533,1544.236,36.079,-39.759,-37.213,-60.276,-31.082,0.943,-3.928,11.113,129.499,-0.023,620.845,31.381,31.582,1191.85,34.818,30.008,1.445,973.963,30.315,-40.289,-30.416,-70.35,-30.777,-0.237,-2.074,6.967,133.518,-0.018,621.197,31.309,31.664,1334.215,31.38,30.027,1.497,1090.485,27.612,-44.183,-38.866,-65.229,-29.952,1.24,-0.897,6.698,134.846,-0.034,-1.691,-1.633,-1.801,-1.868,13.817,65,802.229,952.815
405,1,405,881.799,34.114,34.198,1937.149,37.895,33.031,1.545,1673.718,33.953,-31.421,-33.917,-67.984,-31.38,1.357,-3.89,10.117,126.374,-0.012,798.522,33.669,33.798,1788.778,37.898,33.041,1.545,1575.648,35.36,-39.186,-37.491,-59.773,-30.936,0.97,-3.863,11.052,125.862,-0.024,617.016,31.268,31.479,1189.784,34.06,30.029,1.461,984.938,30.116,-37.825,-30.342,-70.16,-30.277,-0.184,-2.044,6.871,135.007,-0.02,617.44,31.17,31.55,1353.204,30.103,30.018,1.522,1121.384,26.756,-46.718,-40.776,-65.003,-29.803,1.252,-0.884,6.435,132.185,-0.038,-1.69,-1.632,-1.807,-1.872,13.768,65,793.836,1073.333
406,1,406,889.691,34.067,34.165,1850.705,39.389,33.034,1.547,1599.4,35.544,-32.236,-36.845,-68.987,-32.478,1.109,-3.902,9.833,128.949,-0.005,807.145,33.668,33.768,1719.235,39.141,33.032,1.555,1511.194,36.741,-41.755,-36.731,-59.626,-31.486,0.687,-3.903,10.811,131.584,-0.028,626.27,31.33,31.503,1209.723,33.669,30.037,1.487,999.788,29.712,-40.071,-30.63,-70.072,-32.109,-0.159,-2.022,6.263,138.157,-0.021,626.741,31.284,31.585,1371.181,29.923,30.026,1.542,1133.655,26.501,-42.855,-42.55,-65.426,-31.189,1.26,-0.878,5.912,136.239,-0.039,-1.673,-1.638,-1.8,-1.867,14.001,65,789.916,910.997
407,1,407,887.903,34.299,34.402,1864.57,41.284,33.013,1.487,1553.713,36.394,-35.396,-41.624,-68.445,-30.586,1.139,-3.878,10.554,128.182,0.005,805.833,33.722,33.756,1718.424,39.055,33.028,1.52,1487.422,37.284,-40.695,-35.908,-57.718,-30.547,0.749,-3.839,11.37,128.257,-0.021,625.917,31.438,31.627,1202.505,34.86,30.03,1.442,982.546,30.201,-39.528,-33.651,-71.341,-29.481,-0.168,-1.99,6.999,134.652,-0.021,626.042,31.448,31.774,1359.617,31.543,30.03,1.486,1100.69,27.362,-43.757,-41.822,-65.396,-28.928,1.269,-0.827,6.737,135.655,-0.034,-1.67,-1.642,-1.785,-1.847,14,65,808.706,1050.667
408,1,408,899.77,34.358,34.501,1955.985,40.23,33.019,1.484,1626.5,34.833,-33.991,-38.737,-67.95,-30.603,1.261,-3.916,10.623,124.595,-0.013,818.347,33.761,33.808,1769.269,38.405,33.024,1.506,1528.152,36.282,-41.41,-36.95,-59.17,-30.571,0.869,-3.891,11.539,124.462,-0.023,624.655,31.237,31.488,1191.677,34.072,30.011,1.433,983.025,30.047,-36.648,-32.817,-71.627,-30.048,-0.204,-2.004,7.08,134.263,-0.023,624.809,31.124,31.581,1371.951,29.883,30.041,1.497,1134.612,26.567,-46.988,-42.59,-65.324,-29.593,1.265,-0.825,6.548,135.29,-0.042,-1.657,-1.618,-1.786,-1.854,19.296,615,1371.333,1004.489
409,1,409,868.98,34.095,34.268,1835.113,40.684,33.026,1.516,1562.129,36.308,-34.933,-44.642,-70.031,-31.409,1.243,-3.879,10.496,121.758,-0.003,786.968,33.588,33.684,1691.657,39.008,33.033,1.542,1486.944,37.338,-41.16,-35.265,-57.354,-30.748,0.839,-3.842,11.55,125.26,-0.021,625.279,31.419,31.612,1221.099,34.194,30.024,1.459,1000.065,29.612,-38.77,-32.366,-70.511,-31.318,-0.169,-1.951,6.913,134.428,-0.025,625.753,31.37,31.699,1376.769,30.592,30.03,1.515,1128.109,26.662,-41.663,-41.149,-65.233,-30.746,1.278,-0.8,6.562,132.066,-0.033,-1.686,-1.641,-1.798,-1.861,13.863,65,785.381,718.763
410,1,410,883.934,34.108,34.239,1806.557,41.055,33.022,1.515,1537.754,36.843,-39.563,-44.091,-69.233,-32.185,1.119,-3.968,10.377,126.871,-0.002,800.08,33.561,33.587,1647.045,39.173,33.032,1.553,1457.868,38.044,-39.55,-35.722,-57.459,-31.113,0.703,-3.928,11.433,129.069,-0.021,624.605,31.335,31.524,1184.023,34.586,30.029,1.468,975.905,30.406,-39.083,-32.488,-70.273,-31.609,-0.208,-2.01,6.387,137.517,-0.019,624.812,31.272,31.607,1325.931,31.174,30.028,1.518,1091.698,27.58,-44.249,-40.517,-65.471,-30.932,1.237,-0.855,6.117,135.607,-0.035,-1.683,-1.644,-1.798,-1.863,13.538,65,788.072,781.117
