Header Section,,,,,,,,,,,,,,,,,,,,,,,,,,,,,,,,,,,,,,,,,,,,
Product,VC5278,,,,,,,,,,,,,,,,,,,,,,,,,,,,,,,,,,,,,,,,,,,
Test Plan,Rev(B),,,,,,,,,,,,,,,,,,,,,,,,,,,,,,,,,,,,,,,,,,,
Release Date,2017/9/13 13:40,,,,,,,,,,,,,,,,,,,,,,,,,,,,,,,,,,,,,,,,,,,
Comment,Dual Band,1~35 generate @ ASEN£¬2017/9/13,,,,,,,,,,,,,,,,,,,,,,,,,,,,,,,,,,,,,,,,,,
,,,,,,,,,,,,,,,,,,,,,,,,,,,,,,,,,,,,,,,,,,,,
Data Section,,,,,,,,,,,,,,,,,,,,,,,,,,,,,,,,,,,,,,,,,,,,
Device#,1,2,3,4,5,6,7,8,9,10,11,12,13,14,15,16,17,18,19,20,21,22,23,24,25,26,27,28,29,30,31,32,33,34,35,36,37,38,39,40,41,42,43,44
Test Item,Site No,Device ID,GSM915 Idle Current,GSM915 Max Pout @ 0dBm Drive,GSM915 Max Pout,GSM915 Max Icc,GSM915 Max PAE,GSM915 Rated Pout,GSM915 Rated Vramp,GSM915 Rated Icc,GSM915 Rated PAE,GSM915 2nd har@33dBm,GSM915 3rd har@33dBm,GSM915 Fwd Isolation 1,GSM915 Fwd Isolation 2,GSM915 Pout Leakage@RX0,GSM915 Pout Leakage@RX1,GSM915 CMOS Pout,GSM915 Pout Slope,GSM915 Stress Delta,DCS1785 Idle Current,DCS1785 Max Pout @ 0dBm Drive,DCS1785 Max Pout,DCS1785 Max Icc,DCS1785 Max PAE,DCS1785 Rated Pout,DCS1785 Rated Vramp,DCS1785 Rated Icc,DCS1785 Rated PAE,DCS1785 2nd har@33dBm,DCS1785 3rd har@33dBm,DCS1785 Fwd Isolation 1,DCS1785 Fwd Isolation 2,DCS1785 Pout Leakage@RX0,DCS1785 Pout Leakage@RX1,DCS1785 CMOS Pout,DCS1785 Pout Slope,DCS1785 Stress Delta,Insertion Loss Rx0 960MHz,Insertion Loss Rx1 1805MHz,Leakage Current,Leakage Current Delay Time,Test Time,Index Time
Low Tolerance,,,60,0.3,0.3,60,,,,60,,2,2,3,2,3,3,1,,,60,0.3,0.3,60,,,,60,,3,3,3,2,3,3,1,,,0.3,0.3,5,,,
High Tolerance,,,60,0.3,0.3,60,,,,60,,2,2,3,2,3,3,1,,,60,0.3,0.3,60,,,,60,,3,3,3,2,3,3,1,,,0.3,0.3,5,,,
Enable,,,1,1,1,1,0,0,0,1,0,1,1,1,1,1,1,1,0,0,1,1,1,1,0,0,0,1,0,1,1,1,1,1,1,1,0,0,1,1,0,0,0,0
1,1,1,727.992,33.779,33.877,1673.629,39.811,33.036,1.529,1487.07,37.497,-40.006,-42.657,-58.53,-27.34,-1.091,-4.733,12.706,108.193,-0.045,1032.439,31.262,31.261,1144.634,35.111,30.032,1.462,903.197,32.429,-42.193,-43.286,-66.647,-26.768,-3.863,-5.257,6.465,147.799,-0.046,-0.807,-0.838,2.502,55,591.9936667,333.6986667
2,1,2,716.975,33.733,33.822,1666.077,39.483,33.03,1.545,1489.657,37.377,-41.332,-43.081,-58.506,-26.998,-1.151,-4.59,12.481,109.475,-0.02,1018.439,31.189,31.193,1138.229,34.766,30.04,1.48,908.138,32.306,-40.785,-44.962,-67.394,-26.276,-3.932,-5.141,6.606,143.764,-0.044,-0.82,-0.861,2.956,55,578.376,4.465
3,1,3,723.282,33.762,33.844,1641.736,40.275,33.023,1.522,1459.354,38.072,-41.267,-42.247,-58.223,-25.648,-1.497,-4.786,12.252,113.937,-0.044,1024.685,31.321,31.31,1148.06,35.398,30.017,1.461,900.017,32.43,-39.416,-44.751,-66.45,-25.829,-4.01,-5.262,6.243,152.18,-0.044,-0.808,-0.826,2.845,55,580.776,5.004
4,1,4,715.813,33.855,33.928,1694.896,39.781,33.024,1.532,1495.079,37.194,-42.83,-42.377,-58.236,-24.898,-1.129,-4.728,11.969,115.834,-0.073,1017.996,31.48,31.48,1175.207,35.949,30.026,1.462,913.366,32.017,-39.84,-44.046,-67.597,-24.102,-3.772,-5.168,6.094,152.204,-0.045,-0.825,-0.851,3.45,55,579.5936667,2.244666667
5,1,5,722.6,33.789,33.849,1629.099,40.629,33.017,1.505,1447.558,38.317,-40.712,-42.818,-58.198,-27.997,-1.321,-4.722,13.015,105.178,-0.028,1030.504,31.438,31.433,1171.607,35.666,30.007,1.446,910.014,31.999,-40.849,-45.214,-65.377,-28.271,-3.756,-5.326,7.226,136.888,-0.045,-0.797,-0.828,2.844,55,579.6796667,1.789333333
6,1,6,725.359,33.741,33.79,1660.085,39.338,33.042,1.542,1491.877,37.428,-39.513,-43.153,-58.246,-26.085,-1.262,-4.499,12.317,112.654,-0.091,1027.962,31.256,31.243,1142.669,35.022,30.011,1.467,901.337,32.34,-42.497,-44.101,-66.584,-24.264,-3.926,-5.096,6.303,150.365,-0.029,-0.823,-0.852,0.035,1555,2074.832333,1.791333333
7,1,7,718.64,33.709,33.772,1624.225,40.037,33.021,1.54,1456.317,38.136,-39.847,-42.51,-58.47,-26.853,-1.318,-4.727,12.383,114.515,-0.032,1018.446,31.319,31.319,1158.072,35.161,30.027,1.472,912.953,32.037,-39.058,-44.506,-65.999,-22.943,-4.069,-5.353,6.327,149.334,-0.051,-0.818,-0.834,2.734,55,573.6123333,0.880333333
8,1,8,722.794,33.732,33.791,1634.461,39.958,33.028,1.54,1470.13,37.845,-40.369,-42.687,-58.05,-25.841,-0.832,-4.444,12.5,111.342,-0.063,1015.266,31.096,31.092,1117.48,34.614,30.017,1.474,897.925,32.507,-39.677,-44.316,-67.707,-24.824,-3.767,-5.131,6.39,148.67,-0.045,-0.821,-0.845,3.244,55,584.0473333,1.785
9,1,9,719.967,33.814,33.884,1661.263,40.172,33.024,1.526,1468.322,37.861,-41.519,-42.168,-58.338,-24.673,-1.528,-4.601,12.391,113.036,-0.026,1029.529,31.271,31.268,1153.955,34.873,30.03,1.469,909.481,32.186,-40.286,-44.256,-65.621,-24.349,-4.055,-5.194,6.598,145.624,-0.043,-0.814,-0.841,3.781,55,582.3943333,1.789666667
10,1,10,715.625,33.68,33.727,1596.884,40.302,33.015,1.532,1443.771,38.403,-38.683,-42.796,-58.27,-26.901,-1.004,-4.469,12.366,110.528,-0.043,1016.354,31.258,31.266,1151.18,34.943,30.025,1.473,908.746,32.176,-38.221,-45.536,-67.362,-27.275,-4.025,-5.162,6.194,147.099,-0.043,-0.825,-0.853,3.047,55,586.088,1.784
11,1,11,727.122,33.699,33.756,1633.899,39.656,33.029,1.541,1472.372,37.8,-38.823,-41.932,-58.514,-26.117,-1.154,-4.78,12.15,114.804,-0.029,1025.143,31.343,31.325,1170.947,34.82,30.022,1.476,919.162,31.783,-39.666,-44.951,-65.768,-25.99,-3.804,-5.305,5.596,158.698,-0.043,-0.822,-0.835,3.186,55,586.1053333,1.799333333
12,1,12,720.98,33.78,33.847,1669.099,39.645,33.026,1.532,1489.567,37.354,-41.146,-42.825,-58.05,-25.09,-1.155,-4.764,12.083,114.223,-0.081,1024.31,31.437,31.436,1175.709,35.569,30.034,1.464,917.19,31.942,-40.122,-46.52,-68.027,-25.768,-3.785,-5.244,6.158,151.589,-0.051,-0.818,-0.843,3.123,55,576.8166667,1.785
13,1,13,719.938,33.752,33.833,1673.659,39.407,33.037,1.545,1492.709,37.366,-39.223,-42.739,-58.429,-27.01,-0.994,-4.637,12.511,106.558,-0.038,1018.281,31.384,31.385,1178.807,35.059,30.026,1.472,923.174,31.673,-41.107,-45.871,-65.956,-30.178,-3.774,-5.25,6.299,149.525,-0.037,-0.815,-0.833,3.889,55,581.5653333,1.804666667
14,1,14,714.621,33.719,33.808,1673.366,39.191,33.025,1.554,1500.816,37.072,-40.51,-42.488,-58.626,-27.915,-0.906,-4.569,12.227,109.199,-0.052,1014.817,31.295,31.27,1150.505,35.004,30.016,1.475,905.986,32.207,-36.895,-43.577,-67.598,-30.128,-4.036,-5.213,5.99,151.765,-0.038,-0.822,-0.859,3.548,55,571.8433333,1.788333333
15,1,15,718.28,33.709,33.765,1634.641,39.722,33.029,1.534,1469.725,37.865,-38.524,-42.519,-58.522,-26.502,-0.959,-4.63,12.439,111.037,-0.03,1021.963,31.25,31.252,1160.816,34.538,30.022,1.467,916.568,31.874,-39.626,-46.359,-65.728,-26.881,-3.954,-5.295,6.353,150.114,-0.042,-0.814,-0.839,3.651,55,579.7863333,1.807
16,1,16,714.77,33.689,33.746,1622.073,39.85,33.04,1.536,1467.895,38.004,-38.15,-43.238,-58.593,-25.978,-0.851,-4.35,12.472,110.288,-0.048,1021.596,31.187,31.202,1141.101,34.752,30.032,1.47,908.701,32.229,-40.256,-45.107,-67.674,-26.773,-3.838,-5.034,6.221,149.136,-0.045,-0.814,-0.846,3.149,55,579.06,1.783
17,1,17,728.284,33.759,33.833,1650.329,39.961,33.013,1.539,1470.332,37.715,-39.89,-42.678,-58.135,-26.018,-1.174,-4.707,12.041,115.058,-0.04,1032.522,31.354,31.361,1169.41,35.152,30.022,1.474,916.47,31.881,-39.652,-46.716,-65.519,-25.395,-3.97,-5.237,6.081,153.296,-0.041,-0.807,-0.825,4.078,55,583.045,1.806666667
18,1,18,718.535,33.776,33.849,1656.568,39.959,33.017,1.531,1471.33,37.721,-40.083,-42.577,-58.391,-26.692,-0.848,-4.346,12.53,109.216,-0.037,1023.231,31.221,31.213,1158.844,34.287,30.045,1.476,921.682,31.862,-40.006,-45.1,-67.346,-26.016,-3.776,-4.998,6.554,144.229,-0.042,-0.821,-0.853,3.539,55,576.2093333,1.780666667
19,1,19,714.013,33.773,33.849,1665.537,39.743,33.021,1.531,1480.853,37.522,-40.172,-42.391,-58,-27.239,-1.195,-4.706,12.171,111.904,-0.026,1028.772,31.388,31.4,1164.851,35.612,30.034,1.464,910.291,32.187,-38.377,-44.684,-65.579,-26.412,-3.808,-5.219,6.343,146.347,-0.05,-0.822,-0.84,3.455,55,575.632,1.798
20,1,20,720.905,33.724,33.795,1634.799,39.987,33.041,1.544,1470.535,37.952,-38.386,-43.038,-58.355,-26.272,-0.953,-4.508,12.327,109.741,-0.094,1021.371,31.396,31.383,1176.242,35.123,30.034,1.477,921.524,31.785,-39.503,-43.868,-67.43,-27.93,-3.894,-5.126,6.088,147.097,-0.048,-0.826,-0.857,3.88,55,579.4483333,1.791333333
21,1,21,729.581,33.719,33.764,1592.114,40.762,33.029,1.522,1427.993,38.939,-39.008,-42.787,-58.543,-26.996,-1.007,-4.864,12.677,110.151,-0.017,1033.684,31.401,31.405,1163.074,35.704,30.021,1.46,905.934,32.25,-38.659,-46.676,-65.7,-27.565,-3.776,-5.423,6.22,150.461,-0.05,-0.806,-0.821,4.352,55,579.1183333,1.802333333
22,1,22,725.719,33.762,33.842,1678.968,39.366,33.027,1.536,1498.888,37.13,-40.502,-42.909,-58.722,-27.286,-0.947,-4.553,12.374,109.119,-0.081,1021.536,31.146,31.133,1134.952,34.385,30.042,1.476,910.711,32.229,-41.553,-44.605,-67.558,-27.447,-3.799,-5.143,6.436,145.257,-0.033,-0.819,-0.859,3.62,55,571.8276667,1.788
23,1,23,729.296,33.754,33.812,1636.749,40.103,33.013,1.528,1460.366,37.959,-39.347,-43.204,-58.439,-24.341,-1.244,-4.72,12.422,114.533,-0.028,1025.533,31.4,31.397,1177.277,35.205,30.031,1.471,922.327,31.735,-42.184,-45.984,-66.251,-21.668,-4.047,-5.303,6.187,152.268,-0.052,-0.808,-0.832,3.513,55,585.314,1.809
24,1,24,719.607,33.753,33.797,1660.048,39.404,33.039,1.54,1487.018,37.525,-40.286,-42.528,-58.144,-26.105,-0.862,-4.502,12.097,112.082,-0.028,1007.138,31.152,31.163,1120.801,35.075,30.009,1.471,892.226,32.658,-39.547,-44.389,-67.596,-27.438,-3.762,-5.133,6.008,152.883,-0.054,-0.828,-0.856,3.457,55,579.467,1.78
25,1,25,722.644,33.794,33.881,1720.1,38.778,33.032,1.547,1529.424,36.455,-41.276,-43.03,-58.39,-25.525,-1.134,-4.411,11.957,117.673,-0.023,1030.047,31.397,31.394,1176.511,35.204,30.034,1.471,921.457,31.787,-43.814,-44.158,-66.605,-22.177,-3.778,-5.09,6.424,147.978,-0.049,-0.819,-0.84,4.321,55,570.6016667,1.801
26,1,26,727.969,33.647,33.687,1582.201,40.297,33.028,1.539,1439.376,38.634,-37.215,-43.76,-58.157,-25.15,-0.683,-4.386,12.668,108.78,-0.038,1020.853,31.368,31.373,1157.119,35.636,30.023,1.457,905.432,32.282,-42.839,-44.567,-66.742,-26.284,-3.501,-5.024,6.904,142.7,-0.055,-0.823,-0.85,3.9,55,584.339,1.792333333
27,1,27,723.432,33.775,33.873,1665.755,39.964,33.023,1.522,1479.639,37.564,-39.992,-43.038,-58.102,-25.526,-1.156,-4.714,12.492,112.035,-0.031,1036.286,31.311,31.317,1160.314,35.077,30.035,1.459,913.065,32.092,-41.201,-45.462,-65.412,-23.227,-3.834,-5.267,6.635,147.106,-0.038,-0.808,-0.829,3.969,55,578.4703333,1.796666667
28,1,28,720.755,33.725,33.797,1642.778,39.808,33.031,1.541,1474.854,37.759,-40.9,-43.064,-58.133,-25.662,-1.219,-4.459,12.349,113.787,-0.051,1016.204,31.347,31.352,1174.532,34.923,30.009,1.478,921.675,31.6,-44.435,-45.535,-67.506,-23.545,-3.805,-5.035,6.144,151.849,-0.045,-0.817,-0.841,3.458,55,575.102,1.787333333
29,1,29,715.453,33.646,33.699,1578.249,40.505,33.026,1.532,1430.85,38.839,-38.493,-43.071,-58.303,-27.303,-0.844,-4.357,12.434,111.482,-0.021,1018.963,31.243,31.228,1137.839,35.055,30.017,1.47,899.56,32.449,-40.372,-43.835,-65.692,-26.661,-3.877,-5.094,5.727,154.747,-0.048,-0.805,-0.837,3.949,55,576.6213333,1.798333333
30,1,30,720.987,33.656,33.72,1586.753,40.487,33.032,1.537,1438.791,38.684,-38.672,-43.011,-58.12,-26.604,-1.178,-4.546,12.665,107.652,-0.054,1012.792,31.227,31.226,1134.682,35.14,29.989,1.468,896.658,32.35,-41.574,-45.215,-67.339,-28.846,-4.054,-5.227,6.378,145.351,-0.044,-0.826,-0.861,3.743,55,586.418,1.787333333
31,1,31,712.138,33.781,33.863,1677.918,39.586,33.042,1.539,1494.479,37.368,-42.019,-42.473,-58.583,-25.813,-1.166,-4.822,11.935,113.062,-0.02,1023.635,31.396,31.39,1166.733,35.469,30.025,1.469,910.816,32.104,-44.392,-43.624,-65.266,-26.447,-3.917,-5.28,5.928,154.184,-0.051,-0.823,-0.841,4.566,55,574.275,1.793666667
32,1,32,715.708,33.702,33.763,1628.702,39.843,33.04,1.548,1467.73,38.016,-40.531,-42.5,-58.359,-25.47,-1.167,-4.619,12.193,114.251,-0.013,1018.004,31.286,31.309,1159.219,35.044,30.027,1.481,912.301,32.061,-40.642,-45.368,-68.112,-25.569,-4.273,-5.258,5.753,155.828,-0.066,-0.829,-0.847,4.577,55,572.416,1.791666667
33,1,33,718.303,33.671,33.717,1568.702,40.92,33.024,1.525,1421.363,39.068,-37.802,-43.428,-58.227,-24.362,-1.149,-4.684,12.616,111.169,-0.028,1026.56,31.37,31.352,1174.832,34.912,30.026,1.467,920.047,31.781,-40.093,-44.977,-65.398,-23.65,-4.066,-5.288,6.15,153.692,-0.056,-0.81,-0.835,4.643,55,576.8973333,1.801333333
34,1,34,723.582,33.698,33.773,1640.251,39.656,33.034,1.542,1478.776,37.685,-39.177,-43.171,-58.412,-26.171,-0.845,-4.443,12.235,113.386,-0.079,1023.77,31.466,31.46,1177.726,35.699,30.026,1.466,913.898,32,-41.981,-43.539,-67.146,-25.155,-3.751,-5.045,6.4,153.127,-0.037,-0.83,-0.858,3.223,55,576.4833333,1.789
35,1,35,723.079,33.73,33.793,1622.118,40.279,33.017,1.526,1454.262,38.149,-39.379,-43.055,-58.391,-27.258,-1.216,-4.571,12.264,114.03,-0.02,1034.779,31.369,31.363,1174.599,35.008,30.027,1.469,919.927,31.794,-39.873,-46.065,-66.191,-26.063,-4.151,-5.23,6.091,151.829,-0.055,-0.805,-0.837,4.187,55,579.6663333,1.803
