Header Section,,,,,,,,,,,,,,,,,,,,,,,,,,,,,,,,,,,,
Product,VC5341,,,,,,,,,,,,,,,,,,,,,,,,,,,,,,,,,,,
Test Plan,Rev(-),,,,,,,,,,,,,,,,,,,,,,,,,,,,,,,,,,,
Release Date,2012/11/3,,,,,,,,,,,,,,,,,,,,,,,,,,,,,,,,,,,
Comment,VC5341_Goodark£¬ 51~53 was generated in goodark Pax on 20130503 for rev1.1.1,,,,,,,,,,,,,,,,,,,,,,,,,,,,,,,,,,,
,,,,,,,,,,,,,,,,,,,,,,,,,,,,,,,,,,,,
Data Section,,,,,,,,,,,,,,,,,,,,,,,,,,,,,,,,,,,,
Device#,1,2,3,4,5,6,7,8,9,10,11,12,13,14,15,16,17,18,19,20,21,22,23,24,25,26,27,28,29,30,31,32,33,34,35,36
Test Item,Site No,Device ID,Idle_H_Vbat_1920,Idle_H_Vcc_1920,Idle_H_Total_1920,Pin_H_1920,Pout_H_1920,Gain_H_1920,Icc_H_Vbat_1920,Icc_H_Vcc_1920,Icc_H_Total_1920,PAE_H_Total_1920,ACP_L_H_1920,ACP_U_H_1920,ALT_L_H_1920,ALT_U_H_1920,EVM_H_1920,2fo_H_1920,3fo_H_1920,Pin_H_1980,Pout_H_1980,Gain_H_1980,Icc_H_Vbat_1980,Icc_H_Vcc_1980,Icc_H_Total_1980,PAE_H_Total_1980,ACP_L_H_1980,ACP_U_H_1980,ALT_L_H_1980,ALT_U_H_1980,EVM_H_1980,2fo_H_1980,3fo_H_1980,Leakage_Current,Test Time,Index Time
Low Tolerance,,,5,10,10,0.2,,,1,30,30,,1.5,1.5,1.5,1.5,0.5,1.5,1.5,0.2,,,1,30,30,,1.5,1.5,1.5,1.5,0.5,1.5,1.5,5,,
High Tolerance,,,5,10,10,0.2,,,1,30,30,,1.5,1.5,1.5,1.5,0.5,1.5,1.5,0.2,,,1,30,30,,1.5,1.5,1.5,1.5,0.5,1.5,1.5,5,,
Enable,,,1,1,1,1,0,0,0,1,1,,1,1,1,1,1,1,1,1,0,0,0,1,1,,1,1,1,1,1,1,1,1,,
1,1,1,2.555,70.708,73.263,2.067,27.527,25.46,6.845,406.397,413.242,36.855,-38.928,-39.625,-50.561,-51.442,2.429,-11.311,-47.537,2.264,27.535,25.271,6.927,408.79,415.717,36.402,-38.167,-38.805,-49.764,-50.838,2.603,-12.824,-28.681,-0.031,682,10710
2,1,2,2.557,70.59,73.147,1.787,27.526,25.739,6.776,402.213,408.99,37.196,-38.402,-39.303,-50.953,-51.731,2.489,-11.315,-48.075,2.073,27.539,25.466,6.884,404.032,410.916,36.817,-38.358,-39.267,-50.482,-51.453,2.569,-12.641,-28.747,-0.073,673,11106
3,1,3,2.587,70.215,72.801,1.812,27.507,25.696,6.935,403.183,410.119,36.942,-38.891,-39.384,-50.467,-51.51,2.508,-11.31,-47.353,2.243,27.539,25.296,7.087,406.527,413.614,36.6,-37.514,-37.983,-49.682,-50.892,2.85,-12.969,-28.523,0.19,681,13291
4,1,4,2.557,70.016,72.573,1.973,27.507,25.534,6.791,404.326,411.117,36.858,-39.027,-39.752,-50.785,-51.641,2.411,-11.311,-47.608,2.292,27.545,25.253,7.074,407.726,414.8,36.554,-38.336,-38.967,-50.303,-51.236,2.628,-12.861,-28.679,-0.104,691,11550
5,1,5,2.584,71.503,74.087,1.829,27.526,25.697,7.055,408.729,415.784,36.637,-38.841,-39.46,-50.567,-51.634,2.463,-11.316,-48.051,1.957,27.534,25.577,7.005,409.971,416.975,36.291,-38.394,-39.052,-50.079,-51.367,2.558,-12.628,-28.77,-0.05,689,8971
6,1,6,2.434,65.097,67.531,2.28,27.505,25.224,6.803,398.958,405.76,37.279,-38.817,-39.722,-50.378,-51.22,2.467,-11.316,-48.215,2.613,27.541,24.928,6.848,401.981,408.828,37.011,-38.493,-39.296,-49.727,-50.656,2.544,-12.615,-28.924,0.126,690,11795
7,1,7,2.585,70.75,73.335,1.836,27.527,25.691,6.787,401.222,408.009,37.281,-38.398,-39.132,-50.464,-51.324,2.619,-11.31,-47.438,2.366,27.536,25.171,7.002,403.675,410.677,36.818,-37.472,-38.069,-49.648,-50.662,2.917,-12.871,-28.627,-0.044,692,9966
8,1,8,2.573,70.845,73.418,1.904,27.53,25.626,6.948,405.37,412.317,36.95,-38.368,-39.136,-50.535,-51.511,2.551,-11.313,-47.924,2.218,27.534,25.317,7.117,406.492,413.609,36.559,-38.049,-38.812,-50.112,-51.354,2.601,-12.668,-28.802,0.119,680,11272
9,1,9,2.495,67.567,70.062,1.921,27.527,25.606,6.995,403.832,410.827,37.055,-38.864,-39.637,-50.519,-51.419,2.434,-11.318,-48.131,2.091,27.536,25.444,6.9,405.377,412.277,36.679,-38.64,-39.464,-49.964,-51.034,2.496,-12.611,-28.787,0.253,682,11512
10,1,10,2.527,69.241,71.768,1.864,27.506,25.642,6.67,401.904,408.574,37.063,-38.678,-39.584,-50.841,-51.662,2.517,-11.316,-48.241,1.941,27.54,25.599,6.95,405.438,412.388,36.711,-38.846,-39.872,-50.44,-51.412,2.401,-12.639,-28.857,-0.095,694,13996
11,1,11,2.514,68.224,70.737,1.922,27.509,25.587,6.663,401.457,408.121,37.118,-38.6,-39.408,-50.482,-51.356,2.553,-11.314,-48.059,2.231,27.541,25.311,6.811,403.846,410.657,36.86,-38.098,-38.816,-49.964,-51.031,2.626,-12.649,-28.776,-0.044,698,9102
12,1,12,2.524,70.27,72.794,2.118,27.522,25.404,6.826,403.606,410.432,37.043,-39.029,-39.585,-50.618,-51.464,2.416,-11.311,-47.581,2.266,27.536,25.27,7.01,406.472,413.482,36.589,-38.298,-38.887,-49.99,-50.939,2.609,-12.823,-28.708,-0.074,674,9956
13,1,13,2.515,68.452,70.967,2.208,27.505,25.297,6.736,402.449,409.185,36.996,-39.181,-39.943,-50.871,-51.564,2.393,-11.318,-48.392,2.235,27.535,25.3,6.9,404.741,411.641,36.725,-39.136,-40.047,-50.474,-51.382,2.333,-12.645,-28.971,-0.039,685,12094
14,1,14,2.557,70.69,73.247,2.076,27.527,25.451,6.759,401.035,407.794,37.3,-38.553,-39.295,-50.673,-51.349,2.487,-11.311,-47.467,2.402,27.54,25.138,6.627,403.196,409.824,36.915,-37.992,-38.666,-50.115,-50.991,2.646,-12.86,-28.63,-0.082,679,9556
15,1,15,2.581,70.729,73.31,2.076,27.528,25.452,6.838,403.515,410.353,37.099,-38.874,-39.513,-50.544,-51.337,2.493,-11.312,-47.677,2.313,27.541,25.228,6.802,405.478,412.28,36.726,-38.072,-38.648,-49.861,-50.905,2.622,-12.753,-28.696,-0.081,685,9795
16,1,16,2.589,72.158,74.747,1.915,27.528,25.613,6.942,407.853,414.795,36.739,-38.564,-39.549,-51.091,-51.802,2.45,-11.317,-48.231,2.07,27.54,25.47,6.888,409.79,416.678,36.365,-38.892,-39.963,-50.74,-51.558,2.298,-12.654,-28.944,-0.021,678,12454
17,1,17,2.489,68.263,70.752,2.147,27.528,25.381,6.727,402.812,409.539,37.161,-38.73,-39.62,-50.267,-50.989,2.448,-11.321,-48.343,2.301,27.537,25.236,6.805,404.034,410.839,36.81,-38.6,-39.464,-49.643,-50.672,2.463,-12.568,-28.893,-0.038,680,9683
18,1,18,2.549,70.302,72.851,1.849,27.527,25.677,6.782,401.605,408.387,37.249,-38.545,-38.885,-50.261,-51.307,2.56,-11.31,-47.475,2.216,27.543,25.327,6.912,403.705,410.616,36.873,-37.059,-37.452,-49.368,-50.8,3.045,-12.838,-28.581,-0.066,685,8481
19,1,19,2.636,72.833,75.469,1.864,27.527,25.664,6.873,403.476,410.349,37.095,-38.556,-39.26,-50.836,-51.771,2.46,-11.311,-47.612,2.3,27.544,25.243,7.149,405.436,412.585,36.723,-37.69,-38.321,-50.301,-51.288,2.766,-12.796,-28.649,0.003,678,11642
20,1,20,2.486,67.454,69.94,1.85,27.507,25.658,6.71,398.038,404.747,37.392,-38.493,-39.379,-50.309,-51.254,2.535,-11.32,-48.484,2.271,27.536,25.265,6.936,400.394,407.33,37.084,-38.072,-38.848,-49.55,-50.503,2.721,-12.57,-28.862,-0.071,702,11459
21,1,21,2.522,69.999,72.521,1.824,27.524,25.701,6.797,402.659,409.456,37.143,-38.748,-39.143,-50.16,-51.173,2.588,-11.311,-47.506,2.246,27.537,25.291,6.786,404.6,411.386,36.762,-37.31,-37.745,-49.195,-50.37,2.96,-12.811,-28.579,-0.06,685,4705
22,1,22,2.479,68.023,70.502,1.973,27.527,25.553,6.694,403.923,410.617,37.066,-38.681,-39.683,-50.608,-51.365,2.418,-11.317,-48.173,2.28,27.526,25.245,6.588,404.541,411.129,36.689,-38.82,-39.791,-50.266,-51.048,2.385,-12.644,-28.94,-0.018,693,10760
23,1,23,2.581,71.522,74.102,1.764,27.525,25.761,6.79,407.296,414.085,36.767,-38.679,-39.403,-50.963,-51.824,2.476,-11.32,-48.422,1.943,27.543,25.6,6.997,408.906,415.903,36.451,-38.548,-39.327,-50.531,-51.761,2.5,-12.586,-28.851,-0.013,701,10995
24,1,24,2.555,70.108,72.663,1.991,27.527,25.537,6.77,404.004,410.774,37.059,-38.734,-39.587,-50.471,-51.341,2.484,-11.312,-47.713,2.347,27.541,25.194,6.806,406.543,413.349,36.637,-38.404,-39.116,-49.83,-50.847,2.538,-12.805,-28.706,-0.062,686,10531
25,1,25,2.598,71.513,74.112,1.724,27.527,25.802,6.897,407.317,414.214,36.772,-38.685,-39.527,-50.706,-51.665,2.494,-11.315,-47.981,2.122,27.542,25.42,7.024,409.015,416.039,36.435,-38.48,-39.267,-50.35,-51.325,2.521,-12.7,-28.782,-0.041,680,10161
26,1,26,2.625,72.768,75.393,1.896,27.528,25.632,6.865,406.108,412.973,36.888,-38.508,-39.241,-51.066,-51.973,2.514,-11.315,-48.074,2.077,27.543,25.465,7.02,407.359,414.38,36.571,-38.406,-39.192,-50.692,-51.783,2.478,-12.689,-28.773,-0.087,679,15800
27,1,27,2.547,71.078,73.626,1.901,27.527,25.626,6.618,405.681,412.299,36.932,-38.528,-39.264,-50.696,-51.524,2.565,-11.327,-48.901,1.884,27.539,25.656,6.799,407.097,413.896,36.582,-38.787,-39.757,-50.407,-51.435,2.349,-12.508,-29.036,-0.121,674,12042
28,1,28,2.579,69.32,71.898,2.077,27.524,25.446,6.758,400.281,407.038,37.34,-38.892,-39.515,-50.46,-51.152,2.481,-11.311,-47.485,2.508,27.542,25.034,6.801,402.639,409.44,36.968,-37.892,-38.475,-49.669,-50.502,2.774,-12.875,-28.698,0.037,676,10056
29,1,29,2.522,69.325,71.847,2.108,27.487,25.379,6.784,401.289,408.073,36.938,-39.034,-39.949,-50.891,-51.507,2.358,-11.316,-48.267,2.316,27.544,25.228,6.725,405.32,412.045,36.773,-38.753,-39.602,-50.326,-51.15,2.482,-12.649,-28.84,-0.065,705,8923
30,1,30,2.577,71.424,74.001,1.844,27.522,25.678,6.919,402.932,409.851,37.084,-38.302,-39.195,-50.85,-51.689,2.487,-11.316,-48.098,2.315,27.542,25.227,6.936,404.193,411.128,36.828,-38.111,-38.942,-50.485,-51.372,2.575,-12.662,-28.803,-0.044,691,8531
31,1,31,2.576,71.05,73.625,1.898,27.529,25.632,6.979,406.551,413.53,36.851,-38.95,-39.515,-50.879,-51.732,2.492,-11.31,-47.406,2.096,27.545,25.45,6.871,409.194,416.065,36.458,-38.376,-38.97,-50.319,-51.463,2.579,-12.997,-28.635,-0.089,684,13558
32,1,32,2.612,73.417,76.03,1.779,27.529,25.75,6.813,407.162,413.975,36.809,-38.38,-39.21,-50.791,-51.702,2.496,-11.321,-48.472,1.994,27.543,25.548,6.991,409.244,416.234,36.424,-38.568,-39.516,-50.643,-51.585,2.447,-12.574,-28.872,0.056,678,8980
33,1,33,2.51,69.628,72.138,1.88,27.526,25.646,6.576,400.978,407.554,37.314,-38.758,-39.466,-50.425,-51.302,2.459,-11.311,-47.548,2.273,27.524,25.252,6.786,402.509,409.296,36.828,-38.098,-38.71,-49.722,-50.726,2.675,-12.835,-28.701,-0.144,675,11579
34,1,34,2.51,69.192,71.702,1.79,27.529,25.739,6.651,405.187,411.838,36.988,-38.737,-39.41,-50.662,-51.713,2.434,-11.316,-48.114,2.066,27.541,25.475,6.836,407.031,413.867,36.599,-38.446,-39.164,-50.215,-51.357,2.49,-12.656,-28.767,-0.03,678,9011
35,1,35,2.572,70.009,72.581,2.141,27.528,25.387,7.102,407.535,414.637,36.745,-38.956,-39.902,-50.979,-51.736,2.341,-11.312,-47.667,2.394,27.524,25.13,7.012,408.976,415.988,36.284,-38.884,-39.734,-50.641,-51.479,2.395,-12.826,-28.815,-0.03,699,9223
36,1,36,2.417,72.167,74.585,1.902,27.519,25.617,6.5,396.957,403.457,36.824,-37.985,-39.502,-51.939,-53.009,1.028,-11.041,-45.023,1.941,27.521,25.58,6.464,400.67,407.134,36.286,-38.807,-39.842,-51.063,-51.628,0.728,-16.334,-32.544,14.972,784,18777
37,1,37,2.403,71.356,73.759,1.758,27.534,25.776,6.653,407.503,414.155,36.092,-38.036,-39.65,-52.387,-53.378,1.069,-10.967,-45.151,1.575,27.537,25.961,6.702,412.497,419.199,35.48,-39.064,-40.399,-51.872,-52.433,0.564,-15.59,-32.742,14.074,775,11321
38,1,38,2.446,71.793,74.24,1.838,27.53,25.693,6.698,408.793,415.491,35.961,-37.82,-39.405,-52.241,-53.268,1.142,-10.94,-45.422,1.573,27.532,25.959,6.7,413.421,420.12,35.369,-38.95,-40.402,-52.027,-52.666,0.575,-14.458,-32.852,14.755,777,12124
39,1,39,2.449,72.976,75.425,1.818,27.514,25.696,6.593,400.239,406.832,36.512,-37.662,-39.278,-52.09,-53.148,1.085,-11.043,-45.072,1.98,27.543,25.563,6.581,406.093,412.673,36.03,-38.704,-39.801,-51.171,-51.845,0.757,-16.377,-32.494,14.543,770,18932
40,1,40,2.391,70.967,73.358,1.714,27.533,25.819,6.473,400.167,406.64,36.687,-37.801,-39.35,-52.023,-53.091,1.097,-11.008,-44.976,1.752,27.521,25.769,6.497,404.078,410.575,36.015,-38.82,-39.946,-51.207,-51.915,0.689,-16.12,-32.616,14.768,782,22239
41,1,41,2.342,70.488,72.83,1.906,27.534,25.627,6.597,403.067,409.665,36.449,-37.811,-39.404,-52.151,-53.2,1.076,-10.98,-45.172,1.831,27.539,25.708,6.708,407.889,414.597,35.851,-38.792,-40.033,-51.468,-52.098,0.671,-15.66,-32.657,14.846,771,13563
42,1,42,2.409,69.433,71.842,1.878,27.514,25.636,6.509,397.72,404.229,36.715,-37.903,-39.464,-51.974,-53.073,1.04,-11.031,-45.09,1.951,27.537,25.586,6.526,403.168,409.694,36.213,-38.726,-39.751,-51.035,-51.662,0.728,-16.288,-32.501,15.327,773,12171
43,1,43,2.465,77.677,80.142,1.597,27.543,25.947,6.453,403.417,409.87,36.513,-38.753,-40.461,-52.848,-54.056,1.017,-11.083,-44.736,1.713,27.527,25.813,6.516,406.21,412.725,35.896,-39.265,-40.013,-52.102,-52.719,0.816,-16.76,-32.467,14.56,777,11141
44,1,44,2.446,74.14,76.586,1.94,27.54,25.599,6.535,400.884,407.419,36.678,-37.53,-39.063,-51.938,-53.076,1.14,-11.021,-44.99,1.93,27.523,25.592,6.636,404.829,411.465,35.959,-38.568,-39.804,-51.252,-51.947,0.709,-16.21,-32.597,14.211,777,21273
45,1,45,2.365,70.168,72.533,1.877,27.536,25.659,6.542,403.726,410.267,36.418,-38.051,-39.574,-52.099,-53.128,0.994,-11.022,-45.086,1.881,27.538,25.657,6.596,408.088,414.684,35.835,-38.95,-39.978,-51.181,-51.774,0.695,-16.127,-32.578,14.085,773,13228
46,1,46,2.458,72.175,74.633,1.641,27.535,25.894,6.577,399.933,406.511,36.713,-37.854,-39.433,-52.048,-53.086,1.111,-11.002,-44.87,1.643,27.541,25.898,6.56,404.126,410.686,36.165,-38.88,-39.966,-51.303,-51.923,0.746,-15.877,-32.535,14.944,773,16085
47,1,47,2.399,71.431,73.829,2.366,27.52,25.154,6.444,402.319,408.763,36.404,-37.751,-39.403,-52.251,-53.297,1.072,-11.014,-45.075,2.262,27.505,25.243,6.486,405.163,411.649,35.796,-38.625,-40.074,-51.552,-52.285,0.624,-16.126,-33.023,15.818,781,10489
48,1,48,2.288,66.092,68.381,2.207,27.514,25.306,6.573,406.893,413.466,35.981,-37.321,-38.902,-51.806,-52.869,1.16,-10.94,-45.417,1.983,27.538,25.556,6.674,412.371,419.045,35.505,-38.247,-39.731,-51.564,-52.143,0.597,-14.546,-32.781,15.235,776,14548
49,1,49,2.354,69.648,72.002,2.025,27.54,25.516,6.495,399.432,405.927,36.805,-37.576,-39.196,-51.851,-52.924,1.098,-10.977,-45.079,2.122,27.547,25.425,6.511,402.824,409.335,36.327,-38.542,-39.693,-51.015,-51.703,0.744,-15.457,-32.475,14.942,773,12568
50,1,50,2.422,72.34,74.762,1.912,27.534,25.621,6.722,411.904,418.627,35.748,-37.481,-39.001,-52.253,-53.292,1.278,-10.937,-45.509,1.609,27.525,25.917,6.823,417.405,424.228,35.014,-38.77,-40.289,-52.306,-52.842,0.599,-14.228,-32.895,15.18,776,10984
51,1,51,2.503,68.19033333,70.69333333,2.018333333,27.49266667,25.47433333,6.352666667,380.8603333,387.213,42.644,-37.58466667,-38.84866667,-51.56066667,-52.87966667,2.725333333,-11.36466667,-52.598,2.962333333,27.49,24.52766667,6.363666667,384.7616667,391.1253333,42.19066667,-37.31866667,-37.991,-50.749,-51.94933333,3.044666667,-14.42033333,-36.38133333,0.367666667,377.288,50971.33333
52,1,52,2.617333333,74.64233333,77.26,1.580666667,27.519,25.93833333,6.526333333,388.7823333,395.309,42.02133333,-37.79433333,-39.158,-52.472,-53.83766667,2.743333333,-11.32533333,-52.76166667,2.503666667,27.473,24.96966667,6.508,390.4763333,396.9843333,41.40566667,-38.53233333,-39.36566667,-52.202,-53.391,2.920666667,-13.43533333,-36.39233333,0.407666667,371.8833333,11456.33333
53,1,53,2.376666667,69.00533333,71.382,2.282666667,27.48733333,25.205,6.255,385.0813333,391.3366667,42.14066667,-36.89466667,-38.18366667,-51.48933333,-52.76,2.704666667,-11.33166667,-52.678,2.997666667,27.486,24.48833333,6.383666667,389.1353333,395.519,41.684,-36.97466667,-38.12066667,-51.168,-52.33866667,2.875333333,-13.90766667,-36.63866667,0.368333333,376.188,10089.33333
54,1,54,2.357333333,67.09966667,69.45733333,2.257,27.48766667,25.23066667,6.432333333,384.083,390.515,42.23433333,-37.397,-38.64933333,-51.66133333,-52.95,2.697666667,-11.37933333,-52.627,3.171,27.497,24.326,6.397333333,388.642,395.0393333,41.83933333,-37.34966667,-38.179,-50.812,-52.00233333,2.993,-14.82766667,-36.493,0.360666667,390.9616667,9454
55,1,55,2.52,72.11466667,74.635,1.957,27.50066667,25.544,6.705333333,388.7476667,395.453,41.831,-37.06633333,-38.366,-51.85533333,-53.157,2.762333333,-11.326,-52.688,2.725,27.46633333,24.74133333,6.755,391.9073333,398.6623333,41.168,-37.807,-38.89266667,-51.89466667,-53.01533333,2.835333333,-13.663,-36.396,0.363666667,391.8133333,9696
56,1,56,2.470666667,66.20833333,68.679,2.117,27.47933333,25.36233333,6.474333333,387.2816667,393.7556667,41.80633333,-37.015,-38.28066667,-51.75566667,-53.03166667,2.713666667,-11.34966667,-52.57166667,2.923666667,27.47533333,24.55166667,6.579333333,392.106,398.6846667,41.24966667,-37.02066667,-38.11433333,-51.32333333,-52.518,2.856,-14.81533333,-36.634,0.369,397.199,19101.66667
57,1,57,2.522,73.29233333,75.81466667,1.923666667,27.498,25.57433333,6.371,387.2176667,393.5883333,42.00433333,-37.618,-38.94033333,-51.85133333,-53.199,2.678333333,-11.37366667,-52.77533333,2.804,27.49,24.68633333,6.513,391.959,398.4716667,41.414,-37.79366667,-38.67266667,-51.32466667,-52.47933333,2.935666667,-14.756,-36.57533333,0.362333333,367.5356667,21147.66667
58,1,58,2.505333333,71.72833333,74.23366667,1.954666667,27.50333333,25.549,6.348666667,384.603,390.952,42.338,-37.50333333,-38.81033333,-51.944,-53.25733333,2.669666667,-11.324,-52.70566667,2.812666667,27.515,24.70133333,6.401,389.275,395.676,41.94166667,-37.57366667,-38.546,-51.37066667,-52.52533333,2.942333333,-13.43766667,-36.398,0.351666667,384.0243333,11619.33333
59,1,59,2.475666667,70.84833333,73.324,1.716,27.52233333,25.80633333,6.46,390.242,396.7016667,41.90866667,-37.16,-38.51633333,-51.927,-53.24533333,2.756,-11.321,-52.71666667,2.441333333,27.47066667,25.029,6.519,392.0086667,398.5273333,41.22,-37.92733333,-39.03866667,-51.993,-53.18033333,2.828333333,-13.30666667,-36.46466667,0.366333333,375.396,10044.33333
60,1,60,2.515,70.186,72.701,1.689333333,27.51966667,25.83033333,6.493333333,386.1793333,392.6726667,42.31166667,-37.83,-39.12766667,-52.02633333,-53.25233333,2.726333333,-11.338,-52.62666667,2.4,27.461,25.061,6.467333333,387.1906667,393.6576667,41.637,-38.30366667,-39.07266667,-51.803,-52.922,2.904,-14.11733333,-36.40566667,0.363666667,360.7183333,10474
61,1,61,2.533,69.212,71.745,1.395,27.5,26.105,6.27,382.365,388.635,42.561,-38.303,-39.455,-51.948,-53.186,2.685,-11.371,-52.697,2.427,27.475,25.047,6.473,385.967,392.44,41.899,-37.615,-37.788,-51.058,-52.235,3.14,-14.351,-36.156,0.396,368.804,26253
62,1,62,2.568,66.483,69.051,2.455,27.486,25.031,6.432,388.743,395.174,41.721,-37.505,-38.598,-51.411,-52.684,2.593,-11.539,-52.653,3.371,27.504,24.134,6.522,395.909,402.431,41.141,-37.302,-37.906,-50.444,-51.598,2.937,-17.069,-36.437,0.362,404.588,17078
63,1,63,2.528,71.629,74.157,1.841,27.495,25.654,6.558,386.833,393.392,41.992,-37.243,-38.615,-52.258,-53.505,2.766,-11.324,-52.653,2.536,27.466,24.93,6.497,389.623,396.12,41.427,-38.087,-39.224,-52.388,-53.547,2.807,-13.684,-36.504,0.366,362.227,15011
64,1,64,2.656,72.079,74.736,1.619,27.516,25.897,6.459,387.782,394.241,42.108,-37.603,-38.856,-51.961,-53.352,2.772,-11.353,-52.771,2.523,27.481,24.958,6.378,390.767,397.145,41.462,-38.075,-38.698,-51.671,-52.91,3.037,-14.222,-36.312,0.369,404.987,14776
65,1,65,2.579,74.885,77.464,1.605,27.521,25.916,6.762,391.049,397.81,41.778,-37.819,-39.035,-52.05,-53.375,2.658,-11.368,-52.741,2.381,27.461,25.08,6.884,393.257,400.141,40.967,-38.493,-39.289,-51.983,-53.124,2.81,-14.801,-36.557,0.368,361.886,15787
66,1,66,2.622,75.945,78.567,1.706,27.525,25.819,6.724,394.984,401.708,41.41,-37.241,-38.533,-52.524,-53.928,2.769,-11.332,-52.692,2.545,27.473,24.928,6.699,397.648,404.348,40.647,-38.406,-39.534,-52.608,-53.834,2.817,-14.016,-36.422,0.374,377.654,13367
67,1,67,2.51,69.836,72.346,2.037,27.498,25.461,6.478,392.131,398.609,41.474,-37.403,-38.742,-52.314,-53.592,2.705,-11.367,-52.705,2.854,27.495,24.641,6.579,397.848,404.427,40.852,-37.708,-38.842,-51.855,-53.029,2.815,-14.904,-36.617,0.368,407.335,14160
68,1,68,2.562,68.828,71.389,1.911,27.485,25.574,6.549,389.592,396.141,41.609,-37.222,-38.548,-51.885,-53.262,2.675,-11.331,-52.604,2.664,27.46,24.796,6.677,393.636,400.313,40.937,-37.766,-38.847,-51.906,-53.088,2.779,-14.168,-36.392,0.372,374.927,17641
69,1,69,2.509,71.1,73.609,1.915,27.501,25.586,6.474,389.173,395.647,41.81,-37.791,-39.041,-52.183,-53.527,2.689,-11.45,-52.677,2.902,27.497,24.596,6.458,394.468,400.926,41.229,-37.824,-38.676,-51.37,-52.597,2.896,-15.812,-36.489,0.385,362.637,20835
70,1,70,2.579,74.179,76.758,1.786,27.51,25.725,6.537,390.886,397.423,41.715,-37.49,-38.765,-51.955,-53.229,2.652,-11.332,-52.741,2.716,27.467,24.75,6.337,393.651,399.987,41.034,-38.184,-39.023,-51.713,-52.909,2.839,-13.874,-36.372,0.376,401.453,13927
71,1,71,2.62,71.429,74.049,2.007,27.499,25.493,6.484,387.083,393.567,42.016,-37.41,-38.648,-52.017,-53.232,2.748,-11.344,-52.569,2.858,27.526,24.668,6.606,392.567,399.173,41.679,-37.462,-38.407,-51.287,-52.487,2.982,-14.245,-36.368,0.372,379.748,33472
72,1,72,2.664,68.578,71.242,1.998,27.494,25.496,6.481,386.733,393.214,42.008,-37.102,-38.229,-51.575,-52.777,2.648,-11.326,-52.722,2.846,27.497,24.651,6.854,391.319,398.174,41.513,-37.111,-38.074,-50.998,-52.143,2.871,-13.75,-36.543,0.371,358.523,16432
73,1,73,2.529,67.208,69.737,2.062,27.492,25.429,6.361,386.225,392.586,42.051,-37.714,-38.935,-51.785,-53.173,2.687,-11.518,-52.612,2.935,27.514,24.579,6.494,393.866,400.359,41.441,-37.47,-38.237,-50.863,-52.144,3.008,-16.853,-36.41,0.365,366.225,13289
74,1,74,2.667,71.076,73.742,1.974,27.486,25.512,6.317,385.931,392.249,42.034,-37.773,-39.024,-51.975,-53.269,2.68,-11.434,-52.683,2.899,27.498,24.599,6.691,391.263,397.953,41.541,-37.642,-38.38,-51.062,-52.304,2.977,-15.387,-36.384,0.366,409.015,14867
75,1,75,2.577,72.339,74.915,1.439,27.481,26.042,6.691,390.163,396.854,41.494,-37.938,-39.23,-52.387,-53.655,2.628,-11.348,-52.862,2.424,27.492,25.068,6.726,395.727,402.453,41.017,-38.338,-39.026,-51.767,-52.915,2.949,-14.325,-36.263,0.358,362.55,19422
76,1,76,2.462,68.149,70.611,2.088,27.5,25.412,6.314,392.015,398.329,41.52,-36.593,-37.814,-51.622,-52.892,2.859,-11.323,-52.63,2.801,27.535,24.734,6.61,399.113,405.723,41.094,-36.637,-37.902,-51.607,-52.729,2.874,-13.75,-36.393,0.369,410.006,13848
77,1,77,2.794,72.322,75.115,1.747,27.491,25.744,6.538,390.118,396.656,41.611,-38.154,-39.436,-52.481,-53.665,2.671,-11.404,-52.703,2.646,27.454,24.808,6.423,394.082,400.505,40.861,-38.59,-39.169,-51.917,-53.062,2.86,-15.182,-36.357,0.372,378.894,18103
78,1,78,2.62,69.881,72.501,1.939,27.505,25.566,6.336,384.655,390.991,42.353,-38.058,-39.22,-51.742,-53.037,2.666,-11.366,-52.742,2.906,27.501,24.595,6.437,389.26,395.697,41.809,-37.552,-38.03,-50.698,-51.918,3.004,-14.61,-36.322,0.37,411.173,14417
79,1,79,2.549,68.519,71.068,2.015,27.497,25.482,6.385,386.253,392.638,42.092,-37.076,-38.39,-51.773,-53.015,2.739,-11.338,-52.666,2.845,27.493,24.648,6.523,390.085,396.608,41.638,-37.242,-38.403,-51.352,-52.581,2.859,-14.252,-36.532,0.371,359.679,16795
80,1,80,2.553,69.361,71.913,2.076,27.502,25.426,6.357,392.58,398.937,41.481,-37.229,-38.512,-51.697,-52.996,2.717,-11.337,-52.61,2.789,27.478,24.689,6.556,396.951,403.507,40.783,-37.246,-38.347,-51.464,-52.599,2.778,-14.407,-36.602,0.364,366.43,13993
81,1,81,2.582,74.301,76.883,1.708,27.511,25.803,6.617,393.624,400.241,41.432,-37.128,-38.523,-52.182,-53.488,2.755,-11.319,-52.745,2.396,27.464,25.068,6.549,395.595,402.144,40.787,-37.927,-39.207,-52.591,-53.75,2.821,-13.161,-36.598,0.371,368.758,14219
82,1,82,2.425,70.044,72.469,2.014,27.503,25.489,6.192,389.109,395.302,41.867,-37.386,-38.667,-51.906,-53.2,2.703,-11.365,-52.699,2.834,27.531,24.696,6.422,396.537,402.96,41.335,-37.334,-38.397,-51.324,-52.461,2.838,-14.848,-36.366,0.366,374.509,14041
83,1,83,2.549,73.547,76.096,1.783,27.496,25.713,6.673,390.733,397.407,41.581,-37.564,-38.799,-51.97,-53.391,2.708,-11.321,-52.721,2.778,27.464,24.686,6.64,393.603,400.242,40.983,-38.322,-39.165,-51.882,-52.968,2.838,-13.142,-36.381,0.371,379.193,13051
