Header Section,,,,,,,,,,,,,,,,,,,,,,,,,,,,,,,,,,,,,,,,,,,,,,,,,,,,,,,,,,,,
Product,VC5318,,,,,,,,,,,,,,,,,,,,,,,,,,,,,,,,,,,,,,,,,,,,,,,,,,,,,,,,,,,
Test Plan,Rev(-),,,,,,,,,,,,,,,,,,,,,,,,,,,,,,,,,,,,,,,,,,,,,,,,,,,,,,,,,,,
Release Date,2/14/2014,,,,,,,,,,,,,,,,,,,,,,,,,,,,,,,,,,,,,,,,,,,,,,,,,,,,,,,,,,,
Comment,"#1~40 generate in JCET,E6.17.1;",,,,,,,,,,,,,,,,,,,,,,,,,,,,,,,,,,,,,,,,,,,,,,,,,,,,,,,,,,,
,,,,,,,,,,,,,,,,,,,,,,,,,,,,,,,,,,,,,,,,,,,,,,,,,,,,,,,,,,,,
Data Section,,,,,,,,,,,,,,,,,,,,,,,,,,,,,,,,,,,,,,,,,,,,,,,,,,,,,,,,,,,,
Device#,1,2,3,4,5,6,7,8,9,10,11,12,13,14,15,16,17,18,19,20,21,22,23,24,25,26,27,28,29,30,31,32,33,34,35,36,37,38,39,40,41,42,43,44,45,46,47,48,49,50,51,52,53,54,55,56,57,58,59,
Test Item,Site No,Device ID,Idle_LB_Vbat,Idle_LB_Vcc,Idle_LB_Total,Pin_LB_824,Pout_LB_824,Gain_LB_824,Icc_LB_Vbat_824,Icc_LB_Vcc_824,Icc_LB_Total_824,PAE_LB_Total_824,ACP_LB_L_824,ACP_U_LB_824,ALT_LB_L_824,ALT_U_LB_824,EVM_LB_824,Pin_LB_915,Pout_LB_915,Gain_LB_915,Icc_LB_Vbat_915,Icc_LB_Vcc_915,Icc_LB_Total_915,PAE_LB_Total_915,ACP_LB_L_915,ACP_U_LB_915,ALT_LB_L_915,ALT_U_LB_915,EVM_LB_915,Idle_HB_Vbat,Idle_HB_Vcc,Idle_HB_Total,Pin_HB_1850,Pout_HB_1850,Gain_HB_1850,Icc_HB_Vbat_1850,Icc_HB_Vcc_1850,Icc_HB_Total_1850,PAE_HB_Total_1850,ACP_LB_HB_1850,ACP_U_HB_1850,ALT_LB_HB_1850,ALT_U_HB_1850,EVM_HB_1850,Pin_HB_1980,Pout_HB_1980,Gain_HB_1980,Icc_HB_Vbat_1980,Icc_HB_Vcc_1980,Icc_HB_Total_1980,PAE_HB_Total_1980,ACP_LB_HB_1980,ACP_U_HB_1980,ALT_LB_HB_1980,ALT_U_HB_1980,EVM_HB_1980,Leakage_Current,Test Time,Index Time,Status
Low Tolerance,,,5,10,10,0.3,,,1,30,30,,1.5,1.5,1.5,1.5,0.5,0.3,,,1,30,30,,1.5,1.5,1.5,1.5,0.5,5,10,10,0.3,,,1,30,30,,1.5,1.5,1.5,1.5,0.5,0.3,,,1,30,30,,1.5,1.5,1.5,1.5,0.5,5,,,
High Tolerance,,,5,10,10,0.5,,,1,30,30,,1.5,1.5,1.5,1.5,0.5,0.5,,,1,30,30,,1.5,1.5,1.5,1.5,0.5,5,10,10,0.5,,,1,30,30,,1.5,1.5,1.5,1.5,0.5,0.5,,,1,30,30,,1.5,1.5,1.5,1.5,0.5,5,,,
Enable,,,1,1,1,1,0,0,0,1,1,,1,1,1,1,1,1,0,0,0,1,1,,1,1,1,1,1,1,1,1,1,0,0,0,1,1,,1,1,1,1,1,1,0,0,0,1,1,,1,1,1,1,1,1,,,
1,1,1,2.3,83.82,87.91,-2.19,26.97,30.21,5.75,372.54,378.29,37.55,-41.72,-42.26,-56.38,-56.25,1.44,-1.44,27,30.82,6.56,427.58,434.14,32.69,-34.5,-34.34,-56.08,-55.15,3.21,2.26,78.62,83.98,1.75,27.52,27.85,6.64,438.23,444.87,35.41,-42.92,-43.05,-56.09,-55.84,1.39,0.59,27.51,27.13,7.16,468.79,475.95,33.28,-42.62,-41.56,-54.16,-54.23,1.64,0.66,771.46,341077,
2,1,2,2.2,77.46,81.46,-1.85,27,29.91,5.76,373.17,378.93,37.82,-42.8,-43.74,-56.73,-56.44,1.26,-1.04,26.95,30.38,6.51,424.08,430.59,32.61,-35.35,-35.08,-55.2,-54.3,3.02,2.25,77.8,83.14,1.6,27.52,28,6.67,438.34,445.01,35.38,-43.24,-44.16,-56.04,-55.85,1.31,0.74,27.51,26.98,7.15,470.86,478.01,33.13,-43.49,-42.58,-54.45,-54.42,1.46,0.69,749.6,29667.33,
3,1,3,2.18,77.58,81.56,-2.01,26.98,30.05,5.7,371.19,376.89,37.85,-42.44,-43.13,-56.4,-56.12,1.34,-1.14,27,30.52,6.55,424.79,431.34,32.87,-34.22,-33.98,-55.18,-54.15,3.33,2.16,73.9,79.15,1.38,27.51,28.22,6.6,437.97,444.57,35.36,-42.91,-44.34,-55.86,-55.78,1.3,0.94,27.5,26.78,7.07,471.05,478.12,33.09,-44.75,-43.87,-54.81,-54.73,1.19,0.68,790.4,34092,
4,1,4,2.19,78.62,82.61,-1.63,27.01,29.7,5.76,372.93,378.69,37.9,-41.86,-42.52,-55.7,-55.49,1.38,-1.08,26.96,30.42,6.48,422.54,429.02,32.77,-35.08,-34.79,-55.35,-54.28,3.06,2.27,79.53,84.89,1.46,27.5,28.12,6.68,437.56,444.24,35.31,-42.83,-43.35,-55.94,-55.74,1.38,0.66,27.51,27.07,7.17,469.87,477.04,33.2,-43.15,-42.13,-54.45,-54.44,1.51,0.68,794.39,27740.67,
5,1,5,2.2,77.37,81.37,-1.63,26.96,29.64,5.82,373.09,378.91,37.41,-42.11,-43.08,-56.26,-55.94,1.33,-0.77,26.95,30.11,6.58,423.32,429.9,32.67,-35.24,-34.96,-54.86,-53.95,3.06,2.35,82.53,87.98,1.87,27.52,27.73,6.74,442.18,448.92,35.1,-43.16,-43.44,-56.32,-56.14,1.39,0.59,27.5,27.13,7.32,476.18,483.5,32.75,-44,-43.23,-54.77,-54.7,1.26,0.68,812.32,32970.67,
6,1,6,2.12,75.52,79.44,-1.71,26.98,29.75,5.66,369.68,375.34,38,-41.39,-42.19,-55.21,-55.01,1.46,-0.8,26.95,30.14,6.49,422.62,429.11,32.72,-35.62,-35.38,-55.1,-54.3,2.92,2.18,75.81,81.08,1.68,27.53,27.93,6.65,437.58,444.23,35.49,-42.44,-42.9,-55.76,-55.65,1.41,0.65,27.5,27.07,6.98,463.77,470.75,33.59,-44.31,-43.35,-54.59,-54.61,1.28,0.67,844.42,30422,
7,1,7,2.27,79.91,83.98,-1.66,26.95,29.67,5.84,369.78,375.62,37.71,-41.23,-42.27,-55.44,-55.39,1.41,-0.88,26.96,30.22,6.55,418.82,425.37,33.03,-35.37,-35.15,-55.1,-54.22,3.01,2.4,84.37,89.87,1.82,27.5,27.77,7,446.87,453.87,34.55,-41.79,-42.1,-55.92,-55.73,1.44,0.77,27.51,26.96,7.46,478.49,485.95,32.62,-42.53,-41.69,-54.44,-54.53,1.62,0.72,915.28,41571.33,
8,1,8,2.22,79.3,83.32,-1.61,26.97,29.64,5.82,378.66,384.48,37.03,-42.78,-43.34,-56.46,-56.07,1.31,-0.87,26.99,30.23,6.65,432.71,439.36,32.22,-33.93,-33.53,-54.85,-53.69,3.43,2.22,76.77,82.08,1.79,27.53,27.83,6.66,438.96,445.62,35.4,-42.86,-43.15,-56.17,-56.01,1.38,0.61,27.51,27.12,7.07,469.28,476.35,33.24,-43.91,-42.93,-54.6,-54.47,1.34,0.66,793.08,34914.67,
9,1,9,2.18,77.95,81.93,-1.75,27.02,29.83,5.69,372.26,377.95,38.05,-42.3,-43.14,-56.15,-55.89,1.33,-1.07,26.97,30.42,6.48,423.57,430.05,32.74,-35.16,-34.9,-55.17,-54.29,3.06,2.2,77.01,82.31,1.48,27.52,28.13,6.53,436.9,443.43,35.5,-43.39,-44,-55.96,-55.82,1.34,0.82,27.51,26.91,7.16,473.27,480.43,32.97,-42.47,-41.47,-54.19,-54.25,1.65,0.68,745.22,59871,
10,1,10,2.15,77.32,81.27,-1.86,27.03,29.94,5.78,374.83,380.61,37.9,-42.18,-42.91,-56.25,-56.03,1.39,-1.07,26.96,30.41,6.5,426.09,432.59,32.52,-34.69,-34.4,-55.51,-54.46,3.23,2.18,75.41,80.68,1.7,27.54,27.92,6.56,441.46,448.02,35.34,-43.13,-43.93,-55.94,-55.82,1.33,0.96,27.51,26.77,7.16,473.46,480.62,32.97,-44.17,-43.19,-54.69,-54.62,1.35,0.7,825.15,10621.33,
11,1,11,2.2,78.62,82.62,-1.67,27,29.73,5.75,375.05,380.8,37.65,-42.05,-42.72,-55.55,-55.41,1.36,-1,26.97,30.35,6.54,427.03,433.57,32.48,-34.86,-34.6,-55.31,-54.39,3.16,2.17,76.26,81.53,1.46,27.51,28.14,6.57,439.29,445.86,35.25,-43.3,-43.82,-55.88,-55.72,1.33,0.73,27.51,27,7.1,472.69,479.79,33.02,-43.24,-42.18,-54.33,-54.31,1.51,0.68,771.11,44349.67,
12,1,12,2.25,79.91,83.97,-1.65,27.01,29.71,5.84,374.46,380.3,37.73,-41.4,-42.14,-55.46,-55.3,1.42,-1.14,26.98,30.5,6.53,422.61,429.14,32.88,-34.7,-34.32,-54.92,-53.91,3.2,2.3,80.58,85.97,1.43,27.51,28.16,6.71,439.65,446.36,35.19,-43.01,-43.81,-55.75,-55.63,1.32,0.91,27.51,26.81,7.32,476.62,483.94,32.77,-42.15,-41.18,-54.2,-54.19,1.72,0.69,775.28,37133.33,
13,1,13,2.19,79.5,83.5,-1.73,27,29.78,5.75,374.6,380.35,37.65,-42.17,-43.02,-55.88,-55.67,1.33,-0.98,26.96,30.32,6.51,425.08,431.59,32.56,-35.01,-34.74,-55.24,-54.47,3.07,2.18,76.03,81.31,1.96,27.55,27.67,6.67,442.86,449.53,35.25,-43.52,-44.15,-56.11,-56.03,1.31,0.74,27.5,26.98,7.15,474.54,481.69,32.87,-45.3,-44.56,-54.87,-54.8,1.1,0.68,752.85,38921,
14,1,14,2.2,79.05,83.05,-1.78,27.04,29.87,5.77,375.65,381.42,37.88,-41.9,-42.39,-55.48,-55.26,1.4,-1.08,26.98,30.44,6.6,427.03,433.63,32.61,-34.45,-34.1,-54.99,-53.98,3.29,2.21,77.51,82.81,1.88,27.53,27.73,6.61,440.06,446.67,35.35,-43.32,-42.78,-56.25,-56.14,1.37,0.74,27.51,26.98,7.12,472.41,479.53,33.02,-43.07,-41.94,-54.49,-54.55,1.53,0.67,707.11,34813.67,
15,1,15,2.21,77.54,81.55,-1.46,26.96,29.48,5.81,373.37,379.18,37.38,-42.38,-43.14,-56.15,-55.92,1.3,-0.77,26.97,30.12,6.62,424.67,431.29,32.67,-34.4,-34.02,-54.62,-53.48,3.3,2.28,80.07,85.44,1.56,27.51,28.03,6.72,441.57,448.29,35.06,-42.74,-43.57,-56,-55.83,1.36,0.73,27.5,26.99,7.12,469.04,476.16,33.22,-44.28,-43.29,-54.83,-54.77,1.27,0.69,767.53,36182.67,
16,1,16,2.26,79.12,83.18,-1.6,27,29.65,5.74,371.89,377.63,37.88,-41.71,-42.69,-55.47,-55.41,1.41,-0.82,26.96,30.17,6.56,422.33,428.89,32.77,-35.54,-35.3,-55.34,-54.48,2.9,2.31,80.67,86.08,1.59,27.51,28.01,6.65,440.63,447.28,35.16,-43.37,-43.69,-56.19,-55.94,1.33,0.83,27.5,26.89,7.36,477.96,485.32,32.64,-42.42,-41.46,-54.33,-54.37,1.63,0.7,810.86,40690,
17,1,17,2.33,84.57,88.69,-1.93,26.96,29.94,5.76,371.58,377.34,37.56,-41.51,-42.51,-55.89,-55.8,1.43,-1.44,26.99,30.81,6.54,421.84,428.38,33.03,-35.54,-35.27,-55.66,-54.97,2.9,2.24,78.22,83.55,1.8,27.51,27.8,6.7,442.02,448.72,35.06,-43.25,-43.93,-56.05,-55.97,1.38,0.59,27.5,27.13,7.12,471.09,478.21,33.07,-44.95,-44.12,-54.87,-54.82,1.16,0.68,754.4,26490.33,
18,1,18,2.13,75.97,79.9,-1.81,27.02,29.89,5.62,372.16,377.78,38.08,-42.41,-43,-56.23,-55.8,1.34,-0.97,26.98,30.33,6.45,423.94,430.39,32.8,-34.12,-33.87,-55.13,-53.96,3.36,2.12,72.63,77.84,1.36,27.52,28.24,6.49,434.84,441.33,35.69,-42.91,-44.12,-55.8,-55.57,1.34,0.85,27.5,26.87,7.04,468.75,475.79,33.26,-43.43,-42.45,-54.3,-54.28,1.53,0.68,766.39,21428,
19,1,19,2.23,79.4,83.42,-1.73,27,29.78,5.8,376.9,382.7,37.42,-42.45,-43.11,-56.26,-56.05,1.33,-1.11,26.98,30.47,6.61,430.19,436.8,32.34,-34.46,-34.1,-55.33,-54.14,3.28,2.23,77.34,82.66,1.66,27.52,27.94,6.66,439.85,446.51,35.28,-43.33,-43.47,-56.13,-56.04,1.35,0.75,27.51,26.98,7.13,472.38,479.51,33.05,-43.24,-42.17,-54.48,-54.44,1.57,0.67,791.29,22538.33,
20,1,20,2.23,78.96,82.99,-1.71,26.98,29.75,5.82,372.94,378.76,37.6,-41.97,-43.1,-55.95,-55.83,1.33,-0.81,26.95,30.14,6.61,423.8,430.41,32.6,-35.47,-35.23,-55.18,-54.28,2.96,2.34,81.85,87.28,2.03,27.54,27.59,6.86,444.93,451.79,35.02,-43.33,-43.74,-56.29,-56.13,1.35,0.76,27.5,26.96,7.3,477.03,484.33,32.67,-43.95,-43.12,-54.78,-54.66,1.31,0.7,786.75,20740.67,
21,1,21,2.18,77.68,81.66,-1.77,27.01,29.84,5.74,373.79,379.53,37.84,-42.07,-42.78,-56.21,-55.94,1.37,-1.13,26.97,30.48,6.57,424.57,431.14,32.68,-34.77,-34.46,-55.51,-54.48,3.16,2.23,77.88,83.2,1.87,27.54,27.75,6.68,441.37,448.05,35.28,-43.43,-44.01,-55.93,-55.79,1.35,0.77,27.5,26.96,7.21,477.24,484.45,32.7,-43.43,-42.5,-54.27,-54.26,1.43,0.7,758.33,22902,
22,1,22,2.13,75.87,79.8,-1.53,26.98,29.56,5.71,369.82,375.53,37.93,-41.53,-42.3,-55.33,-55.12,1.4,-0.79,26.96,30.12,6.53,421.48,428.01,32.81,-35.15,-34.88,-55.19,-54.21,3.05,2.24,78.77,84.1,1.95,27.54,27.67,6.64,441.37,448.01,35.3,-43.48,-43.48,-56.23,-56.07,1.35,0.7,27.5,27.02,7.15,474.71,481.86,32.87,-43.61,-42.66,-54.53,-54.5,1.42,0.69,764.19,27191.67,
23,1,23,2.28,81.4,85.48,-2.09,26.96,30.11,5.77,371.77,377.54,37.54,-41.65,-42.42,-56.08,-55.81,1.42,-1.24,26.99,30.61,6.57,425.53,432.1,32.75,-34.7,-34.49,-55.46,-54.57,3.14,2.27,79.69,85.05,1.93,27.52,27.68,6.72,440.65,447.37,35.2,-42.81,-43.24,-56.02,-55.91,1.4,0.72,27.5,27,7.19,469.58,476.77,33.18,-44.2,-43.26,-54.77,-54.74,1.27,0.68,767.25,23417,
24,1,24,2.14,76.89,80.83,-1.75,26.98,29.79,5.69,370.35,376.04,37.93,-41.66,-42.4,-55.62,-55.42,1.42,-1.01,26.96,30.35,6.42,422,428.42,32.8,-35.28,-35,-55.26,-54.25,3.06,2.13,74.16,79.39,1.83,27.56,27.81,6.57,440.15,446.72,35.55,-43.16,-42.81,-56.19,-56.02,1.38,0.74,27.51,26.98,7.06,471.02,478.08,33.13,-42.96,-41.83,-54.3,-54.28,1.58,0.67,760.71,34544,
25,1,25,2.26,79.19,83.25,-2.01,26.96,30.03,5.72,367.84,373.56,37.96,-41.5,-42.2,-55.71,-55.46,1.42,-1.08,26.96,30.42,6.52,419.95,426.47,32.98,-34.83,-34.69,-55.29,-54.31,3.11,2.27,79.31,84.67,1.4,27.51,28.19,6.65,438.69,445.34,35.27,-42.67,-43.57,-55.8,-55.58,1.36,0.71,27.5,27.02,7.14,468.12,475.26,33.3,-42.94,-41.99,-54.32,-54.34,1.52,0.69,774.03,26241.67,
26,1,26,2.14,77.09,81.03,-1.38,26.99,29.44,5.68,372.06,377.74,37.86,-41.76,-42.65,-55.32,-55.27,1.38,-0.72,26.95,30.05,6.52,423.71,430.23,32.64,-35.63,-35.35,-55.3,-54.41,2.9,2.15,75.95,81.19,1.83,27.54,27.8,6.63,443.19,449.82,35.21,-43.85,-43.62,-56.29,-56.13,1.33,0.66,27.5,27.07,7.22,478.13,485.35,32.64,-43.8,-42.76,-54.47,-54.37,1.41,0.69,840.98,32165,
27,1,27,2.21,80.07,84.08,-1.89,27.01,29.95,5.79,379.27,385.06,37.28,-43.23,-43.7,-56.91,-56.5,1.29,-0.98,26.99,30.35,6.68,434.64,441.32,32.13,-33.53,-33.21,-55.13,-53.99,3.62,2.16,75.19,80.44,1.77,27.53,27.85,6.59,442.2,448.79,35.21,-43.02,-43.83,-56.02,-56,1.35,0.77,27.5,26.95,6.99,471.87,478.86,33.07,-45.55,-44.81,-55.09,-55.01,1.06,0.7,722.94,32310.33,
28,1,28,2.18,76.14,80.12,-1.55,26.99,29.59,5.72,369.06,374.78,38.08,-41,-41.82,-55.06,-54.94,1.5,-0.87,26.97,30.22,6.45,416.8,423.25,33.25,-35.24,-34.9,-55,-53.98,3.01,2.35,82.99,88.43,1.42,27.49,28.16,6.92,442.43,449.35,34.85,-41.75,-42.24,-55.59,-55.45,1.44,0.66,27.51,27.06,7.27,472.89,480.16,32.98,-42.62,-41.75,-54.39,-54.43,1.64,0.7,814.79,21944.67,
29,1,29,2.19,78.03,82.02,-1.55,26.99,29.59,5.71,368.46,374.17,38.13,-41.22,-42.1,-55.03,-54.96,1.44,-0.92,26.95,30.26,6.55,418.09,424.64,33.04,-35.63,-35.38,-55.28,-54.4,2.9,2.26,78.76,84.12,1.66,27.53,27.95,6.67,442.37,449.04,35.14,-43.04,-44.15,-56.05,-55.87,1.32,0.79,27.5,26.93,7.13,474.46,481.59,32.85,-44.38,-43.56,-54.72,-54.68,1.27,0.7,844.74,18963.33,
30,1,30,2.27,81.36,85.43,-1.98,26.96,30,5.76,367.9,373.66,37.98,-41.39,-42.16,-55.64,-55.51,1.45,-1.23,26.96,30.57,6.53,420.06,426.59,32.96,-35.33,-35.12,-55.42,-54.62,2.97,2.34,82.4,87.83,1.41,27.5,28.18,6.74,439.57,446.31,35.13,-42.99,-43.89,-55.86,-55.65,1.33,0.74,27.5,26.98,7.34,475.24,482.58,32.79,-42.85,-41.89,-54.34,-54.31,1.58,0.68,753.98,17199,
31,1,31,2.19,78.37,82.37,-1.71,26.95,29.71,5.71,366.46,372.17,38.03,-41.33,-42.23,-55.12,-55.03,1.42,-0.89,26.95,30.23,6.57,418.22,424.79,33.04,-35.5,-35.24,-55.16,-54.28,2.92,2.17,75.82,81.08,1.81,27.53,27.8,6.7,437.53,444.23,35.54,-42.94,-43.15,-56.04,-55.88,1.38,0.79,27.5,26.93,7.03,466.33,473.36,33.42,-43.45,-42.37,-54.44,-54.44,1.49,0.68,832.45,16125.33,
32,1,32,2.18,77.19,81.17,-1.34,26.97,29.37,5.69,370.22,375.91,37.86,-41.32,-42.01,-54.94,-54.84,1.44,-1.11,26.96,30.45,6.38,419.57,425.95,32.98,-35.62,-35.22,-55.53,-54.45,2.91,2.16,75.63,80.89,1.62,27.54,28,6.63,439.2,445.83,35.48,-43.08,-43.25,-56.09,-55.92,1.35,0.82,27.5,26.9,7.19,474.82,482.01,32.85,-42.67,-41.62,-54.17,-54.18,1.69,0.68,786.42,18420,
33,1,33,2.14,75.83,79.77,-1.51,26.96,29.52,5.65,370.73,376.38,37.69,-41.82,-42.38,-55.55,-55.33,1.39,-0.9,26.97,30.25,6.53,423.19,429.72,32.78,-34.76,-34.42,-55.21,-54.11,3.2,2.21,77.53,82.83,1.81,27.55,27.82,6.76,440.56,447.32,35.42,-42.82,-42.9,-55.82,-55.65,1.38,0.88,27.51,26.84,7.17,469.89,477.06,33.22,-42.87,-41.74,-54.27,-54.26,1.6,0.68,850.87,14773.67,
34,1,34,2.15,77.42,81.38,-1.69,27.03,29.78,5.67,373.47,379.14,38.07,-41.23,-42.21,-55.2,-55.14,1.45,-0.95,26.96,30.29,6.47,422.5,428.97,32.75,-35.49,-35.18,-55.52,-54.58,2.94,2.18,75.9,81.17,1.57,27.51,28.03,6.65,441.59,448.24,35.06,-42.84,-44.31,-56.09,-55.83,1.31,0.76,27.51,26.97,7.07,474.65,481.72,32.89,-45.7,-45.2,-55.17,-55.04,0.98,0.69,775.22,17972.33,
35,1,35,2.19,78.5,82.5,-1.51,26.97,29.54,5.81,376.35,382.16,37.2,-42.97,-43.33,-56.4,-56.14,1.29,-0.9,26.99,30.28,6.7,430.71,437.41,32.38,-33.7,-33.34,-55.27,-54.01,3.52,2.18,74.73,80,1.75,27.54,27.87,6.58,436.72,443.3,35.65,-43.43,-43.87,-56.04,-55.83,1.32,1,27.51,26.73,7.15,471.41,478.56,33.11,-42.99,-41.96,-54.28,-54.27,1.54,0.71,857.71,15074.33,
36,1,36,2.15,77.2,81.15,-1.67,27.02,29.74,5.72,372.84,378.56,37.96,-42.46,-43.27,-56.65,-56.47,1.37,-1.08,26.95,30.41,6.65,429.83,436.48,32.18,-35.72,-35.53,-56.06,-55.14,2.9,2.12,74.4,79.62,1.8,27.54,27.82,6.6,439.46,446.06,35.47,-43,-43.04,-56.02,-55.76,1.37,0.95,27.51,26.78,7.03,467.66,474.69,33.35,-44.02,-42.86,-54.61,-54.53,1.36,0.68,812.51,22014.67,
37,1,37,2.25,79.11,83.16,-1.58,27.01,29.65,5.73,370.61,376.34,38.13,-41.22,-41.94,-54.98,-54.88,1.45,-1.08,26.96,30.43,6.52,420.24,426.76,32.93,-35.31,-35.04,-55.37,-54.35,3.02,2.23,77.76,83.08,2.15,27.57,27.5,6.73,443.24,449.97,35.44,-43.45,-43.28,-56.13,-55.96,1.33,0.77,27.5,26.96,7.3,475.26,482.56,32.81,-43.46,-42.48,-54.38,-54.29,1.46,0.69,854.15,18441.67,
38,1,38,2.31,82.59,86.7,-1.77,27.01,29.84,5.82,375.04,380.86,37.72,-41.84,-42.79,-56.02,-55.92,1.37,-1.28,26.97,30.63,6.59,423.63,430.22,32.74,-35.54,-35.23,-55.6,-54.68,2.9,2.31,80.79,86.2,1.61,27.5,27.98,6.76,443.11,449.87,34.85,-42.94,-43.96,-56.14,-56.01,1.33,0.76,27.5,26.96,7.3,474.96,482.26,32.83,-44.47,-43.65,-54.92,-54.84,1.26,0.71,787.82,17096.67,
39,1,39,2.27,80.74,84.81,-1.46,26.98,29.5,5.8,371.62,377.42,37.76,-41.52,-42.23,-55.62,-55.44,1.45,-1.13,26.96,30.48,6.51,422.01,428.52,32.84,-35.05,-34.71,-55.7,-54.7,3.11,2.2,77.11,82.4,1.62,27.52,27.99,6.66,439.46,446.12,35.33,-43.19,-43.78,-56.09,-55.82,1.31,0.59,27.5,27.13,7.11,472.76,479.87,32.97,-43.39,-42.47,-54.33,-54.3,1.45,0.68,754.77,17498.67,
40,1,40,2.18,78.28,82.26,-1.56,26.97,29.58,5.77,375.25,381.02,37.3,-42.77,-43.42,-56.53,-56.22,1.26,-1.09,27,30.48,6.52,428.15,434.67,32.68,-33.94,-33.5,-54.97,-53.83,3.44,2.12,73.97,79.18,1.49,27.52,28.12,6.67,440.69,447.36,35.24,-42.92,-44.32,-55.78,-55.7,1.35,0.94,27.51,26.78,7.15,473.44,480.59,32.96,-45,-44.19,-54.94,-54.8,1.13,0.7,737.93,19409,
41,1,41,2.154,75.902,78.055,-1.092,26.972,29.567,6.182,379.477,385.658,36.565,-42.592,-43.446,-55.5,-55.803,1.476,-0.434,26.97,27.619,7.02,434.541,441.56,32.574,-35.17,-33.741,-53.438,-52.49,2.848,2.215,80.29,82.506,1.763,27.496,29.184,6.699,435.223,441.922,37.267,-41.131,-41.718,-55.371,-55.112,1.587,1.856,27.483,27.292,7.467,460.3663333,467.8326667,34.149,-42.515,-42.619,-54.51,-54.662,1.719,0.732,450.727,26594,
42,1,42,2.216,79.783,81.999,-1.333,27.004,29.84,6.088,384.95,391.037,36.349,-39.711,-40.211,-53.913,-54.289,1.848,-0.611,27.009,27.836,7.081,441.058,448.138,32.397,-37.686,-37.3,-54.909,-54.474,2.555,2.207,78.853,81.061,2.409,27.536,28.577,6.994,450.121,457.115,36.366,-41.614,-42.093,-55.258,-55.063,1.576,1.55,27.473,27.587,7.405,464.4756667,471.8803333,33.786,-44.328,-44.312,-54.805,-54.672,1.408,0.732,443.993,12330,
43,1,43,2.171,77.065,79.235,-1.141,26.999,29.644,6.205,380.76,386.965,36.679,-41.478,-42.145,-54.722,-55.086,1.592,-0.492,26.983,27.69,7.007,436.221,443.228,32.552,-36.756,-35.704,-54.453,-53.881,2.657,2.23,79.094,81.325,2.196,27.527,28.782,7.084,443.862,450.947,36.789,-41.126,-41.847,-55.104,-55.024,1.549,1.97,27.491,27.185,7.449,465.291,472.7406667,33.866,-43.44,-43.58,-54.545,-54.601,1.529,0.734,448.68,15010.667,
44,1,44,2.152,78.316,80.468,-1.364,26.985,29.853,6.147,386.997,393.143,36.007,-42.18,-42.99,-55.568,-55.78,1.523,-0.579,26.989,27.783,7.024,442.005,449.029,32.182,-36.114,-34.818,-54.126,-53.418,2.767,2.128,75.358,77.487,2.511,27.487,28.428,7.142,448.64,455.782,36.068,-41.797,-41.405,-55.282,-55.138,1.537,1.462,27.482,27.684,7.552,464.096,471.6476667,33.875,-43.835,-43.228,-54.384,-54.287,1.522,0.749,459.652,10446.667,
45,1,45,2.136,74.565,76.702,-0.976,27,29.48,6.11,380.431,386.54,36.722,-39.875,-40.468,-53.718,-54.038,1.816,-0.312,27.021,27.548,6.834,435.817,442.65,32.879,-38.04,-37.294,-54.82,-54.388,2.528,2.258,81.082,83.341,2.423,27.538,28.567,7.069,452.923,459.992,36.155,-41.948,-42.089,-55.593,-55.446,1.549,1.507,27.465,27.622,7.538,470.128,477.666,33.328,-44.775,-44.794,-55.035,-54.949,1.339,0.731,426.246,9814,
46,1,46,2.111,74.905,77.017,-1.236,26.997,29.737,5.915,377.107,383.022,37.02,-40.162,-40.871,-54.136,-54.43,1.743,-0.439,27.011,27.665,6.746,430.757,437.502,33.185,-36.957,-35.976,-54.252,-53.562,2.632,2.185,78.677,80.863,2.581,27.507,28.377,7.023,452.174,459.197,35.96,-41.919,-42.087,-55.463,-55.374,1.542,1.595,27.48,27.549,7.376,467.3343333,474.7106667,33.646,-44.119,-43.944,-54.895,-54.668,1.418,0.743,466.667,9399.667,
47,1,47,2.224,78.548,80.771,-0.887,26.974,29.365,6.126,377.897,384.022,36.736,-38.181,-38.53,-52.501,-52.943,2.101,-0.566,27.042,27.823,6.983,437.362,444.344,32.92,-39.155,-40.172,-55.796,-55.905,2.427,2.325,83.541,85.867,2.64,27.541,28.353,7.247,461.848,469.095,35.485,-41.701,-41.964,-55.76,-55.765,1.566,1.214,27.492,27.943,7.624,479.6383333,487.2623333,32.895,-45.95,-46.562,-55.557,-55.042,1.122,0.72,430.275,8503.667,
48,1,48,2.128,75.486,77.614,-1.14,26.993,29.636,5.999,384.282,390.281,36.322,-39.791,-40.382,-53.827,-54.115,1.792,-0.44,27.026,27.68,6.782,437.047,443.828,32.832,-37.663,-36.793,-54.707,-54.062,2.559,2.193,79.468,81.662,2.417,27.531,28.564,7.035,452.815,459.85,36.107,-41.893,-41.788,-55.458,-55.3,1.573,1.372,27.481,27.773,7.57,472.2283333,479.7983333,33.305,-44.494,-44.413,-54.98,-54.728,1.373,0.738,461.805,9459.333,
49,1,49,2.044,74.002,76.046,-0.471,26.986,28.961,6.034,386.069,392.103,36.103,-39.386,-40.237,-52.971,-53.446,1.849,-0.274,27.016,27.506,7.13,444.034,451.164,32.234,-39.087,-38.518,-55.371,-55.225,2.427,2.233,81.888,84.121,2.405,27.524,28.57,7.139,460.372,467.512,35.466,-41.842,-42.005,-55.633,-55.584,1.557,1.123,27.49,28.031,7.529,481.7686667,489.297,32.742,-45.923,-46.75,-55.293,-54.877,1.154,0.735,414.472,8222,
50,1,50,2.02,71.737,73.758,-1.226,26.987,29.717,5.991,371.304,377.295,37.477,-38.833,-39.182,-53.362,-53.718,1.984,-0.435,27.018,27.669,6.766,424.491,431.257,33.714,-37.43,-36.534,-54.415,-53.529,2.597,2.165,78.287,80.452,2.231,27.535,28.754,6.816,445.066,451.882,36.774,-42.219,-42.041,-55.38,-55.076,1.524,1.916,27.467,27.215,7.315,465.4053333,472.7203333,33.679,-41.282,-40.863,-53.991,-54.102,2.029,0.737,451.588,8262.667,
51,1,51,2.13,75.131,77.263,-1.116,27.01,29.63,6.262,381.439,387.7,36.705,-39.263,-39.609,-53.565,-53.839,1.915,-0.309,27.016,27.541,6.871,434.674,441.545,32.925,-37.697,-36.959,-54.479,-53.852,2.574,2.239,81.315,83.554,2.455,27.518,28.514,6.878,451.025,457.903,36.154,-42.061,-42.003,-55.553,-55.305,1.526,1.67,27.489,27.484,7.583,468.706,476.289,33.608,-43.793,-43.415,-54.783,-54.623,1.503,0.736,445.379,8444.667,
52,1,52,2.129,74.459,76.588,-1.132,26.967,29.603,6.203,374.74,380.943,36.964,-40.12,-40.728,-54.042,-54.36,1.777,-0.283,27.009,27.507,6.77,431.635,438.405,33.103,-37.225,-36.38,-54.219,-53.426,2.583,2.107,74.468,76.576,2.255,27.523,28.719,6.691,441.71,448.401,36.963,-40.961,-41.126,-54.885,-54.711,1.591,1.521,27.469,27.613,7.28,452.1586667,459.439,34.644,-44.733,-44.794,-55.007,-54.808,1.356,0.733,438.523,8176.333,
53,1,53,2.116,76.892,79.008,-1.119,26.975,29.597,6.044,384.004,390.047,36.197,-40.499,-41.267,-54.182,-54.605,1.702,-0.465,27.025,27.706,6.96,442.564,449.524,32.417,-38.075,-37.455,-54.98,-54.507,2.51,2.124,75.843,77.968,2.496,27.5,28.455,7.002,449.841,456.843,36.086,-41.546,-41.522,-55.385,-55.314,1.553,1.419,27.489,27.735,7.449,471.7703333,479.2196667,33.411,-44.447,-44.197,-54.796,-54.499,1.38,0.744,464.884,8757.667,
54,1,54,2.269,81.421,83.69,-1.249,26.986,29.738,6.223,381.433,387.655,36.506,-39.138,-39.536,-53.601,-53.932,1.941,-0.659,27.009,27.884,6.978,437.018,443.995,32.694,-38.52,-38.657,-55.513,-55.381,2.487,2.316,81.933,84.25,1.974,27.48,28.957,7.066,447.742,454.807,36.082,-40.443,-40.857,-54.897,-54.816,1.704,1.074,27.493,28.083,7.612,463.7903333,471.402,33.973,-45.64,-46.613,-55.387,-55.142,1.186,0.734,444.735,9813.667,
55,1,55,2.164,78.148,80.312,-1.158,26.977,29.639,6.117,384.867,390.984,36.129,-40.622,-41.364,-54.319,-54.677,1.688,-0.454,27.011,27.68,6.84,442.386,449.226,32.33,-37.638,-36.92,-54.582,-54.169,2.559,2.203,78.874,81.077,2.321,27.517,28.648,6.899,451.47,458.369,36.112,-41.608,-42.088,-55.45,-55.285,1.612,1.654,27.473,27.482,7.601,473.5466667,481.1476667,33.15,-44.718,-45.123,-55.152,-54.906,1.29,0.734,445.217,7658.333,
56,1,56,2.283,82.744,85.027,-1.661,27.02,30.185,6.213,382.481,388.694,36.693,-39.555,-39.868,-54.385,-54.715,1.875,-0.872,26.977,28.064,7.058,433.316,440.374,32.716,-36.806,-35.828,-54.879,-54.225,2.679,2.301,84.555,86.857,2.09,27.513,28.874,6.94,451.658,458.599,36.058,-41.805,-42.41,-55.56,-55.307,1.549,1.78,27.481,27.365,7.728,472.785,480.5126667,33.255,-42.68,-42.341,-54.528,-54.697,1.726,0.73,441.808,11818.667,
57,1,57,2.115,75.817,77.931,-1.267,26.974,29.745,6.039,378.389,384.428,36.694,-41.377,-42.114,-54.592,-54.974,1.624,-0.411,26.978,27.604,6.835,434.078,440.913,32.686,-36.319,-35.126,-53.756,-52.928,2.686,2.238,80.433,82.672,2.3,27.531,28.683,6.858,446.381,453.238,36.64,-42.356,-42.347,-55.566,-55.364,1.488,1.703,27.474,27.435,7.53,465.4206667,472.951,33.717,-41.935,-41.586,-54.131,-54.199,1.84,0.748,450.29,15086.333,
58,1,58,2.21,77.427,79.637,-1.209,27.003,29.716,6.272,378.934,385.205,36.871,-38.822,-39.246,-53.234,-53.637,2.014,-0.542,27.035,27.792,6.983,436.726,443.708,32.908,-38.556,-39.071,-55.3,-55.162,2.435,2.242,79.496,81.738,2.872,27.484,28.064,7.021,455.117,462.138,35.546,-41.952,-42.155,-55.732,-55.762,1.53,1.716,27.483,27.431,7.575,477.238,484.8126667,32.988,-45.612,-46.035,-55.342,-55,1.177,0.731,449.745,8944,
59,1,59,2.162,77.02,79.182,-1.394,27.012,29.909,6.06,383.065,389.124,36.586,-41.25,-42.044,-54.833,-55.061,1.602,-0.444,26.994,27.653,6.838,437.291,444.128,32.568,-36.335,-34.946,-53.788,-52.866,2.711,2.205,80.647,82.853,2.23,27.526,28.747,6.857,447.595,454.453,36.498,-42.149,-41.845,-55.462,-55.29,1.571,1.452,27.477,27.689,7.525,467.3143333,474.8393333,33.614,-43.328,-43.081,-54.604,-54.508,1.626,0.728,446.382,12091.667,
60,1,60,2.095,75.438,77.532,-0.975,26.988,29.467,5.971,378.041,384.012,36.855,-37.776,-38.145,-52.16,-52.668,2.176,-0.373,27.006,27.594,6.969,433.035,440.004,32.963,-38.869,-39.445,-55.793,-55.571,2.417,2.174,79.071,81.245,2.338,27.538,28.652,7.18,455.1,462.28,35.978,-42.02,-41.981,-55.401,-55.315,1.554,1.103,27.479,28.04,7.364,471.971,479.335,33.323,-45.27,-45.273,-54.946,-54.678,1.28,0.736,442.396,9409.667,
61,1,61,2.128,74.286,76.414,-1.013,26.981,29.498,6.31,382.265,388.574,36.381,-40.282,-41.105,-53.823,-54.243,1.733,-0.284,27.027,27.526,7.015,437.773,444.788,32.767,-37.573,-36.549,-54.495,-53.803,2.56,2.237,80.276,82.513,2.316,27.532,28.668,6.978,453.936,460.914,36.033,-41.878,-42.07,-55.344,-55.06,1.551,1.355,27.481,27.79,7.477,470.6576667,478.1343333,33.417,-43.861,-43.763,-54.544,-54.403,1.472,0.74,444.008,8148.333,
62,1,62,2.197,78.168,80.366,-1.468,26.998,29.97,6.16,377.803,383.962,36.941,-40.649,-41.366,-54.697,-54.995,1.701,-0.581,27.002,27.799,6.887,435.046,441.932,32.792,-36.723,-35.675,-54.288,-53.513,2.658,2.194,80.727,82.921,2.259,27.517,28.709,6.946,447.218,454.164,36.442,-42.18,-41.941,-55.513,-55.354,1.568,1.577,27.479,27.566,7.464,471.759,479.2226667,33.326,-43.102,-42.955,-54.48,-54.434,1.624,0.729,451.842,9088.333,
63,1,63,2.26,81.659,83.919,-1.096,26.978,29.578,6.149,384.798,390.946,36.144,-39.575,-40.124,-53.69,-54.088,1.883,-0.732,27.006,27.953,6.959,439.346,446.305,32.503,-38.533,-38.16,-55.666,-55.365,2.492,2.182,77.546,79.728,2.893,27.485,28.043,7.088,454.624,461.712,35.587,-42.336,-42.394,-55.68,-55.603,1.505,1.453,27.465,27.677,7.472,473.655,481.127,33.097,-45.312,-45.681,-55.143,-54.667,1.2,0.737,450.737,9077,
64,1,64,2.072,72.395,74.467,-1.037,26.972,29.512,6.189,374.097,380.286,37.061,-37.755,-38.016,-52.471,-52.867,2.174,-0.178,27.006,27.399,7.063,430.257,437.32,33.159,-38.343,-38.554,-55.043,-54.754,2.454,2.155,77.62,79.776,2.529,27.506,28.428,6.978,450.57,457.549,36.081,-41.89,-42.049,-55.615,-55.494,1.532,1.852,27.477,27.289,7.533,471.0543333,478.5866667,33.356,-44.621,-44.56,-55.012,-54.849,1.348,0.74,460.745,7951.333,
65,1,65,2.239,80.938,83.178,-1.287,27.009,29.799,6.145,389.501,395.644,35.983,-42.292,-43.139,-55.345,-55.689,1.509,-0.677,26.974,27.866,7.186,441.975,449.162,32.063,-35.812,-34.419,-53.836,-53.168,2.776,2.33,83.761,86.092,2.395,27.52,28.576,6.993,450.21,457.204,36.226,-41.99,-42.219,-55.386,-55.228,1.523,1.592,27.467,27.539,7.46,469.543,477.0033333,33.391,-43.838,-43.734,-54.634,-54.435,1.484,0.758,460.26,7646.667,
66,1,66,2.094,73.882,75.975,-0.902,27.001,29.406,6.028,378.147,384.175,36.944,-39.109,-39.642,-53.07,-53.482,1.942,-0.494,27.04,27.75,6.962,436.066,443.028,32.998,-38.262,-38.12,-55.282,-54.733,2.485,2.19,79.499,81.689,2.471,27.523,28.503,7.053,454.662,461.716,35.901,-42.109,-42.263,-55.647,-55.448,1.519,1.535,27.489,27.619,7.772,480.4413333,488.213,32.81,-44.291,-44.427,-54.681,-54.441,1.392,0.738,439.476,7532,
67,1,67,2.009,72.158,74.166,-1.027,27.003,29.533,6.028,373.266,379.294,37.42,-40.228,-40.689,-53.699,-53.988,1.751,-0.408,26.998,27.621,6.872,428.49,435.362,33.248,-37.125,-35.963,-54.127,-53.337,2.633,2.107,76.32,78.428,2.225,27.519,28.744,6.746,442.621,449.367,36.843,-41.332,-41.762,-55.392,-55.146,1.553,1.908,27.492,27.248,7.36,461.5823333,468.943,34.138,-43.556,-43.482,-54.609,-54.682,1.561,0.728,446.649,8339.667,
68,1,68,2.152,76.534,78.686,-1.135,26.973,29.612,6.192,386.41,392.601,35.954,-40.456,-41.161,-54.242,-54.703,1.726,-0.323,27.019,27.557,7.014,446.832,453.846,32.066,-38.127,-37.705,-55.006,-54.479,2.515,2.189,79.128,81.318,2.414,27.526,28.564,6.976,453.236,460.212,36.039,-42.245,-42.483,-55.626,-55.513,1.496,1.756,27.479,27.387,7.564,474.129,481.693,33.163,-44.21,-43.96,-54.856,-54.686,1.455,0.748,447.841,8208,
69,1,69,2.207,77.369,79.576,-1.188,26.993,29.684,6.181,377.525,383.706,36.922,-39.961,-40.578,-53.735,-54.163,1.81,-0.23,27.009,27.455,7.038,434.067,441.105,32.906,-37.55,-36.86,-54.602,-53.896,2.566,2.286,82.765,85.052,2.22,27.514,28.746,6.918,447.193,454.111,36.423,-41.959,-42.169,-55.513,-55.288,1.569,1.589,27.486,27.561,7.651,467.9696667,475.6206667,33.629,-43.166,-43.049,-54.708,-54.572,1.592,0.731,456.538,13448.667,
70,1,70,2.056,74.619,76.674,-1.4,27.005,29.909,5.848,377.405,383.253,37.066,-40.141,-40.999,-54.459,-54.671,1.736,-0.745,27.002,27.963,6.586,427.824,434.41,33.348,-36.412,-34.787,-53.868,-52.86,2.73,2.08,74.307,76.388,2.303,27.519,28.667,6.918,446.112,453.03,36.553,-40.919,-40.767,-54.825,-54.604,1.59,1.696,27.481,27.449,7.517,462.0063333,469.524,34.012,-42.897,-42.414,-53.985,-54.004,1.704,0.73,454.353,10217.333,
71,1,71,2.212,80.653,82.866,-1.566,27.007,30.077,6.031,383.911,389.941,36.474,-40.708,-41.303,-54.859,-55.053,1.697,-0.677,26.976,27.868,7.055,436.627,443.681,32.469,-36.906,-35.914,-54.422,-53.696,2.642,2.263,81.829,84.093,2.021,27.512,28.943,6.8,448.505,455.305,36.31,-41.659,-42.008,-55.26,-55.127,1.571,1.467,27.479,27.676,7.447,464.3533333,471.8006667,33.837,-43.658,-43.417,-54.686,-54.776,1.552,0.739,438.599,8065.667,
72,1,72,2.116,72.325,74.442,-1.258,26.953,29.715,6.225,375.349,381.573,36.781,-40.738,-41.575,-54.824,-55.093,1.702,-0.146,26.988,27.349,7.016,430.135,437.15,33.034,-36.516,-35.08,-53.68,-52.688,2.681,2.203,79.989,82.193,2.149,27.516,28.819,6.772,445.348,452.121,36.599,-41.607,-41.754,-55.28,-55.176,1.614,1.785,27.481,27.36,7.592,465.649,473.2413333,33.756,-43.482,-43.209,-54.82,-54.843,1.568,0.732,436.797,8997,
73,1,73,2.116,75.366,77.482,-1.098,27.015,29.617,6.066,385.411,391.476,36.401,-40.975,-41.909,-54.281,-54.68,1.658,-0.438,27.016,27.669,6.789,439.14,445.929,32.607,-37.381,-36.176,-54.519,-53.849,2.612,2.141,75.381,77.523,2.49,27.529,28.491,7.033,454.056,461.09,36.004,-40.999,-41.208,-54.771,-54.597,1.566,1.271,27.469,27.862,7.326,461.3423333,468.668,33.98,-44.787,-45.128,-54.621,-54.396,1.29,0.739,420.229,10249,
74,1,74,2.257,79.741,81.998,-1.11,26.994,29.608,6.285,381.105,387.39,36.598,-39.906,-40.493,-54.048,-54.425,1.809,-0.683,26.998,27.896,6.992,434.887,441.879,32.765,-38.218,-37.993,-55.227,-54.856,2.526,2.344,84.747,87.092,2.336,27.518,28.633,7.049,451.935,458.983,36.073,-42.014,-42.081,-55.818,-55.663,1.559,1.301,27.471,27.834,7.632,476.917,484.5496667,32.913,-44.497,-44.839,-54.993,-54.693,1.364,0.725,437.823,18897,
75,1,75,2.256,79.43,81.686,-1.182,26.989,29.674,6.387,383.499,389.886,36.324,-40.608,-41.236,-54.441,-54.857,1.744,-0.467,26.995,27.677,7.015,436.183,443.198,32.646,-37.714,-37.091,-54.942,-54.518,2.559,2.237,78.26,80.498,2.359,27.517,28.61,6.93,446.861,453.791,36.474,-41.029,-41.506,-55.119,-55.006,1.568,1.553,27.472,27.583,7.623,464.7526667,472.3756667,33.742,-44.701,-44.936,-54.91,-54.621,1.33,0.741,445.651,8817.333,
76,1,76,2.202,77.73,79.932,-1.224,26.993,29.721,6.155,380.711,386.866,36.635,-39.585,-40.002,-53.957,-54.239,1.865,-0.391,27.001,27.607,7.021,433.061,440.082,32.916,-37.345,-36.804,-54.491,-53.912,2.609,2.287,82.454,84.741,2.221,27.518,28.747,7.117,449.841,456.958,36.225,-41.621,-41.745,-55.181,-55.063,1.558,1.201,27.479,27.943,7.404,465.771,473.175,33.747,-43.428,-43.175,-54.573,-54.433,1.583,0.742,448.213,7997.667,
77,1,77,2.232,80.194,82.427,-0.914,27.001,29.419,6.24,382.941,389.18,36.491,-39.259,-39.853,-53.228,-53.748,1.903,-0.533,27.024,27.773,7.002,438.582,445.584,32.691,-38.99,-38.831,-55.702,-55.654,2.468,2.226,80.153,82.38,2.249,27.511,28.713,6.912,454.082,460.995,35.857,-41.37,-41.967,-55.527,-55.476,1.574,1.304,27.474,27.834,7.596,474.1283333,481.724,33.119,-45.735,-46.358,-55.575,-55.158,1.185,0.732,425.581,8167.667,
78,1,78,2.121,76.768,78.889,-1.031,27.006,29.541,5.922,382.669,388.591,36.587,-40.144,-41.138,-54.131,-54.517,1.737,-0.663,27.009,27.887,6.588,434.058,440.646,32.938,-37.353,-36.488,-54.734,-54.042,2.575,2.272,82.365,84.637,2.311,27.519,28.66,6.981,454.335,461.317,35.9,-41.585,-41.738,-55.419,-55.386,1.632,1.238,27.461,27.887,7.534,473.2743333,480.809,33.084,-45.478,-45.945,-55.125,-54.882,1.217,0.741,425.697,8029.333,
79,1,79,2.183,79.329,81.512,-1.051,26.982,29.537,5.789,379.918,385.706,36.646,-38.69,-39.156,-53.344,-53.712,1.977,-0.807,27.019,28.042,6.69,431.116,437.805,33.225,-38.387,-38.282,-55.675,-55.34,2.46,2.314,83.901,86.216,2.406,27.515,28.561,6.993,453.613,460.606,35.918,-41.847,-42.169,-55.634,-55.616,1.568,1.394,27.479,27.75,7.505,479.199,486.7043333,32.831,-44.593,-44.853,-55.057,-54.776,1.324,0.747,457.184,8977.667,
80,1,80,2.186,77.758,79.944,-1.298,26.973,29.775,6.191,386.505,392.695,35.942,-42.909,-43.95,-55.932,-56.104,1.427,-0.507,26.972,27.695,6.957,442.388,449.344,32.038,-34.703,-33.078,-53.309,-52.444,2.916,2.238,81.508,83.746,2.307,27.525,28.669,6.832,450.171,457.002,36.284,-41.606,-41.633,-55.339,-55.144,1.593,1.417,27.489,27.736,7.263,465.1553333,472.4183333,33.871,-43.622,-43.45,-54.733,-54.667,1.51,0.745,442.663,7350.333,
