Header Section,,,,,,,,,,,,,,,,,,,,,,,,,,,,,,,,,,,,,,,,,,,,,,,,,,,,,,,,,,,,,,,,,,,,
Product,VC5318,,,,,,,,,,,,,,,,,,,,,,,,,,,,,,,,,,,,,,,,,,,,,,,,,,,,,,,,,,,,,,,,,,,
Test Plan,Rev(C),,,,,,,,,,,,,,,,,,,,,,,,,,,,,,,,,,,,,,,,,,,,,,,,,,,,,,,,,,,,,,,,,,,
Release Date,2017/5/31,,,,,,,,,,,,,,,,,,,,,,,,,,,,,,,,,,,,,,,,,,,,,,,,,,,,,,,,,,,,,,,,,,,
Comment,#6~30,,,,,,,,,,,,,,,,,,,,,,,,,,,,,,,,,,,,,,,,,,,,,,,,,,,,,,,,,,,,,,,,,,,
,,,,,,,,,,,,,,,,,,,,,,,,,,,,,,,,,,,,,,,,,,,,,,,,,,,,,,,,,,,,,,,,,,,,
Data Section,,,,,,,,,,,,,,,,,,,,,,,,,,,,,,,,,,,,,,,,,,,,,,,,,,,,,,,,,,,,,,,,,,,,
Device#,1,2,3,4,5,6,7,8,9,10,11,12,13,14,15,16,17,18,19,20,21,22,23,24,25,26,27,28,29,30,31,32,33,34,35,36,37,38,39,40,41,42,43,44,45,46,47,48,49,50,51,52,53,54,55,56,57,58,59,60,61,62,63,64,65,66,67,68
Test Item,Site No,Device ID,Idle_LB_Vbat,Idle_LB_Vcc,Idle_LB_Total,Pin_LB_824,Pout_LB_824,Gain_LB_824,Icc_LB_Vbat_824,Icc_LB_Vcc_824,Icc_LB_Total_824,PAE_LB_Total_824,ACP_L_LB_824,ACP_U_LB_824,ALT_L_LB_824,ALT_U_LB_824,EVM_LB_824,2fo_LB_824,CPL_Pout_824,Pin_LB_915,Pout_LB_915,Gain_LB_915,Icc_LB_Vbat_915,Icc_LB_Vcc_915,Icc_LB_Total_915,PAE_LB_Total_915,ACP_L_LB_915,ACP_U_LB_915,ALT_L_LB_915,ALT_U_LB_915,EVM_LB_915,2fo_LB_915,CPL_Pout_915,Idle_HB_Vbat,Idle_HB_Vcc,Idle_HB_Total,Pin_HB_1850,Pout_HB_1850,Gain_HB_1850,Icc_HB_Vbat_1850,Icc_HB_Vcc_1850,Icc_HB_Total_1850,PAE_HB_Total_1850,ACP_L_HB_1850,ACP_U_HB_1850,ALT_L_HB_1850,ALT_U_HB_1850,EVM_HB_1850,2fo_HB_1850,CPL_Pout_1850,Pin_HB_1980,Pout_HB_1980,Gain_HB_1980,Icc_HB_Vbat_1980,Icc_HB_Vcc_1980,Icc_HB_Total_1980,PAE_HB_Total_1980,ACP_L_HB_1980,ACP_U_HB_1980,ALT_L_HB_1980,ALT_U_HB_1980,EVM_HB_1980,2fo_HB_1980,CPL_Pout_1980,Leakage_VBAT,Leakage_VCC,Test Time,Index Time
Low Tolerance,,,5,10,10,0.3,,,1,30,30,,1.5,1.5,1.5,1.5,0.5,,,0.3,,,1,30,30,,1.5,1.5,1.5,1.5,0.5,,,5,10,10,0.3,,,1,30,30,,1.5,1.5,1.5,1.5,0.5,,,0.3,,,1,30,30,,1.5,1.5,1.5,1.5,0.5,,,5,5,,
High Tolerance,,,5,10,10,0.5,,,1,30,30,,1.5,1.5,1.5,1.5,0.5,,,0.5,,,1,30,30,,1.5,1.5,1.5,1.5,0.5,,,5,10,10,0.5,,,1,30,30,,1.5,1.5,1.5,1.5,0.5,,,0.5,,,1,30,30,,1.5,1.5,1.5,1.5,0.5,,,5,5,,
Enable,,,1,1,1,1,0,0,0,1,1,,1,1,1,1,1,,,1,0,0,0,1,1,,1,1,1,1,1,,,1,1,1,1,0,0,0,1,1,,1,1,1,1,1,,,1,0,0,0,1,1,,1,1,1,1,1,,,1,1,,
1,1,1,2.252,80.714,82.966,-0.660,28.261,30.752,6.024,388.221,394.244,41.539,-39.236,-40.528,-52.385,-52.886,1.741,-16.772,-24.050,-1.404,28.548,28.639,6.492,413.736,420.227,38.839,-48.426,-46.837,-54.700,-54.708,1.004,-18.937,-22.534,2.078,71.359,73.437,3.213,28.631,28.469,6.264,418.267,424.531,39.185,-40.984,-40.935,-52.859,-53.043,1.613,-4.419,-20.263,2.335,28.243,28.009,6.645,436.752,443.397,37.616,-44.209,-43.822,-53.361,-53.505,1.342,-7.819,-19.435,0.051,0.080,254.672,1616963.246
2,1,2,2.199,76.477,78.675,0.022,28.285,30.094,6.117,394.036,400.153,41.146,-37.278,-38.574,-51.353,-51.936,2.124,-15.674,-23.841,-0.912,28.652,28.251,6.690,421.813,428.503,39.007,-47.303,-45.298,-54.959,-55.026,0.996,-19.020,-22.420,1.969,67.227,69.196,3.470,28.547,28.128,6.263,416.514,422.777,38.592,-40.843,-40.939,-52.808,-52.943,1.639,-4.538,-20.218,2.305,28.224,28.019,6.576,438.307,444.882,37.321,-43.785,-43.406,-53.521,-53.579,1.361,-7.901,-19.417,0.045,0.085,257.064,31146.636
3,1,3,2.142,77.156,79.298,-0.872,28.297,31.000,5.943,392.163,398.105,41.483,-39.300,-40.568,-52.117,-52.748,1.705,-16.698,-24.170,-1.530,28.562,28.778,6.408,415.260,421.668,38.831,-47.548,-45.774,-54.838,-54.820,1.056,-19.147,-22.564,1.957,66.445,68.401,3.353,28.650,28.348,6.223,419.837,426.060,39.212,-40.532,-40.288,-52.736,-52.923,1.651,-4.839,-20.194,2.682,28.247,27.665,6.663,438.580,445.243,37.483,-43.738,-42.927,-53.611,-53.646,1.397,-8.321,-19.366,0.045,0.093,255.513,22659.350
4,1,4,2.093,73.978,76.070,-0.573,28.252,30.657,5.939,387.201,393.141,41.574,-38.490,-39.838,-51.884,-52.439,1.845,-16.367,-24.075,-1.245,28.582,28.514,6.426,414.271,420.697,39.100,-47.129,-45.134,-54.733,-54.757,1.048,-19.083,-22.603,2.032,69.136,71.169,3.272,28.607,28.386,6.287,413.119,419.407,39.443,-40.922,-40.738,-52.816,-52.857,1.631,-4.895,-20.382,2.300,28.195,27.995,6.512,429.673,436.185,37.818,-44.183,-43.461,-53.311,-53.429,1.408,-8.370,-19.541,0.035,0.089,252.510,22832.433
5,1,5,2.140,75.905,78.045,-0.790,28.304,30.925,6.140,395.455,401.595,41.191,-40.548,-42.226,-53.069,-53.377,1.469,-18.033,-24.073,-1.316,28.617,28.621,6.592,423.839,430.432,38.527,-47.609,-45.516,-54.708,-54.478,1.099,-19.212,-22.708,1.988,67.128,69.115,3.023,28.555,28.583,6.222,414.475,420.698,38.857,-40.224,-39.939,-52.618,-53.002,1.677,-5.103,-20.669,2.584,28.211,27.727,6.605,436.178,442.782,37.384,-43.924,-43.416,-53.446,-53.323,1.346,-8.434,-19.789,0.046,0.085,250.075,20781.272
6,1,6,2.133,74.335,76.469,-0.395,28.281,30.508,6.051,391.381,397.432,41.396,-38.554,-39.922,-52.140,-52.537,1.797,-16.330,-24.117,-1.211,28.573,28.471,6.433,416.183,422.616,38.842,-47.479,-45.263,-54.731,-54.757,0.996,-19.011,-22.633,2.018,69.398,71.416,3.247,28.581,28.384,6.202,417.016,423.219,38.849,-40.884,-40.597,-52.919,-53.044,1.630,-5.036,-20.385,2.092,28.194,28.203,6.572,434.130,440.702,37.424,-44.156,-43.341,-53.180,-53.283,1.424,-8.283,-19.536,0.051,0.089,256.293,18790.516
7,1,7,2.104,75.740,77.844,-0.692,28.283,30.806,6.010,390.656,396.667,41.503,-38.913,-40.338,-52.268,-52.745,1.776,-16.168,-24.125,-1.446,28.571,28.704,6.373,414.469,420.842,38.990,-47.433,-46.102,-54.691,-54.760,1.063,-18.966,-22.646,1.972,67.459,69.431,3.120,28.605,28.536,6.192,413.059,419.251,39.440,-40.754,-40.764,-52.801,-52.909,1.650,-4.637,-20.288,2.422,28.200,27.878,6.530,431.270,437.800,37.714,-44.122,-44.122,-53.598,-53.591,1.313,-7.982,-19.418,0.042,0.080,251.923,18333.453
8,1,8,2.132,75.770,77.902,-0.917,28.306,31.054,5.875,386.049,391.924,42.222,-38.107,-39.352,-51.968,-52.439,1.997,-16.663,-24.061,-1.654,28.560,28.901,6.363,410.714,417.077,39.244,-47.300,-46.293,-54.956,-54.892,1.082,-19.296,-22.488,1.988,69.073,71.061,3.015,28.556,28.593,6.246,412.963,419.209,39.007,-40.843,-40.901,-52.817,-52.922,1.650,-5.124,-20.323,2.284,28.151,27.967,6.517,429.586,436.103,37.442,-43.755,-42.854,-53.232,-53.371,1.473,-8.525,-19.493,0.050,0.093,249.205,22919.046
9,1,9,2.140,76.065,78.205,-0.587,28.253,30.672,5.971,391.468,397.438,41.134,-38.674,-40.185,-52.321,-52.642,1.767,-15.971,-24.117,-1.368,28.561,28.616,6.392,415.973,422.365,38.758,-47.110,-45.523,-54.814,-54.802,1.067,-18.977,-22.661,2.035,71.244,73.280,3.264,28.588,28.375,6.270,416.710,422.980,38.935,-41.313,-41.460,-52.837,-53.141,1.623,-4.970,-20.373,2.284,28.163,27.978,6.673,438.556,445.229,36.769,-44.397,-44.315,-53.435,-53.481,1.292,-8.430,-19.552,0.044,0.093,246.699,21411.223
10,1,10,2.184,77.782,79.966,-0.757,28.285,30.874,6.018,391.561,397.580,41.428,-39.720,-41.079,-52.643,-53.108,1.632,-17.109,-24.024,-1.406,28.664,28.758,6.503,422.529,429.031,39.074,-47.716,-45.831,-54.787,-54.763,1.065,-18.976,-22.507,1.976,67.212,69.188,3.184,28.566,28.433,6.301,417.576,423.877,38.655,-40.548,-40.433,-52.823,-52.966,1.663,-4.783,-20.259,2.634,28.208,27.675,6.650,440.550,447.199,36.993,-43.833,-43.831,-53.553,-53.707,1.306,-8.179,-19.405,0.047,0.093,247.567,20773.075
11,1,11,2.167,76.603,78.770,-0.527,28.261,30.619,5.855,384.738,390.594,41.926,-37.343,-38.684,-51.629,-52.107,2.157,-15.937,-24.127,-1.310,28.575,28.572,6.417,411.664,418.081,39.283,-47.433,-46.343,-54.761,-54.899,1.015,-19.303,-22.704,2.046,70.890,72.936,3.194,28.584,28.441,6.169,413.793,419.961,39.188,-40.887,-40.667,-52.765,-52.942,1.644,-5.123,-20.602,2.303,28.224,28.021,6.622,433.408,440.030,37.733,-44.135,-42.871,-53.280,-53.268,1.473,-8.557,-19.751,0.050,0.089,247.348,20138.005
12,1,12,2.234,80.756,82.990,-0.766,28.309,30.907,6.182,396.601,402.784,41.119,-39.890,-41.311,-52.687,-53.291,1.655,-16.571,-24.066,-1.525,28.568,28.780,6.593,420.111,426.703,38.426,-48.738,-47.519,-54.609,-54.661,1.061,-18.950,-22.588,2.046,70.859,72.905,3.089,28.560,28.521,6.250,413.651,419.901,38.975,-40.928,-40.730,-52.613,-53.030,1.646,-5.285,-20.449,2.357,28.251,27.994,6.691,437.964,444.655,37.574,-43.764,-42.673,-53.411,-53.354,1.493,-8.607,-19.606,0.049,0.085,245.977,19222.832
13,1,13,2.136,75.340,77.476,-0.689,28.340,30.860,6.011,394.319,400.330,41.665,-39.925,-41.619,-52.750,-53.296,1.570,-16.943,-24.241,-1.421,28.674,28.782,6.596,420.823,427.419,39.313,-47.894,-45.869,-54.984,-54.745,1.099,-18.997,-22.724,1.998,69.591,71.588,3.047,28.594,28.598,6.219,413.868,420.087,39.263,-40.467,-40.119,-52.802,-52.871,1.683,-5.376,-20.422,2.215,28.198,28.083,6.549,431.378,437.927,37.691,-43.505,-42.232,-53.005,-53.055,1.531,-8.620,-19.568,0.046,0.085,249.522,21450.803
14,1,14,2.158,77.818,79.976,-0.930,28.301,31.062,6.130,392.469,398.600,41.475,-38.365,-39.981,-52.147,-52.875,1.883,-16.519,-24.061,-1.456,28.643,28.784,6.668,423.196,429.864,38.803,-47.670,-46.568,-54.874,-54.976,1.030,-18.997,-22.540,1.992,69.722,71.714,3.197,28.547,28.401,6.277,415.176,421.452,38.709,-40.081,-39.792,-52.698,-52.910,1.697,-4.436,-20.135,1.943,28.196,28.353,6.554,431.466,438.020,37.669,-43.640,-43.293,-53.508,-53.493,1.375,-7.874,-19.299,0.049,0.089,248.697,21595.653
15,1,15,2.131,74.940,77.071,-0.755,28.344,30.930,5.948,389.796,395.744,42.187,-38.949,-40.438,-52.526,-52.966,1.753,-16.906,-24.107,-1.431,28.606,28.724,6.380,414.590,420.970,39.289,-47.662,-46.184,-54.657,-54.646,1.060,-19.185,-22.499,1.918,65.759,67.677,3.360,28.592,28.282,6.153,411.706,417.858,39.449,-40.555,-40.010,-52.889,-53.125,1.672,-4.881,-20.295,2.450,28.200,27.850,6.538,428.531,435.069,37.954,-43.437,-42.163,-53.007,-53.189,1.524,-8.313,-19.468,0.054,0.089,247.664,29221.829
16,1,16,2.097,74.847,76.944,-0.686,28.257,30.774,6.065,393.296,399.362,40.972,-39.748,-41.506,-52.506,-53.128,1.602,-17.259,-23.959,-1.262,28.609,28.557,6.643,423.879,430.522,38.445,-47.618,-45.679,-54.828,-54.718,1.083,-19.228,-22.548,2.019,68.926,70.945,3.194,28.610,28.466,6.279,415.765,422.045,39.219,-40.926,-40.806,-52.826,-52.972,1.613,-4.691,-20.482,2.243,28.254,28.112,6.718,438.190,444.907,37.587,-44.085,-43.700,-53.460,-53.531,1.357,-8.256,-19.640,0.047,0.089,244.729,34548.351
17,1,17,2.130,76.275,78.405,-0.370,28.267,30.469,6.000,393.423,399.423,41.063,-38.809,-40.097,-52.003,-52.629,1.820,-16.464,-24.110,-1.133,28.616,28.435,6.488,423.139,429.627,38.581,-47.770,-46.247,-54.780,-54.769,1.061,-19.050,-22.689,1.905,65.946,67.851,3.095,28.570,28.526,6.237,415.711,421.949,38.883,-40.129,-40.101,-52.616,-52.849,1.676,-4.583,-20.267,2.146,28.187,28.141,6.487,433.020,439.507,37.462,-43.734,-43.521,-53.438,-53.512,1.351,-8.041,-19.423,0.048,0.089,253.401,40834.005
18,1,18,2.133,76.597,78.731,-0.578,28.271,30.681,5.994,394.884,400.878,40.951,-38.381,-39.979,-52.212,-52.760,1.824,-16.020,-24.042,-1.317,28.545,28.549,6.527,418.337,424.863,38.384,-47.641,-45.851,-54.883,-54.824,1.025,-18.952,-22.552,1.936,67.152,69.087,3.166,28.579,28.464,6.281,419.539,425.820,38.604,-40.407,-40.320,-52.964,-53.016,1.675,-4.787,-20.359,2.490,28.206,27.817,6.671,439.753,446.424,37.040,-43.971,-43.804,-53.739,-53.656,1.301,-8.018,-19.511,0.052,0.089,244.455,61035.772
19,1,19,2.187,79.201,81.388,-0.661,28.326,30.819,6.009,392.836,398.845,41.690,-39.352,-40.726,-52.567,-52.976,1.710,-16.470,-24.194,-1.356,28.649,28.691,6.453,419.103,425.556,39.257,-48.237,-46.648,-54.722,-54.685,1.040,-19.183,-22.762,1.963,69.374,71.336,3.166,28.670,28.555,6.152,417.807,423.960,39.595,-40.271,-39.987,-52.716,-52.865,1.652,-4.638,-20.515,1.929,28.201,28.373,6.464,428.723,435.187,37.961,-43.790,-43.236,-53.400,-53.447,1.414,-8.093,-19.637,0.051,0.093,246.051,23037.798
20,1,20,2.117,74.793,76.910,-0.755,28.316,30.903,6.061,392.265,398.326,41.643,-39.590,-41.139,-52.686,-53.237,1.644,-17.448,-24.139,-1.543,28.570,28.801,6.504,417.134,423.638,38.725,-47.853,-46.159,-54.746,-54.867,1.099,-19.113,-22.585,2.069,70.426,72.495,3.004,28.557,28.604,6.297,410.142,416.439,39.270,-41.050,-41.162,-52.867,-53.029,1.626,-5.054,-20.214,2.202,28.139,28.037,6.668,428.329,434.997,37.429,-44.280,-44.227,-53.630,-53.442,1.335,-8.727,-19.395,0.045,0.093,251.747,35475.793
21,1,21,2.136,74.197,76.334,-0.758,28.298,30.887,6.175,392.584,398.759,41.428,-38.985,-40.665,-52.494,-52.833,1.712,-16.375,-24.093,-1.386,28.521,28.595,6.437,413.706,420.143,38.605,-47.607,-45.663,-54.806,-54.813,1.043,-19.190,-22.515,2.013,69.203,71.215,3.254,28.564,28.361,6.338,415.005,421.342,38.873,-40.208,-39.717,-52.713,-52.929,1.655,-4.432,-20.209,2.359,28.192,27.934,6.548,430.470,437.018,37.719,-43.864,-43.389,-53.603,-53.536,1.355,-7.838,-19.372,0.047,0.089,249.501,24157.582
22,1,22,2.265,84.235,86.501,-1.058,28.317,31.207,5.982,390.599,396.581,41.835,-37.918,-39.276,-52.215,-52.664,2.007,-16.887,-24.097,-1.716,28.564,28.967,6.493,417.495,423.988,38.638,-48.425,-48.038,-54.695,-54.728,1.059,-19.171,-22.563,2.077,71.698,73.776,3.036,28.570,28.584,6.398,417.594,423.991,38.686,-40.127,-40.143,-52.732,-52.861,1.665,-4.691,-20.250,2.127,28.190,28.163,6.705,432.753,439.457,37.489,-43.816,-43.697,-53.566,-53.534,1.354,-7.982,-19.420,0.042,0.089,251.674,19762.735
23,1,23,2.115,74.065,76.180,-0.399,28.273,30.504,6.014,390.283,396.298,41.445,-38.854,-40.439,-52.191,-52.617,1.759,-16.387,-23.962,-1.203,28.627,28.517,6.441,418.072,424.514,39.149,-47.144,-44.931,-54.675,-54.837,1.046,-18.791,-22.393,1.985,66.878,68.863,3.336,28.593,28.307,6.318,416.169,422.487,39.028,-40.551,-40.046,-52.845,-52.956,1.649,-4.754,-20.239,2.459,28.200,27.841,6.611,433.697,440.308,37.496,-43.493,-42.646,-53.316,-53.329,1.449,-8.104,-19.428,0.046,0.085,257.009,19534.311
24,1,24,2.151,76.416,78.567,-0.565,28.254,30.650,6.031,388.894,394.925,41.399,-38.166,-39.884,-52.015,-52.609,1.895,-16.305,-24.136,-1.364,28.565,28.616,6.479,415.383,421.862,38.840,-47.542,-46.210,-54.732,-54.890,1.063,-19.042,-22.757,1.988,68.105,70.093,3.006,28.511,28.556,6.195,409.998,416.192,38.879,-40.376,-40.177,-52.803,-52.859,1.692,-4.950,-20.423,2.279,28.139,27.960,6.642,432.184,438.827,37.101,-43.892,-43.839,-53.711,-53.597,1.305,-8.389,-19.595,0.045,0.085,248.459,18657.975
25,1,25,2.090,73.999,76.089,-0.208,28.284,30.324,5.961,391.327,397.287,41.441,-38.984,-40.298,-52.108,-52.581,1.765,-16.789,-23.970,-1.044,28.635,28.365,6.415,419.521,425.936,39.089,-47.509,-45.048,-54.728,-54.682,1.067,-18.910,-22.431,1.928,66.391,68.319,3.342,28.585,28.295,6.260,417.943,424.203,38.802,-40.575,-40.467,-52.840,-52.958,1.641,-4.553,-20.222,2.561,28.206,27.745,6.613,438.183,444.797,37.172,-43.724,-43.441,-53.463,-53.588,1.340,-7.888,-19.397,0.049,0.093,254.804,22160.500
26,1,26,2.108,75.668,77.775,-0.653,28.303,30.787,6.107,393.754,399.860,41.360,-40.227,-41.776,-52.649,-53.169,1.553,-16.920,-24.099,-1.507,28.564,28.758,6.434,415.543,421.977,38.819,-47.989,-45.935,-54.668,-54.785,1.099,-19.199,-22.524,1.923,66.608,68.531,3.426,28.592,28.217,6.214,415.805,422.019,39.065,-40.428,-40.216,-52.730,-52.826,1.657,-4.810,-20.336,2.355,28.127,27.871,6.577,428.073,434.651,37.352,-44.039,-42.988,-53.308,-53.472,1.422,-8.170,-19.494,0.051,0.089,247.052,22646.099
27,1,27,2.202,76.543,78.744,-0.570,28.310,30.711,6.035,391.835,397.869,41.636,-39.657,-41.014,-52.273,-52.897,1.656,-16.898,-24.147,-1.308,28.566,28.561,6.546,416.770,423.315,38.708,-48.120,-46.055,-54.745,-54.675,1.084,-19.169,-22.514,2.032,70.279,72.311,3.086,28.527,28.491,6.384,413.660,420.045,38.665,-40.249,-40.225,-52.704,-52.891,1.672,-4.561,-20.233,2.159,28.195,28.136,6.500,430.732,437.231,37.725,-43.745,-43.485,-53.340,-53.507,1.378,-7.915,-19.405,0.047,0.089,247.968,23770.851
28,1,28,2.160,77.926,80.086,-0.570,28.318,30.719,6.025,389.730,395.754,41.929,-37.854,-39.154,-51.812,-52.372,2.000,-17.041,-24.218,-1.343,28.591,28.621,6.474,416.875,423.349,38.930,-47.773,-46.201,-54.708,-54.828,1.064,-19.213,-22.747,2.004,69.777,71.781,3.090,28.603,28.564,6.312,415.345,421.656,39.195,-41.086,-40.952,-52.756,-52.964,1.649,-5.260,-20.394,2.074,28.201,28.227,6.595,434.184,440.779,37.473,-44.016,-43.216,-53.250,-53.218,1.436,-8.756,-19.554,0.046,0.089,249.144,19278.631
29,1,29,2.137,77.256,79.393,-0.645,28.289,30.766,6.055,389.697,395.751,41.654,-39.306,-40.725,-52.328,-52.893,1.727,-16.793,-24.095,-1.343,28.595,28.625,6.476,416.454,422.930,39.003,-47.732,-46.008,-54.802,-54.751,1.057,-18.995,-22.530,1.922,66.487,68.409,3.287,28.558,28.321,6.167,413.507,419.674,38.975,-40.593,-40.329,-52.706,-52.909,1.678,-4.952,-20.289,2.240,28.116,27.976,6.430,425.848,432.278,37.468,-43.717,-42.655,-53.172,-53.195,1.465,-8.400,-19.480,0.044,0.085,243.497,29037.215
30,1,30,2.137,75.593,77.730,-0.709,28.314,30.854,6.092,393.540,399.632,41.491,-40.363,-41.917,-52.683,-53.184,1.562,-16.860,-24.127,-1.457,28.571,28.715,6.615,415.005,421.619,38.915,-47.760,-45.924,-54.815,-54.821,1.093,-19.112,-22.550,2.041,69.786,71.827,3.024,28.562,28.589,6.289,414.611,420.900,38.901,-40.049,-40.210,-52.585,-52.831,1.679,-4.796,-20.390,2.240,28.243,28.104,6.545,432.951,439.496,37.953,-43.951,-43.273,-53.194,-53.299,1.441,-8.163,-19.559,0.053,0.085,254.910,20238.335
