Header Section,,,,,,,,,,,,,,,,,,,,,,,,,,,,,,,,,,,,,,,,,,,,,,,,,,,,,,,,,,,,,,,,,,,,
Product,VC5369,,,,,,,,,,,,,,,,,,,,,,,,,,,,,,,,,,,,,,,,,,,,,,,,,,,,,,,,,,,,,,,,,,,
Test Plan,Rev(C),,,,,,,,,,,,,,,,,,,,,,,,,,,,,,,,,,,,,,,,,,,,,,,,,,,,,,,,,,,,,,,,,,,
Release Date,2017/6/7,,,,,,,,,,,,,,,,,,,,,,,,,,,,,,,,,,,,,,,,,,,,,,,,,,,,,,,,,,,,,,,,,,,
Comment,#6~30,,,,,,,,,,,,,,,,,,,,,,,,,,,,,,,,,,,,,,,,,,,,,,,,,,,,,,,,,,,,,,,,,,,
,,,,,,,,,,,,,,,,,,,,,,,,,,,,,,,,,,,,,,,,,,,,,,,,,,,,,,,,,,,,,,,,,,,,
Data Section,,,,,,,,,,,,,,,,,,,,,,,,,,,,,,,,,,,,,,,,,,,,,,,,,,,,,,,,,,,,,,,,,,,,
Device#,1,2,3,4,5,6,7,8,9,10,11,12,13,14,15,16,17,18,19,20,21,22,23,24,25,26,27,28,29,30,31,32,33,34,35,36,37,38,39,40,41,42,43,44,45,46,47,48,49,50,51,52,53,54,55,56,57,58,59,60,61,62,63,64,65,66,67,68
Test Item,Site No,Device ID,Idle_LB_Vbat,Idle_LB_Vcc,Idle_LB_Total,Pin_LB_824,Pout_LB_824,Gain_LB_824,Icc_LB_Vbat_824,Icc_LB_Vcc_824,Icc_LB_Total_824,PAE_LB_Total_824,ACP_L_LB_824,ACP_U_LB_824,ALT_L_LB_824,ALT_U_LB_824,EVM_LB_824,2fo_LB_824,CPL_Pout_824,Pin_LB_915,Pout_LB_915,Gain_LB_915,Icc_LB_Vbat_915,Icc_LB_Vcc_915,Icc_LB_Total_915,PAE_LB_Total_915,ACP_L_LB_915,ACP_U_LB_915,ALT_L_LB_915,ALT_U_LB_915,EVM_LB_915,2fo_LB_915,CPL_Pout_915,Idle_HB_Vbat,Idle_HB_Vcc,Idle_HB_Total,Pin_HB_1850,Pout_HB_1850,Gain_HB_1850,Icc_HB_Vbat_1850,Icc_HB_Vcc_1850,Icc_HB_Total_1850,PAE_HB_Total_1850,ACP_L_HB_1850,ACP_U_HB_1850,ALT_L_HB_1850,ALT_U_HB_1850,EVM_HB_1850,2fo_HB_1850,CPL_Pout_1850,Pin_HB_1980,Pout_HB_1980,Gain_HB_1980,Icc_HB_Vbat_1980,Icc_HB_Vcc_1980,Icc_HB_Total_1980,PAE_HB_Total_1980,ACP_L_HB_1980,ACP_U_HB_1980,ALT_L_HB_1980,ALT_U_HB_1980,EVM_HB_1980,2fo_HB_1980,CPL_Pout_1980,Leakage_VBAT,Leakage_VCC,Test Time,Index Time
Low Tolerance,,,5,10,10,0.3,,,1,30,30,,1.5,1.5,1.5,1.5,0.5,,,0.3,,,1,30,30,,1.5,1.5,1.5,1.5,0.5,,,5,10,10,0.3,,,1,30,30,,1.5,1.5,1.5,1.5,0.5,,,0.3,,,1,30,30,,1.5,1.5,1.5,1.5,0.5,,,5,5,,
High Tolerance,,,5,10,10,0.5,,,1,30,30,,1.5,1.5,1.5,1.5,0.5,,,0.5,,,1,30,30,,1.5,1.5,1.5,1.5,0.5,,,5,10,10,0.5,,,1,30,30,,1.5,1.5,1.5,1.5,0.5,,,0.5,,,1,30,30,,1.5,1.5,1.5,1.5,0.5,,,5,5,,
Enable,,,1,1,1,1,0,0,0,1,1,,1,1,1,1,1,,,1,0,0,0,1,1,,1,1,1,1,1,,,1,1,1,1,0,0,0,1,1,,1,1,1,1,1,,,1,0,0,0,1,1,,1,1,1,1,1,,,1,1,,
1,1,1,2.314,89.037,91.351,-2.101,27.453,30.709,6.497,428.576,435.073,37.579,-49.676,-50.733,-56.850,-57.377,0.944,-4.940,-20.152,-1.936,27.530,30.586,6.028,395.759,401.787,41.415,-47.284,-49.433,-56.966,-56.923,1.027,-8.652,-20.261,2.499,94.634,97.133,1.867,27.411,23.413,6.680,447.650,454.330,35.501,-42.604,-41.822,-53.751,-53.409,1.380,-4.388,-19.883,1.373,27.519,26.146,7.037,442.802,449.839,36.883,-40.480,-40.270,-54.713,-54.885,1.733,-17.086,-19.865,0.052,0.136,260.340,125005.098
2,1,2,2.274,88.499,90.773,-2.366,27.467,30.989,6.548,433.026,439.574,37.312,-49.954,-50.958,-56.989,-57.320,0.947,-4.933,-18.918,-1.616,27.540,30.276,6.340,407.078,413.418,40.339,-48.423,-50.849,-57.074,-57.213,0.878,-9.619,-19.179,2.712,101.857,104.569,1.553,27.478,23.794,7.168,452.401,459.570,35.657,-42.293,-41.565,-54.063,-53.473,1.463,-5.009,-19.851,0.675,27.444,26.769,7.210,443.954,451.164,36.153,-41.123,-40.965,-54.659,-54.755,1.737,-16.875,-19.833,0.057,0.131,253.276,19768.405
3,1,3,2.283,85.194,87.477,-2.715,27.498,31.367,6.753,439.483,446.235,37.020,-50.005,-50.636,-56.911,-57.245,1.027,-3.449,-19.918,-1.640,27.531,30.291,6.181,404.886,411.067,40.483,-47.919,-50.536,-57.008,-56.992,0.919,-9.712,-20.262,2.571,96.871,99.442,1.869,27.335,23.335,7.205,447.878,455.083,34.823,-42.377,-41.424,-53.690,-53.229,1.463,-3.845,-19.898,1.187,27.511,26.324,7.039,436.638,443.676,37.327,-40.786,-40.898,-54.494,-54.733,1.770,-18.285,-19.880,0.052,0.136,282.335,19463.408
4,1,4,2.332,88.205,90.537,-3.036,27.524,31.715,6.561,438.355,444.916,37.352,-49.407,-49.988,-56.779,-56.951,1.094,-3.126,-20.469,-2.128,27.565,30.813,6.193,402.134,408.327,41.080,-46.685,-49.211,-56.762,-56.737,1.073,-9.532,-20.535,2.455,91.269,93.724,1.869,27.232,23.232,6.772,436.926,443.698,34.881,-44.575,-43.408,-54.291,-53.930,1.049,-4.557,-20.043,1.508,27.550,26.042,6.834,437.498,444.331,37.604,-40.682,-40.422,-54.588,-54.767,1.708,-16.944,-20.082,0.055,0.136,283.843,21295.202
5,1,5,2.214,85.685,87.898,-2.982,27.505,31.642,6.514,435.751,442.264,37.415,-48.990,-49.748,-56.670,-56.799,1.130,-4.533,-19.406,-2.028,27.523,30.671,6.204,405.102,411.306,40.389,-47.750,-50.260,-56.943,-56.865,0.946,-9.770,-19.505,2.375,89.076,91.452,1.720,27.430,23.580,6.861,449.156,456.017,35.535,-42.226,-41.288,-53.685,-53.206,1.524,-3.953,-19.942,1.601,27.544,25.943,6.814,443.909,450.723,37.015,-40.283,-39.995,-54.696,-54.890,1.733,-18.091,-19.958,0.050,0.136,256.865,16215.910
6,1,6,2.191,83.417,85.608,-2.362,27.469,30.986,6.472,432.635,439.107,37.370,-49.698,-50.404,-56.950,-57.183,0.997,-4.134,-20.162,-1.814,27.431,30.365,5.955,394.036,399.991,40.662,-48.190,-50.431,-56.800,-56.916,0.911,-9.142,-20.246,2.392,87.934,90.326,1.866,27.365,23.368,6.678,446.579,453.258,35.209,-43.025,-42.105,-53.860,-53.282,1.318,-4.314,-19.742,1.408,27.527,26.118,6.875,441.723,448.598,37.048,-40.133,-39.908,-54.596,-54.761,1.727,-17.652,-19.717,0.057,0.136,268.465,15903.539
7,1,7,2.245,83.020,85.265,-1.935,27.474,30.563,6.585,437.386,443.971,36.997,-50.039,-51.197,-57.195,-57.494,0.898,-3.062,-20.466,-1.710,27.463,30.294,6.232,396.568,402.800,40.680,-48.097,-50.439,-57.028,-56.978,0.914,-9.178,-20.550,2.549,95.178,97.727,1.869,27.266,23.266,6.951,440.577,447.529,34.858,-43.680,-42.969,-54.274,-53.905,1.147,-4.924,-19.817,1.220,27.433,26.213,6.985,437.248,444.233,36.614,-40.937,-40.684,-54.662,-54.760,1.728,-16.409,-19.803,0.048,0.127,279.373,15015.199
8,1,8,2.340,91.113,93.452,-3.367,27.518,32.041,6.550,437.600,444.150,37.373,-49.124,-49.248,-56.577,-56.435,1.224,-4.099,-19.633,-2.166,27.546,30.832,6.234,403.403,409.637,40.766,-47.109,-49.224,-56.601,-56.828,1.049,-9.532,-19.912,2.558,96.564,99.123,1.546,27.436,23.760,6.762,449.725,456.487,35.554,-42.615,-41.854,-54.015,-53.471,1.395,-4.689,-20.037,0.905,27.489,26.584,6.926,437.870,444.797,37.050,-41.297,-41.017,-54.578,-54.855,1.717,-16.769,-20.052,0.051,0.131,255.750,20462.907
9,1,9,2.281,87.756,90.037,-1.521,27.475,30.151,6.497,431.790,438.287,37.486,-49.639,-50.671,-57.192,-57.539,0.876,-4.467,-20.537,-2.029,27.520,30.669,6.060,394.400,400.461,41.457,-46.825,-49.012,-56.884,-56.799,1.083,-8.653,-20.215,2.501,94.604,97.104,1.715,27.437,23.591,6.908,448.043,454.952,35.672,-42.383,-41.457,-53.925,-53.345,1.452,-4.333,-20.001,0.980,27.491,26.511,6.741,427.788,434.528,37.937,-40.765,-40.637,-54.509,-54.802,1.744,-16.408,-19.964,0.052,0.131,256.228,16877.972
10,1,10,2.227,85.639,87.866,-2.024,27.460,30.639,6.439,432.446,438.885,37.310,-49.122,-50.364,-57.167,-57.388,0.945,-3.771,-20.691,-2.148,27.528,30.796,6.140,395.597,401.737,41.400,-46.757,-48.724,-56.949,-56.954,1.128,-8.936,-20.599,2.350,87.693,90.043,1.869,27.053,23.053,6.907,427.340,434.246,34.195,-44.127,-43.365,-54.087,-53.721,1.069,-3.823,-20.071,1.853,27.548,25.695,6.816,435.657,442.474,37.741,-40.380,-40.061,-54.656,-54.879,1.744,-17.424,-20.069,0.056,0.140,284.609,15871.551
11,1,11,2.345,87.811,90.156,-1.704,27.461,30.320,6.545,431.156,437.701,37.414,-49.879,-50.788,-56.916,-57.289,0.899,-4.093,-20.222,-1.832,27.488,30.440,6.177,393.357,399.533,41.245,-47.534,-49.505,-56.812,-56.723,1.004,-9.027,-20.297,2.493,94.336,96.829,1.869,27.325,23.325,6.840,443.723,450.562,35.096,-43.282,-42.605,-54.243,-53.755,1.248,-4.467,-19.874,1.118,27.488,26.370,6.836,434.428,441.263,37.336,-40.942,-40.948,-54.491,-54.771,1.731,-16.616,-19.855,0.045,0.131,281.446,15252.439
12,1,12,2.303,87.994,90.298,-2.962,27.582,31.699,6.655,443.756,450.411,37.397,-49.458,-49.876,-56.716,-56.742,1.120,-4.925,-19.112,-1.946,27.456,30.522,6.035,407.189,413.224,39.585,-48.662,-51.666,-56.849,-56.938,0.846,-9.462,-19.380,2.659,99.036,101.695,1.704,27.447,23.612,7.148,453.165,460.313,35.339,-42.391,-41.495,-53.994,-53.452,1.445,-4.423,-19.807,1.115,27.490,26.375,7.029,445.379,452.408,36.432,-41.024,-40.811,-54.639,-54.922,1.737,-17.113,-19.795,0.052,0.127,247.915,16752.675
13,1,13,2.229,86.238,88.467,-2.354,27.499,31.008,6.482,428.892,435.373,37.951,-49.132,-49.845,-56.631,-56.986,1.036,-5.227,-19.930,-2.179,27.527,30.826,6.079,397.446,403.525,41.206,-47.369,-49.348,-56.752,-56.723,1.048,-8.801,-19.866,2.493,94.971,97.464,1.785,27.447,23.531,7.049,448.739,455.787,35.689,-42.318,-41.424,-53.918,-53.368,1.444,-4.712,-20.165,0.884,27.489,26.606,6.867,434.452,441.319,37.342,-40.971,-40.985,-54.634,-54.816,1.739,-16.561,-20.179,0.050,0.140,247.480,16522.264
14,1,14,2.195,82.151,84.346,-2.449,27.519,31.122,6.520,430.163,436.683,38.011,-48.691,-49.430,-56.611,-56.687,1.167,-4.747,-19.152,-1.771,27.487,30.378,6.096,397.630,403.726,40.804,-47.066,-49.956,-56.737,-56.870,0.990,-9.671,-19.510,2.470,95.271,97.741,1.721,27.466,23.615,6.782,455.074,461.856,35.381,-41.506,-40.624,-53.809,-53.221,1.671,-4.440,-19.944,0.970,27.493,26.523,7.122,447.097,454.218,36.307,-40.655,-40.726,-54.646,-54.844,1.778,-17.252,-19.941,0.050,0.140,256.018,17032.791
15,1,15,2.292,87.221,89.513,-3.340,27.523,32.017,6.533,434.783,441.315,37.651,-48.970,-49.385,-56.541,-56.446,1.217,-5.313,-20.532,-2.271,27.536,30.927,6.183,396.905,403.088,41.345,-47.002,-48.966,-56.593,-56.669,1.085,-7.984,-20.653,2.601,99.466,102.067,1.571,27.470,23.768,6.977,451.156,458.134,35.705,-42.692,-41.597,-53.859,-53.351,1.413,-4.998,-20.085,1.201,27.463,26.262,7.090,440.015,447.104,36.632,-41.334,-41.204,-54.532,-54.852,1.721,-16.817,-20.085,0.052,0.127,255.293,18364.388
16,1,16,2.268,88.986,91.254,-3.601,27.518,32.275,6.542,438.126,444.668,37.332,-49.453,-49.416,-56.856,-56.584,1.251,-4.920,-19.071,-2.034,27.483,30.637,6.341,405.072,411.414,40.011,-47.866,-50.600,-56.903,-56.910,0.920,-9.342,-19.495,2.513,95.608,98.122,1.729,27.472,23.612,7.275,452.903,460.178,35.554,-42.046,-41.220,-53.812,-53.384,1.524,-4.404,-19.811,1.156,27.478,26.323,7.117,441.882,448.999,36.608,-40.977,-40.817,-54.672,-54.808,1.747,-16.904,-19.836,0.049,0.136,250.253,15052.497
17,1,17,2.267,87.284,89.552,-1.991,27.465,30.611,6.470,427.030,433.500,37.809,-49.254,-50.506,-57.100,-57.534,0.957,-5.564,-20.097,-2.034,27.548,30.702,6.220,398.065,404.286,41.335,-47.030,-49.320,-56.803,-56.789,1.062,-8.672,-19.949,2.546,95.488,98.033,1.848,27.448,23.470,7.064,449.460,456.525,35.639,-42.323,-41.320,-53.875,-53.404,1.489,-4.210,-20.189,0.937,27.489,26.552,6.834,432.638,439.473,37.495,-40.921,-40.780,-54.673,-54.899,1.756,-16.476,-20.179,0.050,0.131,252.739,20380.192
18,1,18,2.339,91.738,94.077,-3.096,27.519,31.770,6.558,437.059,443.617,37.423,-49.242,-49.972,-56.857,-57.107,1.088,-4.104,-19.756,-2.221,27.519,30.859,6.197,403.503,409.700,40.510,-47.131,-49.488,-56.502,-56.704,1.035,-9.352,-19.738,2.447,92.237,94.684,1.869,27.268,23.268,6.861,440.081,446.942,34.919,-43.799,-43.016,-54.156,-53.617,1.133,-4.665,-19.999,1.412,27.526,26.114,7.049,441.431,448.480,37.050,-40.941,-40.781,-54.652,-54.832,1.725,-16.779,-20.004,0.052,0.136,282.254,18129.341
19,1,19,2.327,88.589,90.917,-3.449,27.563,32.168,6.565,434.265,440.830,38.050,-48.893,-49.172,-56.629,-56.488,1.257,-5.617,-19.123,-1.699,27.486,30.305,6.297,404.089,410.386,40.132,-47.858,-50.621,-56.804,-56.821,0.913,-9.101,-19.544,2.453,92.875,95.328,1.641,27.545,23.773,6.756,453.279,460.035,36.176,-41.761,-40.478,-53.562,-53.091,1.680,-4.498,-20.031,1.164,27.545,26.382,6.759,435.062,441.822,37.782,-41.057,-40.891,-54.593,-54.737,1.720,-16.971,-20.036,0.050,0.136,245.958,20863.104
20,1,20,2.372,92.306,94.678,-3.454,27.531,32.140,6.511,433.522,440.034,37.832,-48.904,-49.206,-56.717,-56.645,1.217,-5.390,-20.862,-2.330,27.545,30.994,6.183,397.362,403.545,41.374,-46.779,-48.570,-56.695,-56.671,1.139,-8.257,-21.016,2.474,91.308,93.781,1.666,27.522,23.726,6.906,446.745,453.650,36.492,-42.034,-40.982,-53.850,-53.079,1.560,-4.708,-20.276,1.065,27.522,26.456,6.839,430.963,437.802,37.923,-40.554,-40.319,-54.752,-54.798,1.728,-16.724,-20.260,0.047,0.131,247.072,18106.157
21,1,21,2.394,91.537,93.931,-2.907,27.471,31.534,6.496,434.370,440.866,37.243,-49.667,-50.346,-56.955,-57.111,0.972,-4.224,-20.696,-2.374,27.532,31.026,6.284,400.519,406.804,40.927,-47.462,-49.409,-56.896,-56.777,1.012,-8.944,-20.711,2.594,97.256,99.849,1.856,27.448,23.462,7.060,448.191,455.251,35.739,-42.047,-41.268,-53.884,-53.398,1.502,-4.511,-20.138,1.136,27.447,26.311,7.022,434.358,441.381,36.971,-41.000,-40.872,-54.828,-54.796,1.721,-16.951,-20.161,0.052,0.131,249.994,17413.762
22,1,22,2.285,89.113,91.397,-2.607,27.464,31.226,6.493,435.633,442.126,37.074,-49.809,-50.738,-57.107,-57.353,0.974,-5.266,-19.268,-1.835,27.489,30.444,6.247,406.053,412.300,39.980,-48.673,-50.905,-56.923,-57.005,0.876,-8.835,-19.314,2.495,94.604,97.099,1.778,27.438,23.530,7.129,452.828,459.957,35.297,-42.717,-41.895,-54.049,-53.486,1.388,-4.122,-19.729,1.193,27.452,26.259,7.119,444.472,451.590,36.175,-40.814,-40.829,-54.685,-54.871,1.743,-17.344,-19.687,0.057,0.127,250.362,20187.826
23,1,23,2.339,89.522,91.860,-2.713,27.466,31.334,6.452,428.768,435.220,37.678,-49.162,-49.720,-56.622,-56.755,1.051,-4.789,-20.180,-2.434,27.552,31.107,6.112,396.306,402.418,41.563,-46.311,-48.445,-56.631,-56.755,1.156,-8.582,-20.105,2.562,97.887,100.449,1.827,27.434,23.477,6.918,450.747,457.665,35.434,-42.765,-41.980,-54.038,-53.582,1.372,-4.506,-20.103,1.335,27.509,26.174,6.880,438.785,445.665,37.134,-41.435,-41.355,-54.640,-54.952,1.728,-16.684,-20.131,0.051,0.131,253.780,16885.431
24,1,24,2.291,88.584,90.874,-2.681,27.469,31.305,6.450,431.896,438.346,37.437,-49.564,-50.379,-56.855,-57.122,1.003,-4.924,-19.251,-2.169,27.496,30.785,6.261,401.151,407.412,40.521,-47.804,-50.079,-56.919,-56.967,0.940,-9.122,-19.303,2.532,96.068,98.600,1.800,27.476,23.546,6.955,453.456,460.412,35.567,-42.514,-41.385,-54.075,-53.556,1.460,-4.255,-20.056,1.166,27.549,26.383,6.946,444.056,451.002,37.040,-40.960,-40.957,-54.794,-54.902,1.760,-16.906,-20.071,0.054,0.136,246.681,19012.311
25,1,25,2.241,85.769,88.009,-3.060,27.493,31.708,6.484,433.537,440.021,37.505,-49.290,-49.833,-56.794,-56.869,1.130,-5.003,-19.422,-2.124,27.449,30.692,6.170,397.777,403.947,40.429,-48.716,-50.800,-56.800,-56.882,0.888,-9.047,-19.668,2.477,94.387,96.864,1.809,27.441,23.502,6.884,449.779,456.663,35.572,-42.585,-41.737,-54.011,-53.432,1.424,-4.515,-19.959,1.403,27.519,26.116,6.929,440.962,447.891,37.042,-41.040,-41.033,-54.682,-54.782,1.721,-16.295,-19.967,0.057,0.136,251.386,30938.404
26,1,26,2.312,89.248,91.559,-2.604,27.465,31.224,6.463,429.929,436.392,37.565,-49.395,-50.239,-56.774,-56.938,1.032,-4.741,-19.419,-2.158,27.509,30.787,6.179,399.473,405.652,40.822,-47.658,-50.101,-56.929,-57.030,0.949,-9.541,-19.632,2.594,99.773,102.367,1.684,27.535,23.720,7.042,453.983,461.024,36.012,-41.647,-41.275,-53.866,-53.402,1.570,-5.063,-20.012,0.758,27.491,26.733,7.120,443.196,450.317,36.608,-41.442,-41.393,-54.479,-54.707,1.736,-15.747,-20.014,0.055,0.136,247.206,18748.405
27,1,27,2.205,82.888,85.093,-2.383,27.468,31.006,6.399,426.799,433.198,37.873,-49.126,-49.815,-56.784,-56.941,1.051,-4.210,-20.351,-2.234,27.537,30.891,5.955,392.274,398.229,41.858,-46.700,-48.901,-56.650,-56.784,1.108,-8.997,-20.377,2.515,95.581,98.095,1.833,27.421,23.457,6.890,450.630,457.519,35.339,-42.311,-41.631,-53.661,-53.296,1.437,-4.064,-20.138,1.114,27.473,26.360,6.923,436.692,443.615,37.007,-40.787,-40.633,-54.590,-54.657,1.738,-17.596,-20.153,0.055,0.136,255.480,15971.641
28,1,28,2.315,90.009,92.324,-2.627,27.432,31.214,6.403,430.948,437.352,37.199,-49.792,-50.755,-56.988,-57.278,0.938,-3.404,-21.002,-2.387,27.527,31.034,6.005,394.045,400.050,41.570,-46.121,-48.289,-56.707,-56.731,1.173,-8.511,-20.736,2.441,91.509,93.951,1.869,27.096,23.096,6.901,435.820,442.721,33.873,-44.797,-44.018,-54.181,-53.929,0.954,-3.471,-19.920,1.586,27.527,25.941,6.916,432.446,439.362,37.824,-40.865,-40.685,-54.705,-54.760,1.730,-18.565,-19.925,0.058,0.136,282.110,17647.763
29,1,29,2.383,93.085,95.468,-3.202,27.532,31.889,6.541,435.116,441.658,37.697,-49.297,-49.961,-56.972,-57.158,1.079,-5.061,-19.607,-2.236,27.573,30.929,6.349,406.257,412.606,40.733,-47.326,-49.714,-56.912,-56.965,1.015,-9.439,-19.633,2.660,102.599,105.260,1.529,27.539,23.880,7.280,458.340,465.620,35.695,-41.577,-40.619,-53.671,-53.232,1.627,-4.464,-20.085,0.761,27.492,26.731,7.004,441.963,448.967,36.729,-41.357,-41.447,-54.581,-54.888,1.734,-17.592,-20.081,0.048,0.140,250.141,15643.560
30,1,30,2.263,88.334,90.597,-2.926,27.517,31.598,6.454,434.581,441.035,37.620,-49.623,-50.164,-56.880,-57.040,1.044,-5.233,-19.620,-2.095,27.495,30.710,6.137,402.041,408.177,40.440,-48.094,-50.630,-56.875,-56.770,0.920,-8.804,-19.621,2.499,94.528,97.027,1.813,27.442,23.498,6.932,448.272,455.204,35.688,-43.139,-42.386,-54.093,-53.625,1.282,-4.684,-19.844,1.160,27.456,26.296,6.810,440.032,446.843,36.594,-40.886,-40.774,-54.637,-54.830,1.718,-16.879,-19.826,0.047,0.131,246.496,14370.481
