Header Section,,,,,,,,,,,,,,,,,,,,,,,,,,,,,,,,,,,,
Product,VC5345E,,,,,,,,,,,,,,,,,,,,,,,,,,,,,,,,,,,
Test Plan,Rev(-),,,,,,,,,,,,,,,,,,,,,,,,,,,,,,,,,,,
Release Date,2015/3/17,,,,,,,,,,,,,,,,,,,,,,,,,,,,,,,,,,,
Comment,#1~30 for A5E2.8.1;#31-60/A5E5.8.1,,,,,,,,,,,,,,,,,,,,,,,,,,,,,,,,,,,
,,,,,,,,,,,,,,,,,,,,,,,,,,,,,,,,,,,,
Data Section,,,,,,,,,,,,,,,,,,,,,,,,,,,,,,,,,,,,
Device#,1,2,3,4,5,6,7,8,9,10,11,12,13,14,15,16,17,18,19,20,21,22,23,24,25,26,27,28,29,30,31,32,33,34,35,36
Test Item,Site No,Device ID,Idle_H_Vbat             ,Idle_H_Vcc              ,Idle_H_Total            ,Pin_H_815               ,Pout_H_815              ,Gain_H_815              ,Icc_H_Vbat_815          ,Icc_H_Vcc_815           ,Icc_H_Total_815         ,PAE_H_Total_815         ,ACP_L_H_815             ,ACP_U_H_815             ,ALT_L_H_815             ,ALT_U_H_815             ,EVM_H_815               ,2fo_H_815               ,3fo_H_815               ,Pin_H_849               ,Pout_H_849              ,Gain_H_849              ,Icc_H_Vbat_849          ,Icc_H_Vcc_849           ,Icc_H_Total_849         ,PAE_H_Total_849         ,ACP_L_H_849             ,ACP_U_H_849             ,ALT_L_H_849             ,ALT_U_H_849             ,EVM_H_849               ,2fo_H_849               ,3fo_H_849               ,Leakage_Current         ,Test Time,Index Time
Low Tolerance,,,5,10,10,0.3,,,1,30,30,,1.5,1.5,1.5,1.5,0.5,1.5,1.5,0.3,,,1,30,30,,1.5,1.5,1.5,1.5,0.5,1.5,1.5,5,,
High Tolerance,,,5,10,10,0.3,,,1,30,30,,1.5,1.5,1.5,1.5,0.5,1.5,1.5,0.3,,,1,30,30,,1.5,1.5,1.5,1.5,0.5,1.5,1.5,5,,
Enable,,,1,1,1,1,0,0,0,1,1,,1,1,1,1,1,1,1,1,0,0,0,1,1,,1,1,1,1,1,1,1,1,,
1,1,1,3.155,105.741,108.896,-0.728,27.454,28.183,7.679,456.805,464.485,35.952,-41.609,-42.625,-54.495,-54.613,1.338,-15.057,-28.428,-1.678,27.462,29.14,7.818,465.39,473.207,35.135,-46.232,-46.572,-56.522,-56.308,0.697,-10.153,-24.227,0.717,426.952,21482.667
2,1,2,3.128,109.847,112.975,-0.937,27.46,28.396,7.585,455.904,463.489,36.075,-41.768,-42.673,-54.788,-54.846,1.328,-15.337,-30.802,-1.909,27.465,29.374,7.669,464.125,471.793,35.267,-46.064,-46.21,-56.272,-56.062,0.724,-10.508,-24.267,0.718,461.625,11689.333
3,1,3,3.141,105.345,108.487,-0.759,27.464,28.223,7.629,458.249,465.879,35.923,-42.181,-43.177,-54.936,-54.946,1.256,-15.347,-29.055,-1.759,27.461,29.221,7.788,465.925,473.713,35.095,-46.604,-46.805,-56.623,-56.406,0.671,-10.43,-24.427,0.718,422.984,10361.333
4,1,4,3.102,106.442,109.544,-0.694,27.461,28.155,7.58,456.297,463.877,36.055,-42.287,-43.276,-54.534,-54.595,1.26,-15.392,-29.819,-1.675,27.465,29.14,7.738,463.532,471.27,35.305,-46.537,-46.568,-56.091,-55.889,0.684,-10.574,-24.446,0.718,426.93,11423.667
5,1,5,3.175,107.913,111.088,-0.667,27.459,28.126,7.577,457.827,465.405,35.919,-41.75,-42.724,-54.403,-54.531,1.342,-15.335,-30.012,-1.662,27.467,29.129,7.746,466.848,474.594,35.076,-46.46,-46.707,-56.331,-56.138,0.7,-10.555,-25.317,0.72,420.348,14516
6,1,6,3.044,101.072,104.115,-1.084,27.455,28.54,7.524,455.362,462.886,36.087,-42.399,-43.456,-54.915,-54.963,1.226,-14.63,-29.191,-2.085,27.464,29.549,7.761,464.459,472.22,35.23,-46.655,-46.911,-56.615,-56.355,0.662,-9.776,-23.877,0.711,407.223,10170.333
7,1,7,3.107,103.714,106.821,-0.784,27.459,28.243,7.559,454.833,462.392,36.156,-42.374,-43.341,-54.93,-54.948,1.265,-15.73,-29.415,-1.767,27.459,29.226,7.691,461.61,469.3,35.408,-46.225,-46.271,-56.293,-56.067,0.729,-10.948,-24.013,0.721,416.385,10080.333
8,1,8,3.146,102.117,105.263,-0.377,27.458,27.835,7.684,456.199,463.883,36.029,-42.079,-43.11,-54.215,-54.252,1.26,-15.331,-28.567,-1.37,27.47,28.84,7.894,463.981,471.876,35.307,-46.361,-46.418,-55.788,-55.583,0.703,-10.481,-24.892,0.718,402.19,10379.667
9,1,9,3.011,99.063,102.073,-0.603,27.455,28.058,7.612,456.2,463.812,36.01,-40.905,-41.975,-54.152,-54.273,1.494,-14.846,-28.479,-1.601,27.464,29.065,7.784,464.729,472.513,35.205,-45.629,-45.955,-56.11,-55.929,0.751,-10.059,-24.208,0.711,403.198,10333
10,1,10,3.068,101.555,104.623,-1.019,27.456,28.476,7.642,455.261,462.903,36.091,-42.113,-43.147,-54.831,-54.869,1.279,-14.991,-29.058,-2.07,27.454,29.524,7.692,463.294,470.985,35.241,-46.631,-46.865,-56.532,-56.324,0.69,-10.13,-24.115,0.711,408.563,11207.667
11,1,11,3.08,103.266,106.346,-0.77,27.458,28.228,7.591,453.512,461.103,36.251,-42.376,-43.429,-54.432,-54.518,1.241,-15.233,-29.758,-1.757,27.462,29.22,7.664,462.246,469.91,35.392,-46.755,-46.805,-56.074,-55.893,0.66,-10.339,-24.572,0.716,407.642,10835.667
12,1,12,3.061,103.299,106.36,-0.882,27.457,28.338,7.493,452.583,460.075,36.324,-41.461,-42.466,-54.342,-54.484,1.377,-15.001,-29.498,-1.835,27.463,29.298,7.664,462.061,469.725,35.412,-46.106,-46.48,-56.305,-56.083,0.743,-10.099,-24.293,0.716,385.359,12232.667
13,1,13,3.202,107.558,110.76,-0.755,27.456,28.211,7.689,456.297,463.985,36.001,-41.115,-42.001,-54.733,-54.925,1.458,-15.042,-29.401,-1.776,27.465,29.241,7.856,464.804,472.659,35.208,-45.911,-46.248,-56.679,-56.525,0.768,-10.082,-24.402,0.722,423.239,11670.667
14,1,14,3.084,104.241,107.325,-1.108,27.454,28.562,7.467,452.821,460.287,36.281,-42.085,-43.059,-54.541,-54.616,1.292,-15.507,-29.61,-2.126,27.463,29.589,7.634,461.038,468.671,35.489,-46.27,-46.437,-56.178,-55.981,0.732,-10.641,-24.054,0.71,389.786,11622.667
15,1,15,3.233,107.767,111,-0.785,27.458,28.244,7.726,455.71,463.436,36.069,-41.711,-42.6,-54.638,-54.79,1.344,-14.431,-28.692,-1.794,27.462,29.256,7.809,464.377,472.185,35.212,-46.263,-46.484,-56.397,-56.27,0.703,-9.463,-23.296,0.707,410.561,9038.333
16,1,16,3.127,106.169,109.295,-1.045,27.456,28.502,7.508,452.732,460.24,36.308,-42.184,-43.099,-54.728,-54.859,1.292,-15.371,-30.628,-1.991,27.468,29.459,7.69,461.686,469.375,35.477,-46.395,-46.59,-56.34,-56.132,0.714,-10.505,-24.198,0.714,412.652,10708.333
17,1,17,3.125,105.472,108.598,-1.266,27.459,28.725,7.487,452.157,459.644,36.381,-41.976,-42.893,-55.031,-55.073,1.31,-14.844,-29.797,-2.255,27.461,29.716,7.662,460.449,468.111,35.519,-46.076,-46.388,-56.54,-56.365,0.725,-10.014,-23.3,0.713,427.107,10846.667
18,1,18,3.063,102.163,105.226,-0.66,27.46,28.12,7.656,456.449,464.105,36.033,-42.503,-43.547,-54.494,-54.552,1.216,-15.229,-28.795,-1.684,27.465,29.148,7.657,464.019,471.675,35.276,-46.721,-46.742,-56.073,-55.857,0.685,-10.333,-24.516,0.705,387.655,9386
19,1,19,3.052,103.635,106.688,-0.863,27.461,28.324,7.535,454.126,461.661,36.235,-42.343,-43.381,-54.811,-54.877,1.23,-15.543,-30.061,-1.835,27.468,29.303,7.709,462.067,469.776,35.447,-46.422,-46.576,-56.387,-56.117,0.683,-10.709,-24.244,0.717,396.96,10885.333
20,1,20,3.187,109.972,113.159,-1.196,27.453,28.649,7.604,455.39,462.995,36.062,-42.246,-43.127,-54.909,-54.961,1.26,-14.782,-29.827,-2.221,27.459,29.68,7.805,464.634,472.439,35.171,-46.685,-46.819,-56.564,-56.314,0.69,-9.886,-23.813,0.712,399.244,9024.333
21,1,21,3.01,99.9,102.909,-0.911,27.461,28.372,7.531,454.707,462.238,36.186,-42.405,-43.457,-54.746,-54.764,1.22,-15.009,-28.37,-1.867,27.461,29.328,7.758,462.636,470.394,35.343,-46.56,-46.632,-56.309,-56.152,0.705,-10.061,-23.701,0.715,385.065,9351.667
22,1,22,3.094,104.733,107.827,-0.988,27.458,28.446,7.59,455.854,463.443,36.067,-41.644,-42.619,-54.802,-54.906,1.358,-15.34,-29.056,-1.97,27.469,29.439,7.722,464.523,472.245,35.265,-46.118,-46.402,-56.618,-56.4,0.751,-10.471,-24.189,0.718,405.165,8771.667
23,1,23,3.106,106.377,109.482,-0.71,27.459,28.169,7.604,456.041,463.646,36.056,-42.186,-43.148,-54.888,-54.931,1.263,-15.354,-29.184,-1.72,27.465,29.184,7.694,463.199,470.893,35.337,-46.227,-46.279,-56.29,-56.066,0.748,-10.435,-24.025,0.719,419.289,9592
24,1,24,3.088,102.12,105.209,-0.585,27.456,28.041,7.605,453.866,461.471,36.203,-41.829,-42.82,-54.505,-54.564,1.304,-15.484,-29.275,-1.612,27.47,29.082,7.725,462.347,470.072,35.442,-46.167,-46.268,-56.223,-55.968,0.726,-10.648,-24.951,0.712,402.63,9233.667
25,1,25,3.085,104.009,107.093,-0.544,27.46,28.004,7.612,457.391,465.002,35.955,-42.427,-43.477,-54.54,-54.615,1.24,-15.336,-28.48,-1.53,27.475,29.005,7.799,466.179,473.977,35.184,-46.658,-46.642,-56.121,-55.897,0.68,-10.408,-24.649,0.706,398.142,10229.333
26,1,26,3.094,103.84,106.934,-1.023,27.46,28.484,7.606,454.635,462.241,36.178,-41.522,-42.479,-54.662,-54.748,1.353,-14.911,-29.175,-1.981,27.458,29.439,7.799,463.094,470.892,35.285,-46.064,-46.397,-56.482,-56.291,0.735,-10.013,-23.876,0.715,394.002,9397
27,1,27,3.083,103.302,106.385,-0.576,27.459,28.036,7.61,457.472,465.082,35.948,-42.52,-43.561,-54.743,-54.847,1.257,-14.819,-28.645,-1.579,27.468,29.047,7.736,465.768,473.504,35.165,-46.845,-46.938,-56.383,-56.184,0.663,-9.922,-23.951,0.718,390.92,9353
28,1,28,3.113,100.132,103.246,-0.693,27.458,28.151,7.684,452.282,459.966,36.339,-42.627,-43.603,-54.702,-54.716,1.22,-14.625,-29.066,-1.638,27.469,29.106,7.779,460.3,468.079,35.584,-46.599,-46.597,-56.076,-55.889,0.714,-9.705,-23.791,0.719,404.846,9285
29,1,29,3.101,105.505,108.606,-1.067,27.452,28.52,7.527,454.623,462.151,36.12,-42.871,-43.865,-54.966,-55.001,1.179,-15.087,-31.088,-2,27.455,29.455,7.767,463.678,471.445,35.215,-46.754,-46.837,-56.388,-56.094,0.682,-10.188,-23.959,0.721,411.545,9863.667
30,1,30,3.044,102.229,105.273,-0.993,27.459,28.452,7.49,452.596,460.087,36.337,-42.22,-43.283,-54.598,-54.673,1.274,-15.329,-29.569,-1.931,27.471,29.402,7.604,461.518,469.122,35.521,-46.333,-46.555,-56.242,-56.078,0.703,-10.452,-23.907,0.714,399.959,8915.333
31,1,31,2.915,102.336,105.252,-1.483,27.458,28.941,7.220,430.766,437.986,37.398,-44.650,-46.223,-55.323,-55.313,0.989,-12.897,-31.321,-2.076,27.462,29.538,7.539,449.121,456.660,35.905,-48.542,-48.153,-56.402,-55.851,0.694,-7.879,-23.073,0.432,389.281,38522.667
32,1,32,2.952,101.529,104.481,-0.928,27.457,28.385,7.403,432.194,439.597,37.253,-43.316,-44.928,-54.950,-55.084,1.241,-12.154,-29.274,-1.470,27.474,28.944,7.725,451.545,459.269,35.799,-47.792,-47.466,-56.271,-55.604,0.755,-7.131,-23.026,0.495,386.844,11933.333
33,1,33,2.974,108.750,111.724,-2.054,27.456,29.510,7.149,429.053,436.202,37.533,-43.548,-44.956,-55.905,-55.995,1.181,-13.893,-31.433,-2.552,27.467,30.019,7.507,446.791,454.298,36.129,-46.979,-46.510,-56.644,-56.122,0.861,-8.699,-22.283,0.440,407.197,8986.667
34,1,34,3.003,106.859,109.862,-2.237,27.453,29.690,7.093,426.596,433.689,37.724,-43.545,-44.902,-55.739,-55.775,1.166,-13.821,-31.725,-2.779,27.464,30.244,7.485,444.733,452.218,36.273,-47.050,-46.643,-56.765,-56.103,0.821,-8.598,-22.291,0.434,396.316,11698.667
35,1,35,2.849,95.619,98.468,-1.130,27.455,28.585,7.309,429.406,436.715,37.476,-44.115,-45.787,-55.060,-55.204,1.080,-12.686,-28.517,-1.629,27.469,29.098,7.604,447.162,454.766,36.114,-48.028,-47.623,-56.256,-55.601,0.739,-7.612,-22.508,0.422,389.576,9423.333
36,1,36,3.069,110.552,113.620,-1.916,27.457,29.373,7.269,435.092,442.361,37.018,-43.970,-45.321,-55.994,-56.002,1.113,-12.625,-31.266,-2.513,27.463,29.975,7.662,453.813,461.475,35.533,-47.698,-47.206,-56.968,-56.400,0.783,-7.782,-22.518,0.454,416.998,9514.000
37,1,37,2.853,102.232,105.085,-1.578,27.456,29.034,7.146,434.826,441.972,37.044,-42.574,-44.148,-55.287,-55.367,1.347,-12.350,-30.041,-2.245,27.454,29.699,7.581,453.220,460.801,35.516,-47.090,-46.828,-56.725,-56.062,0.842,-7.395,-22.725,0.432,406.834,9354.667
38,1,38,2.952,106.715,109.667,-1.834,27.453,29.287,7.167,433.128,440.296,37.159,-44.603,-46.108,-56.133,-56.158,0.992,-14.155,-30.791,-2.365,27.463,29.828,7.489,449.878,457.367,35.853,-47.673,-47.080,-56.660,-56.130,0.791,-8.978,-22.755,0.451,402.057,10361.333
39,1,39,2.945,104.330,107.275,-1.682,27.457,29.139,7.193,430.236,437.429,37.439,-43.988,-45.478,-55.753,-55.709,1.097,-14.491,-31.819,-2.238,27.458,29.696,7.511,446.341,453.852,36.090,-47.513,-47.103,-56.526,-56.001,0.787,-9.267,-23.361,0.438,393.655,10046.667
40,1,40,3.056,111.256,114.312,-2.005,27.456,29.460,7.196,432.966,440.163,37.194,-43.424,-44.729,-56.095,-56.086,1.167,-13.880,-31.463,-2.627,27.458,30.085,7.577,449.819,457.396,35.814,-46.745,-46.110,-56.812,-56.228,0.917,-8.802,-22.676,0.453,401.976,9352.333
41,1,41,2.949,100.616,103.566,-0.997,27.467,28.464,7.444,436.616,444.060,36.959,-44.482,-46.122,-55.259,-55.304,1.034,-12.653,-29.539,-1.632,27.468,29.099,7.751,454.593,462.344,35.507,-48.674,-48.255,-56.540,-55.789,0.685,-7.609,-23.504,0.470,415.555,8595.667
42,1,42,2.951,101.613,104.563,-1.415,27.457,28.873,7.267,430.267,437.534,37.432,-43.640,-45.184,-55.679,-55.838,1.161,-13.941,-29.192,-2.008,27.455,29.463,7.563,446.460,454.022,36.057,-47.532,-47.186,-56.817,-56.237,0.762,-8.661,-22.634,0.460,389.577,8635.667
43,1,43,3.066,106.228,109.294,-1.329,27.455,28.783,7.395,435.665,443.061,36.945,-43.707,-45.180,-55.531,-55.680,1.164,-12.801,-29.543,-1.932,27.465,29.396,7.710,454.252,461.962,35.511,-47.684,-47.170,-56.626,-56.127,0.806,-7.775,-23.111,0.452,384.564,9026.667
44,1,44,3.019,106.148,109.167,-1.355,27.458,28.814,7.359,436.415,443.774,36.913,-43.734,-45.230,-55.262,-55.354,1.129,-12.246,-30.375,-1.967,27.459,29.427,7.642,455.188,462.830,35.404,-48.003,-47.548,-56.494,-55.962,0.753,-7.305,-22.855,0.436,389.809,9289.333
45,1,45,2.947,103.123,106.070,-1.572,27.453,29.026,7.294,432.977,440.272,37.164,-44.119,-45.620,-55.942,-55.958,1.082,-14.020,-29.736,-2.208,27.457,29.666,7.559,449.689,457.248,35.818,-47.977,-47.558,-57.125,-56.425,0.759,-8.763,-23.413,0.445,387.719,10268.333
46,1,46,3.070,106.881,109.951,-2.110,27.453,29.562,7.267,428.834,436.101,37.515,-44.277,-45.645,-55.801,-55.860,1.034,-12.874,-30.869,-2.636,27.458,30.093,7.638,446.276,453.914,36.086,-47.673,-47.189,-56.708,-56.042,0.829,-7.962,-21.805,0.438,391.931,10883.000
47,1,47,2.949,105.234,108.183,-1.787,27.455,29.241,7.198,432.230,439.427,37.250,-44.054,-45.522,-55.612,-55.636,1.098,-12.432,-30.355,-2.364,27.458,29.821,7.522,450.699,458.221,35.745,-47.983,-47.516,-56.623,-56.097,0.772,-7.606,-22.795,0.445,396.115,9141.333
48,1,48,2.867,101.702,104.570,-1.419,27.459,28.879,7.143,430.087,437.229,37.476,-43.572,-45.153,-55.382,-55.439,1.177,-14.152,-30.310,-2.001,27.464,29.464,7.421,446.888,454.309,36.101,-47.382,-46.935,-56.373,-55.773,0.796,-8.962,-23.428,0.449,392.232,9696.333
49,1,49,2.860,98.557,101.417,-1.480,27.465,28.945,7.272,433.948,441.220,37.182,-45.321,-46.969,-55.578,-55.566,0.921,-12.565,-29.778,-1.988,27.454,29.443,7.574,451.082,458.656,35.685,-48.999,-48.474,-56.491,-55.951,0.628,-7.665,-22.146,0.439,396.331,11272.667
50,1,50,2.979,100.164,103.143,-0.875,27.461,28.336,7.469,431.106,438.575,37.372,-43.891,-45.499,-54.949,-55.081,1.098,-12.657,-28.957,-1.505,27.459,28.964,7.765,447.509,455.273,35.987,-48.259,-47.827,-56.155,-55.571,0.711,-7.639,-23.405,0.437,397.484,11051.667
51,1,51,2.977,102.658,105.634,-1.555,27.452,29.007,7.259,428.971,436.230,37.500,-43.560,-45.066,-55.391,-55.475,1.157,-13.619,-30.804,-2.180,27.457,29.637,7.553,446.617,454.170,36.057,-47.598,-47.255,-56.461,-55.938,0.766,-8.380,-23.050,0.433,389.937,10421.333
52,1,52,2.856,100.254,103.110,-1.842,27.454,29.296,7.096,426.681,433.778,37.724,-44.355,-45.881,-55.832,-55.779,1.036,-14.805,-30.081,-2.414,27.462,29.876,7.386,442.222,449.608,36.463,-47.731,-47.307,-56.738,-56.154,0.759,-9.465,-22.662,0.448,391.943,10986.333
53,1,53,2.947,103.018,105.966,-1.404,27.459,28.863,7.299,431.601,438.900,37.332,-43.428,-44.987,-55.255,-55.362,1.181,-12.675,-29.969,-1.956,27.469,29.425,7.643,450.179,457.822,35.869,-47.743,-47.413,-56.521,-56.011,0.780,-7.578,-22.876,0.451,395.649,11753.333
54,1,54,3.020,103.697,106.717,-1.276,27.461,28.737,7.450,435.460,442.910,37.012,-44.195,-45.751,-55.280,-55.352,1.053,-13.130,-29.376,-1.867,27.464,29.331,7.749,453.441,461.190,35.567,-48.380,-48.033,-56.613,-55.972,0.729,-7.964,-23.180,0.449,393.061,9488.667
55,1,55,2.972,105.860,108.831,-1.514,27.456,28.971,7.202,432.497,439.699,37.240,-43.802,-45.289,-55.543,-55.694,1.118,-12.717,-30.573,-2.035,27.463,29.497,7.524,450.411,457.935,35.808,-47.478,-46.891,-56.449,-55.794,0.797,-7.812,-22.377,0.446,409.467,9695.000
56,1,56,2.890,101.378,104.268,-1.470,27.462,28.932,7.228,429.251,436.479,37.561,-44.007,-45.568,-55.392,-55.377,1.094,-13.164,-30.885,-2.080,27.462,29.542,7.472,445.495,452.967,36.192,-47.924,-47.535,-56.406,-55.748,0.747,-8.096,-23.131,0.474,383.873,11418.333
57,1,57,2.979,103.756,106.734,-1.555,27.456,29.012,7.281,433.276,440.557,37.164,-44.578,-46.071,-55.311,-55.310,0.999,-12.124,-30.779,-2.113,27.466,29.579,7.556,451.978,459.534,35.708,-48.313,-47.740,-56.419,-55.648,0.732,-7.342,-22.351,0.458,394.633,10180.667
58,1,58,3.042,102.657,105.699,-0.854,27.451,28.305,7.437,432.302,439.740,37.189,-43.413,-44.988,-54.995,-55.072,1.188,-13.559,-28.456,-1.512,27.470,28.982,7.751,449.224,456.975,35.946,-47.631,-47.191,-56.305,-55.587,0.769,-8.335,-23.480,0.453,368.131,10377.667
59,1,59,3.066,108.648,111.713,-2.023,27.453,29.475,7.245,431.344,438.589,37.301,-44.008,-45.403,-56.234,-56.155,1.079,-13.709,-29.847,-2.547,27.471,30.018,7.524,448.881,456.404,35.999,-47.318,-46.731,-57.033,-56.328,0.822,-8.622,-22.182,0.453,394.567,10673.667
60,1,60,2.967,101.961,104.927,-1.416,27.459,28.875,7.292,431.658,438.950,37.327,-44.126,-45.662,-55.182,-55.222,1.051,-11.781,-30.419,-1.873,27.464,29.337,7.615,450.365,457.980,35.821,-47.888,-47.398,-56.129,-55.498,0.754,-7.058,-22.009,0.437,410.237,12391.667
