Header Section,,,,,,,,,,,,,,,,,,,,,,,,,,,,,,,,,,,,,,,,,,,,,,,,,,,,,,
Product,VC5333,,,,,,,,,,,,,,,,,,,,,,,,,,,,,,,,,,,,,,,,,,,,,,,,,,,,,
Test Plan,Rev(E3),,,,,,,,,,,,,,,,,,,,,,,,,,,,,,,,,,,,,,,,,,,,,,,,,,,,,
Release Date,2020/3/6,,,,,,,,,,,,,,,,,,,,,,,,,,,,,,,,,,,,,,,,,,,,,,,,,,,,,
Comment,#1-25/J1.21.1,,,,,,,,,,,,,,,,,,,,,,,,,,,,,,,,,,,,,,,,,,,,,,,,,,,,,
,,,,,,,,,,,,,,,,,,,,,,,,,,,,,,,,,,,,,,,,,,,,,,,,,,,,,,
Data Section,,,,,,,,,,,,,,,,,,,,,,,,,,,,,,,,,,,,,,,,,,,,,,,,,,,,,,
Device#,1,2,3,4,5,6,7,8,9,10,11,12,13,14,15,16,17,18,19,20,21,22,23,24,25,26,27,28,29,30,31,32,33,34,35,36,37,38,39,40,41,42,43,44,45,46,47,48,49,50,51,52,53,54
Test Item,Site No,Device ID,OS_VCC1_N,OS_VCC2_N,OS_VCC3_N,OS_VDD_N,Leakage1_VCC1,Leakage1_VCC2,Leakage1_VCC3,Leakage1_VDD,Leakage1_LNAEN,Leakage1_PAEN,Idd_Idle_LNA,Gain_LNA_CW_2472,NF_LNA_CW_2472,Psat_LNA_CW_2472,Gain_Bypass_CW_2472,Vdet_Idle_PA,Idd_Idle_PA,Icc_Idle_PA,Pin_PA_N3_2412_25dBm,Pout_PA_N3_2412_25dBm,Gain_PA_N3_2412_25dBm,Idd_PA_N3_2412_25dBm,Icc_PA_N3_2412_25dBm,EVM_PA_N3_2412_25dBm,Vdet_PA_N3_2412_25dBm,Pin_PA_N3_2472_25dBm,Pout_PA_N3_2472_25dBm,Gain_PA_N3_2472_25dBm,Idd_PA_N3_2472_25dBm,Icc_PA_N3_2472_25dBm,EVM_PA_N3_2472_25dBm,Vdet_PA_N3_2472_25dBm,Fcpl_PA_CW_2412,Fcpl_PA_CW_2472,Iso_PA_CW_2412,Iso_PA_CW_2472,tON_PA_CW_2412,tOFF_PA_CW_2472,Leakage2_VCC1,Leakage2_VCC2,Leakage2_VCC3,Leakage2_VDD,Leakage2_LNAEN,Leakage2_PAEN,Delta_Leakage_VCC1,Delta_Leakage_VCC2,Delta_Leakage_VCC3,Delta_Leakage_VDD,Delta_Leakage_LNAEN,Delta_Leakage_PAEN,Test_Time,Index_Time
Low Tolerance,,,0.05,0.05,0.05,0.05,3,3,3,5,3,3,3,0.3,0.3,0.3,0.3,0.03,1,15,0.3,0.2,0.5,3,25,2,0.03,0.3,0.2,0.5,3,25,2,0.03,1.5,1.5,1.5,1.5,50,50,3,3,3,5,3,3,3,3,3,3,3,3,,
High Tolerance,,,0.05,0.05,0.05,0.05,3,3,3,5,3,3,3,0.3,0.3,0.3,0.3,0.03,1,15,0.3,0.2,0.5,3,25,2,0.03,0.3,0.2,0.5,3,25,2,0.03,1.5,1.5,1.5,1.5,50,50,3,3,3,5,3,3,3,3,3,3,3,3,,
Enable,,,1,1,1,1,1,1,1,1,1,1,1,1,1,1,1,1,1,1,1,1,1,1,1,1,1,1,1,1,1,1,1,1,1,1,1,1,1,1,1,1,1,1,1,1,1,1,1,1,1,1,0,0
1,1,1,-1.274,-1.220,-1.202,-0.216,0.241,0.284,0.481,17.852,3.843,3.901,13.482,16.321,1.436,12.769,-5.538,0.01,6.145,259.943,-8.931,24.98,33.912,11.656,331.028,-25.658,0.278,-8.905,24.994,33.899,11.67,325.7,-24.745,0.295,18.042,17.973,47.871,48.384,326.667,270.667,0.155,0.222,0.320,20.267,3.904,3.842,-0.086,-0.061,-0.161,2.415,-0.059,0.061,3596.783,2822.762
2,1,2,-1.272,-1.226,-1.202,-0.268,0.194,0.223,0.406,17.369,3.846,3.802,12.944,16.226,1.481,12.734,-5.457,0.024,5.467,219.223,-9.818,25.059,34.876,10.838,321.082,-26.427,0.282,-9.885,25.062,34.947,10.767,315,-25.549,0.314,18.623,18.541,48.208,48.819,318.667,270.667,0.143,0.204,0.306,19.516,3.887,3.900,-0.051,-0.019,-0.100,2.147,0.098,0.042,4094.741,201025.513
3,1,3,-1.271,-1.228,-1.200,-0.258,0.200,0.225,0.399,17.369,3.851,3.866,12.281,16.038,1.593,12.683,-5.649,0.011,6.258,259.454,-9.154,24.964,34.118,11.666,332.34,-26.033,0.272,-9.159,24.985,34.145,11.644,327.344,-25.027,0.291,17.96,17.87,48.072,48.724,337.333,273.333,0.153,0.221,0.319,20.214,3.946,3.888,-0.046,-0.004,-0.079,2.844,0.022,0.095,3704.493,3137.502
4,1,4,-1.273,-1.211,-1.201,-0.258,0.193,0.247,0.423,17.691,4.151,4.065,11.49,15.962,1.542,12.666,-5.706,0.03,6.136,260.015,-9.166,24.963,34.13,11.597,331.493,-25.822,0.291,-9.13,24.977,34.107,11.563,326.132,-24.913,0.312,17.804,17.742,47.917,48.359,326.667,273.333,0.161,0.211,0.319,20.750,4.136,4.161,-0.032,-0.037,-0.104,3.059,0.096,-0.015,3721.793,3170.051
5,1,5,-1.273,-1.228,-1.202,-0.256,0.208,0.242,0.428,17.101,3.818,3.847,12.832,15.961,1.611,12.658,-5.725,0.009,5.612,223.74,-9.328,25.033,34.361,10.878,313.808,-25.772,0.263,-9.387,25.032,34.419,10.816,307.863,-24.882,0.293,18.23,18.145,48.093,48.661,310.667,278.667,0.138,0.207,0.322,18.604,3.875,3.878,-0.070,-0.035,-0.106,1.503,0.032,0.056,4274.986,3088.898
7,1,7,-1.271,-1.227,-1.201,-0.280,0.193,0.240,0.403,17.316,3.784,3.766,11.573,16.038,1.566,12.653,-5.675,0.024,5.545,216.625,-9.423,25.032,34.454,10.878,317.488,-26.195,0.277,-9.432,25.073,34.505,10.867,312.196,-25.168,0.309,17.98,17.919,47.96,48.493,334.667,265.333,0.157,0.198,0.302,19.731,3.823,3.871,-0.036,-0.042,-0.101,2.415,0.105,0.039,3811.422,3228.873
8,1,8,-1.270,-1.218,-1.201,-0.270,0.202,0.237,0.411,16.564,3.831,3.793,12.969,16.132,1.538,12.706,-5.613,0.009,5.632,222.006,-9.411,25.035,34.445,11.077,321.356,-26.225,0.27,-9.457,25.048,34.505,11.003,315.418,-25.292,0.292,18.42,18.33,48.182,48.715,324,265.333,0.144,0.202,0.271,18.979,3.875,3.834,-0.058,-0.035,-0.140,2.415,0.042,0.044,3849.654,3242.222
9,1,9,-1.275,-1.229,-1.203,-0.258,0.204,0.244,0.419,17.906,3.755,3.856,11.907,16.159,1.543,12.725,-5.662,0.015,5.562,208.822,-9.912,25.032,34.943,10.792,301.252,-26.179,0.278,-10.015,25.027,35.042,10.79,295.138,-25.324,0.302,18.245,18.18,48.051,48.559,326.667,281.333,0.159,0.209,0.300,20.053,3.872,3.842,-0.044,-0.035,-0.119,2.147,-0.015,0.117,3936.814,3159.78
10,1,10,-1.272,-1.220,-1.200,-0.259,0.205,0.241,0.399,18.711,4.134,4.160,10.893,15.906,1.519,12.639,-5.668,0.008,5.493,213.803,-9.333,25.068,34.4,10.934,321.123,-26.451,0.268,-9.431,25.041,34.472,10.857,315.066,-25.582,0.287,18.236,18.164,48.079,48.672,326.667,276,0.142,0.189,0.284,20.804,4.227,4.121,-0.064,-0.052,-0.115,2.093,-0.039,0.093,3826.275,3107.609
11,1,11,-1.272,-1.220,-1.201,-0.263,0.196,0.233,0.418,17.423,3.863,3.847,12.798,16.186,1.551,12.722,-5.66,0.006,5.695,229.717,-9.353,25.041,34.394,11.059,325.662,-26.265,0.254,-9.452,24.997,34.449,11.006,319.414,-25.427,0.283,18.199,18.126,47.854,48.465,329.333,273.333,0.137,0.206,0.279,19.570,3.933,3.859,-0.059,-0.027,-0.139,2.147,0.012,0.071,3702.63,3161.63
12,1,12,-1.271,-1.218,-1.201,-0.261,0.204,0.239,0.422,18.443,4.156,4.067,12.619,16.174,1.516,12.728,-5.663,0.009,6.028,250.37,-9.251,25.052,34.303,11.323,330.772,-26.015,0.276,-9.403,24.971,34.373,11.246,323.436,-25.403,0.293,18.228,18.159,47.838,48.427,310.667,254.667,0.157,0.191,0.304,21.984,4.146,4.138,-0.047,-0.048,-0.118,3.542,0.071,-0.010,3697.492,3076.981
13,1,13,-1.271,-1.217,-1.201,-0.258,0.191,0.224,0.393,17.155,3.775,3.761,12.054,16.107,1.547,12.74,-5.682,0.022,5.963,243.91,-9.318,25.053,34.37,11.418,329.161,-26.017,0.281,-9.473,24.978,34.451,11.28,322.175,-25.335,0.304,18.222,18.142,48.017,48.575,345.333,281.333,0.161,0.215,0.299,18.818,3.792,3.775,-0.030,-0.009,-0.094,1.664,0.015,0.017,3699.147,2968.114
14,1,14,-1.265,-1.222,-1.201,-0.258,0.184,0.221,0.402,17.208,3.814,3.832,11.754,16.115,1.499,12.707,-5.633,0.011,5.402,209.889,-9.542,25.084,34.626,10.748,312.483,-25.934,0.272,-9.652,25.054,34.706,10.652,305.507,-25.172,0.296,18.426,18.346,47.851,48.446,324,265.333,0.149,0.198,0.293,19.462,3.870,3.810,-0.035,-0.023,-0.109,2.254,-0.022,0.056,3891.524,3109.775
15,1,15,-1.268,-1.216,-1.201,-0.274,0.206,0.227,0.405,17.477,3.806,3.842,11.345,15.916,1.584,12.614,-5.665,0.015,5.288,187.892,-9.903,25.018,34.921,10.438,288.191,-25.9,0.285,-9.969,25.067,35.036,10.45,283.666,-24.744,0.308,18.575,18.51,48.049,48.588,321.333,270.667,0.163,0.199,0.314,19.409,3.809,3.849,-0.044,-0.028,-0.092,1.932,0.007,0.002,4036.709,3123.874
16,1,16,-1.273,-1.216,-1.203,-0.259,0.203,0.227,0.410,18.604,4.139,4.104,12.093,16.019,1.556,12.696,-5.686,0.01,5.353,200.539,-9.736,25.04,34.776,10.59,301.318,-26.154,0.283,-9.827,25.05,34.877,10.529,295.93,-25.153,0.309,18.516,18.454,47.908,48.512,326.667,273.333,0.147,0.199,0.293,20.428,4.173,4.126,-0.056,-0.028,-0.117,1.825,0.022,0.034,3905.913,2755.407
17,1,17,-1.273,-1.211,-1.202,-0.283,0.189,0.229,0.399,17.369,3.848,3.918,11.842,15.988,1.549,12.627,-5.688,0.021,6.436,275.425,-9.158,24.928,34.086,12.03,337.076,-25.835,0.295,-9.097,24.959,34.056,12.026,332.22,-24.849,0.317,18.038,17.961,47.878,48.42,318.667,278.667,0.152,0.198,0.303,20.053,3.860,3.854,-0.038,-0.031,-0.096,2.683,-0.064,0.012,3799.255,3123.602
18,1,18,-1.271,-1.218,-1.201,-0.260,0.183,0.235,0.402,18.335,3.748,3.846,12.757,16.149,1.531,12.743,-5.655,0.021,5.547,219.42,-9.325,25.001,34.327,10.98,319.769,-26.323,0.277,-9.383,24.979,34.362,10.879,314.23,-25.385,0.297,18.428,18.368,47.967,48.584,321.333,278.667,0.155,0.210,0.303,20.375,3.880,3.805,-0.028,-0.026,-0.099,2.039,-0.042,0.132,3610.735,3134.393
19,1,19,-1.274,-1.215,-1.203,-0.258,0.197,0.217,0.404,16.779,3.753,3.754,13.895,16.393,1.385,12.76,-5.587,0.021,5.478,217.361,-9.517,25.031,34.548,10.806,322.34,-26.354,0.28,-9.592,25.026,34.618,10.779,316.137,-25.534,0.308,17.982,17.9,47.924,48.524,318.667,262.667,0.137,0.202,0.281,18.926,3.801,3.810,-0.060,-0.016,-0.122,2.147,0.056,0.049,3732.618,3065.368
20,1,20,-1.273,-1.215,-1.203,-0.259,0.226,0.245,0.403,17.691,3.757,3.807,12.042,15.989,1.571,12.679,-5.665,0.01,5.305,196.805,-9.679,25.075,34.754,10.565,303.021,-26.183,0.268,-9.803,25.074,34.877,10.532,297.273,-25.324,0.288,18.183,18.109,48.098,48.704,326.667,286.667,0.159,0.204,0.296,18.979,3.848,3.743,-0.067,-0.040,-0.106,1.288,-0.064,0.090,3872.096,3247.202
21,1,21,-1.272,-1.216,-1.202,-0.259,0.200,0.258,0.439,17.584,3.843,3.707,11.769,15.988,1.567,12.627,-5.607,0.017,5.481,218.413,-9.43,25.047,34.477,10.856,319.246,-25.983,0.27,-9.537,25.003,34.541,10.818,312.159,-25.192,0.303,18.549,18.481,47.948,48.456,321.333,281.333,0.152,0.198,0.312,19.409,3.826,3.832,-0.048,-0.060,-0.127,1.825,0.125,-0.017,3529.865,2908.993
22,1,22,-1.266,-1.211,-1.200,-0.260,0.192,0.223,0.381,17.960,3.980,3.952,11.565,15.984,1.535,12.671,-5.647,0.007,5.395,205.283,-9.666,25.063,34.73,10.717,310.877,-25.991,0.278,-9.752,25.052,34.805,10.682,304.68,-25.128,0.306,18.453,18.39,48.032,48.602,310.667,262.667,0.150,0.202,0.301,19.731,4.026,3.972,-0.042,-0.021,-0.081,1.771,0.020,0.047,3763.436,3142.569
24,1,24,-1.275,-1.212,-1.203,-0.258,0.197,0.235,0.406,16.833,3.738,3.739,11.655,16.05,1.529,12.674,-5.668,0.025,5.316,194.749,-9.621,25.044,34.665,10.579,299.514,-25.467,0.299,-9.715,25.036,34.751,10.548,293.065,-24.674,0.316,17.495,17.407,47.962,48.561,316,268,0.135,0.191,0.283,18.282,3.823,3.824,-0.061,-0.043,-0.123,1.449,0.086,0.086,3760.836,3062.851
25,1,25,-1.272,-1.217,-1.201,-0.249,0.202,0.238,0.418,17.101,3.840,3.920,11.842,16.089,1.516,12.728,-5.656,0.017,5.298,202.241,-9.548,25.018,34.565,10.572,312.613,-26.481,0.271,-9.596,25.045,34.641,10.526,307.533,-25.423,0.298,17.895,17.809,48.046,48.67,318.667,278.667,0.157,0.214,0.302,19.194,3.882,3.950,-0.045,-0.024,-0.116,2.093,0.029,0.042,3700.883,3120.843
