Header Section,,,,,,,,,,,,,,,,,,,,,,,,,,,,,,,,,,,,
Product,VC5345,,,,,,,,,,,,,,,,,,,,,,,,,,,,,,,,,,,
Test Plan,Rev(-),,,,,,,,,,,,,,,,,,,,,,,,,,,,,,,,,,,
Release Date,2016/9/23,,,,,,,,,,,,,,,,,,,,,,,,,,,,,,,,,,,
Comment,#60~90/A5E12.8.1;126- 150/A5E15.8.1,,,,,,,,,,,,,,,,,,,,,,,,,,,,,,,,,,,
,,,,,,,,,,,,,,,,,,,,,,,,,,,,,,,,,,,,
Data Section,,,,,,,,,,,,,,,,,,,,,,,,,,,,,,,,,,,,
Device#,1,2,3,4,5,6,7,8,9,10,11,12,13,14,15,16,17,18,19,20,21,22,23,24,25,26,27,28,29,30,31,32,33,34,35,36
Test Item,Site No,Device ID,Idle_H_Vbat,Idle_H_Vcc,Idle_H_Total,Pin_H_824,Pout_H_824,Gain_H_824,Icc_H_Vbat_824,Icc_H_Vcc_824,Icc_H_Total_824,PAE_H_Total_824,ACP_L_H_824,ACP_U_H_824,ALT_L_H_824,ALT_U_H_824,EVM_H_824,2fo_H_824,3fo_H_824,Pin_H_849,Pout_H_849,Gain_H_849,Icc_H_Vbat_849,Icc_H_Vcc_849,Icc_H_Total_849,PAE_H_Total_849,ACP_L_H_849,ACP_U_H_849,ALT_L_H_849,ALT_U_H_849,EVM_H_849,2fo_H_849,3fo_H_849,Leakage_Current,Test Time,Index Time
Low Tolerance,,,5,10,10,0.3,,,1,30,30,,1.5,1.5,1.5,1.5,0.5,1.5,1.5,0.3,,,1,30,30,,1.5,1.5,1.5,1.5,0.5,1.5,1.5,5,,
High Tolerance,,,5,10,10,0.3,,,1,30,30,,1.5,1.5,1.5,1.5,0.5,1.5,1.5,0.3,,,1,30,30,,1.5,1.5,1.5,1.5,0.5,1.5,1.5,5,,
Enable,,,1,1,1,1,0,0,0,1,1,,1,1,1,1,1,1,1,1,0,0,0,1,1,,1,1,1,1,1,1,1,1,,
61,1,61,2.456,71.863,74.32,-0.243,26.955,27.197,6.186,370.545,376.731,38.723,-40.338,-40.824,-51.459,-51.496,1.369,-12.999,-23.131,-0.052,26.959,27.012,6.61,390.022,396.632,36.82,-39.557,-39.978,-51.56,-51.562,1.692,-10.769,-22.086,0.747,398.522,1339545
62,1,62,2.412,69.488,71.899,-0.356,26.956,27.312,6.158,373.424,379.582,38.443,-39.881,-40.368,-51.134,-51.122,1.489,-11.933,-23.333,-0.206,26.96,27.166,6.548,393.381,399.928,36.521,-38.912,-39.37,-51.295,-51.323,1.795,-10.115,-21.964,0.744,440.741,14674.333
63,1,63,2.448,70.118,72.566,-0.392,26.96,27.353,6.223,377.119,383.342,38.103,-40.191,-40.769,-51.66,-51.672,1.418,-10.823,-22.869,-0.143,26.956,27.099,6.629,396.439,403.068,36.199,-39.65,-40.286,-51.789,-51.887,1.656,-9.247,-20.779,0.75,426.173,110040.667
64,1,64,2.543,73.441,75.983,-0.371,26.959,27.33,6.395,380.389,386.784,37.752,-40.095,-40.693,-51.944,-51.934,1.463,-11.103,-23.539,-0.072,26.959,27.031,6.702,399.547,406.248,35.941,-39.302,-39.929,-52.069,-52.173,1.728,-9.518,-21.243,0.757,415.239,16373
65,1,65,2.421,69.988,72.409,-0.35,26.955,27.305,6.13,371.272,377.403,38.656,-40.37,-40.789,-51.438,-51.373,1.379,-12.636,-23.329,-0.059,26.961,27.02,6.62,391.004,397.624,36.736,-39.497,-39.995,-51.386,-51.467,1.695,-10.522,-22.23,0.748,394.789,12630.333
66,1,66,2.383,66.232,68.615,-0.157,26.963,27.121,6.244,371.814,378.059,38.665,-40.191,-40.674,-51.53,-51.446,1.39,-11.99,-23.427,0.191,26.963,26.771,6.66,391.459,398.12,36.71,-39.026,-39.599,-51.627,-51.692,1.806,-10.216,-21.777,0.749,407.016,10441
67,1,67,2.502,72.704,75.206,-0.728,26.96,27.688,6.306,375.87,382.177,38.22,-40,-40.533,-51.969,-51.859,1.496,-11.522,-23.559,-0.434,26.961,27.395,6.724,395.001,401.725,36.365,-38.797,-39.381,-52.092,-52.179,1.819,-9.864,-21.181,0.743,390.876,13701.667
68,1,68,2.471,70.385,72.856,0.128,26.958,26.83,6.299,378.24,384.54,37.968,-39.705,-40.4,-51.623,-51.711,1.527,-11.325,-23.881,0.448,26.955,26.507,6.661,397.359,404.02,36.109,-38.798,-39.481,-52.072,-52.218,1.777,-9.944,-21.428,0.75,399.457,9244.667
69,1,69,2.469,69.768,72.237,-0.324,26.963,27.287,6.275,372.737,379.012,38.565,-40.242,-40.61,-51.599,-51.537,1.44,-12.488,-23.142,-0.068,26.969,27.037,6.617,392.2,398.817,36.698,-39.165,-39.604,-51.581,-51.654,1.784,-10.45,-22.001,0.745,407.51,16060
70,1,70,2.501,72.52,75.021,0.096,26.959,26.864,6.268,375.764,382.031,38.228,-40.258,-40.738,-51.198,-51.258,1.358,-11.75,-22.404,0.174,26.961,26.787,6.623,394.402,401.024,36.428,-40.226,-40.804,-51.307,-51.449,1.534,-9.748,-21.388,0.745,377.745,14757
71,1,71,2.567,74.14,76.707,-0.331,26.957,27.288,6.263,374.645,380.908,38.314,-40.314,-40.801,-51.779,-51.809,1.404,-12.553,-23.758,-0.07,26.957,27.027,6.598,393.289,399.886,36.501,-39.31,-39.82,-51.891,-52.013,1.741,-10.568,-22.141,0.745,412.858,11289
72,1,72,2.492,71.529,74.022,0.019,26.969,26.95,6.323,375.983,382.306,38.28,-40.205,-40.783,-51.681,-51.73,1.432,-11.855,-23.236,0.239,26.963,26.725,6.834,395.209,402.043,36.358,-39.604,-40.243,-51.815,-51.96,1.69,-10.009,-21.919,0.741,376.07,8490.333
73,1,73,2.406,69.129,71.534,-0.21,26.96,27.17,6.205,373.022,379.227,38.514,-39.76,-40.171,-50.868,-50.84,1.473,-11.856,-23.301,-0.022,26.96,26.982,6.534,392.516,399.05,36.602,-39.092,-39.616,-51.058,-51.156,1.771,-10.004,-22.339,0.744,375.969,8313.333
74,1,74,2.516,72.222,74.738,-0.771,26.961,27.733,6.224,376.199,382.423,38.203,-40.009,-40.518,-52.014,-51.852,1.479,-11.76,-24.013,-0.461,26.959,27.42,6.701,395.145,401.845,36.338,-38.837,-39.409,-52.096,-52.192,1.819,-10.104,-21.732,0.743,411.35,8155.333
75,1,75,2.446,69.52,71.965,-0.137,26.955,27.092,6.305,380.387,386.691,37.73,-40.013,-40.671,-51.841,-51.864,1.447,-11.29,-23.589,0.188,26.963,26.775,6.728,399.29,406.019,35.993,-39.044,-39.716,-52.177,-52.285,1.752,-9.835,-21.118,0.752,424.751,7284.333
76,1,76,2.6,76.011,78.612,-0.496,26.963,27.458,6.3,375.985,382.285,38.227,-40.257,-40.828,-52.031,-52.027,1.436,-12.076,-23.603,-0.215,26.955,27.17,6.765,394.648,401.413,36.344,-39.166,-39.719,-52.106,-52.227,1.786,-10.251,-21.873,0.743,401.949,8462.667
77,1,77,2.54,70.881,73.421,-0.644,26.956,27.6,6.45,379.03,385.48,37.856,-40.232,-40.569,-51.825,-51.729,1.445,-11.597,-23.306,-0.366,26.963,27.329,6.864,398.225,405.089,36.078,-39.035,-39.491,-51.957,-52.021,1.832,-9.909,-21.409,0.742,422.667,7333.333
78,1,78,2.478,71.896,74.374,-0.302,26.963,27.265,6.312,375.306,381.618,38.301,-40.172,-40.772,-51.665,-51.669,1.406,-11.838,-23.305,-0.057,26.959,27.016,6.647,394.217,400.865,36.423,-39.312,-39.965,-51.73,-51.91,1.69,-10.01,-21.864,0.746,405.474,10349.667
79,1,79,2.484,70.932,73.417,-0.27,26.962,27.231,6.229,374.494,380.723,38.379,-39.894,-40.418,-51.682,-51.66,1.503,-12.133,-24.139,-0.044,26.962,27.006,6.629,393.46,400.088,36.521,-38.903,-39.468,-51.936,-52.058,1.811,-10.416,-22.284,0.749,377.757,8705.333
80,1,80,2.487,70.584,73.071,-0.636,26.961,27.597,6.279,375.997,382.277,38.218,-40.041,-40.546,-51.811,-51.712,1.505,-11.547,-23.863,-0.258,26.96,27.218,6.617,395.459,402.076,36.327,-38.679,-39.218,-51.923,-52,1.833,-10.006,-21.583,0.74,399.449,8512.333
81,1,81,2.479,71.419,73.897,-0.381,26.957,27.338,6.222,373.559,379.781,38.435,-40.213,-40.725,-51.66,-51.641,1.451,-12.199,-23.283,-0.11,26.966,27.076,6.561,393.05,399.611,36.603,-39.351,-39.899,-51.676,-51.762,1.72,-10.182,-21.846,0.746,399.471,8119.333
82,1,82,2.514,71.925,74.439,0.034,26.961,26.927,6.327,378.532,384.858,37.961,-39.704,-40.372,-51.665,-51.774,1.548,-11.046,-23.429,0.303,26.958,26.655,6.724,396.879,403.603,36.172,-38.94,-39.599,-52.181,-52.303,1.785,-9.609,-21.133,0.751,408.05,10142
83,1,83,2.503,71.331,73.834,-0.374,26.964,27.338,6.259,375.243,381.502,38.323,-40.238,-40.703,-51.65,-51.614,1.436,-12.158,-23.32,-0.102,26.958,27.061,6.596,393.94,400.536,36.45,-39.195,-39.723,-51.691,-51.799,1.773,-10.237,-21.751,0.745,419.084,9260.333
84,1,84,2.53,72.981,75.511,-0.587,26.961,27.549,6.333,377.626,383.959,38.052,-40.026,-40.541,-52.029,-51.954,1.534,-11.899,-24.057,-0.226,26.955,27.181,6.74,397.085,403.825,36.126,-38.585,-39.133,-52.19,-52.287,1.873,-10.251,-21.586,0.749,437.106,8563
85,1,85,2.468,70.873,73.34,-0.155,26.959,27.114,6.257,376.075,382.332,38.191,-40.133,-40.635,-51.443,-51.449,1.428,-11.728,-22.839,0.011,26.959,26.947,6.588,394.047,400.634,36.445,-39.64,-40.227,-51.607,-51.753,1.661,-9.904,-21.514,0.747,390.636,13905.667
86,1,86,2.396,68.505,70.901,-0.216,26.959,27.175,6.123,373.587,379.71,38.458,-40.119,-40.599,-51.354,-51.409,1.42,-12.311,-23.217,0.077,26.954,26.877,6.58,391.857,398.437,36.604,-39.242,-39.773,-51.623,-51.718,1.738,-10.493,-21.945,0.744,378.603,8864.333
87,1,87,2.428,68.102,70.529,0.173,26.956,26.784,6.306,374.194,380.499,38.355,-40.481,-40.858,-51.623,-51.608,1.384,-12.232,-23.409,0.516,26.962,26.446,6.679,393.996,400.675,36.469,-39.264,-39.779,-51.776,-51.852,1.776,-10.449,-21.854,0.743,410.031,11530
88,1,88,2.516,71.811,74.327,-0.647,26.967,27.614,6.338,381.038,387.376,37.761,-40.147,-40.687,-51.868,-51.882,1.459,-11.109,-23.346,-0.398,26.963,27.36,6.689,399.961,406.65,35.939,-39.351,-39.946,-52.101,-52.236,1.729,-9.537,-21.128,0.744,391.047,8592.667
89,1,89,2.649,76.421,79.07,-0.219,26.962,27.181,6.436,375.294,381.731,38.28,-40.048,-40.559,-52.147,-52.139,1.481,-12.421,-24.371,0.152,26.968,26.816,6.88,395.241,402.12,36.393,-38.654,-39.144,-52.328,-52.459,1.865,-10.594,-22.412,0.752,432.56,8039
90,1,90,2.496,70.962,73.458,-0.524,26.957,27.481,6.296,372.927,379.223,38.484,-40.464,-40.791,-51.549,-51.436,1.35,-12.666,-23.348,-0.231,26.967,27.199,6.608,392.788,399.396,36.632,-39.359,-39.807,-51.471,-51.552,1.727,-10.581,-22.102,0.742,398.481,8698.667
126,1,126,2.43,74.518,76.948,-2.182,26.971,29.153,6.453,400.316,406.768,35.999,-41.586,-41.882,-55.676,-55.396,1.044,-9.913,-23.624,-2.167,26.985,29.152,6.773,418.21,424.983,34.571,-42.371,-41.699,-55.501,-55.226,1.037,-6.934,-17.963,0.725,378.757,653774.667
127,1,127,2.309,69.678,71.987,-2.055,26.97,29.025,6.315,396.038,402.352,36.383,-40.89,-40.995,-55.447,-55.025,1.089,-10.046,-23.952,-1.975,26.978,28.953,6.607,413.558,420.166,34.909,-41.802,-40.962,-54.71,-54.441,1.072,-7.095,-18.518,0.72,349.754,8264.667
128,1,128,2.294,68.43,70.724,-1.524,26.978,28.502,6.457,397.881,404.338,36.275,-40.414,-40.471,-55.221,-54.935,1.086,-10.206,-24.935,-1.503,26.975,28.478,6.747,414.248,420.995,34.812,-41.429,-40.581,-55.196,-54.997,1.071,-7.076,-18.883,0.746,345.53,8222
129,1,129,2.308,69.441,71.749,-1.854,26.987,28.841,6.4,396.652,403.052,36.462,-40.284,-40.3,-55.092,-54.786,1.072,-9.692,-23.972,-1.829,26.994,28.823,6.655,414.057,420.712,34.989,-41.097,-40.316,-54.734,-54.652,1.044,-6.739,-18.378,0.787,385.107,6908
130,1,130,2.313,70.449,72.762,-2.055,26.967,29.023,6.38,395.919,402.299,36.365,-41.207,-41.508,-55.355,-55.047,1.097,-10.272,-24.741,-2.033,26.986,29.019,6.693,413.622,420.315,34.961,-41.897,-41.385,-55.448,-55.185,1.065,-7.101,-18.627,0.73,382.84,8321
131,1,131,2.264,68.94,71.203,-2.401,26.969,29.37,6.338,395.178,401.516,36.448,-40.903,-41.164,-55.951,-55.561,1.062,-10.212,-23.896,-2.304,26.995,29.299,6.59,412.68,419.27,35.117,-41.642,-41.016,-55.393,-55.204,1.046,-7.117,-18.319,0.76,375.575,7642.333
132,1,132,2.401,72.933,75.334,-2.019,26.975,28.995,6.446,396.674,403.12,36.359,-41.51,-41.432,-55.325,-54.947,1.042,-10.003,-24.052,-2.002,26.979,28.981,6.784,413.503,420.287,34.902,-42.275,-41.234,-54.737,-54.385,1.092,-7.021,-18.533,0.8,370.845,10301.333
133,1,133,2.262,68.453,70.715,-2.388,26.963,29.352,6.397,395.01,401.407,36.413,-41.37,-41.659,-56.143,-55.732,1.076,-9.688,-23.367,-2.299,26.971,29.27,6.669,412.475,419.143,34.938,-42.188,-41.483,-55.434,-55.155,1.069,-6.735,-17.927,0.783,349.095,9110.333
134,1,134,2.365,72.739,75.104,-2.482,27.009,29.491,6.493,398.625,405.118,36.466,-41.981,-42.507,-55.986,-55.609,1.096,-9.677,-23.331,-2.406,26.984,29.391,6.778,415.264,422.041,34.802,-42.776,-42.281,-55.563,-55.349,1.058,-6.804,-18.085,0.744,383.895,8467.333
135,1,135,2.337,71.982,74.319,-2.184,26.979,29.163,6.425,399.194,405.619,36.168,-41.26,-41.511,-55.618,-55.25,1.092,-10.084,-24.838,-2.196,26.987,29.183,6.601,416.685,423.286,34.726,-41.951,-41.375,-55.587,-55.421,1.035,-7.008,-18.802,0.754,352.588,8850
136,1,136,2.416,74.557,76.973,-2.384,26.995,29.379,6.515,401.056,407.57,36.127,-42.299,-42.521,-56.165,-55.764,1.049,-9.957,-23.677,-2.361,26.975,29.336,6.78,417.782,424.563,34.519,-43.147,-42.32,-55.828,-55.603,1.017,-7.033,-18.209,0.784,363.45,7621.333
137,1,137,2.368,74.083,76.451,-2.636,26.961,29.597,6.419,400.589,407.008,35.898,-42.418,-42.59,-56.3,-55.904,1.056,-9.907,-23.073,-2.51,26.984,29.493,6.726,419.125,425.851,34.485,-42.889,-42.029,-55.58,-55.297,1.046,-6.965,-17.957,0.806,368.063,9423.667
138,1,138,2.447,74.047,76.493,-1.832,26.972,28.804,6.592,402.436,409.028,35.808,-41.441,-41.665,-55.476,-55.14,1.047,-10.165,-25.876,-1.879,26.993,28.872,6.867,420.482,427.349,34.435,-42.227,-41.572,-55.527,-55.389,1.025,-6.998,-19.326,0.748,347.171,8714.333
139,1,139,2.295,71.444,73.739,-2.393,26.967,29.36,6.368,396.062,402.43,36.351,-41.599,-41.96,-55.439,-55.292,1.062,-9.436,-23.246,-2.296,26.982,29.279,6.713,414.174,420.886,34.882,-42.386,-41.867,-55.537,-55.314,1.065,-6.565,-17.858,0.755,337.217,8373.333
140,1,140,2.395,73.59,75.985,-2.33,26.965,29.295,6.393,395.861,402.254,36.351,-41.883,-42.394,-56.14,-55.687,1.079,-10.567,-24.345,-2.257,26.983,29.24,6.664,413.472,420.137,34.947,-42.649,-42.206,-55.838,-55.497,1.042,-7.44,-18.647,0.763,362.248,8464.333
141,1,141,2.339,71.821,74.16,-1.946,26.975,28.921,6.344,398.712,405.056,36.179,-40.932,-40.764,-55.388,-55.009,1.068,-10.15,-24.77,-1.965,26.989,28.954,6.666,416.54,423.205,34.743,-41.826,-40.775,-55.162,-54.861,1.031,-7.093,-18.723,0.776,334.333,9118.333
142,1,142,2.353,70.32,72.673,-1.781,26.981,28.762,6.531,402.142,408.673,35.916,-40.857,-40.828,-55.57,-55.132,1.055,-10.289,-24.897,-1.802,26.99,28.792,6.745,419.432,426.177,34.512,-41.741,-40.811,-55.345,-55.053,1.032,-7.162,-18.744,0.756,369.525,9518.667
143,1,143,2.265,66.242,68.507,-1.689,26.976,28.666,6.429,395.392,401.82,36.486,-40.159,-40.014,-55.198,-54.784,1.086,-9.576,-24.178,-1.633,26.984,28.617,6.745,412.534,419.279,35.027,-41.204,-40.227,-54.651,-54.316,1.069,-6.643,-18.456,0.763,330.973,8728.667
144,1,144,2.266,67.361,69.627,-1.729,26.981,28.71,6.308,394.143,400.451,36.646,-40.617,-40.62,-55.22,-54.882,1.097,-9.961,-23.689,-1.652,26.987,28.639,6.607,411.114,417.721,35.187,-41.548,-40.643,-54.755,-54.474,1.081,-6.896,-18.101,0.797,375.925,8846
145,1,145,2.301,70.04,72.341,-1.792,26.979,28.771,6.38,399.121,405.501,36.176,-41.132,-41.107,-55.743,-55.483,1.042,-9.575,-23.818,-1.744,26.99,28.734,6.632,416.974,423.606,34.717,-42.114,-41.088,-55.455,-55.196,1.055,-6.637,-18.276,0.768,346.342,7478
146,1,146,2.42,75.263,77.684,-2.343,26.964,29.307,6.458,397.251,403.709,36.213,-42.248,-42.893,-56.125,-55.853,1.058,-10.274,-23.587,-2.187,26.979,29.166,6.788,415.403,422.19,34.75,-43.131,-42.683,-55.805,-55.534,1.041,-7.262,-18.327,0.751,371.332,7757.667
147,1,147,2.314,68.181,70.495,-2.082,26.974,29.056,6.447,390.653,397.1,36.895,-40.139,-40.214,-55.577,-55.099,1.066,-10.283,-23.944,-1.905,26.984,28.89,6.761,407.096,413.856,35.489,-41.055,-40.254,-54.781,-54.49,1.058,-7.15,-18.59,0.763,336.749,7921
148,1,148,2.306,69.079,71.384,-1.822,26.971,28.793,6.419,395.672,402.091,36.416,-40.864,-41.013,-55.534,-55.195,1.059,-10.183,-24.38,-1.764,26.976,28.74,6.655,412.377,419.032,34.985,-41.724,-40.95,-55.33,-54.998,1.059,-7.095,-18.71,0.724,370.215,7692.667
149,1,149,2.311,69.89,72.201,-2.368,26.995,29.363,6.374,395.992,402.366,36.595,-41.291,-41.658,-56.587,-56.065,1.071,-10.127,-23.741,-2.247,26.984,29.231,6.626,412.113,418.738,35.076,-42.212,-41.547,-55.946,-55.6,1.057,-7.144,-18.513,0.744,373.859,8519
150,1,150,2.357,69.69,72.048,-2.012,26.975,28.987,6.415,389.781,396.196,36.992,-40.816,-41.059,-55.765,-55.377,1.055,-10.17,-22.878,-1.812,26.982,28.794,6.667,405.384,412.051,35.622,-41.753,-40.945,-54.697,-54.38,1.087,-7.113,-17.977,0.763,333.579,8562.333
