Header Section,,,,,,,,,,,,,,,,,,,,,,,,,,,,,,,,,,,,
Product,VC5345E,,,,,,,,,,,,,,,,,,,,,,,,,,,,,,,,,,,
Test Plan,Rev(-),,,,,,,,,,,,,,,,,,,,,,,,,,,,,,,,,,,
Release Date,2015/03/17,,,,,,,,,,,,,,,,,,,,,,,,,,,,,,,,,,,
Comment,#1~30 for A5E2.8.1,,,,,,,,,,,,,,,,,,,,,,,,,,,,,,,,,,,
,,,,,,,,,,,,,,,,,,,,,,,,,,,,,,,,,,,,
Data Section,,,,,,,,,,,,,,,,,,,,,,,,,,,,,,,,,,,,
Device#,1,2,3,4,5,6,7,8,9,10,11,12,13,14,15,16,17,18,19,20,21,22,23,24,25,26,27,28,29,30,31,32,33,34,35,36
Test Item,Site No,Device ID,Idle_H_Vbat             ,Idle_H_Vcc              ,Idle_H_Total            ,Pin_H_815               ,Pout_H_815              ,Gain_H_815              ,Icc_H_Vbat_815          ,Icc_H_Vcc_815           ,Icc_H_Total_815         ,PAE_H_Total_815         ,ACP_L_H_815             ,ACP_U_H_815             ,ALT_L_H_815             ,ALT_U_H_815             ,EVM_H_815               ,2fo_H_815               ,3fo_H_815               ,Pin_H_849               ,Pout_H_849              ,Gain_H_849              ,Icc_H_Vbat_849          ,Icc_H_Vcc_849           ,Icc_H_Total_849         ,PAE_H_Total_849         ,ACP_L_H_849             ,ACP_U_H_849             ,ALT_L_H_849             ,ALT_U_H_849             ,EVM_H_849               ,2fo_H_849               ,3fo_H_849               ,Leakage_Current         ,Test Time,Index Time
Low Tolerance,,,5,10,10,0.3,,,1,30,30,,1.5,1.5,1.5,1.5,0.5,1.5,1.5,0.3,,,1,30,30,,1.5,1.5,1.5,1.5,0.5,1.5,1.5,5,,
High Tolerance,,,5,10,10,0.3,,,1,30,30,,1.5,1.5,1.5,1.5,0.5,1.5,1.5,0.3,,,1,30,30,,1.5,1.5,1.5,1.5,0.5,1.5,1.5,5,,
Enable,,,1,1,1,1,0,0,0,1,1,,1,1,1,1,1,1,1,1,0,0,0,1,1,,1,1,1,1,1,1,1,1,,
1,1,1,3.155,105.741,108.896,-0.728,27.454,28.183,7.679,456.805,464.485,35.952,-41.609,-42.625,-54.495,-54.613,1.338,-15.057,-28.428,-1.678,27.462,29.140,7.818,465.390,473.207,35.135,-46.232,-46.572,-56.522,-56.308,0.697,-10.153,-24.227,0.717,426.952,21482.667
2,1,2,3.128,109.847,112.975,-0.937,27.460,28.396,7.585,455.904,463.489,36.075,-41.768,-42.673,-54.788,-54.846,1.328,-15.337,-30.802,-1.909,27.465,29.374,7.669,464.125,471.793,35.267,-46.064,-46.210,-56.272,-56.062,0.724,-10.508,-24.267,0.718,461.625,11689.333
3,1,3,3.141,105.345,108.487,-0.759,27.464,28.223,7.629,458.249,465.879,35.923,-42.181,-43.177,-54.936,-54.946,1.256,-15.347,-29.055,-1.759,27.461,29.221,7.788,465.925,473.713,35.095,-46.604,-46.805,-56.623,-56.406,0.671,-10.430,-24.427,0.718,422.984,10361.333
4,1,4,3.102,106.442,109.544,-0.694,27.461,28.155,7.580,456.297,463.877,36.055,-42.287,-43.276,-54.534,-54.595,1.260,-15.392,-29.819,-1.675,27.465,29.140,7.738,463.532,471.270,35.305,-46.537,-46.568,-56.091,-55.889,0.684,-10.574,-24.446,0.718,426.930,11423.667
5,1,5,3.175,107.913,111.088,-0.667,27.459,28.126,7.577,457.827,465.405,35.919,-41.750,-42.724,-54.403,-54.531,1.342,-15.335,-30.012,-1.662,27.467,29.129,7.746,466.848,474.594,35.076,-46.460,-46.707,-56.331,-56.138,0.700,-10.555,-25.317,0.720,420.348,14516.000
6,1,6,3.044,101.072,104.115,-1.084,27.455,28.540,7.524,455.362,462.886,36.087,-42.399,-43.456,-54.915,-54.963,1.226,-14.630,-29.191,-2.085,27.464,29.549,7.761,464.459,472.220,35.230,-46.655,-46.911,-56.615,-56.355,0.662,-9.776,-23.877,0.711,407.223,10170.333
7,1,7,3.107,103.714,106.821,-0.784,27.459,28.243,7.559,454.833,462.392,36.156,-42.374,-43.341,-54.930,-54.948,1.265,-15.730,-29.415,-1.767,27.459,29.226,7.691,461.610,469.300,35.408,-46.225,-46.271,-56.293,-56.067,0.729,-10.948,-24.013,0.721,416.385,10080.333
8,1,8,3.146,102.117,105.263,-0.377,27.458,27.835,7.684,456.199,463.883,36.029,-42.079,-43.110,-54.215,-54.252,1.260,-15.331,-28.567,-1.370,27.470,28.840,7.894,463.981,471.876,35.307,-46.361,-46.418,-55.788,-55.583,0.703,-10.481,-24.892,0.718,402.190,10379.667
9,1,9,3.011,99.063,102.073,-0.603,27.455,28.058,7.612,456.200,463.812,36.010,-40.905,-41.975,-54.152,-54.273,1.494,-14.846,-28.479,-1.601,27.464,29.065,7.784,464.729,472.513,35.205,-45.629,-45.955,-56.110,-55.929,0.751,-10.059,-24.208,0.711,403.198,10333.000
10,1,10,3.068,101.555,104.623,-1.019,27.456,28.476,7.642,455.261,462.903,36.091,-42.113,-43.147,-54.831,-54.869,1.279,-14.991,-29.058,-2.070,27.454,29.524,7.692,463.294,470.985,35.241,-46.631,-46.865,-56.532,-56.324,0.690,-10.130,-24.115,0.711,408.563,11207.667
11,1,11,3.080,103.266,106.346,-0.770,27.458,28.228,7.591,453.512,461.103,36.251,-42.376,-43.429,-54.432,-54.518,1.241,-15.233,-29.758,-1.757,27.462,29.220,7.664,462.246,469.910,35.392,-46.755,-46.805,-56.074,-55.893,0.660,-10.339,-24.572,0.716,407.642,10835.667
12,1,12,3.061,103.299,106.360,-0.882,27.457,28.338,7.493,452.583,460.075,36.324,-41.461,-42.466,-54.342,-54.484,1.377,-15.001,-29.498,-1.835,27.463,29.298,7.664,462.061,469.725,35.412,-46.106,-46.480,-56.305,-56.083,0.743,-10.099,-24.293,0.716,385.359,12232.667
13,1,13,3.202,107.558,110.760,-0.755,27.456,28.211,7.689,456.297,463.985,36.001,-41.115,-42.001,-54.733,-54.925,1.458,-15.042,-29.401,-1.776,27.465,29.241,7.856,464.804,472.659,35.208,-45.911,-46.248,-56.679,-56.525,0.768,-10.082,-24.402,0.722,423.239,11670.667
14,1,14,3.084,104.241,107.325,-1.108,27.454,28.562,7.467,452.821,460.287,36.281,-42.085,-43.059,-54.541,-54.616,1.292,-15.507,-29.610,-2.126,27.463,29.589,7.634,461.038,468.671,35.489,-46.270,-46.437,-56.178,-55.981,0.732,-10.641,-24.054,0.710,389.786,11622.667
15,1,15,3.233,107.767,111.000,-0.785,27.458,28.244,7.726,455.710,463.436,36.069,-41.711,-42.600,-54.638,-54.790,1.344,-14.431,-28.692,-1.794,27.462,29.256,7.809,464.377,472.185,35.212,-46.263,-46.484,-56.397,-56.270,0.703,-9.463,-23.296,0.707,410.561,9038.333
16,1,16,3.127,106.169,109.295,-1.045,27.456,28.502,7.508,452.732,460.240,36.308,-42.184,-43.099,-54.728,-54.859,1.292,-15.371,-30.628,-1.991,27.468,29.459,7.690,461.686,469.375,35.477,-46.395,-46.590,-56.340,-56.132,0.714,-10.505,-24.198,0.714,412.652,10708.333
17,1,17,3.125,105.472,108.598,-1.266,27.459,28.725,7.487,452.157,459.644,36.381,-41.976,-42.893,-55.031,-55.073,1.310,-14.844,-29.797,-2.255,27.461,29.716,7.662,460.449,468.111,35.519,-46.076,-46.388,-56.540,-56.365,0.725,-10.014,-23.300,0.713,427.107,10846.667
18,1,18,3.063,102.163,105.226,-0.660,27.460,28.120,7.656,456.449,464.105,36.033,-42.503,-43.547,-54.494,-54.552,1.216,-15.229,-28.795,-1.684,27.465,29.148,7.657,464.019,471.675,35.276,-46.721,-46.742,-56.073,-55.857,0.685,-10.333,-24.516,0.705,387.655,9386.000
19,1,19,3.052,103.635,106.688,-0.863,27.461,28.324,7.535,454.126,461.661,36.235,-42.343,-43.381,-54.811,-54.877,1.230,-15.543,-30.061,-1.835,27.468,29.303,7.709,462.067,469.776,35.447,-46.422,-46.576,-56.387,-56.117,0.683,-10.709,-24.244,0.717,396.960,10885.333
20,1,20,3.187,109.972,113.159,-1.196,27.453,28.649,7.604,455.390,462.995,36.062,-42.246,-43.127,-54.909,-54.961,1.260,-14.782,-29.827,-2.221,27.459,29.680,7.805,464.634,472.439,35.171,-46.685,-46.819,-56.564,-56.314,0.690,-9.886,-23.813,0.712,399.244,9024.333
21,1,21,3.010,99.900,102.909,-0.911,27.461,28.372,7.531,454.707,462.238,36.186,-42.405,-43.457,-54.746,-54.764,1.220,-15.009,-28.370,-1.867,27.461,29.328,7.758,462.636,470.394,35.343,-46.560,-46.632,-56.309,-56.152,0.705,-10.061,-23.701,0.715,385.065,9351.667
22,1,22,3.094,104.733,107.827,-0.988,27.458,28.446,7.590,455.854,463.443,36.067,-41.644,-42.619,-54.802,-54.906,1.358,-15.340,-29.056,-1.970,27.469,29.439,7.722,464.523,472.245,35.265,-46.118,-46.402,-56.618,-56.400,0.751,-10.471,-24.189,0.718,405.165,8771.667
23,1,23,3.106,106.377,109.482,-0.710,27.459,28.169,7.604,456.041,463.646,36.056,-42.186,-43.148,-54.888,-54.931,1.263,-15.354,-29.184,-1.720,27.465,29.184,7.694,463.199,470.893,35.337,-46.227,-46.279,-56.290,-56.066,0.748,-10.435,-24.025,0.719,419.289,9592.000
24,1,24,3.088,102.120,105.209,-0.585,27.456,28.041,7.605,453.866,461.471,36.203,-41.829,-42.820,-54.505,-54.564,1.304,-15.484,-29.275,-1.612,27.470,29.082,7.725,462.347,470.072,35.442,-46.167,-46.268,-56.223,-55.968,0.726,-10.648,-24.951,0.712,402.630,9233.667
25,1,25,3.085,104.009,107.093,-0.544,27.460,28.004,7.612,457.391,465.002,35.955,-42.427,-43.477,-54.540,-54.615,1.240,-15.336,-28.480,-1.530,27.475,29.005,7.799,466.179,473.977,35.184,-46.658,-46.642,-56.121,-55.897,0.680,-10.408,-24.649,0.706,398.142,10229.333
26,1,26,3.094,103.840,106.934,-1.023,27.460,28.484,7.606,454.635,462.241,36.178,-41.522,-42.479,-54.662,-54.748,1.353,-14.911,-29.175,-1.981,27.458,29.439,7.799,463.094,470.892,35.285,-46.064,-46.397,-56.482,-56.291,0.735,-10.013,-23.876,0.715,394.002,9397.000
27,1,27,3.083,103.302,106.385,-0.576,27.459,28.036,7.610,457.472,465.082,35.948,-42.520,-43.561,-54.743,-54.847,1.257,-14.819,-28.645,-1.579,27.468,29.047,7.736,465.768,473.504,35.165,-46.845,-46.938,-56.383,-56.184,0.663,-9.922,-23.951,0.718,390.920,9353.000
28,1,28,3.113,100.132,103.246,-0.693,27.458,28.151,7.684,452.282,459.966,36.339,-42.627,-43.603,-54.702,-54.716,1.220,-14.625,-29.066,-1.638,27.469,29.106,7.779,460.300,468.079,35.584,-46.599,-46.597,-56.076,-55.889,0.714,-9.705,-23.791,0.719,404.846,9285.000
29,1,29,3.101,105.505,108.606,-1.067,27.452,28.520,7.527,454.623,462.151,36.120,-42.871,-43.865,-54.966,-55.001,1.179,-15.087,-31.088,-2.000,27.455,29.455,7.767,463.678,471.445,35.215,-46.754,-46.837,-56.388,-56.094,0.682,-10.188,-23.959,0.721,411.545,9863.667
30,1,30,3.044,102.229,105.273,-0.993,27.459,28.452,7.490,452.596,460.087,36.337,-42.220,-43.283,-54.598,-54.673,1.274,-15.329,-29.569,-1.931,27.471,29.402,7.604,461.518,469.122,35.521,-46.333,-46.555,-56.242,-56.078,0.703,-10.452,-23.907,0.714,399.959,8915.333
