Header Section,,,,,,,,,,,,,,,,,,,,,,,,,,,,,,,,,,,,,
Product,VC5341,,,,,,,,,,,,,,,,,,,,,,,,,,,,,,,,,,,,
Test Plan,Rev(-),,,,,,,,,,,,,,,,,,,,,,,,,,,,,,,,,,,,
Release Date,11/3/2012,,,,,,,,,,,,,,,,,,,,,,,,,,,,,,,,,,,,
Comment,"4200~4219 for VC5342-21A3E4.20.1,2014/7/25,4220~4239 for vc5341test as vc5342",,,,,,,,,,,,,,,,,,,,,,,,,,,,,,,,,,,,
,,,,,,,,,,,,,,,,,,,,,,,,,,,,,,,,,,,,,
Data Section,,,,,,,,,,,,,,,,,,,,,,,,,,,,,,,,,,,,,
Device#,1,2,3,4,5,6,7,8,9,10,11,12,13,14,15,16,17,18,19,20,21,22,23,24,25,26,27,28,29,30,31,32,33,34,35,36,37
Test Item,Site No,Device ID,Idle_H_Vbat_1920,Idle_H_Vcc_1920,Idle_H_Total_1920,Pin_H_1920,Pout_H_1920,Gain_H_1920,Icc_H_Vcc_1920,Icc_H_Vbat_1920,Icc_H_Total_1920,PAE_H_Total_1920,ACP_L_H_1920,ACP_U_H_1920,ALT_L_H_1920,ALT_U_H_1920,EVM_H_1920,2fo_H_1920,3fo_H_1920,Idle_H_Vbat_1980,Idle_H_Vcc_1980,Idle_H_Total_1980,Pin_H_1980,Pout_H_1980,Gain_H_1980,Icc_H_Vcc_1980,Icc_H_Vbat_1980,Icc_H_Total_1980,PAE_H_Total_1980,ACP_L_H_1980,ACP_U_H_1980,ALT_L_H_1980,ALT_U_H_1980,EVM_H_1980,2fo_H_1980,3fo_H_1980,Leakage_Current
Low Tolerance,,,5,10,10,0.2,,,1,30,30,,1.5,1.5,1.5,1.5,0.5,2,2,5,10,10,0.2,,,1,30,30,,1.5,1.5,1.5,1.5,0.5,2,2,5
High Tolerance,,,5,10,10,0.2,,,1,30,30,,1.5,1.5,1.5,1.5,0.5,2,2,5,10,10,0.2,,,1,30,30,,1.5,1.5,1.5,1.5,0.5,2,2,5
Enable,,,1,1,1,1,0,0,0,1,1,,1,1,1,1,1,1,1,1,1,1,1,0,0,0,1,1,,1,1,1,1,1,1,1,1
4200,1,4200,2.724,69.911,72.636,1.059,27.414,26.356,410.731,6.748,417.479,38.278,-40.689,-41.2,-53.321,-53.256,1.472,-14.173,-33.337,2.598,72.903,75.501,0.653,27.442,26.789,411.396,6.854,418.25,38.454,-42.605,-42.3,-53.138,-52.853,1.305,-19.337,-29.568,1.772
4201,1,4201,2.67,68.694,71.364,1.8,27.425,25.625,410.317,6.726,417.043,38.413,-40.141,-40.758,-52.634,-52.734,1.495,-12.391,-35.471,2.546,71.782,74.328,0.861,27.449,26.589,407.592,6.815,414.407,38.877,-42.504,-42.624,-52.868,-52.785,1.312,-18.628,-32.265,2.105
4202,1,4202,2.624,68.759,71.383,1.373,27.456,26.082,405.192,6.625,411.817,39.179,-39.527,-40.167,-52.266,-52.088,1.732,-14.76,-33.417,2.548,71.675,74.223,0.799,27.472,26.673,403.519,6.721,410.24,39.473,-41.757,-41.983,-52.183,-52.006,1.517,-19.703,-29.928,1.596
4203,1,4203,2.743,71.454,74.197,1.607,27.443,25.836,404.595,6.636,411.231,39.119,-40.037,-40.746,-52.598,-52.51,1.625,-13.925,-34.433,2.672,74.466,77.138,0.827,27.468,26.641,402.936,6.741,409.676,39.496,-42.24,-42.482,-52.793,-52.66,1.455,-19.903,-31.126,1.992
4204,1,4204,2.613,64.938,67.551,2.017,27.434,25.417,407.856,6.662,414.518,38.731,-38.717,-39.393,-51.583,-51.685,1.758,-13.385,-34.49,2.458,68.09,70.547,1.107,27.462,26.354,404.188,6.722,410.91,39.317,-41.317,-41.951,-51.863,-51.793,1.496,-19.214,-31.093,2.344
4205,1,4205,2.741,70.428,73.169,0.945,27.446,26.501,411.744,6.783,418.527,38.467,-40.209,-40.902,-53.078,-52.875,1.591,-13.443,-33.54,2.638,73.77,76.408,0.532,27.467,26.936,409.406,6.866,416.272,38.862,-42.587,-42.593,-53.192,-52.823,1.396,-19.501,-30.062,1.591
4206,1,4206,2.738,69.096,71.834,1.33,27.43,26.101,410.12,6.845,416.964,38.468,-40.037,-40.6,-52.706,-52.778,1.535,-13.741,-33.829,2.627,72.412,75.039,0.722,27.449,26.727,408.13,6.928,415.058,38.814,-42.51,-42.572,-52.98,-52.787,1.314,-19.343,-30.171,2.145
4207,1,4207,2.723,70.178,72.901,0.759,27.477,26.719,407.367,6.687,414.054,39.163,-40.472,-41.153,-53.113,-52.845,1.603,-13.868,-33.44,2.569,73.395,75.965,0.428,27.48,27.053,404.957,6.778,411.735,39.41,-42.583,-42.326,-53.191,-52.793,1.426,-19.616,-29.992,1.023
4208,1,4208,2.778,70.913,73.691,1.777,27.439,25.662,404.887,6.731,411.618,39.051,-39.492,-40.167,-52.119,-52.113,1.683,-14.304,-33.888,2.644,74.006,76.649,0.926,27.473,26.548,404.062,6.846,410.907,39.424,-41.851,-42.291,-52.314,-52.274,1.478,-19.679,-30.495,2.749
4209,1,4209,2.749,69.959,72.709,1.045,27.427,26.382,407.918,6.68,414.597,38.66,-40.281,-40.903,-52.932,-52.899,1.536,-15.221,-33.033,2.593,73.141,75.734,0.616,27.455,26.839,408.518,6.863,415.382,38.833,-42.338,-42.248,-52.732,-52.495,1.374,-19.262,-29.487,2.703
4210,1,4210,2.671,69.03,71.701,1.505,27.442,25.937,410.635,6.75,417.384,38.535,-39.489,-40.183,-52.426,-52.303,1.692,-14.393,-33.919,2.582,72.277,74.859,0.879,27.462,26.583,408.779,6.823,415.601,38.875,-41.848,-42.232,-52.394,-52.225,1.494,-19.732,-30.364,1.256
4211,1,4211,2.677,66.583,69.26,1.667,27.43,25.764,408.644,6.69,415.335,38.619,-39.404,-40.026,-52.131,-52.105,1.654,-13.693,-33.783,2.507,69.821,72.328,0.983,27.452,26.468,406.385,6.794,413.179,39.012,-41.877,-42.148,-52.252,-52.087,1.42,-19.321,-30.339,1.959
4212,1,4212,2.708,68.644,71.352,1.432,27.467,26.036,403.97,6.743,410.713,39.387,-39.218,-39.803,-51.392,-51.333,1.807,-14.008,-33.737,2.591,71.54,74.131,0.941,27.476,26.534,400.396,6.804,407.2,39.805,-41.255,-41.524,-51.565,-51.43,1.607,-19.786,-30.306,1.717
4213,1,4213,2.697,68.433,71.13,1.6,27.436,25.836,408.689,6.724,415.412,38.666,-40.086,-40.681,-52.532,-52.555,1.545,-13.134,-34.488,2.549,71.645,74.194,0.801,27.457,26.655,406.761,6.837,413.598,39.018,-42.338,-42.425,-52.671,-52.556,1.339,-19.042,-30.892,2.623
4214,1,4214,2.764,73.97,76.734,1.588,27.438,25.851,408.6,6.732,415.332,38.689,-40.65,-41.353,-52.983,-53,1.494,-12.91,-35.283,2.644,76.871,79.514,0.755,27.47,26.714,406.384,6.841,413.225,39.171,-42.774,-42.861,-53.288,-53.15,1.369,-19.108,-32.1,2.062
4215,1,4215,2.695,68.547,71.242,2.012,27.43,25.419,411.947,6.731,418.678,38.312,-39.7,-40.344,-52.323,-52.491,1.561,-13.299,-35.131,2.572,71.522,74.094,1.09,27.456,26.366,409.561,6.835,416.396,38.749,-42.154,-42.436,-52.503,-52.435,1.357,-19.173,-31.587,1.833
4216,1,4216,2.792,72.307,75.098,1.014,27.425,26.412,411.206,6.828,418.034,38.325,-40.519,-41.134,-53.117,-53.076,1.506,-13.835,-33.731,2.677,75.314,77.99,0.607,27.459,26.853,410.958,6.921,417.879,38.643,-42.674,-42.505,-53.143,-52.828,1.335,-19.653,-29.945,2.149
4217,1,4217,2.816,71.261,74.076,1.889,27.43,25.541,404.581,6.753,411.334,38.99,-40.389,-41.033,-52.513,-52.702,1.521,-13.919,-33.561,2.647,74.34,76.987,0.992,27.454,26.462,404.033,6.862,410.895,39.248,-42.52,-42.554,-52.766,-52.783,1.385,-19.702,-30.226,1.455
4218,1,4218,2.688,68.827,71.515,1.809,27.432,25.623,404.156,6.654,410.81,39.062,-39.77,-40.464,-52.309,-52.372,1.628,-13.176,-34.278,2.606,72.004,74.611,0.963,27.464,26.501,401.487,6.715,408.202,39.605,-42.112,-42.414,-52.507,-52.461,1.433,-19.242,-31.019,1.626
4219,1,4219,2.719,70.136,72.854,1.035,27.459,26.424,403.449,6.632,410.081,39.378,-40.439,-41.075,-52.852,-52.737,1.596,-14.595,-32.806,2.608,73.242,75.85,0.61,27.471,26.861,403.598,6.744,410.342,39.456,-42.399,-42.194,-52.865,-52.618,1.427,-19.956,-29.451,1.566
4220,1,4220,3.178,67.255,70.434,2.495,27.49,24.996,6.182,408.118,414.3,39.257,-40.138,-39.695,-52.07,-52.203,1.671,-8.566,-45.708,1.737,27.475,25.739,6.205,398.49,404.694,40.048,-39.332,-38.273,-52.64,-52.547,1.889,-12.532,-44.318,2.557,,,
4221,1,4221,3.208,67.979,71.187,2.554,27.483,24.93,6.19,406.707,412.897,39.326,-40.002,-39.527,-52.109,-52.177,1.716,-7.606,-46.026,1.835,27.482,25.647,6.198,396.384,402.583,40.323,-39.218,-38.083,-52.442,-52.347,1.944,-10.87,-45.262,2.556,,,
4222,1,4222,3.315,71.291,74.606,2.352,27.495,25.142,6.318,405.223,411.541,39.559,-40.123,-39.561,-52.447,-52.544,1.701,-7.999,-44.073,1.557,27.48,25.923,6.29,394.816,401.106,40.451,-39.873,-38.674,-53.086,-52.99,1.836,-11.515,-45.219,2.582,,,
4223,1,4223,3.224,67.446,70.67,2.898,27.542,24.644,6.221,402.952,409.172,40.224,-38.794,-38.438,-51.685,-51.875,2.042,-8.477,-41.813,1.931,27.49,25.559,6.167,389.114,395.28,41.144,-37.864,-36.661,-52.357,-52.206,2.23,-12.06,-43.685,2.573,,,
4224,1,4224,3.323,71.919,75.242,2.514,27.477,24.963,6.244,407.341,413.585,39.207,-40.235,-39.869,-52.175,-52.347,1.625,-8.164,-45.547,1.799,27.478,25.679,6.276,397.3,403.576,40.181,-38.97,-37.866,-52.407,-52.288,1.977,-11.75,-44.442,2.337,,,
4225,1,4225,3.16,65.854,69.014,1.912,27.535,25.623,6.12,402.591,408.711,40.201,-40.17,-39.492,-52.487,-52.433,1.709,-7.593,-41.376,1.394,27.482,26.088,6.086,391.398,397.484,40.839,-40.165,-38.747,-52.81,-52.784,1.804,-11.108,-41.101,2.581,,,
4226,1,4226,3.323,71.328,74.651,2.424,27.497,25.074,6.243,406.077,412.32,39.509,-40.002,-39.373,-52.521,-52.599,1.749,-7.772,-42.378,1.616,27.476,25.86,6.249,395.564,401.813,40.345,-39.872,-38.633,-53.068,-52.957,1.844,-11.186,-43.925,2.531,,,
4227,1,4227,3.196,66.863,70.059,2.989,27.518,24.53,6.108,401.746,407.853,40.133,-38.308,-38.103,-51.249,-51.455,2.162,-8.533,-43.406,2.012,27.522,25.51,6.078,389.028,395.106,41.468,-36.086,-34.621,-51.375,-51.302,2.722,-11.962,-42.511,2.641,,,
4228,1,4228,3.267,70.391,73.658,2.332,27.51,25.178,6.185,404.606,410.791,39.775,-39.26,-38.85,-52.023,-52.074,1.914,-8.309,-43.17,1.578,27.511,25.934,6.125,393.328,399.453,40.913,-38.043,-36.726,-52.144,-52.106,2.239,-11.866,-43.421,2.49,,,
4229,1,4229,3.111,64.06,67.171,2.269,27.491,25.221,6.192,406.981,413.173,39.366,-40.862,-40.194,-52.141,-52.228,1.499,-8.33,-43.494,1.96,27.464,25.504,6.244,399.665,405.909,39.824,-40.385,-39.221,-52.677,-52.502,1.63,-12.301,-41.484,2.49,,,
4230,1,4230,3.185,67.89,71.076,2.278,27.505,25.227,6.159,403.998,410.157,39.787,-39.818,-39.289,-52.066,-52.15,1.788,-7.511,-43.133,1.652,27.485,25.833,6.147,393.454,399.601,40.651,-39.64,-38.502,-52.786,-52.661,1.845,-10.879,-46.444,2.407,,,
4231,1,4231,3.204,66.881,70.085,2.055,27.507,25.452,6.221,408.412,414.633,39.37,-40.834,-40.221,-52.312,-52.314,1.521,-7.498,-43.837,1.567,27.468,25.901,6.218,398.661,404.879,39.961,-40.15,-38.894,-52.57,-52.502,1.751,-10.962,-41.707,2.534,,,
4232,1,4232,3.312,71.534,74.846,2.783,27.541,24.758,6.314,416.036,422.35,38.959,-40.382,-39.909,-52.3,-52.468,1.627,-6.995,-45.513,1.831,27.468,25.637,6.331,402.656,408.987,39.564,-39.912,-38.717,-53.183,-53.033,1.791,-10.124,-48.037,2.483,,,
4233,1,4233,3.302,70.653,73.955,1.927,27.531,25.604,6.269,408.42,414.688,39.589,-40.4,-39.618,-52.619,-52.543,1.662,-8.171,-42.973,1.395,27.482,26.087,6.235,397.887,404.122,40.163,-40.575,-39.126,-52.99,-52.938,1.725,-12.005,-42.051,2.52,,,
4234,1,4234,3.247,70.758,74.005,2.691,27.513,24.822,6.283,415.23,421.513,38.788,-40.768,-40.319,-52.299,-52.521,1.522,-8.405,-47.978,1.951,27.467,25.517,6.304,405.134,411.438,39.32,-39.793,-38.81,-52.965,-52.847,1.778,-12.326,-44.121,2.43,,,
4235,1,4235,3.133,64.952,68.084,2.588,27.476,24.888,6.155,406.554,412.71,39.279,-40.137,-39.766,-51.818,-51.926,1.66,-7.708,-45.699,1.888,27.475,25.587,6.142,396.589,402.731,40.246,-38.807,-37.717,-52.057,-52.021,2.003,-11.077,-43.759,2.406,,,
4236,1,4236,3.285,70.572,73.857,2.767,27.504,24.736,6.368,413.372,419.739,38.867,-39.922,-39.528,-52.04,-52.206,1.735,-6.983,-45.027,1.852,27.477,25.625,6.332,400.82,407.152,39.826,-39.281,-38.091,-53.005,-52.795,1.925,-9.91,-50.551,2.536,,,
4237,1,4237,3.298,69.02,72.318,2.748,27.479,24.731,6.199,401.503,407.701,39.784,-39.279,-38.956,-51.826,-52.041,1.91,-8.399,-45.622,1.943,27.494,25.551,6.187,391.095,397.282,40.966,-37.805,-36.55,-52.183,-52.107,2.269,-11.891,-44.35,2.511,,,
4238,1,4238,3.334,71.276,74.61,2.467,27.496,25.028,6.274,405.151,411.424,39.579,-39.766,-39.123,-52.514,-52.611,1.817,-7.986,-43.198,1.57,27.485,25.915,6.217,394.282,400.5,40.562,-39.709,-38.382,-53.439,-53.347,1.891,-11.465,-46.004,2.426,,,
4239,1,4239,3.213,66.303,69.516,2.967,27.525,24.558,6.088,401.87,407.958,40.181,-38.909,-38.56,-51.461,-51.619,2.013,-7.928,-42.646,1.91,27.484,25.575,6.057,388.093,394.149,41.207,-37.934,-36.744,-52.138,-51.957,2.217,-11.271,-45.314,2.463,,,
