Header Section,,,,,,,,,,,,,,,,,,,,,,,,,,,,,,,,,,,,
Product,VC5348,,,,,,,,,,,,,,,,,,,,,,,,,,,,,,,,,,,
Test Plan,Rev(-),,,,,,,,,,,,,,,,,,,,,,,,,,,,,,,,,,,
Release Date,2015/07/28,,,,,,,,,,,,,,,,,,,,,,,,,,,,,,,,,,,
Comment,"update # 51-80 for A5_02??#81-110 for A5E14.8.1_cu??#111~140 for A15.9.1,#141~170 for A5E18.8.1,#171~195 for A5E6.8.1,#196-220 /A5E24.8.1;#221-250/A5E31.9.1",,,,,,,,,,,,,,,,,,,,,,,,,,,,,,,,,,,
,,,,,,,,,,,,,,,,,,,,,,,,,,,,,,,,,,,,
Data Section,,,,,,,,,,,,,,,,,,,,,,,,,,,,,,,,,,,,
Device#,1,2,3,4,5,6,7,8,9,10,11,12,13,14,15,16,17,18,19,20,21,22,23,24,25,26,27,28,29,30,31,32,33,34,35,36
Test Item,Site No,Device ID,Idle_H_Vbat_880,Idle_H_Vcc_880,Idle_H_Total_880,Pin_H_880,Pout_H_880,Gain_H_880,Icc_H_Vbat_880,Icc_H_Vcc_880,Icc_H_Total_880,PAE_H_Total_880,ACP_L_H_880,ACP_U_H_880,ALT_L_H_880,ALT_U_H_880,EVM_H_880,2fo_H_880,3fo_H_880,Pin_H_915,Pout_H_915,Gain_H_915,Icc_H_Vbat_915,Icc_H_Vcc_915,Icc_H_Total_915,PAE_H_Total_915,ACP_L_H_915,ACP_U_H_915,ALT_L_H_915,ALT_U_H_915,EVM_H_915,2fo_H_915,3fo_H_915,Leakage_Current,Test Time,Index Time
Low Tolerance,,,5,10,10,0.2,,,1,30,30,,1.5,1.5,1.5,1.5,0.5,1.5,1.5,0.2,,,1,30,30,,1.5,1.5,1.5,1.5,0.5,1.5,1.5,5,,
High Tolerance,,,5,10,10,0.2,,,1,30,30,,1.5,1.5,1.5,1.5,0.5,1.5,1.5,0.2,,,1,30,30,,1.5,1.5,1.5,1.5,0.5,1.5,1.5,5,,
Enable,,,1,1,1,1,0,0,0,1,1,,1,1,1,1,1,1,1,1,0,0,0,1,1,,1,1,1,1,1,1,1,1,,
1,1,1,2.386,70.052,72.438,0.545,26.984,26.367,5.861,357.355,363.216,40.442,-39.772,-39.942,-53.88,-53.549,1.154,-12.721,-26.983,0.353,26.969,26.926,5.959,358.98,364.938,40.102,-40.737,-39.718,-53.04,-52.698,1.328,-12.855,-29.866,0.398,0,0
2,1,2,2.399,71.144,73.544,0.391,26.981,26.519,5.895,358.344,364.238,40.298,-40.216,-40.295,-54.595,-54.226,1.084,-12.717,-26.817,0.189,26.971,27.092,6.004,360.873,366.877,39.92,-40.774,-39.591,-53.319,-52.905,1.339,-12.894,-29.361,0.388,0,0
3,1,3,2.42,71.606,74.027,0.439,26.975,26.465,5.965,356.605,362.569,40.423,-39.823,-39.927,-53.877,-53.491,1.189,-12.724,-26.511,0.211,26.981,27.08,5.97,359.259,365.229,40.186,-40.554,-39.485,-52.996,-52.578,1.337,-12.827,-29.333,0.397,0,0
4,1,4,2.354,68.852,71.206,0.199,26.99,26.719,5.955,354.357,360.311,40.815,-39.88,-39.697,-53.972,-53.52,1.173,-12.714,-27.284,0.022,26.975,27.263,6.029,357,363.029,40.365,-39.84,-38.734,-52.905,-52.453,1.555,-12.942,-30.151,0.394,0,0
5,1,5,2.449,71.545,73.994,-0.159,26.979,27.066,5.904,351.459,357.362,41.044,-40.327,-40.44,-54.632,-54.194,1.144,-12.714,-27.165,-0.358,26.978,27.646,5.978,354.793,360.771,40.642,-40.739,-39.66,-53.53,-53.053,1.331,-12.936,-29.726,0.39,0,0
6,1,6,2.464,73.305,75.768,0.136,26.991,26.783,5.956,356.392,362.347,40.603,-40.373,-40.58,-54.691,-54.298,1.088,-12.726,-26.998,-0.142,26.972,27.424,6.041,357.65,363.69,40.268,-41.366,-40.21,-53.839,-53.39,1.177,-12.805,-29.722,0.399,0,0
7,1,7,2.535,75.149,77.685,-0.437,26.976,27.341,5.971,353.194,359.165,40.814,-39.988,-39.629,-54.156,-53.661,1.298,-12.707,-28.05,-0.513,26.97,27.793,6.163,356.822,362.985,40.325,-38.64,-37.682,-53.068,-52.589,1.867,-13.156,-31.293,0.398,0,0
8,1,8,2.435,71.797,74.233,-0.346,26.978,27.252,5.839,351.281,357.12,41.063,-40.157,-39.839,-54.251,-53.739,1.232,-12.707,-27.878,-0.451,26.973,27.735,5.983,354.397,360.38,40.644,-39.293,-38.257,-52.995,-52.505,1.69,-13.098,-30.683,0.393,0,0
9,1,9,2.392,72.228,74.62,0.836,26.98,26.072,6.011,360.091,366.101,40.085,-39.937,-40.173,-54.133,-53.78,1.109,-12.728,-26.05,0.569,26.98,26.721,6.006,363.114,369.121,39.76,-41.168,-40.058,-53.218,-52.792,1.182,-12.8,-28.47,0.4,0,0
10,1,10,2.433,71.951,74.385,-0.466,26.978,27.373,5.935,351.504,357.439,41.031,-39.868,-39.261,-54.053,-53.389,1.298,-12.708,-27.744,-0.578,26.963,27.852,6.014,354.448,360.462,40.545,-38.047,-36.965,-52.451,-51.846,2,-13.066,-30.024,0.391,0,0
11,1,11,2.325,69.462,71.787,-0.179,26.983,27.09,5.891,352.899,358.79,40.924,-39.497,-38.775,-53.651,-53.023,1.358,-12.706,-27.603,-0.227,26.973,27.51,5.963,355.767,361.729,40.492,-37.379,-36.31,-52.07,-51.485,2.192,-13.204,-30.209,0.392,0,0
12,1,12,2.336,70.627,72.964,-0.418,26.981,27.327,5.747,347.198,352.944,41.565,-39.43,-38.822,-53.555,-53.063,1.401,-12.709,-28.643,-0.418,26.96,27.689,5.874,349.945,355.818,41.037,-37.435,-36.64,-52.612,-52.307,2.192,-13.983,-31.732,0.393,0,0
13,1,13,2.277,66.834,69.111,-0.183,26.981,27.092,5.815,350.637,356.451,41.17,-39.64,-39.239,-53.93,-53.293,1.265,-12.712,-26.992,-0.332,26.971,27.613,5.94,353.816,359.756,40.694,-39.121,-37.9,-52.441,-51.751,1.72,-12.965,-29.125,0.408,0,0
14,1,14,2.427,74.354,76.782,-0.708,26.98,27.616,5.937,352.714,358.651,40.905,-40.339,-39.897,-54.544,-53.924,1.209,-12.707,-28.408,-0.763,26.976,28.049,6.023,355.801,361.823,40.513,-38.88,-37.793,-53.088,-52.504,1.835,-13.118,-31.007,0.401,0,0
15,1,15,2.42,72.896,75.316,-0.184,26.981,27.093,5.873,350.99,356.863,41.116,-39.455,-38.932,-53.57,-53.108,1.384,-12.708,-28.545,-0.172,26.973,27.455,5.997,353.47,359.467,40.745,-37.305,-36.447,-52.48,-52.153,2.243,-13.035,-32.359,0.395,0,0
16,1,16,2.462,73.206,75.668,0.634,26.987,26.281,5.982,359.02,365.001,40.274,-40.267,-40.437,-54.346,-54.022,1.121,-12.719,-26.481,0.326,26.969,26.953,6.115,361.383,367.498,39.834,-41.145,-40.066,-53.507,-53.122,1.205,-12.889,-29.264,0.39,0,0
17,1,17,2.352,70.802,73.155,-0.372,26.978,27.278,5.868,349.739,355.606,41.238,-39.974,-39.448,-54.111,-53.474,1.244,-12.708,-27.624,-0.462,26.978,27.751,5.896,353.265,359.16,40.83,-38.574,-37.464,-52.643,-52.035,1.847,-13.087,-29.935,0.387,0,0
18,1,18,2.378,71.856,74.233,0.12,26.965,26.773,5.866,353.203,359.069,40.725,-40.388,-40.568,-54.636,-54.241,1.075,-12.713,-26.931,-0.052,26.972,27.334,5.962,356.529,362.491,40.396,-41.253,-40.173,-53.653,-53.274,1.203,-12.972,-29.915,0.391,0,0
19,1,19,2.346,69.967,72.314,0.657,26.985,26.257,5.883,356.88,362.762,40.503,-39.844,-40.051,-54.082,-53.775,1.099,-12.726,-26.833,0.46,26.975,26.825,6.059,358.264,364.323,40.227,-40.719,-39.611,-53.061,-52.699,1.288,-12.791,-29.589,0.392,0,0
20,1,20,2.449,73.852,76.301,-0.047,26.982,26.957,5.918,354.84,360.757,40.689,-40.175,-39.968,-54.2,-53.736,1.203,-12.714,-27.845,-0.186,26.964,27.459,5.951,356.144,362.094,40.368,-39.416,-38.353,-53.003,-52.545,1.642,-12.884,-30.783,0.391,0,0
21,1,21,2.434,72.157,74.591,0.151,26.961,27.158,6.309,383.803,390.111,37.451,-39.739,-40.406,-52.327,-52.27,1.391,-12.609,-25.907,0.206,26.972,27.658,6.43,388.501,394.931,37.087,-41.514,-41.216,-52.9,-52.477,1.467,-12.848,-28.244,4.656,0,0
22,1,22,2.386,72.371,74.757,-0.462,26.971,27.781,6.214,380.457,386.672,37.866,-39.478,-39.822,-51.998,-51.89,1.435,-12.602,-27.422,-0.151,26.967,28.009,6.18,383.598,389.779,37.525,-40.463,-39.933,-52.379,-51.936,1.716,-12.853,-29.483,4.658,0,0
23,1,23,2.569,77.787,80.355,-0.038,26.975,27.361,6.402,387.803,394.205,37.188,-39.292,-39.941,-52.375,-52.345,1.455,-12.608,-26.338,-0.024,26.966,27.882,6.405,391.543,397.948,36.757,-41.361,-41.223,-53.251,-52.863,1.482,-12.854,-29.125,4.66,0,0
24,1,24,2.313,69.374,71.687,0.216,26.968,27.099,6.231,386.374,392.604,37.27,-39.497,-39.976,-51.865,-51.817,1.384,-12.607,-26.07,0.285,26.966,27.573,6.252,390.109,396.361,36.904,-41.706,-41.29,-52.757,-52.335,1.493,-12.866,-28.704,4.655,0,0
25,1,25,2.364,68.848,71.213,0.212,26.966,27.101,6.285,382.327,388.612,37.63,-39.346,-39.912,-51.845,-51.851,1.413,-12.608,-26.014,0.403,26.974,27.463,6.356,386.35,392.706,37.312,-41.354,-41.057,-52.609,-52.237,1.497,-12.848,-28.117,4.658,0,0
26,1,26,2.398,72.382,74.78,-0.062,26.974,27.384,6.227,380.92,387.147,37.849,-39.304,-39.914,-51.879,-51.835,1.572,-12.609,-26.192,0.048,26.966,27.81,6.25,384.893,391.142,37.393,-41.19,-41.052,-52.708,-52.357,1.652,-12.839,-28.835,4.652,0,0
27,1,27,2.59,78.601,81.19,-1.139,26.985,28.472,6.401,381.954,388.355,37.824,-39.418,-39.682,-52.71,-52.62,1.672,-12.588,-28.254,-0.666,26.971,28.529,6.466,385.115,391.581,37.392,-39.396,-39.001,-52.845,-52.524,1.999,-12.972,-29.823,4.663,0,0
28,1,28,2.331,70.039,72.369,-0.015,26.972,27.334,6.328,385.247,391.575,37.406,-39.069,-39.659,-52.001,-51.994,1.617,-12.616,-26.363,0.148,26.974,27.718,6.414,388.881,395.295,37.071,-41.246,-41.162,-52.971,-52.513,1.643,-12.788,-29.148,4.66,0,0
29,1,29,2.368,69.306,71.674,-0.176,26.976,27.499,6.285,381.799,388.084,37.767,-39.526,-39.885,-51.864,-51.696,1.42,-12.613,-27.136,0.105,26.972,27.758,6.271,384.861,391.133,37.439,-40.957,-40.368,-52.357,-51.816,1.685,-12.777,-29.015,4.648,0,0
30,1,30,2.469,72.39,74.86,-0.379,26.968,27.694,6.343,379.861,386.204,37.887,-38.915,-39.449,-52.225,-52.15,1.614,-12.61,-26.867,-0.136,26.971,27.998,6.382,383.459,389.842,37.555,-41.153,-41.043,-52.9,-52.527,1.64,-12.81,-28.952,4.657,0,0
31,1,31,2.518,75.344,77.863,-0.558,26.971,27.875,6.486,385.428,391.913,37.363,-39.905,-40.32,-52.679,-52.653,1.434,-12.586,-27.155,-0.181,26.974,28.046,6.504,390.115,396.619,36.944,-40.929,-40.498,-53.112,-52.769,1.671,-13.033,-28.777,4.657,0,0
32,1,32,2.496,75.727,78.223,-0.846,26.972,28.165,6.414,384.392,390.806,37.474,-39.735,-40.075,-52.765,-52.629,1.545,-12.593,-27.371,-0.528,26.969,28.389,6.437,388.985,395.422,37.018,-40.626,-40.203,-53.035,-52.618,1.794,-12.935,-29.341,4.659,0,0
33,1,33,2.5,74.991,77.492,-0.547,26.96,27.855,6.384,382.241,388.625,37.587,-39.413,-39.805,-52.444,-52.341,1.561,-12.6,-27.284,-0.222,26.97,28.084,6.441,386.457,392.898,37.259,-40.815,-40.443,-52.811,-52.408,1.741,-12.875,-29.361,4.656,0,0
34,1,34,2.545,77.513,80.058,-0.918,26.971,28.236,6.463,385.385,391.848,37.366,-39.726,-40.229,-52.801,-52.683,1.548,-12.602,-27.221,-0.672,26.966,28.529,6.439,388.395,394.834,37.04,-40.888,-40.582,-53.357,-52.923,1.745,-12.866,-29.543,4.66,0,0
35,1,35,2.569,77.048,79.616,-0.588,26.965,27.901,6.475,384.658,391.134,37.387,-39.551,-40.046,-52.784,-52.632,1.428,-12.593,-26.692,-0.391,26.977,28.261,6.558,389.465,396.023,37.029,-41.401,-41.206,-53.488,-53.044,1.565,-12.971,-28.782,4.654,0,0
36,1,36,2.455,72.585,75.04,0.562,26.98,26.766,6.512,386.931,393.444,37.3,-39.425,-39.899,-51.745,-51.718,1.523,-12.621,-26.02,0.636,26.969,27.224,6.477,389.124,395.601,36.993,-41.707,-41.342,-52.801,-52.345,1.541,-12.762,-28.939,4.667,0,0
37,1,37,2.425,73.978,76.402,-0.334,26.974,27.655,6.322,388.232,394.553,37.14,-40.254,-40.812,-52.652,-52.56,1.463,-12.59,-26.819,-0.112,26.969,27.972,6.406,392.897,399.303,36.658,-41.578,-41.176,-53,-52.598,1.578,-13.013,-28.948,4.657,0,0
38,1,38,2.598,74.684,77.282,-0.425,26.965,27.738,6.5,385.59,392.091,37.301,-39.245,-39.631,-51.995,-51.925,1.606,-12.592,-26.993,-0.136,26.97,27.997,6.57,390.894,397.464,36.833,-40.574,-40.291,-52.456,-52.061,1.767,-12.976,-29.593,4.653,0,0
39,1,39,2.45,73.148,75.598,-0.607,26.966,27.92,6.271,379.693,385.964,37.888,-39.47,-39.963,-52.2,-52.203,1.531,-12.599,-27.799,-0.118,26.972,27.982,6.3,383.829,390.129,37.541,-40.279,-40.017,-52.583,-52.248,1.836,-12.871,-29.451,4.66,0,0
40,1,40,2.396,70.945,73.341,0.292,26.961,27.016,6.337,381.263,387.6,37.689,-38.867,-39.407,-51.442,-51.487,1.586,-12.638,-25.789,0.361,26.97,27.5,6.332,382.937,389.269,37.606,-41.059,-40.796,-52.443,-51.964,1.613,-12.678,-28.362,4.656,0,0
41,1,41,2.456,72.744,75.2,-0.339,26.961,27.648,6.357,382.551,388.908,37.566,-39.495,-40.034,-52.435,-52.421,1.473,-12.594,-27,-0.044,26.974,27.91,6.444,387.648,394.092,37.183,-41.075,-40.809,-53.135,-52.814,1.624,-12.946,-29.046,4.655,0,0
42,1,42,2.361,70.219,72.58,0.351,26.973,26.969,6.24,385.703,391.943,37.376,-39.792,-40.331,-52.157,-52.107,1.5,-12.605,-26.086,0.437,26.972,27.426,6.277,390.012,396.289,36.957,-41.595,-41.237,-52.848,-52.424,1.514,-12.882,-28.876,4.658,0,0
43,1,43,2.392,73.329,75.721,-0.05,26.97,27.368,6.262,382.69,388.952,37.635,-39.596,-40.093,-52.111,-52.104,1.371,-12.608,-27.046,0.292,26.975,27.575,6.295,385.906,392.201,37.366,-41.323,-41.008,-52.907,-52.653,1.567,-12.815,-29.265,4.655,0,0
44,1,44,2.571,77.122,79.693,-0.02,26.967,27.335,6.509,387.037,393.547,37.18,-39.264,-39.89,-52.311,-52.369,1.549,-12.609,-25.755,0.029,26.97,27.832,6.52,391.825,398.346,36.75,-41.325,-41.252,-53.297,-52.91,1.558,-12.857,-28.707,4.657,0,0
45,1,45,2.341,68.364,70.705,0.094,26.977,27.231,6.229,383.014,389.243,37.672,-39.464,-39.881,-51.896,-51.871,1.504,-12.614,-26.405,0.305,26.978,27.564,6.236,385.466,391.702,37.439,-40.955,-40.534,-52.602,-52.155,1.613,-12.784,-28.44,4.679,0,0
46,1,46,2.482,75.465,77.946,-0.273,26.975,27.595,6.36,384.565,390.925,37.49,-39.327,-39.948,-52.264,-52.263,1.55,-12.611,-26.83,-0.115,26.971,27.977,6.424,387.66,394.084,37.154,-41.356,-41.176,-53.124,-52.703,1.595,-12.811,-29.663,4.655,0,0
47,1,47,2.419,73.222,75.642,-0.331,26.965,27.644,6.198,381.503,387.702,37.717,-38.942,-39.508,-52.065,-52.036,1.635,-12.616,-26.74,-0.172,26.972,28.036,6.277,384.986,391.262,37.432,-41.124,-41.023,-52.887,-52.454,1.622,-12.779,-29.414,4.655,0,0
48,1,48,2.465,73.648,76.112,-0.425,26.971,27.744,6.392,384.755,391.147,37.437,-39.733,-40.225,-52.458,-52.421,1.444,-12.593,-27.026,-0.083,26.973,27.948,6.479,389.374,395.854,37.009,-41.445,-41.126,-52.975,-52.649,1.6,-12.956,-28.976,4.663,0,0
49,1,49,2.425,74.842,77.267,-0.504,26.979,27.83,6.275,382.387,388.662,37.74,-39.821,-40.294,-52.434,-52.349,1.482,-12.6,-26.916,-0.303,26.966,28.16,6.262,385.742,392.004,37.311,-40.943,-40.532,-52.989,-52.547,1.731,-12.89,-29.534,4.656,0,0
50,1,50,2.411,70.793,73.204,-0.293,26.968,27.609,6.279,381.313,387.593,37.754,-39.226,-39.629,-51.789,-51.816,1.602,-12.61,-27.307,0.048,26.977,27.82,6.362,384.453,390.815,37.517,-40.662,-40.29,-52.291,-51.916,1.758,-12.8,-29.315,4.66,0,0
51,1,51,2.719,75.319,79.021,0.586,26.962,26.376,6.339,366.536,368.249,39.676,-40.276,-40.411,-52.455,-52.193,1.367,-7.486,-29.304,0.181,26.962,26.781,6.303,366.083,366.861,39.832,-39.565,-38.889,-52.521,-52.054,1.767,-10.12,-30.847,0.593,0,0
52,1,52,2.654,73.619,77.256,0.561,26.968,26.407,6.24,363.968,365.583,40.028,-39.787,-40.091,-52.271,-52.036,1.392,-7.365,-28.884,0.161,26.956,26.795,6.206,362.178,362.859,40.215,-40.134,-39.7,-52.747,-52.35,1.682,-9.354,-30.332,0.584,0,0
53,1,53,2.617,73.563,77.162,0.419,26.96,26.541,6.302,366.893,368.569,39.626,-39.868,-40.228,-52.554,-52.327,1.412,-7.37,-29.443,0.072,26.956,26.884,6.302,365.281,366.058,39.865,-40.005,-39.568,-52.895,-52.551,1.724,-9.321,-30.912,0.589,0,0
54,1,54,2.638,72.343,75.964,0.457,26.961,26.504,6.405,364.003,365.783,39.939,-39.91,-40.387,-52.728,-52.544,1.408,-7.377,-28.963,0.077,26.958,26.881,6.405,364.012,364.892,40.008,-40.579,-40.244,-53.247,-52.894,1.601,-9.439,-30.433,0.581,0,0
55,1,55,2.619,72.812,76.414,0.602,26.956,26.354,6.4,367.136,368.911,39.554,-40.014,-40.52,-52.756,-52.591,1.344,-7.383,-29.051,0.165,26.96,26.795,6.377,367.036,367.889,39.704,-40.718,-40.336,-53.365,-52.971,1.594,-9.529,-30.781,0.604,0,0
56,1,56,2.576,69.765,73.324,0.612,26.957,26.345,6.193,363.37,364.939,39.994,-39.789,-40.173,-52.493,-52.347,1.354,-7.368,-28.427,0.204,26.963,26.759,6.213,362.799,363.487,40.205,-40.555,-40.067,-52.925,-52.487,1.6,-9.432,-29.581,0.584,0,0
57,1,57,2.652,73.03,76.665,0.553,26.966,26.413,6.354,365.943,367.673,39.783,-39.672,-40.165,-52.421,-52.234,1.387,-7.324,-28.833,0.065,26.961,26.896,6.259,365.354,366.088,39.906,-40.791,-40.537,-53.238,-52.852,1.536,-9.097,-30.561,0.591,0,0
58,1,58,2.533,69.1,72.616,0.979,26.956,25.977,6.178,362.066,363.619,40.129,-39.47,-39.797,-51.772,-51.641,1.405,-7.326,-28.663,0.562,26.962,26.4,6.17,361.553,362.199,40.346,-40.357,-39.924,-52.467,-52.03,1.596,-9.102,-30.396,0.599,0,0
59,1,59,2.75,78.49,82.224,0.305,26.976,26.671,6.43,369.29,371.095,39.5,-39.936,-40.544,-53.065,-52.958,1.422,-7.324,-29.101,-0.245,26.952,27.197,6.355,366.956,367.787,39.644,-41.198,-40.983,-54.068,-53.698,1.515,-9.082,-30.933,0.593,0,0
60,1,60,2.668,72.927,76.577,0.479,26.961,26.482,6.447,366.965,368.787,39.613,-40.257,-40.744,-53.115,-52.909,1.343,-7.384,-29.052,-0.021,26.964,26.985,6.449,366.891,367.815,39.743,-41.026,-40.578,-53.578,-53.134,1.558,-9.541,-30.686,0.592,0,0
61,1,61,2.713,77.117,80.812,0.456,26.961,26.505,6.358,366.551,368.284,39.674,-40.011,-40.593,-52.874,-52.76,1.361,-7.323,-29.166,-0.008,26.962,26.97,6.331,365.313,366.12,39.912,-40.897,-40.596,-53.682,-53.296,1.548,-9.008,-31.002,0.593,0,0
62,1,62,2.664,72.485,76.132,0.659,26.967,26.308,6.429,366.489,368.292,39.723,-40.257,-40.749,-52.989,-52.85,1.316,-7.411,-29.051,0.214,26.959,26.745,6.505,365.534,366.515,39.842,-40.977,-40.535,-53.493,-53.078,1.513,-9.724,-30.637,0.583,0,0
63,1,63,2.659,72.713,76.355,0.668,26.961,26.293,6.398,368.8,370.574,39.427,-40.015,-40.504,-52.712,-52.648,1.34,-7.343,-28.464,0.122,26.957,26.835,6.415,368.035,368.925,39.559,-41.035,-40.611,-53.491,-53.07,1.525,-9.323,-30.362,0.586,0,0
64,1,64,2.652,74.344,77.979,0.842,26.958,26.116,6.344,369.412,371.131,39.332,-39.794,-40.262,-52.41,-52.274,1.36,-7.291,-28.732,0.233,26.959,26.726,6.374,367.544,368.393,39.637,-40.796,-40.392,-53.134,-52.646,1.515,-8.838,-30.795,0.607,0,0
65,1,65,2.602,70.694,74.279,0.932,26.956,26.024,6.288,365.565,367.229,39.735,-39.395,-39.828,-51.994,-51.868,1.408,-7.274,-28.179,0.36,26.957,26.597,6.337,364.213,365.025,39.982,-40.51,-40.163,-52.812,-52.359,1.571,-8.729,-29.894,0.59,0,0
66,1,66,2.68,74.639,78.302,0.592,26.957,26.365,6.391,367.908,369.674,39.477,-39.808,-40.282,-52.551,-52.435,1.415,-7.311,-28.699,0.023,26.96,26.937,6.37,367.152,367.998,39.687,-40.637,-40.281,-53.239,-52.806,1.576,-8.995,-30.663,0.584,0,0
67,1,67,2.66,73.921,77.564,0.871,26.96,26.089,6.387,367.025,368.787,39.605,-39.536,-40.114,-52.311,-52.233,1.463,-7.3,-28.47,0.285,26.965,26.68,6.384,366.288,367.148,39.825,-40.933,-40.76,-53.521,-53.091,1.501,-8.998,-30.686,0.584,0,0
68,1,68,2.597,71.555,75.135,0.756,26.959,26.203,6.379,366.448,368.203,39.663,-39.866,-40.242,-52.319,-52.203,1.404,-7.372,-28.898,0.356,26.959,26.603,6.398,365.638,366.511,39.844,-40.367,-39.901,-52.898,-52.469,1.619,-9.432,-30.507,0.582,0,0
69,1,69,2.8,77.398,81.18,0.161,26.959,26.798,6.462,365.131,366.968,39.794,-40.459,-40.999,-53.462,-53.287,1.35,-7.478,-29.281,-0.264,26.958,27.222,6.395,365.76,366.631,39.82,-41.004,-40.642,-53.944,-53.561,1.567,-10.155,-30.683,0.591,0,0
70,1,70,2.547,69.19,72.721,0.919,26.966,26.047,6.212,365.906,367.493,39.803,-39.507,-39.592,-51.51,-51.355,1.408,-7.338,-28.774,0.526,26.967,26.441,6.158,364.596,365.23,40.056,-39.429,-38.818,-51.947,-51.52,1.77,-9.161,-30.388,0.809,0,0
71,1,71,2.721,76.49,80.193,0.646,26.979,26.333,6.435,367.241,369.051,39.745,-39.778,-40.031,-52.153,-51.991,1.452,-7.395,-29.021,0.19,26.968,26.778,6.397,366.051,366.924,39.883,-39.678,-39.241,-52.756,-52.323,1.798,-9.565,-31.043,0.584,0,0
72,1,72,2.695,75.145,78.823,0.309,26.962,26.653,6.388,366.778,368.541,39.649,-40.043,-40.227,-52.457,-52.271,1.433,-7.415,-29.622,-0.04,26.96,27,6.394,365.747,366.616,39.842,-39.44,-38.91,-52.729,-52.379,1.843,-9.608,-31.241,0.587,0,0
73,1,73,2.637,71.84,75.459,0.539,26.967,26.428,6.338,364.275,365.989,39.971,-39.543,-39.692,-51.814,-51.672,1.515,-7.377,-29.328,0.156,26.961,26.805,6.334,362.549,363.359,40.208,-39.089,-38.558,-52.266,-51.825,1.887,-9.358,-30.93,0.583,0,0
74,1,74,2.64,73.156,76.778,0.278,26.97,26.692,6.302,364.764,366.441,39.95,-39.428,-39.565,-51.812,-51.616,1.534,-7.339,-29.105,-0.139,26.961,27.1,6.236,362.608,363.32,40.214,-39.097,-38.615,-52.201,-51.794,1.868,-9.079,-30.742,0.588,0,0
75,1,75,2.736,74.82,78.539,0.526,26.96,26.434,6.398,364.576,366.349,39.866,-40.276,-40.844,-53.246,-53.058,1.298,-7.378,-28.913,0.011,26.954,26.943,6.416,364.076,364.967,39.962,-41.469,-41.103,-53.967,-53.553,1.435,-9.533,-30.642,0.586,0,0
76,1,76,2.627,72.593,76.203,0.511,26.967,26.456,6.272,364.077,365.724,39.996,-40.279,-40.777,-53.203,-53,1.295,-7.385,-28.581,0.015,26.961,26.946,6.307,363.907,364.689,40.059,-41.28,-40.841,-53.773,-53.287,1.507,-9.587,-29.894,0.588,0,0
77,1,77,2.549,69.493,73.026,0.763,26.962,26.199,6.193,361.816,363.384,40.208,-39.842,-40.378,-52.815,-52.647,1.342,-7.321,-28.531,0.346,26.968,26.622,6.228,362.392,363.095,40.297,-41.261,-40.975,-53.596,-53.099,1.414,-9.095,-29.909,0.589,0,0
78,1,78,2.666,72.641,76.29,0.371,26.966,26.595,6.382,363.929,365.686,39.998,-40.371,-40.872,-53.333,-53.157,1.322,-7.484,-28.961,-0.016,26.963,26.979,6.353,364.549,365.377,39.997,-41.027,-40.595,-53.671,-53.235,1.568,-10.236,-29.816,0.586,0,0
79,1,79,2.682,74.585,78.25,0.572,26.966,26.394,6.388,364.343,366.106,39.952,-40.035,-40.61,-52.985,-52.818,1.363,-7.312,-28.563,0.05,26.962,26.912,6.352,364.31,365.137,40.019,-41.355,-41.07,-53.809,-53.398,1.487,-9.027,-30.21,0.583,0,0
80,1,80,2.723,76.656,80.362,0.229,26.958,26.729,6.327,364.948,366.65,39.823,-40.347,-40.867,-53.298,-53.067,1.32,-7.421,-29.192,-0.158,26.961,27.119,6.357,365.234,366.066,39.907,-40.939,-40.589,-53.554,-53.189,1.583,-9.765,-30.489,0.597,0,0
81,1,81,2.393,67.605,69.997,0.072,26.957,26.885,7.74,379.515,387.255,39.738,-39.597,-40.196,-52.601,-52.285,1.292,-7.445,-27.994,0.402,26.967,26.565,7.981,389.916,397.896,38.507,-40.494,-40.267,-51.469,-51.305,1.486,-12.056,-28.26,0.737,0,0
82,1,82,2.427,70.235,72.662,-0.058,26.957,27.015,7.772,380.369,388.141,39.645,-39.678,-40.434,-52.996,-52.748,1.277,-7.204,-28.404,0.238,26.975,26.737,7.968,390.69,398.659,38.492,-40.739,-40.628,-51.847,-51.69,1.484,-11.716,-28.821,0.743,0,0
83,1,83,2.471,71.284,73.755,-0.05,26.959,27.009,7.834,383.372,391.206,39.333,-39.787,-40.454,-52.915,-52.609,1.231,-7.104,-28.018,0.068,26.963,26.895,8.061,393.797,401.859,38.067,-41.284,-41.071,-52.023,-51.863,1.337,-11.653,-28.634,0.74,0,0
84,1,84,2.517,73.446,75.963,-0.067,26.984,27.051,7.764,378.444,386.209,40.103,-39.625,-40.386,-52.847,-52.547,1.312,-7.292,-28.676,0.153,26.97,26.817,7.956,386.898,394.855,38.842,-40.818,-40.711,-51.918,-51.753,1.408,-11.818,-29.319,0.742,0,0
85,1,85,2.42,69.923,72.342,-0.093,26.973,27.066,7.748,380.376,388.125,39.794,-39.783,-40.244,-52.964,-52.66,1.251,-7.428,-28.197,0.208,26.972,26.764,7.921,390.381,398.303,38.51,-41.118,-40.812,-51.608,-51.437,1.355,-12.04,-28.102,0.744,0,0
86,1,86,2.448,68.907,71.355,-0.219,26.975,27.194,7.781,381.012,388.794,39.74,-39.505,-40.11,-52.468,-52.143,1.335,-7.102,-28.102,0,26.963,26.963,8.032,389.348,397.38,38.516,-40.769,-40.545,-51.885,-51.607,1.447,-11.614,-28.606,0.739,0,0
87,1,87,2.493,71.946,74.439,-0.016,26.965,26.981,7.834,380.583,388.417,39.694,-39.515,-40.273,-52.659,-52.43,1.32,-7.06,-28.103,0.163,26.971,26.808,8.026,389.481,397.508,38.576,-41.027,-40.907,-52.009,-51.808,1.373,-11.526,-28.912,0.733,0,0
88,1,88,2.441,71.335,73.776,0.102,26.955,26.853,7.825,381.403,389.227,39.518,-39.573,-40.325,-52.68,-52.445,1.288,-6.933,-27.846,0.153,26.967,26.814,7.947,391.355,399.302,38.359,-41.175,-40.99,-52.054,-51.839,1.337,-11.424,-28.889,0.736,0,0
89,1,89,2.518,72.015,74.534,-0.074,26.958,27.032,7.853,379.972,387.825,39.692,-39.272,-40.192,-52.907,-52.698,1.336,-6.895,-28.094,0.104,26.972,26.868,7.966,389.542,397.509,38.592,-41.267,-41.342,-52.376,-52.205,1.349,-11.371,-28.661,0.741,0,0
90,1,90,2.404,69.435,71.839,0.031,26.959,26.928,7.748,381.495,389.243,39.547,-39.348,-39.977,-52.656,-52.361,1.249,-7.153,-28.099,0.263,26.964,26.701,7.989,391.112,399.101,38.355,-41.287,-41.188,-51.844,-51.633,1.315,-11.74,-28.379,0.74,0,0
91,1,91,2.43,70.151,72.581,-0.111,26.965,27.076,7.729,379.802,387.531,39.791,-39.428,-40.138,-52.669,-52.379,1.314,-6.815,-28.118,0.112,26.967,26.855,7.975,389.022,396.997,38.59,-41.202,-41.07,-52.069,-51.828,1.366,-11.214,-28.715,0.737,0,0
92,1,92,2.45,69.429,71.879,-0.066,26.967,27.033,7.766,380.316,388.082,39.745,-39.759,-40.246,-52.627,-52.296,1.246,-7.319,-27.984,0.186,26.974,26.788,7.972,389.38,397.352,38.617,-40.631,-40.308,-51.442,-51.255,1.476,-11.86,-28.171,0.733,0,0
93,1,93,2.45,71.031,73.482,-0.028,26.964,26.992,7.799,379.093,386.892,39.844,-39.066,-39.763,-52.181,-51.942,1.384,-6.749,-28.016,0.126,26.972,26.846,7.956,387.82,395.776,38.767,-40.778,-40.7,-51.718,-51.514,1.41,-11.152,-28.679,0.729,0,0
94,1,94,2.489,71.47,73.959,-0.089,26.957,27.046,7.851,380.872,388.723,39.588,-39.528,-40.306,-52.849,-52.605,1.274,-7.178,-27.865,0.114,26.972,26.858,7.992,390.728,398.721,38.464,-41.266,-41.191,-52.068,-51.882,1.337,-11.743,-28.224,0.74,0,0
95,1,95,2.445,70.291,72.737,-0.315,26.965,27.28,7.738,380.863,388.601,39.673,-39.827,-40.341,-52.943,-52.561,1.257,-7.422,-28.218,-0.078,26.965,27.043,7.987,390.778,398.765,38.394,-41.017,-40.759,-51.719,-51.577,1.411,-12.007,-28.404,0.745,0,0
96,1,96,2.479,71.633,74.112,-0.086,26.963,27.049,7.792,379.148,386.94,39.83,-39.548,-40.256,-52.803,-52.452,1.313,-7.329,-27.891,0.214,26.97,26.756,7.974,389.563,397.538,38.566,-40.538,-40.456,-51.782,-51.654,1.47,-11.975,-28.074,0.739,0,0
97,1,97,2.441,70.406,72.847,-0.192,26.963,27.155,7.85,381.935,389.785,39.529,-39.982,-40.52,-53.059,-52.718,1.23,-7.346,-27.979,-0.042,26.983,27.025,8.018,391.93,399.949,38.434,-41.296,-41.036,-52.11,-51.855,1.357,-11.995,-28.334,0.74,0,0
98,1,98,2.425,69.14,71.565,0.139,26.965,26.826,7.825,379.674,387.499,39.792,-39.141,-39.814,-52.445,-52.181,1.345,-6.737,-27.926,0.315,26.969,26.654,7.976,389.148,397.124,38.596,-41.109,-41.015,-51.793,-51.611,1.341,-11.133,-28.524,0.742,0,0
99,1,99,2.482,71.519,74.001,-0.065,26.964,27.029,7.849,380.237,388.087,39.721,-39.845,-40.573,-53.053,-52.72,1.251,-7.573,-28.344,0.248,26.974,26.726,8.031,390.16,398.192,38.535,-40.865,-40.73,-51.847,-51.697,1.427,-12.209,-28.447,0.733,0,0
100,1,100,2.41,67.287,69.697,-0.012,26.97,26.982,7.764,378.465,386.229,39.976,-39.679,-40.146,-52.643,-52.246,1.242,-7.532,-27.833,0.229,26.977,26.748,7.962,387.973,395.935,38.795,-40.693,-40.37,-51.359,-51.162,1.435,-12.189,-27.955,0.735,0,0
101,1,101,2.421,68.804,71.225,-0.024,26.963,26.987,7.795,378.193,385.989,39.936,-39.305,-40.028,-52.599,-52.29,1.373,-7.257,-27.726,0.182,26.961,26.779,8,387.593,395.593,38.685,-40.763,-40.724,-51.891,-51.703,1.441,-11.919,-28.154,0.733,0,0
102,1,102,2.463,70.351,72.814,-0.138,26.96,27.098,7.785,379.193,386.979,39.799,-39.62,-40.215,-52.698,-52.352,1.297,-7.075,-28.005,-0.001,26.971,26.972,7.993,388.972,396.965,38.633,-41.051,-40.807,-51.81,-51.606,1.376,-11.585,-28.59,0.732,0,0
103,1,103,2.431,69.808,72.238,-0.137,26.959,27.096,7.839,380.709,388.548,39.621,-39.495,-40.037,-52.316,-52.019,1.344,-7.356,-28.568,0.143,26.965,26.822,8.051,390.84,398.891,38.387,-40.032,-39.821,-51.354,-51.216,1.592,-11.933,-28.967,0.743,0,0
104,1,104,2.477,71.913,74.39,-0.187,26.966,27.153,7.878,381.676,389.554,39.577,-40.171,-40.681,-52.986,-52.676,1.239,-7.844,-28.431,0.13,26.96,26.83,8.071,392.234,400.305,38.199,-40.501,-40.244,-51.602,-51.439,1.501,-12.615,-28.288,0.747,0,0
105,1,105,2.433,68.984,71.417,0.216,26.965,26.749,7.846,379.159,387.006,39.841,-39.81,-40.478,-52.976,-52.67,1.282,-7.695,-28.197,0.514,26.974,26.46,8.016,389.04,397.056,38.652,-40.643,-40.47,-51.745,-51.611,1.455,-12.41,-28.398,0.73,0,0
106,1,106,2.436,69.022,71.459,0.121,26.964,26.843,7.789,379.54,387.33,39.8,-39.031,-39.854,-52.51,-52.274,1.351,-6.365,-27.264,0.236,26.965,26.729,7.978,389.001,396.978,38.572,-41.401,-41.382,-52.236,-52.011,1.282,-10.74,-27.743,0.737,0,0
107,1,107,2.474,70.768,73.242,-0.077,26.968,27.045,7.854,381.184,389.039,39.647,-39.881,-40.358,-52.76,-52.475,1.215,-7.463,-28.138,0.076,26.967,26.891,8.061,390.873,398.934,38.402,-40.938,-40.628,-51.647,-51.461,1.413,-12.145,-28.526,0.734,0,0
108,1,108,2.505,73.203,75.708,-0.183,26.964,27.147,7.874,382.785,390.659,39.439,-39.943,-40.653,-53.243,-52.967,1.277,-7.452,-28.461,0.061,26.963,26.902,8.051,392.469,400.521,38.202,-41.002,-40.795,-52.189,-51.996,1.435,-12.046,-28.925,0.744,0,0
109,1,109,2.475,72.045,74.52,-0.155,26.967,27.122,7.867,383.362,391.229,39.404,-39.832,-40.262,-52.354,-51.953,1.339,-7.851,-28.248,0.181,26.964,26.783,8.092,393.961,402.053,38.058,-39.6,-39.319,-51.148,-50.988,1.669,-12.628,-28.44,0.741,0,0
110,1,110,2.43,68.144,70.575,0.074,26.96,26.886,7.822,380.057,387.88,39.7,-39.654,-40.234,-52.647,-52.252,1.299,-7.747,-28.127,0.416,26.961,26.545,8.035,389.877,397.913,38.449,-40.306,-40.101,-51.427,-51.281,1.523,-12.494,-28.395,0.738,0,0
111,1,111,2.403,75.21,77.052,-0.814,26.956,27.77,6.097,372.965,362.902,40.208,-40.658,-41.248,-55.053,-54.756,1.106,-9.416,-26.92,-0.658,26.971,27.629,6.296,387.089,377.675,38.77,-42.873,-42.971,-55.253,-55.077,1.024,-15.877,-26.946,0.732,0,0
112,1,112,2.253,69.951,71.644,-0.927,26.964,27.891,6.03,373.088,362.958,40.281,-41.011,-41.284,-55.203,-54.854,1.032,-10.404,-27.026,-0.641,26.965,27.606,6.19,387.449,377.929,38.689,-42.542,-42.464,-54.623,-54.453,1.049,-17.332,-25.533,0.733,0,0
113,1,113,2.391,77.683,79.514,-0.923,26.965,27.888,6.186,377.167,367.193,39.823,-41.112,-41.802,-55.402,-55.158,1.092,-10.387,-27.963,-0.636,26.975,27.611,6.36,391.975,382.625,38.299,-42.463,-42.639,-55.15,-55.068,1.057,-17.211,-26.501,0.734,0,0
114,1,114,2.288,72.119,73.846,-0.933,26.969,27.902,6.026,372.326,362.192,40.415,-40.623,-41.149,-54.81,-54.533,1.115,-10.02,-27.357,-0.696,26.968,27.664,6.208,386.885,377.383,38.773,-42.567,-42.672,-54.802,-54.691,1.036,-16.839,-26.296,0.735,0,0
115,1,115,2.323,73.308,75.071,-0.864,26.96,27.824,5.982,372.739,362.562,40.28,-41.144,-41.475,-55.217,-54.887,1.04,-10.39,-27.373,-0.53,26.971,27.501,6.19,388.078,378.559,38.678,-42.396,-42.395,-54.593,-54.448,1.077,-17.329,-25.884,0.733,0,0
116,1,116,2.317,72.882,74.639,-0.71,26.958,27.668,5.991,374.882,364.713,40.028,-40.121,-40.76,-54.634,-54.382,1.128,-8.755,-26.848,-0.556,26.98,27.536,6.204,388.93,379.423,38.679,-42.614,-42.728,-54.985,-54.806,1.019,-15.007,-27.182,0.734,0,0
117,1,117,2.317,73.33,75.087,-0.941,26.97,27.911,6.113,374.534,364.487,40.163,-40.651,-41.206,-55.098,-54.799,1.087,-9.661,-27.319,-0.729,26.968,27.697,6.22,387.847,378.357,38.67,-42.87,-42.919,-55.137,-54.964,1.009,-16.222,-26.792,0.734,0,0
118,1,118,2.441,77.643,79.523,-1.251,26.954,28.205,6.156,376.659,366.655,39.782,-41.433,-41.977,-55.706,-55.353,1.04,-9.876,-28.297,-0.936,26.958,27.894,6.295,390.354,380.939,38.327,-42.688,-42.654,-55.111,-54.959,1.063,-16.369,-27.3,0.733,0,0
119,1,119,2.277,71.349,73.066,-0.754,26.963,27.717,6.02,371.546,361.406,40.441,-40.97,-41.307,-54.854,-54.575,1.052,-10.775,-27.553,-0.431,26.97,27.401,6.227,386.829,377.346,38.801,-42.047,-42.084,-54.367,-54.238,1.131,-17.865,-25.881,0.736,0,0
120,1,120,2.277,71.27,72.987,-1.02,26.966,27.986,5.92,372.829,362.589,40.335,-40.664,-41.22,-54.994,-54.695,1.134,-9.519,-27.618,-0.624,26.97,27.594,6.145,387.617,378.051,38.721,-42.117,-42.202,-54.571,-54.442,1.103,-16.018,-25.929,0.725,0,0
121,1,121,2.387,75.963,77.79,-0.801,26.963,27.764,6.089,376.116,366.046,39.927,-40.343,-41.049,-54.836,-54.577,1.16,-9.594,-26.963,-0.648,26.976,27.624,6.319,390.598,381.207,38.461,-42.715,-42.954,-55.244,-55.109,1.03,-16.266,-26.712,0.735,0,0
122,1,122,2.344,73.68,75.463,-1.076,26.956,28.032,5.997,372.086,361.923,40.321,-40.396,-41.105,-54.938,-54.666,1.131,-9.438,-26.922,-0.805,26.971,27.776,6.174,387.375,377.839,38.754,-42.462,-42.682,-55.102,-54.93,1.067,-16.013,-26.407,0.731,0,0
123,1,123,2.376,73.957,75.773,-0.728,26.963,27.691,6.111,374.802,364.753,40.072,-40.436,-41.066,-54.969,-54.64,1.132,-9.103,-27.002,-0.527,26.962,27.489,6.242,388.209,378.741,38.586,-42.635,-42.763,-55.009,-54.876,1.059,-15.519,-26.975,0.73,0,0
124,1,124,2.273,70.617,72.329,-0.612,26.96,27.572,6.002,371.35,361.192,40.436,-40.873,-41.201,-54.951,-54.621,1.06,-10.408,-27.645,-0.301,26.967,27.268,6.253,386.621,377.164,38.785,-42.282,-42.288,-54.419,-54.282,1.092,-17.324,-26.22,0.73,0,0
125,1,125,2.219,68.657,70.317,-0.666,26.965,27.631,5.981,370.926,360.747,40.528,-40.879,-41.139,-55.046,-54.723,1.022,-10.642,-27.155,-0.347,26.962,27.309,6.241,385.216,375.747,38.886,-42.446,-42.362,-54.486,-54.348,1.091,-17.632,-25.783,0.734,0,0
126,1,126,2.397,75.154,76.991,-0.844,26.986,27.83,6.109,374.718,364.667,40.295,-40.62,-41.236,-55.026,-54.733,1.106,-9.496,-27.006,-0.675,26.973,27.648,6.258,387.132,377.681,38.793,-42.901,-42.965,-55.218,-55.047,1.005,-16.014,-26.746,0.726,0,0
127,1,127,2.264,71.109,72.813,-0.964,26.956,27.92,6.059,372.848,362.748,40.227,-40.442,-40.946,-54.813,-54.427,1.09,-9.049,-27.05,-0.746,26.97,27.716,6.219,387.642,378.15,38.71,-42.707,-42.7,-54.84,-54.632,1.015,-15.416,-27.039,0.729,0,0
128,1,128,2.321,73.234,74.994,-0.733,26.958,27.691,6.096,373.376,363.312,40.187,-40.669,-41.195,-54.894,-54.609,1.111,-9.369,-26.777,-0.575,26.969,27.544,6.242,387.436,377.968,38.721,-42.74,-42.774,-55.035,-54.852,1.014,-15.896,-26.746,0.729,0,0
129,1,129,2.3,71.315,73.055,-0.488,26.958,27.446,6.084,375.562,365.487,39.94,-40.621,-41.114,-54.967,-54.699,1.082,-9.552,-26.405,-0.362,26.961,27.323,6.266,389.245,379.8,38.46,-42.778,-42.801,-54.993,-54.814,1.012,-16.218,-26.285,0.729,0,0
130,1,130,2.24,69.995,71.676,-0.726,26.97,27.696,5.971,371.58,361.392,40.51,-39.784,-40.494,-54.354,-54.062,1.187,-8.863,-26.718,-0.543,26.967,27.51,6.167,385.422,375.879,38.922,-42.586,-42.767,-54.96,-54.827,0.987,-15.161,-26.768,0.73,0,0
131,1,131,2.414,78.291,80.145,-1.229,26.961,28.19,6.122,376.619,366.581,39.851,-41.196,-41.879,-55.349,-55.139,1.1,-10.882,-27.778,-0.985,26.972,27.957,6.344,392.323,382.957,38.243,-42.301,-42.515,-55.189,-55.07,1.076,-18.021,-26.66,0.736,0,0
132,1,132,2.286,70.382,72.108,-0.72,26.959,27.679,6.023,371.483,361.345,40.411,-41.05,-41.322,-55.309,-54.942,1.008,-10.402,-25.715,-0.441,26.97,27.411,6.24,386.404,376.934,38.838,-42.61,-42.544,-54.681,-54.512,1.062,-17.534,-24.381,0.735,0,0
133,1,133,2.408,76.535,78.384,-0.845,26.98,27.825,6.278,381.84,371.958,39.451,-40.93,-41.511,-54.896,-54.667,1.118,-11.424,-28.387,-0.635,26.959,27.594,6.507,395.901,386.698,37.765,-41.939,-42.193,-55.08,-54.986,1.144,-18.734,-26.739,0.737,0,0
134,1,134,2.241,70.58,72.261,-0.873,26.962,27.835,5.981,372.231,362.052,40.36,-40.487,-40.867,-54.659,-54.309,1.077,-10.27,-27.037,-0.612,26.967,27.579,6.156,386.709,377.155,38.788,-42.298,-42.294,-54.517,-54.28,1.069,-17.038,-26.381,0.735,0,0
135,1,135,2.25,70.374,72.064,-0.567,26.963,27.53,5.971,370.757,360.567,40.536,-40.353,-40.812,-54.497,-54.178,1.103,-9.625,-26.484,-0.374,26.961,27.335,6.132,384.587,375.008,38.959,-42.454,-42.464,-54.56,-54.384,1.052,-16.314,-26.223,0.731,0,0
136,1,136,2.32,73.459,75.22,-0.674,26.965,27.639,5.998,375.896,365.734,39.979,-40.062,-40.731,-54.507,-54.3,1.167,-9.604,-27.223,-0.503,26.968,27.471,6.237,390.667,381.194,38.388,-42.578,-42.821,-54.941,-54.811,0.997,-16.296,-27.154,0.727,0,0
137,1,137,2.398,76.125,77.963,-0.961,26.967,27.928,6.084,376.622,366.546,39.904,-40.625,-41.312,-55.09,-54.798,1.134,-9.395,-27.44,-0.741,26.978,27.719,6.335,391.108,381.733,38.418,-42.605,-42.792,-55.274,-55.108,1.076,-15.84,-27.062,0.733,0,0
138,1,138,2.281,73.184,74.906,-0.717,26.962,27.679,6.029,374.159,364.028,40.138,-40.233,-40.831,-54.472,-54.125,1.152,-9.203,-27.407,-0.547,26.969,27.516,6.258,387.844,378.392,38.682,-42.234,-42.299,-54.604,-54.419,1.096,-15.517,-27.302,0.736,0,0
139,1,139,2.288,72.303,74.031,-0.859,26.958,27.817,6.017,372.8,362.657,40.252,-40.973,-41.451,-55.1,-54.785,1.078,-10.192,-27.565,-0.597,26.953,27.55,6.202,386.894,377.386,38.642,-42.464,-42.501,-54.891,-54.679,1.062,-17.033,-26.384,0.73,0,0
140,1,140,2.274,70.902,72.616,-0.504,26.963,27.467,6.002,373.111,362.953,40.268,-40.475,-40.993,-54.899,-54.612,1.1,-8.907,-26.255,-0.374,26.97,27.344,6.172,386.071,376.533,38.88,-43.022,-42.975,-55.106,-54.893,0.946,-15.259,-26.292,0.729,0,0
141,1,141,2.283,68.142,70.424,-2.355,26.956,29.311,6.364,399.519,405.883,35.954,-39.462,-40.114,-53.638,-53.49,1.18,-4.676,-25.333,-2.478,26.965,29.443,6.467,398.852,405.319,36.082,-40.67,-40.317,-54.569,-54.312,1.095,-9.277,-27.43,0.716,0,0
142,1,142,2.355,71.738,74.093,-2.468,26.955,29.423,6.41,401.318,407.728,35.784,-39.014,-39.692,-53.729,-53.588,1.273,-4.506,-25.482,-2.59,26.961,29.551,6.465,400.439,406.903,35.901,-40.369,-40.205,-54.643,-54.483,1.153,-9.016,-27.775,0.715,0,0
143,1,143,2.293,68.969,71.261,-2.166,26.962,29.128,6.434,398.618,405.052,36.073,-38.363,-38.991,-53.187,-53.145,1.392,-3.779,-24.597,-2.488,26.97,29.458,6.467,397.058,403.525,36.282,-40.4,-40.253,-54.604,-54.346,1.101,-8.215,-26.76,0.711,0,0
144,1,144,2.333,71.781,74.114,-1.994,26.964,28.958,6.413,400.751,407.164,35.909,-37.842,-38.499,-52.964,-52.981,1.614,-3.683,-24.495,-2.308,26.969,29.277,6.417,399.477,405.894,36.063,-40.236,-40.236,-54.583,-54.349,1.125,-8.104,-26.746,0.715,0,0
145,1,145,2.329,70.178,72.508,-2.194,26.959,29.153,6.366,396.364,402.73,36.259,-38.361,-39.021,-53.266,-53.207,1.436,-4.332,-24.851,-2.343,26.98,29.323,6.39,395.853,402.242,36.481,-40.101,-40.065,-54.432,-54.262,1.195,-8.9,-27.105,0.715,0,0
146,1,146,2.322,69.559,71.88,-2.383,26.955,29.338,6.5,400.734,407.234,35.824,-39.027,-39.689,-53.576,-53.493,1.298,-4.409,-25.189,-2.528,26.965,29.493,6.442,400.286,406.728,35.95,-40.517,-40.306,-54.687,-54.445,1.121,-8.927,-27.3,0.711,0,0
147,1,147,2.458,76.044,78.502,-2.715,26.955,29.67,6.454,400.044,406.498,35.894,-38.935,-39.486,-53.968,-53.769,1.359,-4.759,-25.623,-2.813,26.958,29.771,6.471,399.098,405.569,36.001,-40.026,-39.824,-54.814,-54.588,1.294,-9.255,-28.071,0.714,0,0
148,1,148,2.336,70.479,72.816,-2.069,26.962,29.031,6.459,399.251,405.71,36.015,-38.326,-38.982,-53.364,-53.331,1.447,-3.672,-24.404,-2.398,26.963,29.361,6.486,397.392,403.879,36.193,-40.674,-40.592,-55.001,-54.731,1.074,-8.122,-26.618,0.714,0,0
149,1,149,2.348,70.842,73.189,-2.203,26.962,29.165,6.444,398.854,405.298,36.056,-37.849,-38.512,-53.196,-53.149,1.557,-3.991,-24.743,-2.465,26.971,29.436,6.411,396.98,403.391,36.299,-40.008,-40.076,-54.587,-54.396,1.237,-8.504,-27.122,0.715,0,0
150,1,150,2.366,70.815,73.181,-1.955,26.963,28.918,6.47,399.857,406.327,35.976,-37.834,-38.482,-53.07,-53.067,1.566,-3.519,-24.562,-2.305,26.961,29.266,6.432,397.003,403.435,36.207,-40.426,-40.465,-54.812,-54.611,1.074,-7.892,-26.743,0.709,0,0
151,1,151,2.32,69.799,72.119,-2.24,26.954,29.194,6.407,398.925,405.332,35.988,-38.863,-39.499,-53.344,-53.232,1.294,-4.069,-25.269,-2.436,26.973,29.409,6.436,396.954,403.389,36.319,-40.318,-40.075,-54.372,-54.156,1.189,-8.411,-27.466,0.714,0,0
152,1,152,2.44,74.904,77.344,-2.362,26.961,29.323,6.486,399.124,405.61,36.015,-37.993,-38.541,-53.442,-53.342,1.626,-4.082,-25.011,-2.6,26.961,29.561,6.532,397.557,404.089,36.158,-40.031,-40.014,-54.759,-54.593,1.26,-8.515,-27.48,0.714,0,0
153,1,153,2.32,68.967,71.288,-2.24,26.961,29.201,6.502,398.823,405.325,36.041,-38.519,-39.088,-53.373,-53.241,1.479,-3.932,-24.9,-2.434,26.961,29.395,6.484,396.888,403.373,36.218,-40.28,-40.118,-54.639,-54.374,1.181,-8.322,-27.304,0.713,0,0
154,1,154,2.377,72.785,75.162,-2.259,26.956,29.215,6.477,400.002,406.478,35.903,-38.345,-39.06,-53.531,-53.482,1.411,-4.235,-24.865,-2.469,26.971,29.44,6.479,398.956,405.434,36.113,-40.352,-40.392,-54.898,-54.687,1.133,-8.784,-27.142,0.714,0,0
155,1,155,2.324,69.196,71.52,-2.039,26.963,29.002,6.426,396.355,402.781,36.293,-38.003,-38.585,-52.986,-52.923,1.556,-3.689,-24.71,-2.348,26.96,29.308,6.398,393.077,399.475,36.569,-40.142,-40.067,-54.479,-54.206,1.189,-8.056,-26.964,0.718,0,0
156,1,156,2.32,69.041,71.361,-2.08,26.955,29.035,6.402,399.236,405.638,35.965,-37.873,-38.433,-52.958,-52.904,1.646,-3.64,-24.475,-2.399,26.966,29.365,6.419,396.995,403.414,36.255,-40.025,-39.903,-54.371,-54.128,1.251,-7.981,-26.784,0.713,0,0
157,1,157,2.34,70.079,72.419,-2.126,26.96,29.086,6.439,400.367,406.807,35.905,-38.526,-39.184,-53.271,-53.197,1.382,-3.922,-24.778,-2.424,26.964,29.388,6.446,398.388,404.834,36.109,-40.557,-40.381,-54.696,-54.432,1.081,-8.364,-26.919,0.72,0,0
158,1,158,2.339,70.717,73.056,-2.216,26.959,29.175,6.42,398.934,405.355,36.023,-38.506,-39.171,-53.378,-53.323,1.429,-4.242,-24.936,-2.462,26.956,29.418,6.469,396.898,403.367,36.178,-40.401,-40.323,-54.744,-54.503,1.126,-8.777,-27.197,0.716,0,0
159,1,159,2.409,72.814,75.223,-2.401,26.962,29.363,6.45,400.372,406.821,35.921,-38.847,-39.481,-53.621,-53.514,1.349,-4.503,-25.121,-2.586,26.969,29.555,6.508,399.407,405.915,36.055,-40.429,-40.292,-54.715,-54.505,1.157,-9.059,-27.207,0.717,0,0
160,1,160,2.357,71.599,73.956,-2.099,26.962,29.061,6.452,400.762,407.214,35.893,-38.713,-39.375,-53.322,-53.25,1.357,-3.941,-24.943,-2.374,26.98,29.354,6.486,399.291,405.778,36.174,-40.486,-40.287,-54.577,-54.343,1.095,-8.318,-27.064,0.715,0,0
161,1,161,2.293,68.614,70.907,-2.016,26.958,28.974,6.383,398.464,404.847,36.064,-38.001,-38.616,-52.908,-52.88,1.589,-4.086,-24.546,-2.311,26.965,29.276,6.442,397.08,403.522,36.238,-40.052,-39.953,-54.312,-54.094,1.197,-8.632,-26.892,0.714,0,0
162,1,162,2.362,72.363,74.726,-2.184,26.962,29.146,6.423,399.176,405.599,36.025,-38.172,-38.756,-53.222,-53.178,1.52,-4.313,-24.753,-2.471,26.953,29.424,6.456,397.122,403.579,36.133,-40.111,-39.997,-54.613,-54.368,1.222,-8.901,-27.281,0.718,0,0
163,1,163,2.359,71.301,73.66,-2.02,26.961,28.981,6.419,402.266,408.685,35.748,-38.377,-39.035,-53.162,-53.111,1.417,-3.853,-24.854,-2.31,26.976,29.286,6.526,400.992,407.517,35.977,-40.37,-40.251,-54.525,-54.306,1.114,-8.232,-27.034,0.713,0,0
164,1,164,2.368,71.717,74.085,-2.278,26.962,29.24,6.454,400.361,406.815,35.916,-38.499,-39.175,-53.499,-53.455,1.402,-4.223,-24.77,-2.505,26.976,29.481,6.435,398.915,405.349,36.169,-40.415,-40.369,-54.833,-54.621,1.143,-8.741,-26.902,0.713,0,0
165,1,165,2.357,71.975,74.332,-2.127,26.962,29.089,6.431,402.7,409.131,35.72,-38.272,-38.871,-53.136,-53.092,1.486,-3.59,-24.554,-2.51,26.963,29.473,6.47,399.547,406.017,36.002,-40.482,-40.311,-54.674,-54.393,1.117,-7.944,-26.781,0.716,0,0
166,1,166,2.312,69.989,72.301,-2.294,26.955,29.249,6.377,395.935,402.311,36.263,-37.964,-38.578,-53.16,-53.109,1.553,-4.265,-25.046,-2.494,26.97,29.464,6.405,395.142,401.547,36.454,-39.876,-39.885,-54.439,-54.25,1.237,-8.76,-27.401,0.716,0,0
167,1,167,2.317,70.293,72.609,-2.251,26.959,29.21,6.405,396.71,403.116,36.227,-37.921,-38.514,-53.096,-53.037,1.58,-4.144,-24.677,-2.475,26.968,29.443,6.377,395.45,401.827,36.416,-39.843,-39.817,-54.434,-54.206,1.242,-8.632,-27.098,0.718,0,0
168,1,168,2.425,73.885,76.31,-2.13,26.956,29.086,6.492,401.058,407.55,35.804,-38.633,-39.257,-53.472,-53.374,1.408,-4.197,-25.057,-2.384,26.962,29.346,6.516,399.381,405.897,36,-40.408,-40.26,-54.75,-54.516,1.154,-8.646,-27.354,0.717,0,0
169,1,169,2.407,72.559,74.966,-2.132,26.955,29.087,6.48,399.19,405.671,35.963,-37.993,-38.661,-53.282,-53.279,1.505,-3.988,-24.77,-2.37,26.973,29.343,6.457,398.058,404.515,36.212,-40.113,-40.176,-54.668,-54.508,1.161,-8.449,-27.013,0.715,0,0
170,1,170,2.37,72.586,74.957,-2.204,26.962,29.166,6.436,404.73,411.167,35.537,-38.451,-39.122,-53.411,-53.394,1.419,-3.573,-24.836,-2.53,26.962,29.492,6.536,402.296,408.832,35.742,-40.728,-40.634,-54.987,-54.743,1.048,-7.912,-27.07,0.716,0,0
171,1,171,2.415,69.681,72.096,-2.636,27.018,29.654,6.278,378.005,384.283,38.517,-38.949,-39.624,-52.563,-52.612,1.369,-7.805,-29.878,-2.669,27.032,29.701,6.325,379.054,385.379,38.537,-38.868,-39.139,-53.497,-53.224,1.318,-12.341,-30.268,0.712,0,0
172,1,172,2.335,66.813,69.148,-2.306,27.012,29.318,6.25,380.511,386.761,38.216,-38.843,-39.558,-52.305,-52.376,1.411,-7.04,-29.452,-2.481,27.031,29.512,6.286,381.115,387.4,38.323,-39.365,-39.613,-53.405,-53.103,1.21,-11.317,-29.713,0.719,0,0
173,1,173,2.401,69.488,71.889,-2.539,27.008,29.547,6.284,378.249,384.533,38.401,-39.281,-39.982,-52.789,-52.842,1.332,-7.314,-29.43,-2.719,27.026,29.745,6.349,377.895,384.244,38.592,-39.728,-39.944,-53.899,-53.615,1.142,-11.679,-29.673,0.715,0,0
174,1,174,2.414,70.071,72.485,-1.868,27.019,28.887,6.334,384.33,390.664,37.898,-38.295,-39.079,-51.754,-51.957,1.577,-6.641,-28.789,-2.378,27.006,29.384,6.322,382.066,388.389,38.009,-39.854,-40.091,-53.435,-53.106,1.079,-10.937,-28.964,0.711,0,0
175,1,175,2.443,70.472,72.915,-2.553,26.994,29.547,6.325,380.597,386.921,38.045,-39.215,-40.057,-52.91,-52.984,1.298,-7.208,-28.177,-2.935,27.016,29.951,6.374,381.46,387.834,38.147,-40.578,-40.912,-54.438,-54.076,0.927,-11.83,-28.184,0.713,0,0
176,1,176,2.396,68.674,71.07,-2.506,27.016,29.522,6.265,380.509,386.774,38.254,-38.932,-39.768,-52.888,-52.994,1.416,-7.101,-28.585,-2.712,27.025,29.737,6.318,379.702,386.02,38.404,-40.193,-40.555,-54.344,-54.016,1.072,-11.534,-28.66,0.718,0,0
177,1,177,2.409,70.444,72.853,-2.369,27.002,29.371,6.275,379.918,386.194,38.189,-38.489,-39.292,-52.566,-52.743,1.493,-7.028,-29.316,-2.637,27.031,29.668,6.328,380.012,386.34,38.427,-39.58,-39.95,-53.899,-53.592,1.153,-11.365,-29.685,0.714,0,0
178,1,178,2.465,71.871,74.336,-2.408,27.021,29.429,6.43,385.688,392.118,37.778,-38.679,-39.437,-52.491,-52.632,1.45,-6.835,-29.262,-2.743,27.025,29.768,6.475,384.818,391.294,37.89,-39.819,-40.174,-53.902,-53.64,1.094,-11.207,-29.811,0.718,0,0
179,1,179,2.357,68.713,71.07,-1.985,27.004,28.989,6.301,381.923,388.224,38.007,-39.099,-39.985,-52.473,-52.645,1.318,-6.723,-28.308,-2.482,27.011,29.493,6.315,380.699,387.013,38.186,-40.811,-41.026,-54.195,-53.816,0.854,-11.107,-28.256,0.711,0,0
180,1,180,2.578,77.701,80.28,-2.676,27.019,29.695,6.365,382.773,389.138,38.042,-39.585,-40.2,-53.359,-53.366,1.301,-7.617,-29.753,-2.799,27.034,29.833,6.455,382.337,388.792,38.215,-39.579,-39.717,-54.332,-54.017,1.223,-11.952,-30.245,0.718,0,0
181,1,181,2.384,69.405,71.789,-2.162,27.006,29.168,6.312,380.713,387.026,38.137,-38.483,-39.171,-52.223,-52.364,1.516,-7.31,-28.76,-2.491,27.011,29.502,6.357,380.058,386.415,38.24,-39.321,-39.539,-53.636,-53.306,1.222,-11.847,-29.185,0.716,0,0
182,1,182,2.481,72.918,75.399,-2.33,27.013,29.343,6.409,385.867,392.276,37.686,-39.143,-39.944,-52.945,-53.086,1.365,-7.087,-28.936,-2.581,27.026,29.607,6.481,385.713,392.194,37.815,-40.012,-40.307,-54.174,-53.905,1.077,-11.479,-29.198,0.714,0,0
183,1,183,2.478,72.75,75.229,-2.343,27.016,29.359,6.349,381.797,388.147,38.12,-39.176,-40.038,-52.806,-52.913,1.342,-7.175,-28.861,-2.699,27.022,29.721,6.354,381.611,387.965,38.188,-40.429,-40.741,-54.282,-53.987,0.992,-11.645,-29.076,0.719,0,0
184,1,184,2.399,70.257,72.656,-2.205,27.016,29.221,6.299,378.87,385.168,38.418,-38.461,-39.3,-52.471,-52.638,1.476,-7.133,-29.158,-2.495,27.01,29.505,6.327,378.861,385.189,38.355,-39.703,-40.109,-53.792,-53.527,1.116,-11.548,-29.418,0.712,0,0
185,1,185,2.439,71.113,73.553,-2.195,27.015,29.21,6.349,384.739,391.088,37.821,-38.081,-38.785,-52.387,-52.575,1.571,-6.859,-28.746,-2.503,27.025,29.528,6.379,384.09,390.469,37.964,-39.331,-39.667,-53.882,-53.539,1.199,-11.268,-29.333,0.712,0,0
186,1,186,2.271,64.528,66.798,-2.249,27.031,29.28,6.168,378.607,384.775,38.587,-38.223,-38.932,-52.007,-52.079,1.569,-6.738,-28.811,-2.504,27.032,29.536,6.223,377.328,383.551,38.717,-39.259,-39.591,-53.302,-53.001,1.232,-11.112,-29.171,0.719,0,0
187,1,187,2.385,69.432,71.817,-2.466,27,29.466,6.316,379.694,386.009,38.189,-38.502,-39.2,-52.399,-52.526,1.533,-6.888,-28.845,-2.698,27.024,29.722,6.343,380.022,386.364,38.365,-39.455,-39.756,-53.723,-53.415,1.188,-11.19,-28.916,0.715,0,0
188,1,188,2.422,70.38,72.802,-2.465,26.981,29.446,6.347,382.289,388.636,37.766,-40.036,-40.902,-53.165,-53.204,1.056,-7.236,-29.398,-2.716,26.997,29.713,6.385,381.885,388.269,37.942,-41.238,-41.423,-54.377,-54.082,0.846,-11.577,-29.356,0.716,0,0
189,1,189,2.405,69.764,72.169,-2.339,27.015,29.354,6.249,380.41,386.659,38.25,-39.158,-40.008,-52.937,-53.051,1.386,-7.116,-28.931,-2.585,27.029,29.614,6.289,379.562,385.851,38.459,-40.255,-40.571,-54.25,-53.951,1.015,-11.381,-28.865,0.712,0,0
190,1,190,2.438,71.031,73.47,-2.441,26.988,29.429,6.421,382.25,388.671,37.817,-40.127,-41.047,-53.329,-53.425,1.06,-7.425,-29.097,-2.653,27.007,29.66,6.505,382.673,389.178,37.934,-41.018,-41.328,-54.456,-54.214,0.848,-11.657,-28.886,0.711,0,0
191,1,191,2.417,71.658,74.075,-2.268,27.023,29.291,6.338,382.554,388.892,38.108,-38.812,-39.598,-52.569,-52.723,1.417,-7.165,-29.314,-2.513,27.013,29.526,6.381,380.735,387.116,38.191,-39.926,-40.266,-54.079,-53.794,1.12,-11.338,-29.486,0.705,0,0
192,1,192,2.399,70.258,72.657,-1.993,27.014,29.007,6.305,381.019,387.325,38.183,-39.006,-39.9,-52.475,-52.692,1.35,-7.449,-29.151,-2.288,27.023,29.311,6.349,380.761,387.111,38.282,-40.25,-40.615,-53.973,-53.703,1.01,-11.808,-29.313,0.716,0,0
193,1,193,2.373,68.333,70.706,-2.427,27.002,29.429,6.236,378.052,384.287,38.375,-39.853,-40.577,-52.909,-52.956,1.195,-7.645,-29.493,-2.519,27.024,29.543,6.289,378.395,384.684,38.531,-40.158,-40.383,-53.887,-53.605,1.098,-11.936,-29.422,0.714,0,0
194,1,194,2.471,71.703,74.174,-2.47,27.008,29.478,6.38,381.946,388.327,38.029,-39.197,-40.102,-52.993,-53.164,1.304,-7.218,-29.135,-2.677,27.024,29.701,6.45,382.138,388.587,38.142,-40.359,-40.787,-54.408,-54.159,1.001,-11.478,-29.135,0.717,0,0
195,1,195,2.477,73.18,75.657,-2.327,27.002,29.329,6.371,383.778,390.15,37.805,-39.796,-40.704,-53.117,-53.273,1.192,-7.848,-29.574,-2.58,27.021,29.601,6.461,384.162,390.623,37.924,-40.545,-40.884,-54.286,-54.069,0.972,-12.247,-29.902,0.72,0,0
196,1,196,2.435,72.519,74.955,-1.613,26.964,28.577,7.042,416.353,423.395,34.526,-41.036,-40.979,-56.416,-56.12,1.205,-5.138,-17.173,-1.488,26.989,28.477,7.32,430.791,438.111,33.563,-42.409,-41.679,-55.958,-55.36,0.971,-3.311,-16.048,0.725,0,0
197,1,197,2.361,69.571,71.932,-2.015,26.964,28.979,6.825,410.19,417.015,35.055,-40.635,-40.174,-56.688,-56.348,1.195,-5.587,-16.829,-1.568,26.992,28.56,7.153,423.724,430.877,34.144,-40.482,-39.514,-53.534,-52.876,1.303,-3.605,-16.342,0.718,0,0
198,1,198,2.414,75.051,77.465,-1.972,26.965,28.937,6.994,417.062,424.055,34.486,-42.16,-42.103,-56.164,-55.782,1.178,-5.101,-16.211,-1.739,26.966,28.705,7.332,432.328,439.66,33.268,-42.589,-42.027,-55.172,-54.671,1.037,-3.425,-15.743,0.719,0,0
199,1,199,2.381,72.173,74.554,-1.924,26.994,28.918,6.853,411.667,418.521,35.17,-40.395,-40.273,-55.69,-55.464,1.215,-5.306,-16.364,-1.586,26.963,28.549,7.168,424.704,431.872,33.847,-41.046,-40.358,-53.851,-53.299,1.156,-3.434,-15.671,0.718,0,0
200,1,200,2.437,73.348,75.785,-1.854,26.967,28.821,7.079,418.242,425.321,34.393,-41.154,-40.932,-56.406,-56.1,1.2,-5.393,-16.902,-1.651,26.971,28.622,7.342,430.732,438.075,33.425,-41.729,-40.799,-54.582,-53.909,1.093,-3.525,-16.063,0.719,0,0
201,1,201,2.369,72.304,74.673,-1.999,26.957,28.956,6.954,415.191,422.146,34.571,-41.243,-40.981,-56.764,-56.324,1.186,-5.432,-16.421,-1.774,26.974,28.748,7.283,429.494,436.777,33.546,-42.216,-41.266,-55.129,-54.557,1.063,-3.641,-15.964,0.723,0,0
202,1,202,2.428,73.657,76.085,-2.206,26.987,29.193,7.014,412.854,419.869,35.004,-41.282,-41.612,-56.218,-56.023,1.229,-5.081,-16.51,-1.857,26.965,28.822,7.25,425.613,432.863,33.782,-42.114,-41.665,-55.228,-54.675,1.066,-3.256,-15.996,0.717,0,0
203,1,203,2.258,66.482,68.739,-1.846,26.97,28.816,6.771,410.861,417.632,35.051,-39.571,-39.328,-56.229,-55.95,1.247,-4.98,-16.688,-1.615,26.976,28.591,7.073,423.925,430.997,34.011,-41.028,-40.192,-54.712,-54.16,1.071,-3.189,-16.148,0.716,0,0
204,1,204,2.372,71.897,74.269,-2.186,26.96,29.146,6.821,412.354,419.176,34.843,-40.743,-40.518,-56.633,-56.38,1.181,-5.971,-17.292,-1.909,26.971,28.88,7.125,424.236,431.362,33.94,-41.657,-40.635,-54.662,-54.083,1.124,-3.975,-16.525,0.718,0,0
205,1,205,2.372,72.258,74.63,-2.005,26.985,28.99,6.739,411.671,418.41,35.111,-40.798,-40.924,-56.468,-56.199,1.235,-5.674,-16.492,-1.684,26.973,28.657,7.049,424.846,431.895,33.923,-41.872,-41.236,-55.167,-54.61,1.064,-3.797,-16.121,0.717,0,0
206,1,206,2.446,73.895,76.341,-2.266,26.965,29.231,7.048,415.96,423.009,34.564,-41.326,-41.271,-56.91,-56.473,1.191,-5.11,-16.252,-1.747,26.987,28.734,7.327,429.661,436.988,33.631,-41.192,-40.43,-54.081,-53.517,1.212,-3.22,-16.056,0.72,0,0
207,1,207,2.418,74.278,76.697,-2.132,26.964,29.096,6.867,410.817,417.685,35.001,-41.116,-41.055,-56.359,-56.045,1.201,-5.901,-17.05,-1.807,26.969,28.776,7.13,423.071,430.2,34.019,-41.864,-41.012,-54.77,-54.182,1.11,-3.897,-16.278,0.722,0,0
208,1,208,2.336,69.617,71.953,-2.09,26.966,29.056,6.796,409.262,416.058,35.149,-40.375,-40.294,-56.513,-56.189,1.259,-5.13,-16.438,-1.667,26.968,28.635,7.106,422.497,429.603,34.064,-41.518,-40.761,-54.682,-54.135,1.088,-3.233,-15.991,0.715,0,0
209,1,209,2.399,71.077,73.476,-1.817,26.964,28.781,6.922,413.157,420.079,34.803,-40.632,-40.59,-56.458,-56.294,1.241,-5.161,-16.89,-1.622,27.017,28.639,7.23,428.256,435.485,33.983,-41.944,-41.242,-55.497,-54.911,1.019,-3.339,-16.036,0.717,0,0
210,1,210,2.356,72.005,74.361,-1.859,26.954,28.813,6.864,413.277,420.141,34.712,-40.37,-40.064,-56.278,-55.957,1.222,-5.414,-17.306,-1.687,27.028,28.715,7.092,428.935,436.027,34.025,-41.744,-40.775,-55.248,-54.744,0.977,-3.455,-16.297,0.716,0,0
211,1,211,2.336,69.695,72.031,-1.827,26.959,28.786,6.897,416.001,422.898,34.529,-40.166,-39.71,-56.718,-56.306,1.224,-5.386,-17.56,-1.65,26.961,28.611,7.198,427.944,435.143,33.571,-41.746,-40.596,-55.255,-54.613,1.013,-3.525,-16.668,0.721,0,0
212,1,212,2.341,69.291,71.632,-1.937,26.968,28.905,6.84,409.546,416.387,35.138,-40.404,-40.287,-56.444,-56.101,1.247,-4.934,-16.002,-1.544,26.97,28.514,7.175,423.403,430.578,33.999,-41.58,-40.791,-54.75,-54.197,1.091,-3.044,-15.554,0.717,0,0
213,1,213,2.335,70.595,72.93,-1.77,26.966,28.736,6.797,409.767,416.564,35.114,-40.63,-40.381,-56.571,-56.132,1.21,-5.902,-17.068,-1.575,26.967,28.542,7.019,422.225,429.244,34.079,-41.766,-40.824,-55.028,-54.377,1.036,-3.988,-16.282,0.717,0,0
214,1,214,2.42,73.833,76.253,-2.011,26.952,28.963,7.031,416.452,423.483,34.426,-41.575,-41.477,-56.661,-56.178,1.201,-5.335,-16.909,-1.78,26.973,28.753,7.323,430.787,438.109,33.434,-42.601,-41.775,-55.37,-54.857,1.033,-3.504,-16.27,0.719,0,0
215,1,215,2.351,71.892,74.243,-2.03,26.966,28.996,6.94,416.938,423.878,34.506,-41.304,-41.142,-56.436,-56.162,1.165,-5.663,-16.429,-1.747,26.985,28.732,7.213,430.351,437.564,33.575,-41.08,-40.17,-54.17,-53.531,1.265,-3.779,-15.863,0.719,0,0
216,1,216,2.461,76.112,78.573,-2.415,26.96,29.375,7.036,416.895,423.932,34.45,-42.292,-42.467,-57.03,-56.517,1.175,-5.5,-16.569,-2.048,26.966,29.014,7.353,430.902,438.255,33.374,-42.523,-41.888,-55.37,-54.809,1.091,-3.636,-16.203,0.722,0,0
217,1,217,2.318,70.95,73.267,-2.184,26.997,29.181,6.625,405.165,411.789,35.775,-40.985,-40.959,-56.419,-56.148,1.23,-5.728,-16.023,-1.684,26.991,28.675,6.939,418.219,425.157,34.602,-40.379,-39.682,-53.629,-53.018,1.327,-3.747,-15.572,0.718,0,0
218,1,218,2.346,71.089,73.434,-1.736,26.955,28.691,6.981,417.23,424.211,34.394,-40.809,-40.362,-56.312,-56.061,1.176,-5.43,-16.79,-1.575,26.966,28.541,7.267,429.337,436.604,33.498,-41.864,-40.74,-54.641,-54.035,1.064,-3.611,-16.072,0.726,0,0
219,1,219,2.344,70.172,72.516,-1.95,26.982,28.932,6.813,409.844,416.657,35.229,-40.135,-40.174,-55.593,-55.384,1.283,-5.373,-17.014,-1.727,26.993,28.72,7.138,423.604,430.743,34.165,-41.458,-40.867,-54.91,-54.431,1.039,-3.491,-16.148,0.722,0,0
220,1,220,2.359,71.367,73.726,-1.723,26.962,28.685,6.961,416.183,423.144,34.537,-40.864,-40.509,-56.324,-56.033,1.214,-4.633,-16.208,-1.416,26.985,28.401,7.325,430.465,437.79,33.556,-41.682,-40.711,-54.366,-53.804,1.107,-2.868,-15.763,0.721,0,0
221,1,221,2.415,79.801,82.216,-2.403,26.960,29.362,6.530,404.763,411.293,35.511,-41.186,-41.680,-56.000,-55.926,1.187,-16.988,-23.371,-2.277,27.000,29.277,6.760,414.194,420.955,35.016,-43.056,-42.868,-55.194,-55.102,1.057,-12.777,-18.688,0.676,475.392,11542.667
222,1,222,2.258,73.037,75.295,-2.524,26.956,29.480,6.297,393.978,400.275,36.455,-41.242,-41.627,-55.871,-55.831,1.139,-17.830,-22.287,-2.304,26.992,29.296,6.563,400.937,407.500,36.107,-42.459,-41.851,-54.110,-53.862,1.117,-13.711,-18.652,0.668,409.455,9915.333
223,1,223,2.285,71.637,73.922,-1.954,26.958,28.912,6.413,395.663,402.076,36.308,-40.706,-41.090,-55.363,-55.270,1.118,-17.260,-23.137,-1.764,26.988,28.752,6.500,402.398,408.898,35.948,-42.750,-42.170,-54.252,-54.136,1.032,-13.004,-18.556,0.674,384.237,10701.667
224,1,224,2.313,71.901,74.213,-2.265,26.958,29.223,6.367,395.752,402.118,36.304,-41.354,-41.544,-56.013,-55.788,1.111,-16.965,-21.557,-1.986,27.003,28.988,6.571,401.717,408.289,36.126,-42.236,-41.364,-53.502,-53.189,1.171,-12.637,-18.061,0.669,372.994,13632.333
225,1,225,2.233,70.576,72.809,-2.052,26.961,29.013,6.450,399.500,405.950,35.988,-40.611,-41.095,-55.446,-55.402,1.169,-17.402,-23.009,-1.821,26.990,28.811,6.580,406.545,413.125,35.595,-42.502,-42.005,-54.179,-54.044,1.102,-13.339,-19.010,0.664,470.608,12151.333
226,1,226,2.201,66.824,69.025,-1.805,26.991,28.796,6.418,398.877,405.296,36.299,-40.711,-40.968,-55.487,-55.392,1.119,-17.345,-22.144,-1.625,26.982,28.607,6.611,403.346,409.957,35.808,-42.690,-41.831,-53.978,-53.729,1.027,-13.088,-18.489,0.669,399.128,11180.333
227,1,227,2.300,74.000,76.301,-2.032,26.957,28.989,6.491,406.497,412.987,35.340,-41.605,-41.866,-55.662,-55.556,1.072,-17.388,-22.977,-2.044,26.987,29.031,6.656,413.913,420.569,34.944,-43.400,-42.541,-54.407,-54.144,0.983,-13.294,-18.827,0.662,382.005,10826.333
228,1,228,2.166,67.052,69.218,-1.706,26.970,28.676,6.450,402.619,409.069,35.787,-40.603,-40.789,-55.147,-55.137,1.126,-17.089,-23.040,-1.636,26.980,28.617,6.549,408.144,414.693,35.386,-42.891,-42.062,-54.213,-54.083,0.991,-12.940,-18.675,0.674,360.443,11019.333
229,1,229,2.228,71.592,73.822,-2.279,26.960,29.239,6.245,397.243,403.488,36.201,-40.916,-41.142,-55.207,-55.067,1.178,-17.767,-23.560,-2.160,27.002,29.162,6.427,403.801,410.229,35.944,-42.226,-41.525,-53.640,-53.401,1.165,-13.920,-19.092,0.671,389.879,11491.667
230,1,230,2.303,75.298,77.600,-2.539,26.968,29.507,6.285,396.379,402.663,36.340,-41.458,-41.887,-56.113,-55.978,1.127,-17.790,-22.361,-2.325,27.000,29.325,6.451,402.865,409.315,36.012,-42.756,-42.125,-54.489,-54.275,1.100,-13.672,-18.546,0.663,367.471,10240.000
231,1,231,2.294,73.391,75.686,-2.408,26.958,29.366,6.366,400.974,407.340,35.840,-41.612,-41.910,-56.117,-55.876,1.080,-17.693,-22.907,-2.211,26.999,29.210,6.522,407.955,414.476,35.560,-42.982,-42.184,-54.324,-54.035,1.055,-13.551,-19.071,0.656,405.924,10544.333
232,1,232,2.335,74.996,77.331,-2.304,26.958,29.262,6.472,400.164,406.636,35.904,-42.069,-42.498,-56.667,-56.345,1.047,-18.046,-23.688,-2.229,26.994,29.224,6.597,406.318,412.915,35.653,-43.548,-42.836,-55.003,-54.684,1.014,-14.039,-19.075,0.660,475.743,12154.333
233,1,233,2.201,69.289,71.490,-1.871,26.960,28.831,6.455,402.904,409.358,35.683,-41.004,-41.348,-55.509,-55.454,1.118,-16.824,-22.492,-1.736,26.987,28.723,6.674,410.322,416.997,35.246,-43.031,-42.390,-54.371,-54.325,1.001,-12.529,-18.276,0.665,460.906,19578.333
234,1,234,2.230,68.534,70.765,-1.749,26.987,28.736,6.427,397.962,404.388,36.345,-40.179,-40.355,-54.405,-54.321,1.187,-17.239,-23.482,-1.690,26.998,28.688,6.524,403.352,409.876,35.946,-42.383,-41.667,-53.540,-53.464,1.056,-13.158,-18.415,0.670,393.899,10925.667
235,1,235,2.241,70.841,73.082,-2.178,26.963,29.141,6.393,395.258,401.651,36.390,-41.062,-41.510,-55.604,-55.559,1.127,-17.443,-21.603,-1.920,26.996,28.916,6.518,402.093,408.611,36.045,-42.738,-42.100,-54.120,-53.987,1.087,-13.145,-18.190,0.675,367.500,10744.000
236,1,236,2.264,71.643,73.907,-1.796,26.967,28.763,6.457,403.120,409.578,35.718,-40.804,-41.067,-55.227,-55.146,1.108,-17.163,-23.788,-1.761,26.991,28.752,6.535,409.724,416.259,35.337,-42.924,-42.230,-54.346,-54.136,0.986,-13.074,-18.821,0.675,432.865,11077.667
237,1,237,2.174,66.886,69.060,-1.490,26.964,28.453,6.403,398.867,405.270,36.071,-40.182,-40.108,-54.475,-54.353,1.089,-17.390,-25.450,-1.498,26.985,28.483,6.544,404.238,410.782,35.758,-42.688,-41.570,-53.635,-53.408,0.965,-13.610,-19.552,0.660,438.553,13814.667
238,1,238,2.282,73.032,75.313,-2.269,26.959,29.228,6.432,402.687,409.119,35.697,-41.008,-41.553,-56.112,-56.013,1.188,-17.145,-23.393,-2.152,26.995,29.147,6.571,410.741,417.312,35.283,-42.861,-42.565,-55.046,-54.849,1.065,-13.037,-18.762,0.667,459.565,15224.333
239,1,239,2.333,72.360,74.693,-1.764,26.978,28.742,6.546,397.459,404.004,36.300,-40.563,-40.737,-55.084,-54.920,1.120,-17.935,-23.937,-1.584,26.995,28.579,6.609,402.460,409.069,35.990,-42.722,-41.813,-53.693,-53.546,1.030,-14.037,-19.532,0.662,418.862,10305.667
240,1,240,2.218,68.601,70.819,-1.935,26.965,28.900,6.383,398.874,405.257,36.082,-40.433,-40.800,-55.077,-55.002,1.132,-17.414,-24.086,-1.867,26.998,28.864,6.551,406.340,412.891,35.682,-42.611,-42.074,-54.338,-54.189,0.997,-13.445,-19.009,0.672,384.978,10273.000
241,1,241,2.297,70.388,72.686,-1.683,26.977,28.660,6.601,399.977,406.579,36.066,-40.889,-41.144,-55.488,-55.405,1.116,-17.441,-24.973,-1.608,26.987,28.595,6.640,404.903,411.543,35.712,-43.084,-42.317,-54.498,-54.282,0.975,-13.447,-19.113,0.665,376.075,11555.667
242,1,242,2.325,75.570,77.895,-2.426,26.958,29.385,6.318,399.836,406.154,35.947,-41.387,-41.874,-56.048,-55.932,1.133,-17.877,-22.711,-2.281,26.998,29.279,6.521,406.823,413.344,35.647,-42.951,-42.463,-54.717,-54.475,1.054,-13.842,-18.646,0.682,493.990,10894.333
243,1,243,2.259,71.227,73.486,-1.984,26.958,28.942,6.344,393.988,400.332,36.471,-41.605,-41.656,-55.663,-55.502,1.056,-17.823,-22.768,-1.837,27.003,28.840,6.442,399.453,405.895,36.344,-42.646,-41.520,-53.476,-53.174,1.101,-13.560,-19.047,0.681,452.837,12334.333
244,1,244,2.257,70.652,72.909,-2.048,26.986,29.034,6.355,399.047,405.401,36.245,-40.467,-40.806,-55.122,-55.045,1.167,-17.408,-23.861,-1.918,27.000,28.918,6.496,404.888,411.384,35.834,-42.516,-41.938,-54.090,-53.935,1.095,-13.588,-18.918,0.677,391.837,10075.000
245,1,245,2.313,72.147,74.460,-2.048,26.963,29.011,6.384,394.434,400.819,36.465,-41.495,-41.776,-55.790,-55.760,1.094,-17.710,-22.329,-1.858,26.995,28.853,6.542,399.881,406.423,36.227,-42.666,-41.876,-53.929,-53.635,1.075,-13.482,-18.347,0.681,453.601,11035.000
246,1,246,2.281,72.658,74.939,-2.489,26.955,29.444,6.301,396.807,403.108,36.187,-41.835,-42.145,-56.235,-56.119,1.070,-17.602,-21.526,-2.244,27.006,29.250,6.422,403.063,409.486,36.050,-42.790,-41.865,-53.989,-53.629,1.119,-13.227,-18.210,0.664,483.041,25667.333
247,1,247,2.215,68.955,71.169,-1.824,26.976,28.800,6.459,404.252,410.711,35.694,-40.585,-41.058,-55.393,-55.362,1.170,-16.828,-23.997,-1.762,26.985,28.747,6.609,411.042,417.650,35.170,-43.094,-42.655,-54.989,-54.925,0.968,-12.642,-18.667,0.671,424.844,12434.667
248,1,248,2.281,70.961,73.242,-2.108,26.959,29.067,6.428,396.084,402.512,36.279,-41.410,-41.768,-56.011,-55.880,1.113,-17.702,-22.067,-1.899,26.997,28.896,6.560,401.672,408.232,36.087,-42.816,-42.030,-54.120,-53.840,1.062,-13.420,-18.383,0.682,447.124,10940.333
249,1,249,2.234,71.871,74.104,-2.551,26.956,29.507,6.267,396.474,402.741,36.233,-41.948,-42.272,-56.558,-56.388,1.056,-17.379,-20.985,-2.249,26.994,29.243,6.422,402.428,408.851,36.003,-42.973,-42.013,-54.234,-53.994,1.086,-13.046,-17.896,0.665,408.584,11147.667
250,1,250,2.204,68.234,70.438,-1.758,26.965,28.723,6.406,398.081,404.487,36.150,-40.244,-40.645,-54.946,-54.955,1.199,-17.177,-23.221,-1.610,26.986,28.596,6.534,404.363,410.897,35.758,-42.465,-41.960,-54.063,-53.967,1.064,-12.965,-18.460,0.670,387.786,13112.000
