Header Section,,,,,,,,,,,,,,,,,,,,,,,,,,,,,,,,,,,,,
Product,VC5342,,,,,,,,,,,,,,,,,,,,,,,,,,,,,,,,,,,,
Test Plan,Rev(-),,,,,,,,,,,,,,,,,,,,,,,,,,,,,,,,,,,,
Release Date,9/17/2014,,,,,,,,,,,,,,,,,,,,,,,,,,,,,,,,,,,,
Comment,1~25 generated in for VC5341-21 test to VC5342,,,,,,,,,,,,,,,,,,,,,,,,,,,,,,,,,,,,
,,,,,,,,,,,,,,,,,,,,,,,,,,,,,,,,,,,,,
Data Section,,,,,,,,,,,,,,,,,,,,,,,,,,,,,,,,,,,,,
Device#,1,2,3,4,5,6,7,8,9,10,11,12,13,14,15,16,17,18,19,20,21,22,23,24,25,26,27,28,29,30,31,32,33,34,35,36,
Test Item,Site No,Device ID,Idle_H_Vbat,Idle_H_Vcc,Idle_H_Total,Pin_H_1850,Pout_H_1850,Gain_H_1850,Icc_H_Vbat_1850,Icc_H_Vcc_1850,Icc_H_Total_1850,PAE_H_Total_1850,ACP_L_H_1850,ACP_U_H_1850,ALT_L_H_1850,ALT_U_H_1850,EVM_H_1850,2fo_H_1850,3fo_H_1850,Pin_H_1910,Pout_H_1910,Gain_H_1910,Icc_H_Vbat_1910,Icc_H_Vcc_1910,Icc_H_Total_1910,PAE_H_Total_1910,ACP_L_H_1910,ACP_U_H_1910,ALT_L_H_1910,ALT_U_H_1910,EVM_H_1910,2fo_H_1910,3fo_H_1910,Leakage_Current,Test Time,Index Time,Status
Low Tolerance,,,5,10,10,0.3,,,1,30,30,,1.5,1.5,1.5,1.5,0.5,1.5,3,0.3,,,1,30,30,,1.5,1.5,1.5,1.5,0.5,1.5,3,5,,,
High Tolerance,,,5,10,10,0.3,,,1,30,30,,1.5,1.5,1.5,1.5,0.5,1.5,3,0.3,,,1,30,30,,1.5,1.5,1.5,1.5,0.5,1.5,3,5,,,
Enable,,,1,1,1,1,0,0,0,1,1,,1,1,1,1,1,1,1,1,0,0,0,1,1,,1,1,1,1,1,1,1,1,,,
1,1,1,2.235,67.413,69.648,3.114,27.47,25.261,6.729,400.384,407.113,40.081,-39.162,-38.69,-51.407,-51.616,1.979,-6.478,-43.233,2.303,27.479,25.081,6.581,393.996,400.578,40.68,-38.559,-37.703,-51.817,-51.835,2.223,-9.185,-41.938,0.708,415.28,152036.667,
2,1,2,2.302,67.134,69.437,3.302,27.461,25.063,6.863,405.612,412.476,39.48,-39.04,-38.512,-51.675,-51.855,1.991,-6.872,-43.597,2.479,27.464,24.891,6.707,399.039,405.746,40.036,-38.546,-37.57,-52.172,-52.23,2.211,-9.822,-42.168,0.713,398.733,19060.667,
3,1,3,2.238,66.59,68.827,3.599,27.462,24.767,6.733,401.317,408.051,39.909,-38.535,-37.915,-50.814,-50.944,2.026,-5.874,-44.594,2.722,27.474,24.657,6.607,394.431,401.038,40.586,-37.797,-36.72,-51.063,-51.063,2.244,-8.297,-45.152,0.717,359.04,31769.333,
4,1,4,2.259,67.345,69.604,3.143,27.452,25.214,6.769,400.523,407.292,39.899,-39.522,-38.924,-51.375,-51.561,2.015,-6.38,-45.18,2.371,27.472,25.006,6.605,393.891,400.496,40.626,-38.764,-37.643,-51.758,-51.705,2.209,-9.022,-42.856,0.714,392.59,27832,
5,1,5,2.248,67.023,69.271,2.888,27.456,25.473,6.784,399.159,405.943,40.069,-39.484,-38.959,-51.533,-51.715,1.957,-6.773,-45.672,2.247,27.475,25.133,6.676,393.329,400.006,40.701,-38.925,-38.079,-51.926,-52.003,2.177,-9.519,-42.82,0.71,413.446,20692.333,
6,1,6,2.183,64.865,67.048,3.052,27.458,25.311,6.741,402.501,409.243,39.76,-38.721,-38.187,-51.277,-51.429,2.023,-6.237,-43.579,2.444,27.475,24.936,6.625,396.327,402.953,40.406,-38.233,-37.344,-51.924,-51.946,2.208,-8.811,-42.567,0.712,385.359,31793.333,
7,1,7,2.403,72.084,74.487,3.012,27.456,25.348,6.907,402.361,409.269,39.74,-40.049,-39.438,-51.646,-51.855,1.936,-6.671,-45.859,2.233,27.473,25.146,6.77,395.427,402.198,40.464,-39.463,-38.202,-52.161,-52.177,2.207,-9.293,-44.237,0.713,382.342,22883,
8,1,8,2.228,67.215,69.442,3.339,27.461,25.026,6.753,404.587,411.34,39.589,-38.929,-38.439,-51.397,-51.548,1.997,-6.122,-44.311,2.446,27.486,24.946,6.669,398.371,405.04,40.301,-38.385,-37.349,-51.914,-51.903,2.225,-8.604,-43.99,0.71,384.724,22686.667,
9,1,9,2.306,68.712,71.018,3.058,27.456,25.303,6.926,405.506,412.433,39.439,-39.729,-39.191,-51.848,-51.937,1.967,-6.48,-45.451,2.409,27.475,24.971,6.838,400.216,407.054,40.004,-39.246,-38.096,-52.19,-52.224,2.196,-9.063,-44.409,0.714,386.068,14615.667,
10,1,10,2.21,65.746,67.956,3.489,27.456,24.871,6.789,406.238,413.027,39.383,-38.138,-37.477,-51.029,-51.194,2.043,-6.032,-43.501,2.643,27.475,24.737,6.656,399.964,406.621,40.047,-37.477,-36.398,-51.437,-51.451,2.262,-8.509,-44.231,0.71,391.942,18145,
11,1,11,2.145,63.401,65.546,3.605,27.462,24.762,6.764,403.282,410.046,39.718,-38.091,-37.363,-51.096,-51.206,2.045,-6.245,-44.349,2.716,27.472,24.661,6.61,396.4,403.009,40.37,-37.38,-36.364,-51.269,-51.302,2.268,-8.729,-44.754,0.716,381.789,16111,
12,1,12,2.377,71.828,74.205,3.399,27.461,24.966,6.907,406.236,413.143,39.412,-39.975,-39.519,-51.529,-51.702,1.934,-6.362,-45.47,2.431,27.461,24.935,6.755,399.068,405.823,39.992,-39.336,-38.328,-52.146,-52.142,2.184,-8.94,-45.295,0.717,389.609,19755.667,
13,1,13,2.317,70.792,73.109,3.168,27.467,25.203,6.88,405.303,412.183,39.559,-39.809,-39.24,-51.782,-51.922,1.938,-6.433,-45.01,2.381,27.468,24.992,6.742,398.118,404.861,40.152,-39.258,-38.192,-52.179,-52.159,2.173,-9.092,-43.81,0.717,381.437,14489.333,
14,1,14,2.35,70.081,72.431,3.211,27.461,25.154,6.844,401.636,408.481,39.863,-39.748,-39.281,-51.376,-51.531,1.965,-6.146,-46.468,2.362,27.467,25.01,6.717,394.225,400.942,40.529,-39.18,-38.168,-51.988,-51.948,2.171,-8.623,-45.225,0.714,396.565,14071.333,
15,1,15,2.178,64.178,66.355,3.089,27.459,25.275,6.599,394.917,401.515,40.534,-38.783,-38.104,-51.216,-51.361,2.019,-7.03,-45.901,2.385,27.468,24.989,6.448,387.928,394.376,41.212,-38.095,-36.914,-51.268,-51.294,2.269,-9.751,-42.503,0.71,401.033,14975.333,
16,1,16,2.305,70.063,72.368,2.821,27.459,25.543,6.928,406.576,413.505,39.361,-40.063,-39.569,-51.927,-52.055,1.944,-6.9,-45.956,2.307,27.475,25.073,6.813,400.513,407.326,39.977,-39.616,-38.586,-52.221,-52.316,2.165,-9.636,-43.491,0.719,412.775,93857.333,
17,1,17,2.272,67.36,69.633,3.619,27.458,24.744,6.768,401.457,408.225,39.863,-38.592,-37.844,-51.208,-51.324,2.05,-6.626,-46.085,2.735,27.471,24.641,6.628,394.82,401.448,40.517,-37.805,-36.516,-51.148,-51.202,2.29,-9.183,-44.093,0.713,365.546,14072,
18,1,18,2.299,68.519,70.818,3.461,27.462,24.906,6.773,401.132,407.905,39.929,-38.97,-38.249,-51.522,-51.731,2.013,-7.146,-45.912,2.683,27.473,24.695,6.626,394.184,400.81,40.598,-38.182,-36.761,-51.522,-51.515,2.259,-9.977,-42.084,0.712,400.086,19055,
19,1,19,2.328,68.428,70.756,3.324,27.46,25.04,6.909,399.299,406.208,40.074,-39.606,-38.905,-51.644,-51.794,1.971,-6.402,-46.057,2.403,27.47,24.973,6.8,392.863,399.663,40.69,-38.867,-37.707,-52.043,-52.054,2.205,-8.953,-44.397,0.712,376.297,14506.333,
20,1,20,2.243,67.38,69.623,3.344,27.464,25.026,6.668,399.928,406.597,40.08,-38.711,-38.003,-51.005,-51.142,2.003,-6.784,-46.354,2.451,27.475,24.929,6.527,392.309,398.836,40.817,-37.908,-36.731,-51.227,-51.223,2.252,-9.545,-43.704,0.71,386.991,13712,
21,1,21,2.24,66.374,68.614,2.98,27.463,25.387,6.778,396.614,403.392,40.38,-39.64,-38.96,-51.658,-51.777,2,-6.836,-46.392,2.347,27.476,25.034,6.711,390.887,397.598,40.956,-38.939,-37.814,-51.831,-51.799,2.24,-9.595,-41.794,0.713,384.031,12697,
22,1,22,2.251,66.113,68.364,3.273,27.458,25.089,6.705,402.25,408.955,39.787,-39.149,-38.478,-51.726,-51.938,1.969,-6.851,-45.845,2.486,27.473,24.893,6.589,396.017,402.607,40.426,-38.565,-37.39,-52.288,-52.34,2.179,-9.648,-43.811,0.718,371.199,13552.333,
23,1,23,2.249,67.204,69.453,2.825,27.453,25.533,6.622,392.38,399.002,40.733,-39.819,-39.246,-51.567,-51.691,1.998,-7.184,-45.95,2.131,27.462,25.236,6.609,385.528,392.137,41.388,-39.141,-38.067,-51.799,-51.806,2.237,-9.955,-43.38,0.719,391.496,13435.667,
24,1,24,2.254,66.668,68.922,3.5,27.46,24.864,6.813,405.413,412.226,39.489,-38.685,-37.991,-51.152,-51.183,2.051,-5.98,-45.969,2.579,27.48,24.806,6.722,398.808,405.53,40.2,-37.893,-36.77,-51.272,-51.313,2.249,-8.398,-45.286,0.713,387.244,11297.667,
25,1,25,2.169,63.974,66.142,3.068,27.454,25.291,6.569,397.075,403.644,40.276,-37.939,-37.258,-51.535,-51.656,2.055,-7.419,-46.972,2.441,27.469,24.933,6.45,392.581,399.031,40.74,-37.459,-36.386,-51.583,-51.56,2.234,-10.35,-41.368,0.717,384.758,23657.667,
