Header Section,,,,,,,,,,,,,,,,,,,,,,,,,,,,,,,,,,,,,,,,,,,,,,,,,,,,,,,,,,,,,,,,,,,,,,,,,,,
Product,VC5333,,,,,,,,,,,,,,,,,,,,,,,,,,,,,,,,,,,,,,,,,,,,,,,,,,,,,,,,,,,,,,,,,,,,,,,,,,
Test Plan,Rev(-),,,,,,,,,,,,,,,,,,,,,,,,,,,,,,,,,,,,,,,,,,,,,,,,,,,,,,,,,,,,,,,,,,,,,,,,,,
Release Date,2020/3/23,,,,,,,,,,,,,,,,,,,,,,,,,,,,,,,,,,,,,,,,,,,,,,,,,,,,,,,,,,,,,,,,,,,,,,,,,,
Comment,#1-25/J1.21.1,,,,,,,,,,,,,,,,,,,,,,,,,,,,,,,,,,,,,,,,,,,,,,,,,,,,,,,,,,,,,,,,,,,,,,,,,,
,,,,,,,,,,,,,,,,,,,,,,,,,,,,,,,,,,,,,,,,,,,,,,,,,,,,,,,,,,,,,,,,,,,,,,,,,,,
Data Section,,,,,,,,,,,,,,,,,,,,,,,,,,,,,,,,,,,,,,,,,,,,,,,,,,,,,,,,,,,,,,,,,,,,,,,,,,,
Device#,1,2,3,4,5,6,7,8,9,10,11,12,13,14,15,16,17,18,19,20,21,22,23,24,25,26,27,28,29,30,31,32,33,34,35,36,37,38,39,40,41,42,43,44,45,46,47,48,49,50,51,52,53,54,55,56,57,58,59,60,61,62,63,64,65,66,67,68,69,70,71,72,73,74,75
Test Item,Site No,Device ID,OS_VCC1_N,OS_VCC2_N,OS_VCC3_N,OS_VDD_N,Leakage1_VCC1,Leakage1_VCC2,Leakage1_VCC3,Leakage1_VDD,Leakage1_LNAEN,Leakage1_PAEN,Idd_Idle_LNA,Gain_LNA_CW_2412,NF_LNA_CW_2412,Psat_LNA_CW_2412,Gain_LNA_CW_2472,NF_LNA_CW_2472,Psat_LNA_CW_2472,tON_LNA_CW_2412,tOFF_LNA_CW_2472,Gain_Bypass_CW_2412,Gain_Bypass_CW_2472,Pin_PA_B1_2412_28dBm,Pout_PA_B1_2412_28dBm,Gain_PA_B1_2412_28dBm,Idd_PA_B1_2412_28dBm,Icc_PA_B1_2412_28dBm,Vdet_PA_B1_2412_28dBm,MASK_PA_B1_2412_28dBm,2fo_PA_B1_2412_28dBm,3fo_PA_B1_2412_28dBm,Pin_PA_B1_2472_28dBm,Pout_PA_B1_2472_28dBm,Gain_PA_B1_2472_28dBm,Idd_PA_B1_2472_28dBm,Icc_PA_B1_2472_28dBm,Vdet_PA_B1_2472_28dBm,MASK_PA_B1_2472_28dBm,2fo_PA_B1_2472_28dBm,3fo_PA_B1_2472_28dBm,Pin_PA_AX2_2412_21dBm,Pout_PA_AX2_2412_21dBm,Gain_PA_AX2_2412_21dBm,Idd_PA_AX2_2412_21dBm,Icc_PA_AX2_2412_21dBm,EVM_PA_AX2_2412_21dBm,Vdet_PA_AX2_2412_21dBm,Pin_PA_AX2_2472_21dBm,Pout_PA_AX2_2472_21dBm,Gain_PA_AX2_2472_21dBm,Idd_PA_AX2_2472_21dBm,Icc_PA_AX2_2472_21dBm,EVM_PA_AX2_2472_21dBm,Vdet_PA_AX2_2472_21dBm,Fcpl_PA_CW_2412,Fcpl_PA_CW_2472,Iso_PA_CW_2412,Iso_PA_CW_2472,tON_PA_CW_2412,tOFF_PA_CW_2472,Leakage2_VCC1,Leakage2_VCC2,Leakage2_VCC3,Leakage2_VDD,Leakage2_LNAEN,Leakage2_PAEN,Delta_Leakage_VCC1,Delta_Leakage_VCC2,Delta_Leakage_VCC3,Delta_Leakage_VDD,Delta_Leakage_LNAEN,Delta_Leakage_PAEN,Test_Time,Index_Time
Low Tolerance,,,0.05,0.05,0.05,0.05,3,3,3,3,3,3,3,0.3,0.3,0.3,0.3,0.3,0.3,50,50,0.3,0.3,0.3,0.2,0.5,3,25,0.03,1.5,1.5,1.5,0.3,0.2,0.5,3,25,0.03,1.5,1.5,1.5,0.3,0.2,0.5,3,25,2,0.03,0.3,0.2,0.5,3,25,2,0.03,1.5,1.5,1.5,1.5,50,50,3,3,3,3,3,3,3,3,3,3,3,3,,
High Tolerance,,,0.05,0.05,0.05,0.05,3,3,3,3,3,3,3,0.3,0.3,0.3,0.3,0.3,0.3,50,50,0.3,0.3,0.3,0.2,0.5,3,25,0.03,1.5,1.5,1.5,0.3,0.2,0.5,3,25,0.03,1.5,1.5,1.5,0.3,0.2,0.5,3,25,2,0.03,0.3,0.2,0.5,3,25,2,0.03,1.5,1.5,1.5,1.5,50,50,3,3,3,3,3,3,3,3,3,3,3,3,,
Enable,,,1,1,1,1,1,1,1,1,1,1,1,1,1,1,1,1,1,1,1,1,1,1,1,1,1,1,1,1,1,1,1,1,1,1,1,1,1,1,1,1,1,1,1,1,1,1,1,1,1,1,1,1,1,1,1,1,1,1,1,1,1,1,1,1,1,1,1,1,1,1,1,0,0
1,1,1,-1.112,-1.076,-1.174,-0.919,0.526,0.727,0.166,17.519,3.873,3.891,13.482,16.605,1.426,13.125,16.321,1.436,12.769,349.333,332,-5.434,-5.538,-5.897,27.926,33.823,11.125,390.391,0.343,6.933,-27.374,-46.344,-5.811,27.98,33.791,11.469,378.234,0.368,4.451,-41.934,-48.207,-13.063,21.016,34.08,10.849,293.219,-35.849,0.183,-12.997,21.014,34.01,10.849,291.814,-35.36,0.206,18.042,17.973,47.871,48.384,326.667,270.667,0.797,0.933,0.878,28.629,4.141,4.153,0.27,0.206,0.711,11.11,0.263,0.268,3596.783,2822.762
2,1,2,-1.127,-1.092,-1.188,-0.928,0.572,0.76,0.19,15.732,3.841,3.866,12.944,16.506,1.45,13.089,16.226,1.481,12.734,357.333,337.333,-5.364,-5.457,-6.981,28.004,34.985,10.157,371.922,0.362,8.26,-24.334,-45.826,-7.008,28.025,35.033,10.555,362.705,0.383,5.838,-36.782,-47.799,-13.956,20.965,34.921,9.956,274.382,-36.511,0.199,-13.906,20.995,34.901,9.963,272.846,-35.696,0.215,18.623,18.541,48.208,48.819,318.667,270.667,0.544,0.709,0.516,25.445,4.033,4.073,-0.028,-0.051,0.326,9.713,0.208,0.193,4094.741,201025.513
3,1,3,-1.11,-1.073,-1.172,-0.924,0.497,0.735,0.182,17.388,3.891,3.873,12.281,16.337,1.502,13.047,16.038,1.593,12.683,346.667,329.333,-5.567,-5.649,-6.106,27.944,34.05,11.118,389.143,0.346,7.353,-25.911,-45.249,-6.114,27.964,34.078,11.468,377.963,0.369,5.034,-39.108,-46.493,-13.256,20.981,34.237,10.863,292.78,-36.124,0.185,-13.18,20.992,34.172,10.865,291.82,-35.344,0.205,17.96,17.87,48.072,48.724,337.333,273.333,0.519,0.714,0.837,27.696,4.168,4.171,0.022,-0.021,0.655,10.308,0.298,0.278,3704.493,3137.502
4,1,4,-1.11,-1.073,-1.173,-0.92,0.505,0.706,0.188,17.47,4.153,4.153,11.49,16.263,1.497,13.017,15.962,1.542,12.666,346.667,329.333,-5.635,-5.706,-6.086,27.944,34.031,11.029,389.699,0.364,6.854,-27.171,-45.632,-6.075,27.954,34.029,11.38,377.186,0.389,4.522,-41.957,-47.239,-13.346,20.932,34.279,10.767,293.298,-36.395,0.205,-13.244,20.952,34.197,10.777,292.054,-35.797,0.221,17.804,17.742,47.917,48.359,326.667,273.333,0.556,0.993,0.994,28.052,4.413,4.423,0.051,0.287,0.806,10.583,0.27,0.26,3721.793,3170.051
5,1,5,-1.097,-1.06,-1.162,-0.908,0.511,0.632,0.198,18.011,3.896,3.928,12.832,16.256,1.581,13.029,15.961,1.611,12.658,346.667,337.333,-5.65,-5.725,-6.402,27.976,34.378,10.146,362.121,0.342,7.313,-25.318,-46.379,-6.359,28.003,34.361,10.567,354.358,0.36,4.772,-38.578,-49.374,-13.463,21.007,34.47,10.019,268.957,-36.531,0.185,-13.4,21.037,34.436,10.021,267.78,-35.581,0.205,18.23,18.145,48.093,48.661,310.667,278.667,0.51,0.675,0.886,26.972,4.113,4.191,-0.001,0.043,0.688,8.961,0.263,0.218,4274.986,3088.898
7,1,7,-1.107,-1.072,-1.171,-0.917,0.522,0.643,0.183,17.494,3.798,3.821,11.573,16.343,1.477,13.013,16.038,1.566,12.653,354.667,329.333,-5.582,-5.675,-6.459,28.056,34.515,10.104,365.434,0.361,7.555,-24.55,-45.242,-6.454,28.049,34.504,10.57,358.471,0.382,5.276,-37.744,-46.877,-13.542,20.973,34.515,10.005,271.245,-36.726,0.195,-13.487,20.969,34.456,10.01,269.863,-35.824,0.222,17.98,17.919,47.96,48.493,334.667,265.333,0.751,0.765,0.808,26.582,4.028,4.056,0.229,0.122,0.625,9.089,0.235,0.23,3811.422,3228.873
8,1,8,-1.105,-1.07,-1.169,-0.907,0.484,0.636,0.176,17.06,3.833,3.833,12.969,16.437,1.549,13.076,16.132,1.538,12.706,354.667,337.333,-5.52,-5.613,-6.505,27.995,34.5,10.268,369.062,0.343,7.949,-24.913,-45.225,-6.492,28.012,34.504,10.732,361.481,0.364,5.561,-37.575,-47.202,-13.53,20.999,34.529,10.18,276.418,-36.307,0.189,-13.502,21.01,34.512,10.187,274.631,-35.531,0.208,18.42,18.33,48.182,48.715,324,265.333,0.695,0.635,0.744,26.509,4.056,4.068,0.211,0,0.568,9.449,0.235,0.223,3849.654,3242.222
9,1,9,-1.11,-1.074,-1.172,-0.916,0.516,0.62,0.183,17.74,3.828,3.863,11.907,16.465,1.511,13.083,16.159,1.543,12.725,349.333,332,-5.567,-5.662,-7.082,28.054,35.136,10.107,351.394,0.357,7.571,-23.413,-43.862,-7.124,28.038,35.162,10.509,341.646,0.379,5.373,-35.704,-45.112,-13.973,20.984,34.958,9.925,253.335,-36.472,0.199,-13.94,21.03,34.97,9.876,251.883,-35.452,0.22,18.245,18.18,48.051,48.559,326.667,281.333,0.602,1.063,0.696,27.086,4.043,4.103,0.086,0.443,0.513,9.347,0.24,0.215,3936.814,3159.78
10,1,10,-1.107,-1.071,-1.17,-0.917,0.503,0.751,0.182,18.569,4.153,4.173,10.893,16.216,1.523,13.005,15.906,1.519,12.639,357.333,334.667,-5.586,-5.668,-6.477,27.995,34.472,10.12,365.677,0.331,8.535,-23.507,-45.54,-6.439,28.051,34.49,10.568,361.344,0.355,5.806,-35.739,-46.888,-13.464,20.998,34.462,9.983,273.088,-36.947,0.175,-13.435,21.001,34.436,9.999,271.673,-35.939,0.203,18.236,18.164,48.079,48.672,326.667,276,0.235,1.046,0.743,28.346,4.401,4.416,-0.268,0.295,0.561,9.777,0.243,0.248,3826.275,3107.609
11,1,11,-1.107,-1.072,-1.171,-0.922,0.521,0.696,0.19,17.28,3.866,3.918,12.798,16.482,1.476,13.084,16.186,1.551,12.722,354.667,332,-5.578,-5.66,-6.505,28.019,34.524,10.187,371.112,0.338,8.145,-24.135,-44.483,-6.468,28.002,34.47,10.719,366.585,0.356,5.604,-36.573,-45.338,-13.495,20.947,34.442,10.181,280.189,-36.869,0.174,-13.394,21.003,34.397,10.224,279.297,-35.829,0.198,18.199,18.126,47.854,48.465,329.333,273.333,0.649,0.903,0.822,26.733,4.106,4.151,0.128,0.207,0.632,9.453,0.233,0.24,3702.63,3161.63
12,1,12,-1.108,-1.072,-1.172,-0.922,0.457,0.598,0.181,19.242,4.146,4.161,12.619,16.467,1.516,13.09,16.174,1.516,12.728,349.333,337.333,-5.577,-5.663,-6.476,27.936,34.413,10.51,378.978,0.35,8.247,-25.17,-46.783,-6.424,27.948,34.372,11.025,371.783,0.371,5.668,-38.301,-48.243,-13.426,21.001,34.426,10.465,288.06,-36.497,0.189,-13.391,20.976,34.367,10.524,286.417,-35.802,0.209,18.228,18.159,47.838,48.427,310.667,254.667,0.583,0.77,0.832,29.741,4.378,4.396,0.126,0.171,0.651,10.499,0.235,0.233,3697.492,3076.981
13,1,13,-1.107,-1.072,-1.171,-0.922,0.51,0.662,0.171,17.088,3.808,3.826,12.054,16.411,1.477,13.102,16.107,1.547,12.74,354.667,334.667,-5.599,-5.682,-6.51,27.958,34.469,10.515,375.801,0.35,8.269,-24.804,-48.534,-6.482,27.98,34.462,11.022,370.049,0.378,5.601,-37.375,-51.218,-13.426,21.079,34.505,10.536,285.675,-36.096,0.196,-13.442,21.022,34.464,10.521,283.623,-35.423,0.214,18.222,18.142,48.017,48.575,345.333,281.333,0.426,0.917,0.672,26.723,4.048,4.068,-0.084,0.255,0.5,9.635,0.243,0.24,3699.147,2968.114
14,1,14,-1.11,-1.074,-1.172,-0.917,0.457,0.7,0.195,17.428,3.858,3.871,11.754,16.415,1.491,13.067,16.115,1.499,12.707,349.333,337.333,-5.535,-5.633,-6.697,27.981,34.678,10,360.075,0.344,7.743,-24.778,-46.019,-6.672,28,34.672,10.411,351.518,0.369,5.337,-37.816,-48.159,-13.723,20.993,34.716,9.784,264.699,-36.506,0.189,-13.716,20.982,34.698,9.79,262.779,-35.753,0.213,18.426,18.346,47.851,48.446,324,265.333,0.514,0.578,0.765,26.688,4.076,4.108,0.057,-0.122,0.57,9.261,0.238,0.218,3891.524,3109.775
15,1,15,-1.11,-1.074,-1.173,-0.921,0.478,0.645,0.179,17.845,3.828,3.863,11.345,16.225,1.526,12.976,15.916,1.584,12.614,362.667,337.333,-5.595,-5.665,-7.177,28.036,35.214,9.653,333.96,0.362,6.953,-22.8,-43.852,-7.181,28.023,35.203,10.096,326.997,0.378,4.847,-34.627,-45.592,-13.9,21.031,34.931,9.517,237.412,-36.82,0.193,-13.947,20.992,34.939,9.459,235.625,-35.552,0.214,18.575,18.51,48.049,48.588,321.333,270.667,0.655,1.203,0.636,27.488,4.048,4.086,0.177,0.558,0.457,9.643,0.223,0.22,4036.709,3123.874
16,1,16,-1.109,-1.073,-1.172,-0.925,0.481,0.708,0.204,19.042,4.156,4.151,12.093,16.319,1.508,13.057,16.019,1.556,12.696,346.667,334.667,-5.617,-5.686,-6.915,28.03,34.945,9.825,348.194,0.353,7.611,-23.138,-44.954,-6.883,28.05,34.933,10.27,341.635,0.382,5.231,-35.475,-46.554,-13.773,21.012,34.785,9.659,252.467,-36.634,0.202,-13.797,21.004,34.8,9.632,250.542,-35.607,0.214,18.516,18.454,47.908,48.512,326.667,273.333,0.353,0.443,0.714,28.516,4.381,4.373,-0.128,-0.266,0.51,9.474,0.223,0.225,3905.913,2755.407
17,1,17,-1.108,-1.071,-1.172,-0.92,0.523,0.695,0.178,17.183,3.863,3.898,11.842,16.295,1.516,12.989,15.988,1.549,12.627,354.667,332,-5.613,-5.688,-6.211,27.912,34.123,11.327,395.533,0.359,7.249,-27.154,-47.113,-6.11,27.925,34.035,11.778,383.97,0.383,4.717,-42.102,-49.32,-13.219,21.037,34.257,11.206,302.411,-35.993,0.209,-13.191,20.967,34.159,11.225,300.831,-35.581,0.229,18.038,17.961,47.878,48.42,318.667,278.667,0.678,0.732,1.025,28.024,4.138,4.186,0.155,0.037,0.847,10.841,0.288,0.275,3799.255,3123.602
18,1,18,-1.109,-1.073,-1.172,-0.92,0.515,0.716,0.195,18.16,3.828,3.833,12.757,16.451,1.513,13.109,16.149,1.531,12.743,352,337.333,-5.575,-5.655,-6.327,27.966,34.292,10.287,370.37,0.354,7.78,-24.025,-45.459,-6.335,27.977,34.311,10.68,362.374,0.372,5.375,-36.449,-47.312,-13.436,21.013,34.449,10.023,273.951,-36.74,0.194,-13.397,21,34.397,10.068,273.022,-35.763,0.216,18.428,18.368,47.967,48.584,321.333,278.667,0.438,0.625,0.792,28.061,4.063,4.093,-0.077,-0.091,0.597,9.902,0.26,0.235,3610.735,3134.393
19,1,19,-1.114,-1.078,-1.176,-0.92,0.543,0.755,0.197,16.262,3.786,3.816,13.895,16.669,1.459,13.114,16.393,1.385,12.76,346.667,340,-5.489,-5.587,-6.66,27.936,34.596,10.039,368.764,0.361,8.297,-24.632,-45.784,-6.633,27.996,34.629,10.485,362.352,0.384,5.79,-37.594,-47.181,-13.589,20.994,34.583,9.972,276.873,-36.56,0.196,-13.623,20.96,34.583,9.963,274.867,-35.929,0.217,17.982,17.9,47.924,48.524,318.667,262.667,0.434,0.332,0.685,25.266,4.006,4.033,-0.109,-0.423,0.488,9.004,0.218,0.22,3732.618,3065.368
20,1,20,-1.108,-1.072,-1.171,-0.915,0.527,0.702,0.191,17.296,3.806,3.841,12.042,16.3,1.554,13.053,15.989,1.571,12.679,360,334.667,-5.588,-5.665,-6.937,28.011,34.948,9.755,347.43,0.343,7.964,-23.209,-44.135,-6.912,28.042,34.953,10.223,341.843,0.366,5.628,-35.229,-45.794,-13.852,20.966,34.818,9.585,251.908,-36.856,0.19,-13.787,21.027,34.814,9.56,251.255,-35.63,0.204,18.183,18.109,48.098,48.704,326.667,286.667,0.826,0.647,0.703,25.936,4.028,4.063,0.298,-0.055,0.512,8.641,0.223,0.223,3872.096,3247.202
21,1,21,-1.109,-1.073,-1.173,-0.917,0.499,0.696,0.191,17.211,3.806,3.826,11.769,16.296,1.497,12.99,15.988,1.567,12.627,357.333,340,-5.513,-5.607,-6.599,28.024,34.623,9.909,363.691,0.35,7.779,-25.003,-45.255,-6.567,27.994,34.561,10.459,358.687,0.369,5.351,-37.837,-46.903,-13.565,21.009,34.575,9.98,273.559,-36.608,0.19,-13.474,21.04,34.515,9.966,272.497,-35.655,0.211,18.549,18.481,47.948,48.456,321.333,281.333,0.506,0.992,0.659,25.754,4.001,4.021,0.007,0.296,0.468,8.543,0.195,0.195,3529.865,2908.993
22,1,22,-1.111,-1.075,-1.174,-0.921,0.477,0.692,0.177,17.623,3.958,3.996,11.565,16.291,1.537,13.029,15.984,1.535,12.671,352,337.333,-5.563,-5.647,-6.804,27.974,34.778,10.008,357.212,0.345,7.66,-24.348,-45.384,-6.758,28.029,34.787,10.427,350.385,0.368,5.181,-37.376,-46.936,-13.801,20.949,34.75,9.825,264.08,-36.66,0.185,-13.751,21.062,34.813,9.825,262.751,-35.733,0.211,18.453,18.39,48.032,48.602,310.667,262.667,0.305,1.013,0.701,26.726,4.181,4.223,-0.172,0.321,0.525,9.103,0.228,0.223,3763.436,3142.569
24,1,24,-1.11,-1.074,-1.174,-0.911,0.509,0.643,0.196,16.321,3.798,3.808,11.655,16.347,1.481,13.037,16.05,1.529,12.674,349.333,326.667,-5.578,-5.668,-6.803,27.965,34.768,9.798,344.064,0.364,6.737,-25.003,-44.888,-6.729,28.012,34.741,10.239,337.606,0.391,3.528,-39.659,-46.391,-13.755,21.029,34.784,9.691,253.248,-36.812,0.207,-13.755,21.034,34.79,9.69,251.819,-35.973,0.227,17.495,17.407,47.962,48.561,316,268,0.642,0.388,0.579,24.526,3.998,4.023,0.134,-0.254,0.383,8.206,0.215,0.2,3760.836,3062.851
25,1,25,-1.106,-1.072,-1.169,-0.918,0.498,0.677,0.196,17.133,3.858,3.941,11.842,16.392,1.508,13.097,16.089,1.516,12.728,357.333,329.333,-5.574,-5.656,-6.698,27.951,34.649,9.724,355.558,0.345,8.22,-23.764,-45.073,-6.63,28.044,34.674,10.189,352.731,0.364,5.585,-36.146,-46.076,-13.564,20.978,34.542,9.677,264.716,-36.957,0.186,-13.524,21.067,34.592,9.632,263.203,-35.833,0.21,17.895,17.809,48.046,48.67,318.667,278.667,0.313,0.733,0.647,25.936,4.083,4.158,-0.184,0.056,0.451,8.803,0.218,0.225,3700.883,3120.843
26,1,26,-1.109,-1.073,-1.172,-0.918,0.488,0.68,0.176,16.38,3.793,3.843,11.567,16.271,1.491,13.035,15.957,1.558,12.666,357.333,334.667,-5.578,-5.658,-6.671,27.933,34.604,10.048,365.713,0.352,8.804,-24.032,-45.795,-6.626,27.988,34.614,10.565,362.091,0.372,5.973,-36.346,-47.38,-13.559,20.976,34.535,10.018,275.746,-36.85,0.197,-13.509,20.998,34.507,10.042,274.918,-35.879,0.216,18.513,18.435,48.148,48.758,321.333,268,0.617,0.909,0.624,24.897,4.006,4.068,0.129,0.229,0.448,8.516,0.225,0.213,3678.407,3091.725
27,1,27,-1.109,-1.074,-1.173,-0.924,0.499,0.678,0.174,18.023,3.863,3.868,11.257,16.315,1.497,13.058,16.004,1.522,12.693,365.333,334.667,-5.58,-5.667,-6.896,27.984,34.88,9.843,350.133,0.344,7.719,-23.618,-44.81,-6.848,28.048,34.896,10.274,345.403,0.372,5.1,-36.08,-46.022,-13.835,20.992,34.826,9.684,257.049,-37.108,0.188,-13.863,20.972,34.834,9.645,255.589,-36.039,0.212,18.864,18.788,48.046,48.681,318.667,273.333,0.266,0.758,0.679,27.367,4.071,4.108,-0.233,0.08,0.505,9.344,0.24,0.208,4240.147,3148.385
28,1,28,-1.109,-1.073,-1.17,-0.917,0.486,0.649,0.175,17.467,3.813,3.858,11.419,16.312,1.482,13.038,16.008,1.551,12.666,354.667,332,-5.542,-5.63,-6.389,27.931,34.32,10.53,378.239,0.355,8.463,-24.448,-46.208,-6.465,27.951,34.415,10.9,369.311,0.373,5.958,-36.65,-48.052,-13.524,21.004,34.528,10.205,282.494,-36.818,0.198,-13.527,20.967,34.494,10.247,281.471,-36.043,0.215,18.451,18.368,47.936,48.568,326.667,273.333,0.513,1.006,0.686,27.016,4.061,4.096,0.027,0.358,0.51,9.549,0.238,0.248,3476.104,3233.811
29,1,29,-1.108,-1.072,-1.171,-0.923,0.499,0.696,0.187,18.23,3.808,3.833,12.484,16.419,1.485,13.042,16.122,1.521,12.686,357.333,334.667,-5.559,-5.647,-6.39,27.913,34.302,10.516,373.146,0.343,8.296,-24.284,-46.543,-6.409,27.928,34.337,10.906,364.868,0.364,6.067,-36.463,-48.252,-13.42,20.937,34.357,10.291,278.278,-36.653,0.187,-13.376,20.935,34.311,10.277,277.134,-35.826,0.202,18.023,17.949,48.055,48.486,324,268,0.674,0.742,0.772,28.25,4.046,4.068,0.175,0.046,0.584,10.02,0.235,0.238,3440.447,3214.277
30,1,30,-1.11,-1.074,-1.174,-0.92,0.499,0.695,0.176,17.435,3.773,3.816,11.732,16.357,1.485,13.064,16.058,1.53,12.708,352,326.667,-5.566,-5.652,-6.846,27.96,34.806,9.998,350.969,0.349,7.836,-23.905,-44.984,-6.811,28.022,34.833,10.411,343.998,0.378,5.223,-36.191,-46.79,-13.809,20.962,34.771,9.774,255.501,-36.59,0.194,-13.778,21.022,34.8,9.786,254.276,-35.552,0.21,18.575,18.503,48.043,48.667,324,276,0.623,0.667,0.679,26.483,4.003,4.028,0.124,-0.028,0.503,9.049,0.213,0.23,3757.547,3181.943
