Header Section,,,,,,,,,,,,,,,,,,,,
Product,VC5345,,,,,,,,,,,,,,,,,,,
Test Plan,Rev(-),,,,,,,,,,,,,,,,,,,
Release Date,11/27/2014,,,,,,,,,,,,,,,,,,,
Comment,modify_by_verify2_20141126,,,,,,,,,,,,,,,,,,,
,,,,,,,,,,,,,,,,,,,,
Data Section,,,,,,,,,,,,,,,,,,,,
Device#,1,2,3,4,5,6,7,8,9,10,11,12,13,14,15,16,17,18,19,20
Test Item,Site No,Device ID,Idle_H_Vbat,Idle_H_Vcc,Idle_H_Total,Pin_H_849,Pout_H_849,Gain_H_849,Icc_H_Vbat_849,Icc_H_Vcc_849,Icc_H_Total_849,PAE_H_Total_849,ACP_L_H_849,ACP_U_H_849,ALT_L_H_849,ALT_U_H_849,EVM_H_849,2fo_H_849,3fo_H_849,Leakage_Current
Low Tolerance,,,5,10,10,0.3,,,1,30,30,,1.5,1.5,1.5,1.5,0.5,1.5,1.5,5
High Tolerance,,,5,10,10,0.3,,,1,30,30,,1.5,1.5,1.5,1.5,0.5,1.5,1.5,5
Enable,,,1,1,1,1,0,0,0,1,1,,1,1,1,1,1,1,1,1
500,1,500,2.69,76.026,78.716,0.52,26.933,26.712,6.462,379.534,385.996,37.058,-38.31648,-38.93544,-53.9732,-53.94144,1.681,-17.276,-28.255,1.806
501,1,501,2.557,71.014,73.57,0.793,26.951,26.459,6.372,374.313,380.685,37.733,-37.70848,-38.03844,-55.4852,-55.49444,1.758,-18.176,-28.672,1.687
502,1,502,2.592,72.539,75.13,0.479,27.003,26.824,6.357,376.162,382.519,38.004,-37.79748,-38.27444,-53.1582,-53.00644,1.76,-19.227,-28.476,1.938
503,1,503,2.645,74.982,77.627,0.382,26.994,26.912,6.481,384.695,391.176,37.084,-38.01148,-38.50144,-53.3922,-53.22444,1.714,-18.324,-29.599,1.578
504,1,504,2.651,76.457,79.107,0.607,27.023,26.716,6.46,385.378,391.838,37.267,-38.74948,-39.39944,-51.5882,-51.62144,1.813,-19.231,-32.648,2.032
505,1,505,2.685,77.92,80.605,0.209,27.013,27.104,6.392,377.283,383.675,37.978,-38.64948,-39.53244,-53.6002,-53.50044,1.698,-18.002,-28.749,1.801
506,1,506,2.521,71.955,74.476,0.307,27.007,27,6.427,380.662,387.089,37.59,-37.47548,-37.83144,-53.8382,-53.58244,1.777,-18.712,-27.395,1.321
507,1,507,2.619,75.166,77.784,0.4,26.909,26.809,6.364,377.478,383.841,37.065,-37.74948,-38.26844,-53.8122,-53.72044,1.733,-18.881,-28.731,1.487
508,1,508,2.622,74.15,76.773,0.657,27.072,26.715,6.533,385.607,392.139,37.667,-38.45248,-38.94044,-55.5182,-55.50044,1.65,-18.675,-29.229,1.381
509,1,509,2.634,74.743,77.377,0.332,27.005,26.974,6.437,380.548,386.985,37.583,-38.06048,-38.69244,-53.7452,-53.57144,1.726,-17.899,-28.258,1.478
510,1,510,2.58,73.918,76.497,0.32,26.926,26.905,6.309,371.877,378.186,37.763,-37.57148,-37.99044,-54.2962,-54.13844,1.761,-17.872,-26.926,1.801
511,1,511,2.587,73.996,76.583,0.578,27.045,26.767,6.505,386.588,393.092,37.342,-38.00048,-38.50244,-55.1062,-54.99744,1.721,-17.917,-28.351,1.664
512,1,512,2.643,76.202,78.844,0.289,26.925,26.936,6.457,383.16,389.618,36.647,-37.88248,-38.30944,-54.5122,-54.34544,1.721,-18.059,-27.514,1.74
513,1,513,2.611,74.241,76.852,0.367,26.914,26.847,6.392,377.095,383.486,37.141,-37.68648,-38.33644,-54.4162,-54.30844,1.76,-18.48,-27.375,1.591
514,1,514,2.625,74.992,77.617,0.487,27.084,26.897,6.435,382.049,388.484,38.12,-37.54548,-38.02344,-53.9312,-53.79344,1.77,-18.361,-26.384,1.228
515,1,515,2.668,76.979,79.648,0.394,26.949,26.856,6.446,381.981,388.426,36.969,-38.28248,-38.91244,-54.2882,-54.15344,1.688,-18.696,-28.389,1.145
516,1,516,2.61,74.553,77.162,0.629,26.926,26.597,6.462,382.538,388.999,36.717,-37.81348,-37.92144,-55.8222,-55.80244,1.787,-19.012,-27.938,1.658
517,1,517,2.591,73.022,75.612,0.453,27.086,26.933,6.488,387.539,394.027,37.605,-37.57248,-37.86044,-53.8112,-53.53844,1.749,-17.529,-27.788,1.435
518,1,518,2.537,71.55,74.087,0.802,27.069,26.566,6.497,385.318,391.815,37.668,-38.29848,-38.71944,-54.5792,-54.48744,1.657,-18.362,-30.874,1.214
519,1,519,2.647,75.67,78.318,0.166,27.001,27.135,6.446,384.921,391.367,37.125,-37.90948,-38.43944,-54.0292,-53.80844,1.714,-18.769,-28.334,2.617
