Header Section,,,,,,,,,,,,,,,,,,,,,,,,,,,,,,,,,,,,
Product,VC5345,,,,,,,,,,,,,,,,,,,,,,,,,,,,,,,,,,,
Test Plan,Rev(-),,,,,,,,,,,,,,,,,,,,,,,,,,,,,,,,,,,
Release Date,2015/07/31,,,,,,,,,,,,,,,,,,,,,,,,,,,,,,,,,,,
Comment,"1~25 was generate in Sigurd 2013/7/4, 31~60 was gererate in JCET 2013/9/16,101-125 was get in Goodark 2014/4/10 , 60#~90# for JCET Cu_A5E12.8.1, 126- 150/A5E15.8.1",,,,,,,,,,,,,,,,,,,,,,,,,,,,,,,,,,,
,,,,,,,,,,,,,,,,,,,,,,,,,,,,,,,,,,,,
Data Section,,,,,,,,,,,,,,,,,,,,,,,,,,,,,,,,,,,,
Device#,1,2,3,4,5,6,7,8,9,10,11,12,13,14,15,16,17,18,19,20,21,22,23,24,25,26,27,28,29,30,31,32,33,34,35,36
Test Item,Site No,Device ID,Idle_H_Vbat,Idle_H_Vcc,Idle_H_Total,Pin_H_824,Pout_H_824,Gain_H_824,Icc_H_Vbat_824,Icc_H_Vcc_824,Icc_H_Total_824,PAE_H_Total_824,ACP_L_H_824,ACP_U_H_824,ALT_L_H_824,ALT_U_H_824,EVM_H_824,2fo_H_824,3fo_H_824,Pin_H_849,Pout_H_849,Gain_H_849,Icc_H_Vbat_849,Icc_H_Vcc_849,Icc_H_Total_849,PAE_H_Total_849,ACP_L_H_849,ACP_U_H_849,ALT_L_H_849,ALT_U_H_849,EVM_H_849,2fo_H_849,3fo_H_849,Leakage_Current,Test Time,Index Time
Low Tolerance,,,5,10,10,0.3,,,1,30,30,,1.5,1.5,1.5,1.5,0.5,1.5,1.5,0.3,,,1,30,30,,1.5,1.5,1.5,1.5,0.5,1.5,1.5,5,,
High Tolerance,,,5,10,10,0.3,,,1,30,30,,1.5,1.5,1.5,1.5,0.5,1.5,1.5,0.3,,,1,30,30,,1.5,1.5,1.5,1.5,0.5,1.5,1.5,5,,
Enable,,,1,1,1,1,0,0,0,1,1,,1,1,1,1,1,1,1,1,0,0,0,1,1,,1,1,1,1,1,1,1,1,,
1,1,1,2.35,71.1,73.46,0.15,26.96,26.47,5.94,359,364.95,41.42,-39.3,-40.45,-54.13,-55.54,2.29,-17.46,-22.3,-0.2,26.96,27.28,6.32,382.43,388.76,39.14,-40.15,-40.69,-52.81,-53.31,2.43,-17.56,-23.36,0.41,362.27,31921.33
2,1,2,2.42,74.05,76.48,-0.07,26.97,26.71,5.99,360.4,366.39,41.42,-39.21,-40.67,-53.81,-55.17,2.34,-17.53,-22.57,-0.4,26.96,27.48,6.27,383.62,389.9,39.01,-40.11,-40.93,-52.88,-53.47,2.47,-17.37,-23.71,0.4,351.78,12064
3,1,3,2.45,77.11,79.56,-0.74,26.97,27.37,6.09,359.35,365.44,41.45,-39.56,-40.95,-53.88,-55.06,2.39,-18.12,-23.42,-1.02,26.96,28.11,6.37,383.49,389.85,39.07,-39.5,-40.21,-52.53,-53.08,2.64,-18.25,-24.66,0.41,356.39,9757
4,1,4,2.42,75.39,77.81,0.16,26.96,26.47,5.93,362.03,367.95,41.1,-39.36,-40.77,-54.25,-55.65,2.36,-17,-22.46,-0.21,26.96,27.29,6.32,385.75,392.07,38.77,-40.56,-41.28,-53.21,-53.75,2.4,-17.96,-23.49,0.4,351.01,10045.67
5,1,5,2.37,73.52,75.89,-0.44,26.96,27.06,5.9,356.94,362.84,41.71,-39.2,-40.65,-53.72,-55.04,2.41,-18.08,-23.41,-0.7,26.95,27.78,6.27,381.3,387.57,39.22,-39.17,-39.94,-52.61,-53.18,2.68,-17.62,-24.71,0.4,357.03,9152
6,1,6,2.42,74.4,76.82,0.21,26.97,26.42,6.05,365.13,371.18,40.84,-39.54,-40.81,-54.54,-55.91,2.32,-17.08,-22.35,-0.16,26.96,27.24,6.33,388.25,394.58,38.55,-40.63,-41.19,-53.21,-53.69,2.42,-18.03,-23.37,0.4,362.94,10909
7,1,7,2.33,70.48,72.8,0.25,26.97,26.39,6.03,365.37,371.4,40.81,-39.48,-40.36,-54.76,-56.09,2.24,-17.81,-22.26,-0.15,26.96,27.23,6.35,388.86,395.22,38.46,-40.43,-40.75,-53.14,-53.61,2.41,-16.64,-23.12,0.4,351.86,11838.67
8,1,8,2.39,73.39,75.78,-0.06,26.98,26.7,5.97,363.19,369.16,41.13,-39.79,-40.87,-54.77,-56.04,2.26,-18.19,-23.01,-0.43,26.96,27.51,6.43,386.34,392.77,38.72,-40.42,-40.87,-53.18,-53.69,2.49,-17.33,-23.99,0.41,354.46,9518
9,1,9,2.36,73.12,75.48,-0.25,26.97,26.89,6.01,360.92,366.93,41.35,-39.78,-40.87,-53.96,-55.16,2.28,-18.43,-23.43,-0.49,26.96,27.58,6.31,385.04,391.35,38.9,-39.38,-39.81,-52.46,-53.01,2.65,-17.79,-24.81,0.4,366.4,11772.67
10,1,10,2.39,70.35,72.75,0.08,26.97,26.55,6.05,364.52,370.57,40.91,-39.29,-40.16,-54.45,-55.72,2.26,-17.98,-22.85,-0.21,26.96,27.29,6.42,388.1,394.52,38.56,-40.46,-40.89,-52.65,-53.19,2.42,-16.93,-23.87,0.4,356.59,9198.33
11,1,11,2.48,79.42,81.9,-0.45,26.96,27.07,6.17,361.93,368.1,41.11,-40.01,-41.46,-54.3,-55.59,2.33,-18.31,-23.92,-0.74,26.96,27.81,6.44,385.93,392.37,38.75,-39.52,-40.17,-52.98,-53.54,2.67,-18.05,-25.25,0.4,359.59,9303.67
12,1,12,2.53,79.45,81.99,-0.48,26.97,27.11,6.23,368.97,375.21,40.39,-40.29,-41.67,-55.14,-56.34,2.27,-18.19,-23.6,-0.81,26.96,27.89,6.45,392.69,399.14,38.04,-40.49,-41.19,-53.61,-54.1,2.44,-16.78,-24.47,0.4,342.89,9515.33
13,1,13,2.35,71.68,74.02,-0.6,26.97,27.24,6,358.94,364.94,41.57,-39.49,-40.83,-54.05,-55.23,2.35,-18.34,-23.91,-0.8,26.96,27.88,6.26,383.2,389.47,39.03,-39.32,-40.05,-52.62,-53.2,2.66,-18.09,-25.11,0.4,352.45,12663
14,1,14,2.43,74.64,77.07,-0.3,26.97,26.93,6.1,359.47,365.57,41.46,-39.77,-41.14,-54.43,-55.68,2.36,-18.18,-23.39,-0.56,26.97,27.64,6.33,383.76,390.09,39.05,-39.81,-40.46,-52.93,-53.5,2.58,-17.6,-24.52,0.4,364.04,9053.33
15,1,15,2.42,73.51,75.93,0.09,26.96,26.53,6.01,359.88,365.88,41.35,-39.36,-40.65,-53.74,-55.03,2.34,-17.22,-22.65,-0.21,26.96,27.29,6.29,383.42,389.71,39.03,-39.92,-40.52,-52.43,-52.96,2.52,-18.12,-23.93,0.4,356.29,11207.33
16,1,16,2.42,74.57,76.98,-0.13,26.98,26.77,6.05,365.44,371.49,40.89,-39.81,-41.08,-54.66,-55.97,2.28,-17.94,-22.79,-0.48,26.96,27.56,6.39,389.08,395.47,38.42,-40.45,-41.08,-53.35,-53.84,2.46,-17.1,-23.77,0.4,358.61,8759
17,1,17,2.45,76.62,79.07,-0.22,26.97,26.86,6.05,361.03,367.08,41.32,-39.6,-41.01,-54.33,-55.6,2.36,-18.03,-23.48,-0.53,26.96,27.61,6.3,385.52,391.82,38.85,-40.04,-40.72,-52.99,-53.55,2.53,-18.08,-24.69,0.4,369.75,10421
18,1,18,2.52,77,79.52,-0.33,26.97,26.96,6.17,364.75,370.92,40.82,-39.8,-41.19,-54.73,-56.08,2.35,-18.06,-23.34,-0.71,26.96,27.79,6.5,388.66,395.16,38.48,-40.25,-40.97,-53.4,-53.9,2.47,-17.14,-24.28,0.41,350.05,9137
19,1,19,2.35,70.9,73.25,0.31,26.96,26.32,5.91,356.87,362.78,41.72,-38.8,-40.09,-53.54,-55,2.39,-17.43,-22.12,-0.02,26.96,27.1,6.25,381.31,387.56,39.26,-39.85,-40.57,-52.55,-53.1,2.54,-17.26,-23.24,0.41,350.85,8959
20,1,20,2.48,75.86,78.34,-0.66,26.96,27.29,6.08,358.53,364.61,41.52,-39.9,-41.34,-54.46,-55.71,2.34,-18.39,-24.04,-0.88,26.96,27.96,6.44,382.61,389.05,39.07,-39.33,-40.06,-52.98,-53.57,2.62,-18.09,-25.26,0.4,351.57,9022
21,1,21,2.49,75.37,77.86,-0.37,26.96,27,6.17,361.84,368,41.14,-39.77,-41.18,-54.61,-55.91,2.32,-18.04,-23.29,-0.74,26.96,27.82,6.37,385.62,391.99,38.8,-40.39,-41.17,-53.27,-53.73,2.52,-17.15,-24.2,0.41,347.8,13212.33
22,1,22,2.43,74.43,76.86,-0.41,26.97,27.05,6,362.1,368.1,41.23,-39.97,-41.23,-54.54,-55.73,2.28,-18.18,-23.79,-0.74,26.95,27.81,6.28,384.93,391.21,38.83,-39.84,-40.4,-52.96,-53.48,2.6,-18.47,-25.02,0.41,344.81,9803.67
23,1,23,2.41,73.06,75.47,0,26.98,26.64,5.95,358.94,364.89,41.63,-39.48,-40.76,-54.19,-55.52,2.31,-17.49,-22.53,-0.32,26.97,27.41,6.29,382.66,388.95,39.18,-40.37,-41.04,-52.9,-53.44,2.42,-17.9,-23.58,0.39,355.48,9207.33
24,1,24,2.39,72.47,74.86,-0.04,26.98,26.69,6.06,364.07,370.13,41.03,-39.56,-40.65,-54.44,-55.79,2.31,-17.91,-23.07,-0.4,26.96,27.48,6.35,387.76,394.11,38.58,-40.19,-40.69,-52.98,-53.48,2.46,-17.08,-24.08,0.4,354,10440.33
25,1,25,2.36,70.5,72.86,-0.25,26.97,26.89,6.02,358.9,364.93,41.55,-39.71,-40.93,-54.28,-55.48,2.31,-18.13,-23.26,-0.5,26.96,27.58,6.32,383.05,389.37,39.07,-39.68,-40.25,-52.65,-53.19,2.57,-18.08,-24.5,0.4,365.06,9314.67
31,1,31,2.6,70.82,73.17,0.86,26.96,25.65,6.4,369.14,374.97,38.91,-39.54,-40.1,-52.14,-52.06,1.27,-17.24,-24.81,0.89,26.96,26.49,6.56,380.65,382.96,38.14,-41.33,-41.67,-52.54,-52.75,1.23,-14.55,-24.21,0.59,355.92,90469
32,1,32,2.74,75.13,77.62,0.53,26.95,25.98,6.55,373.41,379.4,38.45,-40.5,-40.98,-53.1,-52.95,1.19,-17.58,-25.63,0.55,26.96,26.83,6.75,384.46,386.95,37.71,-41.8,-42.06,-53.25,-53.4,1.25,-14.95,-25.04,0.59,349.19,700.64
33,1,33,2.62,70.16,72.53,0.6,26.97,25.92,6.47,369.2,375.11,39.01,-39.3,-39.96,-52.17,-52.09,1.39,-16.92,-24.77,0.63,26.96,26.76,6.56,380.91,383.22,38.16,-41.06,-41.53,-52.71,-52.93,1.27,-14.27,-24.14,0.59,353.13,1535.67
34,1,34,2.67,74.41,76.83,-0.17,26.96,26.54,6.55,373.43,379.42,38.48,-39.32,-39.98,-52.34,-52.16,1.36,-17.39,-25.59,-0.39,26.96,27.6,6.68,382.55,384.98,37.93,-41.12,-41.68,-52.91,-53.1,1.36,-15.1,-24.94,0.61,421.72,1542.33
35,1,35,2.66,73.13,75.54,0.31,26.97,26.21,6.48,369.21,375.13,39.03,-39.33,-40.03,-52.54,-52.48,1.43,-17.74,-25.08,0.32,26.96,27.07,6.59,380.77,383.11,38.14,-41.38,-41.91,-53.3,-53.53,1.28,-15.59,-24.66,0.59,375.29,1484
36,1,36,2.63,73.68,76.06,0.44,26.97,26.08,6.41,372.1,377.95,38.74,-39.69,-40.25,-52.49,-52.42,1.37,-17.56,-25.28,0.44,26.96,26.94,6.5,382.95,385.19,37.89,-41.51,-41.82,-52.99,-53.22,1.28,-15.2,-24.82,0.6,369.38,1531
37,1,37,2.62,71.22,73.6,0.7,26.96,25.81,6.45,370.02,375.91,38.86,-39.59,-40.19,-52.43,-52.38,1.3,-17.38,-24.59,0.7,26.96,26.68,6.51,381.41,383.67,38.06,-41.62,-41.93,-53.14,-53.35,1.18,-15.05,-23.86,0.59,366.19,1535
38,1,38,2.59,71.9,74.24,0.47,26.96,26.05,6.39,371.51,377.34,38.75,-39.79,-40.41,-52.69,-52.62,1.29,-17.32,-25.04,0.49,26.96,26.9,6.53,382.79,385.06,37.93,-41.54,-41.96,-53.19,-53.36,1.23,-14.64,-24.5,0.59,357.94,1523
39,1,39,2.56,68.3,70.61,0.75,26.97,25.77,6.45,371.23,377.12,38.79,-39.31,-39.94,-52.21,-52.13,1.33,-16.92,-24.67,0.78,26.96,26.61,6.57,382.49,384.81,37.94,-41.19,-41.64,-52.78,-53.02,1.19,-14.21,-23.92,0.59,356.02,1548
40,1,40,2.67,74.13,76.55,0.28,26.97,26.24,6.5,374.4,380.34,38.52,-40.14,-40.73,-52.93,-52.78,1.25,-17.14,-25.58,0.34,26.97,27.06,6.64,385.78,388.16,37.72,-41.38,-41.8,-53.09,-53.3,1.32,-14.41,-25.01,0.59,388.42,1554.67
41,1,41,2.68,73.81,76.25,0.39,26.97,26.13,6.54,374.44,380.42,38.48,-40.02,-40.6,-52.85,-52.73,1.32,-17.38,-25.59,0.37,26.95,27.01,6.66,384.83,387.23,37.65,-41.54,-41.93,-53.28,-53.54,1.33,-14.75,-25.1,0.58,361.44,1499.67
42,1,42,2.62,70.8,73.17,-0.06,26.97,26.58,6.48,369.83,375.75,38.99,-39.02,-39.78,-52.14,-51.96,1.45,-16.69,-24.96,-0.26,26.96,27.64,6.58,378.9,381.23,38.29,-40.74,-41.29,-52.6,-52.66,1.34,-14.92,-24.11,0.59,388.79,1529.33
43,1,43,2.76,75.78,78.28,0.16,26.98,26.36,6.57,372.25,378.27,38.77,-39.88,-40.44,-53.08,-52.92,1.35,-17.84,-25.72,0.14,26.97,27.25,6.73,382.81,385.29,37.96,-41.28,-41.61,-53.5,-53.65,1.33,-15.58,-25.34,0.59,390.97,1509.67
44,1,44,2.74,75.22,77.71,0.24,26.97,26.28,6.63,375.19,381.26,38.42,-39.98,-40.49,-52.9,-52.74,1.32,-17.29,-25.84,0.22,26.95,27.16,6.72,385.01,387.48,37.63,-41.3,-41.61,-53.23,-53.47,1.38,-14.73,-25.38,0.59,382.51,1498.67
45,1,45,2.71,74.09,76.55,0.39,26.97,26.13,6.5,371.37,377.31,38.76,-39.79,-40.34,-52.53,-52.44,1.33,-17.61,-25.41,0.42,26.96,26.97,6.65,382.81,385.2,37.93,-41.43,-41.73,-52.91,-53.13,1.32,-15.39,-24.97,0.58,362.51,1537.33
46,1,46,2.71,74.68,77.14,0.7,26.97,25.82,6.58,373.45,379.47,38.57,-39.93,-40.48,-52.61,-52.53,1.28,-17.49,-25.18,0.65,26.96,26.73,6.66,383.23,385.64,37.85,-41.78,-42.07,-53.14,-53.35,1.24,-15.1,-24.53,0.59,380.58,1511.67
47,1,47,2.66,72.94,75.35,0.63,26.98,25.9,6.47,372.71,378.62,38.71,-39.57,-40.16,-52.44,-52.39,1.34,-17.25,-24.98,0.59,26.96,26.8,6.57,383.48,385.8,37.89,-41.53,-41.84,-53.09,-53.3,1.25,-14.85,-24.41,0.59,381.41,1520.67
48,1,48,2.71,75.24,77.7,0.42,26.97,26.1,6.58,377.38,383.4,38.21,-39.75,-40.27,-52.52,-52.42,1.38,-17.25,-25.88,0.43,26.96,26.96,6.69,387.96,390.4,37.42,-41.19,-41.5,-52.9,-53.15,1.36,-14.85,-25.66,0.58,380.9,12023.67
49,1,49,2.58,69.31,71.64,0.55,26.96,25.96,6.41,368.84,374.69,38.95,-39.61,-40.16,-52.32,-52.23,1.34,-17.28,-24.94,0.58,26.96,26.8,6.58,380.45,382.78,38.14,-41.23,-41.55,-52.7,-52.87,1.28,-14.98,-24.28,0.59,360.37,1509.67
50,1,50,2.63,69.47,71.85,0.67,26.96,25.83,6.54,370.09,376.07,38.82,-39.99,-40.51,-52.69,-52.58,1.24,-17.05,-24.87,0.72,26.96,26.67,6.68,381.83,384.26,38.02,-41.49,-41.82,-52.92,-53.07,1.26,-14.35,-24.12,0.59,357.53,1527.67
51,1,51,2.55,67.35,69.65,0.29,26.97,26.23,6.47,369.19,375.1,39,-40.01,-40.28,-52.45,-52.15,1.25,-17.66,-25.74,0.37,26.97,27.02,6.59,380.01,382.34,38.26,-40.76,-40.77,-52.14,-52.21,1.39,-15.21,-25.56,0.58,360.79,1547.33
52,1,52,2.64,71.77,74.15,0.24,26.98,26.29,6.47,373.65,379.56,38.61,-40.09,-40.46,-52.8,-52.52,1.31,-17.63,-26.12,0.22,26.96,27.17,6.58,384.28,386.61,37.77,-40.91,-40.99,-52.73,-52.81,1.42,-15.31,-26.11,0.59,382.37,1534.33
53,1,53,2.54,67.55,69.84,0.16,26.96,26.36,6.36,368.86,374.66,39.02,-40.09,-40.44,-52.7,-52.42,1.24,-17.8,-25.77,0.2,26.97,27.2,6.52,380.38,382.65,38.23,-40.92,-40.98,-52.41,-52.38,1.36,-15.45,-25.57,0.59,379.6,1528
54,1,54,2.67,74.54,76.96,0.35,26.97,26.17,6.53,374.04,380.01,38.53,-40.11,-40.54,-52.66,-52.48,1.3,-17.55,-25.97,0.38,26.95,27,6.67,384.72,387.14,37.68,-41.28,-41.49,-52.84,-53.03,1.34,-15.01,-25.68,0.58,365.54,1525.33
55,1,55,2.7,74.85,77.31,0.45,26.97,26.07,6.51,372.08,378.03,38.75,-39.81,-40.33,-52.6,-52.48,1.34,-17.67,-25.43,0.45,26.96,26.94,6.63,383.04,385.41,37.91,-41.39,-41.62,-53,-53.14,1.31,-15.7,-25.11,0.58,369.3,1519
61,1,61,2.456,71.863,74.32,-0.243,26.955,27.197,6.186,370.545,376.731,38.723,-40.338,-40.824,-51.459,-51.496,1.369,-12.999,-23.131,-0.052,26.959,27.012,6.61,390.022,396.632,36.82,-39.557,-39.978,-51.56,-51.562,1.692,-10.769,-22.086,0.747,398.522,1339545
62,1,62,2.412,69.488,71.899,-0.356,26.956,27.312,6.158,373.424,379.582,38.443,-39.881,-40.368,-51.134,-51.122,1.489,-11.933,-23.333,-0.206,26.96,27.166,6.548,393.381,399.928,36.521,-38.912,-39.37,-51.295,-51.323,1.795,-10.115,-21.964,0.744,440.741,14674.333
63,1,63,2.448,70.118,72.566,-0.392,26.96,27.353,6.223,377.119,383.342,38.103,-40.191,-40.769,-51.66,-51.672,1.418,-10.823,-22.869,-0.143,26.956,27.099,6.629,396.439,403.068,36.199,-39.65,-40.286,-51.789,-51.887,1.656,-9.247,-20.779,0.75,426.173,110040.667
64,1,64,2.543,73.441,75.983,-0.371,26.959,27.33,6.395,380.389,386.784,37.752,-40.095,-40.693,-51.944,-51.934,1.463,-11.103,-23.539,-0.072,26.959,27.031,6.702,399.547,406.248,35.941,-39.302,-39.929,-52.069,-52.173,1.728,-9.518,-21.243,0.757,415.239,16373
65,1,65,2.421,69.988,72.409,-0.35,26.955,27.305,6.13,371.272,377.403,38.656,-40.37,-40.789,-51.438,-51.373,1.379,-12.636,-23.329,-0.059,26.961,27.02,6.62,391.004,397.624,36.736,-39.497,-39.995,-51.386,-51.467,1.695,-10.522,-22.23,0.748,394.789,12630.333
66,1,66,2.383,66.232,68.615,-0.157,26.963,27.121,6.244,371.814,378.059,38.665,-40.191,-40.674,-51.53,-51.446,1.39,-11.99,-23.427,0.191,26.963,26.771,6.66,391.459,398.12,36.71,-39.026,-39.599,-51.627,-51.692,1.806,-10.216,-21.777,0.749,407.016,10441
67,1,67,2.502,72.704,75.206,-0.728,26.96,27.688,6.306,375.87,382.177,38.22,-40,-40.533,-51.969,-51.859,1.496,-11.522,-23.559,-0.434,26.961,27.395,6.724,395.001,401.725,36.365,-38.797,-39.381,-52.092,-52.179,1.819,-9.864,-21.181,0.743,390.876,13701.667
68,1,68,2.471,70.385,72.856,0.128,26.958,26.83,6.299,378.24,384.54,37.968,-39.705,-40.4,-51.623,-51.711,1.527,-11.325,-23.881,0.448,26.955,26.507,6.661,397.359,404.02,36.109,-38.798,-39.481,-52.072,-52.218,1.777,-9.944,-21.428,0.75,399.457,9244.667
69,1,69,2.469,69.768,72.237,-0.324,26.963,27.287,6.275,372.737,379.012,38.565,-40.242,-40.61,-51.599,-51.537,1.44,-12.488,-23.142,-0.068,26.969,27.037,6.617,392.2,398.817,36.698,-39.165,-39.604,-51.581,-51.654,1.784,-10.45,-22.001,0.745,407.51,16060
70,1,70,2.501,72.52,75.021,0.096,26.959,26.864,6.268,375.764,382.031,38.228,-40.258,-40.738,-51.198,-51.258,1.358,-11.75,-22.404,0.174,26.961,26.787,6.623,394.402,401.024,36.428,-40.226,-40.804,-51.307,-51.449,1.534,-9.748,-21.388,0.745,377.745,14757
71,1,71,2.567,74.14,76.707,-0.331,26.957,27.288,6.263,374.645,380.908,38.314,-40.314,-40.801,-51.779,-51.809,1.404,-12.553,-23.758,-0.07,26.957,27.027,6.598,393.289,399.886,36.501,-39.31,-39.82,-51.891,-52.013,1.741,-10.568,-22.141,0.745,412.858,11289
72,1,72,2.492,71.529,74.022,0.019,26.969,26.95,6.323,375.983,382.306,38.28,-40.205,-40.783,-51.681,-51.73,1.432,-11.855,-23.236,0.239,26.963,26.725,6.834,395.209,402.043,36.358,-39.604,-40.243,-51.815,-51.96,1.69,-10.009,-21.919,0.741,376.07,8490.333
73,1,73,2.406,69.129,71.534,-0.21,26.96,27.17,6.205,373.022,379.227,38.514,-39.76,-40.171,-50.868,-50.84,1.473,-11.856,-23.301,-0.022,26.96,26.982,6.534,392.516,399.05,36.602,-39.092,-39.616,-51.058,-51.156,1.771,-10.004,-22.339,0.744,375.969,8313.333
74,1,74,2.516,72.222,74.738,-0.771,26.961,27.733,6.224,376.199,382.423,38.203,-40.009,-40.518,-52.014,-51.852,1.479,-11.76,-24.013,-0.461,26.959,27.42,6.701,395.145,401.845,36.338,-38.837,-39.409,-52.096,-52.192,1.819,-10.104,-21.732,0.743,411.35,8155.333
75,1,75,2.446,69.52,71.965,-0.137,26.955,27.092,6.305,380.387,386.691,37.73,-40.013,-40.671,-51.841,-51.864,1.447,-11.29,-23.589,0.188,26.963,26.775,6.728,399.29,406.019,35.993,-39.044,-39.716,-52.177,-52.285,1.752,-9.835,-21.118,0.752,424.751,7284.333
76,1,76,2.6,76.011,78.612,-0.496,26.963,27.458,6.3,375.985,382.285,38.227,-40.257,-40.828,-52.031,-52.027,1.436,-12.076,-23.603,-0.215,26.955,27.17,6.765,394.648,401.413,36.344,-39.166,-39.719,-52.106,-52.227,1.786,-10.251,-21.873,0.743,401.949,8462.667
77,1,77,2.54,70.881,73.421,-0.644,26.956,27.6,6.45,379.03,385.48,37.856,-40.232,-40.569,-51.825,-51.729,1.445,-11.597,-23.306,-0.366,26.963,27.329,6.864,398.225,405.089,36.078,-39.035,-39.491,-51.957,-52.021,1.832,-9.909,-21.409,0.742,422.667,7333.333
78,1,78,2.478,71.896,74.374,-0.302,26.963,27.265,6.312,375.306,381.618,38.301,-40.172,-40.772,-51.665,-51.669,1.406,-11.838,-23.305,-0.057,26.959,27.016,6.647,394.217,400.865,36.423,-39.312,-39.965,-51.73,-51.91,1.69,-10.01,-21.864,0.746,405.474,10349.667
79,1,79,2.484,70.932,73.417,-0.27,26.962,27.231,6.229,374.494,380.723,38.379,-39.894,-40.418,-51.682,-51.66,1.503,-12.133,-24.139,-0.044,26.962,27.006,6.629,393.46,400.088,36.521,-38.903,-39.468,-51.936,-52.058,1.811,-10.416,-22.284,0.749,377.757,8705.333
80,1,80,2.487,70.584,73.071,-0.636,26.961,27.597,6.279,375.997,382.277,38.218,-40.041,-40.546,-51.811,-51.712,1.505,-11.547,-23.863,-0.258,26.96,27.218,6.617,395.459,402.076,36.327,-38.679,-39.218,-51.923,-52,1.833,-10.006,-21.583,0.74,399.449,8512.333
81,1,81,2.479,71.419,73.897,-0.381,26.957,27.338,6.222,373.559,379.781,38.435,-40.213,-40.725,-51.66,-51.641,1.451,-12.199,-23.283,-0.11,26.966,27.076,6.561,393.05,399.611,36.603,-39.351,-39.899,-51.676,-51.762,1.72,-10.182,-21.846,0.746,399.471,8119.333
82,1,82,2.514,71.925,74.439,0.034,26.961,26.927,6.327,378.532,384.858,37.961,-39.704,-40.372,-51.665,-51.774,1.548,-11.046,-23.429,0.303,26.958,26.655,6.724,396.879,403.603,36.172,-38.94,-39.599,-52.181,-52.303,1.785,-9.609,-21.133,0.751,408.05,10142
83,1,83,2.503,71.331,73.834,-0.374,26.964,27.338,6.259,375.243,381.502,38.323,-40.238,-40.703,-51.65,-51.614,1.436,-12.158,-23.32,-0.102,26.958,27.061,6.596,393.94,400.536,36.45,-39.195,-39.723,-51.691,-51.799,1.773,-10.237,-21.751,0.745,419.084,9260.333
84,1,84,2.53,72.981,75.511,-0.587,26.961,27.549,6.333,377.626,383.959,38.052,-40.026,-40.541,-52.029,-51.954,1.534,-11.899,-24.057,-0.226,26.955,27.181,6.74,397.085,403.825,36.126,-38.585,-39.133,-52.19,-52.287,1.873,-10.251,-21.586,0.749,437.106,8563
85,1,85,2.468,70.873,73.34,-0.155,26.959,27.114,6.257,376.075,382.332,38.191,-40.133,-40.635,-51.443,-51.449,1.428,-11.728,-22.839,0.011,26.959,26.947,6.588,394.047,400.634,36.445,-39.64,-40.227,-51.607,-51.753,1.661,-9.904,-21.514,0.747,390.636,13905.667
86,1,86,2.396,68.505,70.901,-0.216,26.959,27.175,6.123,373.587,379.71,38.458,-40.119,-40.599,-51.354,-51.409,1.42,-12.311,-23.217,0.077,26.954,26.877,6.58,391.857,398.437,36.604,-39.242,-39.773,-51.623,-51.718,1.738,-10.493,-21.945,0.744,378.603,8864.333
87,1,87,2.428,68.102,70.529,0.173,26.956,26.784,6.306,374.194,380.499,38.355,-40.481,-40.858,-51.623,-51.608,1.384,-12.232,-23.409,0.516,26.962,26.446,6.679,393.996,400.675,36.469,-39.264,-39.779,-51.776,-51.852,1.776,-10.449,-21.854,0.743,410.031,11530
88,1,88,2.516,71.811,74.327,-0.647,26.967,27.614,6.338,381.038,387.376,37.761,-40.147,-40.687,-51.868,-51.882,1.459,-11.109,-23.346,-0.398,26.963,27.36,6.689,399.961,406.65,35.939,-39.351,-39.946,-52.101,-52.236,1.729,-9.537,-21.128,0.744,391.047,8592.667
89,1,89,2.649,76.421,79.07,-0.219,26.962,27.181,6.436,375.294,381.731,38.28,-40.048,-40.559,-52.147,-52.139,1.481,-12.421,-24.371,0.152,26.968,26.816,6.88,395.241,402.12,36.393,-38.654,-39.144,-52.328,-52.459,1.865,-10.594,-22.412,0.752,432.56,8039
90,1,90,2.496,70.962,73.458,-0.524,26.957,27.481,6.296,372.927,379.223,38.484,-40.464,-40.791,-51.549,-51.436,1.35,-12.666,-23.348,-0.231,26.967,27.199,6.608,392.788,399.396,36.632,-39.359,-39.807,-51.471,-51.552,1.727,-10.581,-22.102,0.742,398.481,8698.667
101,1,101,2.640,70.210,72.420,-0.350,26.990,27.850,6.430,374.010,381.620,38.530,-37.750,-38.530,-51.400,-51.510,1.640,-17.290,-21.980,-0.160,26.970,28.080,6.650,385.010,392.490,37.320,-39.370,-39.870,-51.810,-51.830,1.540,-14.720,-23.250,0.390,439.650,261988.330
102,1,102,2.790,73.990,76.350,-0.350,26.990,27.850,6.450,379.450,387.090,38.030,-37.590,-38.470,-51.340,-51.440,1.720,-16.700,-22.290,-0.230,27.010,28.180,6.590,391.750,399.170,37.010,-39.060,-39.670,-51.770,-51.780,1.590,-14.140,-23.610,0.390,424.980,21348.000
103,1,103,2.800,70.560,72.940,0.010,27.040,27.540,6.570,381.010,388.770,38.250,-37.870,-38.580,-51.640,-51.790,1.510,-15.790,-21.630,0.080,26.990,27.860,6.660,390.680,398.180,36.970,-39.930,-40.520,-52.280,-52.230,1.350,-13.160,-22.470,0.360,396.340,45493.330
104,1,104,2.750,71.290,73.610,-0.270,26.990,27.760,6.380,379.950,387.510,37.910,-37.830,-38.630,-51.440,-51.570,1.600,-16.920,-22.740,-0.130,26.990,28.060,6.670,390.670,398.170,36.910,-39.400,-39.930,-51.830,-51.830,1.540,-14.360,-23.890,0.400,412.790,9244.000
105,1,105,2.750,73.530,75.860,-0.290,26.990,27.790,6.440,375.790,383.420,38.370,-38.080,-38.810,-51.410,-51.440,1.610,-17.570,-22.760,-0.160,26.970,28.070,6.580,385.700,393.100,37.240,-39.380,-39.810,-51.760,-51.730,1.550,-14.940,-24.170,0.420,452.740,9665.670
106,1,106,2.740,71.350,73.670,-0.140,26.990,27.640,6.440,374.520,382.150,38.490,-37.700,-38.410,-51.010,-51.110,1.650,-17.280,-21.860,0.020,26.960,27.890,6.640,384.420,391.890,37.310,-39.250,-39.610,-51.460,-51.430,1.590,-14.870,-23.380,0.410,445.520,9740.000
107,1,107,2.900,78.230,80.710,-0.590,27.040,28.130,6.540,381.200,388.920,38.240,-38.360,-39.240,-52.200,-52.330,1.610,-17.000,-22.420,-0.590,26.990,28.520,6.680,390.010,397.520,36.970,-40.320,-41.020,-53.100,-53.100,1.410,-14.280,-23.480,0.390,406.170,9355.330
108,1,108,2.860,76.890,79.330,-0.400,27.020,27.930,6.610,381.310,389.100,38.100,-38.360,-39.210,-52.180,-52.320,1.570,-16.860,-22.230,-0.320,26.970,28.230,6.790,390.580,398.200,36.760,-40.370,-41.030,-52.960,-52.960,1.350,-14.090,-23.260,0.400,433.780,9128.000
109,1,109,2.740,71.830,74.150,-0.180,27.010,27.700,6.540,375.580,383.300,38.510,-37.670,-38.460,-51.430,-51.540,1.590,-17.350,-22.010,-0.130,27.010,28.080,6.660,386.610,394.110,37.480,-39.640,-40.180,-51.950,-51.910,1.420,-14.690,-23.380,0.390,404.900,8201.670
110,1,110,2.780,73.960,76.320,-0.260,27.010,27.780,6.500,382.010,389.700,37.880,-38.050,-38.930,-51.830,-51.970,1.580,-15.350,-22.370,-0.110,26.990,28.040,6.800,392.650,400.280,36.700,-39.660,-40.430,-52.390,-52.420,1.450,-12.910,-22.880,0.390,420.370,13357.670
111,1,111,2.800,74.260,76.630,0.060,27.000,27.450,6.410,376.680,384.270,38.350,-36.980,-37.850,-50.860,-51.080,1.840,-16.310,-21.870,0.140,26.970,27.770,6.560,386.760,394.160,37.100,-39.130,-39.780,-51.860,-51.970,1.540,-13.700,-23.380,0.400,448.930,11610.670
112,1,112,2.700,70.400,72.680,-0.390,27.030,27.920,6.470,379.610,387.270,38.290,-38.000,-38.780,-51.730,-51.810,1.600,-16.230,-21.940,-0.240,26.980,28.170,6.660,389.030,396.520,37.020,-39.620,-40.210,-52.210,-52.180,1.510,-13.700,-22.840,0.400,422.780,11016.670
113,1,113,2.840,75.970,78.390,-0.540,27.030,28.070,6.560,383.360,391.100,37.930,-38.220,-39.070,-51.890,-51.970,1.650,-16.140,-22.910,-0.420,26.990,28.350,6.730,392.470,400.030,36.750,-39.390,-39.970,-52.410,-52.420,1.580,-13.700,-23.410,0.400,414.090,9905.000
114,1,114,2.760,70.950,73.290,-0.290,27.000,27.800,6.500,377.960,385.650,38.260,-38.310,-38.970,-51.730,-51.780,1.510,-16.750,-22.270,-0.150,26.990,28.080,6.700,388.180,395.710,37.140,-39.610,-40.070,-52.000,-51.910,1.530,-14.170,-23.240,0.400,413.920,11007.330
115,1,115,2.690,70.480,72.750,-0.150,27.020,27.670,6.500,380.110,387.790,38.160,-38.180,-38.820,-51.980,-52.060,1.450,-17.010,-22.020,0.020,27.000,27.920,6.750,390.410,397.990,37.010,-40.030,-40.470,-52.160,-52.080,1.400,-14.290,-22.920,0.390,395.210,10781.670
116,1,116,2.830,74.850,77.260,-0.230,27.040,27.790,6.550,379.610,387.340,38.440,-38.040,-38.830,-51.820,-51.930,1.570,-16.990,-21.880,-0.200,27.000,28.150,6.710,389.210,396.750,37.170,-40.140,-40.740,-52.600,-52.610,1.370,-14.260,-23.110,0.410,390.990,10520.670
117,1,117,2.710,68.990,71.290,-0.040,27.010,27.560,6.390,376.420,383.990,38.470,-37.780,-38.500,-51.620,-51.750,1.570,-16.430,-21.640,0.100,26.990,27.830,6.640,386.610,394.080,37.340,-39.640,-40.170,-51.960,-51.930,1.420,-13.700,-22.600,0.410,421.510,9939.000
118,1,118,2.710,71.750,74.040,-0.320,27.010,27.840,6.470,378.170,385.840,38.260,-37.880,-38.670,-51.420,-51.540,1.610,-16.330,-22.400,-0.170,27.010,28.120,6.780,389.340,396.950,37.210,-39.320,-39.930,-51.820,-51.800,1.530,-13.750,-23.360,0.400,398.200,9750.670
119,1,119,2.760,75.540,77.870,-0.550,27.020,28.070,6.520,383.190,390.900,37.860,-38.620,-39.370,-52.280,-52.350,1.510,-17.750,-22.600,-0.470,26.970,28.380,6.730,391.760,399.310,36.620,-40.440,-40.940,-52.720,-52.710,1.350,-15.200,-23.810,0.400,432.760,11036.000
120,1,120,2.750,73.540,75.870,-0.100,27.000,27.620,6.430,378.220,385.840,38.240,-37.990,-38.800,-51.530,-51.690,1.600,-16.910,-22.320,0.060,26.970,27.850,6.670,387.770,395.270,37.030,-39.680,-40.250,-52.150,-52.160,1.480,-14.310,-23.440,0.410,426.000,10549.000
121,1,121,2.640,68.900,71.120,0.050,27.020,27.480,6.510,375.890,383.580,38.630,-37.760,-38.430,-51.590,-51.730,1.530,-16.170,-21.370,0.220,26.990,27.710,6.570,385.340,392.730,37.430,-39.740,-40.270,-52.100,-52.120,1.400,-13.480,-22.250,0.400,416.300,9994.670
122,1,122,2.720,69.640,71.940,-0.200,27.000,27.710,6.440,373.570,381.200,38.670,-37.910,-38.680,-51.620,-51.710,1.560,-17.180,-22.010,-0.020,26.990,27.950,6.570,384.820,392.220,37.480,-39.490,-40.000,-51.860,-51.820,1.510,-14.400,-23.110,0.390,416.510,10970.330
123,1,123,2.710,68.390,70.680,-0.160,26.990,27.660,6.280,372.080,379.550,38.720,-37.400,-38.230,-51.380,-51.490,1.640,-17.160,-21.700,0.000,26.990,27.940,6.660,383.380,390.860,37.650,-39.210,-39.800,-51.850,-51.830,1.530,-14.480,-23.000,0.380,429.140,9690.670
124,1,124,2.730,74.690,77.010,-0.110,27.050,27.670,6.390,379.120,386.700,38.520,-38.440,-39.140,-51.930,-51.980,1.520,-17.550,-22.060,0.010,26.970,27.910,6.640,387.730,395.210,37.070,-40.240,-40.680,-52.370,-52.420,1.420,-14.960,-23.530,0.410,421.270,10177.000
125,1,125,2.830,72.120,74.530,-0.160,27.000,27.670,6.390,375.720,383.300,38.490,-37.800,-38.590,-51.570,-51.710,1.600,-17.230,-21.970,0.020,26.990,27.920,6.710,386.400,393.940,37.350,-39.620,-40.160,-51.990,-52.010,1.430,-14.540,-23.090,0.390,422.340,13366.330
126,1,126,2.430,74.518,76.948,-2.182,26.971,29.153,6.453,400.316,406.768,35.999,-41.586,-41.882,-55.676,-55.396,1.044,-9.913,-23.624,-2.167,26.985,29.152,6.773,418.210,424.983,34.571,-42.371,-41.699,-55.501,-55.226,1.037,-6.934,-17.963,0.725,378.757,653774.667
127,1,127,2.309,69.678,71.987,-2.055,26.970,29.025,6.315,396.038,402.352,36.383,-40.890,-40.995,-55.447,-55.025,1.089,-10.046,-23.952,-1.975,26.978,28.953,6.607,413.558,420.166,34.909,-41.802,-40.962,-54.710,-54.441,1.072,-7.095,-18.518,0.720,349.754,8264.667
128,1,128,2.294,68.430,70.724,-1.524,26.978,28.502,6.457,397.881,404.338,36.275,-40.414,-40.471,-55.221,-54.935,1.086,-10.206,-24.935,-1.503,26.975,28.478,6.747,414.248,420.995,34.812,-41.429,-40.581,-55.196,-54.997,1.071,-7.076,-18.883,0.746,345.530,8222.000
129,1,129,2.308,69.441,71.749,-1.854,26.987,28.841,6.400,396.652,403.052,36.462,-40.284,-40.300,-55.092,-54.786,1.072,-9.692,-23.972,-1.829,26.994,28.823,6.655,414.057,420.712,34.989,-41.097,-40.316,-54.734,-54.652,1.044,-6.739,-18.378,0.787,385.107,6908.000
130,1,130,2.313,70.449,72.762,-2.055,26.967,29.023,6.380,395.919,402.299,36.365,-41.207,-41.508,-55.355,-55.047,1.097,-10.272,-24.741,-2.033,26.986,29.019,6.693,413.622,420.315,34.961,-41.897,-41.385,-55.448,-55.185,1.065,-7.101,-18.627,0.730,382.840,8321.000
131,1,131,2.264,68.940,71.203,-2.401,26.969,29.370,6.338,395.178,401.516,36.448,-40.903,-41.164,-55.951,-55.561,1.062,-10.212,-23.896,-2.304,26.995,29.299,6.590,412.680,419.270,35.117,-41.642,-41.016,-55.393,-55.204,1.046,-7.117,-18.319,0.760,375.575,7642.333
132,1,132,2.401,72.933,75.334,-2.019,26.975,28.995,6.446,396.674,403.120,36.359,-41.510,-41.432,-55.325,-54.947,1.042,-10.003,-24.052,-2.002,26.979,28.981,6.784,413.503,420.287,34.902,-42.275,-41.234,-54.737,-54.385,1.092,-7.021,-18.533,0.800,370.845,10301.333
133,1,133,2.262,68.453,70.715,-2.388,26.963,29.352,6.397,395.010,401.407,36.413,-41.370,-41.659,-56.143,-55.732,1.076,-9.688,-23.367,-2.299,26.971,29.270,6.669,412.475,419.143,34.938,-42.188,-41.483,-55.434,-55.155,1.069,-6.735,-17.927,0.783,349.095,9110.333
134,1,134,2.365,72.739,75.104,-2.482,27.009,29.491,6.493,398.625,405.118,36.466,-41.981,-42.507,-55.986,-55.609,1.096,-9.677,-23.331,-2.406,26.984,29.391,6.778,415.264,422.041,34.802,-42.776,-42.281,-55.563,-55.349,1.058,-6.804,-18.085,0.744,383.895,8467.333
135,1,135,2.337,71.982,74.319,-2.184,26.979,29.163,6.425,399.194,405.619,36.168,-41.260,-41.511,-55.618,-55.250,1.092,-10.084,-24.838,-2.196,26.987,29.183,6.601,416.685,423.286,34.726,-41.951,-41.375,-55.587,-55.421,1.035,-7.008,-18.802,0.754,352.588,8850.000
136,1,136,2.416,74.557,76.973,-2.384,26.995,29.379,6.515,401.056,407.570,36.127,-42.299,-42.521,-56.165,-55.764,1.049,-9.957,-23.677,-2.361,26.975,29.336,6.780,417.782,424.563,34.519,-43.147,-42.320,-55.828,-55.603,1.017,-7.033,-18.209,0.784,363.450,7621.333
137,1,137,2.368,74.083,76.451,-2.636,26.961,29.597,6.419,400.589,407.008,35.898,-42.418,-42.590,-56.300,-55.904,1.056,-9.907,-23.073,-2.510,26.984,29.493,6.726,419.125,425.851,34.485,-42.889,-42.029,-55.580,-55.297,1.046,-6.965,-17.957,0.806,368.063,9423.667
138,1,138,2.447,74.047,76.493,-1.832,26.972,28.804,6.592,402.436,409.028,35.808,-41.441,-41.665,-55.476,-55.140,1.047,-10.165,-25.876,-1.879,26.993,28.872,6.867,420.482,427.349,34.435,-42.227,-41.572,-55.527,-55.389,1.025,-6.998,-19.326,0.748,347.171,8714.333
139,1,139,2.295,71.444,73.739,-2.393,26.967,29.360,6.368,396.062,402.430,36.351,-41.599,-41.960,-55.439,-55.292,1.062,-9.436,-23.246,-2.296,26.982,29.279,6.713,414.174,420.886,34.882,-42.386,-41.867,-55.537,-55.314,1.065,-6.565,-17.858,0.755,337.217,8373.333
140,1,140,2.395,73.590,75.985,-2.330,26.965,29.295,6.393,395.861,402.254,36.351,-41.883,-42.394,-56.140,-55.687,1.079,-10.567,-24.345,-2.257,26.983,29.240,6.664,413.472,420.137,34.947,-42.649,-42.206,-55.838,-55.497,1.042,-7.440,-18.647,0.763,362.248,8464.333
141,1,141,2.339,71.821,74.160,-1.946,26.975,28.921,6.344,398.712,405.056,36.179,-40.932,-40.764,-55.388,-55.009,1.068,-10.150,-24.770,-1.965,26.989,28.954,6.666,416.540,423.205,34.743,-41.826,-40.775,-55.162,-54.861,1.031,-7.093,-18.723,0.776,334.333,9118.333
142,1,142,2.353,70.320,72.673,-1.781,26.981,28.762,6.531,402.142,408.673,35.916,-40.857,-40.828,-55.570,-55.132,1.055,-10.289,-24.897,-1.802,26.990,28.792,6.745,419.432,426.177,34.512,-41.741,-40.811,-55.345,-55.053,1.032,-7.162,-18.744,0.756,369.525,9518.667
143,1,143,2.265,66.242,68.507,-1.689,26.976,28.666,6.429,395.392,401.820,36.486,-40.159,-40.014,-55.198,-54.784,1.086,-9.576,-24.178,-1.633,26.984,28.617,6.745,412.534,419.279,35.027,-41.204,-40.227,-54.651,-54.316,1.069,-6.643,-18.456,0.763,330.973,8728.667
144,1,144,2.266,67.361,69.627,-1.729,26.981,28.710,6.308,394.143,400.451,36.646,-40.617,-40.620,-55.220,-54.882,1.097,-9.961,-23.689,-1.652,26.987,28.639,6.607,411.114,417.721,35.187,-41.548,-40.643,-54.755,-54.474,1.081,-6.896,-18.101,0.797,375.925,8846.000
145,1,145,2.301,70.040,72.341,-1.792,26.979,28.771,6.380,399.121,405.501,36.176,-41.132,-41.107,-55.743,-55.483,1.042,-9.575,-23.818,-1.744,26.990,28.734,6.632,416.974,423.606,34.717,-42.114,-41.088,-55.455,-55.196,1.055,-6.637,-18.276,0.768,346.342,7478.000
146,1,146,2.420,75.263,77.684,-2.343,26.964,29.307,6.458,397.251,403.709,36.213,-42.248,-42.893,-56.125,-55.853,1.058,-10.274,-23.587,-2.187,26.979,29.166,6.788,415.403,422.190,34.750,-43.131,-42.683,-55.805,-55.534,1.041,-7.262,-18.327,0.751,371.332,7757.667
147,1,147,2.314,68.181,70.495,-2.082,26.974,29.056,6.447,390.653,397.100,36.895,-40.139,-40.214,-55.577,-55.099,1.066,-10.283,-23.944,-1.905,26.984,28.890,6.761,407.096,413.856,35.489,-41.055,-40.254,-54.781,-54.490,1.058,-7.150,-18.590,0.763,336.749,7921.000
148,1,148,2.306,69.079,71.384,-1.822,26.971,28.793,6.419,395.672,402.091,36.416,-40.864,-41.013,-55.534,-55.195,1.059,-10.183,-24.380,-1.764,26.976,28.740,6.655,412.377,419.032,34.985,-41.724,-40.950,-55.330,-54.998,1.059,-7.095,-18.710,0.724,370.215,7692.667
149,1,149,2.311,69.890,72.201,-2.368,26.995,29.363,6.374,395.992,402.366,36.595,-41.291,-41.658,-56.587,-56.065,1.071,-10.127,-23.741,-2.247,26.984,29.231,6.626,412.113,418.738,35.076,-42.212,-41.547,-55.946,-55.600,1.057,-7.144,-18.513,0.744,373.859,8519.000
150,1,150,2.357,69.690,72.048,-2.012,26.975,28.987,6.415,389.781,396.196,36.992,-40.816,-41.059,-55.765,-55.377,1.055,-10.170,-22.878,-1.812,26.982,28.794,6.667,405.384,412.051,35.622,-41.753,-40.945,-54.697,-54.380,1.087,-7.113,-17.977,0.763,333.579,8562.333
