Header Section,,,,,,,,,,,,,,,,,,,,,,,,,,,,,,,,,,,,,,,,,,,,,,,,,,,,,,,,,,,,,,,
Product,VC5369,,,,,,,,,,,,,,,,,,,,,,,,,,,,,,,,,,,,,,,,,,,,,,,,,,,,,,,,,,,,,,
Test Plan,Rev(-),,,,,,,,,,,,,,,,,,,,,,,,,,,,,,,,,,,,,,,,,,,,,,,,,,,,,,,,,,,,,,
Release Date,2015/09/28,,,,,,,,,,,,,,,,,,,,,,,,,,,,,,,,,,,,,,,,,,,,,,,,,,,,,,,,,,,,,,
Comment,#1~30/A5E7.28.1;31#~60/A5E14.29.1;,,,,,,,,,,,,,,,,,,,,,,,,,,,,,,,,,,,,,,,,,,,,,,,,,,,,,,,,,,,,,,
,,,,,,,,,,,,,,,,,,,,,,,,,,,,,,,,,,,,,,,,,,,,,,,,,,,,,,,,,,,,,,,
Data Section,,,,,,,,,,,,,,,,,,,,,,,,,,,,,,,,,,,,,,,,,,,,,,,,,,,,,,,,,,,,,,,
Device#,1,2,3,4,5,6,7,8,9,10,11,12,13,14,15,16,17,18,19,20,21,22,23,24,25,26,27,28,29,30,31,32,33,34,35,36,37,38,39,40,41,42,43,44,45,46,47,48,49,50,51,52,53,54,55,56,57,58,59,60,61,62,63
Test Item,Site No,Device ID,Idle_LB_Vbat,Idle_LB_Vcc,Idle_LB_Total,Pin_LB_824,Pout_LB_824,Gain_LB_824,Icc_LB_Vbat_824,Icc_LB_Vcc_824,Icc_LB_Total_824,PAE_LB_Total_824,ACP_LB_L_824,ACP_U_LB_824,ALT_LB_L_824,ALT_U_LB_824,EVM_LB_824,2fo_LB_824,Pin_LB_915,Pout_LB_915,Gain_LB_915,Icc_LB_Vbat_915,Icc_LB_Vcc_915,Icc_LB_Total_915,PAE_LB_Total_915,ACP_LB_L_915,ACP_U_LB_915,ALT_LB_L_915,ALT_U_LB_915,EVM_LB_915,2fo_LB_915,Idle_HB_Vbat,Idle_HB_Vcc,Idle_HB_Total,Pin_HB_1710,Pout_HB_1710,Gain_HB_1710,Icc_HB_Vbat_1710,Icc_HB_Vcc_1710,Icc_HB_Total_1710,PAE_HB_Total_1710,ACP_HB_L_1710,ACP_U_HB_1710,ALT_LB_HB_1710,ALT_U_HB_1710,EVM_HB_1710,2fo_HB_1710,Pin_HB_1980,Pout_HB_1980,Gain_HB_1980,Icc_HB_Vbat_1980,Icc_HB_Vcc_1980,Icc_HB_Total_1980,PAE_HB_Total_1980,ACP_HB_L_1980,ACP_U_HB_1980,ALT_LB_HB_1980,ALT_U_HB_1980,EVM_HB_1980,2fo_HB_1980,Leakage_Current,Test Time,Index Time
Low Tolerance,,,5,10,10,0.3,,,1,30,30,,1.5,1.5,1.5,1.5,0.5,2,0.3,,,1,30,30,,1.5,1.5,1.5,1.5,0.5,2,5,10,10,0.3,,,1,30,30,,1.5,1.5,1.5,1.5,0.5,2,0.3,,,1,30,30,,1.5,1.5,1.5,1.5,0.5,2,5,,
High Tolerance,,,5,10,10,0.5,,,1,30,30,,1.5,1.5,1.5,1.5,0.5,2,0.5,,,1,30,30,,1.5,1.5,1.5,1.5,0.5,2,5,10,10,0.5,,,1,30,30,,1.5,1.5,1.5,1.5,0.5,2,0.5,,,1,30,30,,1.5,1.5,1.5,1.5,0.5,2,5,,
Enable,,,1,1,1,1,0,0,0,1,1,,1,1,1,1,1,1,1,0,0,0,1,1,,1,1,1,1,1,1,1,1,1,1,0,0,0,1,1,,1,1,1,1,1,1,1,0,0,0,1,1,,1,1,1,1,1,1,1,,
1,1,1,2.348,90,92.349,-0.331,27.044,27.375,6.634,432.049,438.683,33.943,-48.61,-47.76,-56.122,-56.061,1.097,-9.115,-2.086,27.026,29.112,6.314,403.223,409.538,36.211,-49.873,-48.316,-56.01,-55.982,1.059,-6.229,2.648,103.081,105.729,0.265,27.479,27.215,6.672,426.785,433.457,37.976,-41.359,-41.206,-53.577,-53.463,1.433,-8.361,1.446,27.471,26.025,7.123,440.417,447.539,36.715,-40.252,-40.316,-54.943,-55.041,1.774,-14.724,3.315,580.234,0
2,1,2,2.376,90.91,93.286,-1.525,27.011,28.536,6.878,433.226,440.104,33.582,-48.989,-47.86,-56.186,-56.23,1.054,-9.269,-1.844,27.032,28.876,6.58,416.44,423.02,35.11,-50.821,-49.29,-56.499,-56.321,0.955,-5.703,2.679,106.078,108.757,-0.679,27.54,28.219,6.72,436.137,442.857,37.696,-41.058,-40.813,-53.275,-52.869,1.525,-8.861,1.204,27.474,26.269,7.314,456.296,463.61,35.459,-41.034,-41.114,-54.755,-55.069,1.744,-16.798,3.271,561.043,0
3,1,3,2.332,91.133,93.464,-0.473,27.044,27.517,6.617,429.868,436.485,34.114,-48.264,-47.375,-56.226,-56.151,1.105,-9.303,-2.095,27.022,29.118,6.3,403.722,410.022,36.137,-49.936,-48.249,-56.081,-56.052,1.043,-6.16,2.609,101.718,104.327,0.025,27.499,27.474,6.649,425.461,432.11,38.267,-41.612,-41.459,-53.905,-53.686,1.392,-10.122,1.07,27.496,26.426,6.962,443.477,450.439,36.687,-39.654,-39.722,-54.638,-54.681,1.803,-12.807,3.257,541.324,0
4,1,4,2.295,88.385,90.681,-0.79,27.032,27.822,6.782,435.234,442.016,33.595,-49.139,-48.17,-56.458,-56.311,1.029,-9.404,-1.723,27.037,28.76,6.525,416.268,422.792,35.166,-51.458,-49.893,-56.943,-56.765,0.872,-6.083,2.489,94.787,97.276,0.172,27.524,27.351,6.743,432.59,439.333,37.851,-42.156,-41.989,-53.751,-53.497,1.271,-9.066,1.589,27.501,25.912,7.021,443.529,450.551,36.721,-40.678,-40.528,-54.439,-54.563,1.707,-12.69,3.318,543.693,0
5,1,5,2.328,90.138,92.467,-1.06,27.033,28.093,6.559,429.309,435.868,34.079,-48.339,-47.326,-55.859,-55.659,1.173,-9.642,-2.136,27.025,29.162,6.445,406.238,412.683,35.927,-49.844,-48.361,-56.044,-55.988,1.07,-6.261,2.637,103.021,105.657,0.393,27.485,27.092,6.573,423.106,429.68,38.36,-41.319,-41.178,-53.786,-53.616,1.419,-9.212,1.177,27.49,26.313,6.939,439.272,446.211,36.981,-40.092,-40.199,-54.84,-54.926,1.784,-14.556,3.218,535.362,0
6,1,6,2.399,93.573,95.972,0.452,27.027,26.575,6.693,436.082,442.775,33.504,-49.255,-48.624,-57.204,-57.379,0.906,-8.959,-2.15,27.016,29.166,6.379,403.326,409.705,36.113,-50.074,-48.266,-56.39,-56.368,1.039,-6.242,2.649,103.513,106.162,0.647,27.49,26.843,6.818,426.968,433.786,38.036,-41.6,-41.491,-54.036,-53.871,1.373,-8.698,1.035,27.501,26.467,6.866,435.586,442.452,37.39,-40.078,-40.146,-54.402,-54.472,1.783,-13.419,3.274,532.432,0
7,1,7,2.332,88.105,90.437,-0.912,27.027,27.939,6.708,428.644,435.352,34.071,-48.584,-47.611,-55.809,-55.699,1.121,-9.491,-1.848,27.022,28.87,6.408,406.175,412.583,35.907,-50.569,-49.012,-56.369,-56.321,0.969,-6.223,2.63,102.758,105.387,-0.214,27.493,27.707,6.709,427.907,434.616,37.998,-41.577,-41.387,-53.713,-53.438,1.395,-9.556,1.189,27.488,26.299,7.205,445.315,452.519,36.452,-40.088,-40.273,-54.702,-54.827,1.777,-13.482,3.298,546.124,0
8,1,8,2.395,92.73,95.125,-0.94,27.031,27.971,6.705,437.871,444.577,33.39,-49.517,-48.319,-56.608,-56.524,0.932,-9.093,-2.025,27.024,29.049,6.439,409.845,416.284,35.605,-50.471,-48.851,-56.905,-56.695,0.968,-6.219,2.595,100.31,102.906,-0.068,27.507,27.575,6.623,427.806,434.429,38.135,-41.481,-41.286,-53.289,-53.022,1.41,-8.715,1.562,27.506,25.944,6.944,438.803,445.748,37.16,-40.76,-40.782,-54.703,-54.861,1.738,-13.702,3.28,541.198,0
9,1,9,2.338,88.824,91.161,-0.713,27.04,27.753,6.663,434.775,441.439,33.7,-49.385,-48.391,-56.349,-56.491,0.992,-9.111,-1.544,27.031,28.575,6.556,411.842,418.399,35.483,-51.341,-49.788,-56.862,-56.744,0.87,-5.825,2.595,100.867,103.462,0.087,27.503,27.416,6.658,431.286,437.945,37.795,-41.596,-41.436,-53.796,-53.547,1.412,-8.845,1.301,27.502,26.201,7.051,439.777,446.828,37.035,-39.491,-39.585,-54.986,-55.119,1.802,-13.483,3.266,552.458,0
10,1,10,2.182,83.888,86.07,-0.348,27.045,27.393,6.557,435.164,441.72,33.719,-48.591,-47.62,-56.091,-56.007,1.103,-8.806,-1.939,27.012,28.951,6.295,403.558,409.853,36.067,-49.917,-48.406,-56.003,-55.945,1.072,-5.805,2.546,99.542,102.088,0.442,27.493,27.051,6.596,427.949,434.546,38.006,-41.617,-41.48,-53.656,-53.51,1.416,-8.548,1.296,27.491,26.195,6.894,436.039,442.932,37.261,-40.668,-40.651,-53.798,-53.849,1.766,-13.176,3.368,561.799,0
11,1,11,2.32,86.759,89.078,-1.347,27.007,28.353,6.713,433.504,440.217,33.537,-48.976,-47.799,-55.897,-55.665,1.082,-9.129,-2.047,27.013,29.06,6.492,408.19,414.682,35.654,-50.429,-48.963,-56.31,-56.231,0.999,-5.839,2.626,102.563,105.189,-0.169,27.518,27.687,6.914,436.037,442.951,37.494,-42.035,-41.874,-53.954,-53.67,1.288,-8.373,1.136,27.495,26.359,7.096,446.31,453.406,36.433,-40.978,-41.025,-54.393,-54.67,1.719,-13.392,3.241,544.789,0
12,1,12,2.345,88.301,90.646,-0.929,27.025,27.954,6.837,440.947,447.785,33.105,-49.532,-48.573,-56.689,-56.676,0.951,-9.058,-2.089,27.023,29.112,6.67,413.775,420.445,35.243,-50.926,-49.469,-57.005,-56.877,0.925,-6.195,2.672,104.265,106.937,0.491,27.498,27.007,6.778,432.659,439.437,37.618,-42.18,-42.057,-54.224,-54.153,1.215,-8.368,1.472,27.485,26.013,7.136,445.209,452.345,36.442,-41.113,-41.165,-54.794,-54.967,1.708,-14.24,3.44,537.731,0
13,1,13,2.309,89.03,91.339,-0.782,27.026,27.808,6.555,437.475,444.03,33.393,-49.666,-48.619,-56.28,-56.104,0.898,-9.087,-1.885,27.022,28.907,6.479,413.33,419.809,35.297,-50.897,-49.536,-56.844,-56.577,0.905,-6.129,2.675,106.302,108.977,0.192,27.487,27.295,6.6,430.406,437.006,37.737,-42.073,-41.947,-54.384,-54.211,1.277,-9.139,0.803,27.5,26.697,7.229,447.766,454.995,36.354,-40.063,-40.126,-54.402,-54.497,1.79,-13.627,3.304,558.865,0
14,1,14,2.366,90.805,93.171,-1.319,27.011,28.33,6.586,436.947,443.533,33.322,-49.524,-48.348,-56.22,-56.202,0.993,-9.158,-2.194,27.026,29.22,6.259,409.923,416.181,35.632,-50.578,-49.008,-56.613,-56.482,0.98,-6.424,2.638,102.61,105.248,0.134,27.483,27.349,6.573,424.399,430.972,38.223,-41.345,-41.179,-53.687,-53.479,1.455,-9.567,1.289,27.48,26.191,6.909,438.123,445.031,36.993,-40.03,-40.226,-54.55,-54.666,1.806,-13.497,3.291,544.29,0
15,1,15,2.384,91.733,94.117,-1.453,27.017,28.469,6.702,439.312,446.014,33.174,-49.264,-48.073,-56.404,-56.179,1.022,-9.089,-2.164,27.015,29.179,6.469,411.952,418.42,35.352,-50.778,-49.158,-56.429,-56.288,0.935,-6.081,2.687,104.278,106.964,-0.173,27.503,27.676,6.806,436.233,443.039,37.361,-41.816,-41.645,-53.697,-53.476,1.322,-7.629,1.551,27.477,25.926,7.076,442.895,449.971,36.565,-40.956,-40.993,-54.976,-55.075,1.748,-14.19,3.308,552.965,0
16,1,16,2.35,90.047,92.397,-0.039,27.042,27.081,6.573,428.762,435.335,34.188,-48.559,-47.75,-56.527,-56.593,1.089,-9.467,-1.555,27.037,28.592,6.488,410.058,416.546,35.692,-50.647,-48.975,-56.536,-56.27,0.945,-5.862,2.701,105.699,108.4,0.019,27.485,27.466,6.689,423.923,430.613,38.28,-41.091,-40.899,-53.583,-53.348,1.461,-9.431,0.828,27.506,26.677,7.176,439.411,446.587,37.084,-39.736,-39.938,-54.317,-54.479,1.817,-13.355,3.292,541.328,0
17,1,17,2.284,85.699,87.984,-1.863,27.032,28.895,6.678,432.248,438.925,33.837,-48.444,-47.069,-55.56,-55.109,1.292,-8.765,-2.041,27.026,29.067,6.354,409.022,415.375,35.699,-50.595,-49.058,-55.993,-55.879,0.969,-5.363,2.559,100.265,102.825,0.201,27.492,27.292,6.592,422.351,428.943,38.492,-41.275,-41.119,-53.378,-53.199,1.47,-8.974,1.232,27.5,26.268,7.164,438.175,445.339,37.14,-40.995,-40.96,-54.36,-54.58,1.702,-15.506,3.332,555.245,0
18,1,18,2.243,85.567,87.809,-0.654,27.031,27.686,6.612,437.08,443.692,33.463,-49.323,-48.283,-56.235,-56.118,0.992,-8.901,-1.826,27.029,28.855,6.462,408.829,415.291,35.735,-50.839,-49.41,-56.45,-56.366,0.932,-6.166,2.597,102.02,104.617,0.011,27.516,27.505,6.701,434.474,441.175,37.626,-41.881,-41.722,-53.794,-53.53,1.323,-8.122,1.403,27.475,26.071,6.964,441.772,448.735,36.642,-40.829,-40.767,-54.656,-54.832,1.713,-13.474,3.246,570.02,0
19,1,19,2.32,88.328,90.649,-1.77,27.033,28.803,6.633,432.934,439.567,33.787,-48.294,-47.354,-55.695,-55.874,1.215,-9.631,-1.942,27.024,28.966,6.441,416.565,423.005,35.043,-50.649,-49.285,-56.608,-56.492,0.939,-6.611,2.708,106.648,109.356,-0.894,27.537,28.432,6.801,436.259,443.06,37.651,-41.125,-40.891,-53.326,-52.908,1.555,-9.031,1.24,27.481,26.241,7.275,456.485,463.76,35.507,-40.836,-40.949,-54.868,-55.161,1.728,-14.507,3.213,553.733,0
20,1,20,2.295,87.154,89.45,0.219,27.031,26.812,6.541,429.541,436.082,34.041,-48.411,-47.666,-56.152,-56.185,1.095,-8.845,-1.94,27.027,28.967,6.225,397.506,403.731,36.738,-48.906,-47.351,-55.779,-55.832,1.211,-6.056,2.556,98.656,101.212,0.709,27.487,26.777,6.699,427.488,434.187,37.978,-41.803,-41.651,-53.962,-53.809,1.303,-9.209,1.616,27.484,25.868,6.896,433.815,440.71,37.392,-40.034,-40.163,-54.619,-54.682,1.786,-13.569,3.297,635.016,0
21,1,21,2.298,88.736,91.034,-0.507,27.037,27.544,6.579,433.692,440.271,33.769,-48.72,-47.826,-56.471,-56.514,1.069,-9.08,-2.263,27.024,29.287,6.325,402.444,408.769,36.26,-49.738,-48.134,-56.903,-56.742,1.056,-7.001,2.594,100.552,103.146,0.254,27.5,27.246,6.442,425.795,432.237,38.261,-41.275,-41.109,-53.55,-53.367,1.425,-9.353,1.421,27.454,26.033,6.896,438.804,445.7,36.717,-40.135,-40.158,-55.136,-55.219,1.783,-14.83,3.287,541.046,0
22,1,22,2.306,86.898,89.204,0.192,27.033,26.841,6.714,433.292,440.006,33.762,-48.932,-48.309,-56.664,-56.786,0.994,-9.248,-1.927,27.029,28.956,6.534,406.733,413.268,35.91,-50.56,-48.909,-56.729,-56.653,0.974,-5.882,2.533,99.774,102.307,0.62,27.483,26.863,6.642,424.952,431.594,38.172,-41.195,-41.066,-53.73,-53.527,1.462,-8.88,1.22,27.482,26.262,6.821,437.801,444.622,37.042,-39.743,-39.688,-54.742,-54.842,1.802,-14.011,3.307,539.64,0
23,1,23,2.273,85.524,87.797,-0.989,27.032,28.02,6.781,435.715,442.496,33.557,-49.529,-48.468,-56.249,-56.013,0.989,-9.388,-1.755,27.039,28.793,6.649,411.76,418.409,35.547,-51.25,-49.887,-57.169,-57.13,0.866,-6.277,2.574,99.555,102.129,0.62,27.511,26.891,6.749,427.944,434.693,38.149,-41.773,-41.661,-53.825,-53.744,1.327,-8.023,1.128,27.507,26.379,7.002,433.249,440.251,37.626,-40.324,-40.322,-54.419,-54.4,1.759,-14.361,3.267,557.269,0
24,1,24,2.363,91.759,94.122,-0.781,27.035,27.816,6.591,430.69,437.28,33.985,-48.461,-47.596,-56.366,-56.281,1.113,-9.65,-2.145,27.024,29.17,6.435,407.762,414.197,35.789,-50.341,-48.647,-56.614,-56.429,0.986,-6.618,2.557,98.091,100.647,-0.01,27.493,27.503,6.699,424.258,430.956,38.313,-41.107,-40.914,-53.158,-52.952,1.489,-9.003,1.448,27.513,26.064,7.074,444.137,451.211,36.761,-40.225,-40.218,-54.849,-54.937,1.761,-15.09,3.329,535.488,0
25,1,25,2.256,84.814,87.07,-1.378,27.008,28.386,6.497,428.908,435.405,33.917,-48.71,-47.421,-55.36,-55.001,1.135,-8.96,-1.982,27.029,29.011,6.342,403.525,409.867,36.207,-49.969,-48.588,-55.715,-55.735,1.049,-5.662,2.574,99.144,101.719,0.109,27.508,27.399,6.712,424.12,430.833,38.462,-41.062,-40.882,-53.166,-52.955,1.476,-8.442,1.383,27.493,26.11,6.87,431.329,438.198,37.681,-40.454,-40.536,-54.373,-54.509,1.774,-14.465,3.345,549.708,0
26,1,26,2.342,88.986,91.327,-1.246,27.019,28.266,6.626,429.568,436.194,33.943,-48.839,-47.767,-55.917,-55.799,1.074,-9.379,-1.99,27.013,29.004,6.489,405.461,411.95,35.893,-50.723,-49.121,-56.357,-56.154,0.943,-5.703,2.666,104.074,106.74,-0.295,27.504,27.799,6.63,425.582,432.213,38.304,-41.366,-41.194,-53.67,-53.413,1.471,-10.414,1.092,27.483,26.391,7.277,449.352,456.629,36.084,-40.39,-40.487,-54.72,-54.968,1.739,-13.727,3.279,548.005,0
27,1,27,2.306,88.33,90.635,-1.468,27.024,28.492,6.597,433.313,439.91,33.694,-48.645,-47.507,-55.793,-55.596,1.123,-9.154,-2.112,27.028,29.14,6.447,407.482,413.929,35.842,-50.119,-48.617,-56.05,-56.035,1.017,-6.111,2.647,103.068,105.715,-0.118,27.515,27.633,6.755,432.697,439.452,37.764,-41.956,-41.795,-54.005,-53.756,1.29,-9.466,1.435,27.497,26.062,7.167,449.361,456.528,36.207,-40.945,-41.094,-54.887,-55.112,1.734,-13.625,3.443,550.068,0
28,1,28,2.375,92.298,94.673,0.683,27.031,26.348,6.638,438.485,445.124,33.351,-49.748,-49.096,-57.342,-57.523,0.804,-8.762,-1.794,27.032,28.827,6.258,407.397,413.656,35.902,-50.786,-48.905,-56.26,-56.255,0.958,-5.39,2.597,99.476,102.073,0.977,27.551,26.573,6.824,429.556,436.38,38.348,-41.028,-40.83,-53.41,-53.239,1.546,-7.994,1.409,27.512,26.103,6.949,430.983,437.932,37.873,-40.188,-40.268,-54.273,-54.248,1.782,-14.323,3.376,636.917,0
29,1,29,2.252,83.774,86.026,0.13,27.018,26.888,6.715,431.378,438.093,33.791,-48.868,-48.216,-56.323,-56.46,0.997,-9.179,-1.976,27.027,29.003,6.261,401.734,407.995,36.353,-50.212,-48.657,-56.361,-56.301,1.007,-6.051,2.577,99.981,102.558,0.458,27.51,27.052,6.644,429.147,435.791,38.036,-41.22,-41.062,-53.398,-53.243,1.456,-7.61,1.33,27.49,26.159,6.806,427.955,434.761,37.95,-40.064,-40.171,-54.353,-54.434,1.784,-13.811,3.346,547.929,0
30,1,30,2.387,94.059,96.446,-1.322,27.007,28.33,6.708,434.601,441.309,33.46,-48.882,-47.772,-56.389,-56.163,1.075,-8.755,-2.281,27.02,29.301,6.348,406.975,413.323,35.826,-49.791,-48.116,-56.284,-56.135,1.053,-6.433,2.559,99.896,102.455,0.174,27.522,27.347,6.604,431.117,437.721,37.973,-41.981,-41.837,-53.925,-53.717,1.256,-9.348,1.311,27.48,26.169,6.875,444.005,450.879,36.511,-40.839,-40.832,-54.241,-54.347,1.745,-12.586,3.293,541.556,0
31,1,31,2.377,91.798,94.175,-2.638,27.029,29.667,6.151,396.783,402.934,36.828,-48.281,-49.386,-57.346,-57.370,1.097,-4.738,-2.233,27.047,29.281,6.004,373.165,379.169,39.303,-50.216,-51.465,-57.232,-57.095,0.907,-11.496,2.675,106.983,109.659,-0.258,27.545,27.802,6.837,437.465,444.302,37.612,-42.659,-41.845,-54.125,-53.787,1.488,-11.686,-0.061,27.492,27.553,7.311,462.345,469.656,35.151,-41.382,-41.470,-55.302,-55.534,1.593,-11.122,3.281,696.853,0
32,1,32,2.280,87.851,90.131,-1.617,27.044,28.661,6.192,398.280,404.472,36.814,-48.197,-49.676,-57.205,-57.537,1.021,-4.841,-2.164,27.066,29.230,5.855,368.762,374.617,39.953,-49.850,-50.818,-56.483,-56.474,0.987,-10.823,2.641,103.717,106.357,0.452,27.558,27.106,6.763,438.445,445.208,37.647,-42.728,-41.988,-54.194,-53.897,1.499,-10.834,0.183,27.500,27.318,7.095,443.895,450.989,36.676,-41.342,-41.499,-54.920,-55.166,1.564,-10.561,3.381,829.230,0
33,1,33,2.354,91.850,94.204,-0.609,27.038,27.647,6.111,398.336,404.447,36.772,-48.298,-49.877,-57.775,-58.258,0.953,-4.891,-1.791,27.064,28.854,5.874,367.072,372.947,40.110,-49.808,-50.694,-56.556,-56.501,0.979,-10.537,2.657,103.663,106.320,0.358,27.558,27.200,6.715,437.884,444.599,37.701,-42.486,-41.732,-53.938,-53.655,1.505,-10.175,0.245,27.511,27.266,6.861,443.100,449.961,36.854,-41.019,-41.180,-54.837,-55.157,1.597,-11.275,3.452,902.601,0
34,1,34,2.269,89.245,91.514,-1.720,27.044,28.763,6.332,412.848,419.180,35.523,-49.474,-51.431,-58.072,-58.297,0.831,-1.781,-2.132,27.056,29.189,5.838,373.591,379.429,39.359,-50.881,-52.193,-57.620,-57.699,0.886,-12.234,2.607,105.183,107.791,0.767,27.555,26.788,6.689,445.231,451.920,37.068,-44.105,-43.427,-55.096,-54.847,1.173,-8.978,0.103,27.502,27.399,6.744,449.561,456.305,36.263,-42.047,-42.468,-54.786,-55.101,1.515,-11.621,3.399,801.273,0
35,1,35,2.311,88.860,91.171,-1.312,27.039,28.352,6.136,397.438,403.574,36.858,-47.845,-49.407,-57.227,-57.665,1.033,-3.606,-2.174,27.065,29.239,5.918,367.331,373.248,40.087,-49.272,-50.402,-56.566,-56.632,1.039,-11.873,2.640,103.623,106.264,0.210,27.554,27.344,6.643,433.074,439.717,38.082,-42.101,-41.328,-53.714,-53.418,1.609,-10.960,0.118,27.506,27.389,6.756,447.096,453.853,36.496,-41.425,-41.521,-55.078,-55.325,1.550,-11.640,3.450,814.371,0
36,1,36,2.216,84.243,86.459,-1.384,27.046,28.430,6.216,401.711,407.927,36.523,-48.464,-49.912,-56.926,-57.060,0.984,-3.013,-2.056,27.057,29.113,5.594,364.147,369.741,40.390,-50.009,-51.167,-56.364,-56.534,0.958,-11.668,2.640,105.967,108.607,-0.407,27.538,27.945,6.782,443.165,449.947,37.081,-43.176,-42.388,-54.165,-53.690,1.377,-9.863,-0.177,27.528,27.706,7.029,451.773,458.802,36.285,-41.285,-41.510,-54.849,-54.993,1.594,-10.829,3.521,769.765,0
37,1,37,2.330,93.201,95.531,-1.571,27.054,28.625,6.269,409.547,415.817,35.892,-48.569,-50.075,-57.432,-57.662,0.948,-1.129,-2.383,27.074,29.457,5.767,366.032,371.799,40.327,-48.801,-49.865,-56.407,-56.637,1.071,-12.517,2.720,105.658,108.378,0.532,27.563,27.032,6.906,450.104,457.010,36.724,-44.044,-43.337,-54.842,-54.551,1.196,-8.110,0.440,27.521,27.080,7.122,444.019,451.141,36.836,-41.673,-42.140,-54.878,-55.029,1.524,-11.180,3.435,864.115,0
38,1,38,2.371,92.576,94.948,-1.560,27.039,28.599,6.304,400.494,406.798,36.560,-47.587,-49.282,-56.984,-57.413,1.043,-2.514,-2.554,27.061,29.615,5.908,368.736,374.644,39.908,-49.147,-50.421,-56.573,-56.832,1.025,-12.830,2.763,110.535,113.299,-0.157,27.539,27.696,6.911,441.908,448.820,37.184,-43.560,-42.807,-54.898,-54.530,1.271,-10.760,-0.355,27.509,27.865,7.345,465.119,472.464,35.081,-41.881,-41.973,-55.271,-55.600,1.562,-11.509,3.417,768.188,0
39,1,39,2.341,91.368,93.709,-2.256,27.008,29.265,6.146,403.782,409.928,36.028,-47.098,-48.378,-56.445,-56.695,1.174,-3.164,-2.381,27.056,29.438,5.779,371.998,377.777,39.530,-48.578,-49.549,-56.072,-56.177,1.130,-11.793,2.652,104.143,106.795,0.490,27.553,27.063,6.878,446.511,453.389,36.927,-42.135,-41.369,-53.809,-53.545,1.582,-10.922,-0.058,27.492,27.550,7.262,453.575,460.838,35.824,-40.228,-40.376,-54.521,-54.798,1.660,-11.623,3.485,799.822,0
40,1,40,2.385,93.479,95.864,-0.628,27.042,27.670,6.227,405.501,411.728,36.150,-48.828,-50.884,-57.955,-58.769,0.870,-2.743,-2.268,27.051,29.319,5.930,371.287,377.217,39.540,-50.493,-51.791,-57.135,-57.333,0.911,-12.029,2.782,110.924,113.705,0.407,27.552,27.145,6.856,446.007,452.864,36.959,-43.618,-42.918,-55.128,-54.772,1.278,-9.541,-0.598,27.536,28.135,7.052,446.695,453.747,36.757,-40.638,-40.810,-54.837,-55.114,1.618,-10.872,3.350,804.223,0
41,1,41,2.217,84.115,86.332,-0.637,27.048,27.686,6.196,400.784,406.980,36.628,-48.250,-49.918,-57.272,-57.756,0.975,-4.390,-1.788,27.052,28.840,5.856,365.753,371.608,40.144,-50.255,-51.259,-56.575,-56.669,0.965,-10.889,2.543,99.931,102.473,0.186,27.549,27.363,6.607,439.346,445.953,37.509,-43.246,-42.500,-54.370,-54.005,1.333,-11.713,0.200,27.495,27.295,6.923,458.840,465.763,35.472,-41.758,-41.631,-55.285,-55.527,1.555,-10.464,3.488,826.096,0
42,1,42,2.316,90.249,92.564,-1.291,27.040,28.331,6.374,408.722,415.097,35.837,-48.961,-51.033,-57.825,-58.513,0.886,-2.076,-2.453,27.051,29.504,5.698,371.549,377.247,39.541,-50.309,-51.708,-57.060,-57.272,0.953,-12.003,2.727,108.605,111.332,0.580,27.552,26.972,6.937,447.894,454.831,36.801,-43.981,-43.291,-55.119,-54.838,1.173,-9.026,-0.114,27.528,27.643,6.928,442.748,449.676,37.019,-40.845,-41.157,-54.826,-55.046,1.613,-11.288,3.331,775.028,0
43,1,43,2.301,88.390,90.692,-1.894,27.032,28.926,6.315,400.225,406.540,36.530,-48.920,-50.196,-57.784,-57.958,0.942,-3.555,-1.954,27.056,29.010,5.933,372.240,378.173,39.486,-50.248,-51.511,-57.551,-57.510,0.924,-11.549,2.706,107.103,109.809,-0.471,27.543,28.013,6.579,434.061,440.639,37.906,-41.847,-41.018,-53.549,-53.094,1.648,-10.763,-0.359,27.503,27.861,7.314,452.443,459.756,35.996,-40.701,-40.706,-55.092,-55.363,1.658,-11.976,3.399,744.792,0
44,1,44,2.457,97.132,99.589,-1.345,27.057,28.403,6.400,402.803,409.203,36.501,-48.190,-49.599,-57.663,-58.132,0.969,-2.337,-2.400,27.068,29.467,5.863,369.440,375.302,39.896,-49.129,-50.267,-56.965,-57.092,1.018,-12.769,2.799,111.543,114.342,0.468,27.555,27.087,6.728,437.275,444.003,37.725,-42.104,-41.372,-54.234,-53.850,1.590,-11.064,0.172,27.509,27.337,6.788,447.863,454.651,36.452,-40.826,-41.087,-54.786,-55.105,1.599,-11.483,3.245,956.912,0
45,1,45,2.311,89.965,92.276,-2.766,27.038,29.804,6.280,406.100,412.380,36.061,-48.431,-50.376,-57.171,-57.422,0.995,-3.910,-2.591,27.065,29.656,5.951,379.539,385.490,38.820,-51.082,-52.538,-57.319,-57.147,0.890,-11.389,2.885,116.936,119.821,-1.151,27.539,28.690,6.909,446.856,453.765,36.784,-43.378,-42.553,-54.572,-53.929,1.316,-11.155,0.071,27.502,27.431,7.558,465.588,473.146,34.975,-41.739,-42.042,-54.975,-55.259,1.587,-11.503,7.748,798.131,0
46,1,46,2.378,94.151,96.528,-0.769,27.041,27.810,6.120,399.894,406.014,36.650,-48.057,-49.906,-57.492,-58.295,0.959,-2.855,-2.410,27.053,29.463,5.732,367.721,373.452,39.961,-49.508,-50.743,-56.519,-56.854,1.029,-12.263,2.749,109.938,112.687,0.260,27.557,27.297,6.790,441.352,448.142,37.392,-43.146,-42.433,-54.771,-54.413,1.367,-10.727,-0.497,27.530,28.026,7.047,450.496,457.543,36.398,-40.592,-40.741,-54.724,-54.929,1.643,-11.022,3.354,797.417,0
47,1,47,2.298,89.985,92.283,-1.198,27.044,28.242,6.267,406.553,412.820,36.071,-48.820,-50.748,-57.893,-58.258,0.906,-2.774,-1.936,27.053,28.989,5.895,374.342,380.237,39.241,-50.838,-52.272,-57.814,-57.884,0.882,-12.613,2.608,102.766,105.373,0.405,27.550,27.145,6.833,442.123,448.956,37.260,-43.656,-42.908,-54.771,-54.406,1.292,-10.711,-0.004,27.505,27.510,7.192,455.825,463.017,35.763,-42.022,-42.220,-55.128,-55.395,1.533,-11.174,3.442,779.129,0
48,1,48,2.297,88.759,91.056,-1.974,27.033,29.007,6.413,405.824,412.237,36.036,-49.088,-50.574,-57.904,-58.278,0.957,-3.610,-2.157,27.060,29.217,5.927,372.672,378.599,39.477,-50.650,-51.688,-57.512,-57.397,0.909,-11.944,2.645,103.903,106.548,0.360,27.550,27.190,6.678,439.075,445.754,37.536,-43.025,-42.298,-54.498,-54.155,1.364,-11.615,-0.042,27.514,27.556,6.968,452.340,459.308,36.125,-41.293,-41.483,-54.707,-54.963,1.558,-10.930,3.424,847.199,0
49,1,49,2.300,88.365,90.666,-1.939,27.030,28.969,6.196,401.499,407.696,36.406,-48.278,-49.749,-57.062,-57.132,0.996,-2.625,-2.313,27.053,29.366,5.823,365.797,371.620,40.150,-49.494,-50.687,-56.467,-56.657,0.995,-11.344,2.786,110.210,112.997,0.194,27.550,27.356,6.692,445.726,452.417,36.982,-43.802,-43.087,-55.112,-54.854,1.228,-9.923,-0.348,27.516,27.864,7.315,459.035,466.350,35.600,-41.482,-41.651,-55.288,-55.555,1.587,-11.656,3.753,748.330,0
50,1,50,2.331,88.679,91.011,-2.652,27.011,29.664,6.315,401.333,407.648,36.257,-48.443,-49.946,-56.974,-56.894,0.998,-2.921,-2.430,27.072,29.501,5.997,367.959,373.956,40.076,-49.535,-50.664,-56.463,-56.524,1.008,-11.780,2.828,114.020,116.848,0.497,27.553,27.056,6.925,444.032,450.957,37.127,-43.621,-42.963,-55.267,-55.028,1.259,-10.437,-0.019,27.514,27.533,7.254,450.771,458.025,36.228,-40.864,-41.299,-54.526,-54.930,1.569,-11.425,14.091,815.704,0
51,1,51,2.341,90.738,93.079,-1.384,27.051,28.435,6.294,402.901,409.194,36.449,-48.395,-49.970,-57.629,-57.921,0.978,-3.543,-1.995,27.066,29.061,5.859,372.688,378.547,39.536,-50.266,-51.510,-57.372,-57.318,0.916,-12.045,2.641,103.055,105.695,-0.429,27.519,27.948,6.617,438.113,444.730,37.353,-43.209,-42.376,-53.978,-53.568,1.374,-10.558,0.435,27.508,27.073,7.526,458.667,466.193,35.543,-42.003,-42.001,-55.376,-55.600,1.533,-11.582,3.469,852.859,0
52,1,52,2.408,93.439,95.847,-0.702,27.041,27.743,6.123,399.084,405.206,36.724,-48.430,-49.892,-58.292,-58.811,0.972,-3.886,-1.830,27.061,28.891,5.829,369.615,375.444,39.816,-49.702,-50.679,-57.360,-57.375,1.026,-12.134,2.742,108.388,111.130,0.630,27.552,26.922,6.878,438.172,445.050,37.613,-42.869,-42.158,-54.787,-54.519,1.412,-12.556,-0.108,27.506,27.614,7.080,453.921,461.001,35.927,-40.775,-40.935,-54.765,-55.102,1.626,-10.892,6.250,815.834,0
53,1,53,2.301,89.884,92.185,-1.515,27.027,28.542,6.139,400.293,406.433,36.498,-47.344,-48.951,-56.543,-56.987,1.095,-2.951,-2.577,27.067,29.644,5.670,366.285,371.955,40.243,-48.707,-49.822,-55.906,-56.122,1.126,-11.659,2.695,106.848,109.543,0.199,27.547,27.348,6.550,443.573,450.123,37.148,-43.427,-42.702,-54.843,-54.565,1.303,-11.267,-0.231,27.506,27.737,7.295,464.703,471.998,35.087,-41.822,-41.988,-55.156,-55.444,1.533,-11.151,8.257,866.005,0
54,1,54,2.282,87.799,90.080,-0.824,27.041,27.865,6.133,405.622,411.754,36.138,-49.054,-50.761,-57.835,-58.228,0.876,-2.675,-1.844,27.049,28.893,5.801,368.270,374.071,39.855,-50.472,-51.688,-57.447,-57.447,0.910,-12.069,2.687,107.271,109.958,0.354,27.547,27.193,6.867,442.960,449.827,37.171,-43.331,-42.587,-54.618,-54.290,1.371,-9.678,0.107,27.516,27.408,6.798,452.434,459.232,36.146,-41.398,-41.568,-54.997,-55.199,1.588,-10.946,3.368,785.466,0
55,1,55,2.363,93.654,96.017,-1.570,27.043,28.613,6.200,413.677,419.877,35.457,-49.682,-51.496,-58.586,-58.750,0.826,-1.420,-2.161,27.059,29.219,5.882,376.330,382.212,39.094,-50.795,-52.198,-58.076,-58.230,0.904,-13.115,2.574,102.130,104.704,0.814,27.555,26.741,6.703,442.087,448.790,37.323,-43.566,-42.868,-54.618,-54.326,1.315,-8.992,0.240,27.514,27.274,6.743,438.566,445.309,37.258,-41.341,-41.713,-54.562,-54.741,1.552,-10.898,4.659,783.801,0
56,1,56,2.350,92.964,95.315,-2.230,27.018,29.248,6.247,405.905,412.152,35.916,-48.566,-50.409,-57.694,-57.862,0.921,-2.713,-2.481,27.054,29.535,6.107,375.321,381.428,39.123,-50.413,-51.843,-57.381,-57.559,0.941,-12.473,2.747,109.826,112.573,0.609,27.553,26.944,6.945,446.923,453.868,36.885,-44.152,-43.462,-55.519,-55.212,1.138,-11.125,-0.158,27.523,27.681,7.423,463.439,470.862,35.313,-41.632,-41.942,-54.863,-55.161,1.588,-10.322,3.445,809.214,0
57,1,57,2.366,91.408,93.773,-2.438,27.035,29.473,6.301,399.000,405.302,36.665,-48.502,-49.558,-57.533,-57.834,1.023,-4.870,-2.349,27.062,29.412,5.984,373.710,379.695,39.383,-50.257,-51.316,-57.176,-57.093,0.947,-11.464,2.749,109.912,112.662,-1.866,27.548,29.414,6.772,439.036,445.808,37.509,-41.076,-40.079,-52.521,-51.731,1.917,-11.617,-0.087,27.495,27.581,7.069,445.341,452.410,36.516,-39.819,-39.967,-54.277,-54.553,1.691,-10.815,3.808,820.559,0
58,1,58,2.314,89.024,91.338,-1.876,27.033,28.909,6.297,404.237,410.534,36.182,-48.803,-50.514,-57.483,-57.611,0.944,-3.839,-2.220,27.054,29.274,5.811,369.974,375.786,39.717,-50.605,-51.665,-57.161,-57.079,0.901,-11.324,2.718,108.464,111.183,0.898,27.558,26.660,6.990,443.736,450.725,37.187,-43.401,-42.719,-54.945,-54.658,1.266,-9.239,0.144,27.513,27.369,6.994,447.109,454.103,36.531,-41.489,-41.875,-54.848,-55.117,1.559,-11.351,3.470,824.514,0
59,1,59,2.327,91.726,94.053,-1.840,27.031,28.871,6.131,398.825,404.956,36.660,-47.381,-48.934,-56.863,-57.187,1.130,-3.577,-2.542,27.051,29.593,5.732,366.146,371.879,40.102,-48.904,-49.964,-56.331,-56.440,1.089,-11.694,2.710,106.164,108.874,0.360,27.547,27.187,6.830,440.529,447.359,37.379,-43.618,-42.887,-54.670,-54.446,1.285,-10.424,0.012,27.512,27.500,7.369,460.959,468.327,35.416,-42.736,-43.010,-55.247,-55.505,1.494,-12.590,3.501,744.701,0
60,1,60,2.314,90.642,92.956,-1.230,27.042,28.271,6.336,401.347,407.683,36.506,-47.754,-49.518,-56.858,-57.324,1.013,-3.280,-2.439,27.050,29.489,5.758,366.403,372.160,40.062,-49.688,-50.896,-56.412,-56.596,1.004,-11.780,2.695,106.261,108.956,0.182,27.546,27.364,6.656,444.268,450.925,37.069,-43.727,-42.995,-54.635,-54.376,1.251,-9.555,0.085,27.498,27.413,7.194,458.329,465.524,35.515,-42.620,-42.792,-55.477,-55.748,1.511,-11.616,3.438,731.358,0
