Header Section,,,,,,,,,,,,,,,,,,,,,,,,,,,,,,,,,,
Product,VC5348,,,,,,,,,,,,,,,,,,,,,,,,,,,,,,,,,
Test Plan,Rev(-),,,,,,,,,,,,,,,,,,,,,,,,,,,,,,,,,
Release Date,2015/03/05,,,,,,,,,,,,,,,,,,,,,,,,,,,,,,,,,
Comment,#800~819 for A3_01 pogo; 820~839 for Access E11.9.1,,,,,,,,,,,,,,,,,,,,,,,,,,,,,,,,,
,,,,,,,,,,,,,,,,,,,,,,,,,,,,,,,,,,
Data Section,,,,,,,,,,,,,,,,,,,,,,,,,,,,,,,,,,
Device#,1,2,3,4,5,6,7,8,9,10,11,12,13,14,15,16,17,18,19,20,21,22,23,24,25,26,27,28,29,30,31,32,33,34
Test Item,Site No,Device ID,Idle_H_Vbat,Idle_H_Vcc,Idle_H_Total,Pin_H_880,Pout_H_880,Gain_H_880,Icc_H_Vbat_880,Icc_H_Vcc_880,Icc_H_Total_880,PAE_H_Total_880,ACP_L_H_880,ACP_U_H_880,ALT_L_H_880,ALT_U_H_880,EVM_H_880,2fo_H_880,3fo_H_880,Pin_H_915,Pout_H_915,Gain_H_915,Icc_H_Vbat_915,Icc_H_Vcc_915,Icc_H_Total_915,PAE_H_Total_915,ACP_L_H_915,ACP_U_H_915,ALT_L_H_915,ALT_U_H_915,EVM_H_915,2fo_H_915,3fo_H_915,Leakage_Current
Low Tolerance,,,5,10,10,0.3,,,1,30,30,,1.5,1.5,1.5,1.5,0.5,1.5,1.5,0.3,,,1,30,30,,1.5,1.5,1.5,1.5,0.5,1.5,1.5,5
High Tolerance,,,5,10,10,0.3,,,1,30,30,,1.5,1.5,1.5,1.5,0.5,1.5,1.5,0.3,,,1,30,30,,1.5,1.5,1.5,1.5,0.5,1.5,1.5,5
Enable,,,1,1,1,1,0,0,0,1,1,,1,1,1,1,1,1,1,1,0,0,0,1,1,,1,1,1,1,1,1,1,1
800,1,800,2.196,72.346,74.542,-0.243,26.968,27.427,6.111,363.574,369.685,39.012,-38.189,-39.260,-53.359,-53.025,1.491,-7.693,-30.869,-0.204,26.987,27.351,6.377,370.783,377.160,38.402,-39.862,-40.031,-53.245,-52.907,1.945,-11.341,-30.508,2.755
801,1,801,2.248,72.400,74.648,-0.437,26.990,27.642,6.028,363.482,369.510,39.223,-39.418,-39.974,-52.729,-52.464,1.471,-7.289,-31.405,-0.305,26.997,27.461,6.206,371.124,377.331,38.467,-40.531,-40.728,-52.664,-52.480,1.963,-10.775,-30.461,3.890
802,1,802,2.391,78.284,80.675,-0.571,26.979,27.765,6.247,367.130,373.378,38.718,-40.713,-41.008,-53.836,-53.537,1.363,-7.653,-31.638,-0.448,26.994,27.602,6.443,375.335,381.777,37.999,-41.874,-42.268,-53.304,-53.170,1.878,-11.296,-31.075,2.745
803,1,803,2.401,76.720,79.120,-0.634,26.998,27.846,6.222,365.739,371.961,39.034,-39.640,-40.016,-53.115,-52.788,1.436,-7.211,-30.847,-0.535,26.997,27.692,6.367,372.525,378.891,38.318,-40.935,-41.157,-53.078,-52.855,1.924,-10.693,-30.558,1.282
804,1,804,2.355,76.320,78.675,-0.482,26.989,27.686,6.108,363.567,369.675,39.200,-39.822,-39.904,-52.581,-52.279,1.457,-7.038,-30.355,-0.497,26.999,27.656,6.327,372.482,378.809,38.340,-41.250,-41.063,-53.389,-53.159,1.920,-10.598,-30.664,3.103
805,1,805,2.357,76.761,79.117,-0.520,26.986,27.721,6.226,365.781,372.007,38.927,-39.947,-40.261,-53.123,-52.907,1.423,-7.380,-31.256,-0.431,26.997,27.588,6.387,373.196,379.583,38.246,-41.296,-41.411,-53.197,-53.029,1.906,-10.935,-30.991,2.932
806,1,806,2.235,72.437,74.673,-0.461,26.986,27.662,6.133,366.454,372.588,38.863,-39.319,-39.977,-53.281,-53.038,1.475,-7.882,-31.687,-0.326,26.993,27.480,6.281,374.290,380.571,38.117,-40.467,-40.812,-52.959,-52.812,1.966,-11.674,-30.724,1.955
807,1,807,2.384,77.958,80.342,-0.516,26.981,27.711,6.252,370.217,376.469,38.417,-39.838,-40.430,-53.577,-53.391,1.416,-7.966,-32.183,-0.358,26.992,27.510,6.481,378.717,385.199,37.642,-40.935,-41.351,-52.902,-52.821,1.918,-11.809,-31.157,2.084
808,1,808,2.342,79.368,81.710,-0.394,26.978,27.587,6.189,367.328,373.517,38.697,-40.198,-40.482,-52.695,-52.453,1.401,-7.454,-31.641,-0.344,26.994,27.498,6.378,375.992,382.370,37.940,-41.537,-41.642,-52.944,-52.755,1.909,-11.104,-31.500,2.018
809,1,809,2.309,74.453,76.762,-0.248,26.978,27.441,6.215,364.387,370.602,39.004,-39.502,-40.144,-53.569,-53.264,1.461,-7.967,-30.825,-0.168,26.984,27.312,6.320,370.537,376.856,38.403,-40.643,-41.082,-52.946,-52.777,1.938,-11.713,-29.881,2.401
810,1,810,2.430,78.822,81.251,-0.381,26.983,27.579,6.265,367.239,373.505,38.738,-40.550,-40.787,-53.153,-52.900,1.400,-7.772,-31.402,-0.276,26.999,27.435,6.453,375.730,382.182,38.005,-41.749,-41.900,-53.066,-52.892,1.888,-11.522,-30.474,4.276
811,1,811,2.360,75.930,78.289,-0.269,26.984,27.468,6.164,362.245,368.408,39.284,-39.329,-39.870,-53.207,-52.848,1.471,-7.580,-30.244,-0.200,26.984,27.356,6.321,368.245,374.566,38.645,-40.605,-40.826,-52.911,-52.710,1.936,-11.189,-29.626,2.544
812,1,812,2.282,75.617,77.899,-0.221,27.023,27.459,6.192,371.392,377.584,38.677,-39.455,-40.197,-53.631,-53.397,1.443,-8.157,-31.001,-0.233,26.967,27.360,6.393,377.030,383.424,37.599,-40.860,-41.295,-53.300,-53.204,1.930,-12.221,-30.372,3.174
813,1,813,2.242,72.714,74.955,-0.106,26.965,27.287,6.086,363.710,369.796,38.969,-39.222,-39.725,-53.104,-52.819,1.491,-7.304,-30.833,-0.091,26.983,27.233,6.315,371.945,378.261,38.254,-40.365,-40.565,-53.202,-53.053,1.973,-10.910,-30.369,2.398
814,1,814,2.261,72.662,74.923,-0.616,26.992,27.824,6.017,361.068,367.085,39.503,-39.771,-40.281,-52.890,-52.654,1.462,-7.561,-31.909,-0.367,26.996,27.523,6.211,368.241,374.452,38.759,-40.630,-40.932,-52.457,-52.383,1.976,-11.067,-30.294,1.380
815,1,815,2.264,72.689,74.954,-0.443,26.984,27.642,6.070,364.094,370.165,39.099,-39.432,-40.116,-52.964,-52.821,1.480,-7.966,-31.490,-0.235,26.992,27.387,6.280,372.320,378.601,38.299,-40.419,-40.757,-52.452,-52.319,1.977,-11.776,-29.726,2.048
816,1,816,2.265,73.465,75.731,-0.457,26.988,27.660,6.148,366.709,372.857,38.854,-39.517,-40.033,-52.835,-52.605,1.466,-7.474,-31.398,-0.326,26.997,27.482,6.289,375.246,381.535,38.045,-40.576,-40.787,-52.894,-52.759,1.962,-11.163,-30.490,2.264
817,1,817,2.329,74.317,76.646,-0.506,26.986,27.706,6.128,364.609,370.738,39.059,-39.628,-39.934,-52.742,-52.439,1.452,-7.197,-31.273,-0.406,27.000,27.567,6.270,372.516,378.786,38.356,-40.843,-40.959,-52.917,-52.715,1.934,-10.656,-30.960,2.457
818,1,818,2.278,72.674,74.952,-0.438,26.991,27.644,6.151,363.377,369.528,39.231,-39.589,-39.989,-53.043,-52.850,1.455,-7.675,-30.729,-0.345,27.001,27.507,6.371,371.538,377.909,38.451,-40.706,-40.868,-52.975,-52.895,1.942,-11.436,-30.191,2.389
819,1,819,2.335,75.974,78.308,-0.319,26.986,27.520,6.166,367.858,374.024,38.719,-39.796,-40.270,-52.710,-52.432,1.424,-7.643,-31.595,-0.259,26.986,27.405,6.350,375.659,382.010,37.904,-40.981,-41.279,-52.701,-52.570,1.925,-11.343,-31.019,2.281
820,1,820,3.442,64.042,67.484,-0.208,26.958,27.166,6.260,372.296,378.556,38.011,-39.336,-40.148,-55.521,-55.527,1.398,-9.023,-27.322,-0.081,26.969,27.050,6.450,382.855,389.304,37.053,-41.250,-41.052,-53.165,-53.171,1.231,-14.129,-25.533,1.295
821,1,821,3.445,64.190,67.635,-0.311,26.960,27.271,6.246,375.564,381.810,37.700,-38.747,-39.645,-53.265,-53.216,1.395,-8.805,-28.239,-0.118,26.992,27.109,6.494,386.557,393.051,36.889,-40.811,-40.652,-52.610,-52.545,1.287,-13.662,-26.707,2.123
822,1,822,3.504,67.419,70.923,-0.288,26.959,27.248,6.321,378.767,385.088,37.370,-38.927,-39.620,-55.456,-55.408,1.374,-8.342,-28.145,-0.198,26.983,27.182,6.519,388.800,395.319,36.609,-41.125,-40.956,-53.472,-53.440,1.173,-12.989,-27.355,1.852
823,1,823,3.538,68.068,71.607,-0.339,26.985,27.324,6.326,376.815,383.141,37.782,-39.742,-40.587,-53.215,-53.194,1.308,-10.100,-28.289,-0.098,26.983,27.081,6.562,388.024,394.586,36.675,-41.468,-41.272,-52.954,-52.917,1.273,-15.889,-25.943,2.461
824,1,824,3.467,66.166,69.633,-0.407,26.975,27.383,6.288,375.286,381.574,37.856,-39.231,-39.830,-51.942,-51.837,1.353,-7.880,-28.226,-0.287,26.996,27.282,6.474,385.410,391.883,37.035,-41.061,-40.722,-52.879,-52.828,1.246,-12.251,-27.013,2.823
825,1,825,3.604,69.750,73.354,-0.389,26.967,27.356,6.445,377.778,384.223,37.526,-40.111,-40.878,-53.033,-52.971,1.272,-9.561,-28.029,-0.169,26.994,27.163,6.622,389.265,395.887,36.648,-41.603,-41.395,-53.056,-52.972,1.278,-14.985,-26.106,2.404
826,1,826,3.563,68.323,71.886,-0.254,26.994,27.248,6.403,379.250,385.653,37.618,-38.750,-39.324,-54.896,-54.779,1.406,-7.121,-27.718,-0.236,26.996,27.232,6.639,389.251,395.890,36.663,-41.131,-40.791,-53.597,-53.565,1.144,-11.230,-28.031,2.040
827,1,827,3.587,70.574,74.160,-0.477,26.980,27.457,6.458,379.761,386.219,37.442,-40.174,-40.473,-52.572,-52.544,1.287,-8.133,-27.731,-0.329,26.994,27.323,6.682,391.722,398.404,36.413,-41.991,-41.603,-53.861,-53.875,1.129,-12.895,-26.638,1.597
828,1,828,3.517,65.369,68.886,-0.272,26.967,27.239,6.363,377.999,384.361,37.507,-39.533,-40.564,-54.720,-54.894,1.380,-10.667,-27.531,-0.030,26.979,27.009,6.619,390.563,397.182,36.397,-41.569,-41.320,-52.977,-52.934,1.246,-16.911,-24.675,1.833
829,1,829,3.584,68.672,72.257,-0.312,27.001,27.313,6.377,378.848,385.225,37.718,-39.566,-40.208,-52.303,-52.219,1.301,-8.723,-27.900,-0.243,26.995,27.239,6.549,388.912,395.460,36.696,-41.437,-41.141,-53.103,-53.033,1.222,-13.739,-26.823,1.759
830,1,830,3.485,66.765,70.249,-0.098,26.962,27.060,6.309,378.433,384.742,37.428,-39.292,-40.118,-54.910,-54.889,1.382,-9.054,-28.193,0.045,26.964,26.918,6.514,387.896,394.410,36.523,-41.101,-40.942,-52.790,-52.741,1.277,-14.110,-26.422,2.740
831,1,831,3.476,64.998,68.474,-0.309,26.960,27.269,6.325,376.232,382.557,37.623,-38.887,-40.181,-53.392,-53.420,1.375,-11.277,-27.276,-0.013,26.987,27.000,6.553,388.813,395.366,36.630,-40.803,-40.648,-52.091,-51.987,1.430,-17.757,-24.720,1.905
832,1,832,3.502,66.375,69.876,-0.366,26.970,27.336,6.330,374.740,381.069,37.855,-39.560,-40.211,-52.668,-52.633,1.337,-9.153,-27.355,-0.162,26.992,27.154,6.543,386.436,392.979,36.901,-41.407,-41.099,-53.130,-53.100,1.231,-14.411,-25.693,1.644
833,1,833,3.603,67.485,71.089,-0.363,26.955,27.317,6.297,375.774,382.071,37.626,-38.995,-39.988,-53.247,-53.209,1.348,-9.776,-27.342,-0.198,26.980,27.177,6.528,386.935,393.463,36.749,-41.118,-40.987,-52.886,-52.771,1.278,-15.340,-25.698,1.793
834,1,834,3.445,63.792,67.237,0.342,26.973,26.631,6.358,377.212,383.571,37.639,-38.474,-39.214,-55.234,-55.161,1.461,-8.195,-26.643,0.188,27.011,26.822,6.530,387.086,393.616,36.996,-40.869,-40.585,-53.619,-53.563,1.168,-12.950,-26.294,2.303
835,1,835,3.457,65.850,69.307,-0.136,26.958,27.093,6.358,378.138,384.495,37.418,-38.523,-39.070,-54.789,-54.645,1.466,-7.247,-27.816,-0.100,26.963,27.063,6.548,387.941,394.489,36.513,-40.961,-40.449,-53.788,-53.733,1.129,-11.461,-27.515,2.993
836,1,836,3.571,68.017,71.588,-0.392,26.988,27.380,6.412,381.599,388.011,37.335,-39.139,-39.615,-53.255,-53.163,1.371,-7.986,-27.795,-0.279,26.984,27.263,6.676,392.162,398.838,36.293,-41.313,-41.021,-54.198,-54.191,1.113,-12.613,-27.069,2.721
837,1,837,3.471,65.174,68.645,-0.320,26.971,27.291,6.252,374.579,380.830,37.892,-39.550,-40.285,-51.924,-51.896,1.323,-9.135,-27.830,-0.134,26.976,27.110,6.469,384.538,391.008,36.952,-41.130,-40.777,-52.422,-52.384,1.333,-14.329,-26.075,1.292
838,1,838,3.486,66.439,69.925,-0.267,26.981,27.248,6.278,374.113,380.391,38.023,-39.101,-39.742,-53.647,-53.633,1.366,-8.846,-27.718,-0.209,26.987,27.196,6.462,385.733,392.196,36.927,-41.296,-40.760,-52.788,-52.731,1.243,-14.005,-26.822,1.836
839,1,839,3.573,67.983,71.556,-0.332,27.034,27.366,6.376,376.873,383.249,38.201,-39.679,-40.390,-52.790,-52.755,1.310,-9.145,-28.028,-0.079,26.981,27.061,6.610,385.100,391.710,36.929,-41.398,-41.182,-52.988,-52.915,1.263,-14.360,-26.320,1.646
