Header Section,,,,,,,,,,,,,,,,,,,,,,,,,,,,,,,,,,,,,,,,,,,,,,,,,,,,,,,,,,,,,,,,,,,,,,,,,,,,,,,,,,,,,,,,,,,,,,,,,,,,,,,,,,,,,,,,,,,,,,,,,,,,,,,,,,,,
Product,VC5333,,,,,,,,,,,,,,,,,,,,,,,,,,,,,,,,,,,,,,,,,,,,,,,,,,,,,,,,,,,,,,,,,,,,,,,,,,,,,,,,,,,,,,,,,,,,,,,,,,,,,,,,,,,,,,,,,,,,,,,,,,,,,,,,,,,
Test Plan,Rev(-),,,,,,,,,,,,,,,,,,,,,,,,,,,,,,,,,,,,,,,,,,,,,,,,,,,,,,,,,,,,,,,,,,,,,,,,,,,,,,,,,,,,,,,,,,,,,,,,,,,,,,,,,,,,,,,,,,,,,,,,,,,,,,,,,,,
Release Date,2020/3/6,,,,,,,,,,,,,,,,,,,,,,,,,,,,,,,,,,,,,,,,,,,,,,,,,,,,,,,,,,,,,,,,,,,,,,,,,,,,,,,,,,,,,,,,,,,,,,,,,,,,,,,,,,,,,,,,,,,,,,,,,,,,,,,,,,,
Comment,#1-25/J1.21.1,,,,,,,,,,,,,,,,,,,,,,,,,,,,,,,,,,,,,,,,,,,,,,,,,,,,,,,,,,,,,,,,,,,,,,,,,,,,,,,,,,,,,,,,,,,,,,,,,,,,,,,,,,,,,,,,,,,,,,,,,,,,,,,,,,,
,,,,,,,,,,,,,,,,,,,,,,,,,,,,,,,,,,,,,,,,,,,,,,,,,,,,,,,,,,,,,,,,,,,,,,,,,,,,,,,,,,,,,,,,,,,,,,,,,,,,,,,,,,,,,,,,,,,,,,,,,,,,,,,,,,,,
Data Section,,,,,,,,,,,,,,,,,,,,,,,,,,,,,,,,,,,,,,,,,,,,,,,,,,,,,,,,,,,,,,,,,,,,,,,,,,,,,,,,,,,,,,,,,,,,,,,,,,,,,,,,,,,,,,,,,,,,,,,,,,,,,,,,,,,,
Device#,1,2,3,4,5,6,7,8,9,10,11,12,13,14,15,16,17,18,19,20,21,22,23,24,25,26,27,28,29,30,31,32,33,34,35,36,37,38,39,40,41,42,43,44,45,46,47,48,49,50,51,52,53,54,55,56,57,58,59,60,61,62,63,64,65,66,67,68,69,70,71,72,73,74,75,76,77,78,79,80,81,82,83,84,85,86,87,88,89,90,91,92,93,94,95,96,97,98,99,100,101,102,103,104,105,106,107,108,109,110,111,112,113,114,115,116,117,118,119,120,121,122,123,124,125,126,127,128,129,130,131,132
Test Item,Site No,Device ID,OS_VCC1_N,OS_VCC2_N,OS_VCC3_N,OS_VDD_N,Leakage1_VCC1,Leakage1_VCC2,Leakage1_VCC3,Leakage1_VDD,Leakage1_LNAEN,Leakage1_PAEN,Idd_Idle_LNA,Gain_LNA_CW_2412,NF_LNA_CW_2412,Psat_LNA_CW_2412,Gain_LNA_CW_2472,NF_LNA_CW_2472,Psat_LNA_CW_2472,tON_LNA_CW_2412,tOFF_LNA_CW_2472,Gain_Bypass_CW_2412,Gain_Bypass_CW_2472,Vdet_Idle_PA,Idd_Idle_PA,Icc_Idle_PA,Pin_PA_B1_2412_5dBm,Pout_PA_B1_2412_5dBm,Gain_PA_B1_2412_5dBm,Idd_PA_B1_2412_5dBm,Icc_PA_B1_2412_5dBm,Vdet_PA_B1_2412_5dBm,Pin_PA_B1_2472_5dBm,Pout_PA_B1_2472_5dBm,Gain_PA_B1_2472_5dBm,Idd_PA_B1_2472_5dBm,Icc_PA_B1_2472_5dBm,Vdet_PA_B1_2472_5dBm,Pin_PA_B1_2412_28dBm,Pout_PA_B1_2412_28dBm,Gain_PA_B1_2412_28dBm,Idd_PA_B1_2412_28dBm,Icc_PA_B1_2412_28dBm,Vdet_PA_B1_2412_28dBm,MASK_PA_B1_2412_28dBm,2fo_PA_B1_2412_28dBm,3fo_PA_B1_2412_28dBm,Pin_PA_B1_2472_28dBm,Pout_PA_B1_2472_28dBm,Gain_PA_B1_2472_28dBm,Idd_PA_B1_2472_28dBm,Icc_PA_B1_2472_28dBm,Vdet_PA_B1_2472_28dBm,MASK_PA_B1_2472_28dBm,2fo_PA_B1_2472_28dBm,3fo_PA_B1_2472_28dBm,Pin_PA_B1_2412_29dBm,Pout_PA_B1_2412_29dBm,Gain_PA_B1_2412_29dBm,Idd_PA_B1_2412_29dBm,Icc_PA_B1_2412_29dBm,Vdet_PA_B1_2412_29dBm,Pin_PA_B1_2472_29dBm,Pout_PA_B1_2472_29dBm,Gain_PA_B1_2472_29dBm,Idd_PA_B1_2472_29dBm,Icc_PA_B1_2472_29dBm,Vdet_PA_B1_2472_29dBm,Pin_PA_N1_2412_28dBm,Pout_PA_N1_2412_28dBm,Gain_PA_N1_2412_28dBm,Idd_PA_N1_2412_28dBm,Icc_PA_N1_2412_28dBm,EVM_PA_N1_2412_28dBm,Vdet_PA_N1_2412_28dBm,MASK_PA_N1_2412_28dBm,Pin_PA_N1_2472_28dBm,Pout_PA_N1_2472_28dBm,Gain_PA_N1_2472_28dBm,Idd_PA_N1_2472_28dBm,Icc_PA_N1_2472_28dBm,EVM_PA_N1_2472_28dBm,Vdet_PA_N1_2472_28dBm,MASK_PA_N1_2472_28dBm,Pin_PA_N3_2412_25dBm,Pout_PA_N3_2412_25dBm,Gain_PA_N3_2412_25dBm,Idd_PA_N3_2412_25dBm,Icc_PA_N3_2412_25dBm,EVM_PA_N3_2412_25dBm,Vdet_PA_N3_2412_25dBm,Pin_PA_N3_2472_25dBm,Pout_PA_N3_2472_25dBm,Gain_PA_N3_2472_25dBm,Idd_PA_N3_2472_25dBm,Icc_PA_N3_2472_25dBm,EVM_PA_N3_2472_25dBm,Vdet_PA_N3_2472_25dBm,Pin_PA_AX2_2412_21dBm,Pout_PA_AX2_2412_21dBm,Gain_PA_AX2_2412_21dBm,Idd_PA_AX2_2412_21dBm,Icc_PA_AX2_2412_21dBm,EVM_PA_AX2_2412_21dBm,Vdet_PA_AX2_2412_21dBm,Pin_PA_AX2_2472_21dBm,Pout_PA_AX2_2472_21dBm,Gain_PA_AX2_2472_21dBm,Idd_PA_AX2_2472_21dBm,Icc_PA_AX2_2472_21dBm,EVM_PA_AX2_2472_21dBm,Vdet_PA_AX2_2472_21dBm,Fcpl_PA_CW_2412,Fcpl_PA_CW_2472,Iso_PA_CW_2412,Iso_PA_CW_2472,tON_PA_CW_2412,tOFF_PA_CW_2472,Leakage2_VCC1,Leakage2_VCC2,Leakage2_VCC3,Leakage2_VDD,Leakage2_LNAEN,Leakage2_PAEN,Delta_Leakage_VCC1,Delta_Leakage_VCC2,Delta_Leakage_VCC3,Delta_Leakage_VDD,Delta_Leakage_LNAEN,Delta_Leakage_PAEN,Test_Time,Index_Time
Low Tolerance,,,0.05,0.05,0.05,0.05,3,3,3,5,3,3,3,0.3,0.3,0.3,0.3,0.3,0.3,50,50,0.3,0.3,0.03,1,15,0.3,0.2,0.5,3,25,0.03,0.3,0.2,0.5,3,25,0.03,0.3,0.2,0.5,3,25,0.03,1.5,1.5,1.5,0.3,0.2,0.5,3,25,0.03,1.5,1.5,1.5,0.3,0.2,0.5,3,25,0.03,0.3,0.2,0.5,3,25,0.03,0.5,0.2,0.5,3,25,2,0.03,5,0.5,0.2,0.5,3,25,2,0.03,5,0.3,0.2,0.5,3,25,2,0.03,0.3,0.2,0.5,3,25,2,0.03,0.3,0.2,0.5,3,25,2,0.03,0.3,0.2,0.5,3,25,2,0.03,1.5,1.5,1.5,1.5,50,50,3,3,3,5,3,3,3,3,3,3,3,3,,
High Tolerance,,,0.05,0.05,0.05,0.05,3,3,3,5,3,3,3,0.3,0.3,0.3,0.3,0.3,0.3,50,50,0.3,0.3,0.03,1,15,0.3,0.2,0.5,3,25,0.03,0.3,0.2,0.5,3,25,0.03,0.3,0.2,0.5,3,25,0.03,1.5,1.5,1.5,0.3,0.2,0.5,3,25,0.03,1.5,1.5,1.5,0.3,0.2,0.5,3,25,0.03,0.3,0.2,0.5,3,25,0.03,0.5,0.2,0.5,3,25,2,0.03,5,0.5,0.2,0.5,3,25,2,0.03,5,0.3,0.2,0.5,3,25,2,0.03,0.3,0.2,0.5,3,25,2,0.03,0.3,0.2,0.5,3,25,2,0.03,0.3,0.2,0.5,3,25,2,0.03,1.5,1.5,1.5,1.5,50,50,3,3,3,5,3,3,3,3,3,3,3,3,,
Enable,,,1,1,1,1,1,1,1,1,1,1,1,1,1,1,1,1,1,1,1,1,1,1,1,1,1,1,1,1,1,1,1,1,1,1,1,1,1,1,1,1,1,1,1,1,1,1,1,1,1,1,1,1,1,1,1,1,1,1,1,1,1,1,1,1,1,1,1,1,1,1,1,1,1,1,1,1,1,1,1,1,1,1,1,1,1,1,1,1,1,1,1,1,1,1,1,1,1,1,1,1,1,1,1,1,1,1,1,1,1,1,1,1,1,1,1,1,1,1,1,1,1,1,1,1,1,1,1,1,0,0
1,1,1,-1.112,-1.076,-1.174,-0.919,0.526,0.727,0.166,17.519,3.873,3.891,13.482,16.605,1.426,13.125,16.321,1.436,12.769,349.333,332,-5.434,-5.538,0.01,6.145,259.943,-28.706,5.028,33.735,9.597,261.619,0.03,-28.902,4.982,33.884,10.058,265.767,0.032,-5.897,27.926,33.823,11.125,390.391,0.343,6.933,-27.374,-46.344,-5.811,27.98,33.791,11.469,378.234,0.368,4.451,-41.934,-48.207,-4.047,28.948,32.995,11.853,440.575,0.372,-3.616,28.949,32.565,11.902,417.212,0.378,-5.016,27.962,32.978,11.819,402.041,-17.461,0.344,-1.241,-4.964,27.955,32.918,11.786,380.418,-16.705,0.354,-1.34,-8.931,24.98,33.912,11.656,331.028,-25.658,0.278,-8.905,24.994,33.899,11.67,325.7,-24.745,0.295,-13.063,21.016,34.08,10.849,293.219,-35.849,0.183,-12.997,21.014,34.01,10.849,291.814,-35.36,0.206,18.042,17.973,47.871,48.384,326.667,270.667,0.797,0.933,0.878,28.629,4.141,4.153,0.27,0.206,0.711,11.11,0.263,0.268,3596.783,2822.762
2,1,2,-1.127,-1.092,-1.188,-0.928,0.572,0.76,0.19,15.732,3.841,3.866,12.944,16.506,1.45,13.089,16.226,1.481,12.734,357.333,337.333,-5.364,-5.457,0.024,5.467,219.223,-29.693,4.93,34.624,8.631,226.113,0.043,-29.868,4.929,34.797,9.03,230.235,0.045,-6.981,28.004,34.985,10.157,371.922,0.362,8.26,-24.334,-45.826,-7.008,28.025,35.033,10.555,362.705,0.383,5.838,-36.782,-47.799,-5.093,29.042,34.135,10.95,427.616,0.38,-4.732,29.059,33.79,11.005,405.352,0.389,-5.976,28.086,34.061,10.917,389.55,-17.854,0.357,-0.681,-5.953,28.071,34.024,10.934,367.843,-17.178,0.362,-0.736,-9.818,25.059,34.876,10.838,321.082,-26.427,0.282,-9.885,25.062,34.947,10.767,315,-25.549,0.314,-13.956,20.965,34.921,9.956,274.382,-36.511,0.199,-13.906,20.995,34.901,9.963,272.846,-35.696,0.215,18.623,18.541,48.208,48.819,318.667,270.667,0.544,0.709,0.516,25.445,4.033,4.073,-0.028,-0.051,0.326,9.713,0.208,0.193,4094.741,201025.513
3,1,3,-1.11,-1.073,-1.172,-0.924,0.497,0.735,0.182,17.388,3.891,3.873,12.281,16.337,1.502,13.047,16.038,1.593,12.683,346.667,329.333,-5.567,-5.649,0.011,6.258,259.454,-28.738,5.001,33.74,9.589,256.294,0.03,-29.148,4.968,34.116,9.988,259.733,0.032,-6.106,27.944,34.05,11.118,389.143,0.346,7.353,-25.911,-45.249,-6.114,27.964,34.078,11.468,377.963,0.369,5.034,-39.108,-46.493,-4.272,28.97,33.242,11.861,441.609,0.371,-3.864,28.981,32.845,11.928,419.629,0.38,-5.295,27.96,33.254,11.796,402.364,-17.606,0.342,-1.028,-5.233,27.971,33.204,11.789,381.956,-16.865,0.348,-1.154,-9.154,24.964,34.118,11.666,332.34,-26.033,0.272,-9.159,24.985,34.145,11.644,327.344,-25.027,0.291,-13.256,20.981,34.237,10.863,292.78,-36.124,0.185,-13.18,20.992,34.172,10.865,291.82,-35.344,0.205,17.96,17.87,48.072,48.724,337.333,273.333,0.519,0.714,0.837,27.696,4.168,4.171,0.022,-0.021,0.655,10.308,0.298,0.278,3704.493,3137.502
4,1,4,-1.11,-1.073,-1.173,-0.92,0.505,0.706,0.188,17.47,4.153,4.153,11.49,16.263,1.497,13.017,15.962,1.542,12.666,346.667,329.333,-5.635,-5.706,0.03,6.136,260.015,-28.972,5.014,33.986,9.568,265.04,0.051,-29.169,4.912,34.082,9.976,265.857,0.052,-6.086,27.944,34.031,11.029,389.699,0.364,6.854,-27.171,-45.632,-6.075,27.954,34.029,11.38,377.186,0.389,4.522,-41.957,-47.239,-4.225,28.959,33.184,11.783,440.835,0.387,-3.806,28.966,32.772,11.828,417.74,0.399,-5.23,27.963,33.193,11.737,401.982,-17.45,0.361,-1.234,-5.148,27.973,33.121,11.726,380.744,-16.701,0.369,-1.356,-9.166,24.963,34.13,11.597,331.493,-25.822,0.291,-9.13,24.977,34.107,11.563,326.132,-24.913,0.312,-13.346,20.932,34.279,10.767,293.298,-36.395,0.205,-13.244,20.952,34.197,10.777,292.054,-35.797,0.221,17.804,17.742,47.917,48.359,326.667,273.333,0.556,0.993,0.994,28.052,4.413,4.423,0.051,0.287,0.806,10.583,0.27,0.26,3721.793,3170.051
5,1,5,-1.097,-1.06,-1.162,-0.908,0.511,0.632,0.198,18.011,3.896,3.928,12.832,16.256,1.581,13.029,15.961,1.611,12.658,346.667,337.333,-5.65,-5.725,0.009,5.612,223.74,-29.039,4.924,33.963,8.847,227.539,0.026,-29.268,4.957,34.225,9.146,226.468,0.028,-6.402,27.976,34.378,10.146,362.121,0.342,7.313,-25.318,-46.379,-6.359,28.003,34.361,10.567,354.358,0.36,4.772,-38.578,-49.374,-4.496,29.016,33.512,10.955,420.405,0.366,-4.108,29.031,33.139,11.031,399.05,0.379,-5.481,28.042,33.522,10.916,382.437,-17.385,0.337,-1.173,-5.425,28.032,33.457,10.936,361.552,-16.698,0.35,-1.244,-9.328,25.033,34.361,10.878,313.808,-25.772,0.263,-9.387,25.032,34.419,10.816,307.863,-24.882,0.293,-13.463,21.007,34.47,10.019,268.957,-36.531,0.185,-13.4,21.037,34.436,10.021,267.78,-35.581,0.205,18.23,18.145,48.093,48.661,310.667,278.667,0.51,0.675,0.886,26.972,4.113,4.191,-0.001,0.043,0.688,8.961,0.263,0.218,4274.986,3088.898
7,1,7,-1.107,-1.072,-1.171,-0.917,0.522,0.643,0.183,17.494,3.798,3.821,11.573,16.343,1.477,13.013,16.038,1.566,12.653,354.667,329.333,-5.582,-5.675,0.024,5.545,216.625,-29.05,4.926,33.976,8.78,225.419,0.044,-29.296,4.963,34.259,9.066,224.3,0.046,-6.459,28.056,34.515,10.104,365.434,0.361,7.555,-24.55,-45.242,-6.454,28.049,34.504,10.57,358.471,0.382,5.276,-37.744,-46.877,-4.592,29.057,33.649,10.966,424.368,0.383,-4.282,29.014,33.297,11.052,401.366,0.392,-5.571,28.061,33.631,10.936,385.655,-17.593,0.356,-0.918,-5.473,28.092,33.566,10.955,365.764,-16.837,0.359,-1.07,-9.423,25.032,34.454,10.878,317.488,-26.195,0.277,-9.432,25.073,34.505,10.867,312.196,-25.168,0.309,-13.542,20.973,34.515,10.005,271.245,-36.726,0.195,-13.487,20.969,34.456,10.01,269.863,-35.824,0.222,17.98,17.919,47.96,48.493,334.667,265.333,0.751,0.765,0.808,26.582,4.028,4.056,0.229,0.122,0.625,9.089,0.235,0.23,3811.422,3228.873
8,1,8,-1.105,-1.07,-1.169,-0.907,0.484,0.636,0.176,17.06,3.833,3.833,12.969,16.437,1.549,13.076,16.132,1.538,12.706,354.667,337.333,-5.52,-5.613,0.009,5.632,222.006,-29.056,4.937,33.993,8.858,228.78,0.028,-29.342,4.973,34.315,9.174,228.821,0.031,-6.505,27.995,34.5,10.268,369.062,0.343,7.949,-24.913,-45.225,-6.492,28.012,34.504,10.732,361.481,0.364,5.561,-37.575,-47.202,-4.632,29.026,33.659,11.118,426.762,0.366,-4.245,29.052,33.297,11.193,405.528,0.381,-5.572,28.066,33.638,11.084,389.297,-17.698,0.346,-0.804,-5.54,28.044,33.584,11.113,368.401,-17.021,0.349,-0.908,-9.411,25.035,34.445,11.077,321.356,-26.225,0.27,-9.457,25.048,34.505,11.003,315.418,-25.292,0.292,-13.53,20.999,34.529,10.18,276.418,-36.307,0.189,-13.502,21.01,34.512,10.187,274.631,-35.531,0.208,18.42,18.33,48.182,48.715,324,265.333,0.695,0.635,0.744,26.509,4.056,4.068,0.211,0,0.568,9.449,0.235,0.223,3849.654,3242.222
9,1,9,-1.11,-1.074,-1.172,-0.916,0.516,0.62,0.183,17.74,3.828,3.863,11.907,16.465,1.511,13.083,16.159,1.543,12.725,349.333,332,-5.567,-5.662,0.015,5.562,208.822,-29.931,4.914,34.845,8.595,207.463,0.035,-30.214,4.93,35.144,8.901,207.049,0.037,-7.082,28.054,35.136,10.107,351.394,0.357,7.571,-23.413,-43.862,-7.124,28.038,35.162,10.509,341.646,0.379,5.373,-35.704,-45.112,-5.162,29.052,34.214,10.93,407.276,0.381,-4.839,29.045,33.884,10.992,384.538,0.388,-6.041,28.06,34.101,10.906,368.29,-17.687,0.352,-0.892,-6.005,28.087,34.092,10.905,347.785,-16.956,0.356,-1.002,-9.912,25.032,34.943,10.792,301.252,-26.179,0.278,-10.015,25.027,35.042,10.79,295.138,-25.324,0.302,-13.973,20.984,34.958,9.925,253.335,-36.472,0.199,-13.94,21.03,34.97,9.876,251.883,-35.452,0.22,18.245,18.18,48.051,48.559,326.667,281.333,0.602,1.063,0.696,27.086,4.043,4.103,0.086,0.443,0.513,9.347,0.24,0.215,3936.814,3159.78
10,1,10,-1.107,-1.071,-1.17,-0.917,0.503,0.751,0.182,18.569,4.153,4.173,10.893,16.216,1.523,13.005,15.906,1.519,12.639,357.333,334.667,-5.586,-5.668,0.008,5.493,213.803,-28.826,4.928,33.754,8.868,228.161,0.024,-29.13,4.955,34.084,9.098,225.551,0.026,-6.477,27.995,34.472,10.12,365.677,0.331,8.535,-23.507,-45.54,-6.439,28.051,34.49,10.568,361.344,0.355,5.806,-35.739,-46.888,-4.614,29.051,33.665,10.964,426.736,0.36,-4.267,29.036,33.303,11.063,405.985,0.365,-5.579,28.052,33.631,10.946,388.394,-17.791,0.335,-0.645,-5.481,28.082,33.563,10.968,369.438,-17.056,0.339,-0.79,-9.333,25.068,34.4,10.934,321.123,-26.451,0.268,-9.431,25.041,34.472,10.857,315.066,-25.582,0.287,-13.464,20.998,34.462,9.983,273.088,-36.947,0.175,-13.435,21.001,34.436,9.999,271.673,-35.939,0.203,18.236,18.164,48.079,48.672,326.667,276,0.235,1.046,0.743,28.346,4.401,4.416,-0.268,0.295,0.561,9.777,0.243,0.248,3826.275,3107.609
11,1,11,-1.107,-1.072,-1.171,-0.922,0.521,0.696,0.19,17.28,3.866,3.918,12.798,16.482,1.476,13.084,16.186,1.551,12.722,354.667,332,-5.578,-5.66,0.006,5.695,229.717,-28.907,4.969,33.877,8.841,230.678,0.021,-29.136,5.039,34.175,9.128,230.093,0.023,-6.505,28.019,34.524,10.187,371.112,0.338,8.145,-24.135,-44.483,-6.468,28.002,34.47,10.719,366.585,0.356,5.604,-36.573,-45.338,-4.606,29.026,33.632,11.123,432.4,0.358,-4.23,29.023,33.254,11.199,411.816,0.372,-5.573,28.046,33.619,11.089,394.525,-17.611,0.336,-0.859,-5.503,28.02,33.523,11.128,374.292,-16.954,0.336,-0.895,-9.353,25.041,34.394,11.059,325.662,-26.265,0.254,-9.452,24.997,34.449,11.006,319.414,-25.427,0.283,-13.495,20.947,34.442,10.181,280.189,-36.869,0.174,-13.394,21.003,34.397,10.224,279.297,-35.829,0.198,18.199,18.126,47.854,48.465,329.333,273.333,0.649,0.903,0.822,26.733,4.106,4.151,0.128,0.207,0.632,9.453,0.233,0.24,3702.63,3161.63
12,1,12,-1.108,-1.072,-1.172,-0.922,0.457,0.598,0.181,19.242,4.146,4.161,12.619,16.467,1.516,13.09,16.174,1.516,12.728,349.333,337.333,-5.577,-5.663,0.009,6.028,250.37,-28.873,4.926,33.799,9.218,245.508,0.029,-29.134,5.03,34.164,9.511,244.985,0.032,-6.476,27.936,34.413,10.51,378.978,0.35,8.247,-25.17,-46.783,-6.424,27.948,34.372,11.025,371.783,0.371,5.668,-38.301,-48.243,-4.589,28.962,33.551,11.384,435.56,0.37,-4.223,28.982,33.204,11.455,414.489,0.379,-5.561,27.989,33.55,11.342,398.022,-17.719,0.342,-0.816,-5.499,27.982,33.481,11.376,377.515,-17.032,0.348,-0.902,-9.251,25.052,34.303,11.323,330.772,-26.015,0.276,-9.403,24.971,34.373,11.246,323.436,-25.403,0.293,-13.426,21.001,34.426,10.465,288.06,-36.497,0.189,-13.391,20.976,34.367,10.524,286.417,-35.802,0.209,18.228,18.159,47.838,48.427,310.667,254.667,0.583,0.77,0.832,29.741,4.378,4.396,0.126,0.171,0.651,10.499,0.235,0.233,3697.492,3076.981
13,1,13,-1.107,-1.072,-1.171,-0.922,0.51,0.662,0.171,17.088,3.808,3.826,12.054,16.411,1.477,13.102,16.107,1.547,12.74,354.667,334.667,-5.599,-5.682,0.022,5.963,243.91,-28.894,4.929,33.824,9.218,240.539,0.041,-29.177,5.016,34.193,9.485,238.924,0.044,-6.51,27.958,34.469,10.515,375.801,0.35,8.269,-24.804,-48.534,-6.482,27.98,34.462,11.022,370.049,0.378,5.601,-37.375,-51.218,-4.623,29,33.623,11.414,435.365,0.374,-4.253,29.018,33.271,11.482,414.634,0.382,-5.593,28.026,33.619,11.373,397.45,-17.687,0.348,-0.821,-5.528,28.02,33.548,11.409,377.063,-16.981,0.357,-0.945,-9.318,25.053,34.37,11.418,329.161,-26.017,0.281,-9.473,24.978,34.451,11.28,322.175,-25.335,0.304,-13.426,21.079,34.505,10.536,285.675,-36.096,0.196,-13.442,21.022,34.464,10.521,283.623,-35.423,0.214,18.222,18.142,48.017,48.575,345.333,281.333,0.426,0.917,0.672,26.723,4.048,4.068,-0.084,0.255,0.5,9.635,0.243,0.24,3699.147,2968.114
14,1,14,-1.11,-1.074,-1.172,-0.917,0.457,0.7,0.195,17.428,3.858,3.871,11.754,16.415,1.491,13.067,16.115,1.499,12.707,349.333,337.333,-5.535,-5.633,0.011,5.402,209.889,-29.466,4.935,34.401,8.495,216.45,0.032,-29.702,4.914,34.617,8.866,219.619,0.035,-6.697,27.981,34.678,10,360.075,0.344,7.743,-24.778,-46.019,-6.672,28,34.672,10.411,351.518,0.369,5.337,-37.816,-48.159,-4.761,29.038,33.798,10.809,417.967,0.376,-4.426,29.021,33.447,10.872,395.03,0.388,-5.739,28.043,33.782,10.765,379.293,-17.636,0.349,-0.872,-5.715,28.031,33.746,10.762,357.979,-16.938,0.355,-0.937,-9.542,25.084,34.626,10.748,312.483,-25.934,0.272,-9.652,25.054,34.706,10.652,305.507,-25.172,0.296,-13.723,20.993,34.716,9.784,264.699,-36.506,0.189,-13.716,20.982,34.698,9.79,262.779,-35.753,0.213,18.426,18.346,47.851,48.446,324,265.333,0.514,0.578,0.765,26.688,4.076,4.108,0.057,-0.122,0.57,9.261,0.238,0.218,3891.524,3109.775
15,1,15,-1.11,-1.074,-1.173,-0.921,0.478,0.645,0.179,17.845,3.828,3.863,11.345,16.225,1.526,12.976,15.916,1.584,12.614,362.667,337.333,-5.595,-5.665,0.015,5.288,187.892,-29.658,4.928,34.585,8.138,184.102,0.036,-30.05,4.94,34.99,8.381,182.552,0.038,-7.177,28.036,35.214,9.653,333.96,0.362,6.953,-22.8,-43.852,-7.181,28.023,35.203,10.096,326.997,0.378,4.847,-34.627,-45.592,-5.205,29.03,34.235,10.537,394.097,0.385,-4.824,29.046,33.87,10.63,373.34,0.394,-6.024,28.074,34.097,10.539,356.499,-17.405,0.352,-1.2,-5.971,28.084,34.055,10.565,336.428,-16.679,0.36,-1.278,-9.903,25.018,34.921,10.438,288.191,-25.9,0.285,-9.969,25.067,35.036,10.45,283.666,-24.744,0.308,-13.9,21.031,34.931,9.517,237.412,-36.82,0.193,-13.947,20.992,34.939,9.459,235.625,-35.552,0.214,18.575,18.51,48.049,48.588,321.333,270.667,0.655,1.203,0.636,27.488,4.048,4.086,0.177,0.558,0.457,9.643,0.223,0.22,4036.709,3123.874
16,1,16,-1.109,-1.073,-1.172,-0.925,0.481,0.708,0.204,19.042,4.156,4.151,12.093,16.319,1.508,13.057,16.019,1.556,12.696,346.667,334.667,-5.617,-5.686,0.01,5.353,200.539,-29.617,4.912,34.529,8.317,199.452,0.031,-29.954,4.924,34.877,8.605,199.925,0.034,-6.915,28.03,34.945,9.825,348.194,0.353,7.611,-23.138,-44.954,-6.883,28.05,34.933,10.27,341.635,0.382,5.231,-35.475,-46.554,-4.955,29.053,34.008,10.67,407.846,0.38,-4.588,29.07,33.657,10.757,386.819,0.387,-5.913,28.048,33.961,10.634,368.826,-17.623,0.352,-0.916,-5.861,28.073,33.934,10.639,349.068,-16.88,0.359,-1.017,-9.736,25.04,34.776,10.59,301.318,-26.154,0.283,-9.827,25.05,34.877,10.529,295.93,-25.153,0.309,-13.773,21.012,34.785,9.659,252.467,-36.634,0.202,-13.797,21.004,34.8,9.632,250.542,-35.607,0.214,18.516,18.454,47.908,48.512,326.667,273.333,0.353,0.443,0.714,28.516,4.381,4.373,-0.128,-0.266,0.51,9.474,0.223,0.225,3905.913,2755.407
17,1,17,-1.108,-1.071,-1.172,-0.92,0.523,0.695,0.178,17.183,3.863,3.898,11.842,16.295,1.516,12.989,15.988,1.549,12.627,354.667,332,-5.613,-5.688,0.021,6.436,275.425,-29.016,5.02,34.036,9.849,271.694,0.045,-29.282,4.972,34.253,10.216,273.826,0.048,-6.211,27.912,34.123,11.327,395.533,0.359,7.249,-27.154,-47.113,-6.11,27.925,34.035,11.778,383.97,0.383,4.717,-42.102,-49.32,-4.246,28.924,33.17,12.175,446.677,0.386,-3.839,28.926,32.765,12.227,423.7,0.395,-5.226,27.933,33.159,12.14,408.171,-17.433,0.357,-1.262,-5.186,27.92,33.105,12.117,386.737,-16.733,0.366,-1.307,-9.158,24.928,34.086,12.03,337.076,-25.835,0.295,-9.097,24.959,34.056,12.026,332.22,-24.849,0.317,-13.219,21.037,34.257,11.206,302.411,-35.993,0.209,-13.191,20.967,34.159,11.225,300.831,-35.581,0.229,18.038,17.961,47.878,48.42,318.667,278.667,0.678,0.732,1.025,28.024,4.138,4.186,0.155,0.037,0.847,10.841,0.288,0.275,3799.255,3123.602
18,1,18,-1.109,-1.073,-1.172,-0.92,0.515,0.716,0.195,18.16,3.828,3.833,12.757,16.451,1.513,13.109,16.149,1.531,12.743,352,337.333,-5.575,-5.655,0.021,5.547,219.42,-28.867,4.928,33.795,8.876,231.417,0.041,-29.175,4.954,34.13,9.101,228.744,0.043,-6.327,27.966,34.292,10.287,370.37,0.354,7.78,-24.025,-45.459,-6.335,27.977,34.311,10.68,362.374,0.372,5.375,-36.449,-47.312,-4.559,28.946,33.505,11.08,426.195,0.374,-4.162,28.947,33.11,11.152,405.247,0.382,-5.539,27.95,33.489,11.022,387.629,-17.738,0.348,-0.738,-5.469,27.951,33.419,11.033,367.775,-17.015,0.35,-0.822,-9.325,25.001,34.327,10.98,319.769,-26.323,0.277,-9.383,24.979,34.362,10.879,314.23,-25.385,0.297,-13.436,21.013,34.449,10.023,273.951,-36.74,0.194,-13.397,21,34.397,10.068,273.022,-35.763,0.216,18.428,18.368,47.967,48.584,321.333,278.667,0.438,0.625,0.792,28.061,4.063,4.093,-0.077,-0.091,0.597,9.902,0.26,0.235,3610.735,3134.393
19,1,19,-1.114,-1.078,-1.176,-0.92,0.543,0.755,0.197,16.262,3.786,3.816,13.895,16.669,1.459,13.114,16.393,1.385,12.76,346.667,340,-5.489,-5.587,0.021,5.478,217.361,-29.219,4.935,34.154,8.553,221.869,0.044,-29.389,4.949,34.338,8.968,227.535,0.047,-6.66,27.936,34.596,10.039,368.764,0.361,8.297,-24.632,-45.784,-6.633,27.996,34.629,10.485,362.352,0.384,5.79,-37.594,-47.181,-4.75,29.016,33.766,10.866,427.811,0.382,-4.393,29.042,33.435,10.927,406.447,0.394,-5.717,28.042,33.758,10.811,389.798,-17.766,0.361,-0.699,-5.664,28.048,33.712,10.842,369.52,-17.077,0.362,-0.779,-9.517,25.031,34.548,10.806,322.34,-26.354,0.28,-9.592,25.026,34.618,10.779,316.137,-25.534,0.308,-13.589,20.994,34.583,9.972,276.873,-36.56,0.196,-13.623,20.96,34.583,9.963,274.867,-35.929,0.217,17.982,17.9,47.924,48.524,318.667,262.667,0.434,0.332,0.685,25.266,4.006,4.033,-0.109,-0.423,0.488,9.004,0.218,0.22,3732.618,3065.368
20,1,20,-1.108,-1.072,-1.171,-0.915,0.527,0.702,0.191,17.296,3.806,3.841,12.042,16.3,1.554,13.053,15.989,1.571,12.679,360,334.667,-5.588,-5.665,0.01,5.305,196.805,-29.577,4.922,34.499,8.218,195.929,0.029,-29.974,4.921,34.895,8.509,196.959,0.031,-6.937,28.011,34.948,9.755,347.43,0.343,7.964,-23.209,-44.135,-6.912,28.042,34.953,10.223,341.843,0.366,5.628,-35.229,-45.794,-4.973,29.044,34.017,10.63,407.789,0.372,-4.631,29.07,33.702,10.703,386.969,0.376,-5.887,28.072,33.959,10.585,369.803,-17.684,0.344,-0.805,-5.895,28.071,33.966,10.608,349.561,-17.043,0.347,-0.832,-9.679,25.075,34.754,10.565,303.021,-26.183,0.268,-9.803,25.074,34.877,10.532,297.273,-25.324,0.288,-13.852,20.966,34.818,9.585,251.908,-36.856,0.19,-13.787,21.027,34.814,9.56,251.255,-35.63,0.204,18.183,18.109,48.098,48.704,326.667,286.667,0.826,0.647,0.703,25.936,4.028,4.063,0.298,-0.055,0.512,8.641,0.223,0.223,3872.096,3247.202
21,1,21,-1.109,-1.073,-1.173,-0.917,0.499,0.696,0.191,17.211,3.806,3.826,11.769,16.296,1.497,12.99,15.988,1.567,12.627,357.333,340,-5.513,-5.607,0.017,5.481,218.413,-29.121,4.988,34.109,8.52,220.686,0.037,-29.398,4.933,34.331,8.857,221.95,0.039,-6.599,28.024,34.623,9.909,363.691,0.35,7.779,-25.003,-45.255,-6.567,27.994,34.561,10.459,358.687,0.369,5.351,-37.837,-46.903,-4.688,29.023,33.711,10.87,425.601,0.371,-4.317,29.029,33.346,10.938,404.059,0.38,-5.686,28.023,33.709,10.847,387.071,-17.591,0.344,-0.889,-5.592,28.027,33.618,10.879,366.347,-16.855,0.352,-1.013,-9.43,25.047,34.477,10.856,319.246,-25.983,0.27,-9.537,25.003,34.541,10.818,312.159,-25.192,0.303,-13.565,21.009,34.575,9.98,273.559,-36.608,0.19,-13.474,21.04,34.515,9.966,272.497,-35.655,0.211,18.549,18.481,47.948,48.456,321.333,281.333,0.506,0.992,0.659,25.754,4.001,4.021,0.007,0.296,0.468,8.543,0.195,0.195,3529.865,2908.993
22,1,22,-1.111,-1.075,-1.174,-0.921,0.477,0.692,0.177,17.623,3.958,3.996,11.565,16.291,1.537,13.029,15.984,1.535,12.671,352,337.333,-5.563,-5.647,0.007,5.395,205.283,-29.548,4.923,34.47,8.505,211.802,0.025,-29.794,4.914,34.708,8.891,215.686,0.028,-6.804,27.974,34.778,10.008,357.212,0.345,7.66,-24.348,-45.384,-6.758,28.029,34.787,10.427,350.385,0.368,5.181,-37.376,-46.936,-4.869,29.037,33.906,10.823,416.744,0.372,-4.497,29.052,33.549,10.89,395.109,0.382,-5.843,28.043,33.886,10.789,378.437,-17.583,0.346,-0.952,-5.781,28.06,33.841,10.81,358.188,-16.856,0.351,-1.059,-9.666,25.063,34.73,10.717,310.877,-25.991,0.278,-9.752,25.052,34.805,10.682,304.68,-25.128,0.306,-13.801,20.949,34.75,9.825,264.08,-36.66,0.185,-13.751,21.062,34.813,9.825,262.751,-35.733,0.211,18.453,18.39,48.032,48.602,310.667,262.667,0.305,1.013,0.701,26.726,4.181,4.223,-0.172,0.321,0.525,9.103,0.228,0.223,3763.436,3142.569
24,1,24,-1.11,-1.074,-1.174,-0.911,0.509,0.643,0.196,16.321,3.798,3.808,11.655,16.347,1.481,13.037,16.05,1.529,12.674,349.333,326.667,-5.578,-5.668,0.025,5.316,194.749,-29.553,4.926,34.479,8.211,195.051,0.049,-29.849,4.925,34.774,8.602,199.905,0.05,-6.803,27.965,34.768,9.798,344.064,0.364,6.737,-25.003,-44.888,-6.729,28.012,34.741,10.239,337.606,0.391,3.528,-39.659,-46.391,-4.744,29.06,33.805,10.632,406.208,0.393,-4.449,29.018,33.468,10.719,382.563,0.399,-5.784,28.009,33.793,10.637,366.934,-17.253,0.364,-1.344,-5.725,28.027,33.752,10.644,346.402,-16.522,0.374,-1.463,-9.621,25.044,34.665,10.579,299.514,-25.467,0.299,-9.715,25.036,34.751,10.548,293.065,-24.674,0.316,-13.755,21.029,34.784,9.691,253.248,-36.812,0.207,-13.755,21.034,34.79,9.69,251.819,-35.973,0.227,17.495,17.407,47.962,48.561,316,268,0.642,0.388,0.579,24.526,3.998,4.023,0.134,-0.254,0.383,8.206,0.215,0.2,3760.836,3062.851
25,1,25,-1.106,-1.072,-1.169,-0.918,0.498,0.677,0.196,17.133,3.858,3.941,11.842,16.392,1.508,13.097,16.089,1.516,12.728,357.333,329.333,-5.574,-5.656,0.017,5.298,202.241,-29.166,4.985,34.151,8.139,200.574,0.036,-29.391,4.968,34.359,8.539,207.902,0.039,-6.698,27.951,34.649,9.724,355.558,0.345,8.22,-23.764,-45.073,-6.63,28.044,34.674,10.189,352.731,0.364,5.585,-36.146,-46.076,-4.78,29.024,33.803,10.606,419.027,0.365,-4.427,29.037,33.463,10.698,398.726,0.379,-5.751,28.031,33.783,10.574,380.734,-17.709,0.342,-0.714,-5.655,28.072,33.728,10.608,361.822,-16.964,0.347,-0.84,-9.548,25.018,34.565,10.572,312.613,-26.481,0.271,-9.596,25.045,34.641,10.526,307.533,-25.423,0.298,-13.564,20.978,34.542,9.677,264.716,-36.957,0.186,-13.524,21.067,34.592,9.632,263.203,-35.833,0.21,17.895,17.809,48.046,48.67,318.667,278.667,0.313,0.733,0.647,25.936,4.083,4.158,-0.184,0.056,0.451,8.803,0.218,0.225,3700.883,3120.843
26,1,26,-1.109,-1.073,-1.172,-0.918,0.488,0.68,0.176,16.38,3.793,3.843,11.567,16.271,1.491,13.035,15.957,1.558,12.666,357.333,334.667,-5.578,-5.658,0.019,5.555,218.645,-29.133,5.009,34.143,8.493,215.593,0.04,-29.306,4.954,34.26,8.948,224.589,0.042,-6.671,27.933,34.604,10.048,365.713,0.352,8.804,-24.032,-45.795,-6.626,27.988,34.614,10.565,362.091,0.372,5.973,-36.346,-47.38,-4.742,29.015,33.756,10.971,428.172,0.372,-4.38,29.041,33.421,11.05,407.858,0.38,-5.705,28.031,33.736,10.941,390.243,-17.819,0.348,-0.594,-5.643,28.038,33.681,10.975,370.298,-17.124,0.354,-0.703,-9.42,25.048,34.468,10.971,322.641,-26.414,0.269,-9.555,25.001,34.556,10.878,315.733,-25.64,0.303,-13.559,20.976,34.535,10.018,275.746,-36.85,0.197,-13.509,20.998,34.507,10.042,274.918,-35.879,0.216,18.513,18.435,48.148,48.758,321.333,268,0.617,0.909,0.624,24.897,4.006,4.068,0.129,0.229,0.448,8.516,0.225,0.213,3678.407,3091.725
27,1,27,-1.109,-1.074,-1.173,-0.924,0.499,0.678,0.174,18.023,3.863,3.868,11.257,16.315,1.497,13.058,16.004,1.522,12.693,365.333,334.667,-5.58,-5.667,0.008,5.292,197.843,-29.569,4.922,34.49,8.319,201.629,0.027,-29.866,4.929,34.795,8.671,204.807,0.03,-6.896,27.984,34.88,9.843,350.133,0.344,7.719,-23.618,-44.81,-6.848,28.048,34.896,10.274,345.403,0.372,5.1,-36.08,-46.022,-4.947,29.049,33.997,10.678,411.764,0.374,-4.619,29.038,33.657,10.761,390.579,0.381,-5.908,28.045,33.953,10.643,373.3,-17.515,0.347,-0.97,-5.888,28.045,33.934,10.664,353.422,-16.833,0.358,-1.046,-9.724,25.059,34.783,10.627,305.605,-26.121,0.28,-9.819,25.058,34.876,10.555,300.021,-25.135,0.295,-13.835,20.992,34.826,9.684,257.049,-37.108,0.188,-13.863,20.972,34.834,9.645,255.589,-36.039,0.212,18.864,18.788,48.046,48.681,318.667,273.333,0.266,0.758,0.679,27.367,4.071,4.108,-0.233,0.08,0.505,9.344,0.24,0.208,4240.147,3148.385
28,1,28,-1.109,-1.073,-1.17,-0.917,0.486,0.649,0.175,17.467,3.813,3.858,11.419,16.312,1.482,13.038,16.008,1.551,12.666,354.667,332,-5.542,-5.63,0.027,5.877,242.506,-28.821,4.929,33.75,9.071,241.089,0.046,-29.158,4.947,34.105,9.386,240.526,0.047,-6.389,27.931,34.32,10.53,378.239,0.355,8.463,-24.448,-46.208,-6.465,27.951,34.415,10.9,369.311,0.373,5.958,-36.65,-48.052,-4.71,28.97,33.68,11.169,432.916,0.38,-4.347,29.005,33.352,11.244,412.961,0.388,-5.675,28.004,33.679,11.118,395.483,-17.88,0.35,-0.528,-5.614,28.009,33.623,11.163,375.582,-17.182,0.357,-0.653,-9.432,24.999,34.431,11.097,327,-26.606,0.281,-9.524,24.973,34.497,11.072,321.181,-25.729,0.297,-13.524,21.004,34.528,10.205,282.494,-36.818,0.198,-13.527,20.967,34.494,10.247,281.471,-36.043,0.215,18.451,18.368,47.936,48.568,326.667,273.333,0.513,1.006,0.686,27.016,4.061,4.096,0.027,0.358,0.51,9.549,0.238,0.248,3476.104,3233.811
29,1,29,-1.108,-1.072,-1.171,-0.923,0.499,0.696,0.187,18.23,3.808,3.833,12.484,16.419,1.485,13.042,16.122,1.521,12.686,357.333,334.667,-5.559,-5.647,0.013,5.769,231.195,-28.88,4.938,33.818,9.002,233.22,0.032,-29.167,4.937,34.104,9.327,233.325,0.034,-6.39,27.913,34.302,10.516,373.146,0.343,8.296,-24.284,-46.543,-6.409,27.928,34.337,10.906,364.868,0.364,6.067,-36.463,-48.252,-4.591,28.953,33.543,11.275,429.006,0.364,-4.22,28.96,33.18,11.342,408.032,0.372,-5.53,27.973,33.502,11.243,391.139,-17.846,0.337,-0.601,-5.472,27.967,33.439,11.254,370.934,-17.206,0.343,-0.642,-9.349,24.953,34.302,11.16,322.399,-26.63,0.269,-9.422,24.935,34.357,11.108,316.696,-25.775,0.287,-13.42,20.937,34.357,10.291,278.278,-36.653,0.187,-13.376,20.935,34.311,10.277,277.134,-35.826,0.202,18.023,17.949,48.055,48.486,324,268,0.674,0.742,0.772,28.25,4.046,4.068,0.175,0.046,0.584,10.02,0.235,0.238,3440.447,3214.277
30,1,30,-1.11,-1.074,-1.174,-0.92,0.499,0.695,0.176,17.435,3.773,3.816,11.732,16.357,1.485,13.064,16.058,1.53,12.708,352,326.667,-5.566,-5.652,0.014,5.448,206.314,-29.586,4.928,34.514,8.516,208.792,0.034,-29.863,4.926,34.789,8.87,209.811,0.036,-6.846,27.96,34.806,9.998,350.969,0.349,7.836,-23.905,-44.984,-6.811,28.022,34.833,10.411,343.998,0.378,5.223,-36.191,-46.79,-4.912,29.02,33.932,10.801,409.448,0.378,-4.563,29.038,33.601,10.872,388.538,0.383,-5.879,28.023,33.901,10.762,370.901,-17.589,0.348,-0.925,-5.83,28.046,33.876,10.772,351.245,-16.876,0.356,-1.03,-9.684,25.042,34.726,10.714,303.842,-26.006,0.285,-9.782,25.039,34.821,10.666,298.138,-25.122,0.303,-13.809,20.962,34.771,9.774,255.501,-36.59,0.194,-13.778,21.022,34.8,9.786,254.276,-35.552,0.21,18.575,18.503,48.043,48.667,324,276,0.623,0.667,0.679,26.483,4.003,4.028,0.124,-0.028,0.503,9.049,0.213,0.23,3757.547,3181.943
