Header Section,,,,,,,,,,,,,,,,,,,,,,,,,,,,,,,,,,
Product,VC5343,,,,,,,,,,,,,,,,,,,,,,,,,,,,,,,,,
Test Plan,Rev(A),,,,,,,,,,,,,,,,,,,,,,,,,,,,,,,,,
Release Date,1/28/2015,,,,,,,,,,,,,,,,,,,,,,,,,,,,,,,,,
Comment,#4300~4319 for VC5343A3E2.20.1,,,,,,,,,,,,,,,,,,,,,,,,,,,,,,,,,
,,,,,,,,,,,,,,,,,,,,,,,,,,,,,,,,,,
Data Section,,,,,,,,,,,,,,,,,,,,,,,,,,,,,,,,,,
Device#,1,2,3,4,5,6,7,8,9,10,11,12,13,14,15,16,17,18,19,20,21,22,23,24,25,26,27,28,29,30,31,32,33,34
Test Item,Site No,Device ID,Idle_H_Vbat,Idle_H_Vcc,Idle_H_Total,Pin_H_1710,Pout_H_1710,Gain_H_1710,Icc_H_Vbat_1710,Icc_H_Vcc_1710,Icc_H_Total_1710,PAE_H_Total_1710,ACP_L_H_1710,ACP_U_H_1710,ALT_L_H_1710,ALT_U_H_1710,EVM_H_1710,2fo_H_1710,3fo_H_1710,Pin_H_1785,Pout_H_1785,Gain_H_1785,Icc_H_Vbat_1785,Icc_H_Vcc_1785,Icc_H_Total_1785,PAE_H_Total_1785,ACP_L_H_1785,ACP_U_H_1785,ALT_L_H_1785,ALT_U_H_1785,EVM_H_1785,2fo_H_1785,3fo_H_1785,Leakage_Current
Low Tolerance,,,5,10,10,0.2,,,1,30,30,,1.5,1.5,1.5,1.5,0.5,1.5,3,0.2,,,1,30,30,,1.5,1.5,1.5,1.5,0.5,1.5,3,5
High Tolerance,,,5,10,10,0.2,,,1,30,30,,1.5,1.5,1.5,1.5,0.5,1.5,3,0.2,,,1,30,30,,1.5,1.5,1.5,1.5,0.5,1.5,3,5
Enable,,,1,1,1,1,0,0,0,1,1,,1,1,1,1,1,1,1,1,0,0,0,1,1,,1,1,1,1,1,1,1,1
4300,1,4300,3.627,100.994,104.621,-0.045,27.456,27.501,7.698,460.658,468.355,34.453,-43.608,-43.422,-54.828,-55.079,0.691,-10.177,-39.668,-0.277,27.536,27.813,7.781,462.428,470.209,34.951,-43.629,-43.988,-54.893,-55.057,0.732,-21.803,-35.422,2.999
4301,1,4301,3.545,99.143,102.689,-0.139,27.458,27.596,7.686,464.479,472.166,34.189,-43.691,-43.551,-55.024,-55.041,0.644,-10.226,-37.795,-0.675,27.521,28.196,7.79,465.667,473.457,34.595,-44.16,-44.418,-55.337,-55.28,0.668,-21.473,-34.611,4.531
4302,1,4302,3.817,112.596,116.413,-0.736,27.454,28.19,7.727,460.375,468.102,34.457,-44.131,-44.765,-55.81,-55.83,0.74,-11.998,-44.115,-1.245,27.497,28.742,7.772,461.156,468.928,34.739,-42.681,-43.396,-55.671,-55.639,0.878,-21.562,-35.36,3.355
4303,1,4303,3.685,107.141,110.826,-0.658,27.456,28.114,7.667,462.967,470.634,34.282,-44.817,-44.488,-55.948,-55.934,0.745,-13.263,-41.419,-0.93,27.49,28.42,7.824,464.625,472.449,34.423,-43.99,-44.401,-56.078,-56.038,0.741,-19.76,-33.361,3.258
4304,1,4304,3.691,104.167,107.858,-0.238,27.46,27.698,7.717,459.602,467.32,34.563,-43.281,-43.987,-55.097,-55.175,0.701,-11.166,-39.966,-0.831,27.489,28.32,7.74,458.194,465.934,34.896,-42.913,-43.579,-54.847,-54.9,0.838,-21.488,-34.965,4.465
4305,1,4305,3.654,104.025,107.679,-0.28,27.459,27.739,7.712,465.661,473.373,34.109,-44.281,-44.302,-55.253,-55.364,0.712,-13.155,-41.581,-0.673,27.486,28.159,7.82,466.14,473.96,34.278,-43.489,-44.024,-55.485,-55.366,0.78,-19.071,-33.668,4.845
4306,1,4306,3.771,108.89,112.661,-0.817,27.458,28.276,7.688,460.082,467.77,34.513,-44.064,-43.98,-55.122,-55.183,0.733,-11.303,-43.814,-0.815,27.489,28.305,7.754,460.363,468.117,34.731,-43.442,-43.894,-55.319,-55.403,0.797,-21.619,-33.632,3.18
4307,1,4307,3.772,108.632,112.404,-0.121,27.461,27.582,7.688,464.251,471.94,34.224,-44.662,-44.445,-55.734,-55.778,0.646,-11.106,-43.06,-1.04,27.489,28.53,7.76,464.757,472.517,34.413,-44.116,-44.451,-56.117,-56.095,0.68,-21.517,-36.135,3.239
4308,1,4308,3.772,107.456,111.228,-0.677,27.457,28.134,7.597,455.841,463.438,34.821,-43.556,-43.882,-54.988,-55.007,0.73,-11.936,-43.867,-0.823,27.502,28.326,7.687,455.933,463.62,35.179,-41.673,-42.422,-54.448,-54.648,1.04,-22.074,-35.753,3.937
4309,1,4309,3.721,105.891,109.611,-0.645,27.459,28.103,7.556,456.328,463.884,34.805,-43.847,-43.87,-55.364,-55.239,0.697,-11.636,-43,-1.09,27.496,28.587,7.713,457.331,465.044,35.023,-43.114,-43.63,-55.383,-55.395,0.835,-20.858,-35.058,3.198
4310,1,4310,3.652,103.295,106.948,-0.014,27.461,27.475,7.636,461.973,469.609,34.399,-43.766,-44.342,-55.248,-55.295,0.706,-11.151,-40.611,-0.587,27.487,28.074,7.728,461.701,469.43,34.62,-43.474,-44.061,-55.34,-55.286,0.749,-21.824,-33.706,3.366
4311,1,4311,3.769,107.008,110.777,-0.629,27.458,28.088,7.676,458.521,466.197,34.627,-43.769,-43.947,-55.142,-55.177,0.741,-12.441,-41.306,-0.831,27.491,28.322,7.722,458.979,466.701,34.855,-42.98,-43.609,-55.044,-55.209,0.831,-20.44,-33.551,1.161
4312,1,4312,3.703,107.762,111.465,-0.182,27.454,27.636,7.695,464.103,471.798,34.186,-44.743,-44.398,-55.64,-55.742,0.682,-11.789,-42.153,-0.956,27.49,28.446,7.784,464.801,472.585,34.412,-43.901,-44.298,-55.842,-55.864,0.699,-20.827,-35.704,1.48
4313,1,4313,3.693,106.71,110.403,0.282,27.459,27.177,7.751,468.265,476.016,33.923,-44.195,-45.124,-55.846,-55.862,0.62,-12.785,-41.357,-0.662,27.488,28.15,7.827,467.622,475.45,34.184,-43.488,-44.322,-55.988,-55.989,0.727,-20.272,-35.295,2.834
4314,1,4314,3.699,107.593,111.292,-0.389,27.456,27.845,7.706,463.138,470.844,34.27,-44.973,-44.614,-56.019,-56.032,0.646,-10.999,-41.968,-0.979,27.49,28.469,7.784,463.705,471.489,34.49,-44.128,-44.483,-56.342,-56.297,0.693,-21.668,-33.881,4.543
4315,1,4315,3.815,111.42,115.236,-0.52,27.455,27.975,7.841,467.8,475.642,33.918,-43.538,-44.299,-54.875,-54.743,0.695,-11.791,-45.692,-1.177,27.504,28.681,7.94,468.023,475.963,34.275,-42.132,-42.976,-54.733,-54.745,0.932,-21.487,-38.66,1.243
4316,1,4316,3.831,111.497,115.327,-0.857,27.456,28.314,7.721,459.902,467.624,34.509,-43.995,-44.548,-55.464,-55.375,0.713,-11.217,-43.511,-1.147,27.5,28.647,7.805,460.665,468.471,34.794,-43.071,-43.638,-55.541,-55.543,0.842,-22.205,-35.502,1.653
4317,1,4317,3.734,105.737,109.471,-0.757,27.46,28.217,7.781,463.509,471.29,34.263,-43.707,-43.941,-54.746,-55.006,0.736,-13.089,-42.274,-0.503,27.491,27.994,7.861,463.445,471.306,34.511,-42.3,-42.954,-54.472,-54.61,0.96,-20.418,-32.738,3.407
4318,1,4318,3.607,101.926,105.532,-0.34,27.458,27.797,7.682,459.934,467.616,34.517,-42.257,-43.676,-54.848,-54.778,0.729,-13.125,-39.903,-0.778,27.503,28.281,7.71,458.135,465.845,35.01,-40.682,-41.642,-53.665,-53.667,1.17,-20.806,-33.353,3.767
4319,1,4319,3.674,102.551,106.225,0.365,27.462,27.097,7.745,463.404,471.15,34.292,-43.848,-44.42,-55.473,-55.622,0.68,-12.535,-39.097,-0.35,27.542,27.892,7.865,465.838,473.703,34.741,-43.611,-44.221,-55.551,-55.542,0.717,-19.734,-33.882,3.145
