Header Section,,,,,,,,,,,,,,,,,,,,
Product,VC5345,,,,,,,,,,,,,,,,,,,
Test Plan,Rev(-),,,,,,,,,,,,,,,,,,,
Release Date,2015/5/4,,,,,,,,,,,,,,,,,,,
Comment,"#520~539 for A3E5.9.1,2015/03/16£¬update 500~519",,,,,,,,,,,,,,,,,,,
,,,,,,,,,,,,,,,,,,,,
Data Section,,,,,,,,,,,,,,,,,,,,
Device#,1,2,3,4,5,6,7,8,9,10,11,12,13,14,15,16,17,18,19,20
Test Item,Site No,Device ID,Idle_H_Vbat,Idle_H_Vcc,Idle_H_Total,Pin_H_849,Pout_H_849,Gain_H_849,Icc_H_Vbat_849,Icc_H_Vcc_849,Icc_H_Total_849,PAE_H_Total_849,ACP_L_H_849,ACP_U_H_849,ALT_L_H_849,ALT_U_H_849,EVM_H_849,2fo_H_849,3fo_H_849,Leakage_Current
Low Tolerance,,,5,10,10,0.3,,,1,30,30,,1.5,1.5,1.5,1.5,0.5,1.5,1.5,5
High Tolerance,,,5,10,10,0.3,,,1,30,30,,1.5,1.5,1.5,1.5,0.5,1.5,1.5,5
Enable,,,1,1,1,1,0,0,0,1,1,,1,1,1,1,1,1,1,1
500,1,500,2.69,76.026,78.716,0.52,26.933,26.712,6.462,379.534,385.996,37.058,-38.31648,-38.93544,-53.9732,-53.94144,1.681,-17.276,-28.255,1.806
501,1,501,2.557,71.014,73.57,0.793,26.951,26.459,6.372,374.313,380.685,37.733,-37.70848,-38.03844,-55.4852,-55.49444,1.758,-18.176,-28.672,1.687
502,1,502,2.592,72.539,75.13,0.479,27.003,26.824,6.357,376.162,382.519,38.004,-37.79748,-38.27444,-53.1582,-53.00644,1.76,-19.227,-28.476,1.938
503,1,503,2.645,74.982,77.627,0.382,26.994,26.912,6.481,384.695,391.176,37.084,-38.01148,-38.50144,-53.3922,-53.22444,1.714,-18.324,-29.599,1.578
504,1,504,2.651,76.457,79.107,0.607,27.023,26.716,6.46,385.378,391.838,37.267,-38.74948,-39.39944,-51.5882,-51.62144,1.813,-19.231,-32.648,2.032
505,1,505,2.685,77.92,80.605,0.209,27.013,27.104,6.392,377.283,383.675,37.978,-38.64948,-39.53244,-53.6002,-53.50044,1.698,-18.002,-28.749,1.801
506,1,506,2.521,71.955,74.476,0.307,27.007,27,6.427,380.662,387.089,37.59,-37.47548,-37.83144,-53.8382,-53.58244,1.777,-18.712,-27.395,1.321
507,1,507,2.619,75.166,77.784,0.4,26.909,26.809,6.364,377.478,383.841,37.065,-37.74948,-38.26844,-53.8122,-53.72044,1.733,-18.881,-28.731,1.487
508,1,508,2.622,74.15,76.773,0.657,27.072,26.715,6.533,385.607,392.139,37.667,-38.45248,-38.94044,-55.5182,-55.50044,1.65,-18.675,-29.229,1.381
509,1,509,2.634,74.743,77.377,0.332,27.005,26.974,6.437,380.548,386.985,37.583,-38.06048,-38.69244,-53.7452,-53.57144,1.726,-17.899,-28.258,1.478
510,1,510,2.58,73.918,76.497,0.32,26.926,26.905,6.309,371.877,378.186,37.763,-37.57148,-37.99044,-54.2962,-54.13844,1.761,-17.872,-26.926,1.801
511,1,511,2.587,73.996,76.583,0.578,27.045,26.767,6.505,386.588,393.092,37.342,-38.00048,-38.50244,-55.1062,-54.99744,1.721,-17.917,-28.351,1.664
512,1,512,2.643,76.202,78.844,0.289,26.925,26.936,6.457,383.16,389.618,36.647,-37.88248,-38.30944,-54.5122,-54.34544,1.721,-18.059,-27.514,1.74
513,1,513,2.611,74.241,76.852,0.367,26.914,26.847,6.392,377.095,383.486,37.141,-37.68648,-38.33644,-54.4162,-54.30844,1.76,-18.48,-27.375,1.591
514,1,514,2.625,74.992,77.617,0.487,27.084,26.897,6.435,382.049,388.484,38.12,-37.54548,-38.02344,-53.9312,-53.79344,1.77,-18.361,-26.384,1.228
515,1,515,2.668,76.979,79.648,0.394,26.949,26.856,6.446,381.981,388.426,36.969,-38.28248,-38.91244,-54.2882,-54.15344,1.688,-18.696,-28.389,1.145
516,1,516,2.61,74.553,77.162,0.629,26.926,26.597,6.462,382.538,388.999,36.717,-37.81348,-37.92144,-55.8222,-55.80244,1.787,-19.012,-27.938,1.658
517,1,517,2.591,73.022,75.612,0.453,27.086,26.933,6.488,387.539,394.027,37.605,-37.57248,-37.86044,-53.8112,-53.53844,1.749,-17.529,-27.788,1.435
518,1,518,2.537,71.55,74.087,0.802,27.069,26.566,6.497,385.318,391.815,37.668,-38.29848,-38.71944,-54.5792,-54.48744,1.657,-18.362,-30.874,1.214
519,1,519,2.647,75.67,78.318,0.166,27.001,27.135,6.446,384.921,391.367,37.125,-37.90948,-38.43944,-54.0292,-53.80844,1.714,-18.769,-28.334,2.617
520,1,520,3.644,70.982,74.627,-0.026,26.975,27.001,6.713,404.557,411.269,35.125,-41.023,-41.361,-52.846,-53.017,1.24,-9.244,-21.659,2.972
521,1,521,3.648,69.987,73.635,-0.054,26.978,27.033,6.679,401.804,408.482,35.388,-40.482,-41.12,-52.465,-52.599,1.33,-9.676,-22.186,2.932
522,1,522,3.504,66.783,70.287,0.019,26.98,26.961,6.648,403.179,409.827,35.284,-40.502,-40.973,-52.448,-52.537,1.317,-9.192,-21.476,2.147
523,1,523,3.486,64.675,68.161,0.419,26.966,26.547,6.602,398.624,405.225,35.569,-40.063,-40.734,-51.773,-51.872,1.436,-9.111,-21.066,3.481
524,1,524,3.597,69.476,73.074,0.173,26.971,26.798,6.655,404.595,411.25,35.088,-40.391,-40.847,-52.066,-52.197,1.317,-8.976,-21.428,2.935
525,1,525,3.464,64.162,67.626,0.176,26.966,26.79,6.59,397.448,404.039,35.676,-40.184,-40.753,-51.918,-51.883,1.459,-9.332,-21.297,1.765
526,1,526,3.592,69.485,73.078,0.268,26.976,26.707,6.702,403.725,410.427,35.198,-40.3,-40.934,-52.274,-52.429,1.307,-8.756,-21.197,0.4
527,1,527,3.518,66.167,69.686,0.246,26.969,26.723,6.613,401.314,407.927,35.356,-40.367,-40.771,-52.145,-52.313,1.317,-8.948,-21.206,3.016
528,1,528,3.677,72.397,76.074,0.144,26.972,26.828,6.781,402.354,409.135,35.278,-40.704,-41.138,-52.375,-52.53,1.303,-9.427,-21.827,1.407
529,1,529,3.545,68.188,71.733,0.483,26.968,26.484,6.683,404.482,411.165,35.067,-40.106,-40.589,-52.395,-52.615,1.264,-8.944,-21.278,2.36
530,1,530,3.488,68.087,71.575,0.333,26.972,26.638,6.633,403.006,409.639,35.23,-40.243,-40.744,-52.413,-52.633,1.271,-8.968,-21.402,2.754
531,1,531,3.556,65.26,68.816,0.164,26.971,26.807,6.638,399.872,406.509,35.499,-40.547,-41.055,-52.311,-52.374,1.336,-9.176,-21.277,1.108
532,1,532,3.581,67.795,71.376,0.375,26.968,26.594,6.739,404.237,410.976,35.093,-40.268,-40.74,-52.254,-52.444,1.295,-8.539,-20.96,2.954
533,1,533,3.583,69.891,73.474,0.169,26.968,26.8,6.663,404.948,411.611,35.037,-40.497,-40.994,-52.326,-52.42,1.305,-9.129,-21.499,3.388
534,1,534,3.535,67.257,70.792,-0.094,26.974,27.068,6.63,401.689,408.319,35.364,-40.41,-41.013,-52.472,-52.629,1.343,-9.209,-21.711,3.979
535,1,535,3.494,67.034,70.527,0.276,26.968,26.692,6.627,402.451,409.078,35.254,-40.447,-40.876,-52.188,-52.292,1.287,-8.814,-20.983,4.036
536,1,536,3.523,67.056,70.58,0.1,26.973,26.874,6.601,400.64,407.241,35.454,-40.332,-40.581,-52.043,-52.186,1.313,-9.569,-21.802,1.645
537,1,537,3.516,66.361,69.877,0.02,26.964,26.944,6.641,397.015,403.656,35.695,-40.788,-41.053,-52.322,-52.295,1.377,-9.68,-21.467,2.244
538,1,538,3.578,67.589,71.167,0.148,26.976,26.828,6.62,400.574,407.194,35.477,-40.366,-40.794,-52.214,-52.373,1.277,-9.345,-21.651,1.935
539,1,539,3.519,65.936,69.456,0.003,26.97,26.967,6.609,397.878,404.487,35.667,-40.778,-41.281,-52.385,-52.305,1.378,-9.372,-21.178,1.932
