Header Section,,,,,,,,,,,,,,,,,,,,,,,,,,,,,,,,,,,,,,,,,,,,,,,,,,,,,,,,,,,,,,,,,,,,,,,,
Product,VC5369,,,,,,,,,,,,,,,,,,,,,,,,,,,,,,,,,,,,,,,,,,,,,,,,,,,,,,,,,,,,,,,,,,,,,,,
Test Plan,Rev(C),,,,,,,,,,,,,,,,,,,,,,,,,,,,,,,,,,,,,,,,,,,,,,,,,,,,,,,,,,,,,,,,,,,,,,,
Release Date,2017/9/4,,,,,,,,,,,,,,,,,,,,,,,,,,,,,,,,,,,,,,,,,,,,,,,,,,,,,,,,,,,,,,,,,,,,,,,
Comment,#1~25/A2E2.29.1,,,,,,,,,,,,,,,,,,,,,,,,,,,,,,,,,,,,,,,,,,,,,,,,,,,,,,,,,,,,,,,,,,,,,,,
,,,,,,,,,,,,,,,,,,,,,,,,,,,,,,,,,,,,,,,,,,,,,,,,,,,,,,,,,,,,,,,,,,,,,,,,
Data Section,,,,,,,,,,,,,,,,,,,,,,,,,,,,,,,,,,,,,,,,,,,,,,,,,,,,,,,,,,,,,,,,,,,,,,,,
Device#,1,2,3,4,5,6,7,8,9,10,11,12,13,14,15,16,17,18,19,20,21,22,23,24,25,26,27,28,29,30,31,32,33,34,35,36,37,38,39,40,41,42,43,44,45,46,47,48,49,50,51,52,53,54,55,56,57,58,59,60,61,62,63,64,65,66,67,68,69,70,71,72
Test Item,Site No,Device ID,Idle_LB_Vbat_LPM,Idle_LB_Vcc_LPM,Idle_LB_Vbat,Idle_LB_Vcc,Idle_LB_Total,Pin_LB_824,Pout_LB_824,Gain_LB_824,Icc_LB_Vbat_824,Icc_LB_Vcc_824,Icc_LB_Total_824,PAE_LB_Total_824,ACP_L_LB_824,ACP_U_LB_824,ALT_L_LB_824,ALT_U_LB_824,EVM_LB_824,2fo_LB_824,CPL_Pout_824,Pin_LB_915,Pout_LB_915,Gain_LB_915,Icc_LB_Vbat_915,Icc_LB_Vcc_915,Icc_LB_Total_915,PAE_LB_Total_915,ACP_L_LB_915,ACP_U_LB_915,ALT_L_LB_915,ALT_U_LB_915,EVM_LB_915,2fo_LB_915,CPL_Pout_915,Idle_HB_Vbat_LPM,Idle_HB_Vcc_LPM,Idle_HB_Vbat,Idle_HB_Vcc,Idle_HB_Total,Pin_HB_1710,Pout_HB_1710,Gain_HB_1710,Icc_HB_Vbat_1710,Icc_HB_Vcc_1710,Icc_HB_Total_1710,PAE_HB_Total_1710,ACP_L_HB_1710,ACP_U_HB_1710,ALT_L_HB_1710,ALT_U_HB_1710,EVM_HB_1710,2fo_HB_1710,CPL_Pout_1710,Pin_HB_1980,Pout_HB_1980,Gain_HB_1980,Icc_HB_Vbat_1980,Icc_HB_Vcc_1980,Icc_HB_Total_1980,PAE_HB_Total_1980,ACP_L_HB_1980,ACP_U_HB_1980,ALT_L_HB_1980,ALT_U_HB_1980,EVM_HB_1980,2fo_HB_1980,CPL_Pout_1980,Leakage_VBAT,Leakage_VCC,Test Time,Index Time
Low Tolerance,,,5,10,5,10,10,0.3,,,1,30,30,,1.5,1.5,1.5,1.5,0.5,1.5,1.5,0.3,,,1,30,30,,1.5,1.5,1.5,1.5,0.5,1.5,1.5,5,10,5,10,10,0.3,,,1,30,30,,1.5,1.5,1.5,1.5,0.5,1.5,1.5,0.3,,,1,30,30,,1.5,1.5,1.5,1.5,0.5,1.5,1.5,5,5,,
High Tolerance,,,5,10,5,10,10,0.5,,,1,30,30,,1.5,1.5,1.5,1.5,0.5,1.5,1.5,0.5,,,1,30,30,,1.5,1.5,1.5,1.5,0.5,1.5,1.5,5,10,5,10,10,0.5,,,1,30,30,,1.5,1.5,1.5,1.5,0.5,1.5,1.5,0.5,,,1,30,30,,1.5,1.5,1.5,1.5,0.5,1.5,1.5,5,5,,
Enable,,,1,1,1,1,1,1,0,0,0,1,1,,1,1,1,1,1,1,1,1,0,0,0,1,1,,1,1,1,1,1,1,1,1,1,1,1,1,1,0,0,0,1,1,,1,1,1,1,1,1,1,1,0,0,0,1,1,,1,1,1,1,1,1,1,1,1,,
1,1,1,1.765,57.267,2.381,86.599,88.98,-1.935,27.449,29.384,6.666,441.342,448.008,36.458,-49.319,-49.684,-57.009,-57.231,1.046,-5.654,-23.494,-2.108,27.559,29.667,6.161,391.38,397.541,42.142,-47.726,-50.243,-56.941,-56.786,0.978,-8.439,-22.341,1.98,64.2,2.659,95.703,98.362,0.882,27.42,26.538,7.106,442.175,449.281,36.012,-41.878,-40.76,-53.563,-53.318,1.424,-4.408,-22.942,0.902,27.569,26.667,7.21,441.496,448.706,37.407,-42.37,-42.497,-54.581,-54.568,1.508,-17.301,-22.441,0.061,0.085,259.381,741320.404
2,1,2,1.814,59.548,2.443,89.371,91.814,-2.163,27.501,29.663,6.798,444.003,450.8,36.669,-48.824,-48.865,-56.8,-57.072,1.133,-6.581,-23.166,-2.119,27.549,29.668,6.22,391.359,397.579,42.046,-47.888,-49.958,-56.881,-56.696,0.989,-7.921,-22.256,1.981,64.398,2.711,95.706,98.418,0.931,27.425,26.494,7.098,444.589,451.687,35.857,-41.328,-40.346,-53.184,-52.925,1.579,-4.083,-22.88,0.791,27.484,26.692,7.104,437.241,444.345,37.039,-41.894,-41.991,-54.465,-54.467,1.532,-17.741,-22.37,0.061,0.093,262.287,17994.619
3,1,3,1.768,56.259,2.377,85.73,88.108,-2.207,27.498,29.705,6.831,441.634,448.464,36.841,-48.662,-48.916,-56.708,-57.084,1.177,-6.361,-23.482,-2.254,27.555,29.809,6.097,389.865,395.962,42.271,-47.465,-49.953,-56.634,-56.609,1.042,-8.137,-22.314,1.84,57.958,2.535,88.223,90.758,1.09,27.435,26.345,7.029,440.99,448.019,36.231,-41.596,-40.846,-53.24,-53.055,1.416,-3.315,-23.169,1.056,27.535,26.479,6.87,422.923,429.793,38.745,-41.317,-41.329,-54.501,-54.513,1.533,-16.887,-22.726,0.057,0.085,258.599,14489.942
4,1,4,1.738,54.927,2.34,83.4,85.74,-2.228,27.489,29.718,6.865,442.653,449.518,36.678,-48.637,-48.84,-56.562,-56.817,1.195,-5.566,-23.186,-2.059,27.544,29.604,6.242,388.449,394.691,42.303,-48.024,-50.293,-56.69,-56.547,0.957,-8.313,-22.373,1.919,60.784,2.599,91.428,94.027,0.958,27.465,26.507,6.99,438.699,445.689,36.678,-42.007,-40.949,-53.564,-53.196,1.387,-4.965,-23.06,1.09,27.521,26.431,7.032,436.366,443.399,37.434,-41.902,-42.11,-54.443,-54.56,1.502,-16.211,-22.593,0.063,0.093,255.406,17418.795
5,1,5,1.846,60.276,2.429,89.729,92.158,-1.645,27.452,29.097,6.787,440.386,447.172,36.55,-49.531,-49.766,-57.161,-57.535,1.037,-6.385,-23.541,-2.279,27.545,29.824,6.165,392.012,398.177,41.943,-47.648,-50.061,-56.689,-56.727,1.022,-7.939,-22.216,2.016,65.487,2.712,96.657,99.368,0.949,27.475,26.527,7.209,449.586,456.796,35.876,-41.641,-40.885,-53.395,-53.085,1.447,-3.849,-23.028,0.593,27.475,26.883,6.921,429.005,435.926,37.685,-42.582,-42.736,-54.452,-54.675,1.501,-16.226,-22.545,0.056,0.089,261.585,18797.487
6,1,6,1.848,60.192,2.439,90.292,92.731,-2.836,27.521,30.357,6.849,444,450.849,36.843,-48.736,-48.098,-56.36,-56.726,1.256,-6.924,-23.139,-2.033,27.464,29.497,6.196,388.816,395.011,41.493,-48.198,-50.642,-56.748,-56.639,0.894,-7.974,-22.263,2.021,66.07,2.723,98.253,100.976,0.988,27.471,26.482,7.176,449.83,457.006,35.817,-41.679,-40.7,-53.577,-53.174,1.479,-4.119,-22.959,0.507,27.474,26.967,7.037,433.419,440.456,37.283,-42.822,-42.83,-54.289,-54.679,1.498,-17.067,-22.501,0.062,0.089,260.687,19478.335
7,1,7,1.874,60.712,2.477,90.421,92.897,-2.895,27.571,30.467,6.833,449.436,456.269,36.831,-48.388,-48.038,-56.649,-56.653,1.316,-6.435,-22.769,-2.056,27.447,29.504,6.133,390.181,396.314,41.203,-48.472,-50.946,-56.965,-56.627,0.803,-8.504,-22.134,1.912,60.92,2.6,92.435,95.036,0.873,27.487,26.614,7.062,446.784,453.846,36.206,-41.106,-40.33,-53.209,-52.974,1.566,-4.219,-22.854,0.941,27.506,26.565,6.997,436.763,443.76,37.275,-42.333,-42.282,-54.352,-54.712,1.499,-16.885,-22.387,0.054,0.097,253.582,18070.916
8,1,8,1.808,57.137,2.4,85.33,87.73,-2.404,27.476,29.88,6.671,436.056,442.727,37.131,-48.704,-48.349,-56.419,-56.61,1.238,-7.238,-23.558,-2.086,27.458,29.544,6.159,383.326,389.485,42.028,-47.956,-50.585,-56.767,-56.448,0.936,-7.627,-22.505,2.027,65.971,2.747,97.98,100.726,0.938,27.436,26.498,7.111,445.473,452.584,35.879,-41.404,-40.481,-53.303,-53.005,1.523,-3.903,-23.127,0.653,27.486,26.833,7.033,429.655,436.689,37.712,-42.499,-42.665,-54.49,-54.63,1.518,-17.474,-22.664,0.058,0.085,249.117,17206.501
9,1,9,1.752,55.904,2.402,84.964,87.366,-2.633,27.497,30.13,6.797,442.746,449.543,36.742,-48.837,-48.599,-56.562,-56.655,1.243,-6.113,-23.12,-1.803,27.465,29.268,6.168,386.63,392.799,41.736,-48.825,-51.166,-56.84,-56.669,0.794,-8.259,-22.354,1.918,60.703,2.573,91.38,93.953,1.203,27.444,26.242,7.045,442.124,449.168,36.215,-41.406,-40.526,-53.442,-53.085,1.518,-4.364,-22.984,1.174,27.538,26.365,7.148,438.921,446.07,37.359,-42.36,-42.308,-54.269,-54.592,1.509,-17.356,-22.507,0.058,0.093,261.058,19151.549
10,1,10,1.892,61.761,2.496,91.554,94.05,-1.648,27.449,29.096,6.755,441.874,448.63,36.404,-49.729,-49.936,-57.096,-57.578,1.004,-5.418,-23.795,-2.39,27.585,29.975,6.184,393.19,399.374,42.204,-47.445,-49.896,-56.772,-56.819,1.049,-8.422,-22.408,2.02,65.559,2.714,96.954,99.668,1.094,27.446,26.353,7.109,447.364,454.474,35.81,-41.764,-40.754,-53.41,-53.343,1.472,-3.841,-23.089,0.8,27.518,26.718,7.108,437.439,444.548,37.315,-42.381,-42.421,-54.57,-54.568,1.523,-17.346,-22.604,0.056,0.089,258.623,19057.813
11,1,11,1.75,55.94,2.372,85.162,87.535,-2.401,27.493,29.895,6.772,439.165,445.937,37.009,-48.775,-48.728,-56.596,-56.87,1.2,-6.906,-23.435,-2.066,27.436,29.502,6.091,384.507,390.598,41.698,-48.612,-50.998,-56.916,-56.79,0.853,-7.816,-22.327,1.912,61.214,2.584,92.742,95.326,1.298,27.443,26.145,7.063,445.151,452.214,35.957,-41.312,-40.486,-53.426,-53.042,1.537,-3.973,-23.065,1.175,27.535,26.36,7.045,439.385,446.43,37.302,-41.851,-41.919,-54.553,-54.847,1.532,-17.897,-22.6,0.057,0.089,257.288,33113.719
12,1,12,1.719,54.133,2.349,82.516,84.865,-1.911,27.462,29.373,6.752,438.567,445.319,36.792,-48.906,-49.061,-56.633,-56.959,1.122,-6.143,-23.431,-2.062,27.479,29.542,6.11,384.766,390.876,42.084,-48.23,-50.755,-56.73,-56.652,0.872,-8.013,-22.321,1.925,61.539,2.595,92.853,95.449,0.976,27.547,26.571,7.118,450.473,457.591,36.408,-40.964,-39.723,-53.105,-52.788,1.739,-4.218,-23.045,0.811,27.484,26.672,7.008,434.896,441.904,37.244,-41.898,-41.898,-54.485,-54.654,1.524,-17.295,-22.546,0.058,0.102,255.971,19711.992
13,1,13,1.789,57.573,2.384,86.897,89.281,-2.186,27.513,29.699,6.71,443.522,450.231,36.825,-49.071,-48.991,-56.71,-56.889,1.15,-6.217,-23.438,-2.258,27.537,29.795,6.059,388.437,394.496,42.252,-47.807,-50.191,-56.656,-56.724,0.984,-7.873,-22.283,1.87,58.839,2.559,89.161,91.72,1.107,27.451,26.344,6.978,439.832,446.81,36.467,-41.778,-40.83,-53.294,-52.991,1.453,-4.266,-22.995,1.096,27.525,26.429,7.008,436.12,443.127,37.493,-41.475,-41.335,-54.436,-54.574,1.537,-16.725,-22.532,0.057,0.089,256.124,23510.691
14,1,14,1.784,56.644,2.384,86.774,89.158,-1.778,27.458,29.235,6.704,442.367,449.072,36.443,-49.665,-49.598,-56.893,-57.31,1.033,-5.891,-23.511,-2.136,27.531,29.667,6.184,389.977,396.16,42.014,-47.899,-50.857,-57.001,-56.736,0.896,-8.25,-22.375,1.859,59.69,2.579,91.067,93.646,1.034,27.541,26.507,7.028,445.62,452.649,36.752,-41.704,-40.824,-53.115,-53.086,1.429,-4.431,-22.938,0.781,27.482,26.7,6.873,428.865,435.737,37.752,-42.126,-41.971,-54.405,-54.643,1.503,-15.786,-22.431,0.061,0.093,255.804,21324.328
15,1,15,1.866,60.989,2.476,90.691,93.167,-2.147,27.504,29.651,6.871,444.472,451.343,36.653,-49.217,-49.292,-56.877,-57.02,1.099,-5.425,-23.633,-2.384,27.551,29.935,6.23,391.63,397.86,42.034,-47.969,-50.156,-56.529,-56.566,0.973,-8.388,-22.376,2.003,64.958,2.707,95.791,98.498,0.902,27.52,26.618,7.158,446.922,454.081,36.463,-41.652,-40.687,-53.396,-52.993,1.462,-4.266,-23.046,0.572,27.47,26.898,7.004,432.562,439.566,37.327,-42.1,-42.132,-54.41,-54.469,1.509,-16.056,-22.591,0.058,0.089,260.679,29637.032
16,1,16,1.787,55.583,2.356,83.581,85.937,-1.209,27.467,28.676,6.808,436.492,443.3,36.993,-48.856,-49.523,-56.94,-57.173,1.065,-5.193,-23.559,-2.204,27.534,29.738,6.177,384.955,391.132,42.586,-47.975,-50.319,-56.965,-56.598,0.928,-8.717,-22.352,1.922,60.255,2.581,90.247,92.828,1.014,27.529,26.515,7.067,444.415,451.482,36.752,-41.59,-40.409,-53.194,-52.997,1.553,-4.257,-23.182,0.883,27.454,26.571,6.974,428.618,435.592,37.53,-41.367,-41.427,-54.295,-54.487,1.541,-15.904,-22.737,0.06,0.093,250.478,38319.729
17,1,17,1.732,54.194,2.329,83.322,85.651,-1.857,27.48,29.337,6.799,441.766,448.565,36.681,-49.119,-49.52,-56.891,-57.067,1.1,-5.187,-23.629,-2.238,27.566,29.803,6.117,388.473,394.59,42.525,-47.478,-50.056,-56.624,-56.563,1.023,-8.314,-22.339,1.85,58.105,2.515,89.14,91.655,0.918,27.536,26.618,6.986,444.881,451.867,36.775,-41.717,-40.946,-53.229,-53.043,1.413,-4.428,-23.085,0.834,27.544,26.71,6.968,430.972,437.94,38.11,-41.838,-41.692,-54.39,-54.678,1.51,-15.787,-22.634,0.064,0.115,247.32,19309.172
18,1,18,1.804,57.883,2.405,87.549,89.955,-2.04,27.495,29.535,6.756,441.129,447.885,36.856,-49.098,-49.376,-56.948,-57.177,1.083,-5.892,-23.743,-2.32,27.523,29.843,6.079,388.954,395.033,42.062,-47.884,-50.651,-56.835,-56.656,0.933,-8.31,-22.389,1.958,64.278,2.676,96.717,99.393,1.24,27.467,26.227,7.097,445.569,452.666,36.125,-42.613,-41.498,-53.847,-53.483,1.218,-4.103,-23.108,0.56,27.475,26.915,6.958,426.748,433.705,37.878,-42.77,-42.796,-54.42,-54.598,1.493,-15.952,-22.654,0.065,0.089,260.338,240038.734
19,1,19,1.98,64.879,2.619,95.718,98.337,-2.204,27.507,29.711,6.828,444.087,450.915,36.715,-48.977,-49.58,-57.076,-57.298,1.073,-5.695,-23.825,-2.527,27.56,30.087,6.306,392.249,398.555,42.049,-47.378,-49.984,-56.743,-56.745,1.076,-8.277,-22.432,2.191,72.781,2.921,104.302,107.224,0.892,27.521,26.629,7.297,450.99,458.287,36.137,-41.787,-40.799,-53.658,-53.383,1.442,-4.149,-23.146,0.421,27.467,27.046,7.078,427.081,434.159,37.767,-43.575,-43.632,-54.343,-54.497,1.484,-16.624,-22.693,0.056,0.08,261.473,20632.193
20,1,20,1.833,58.469,2.435,87.225,89.66,-1.942,27.466,29.408,6.749,439.499,446.247,36.746,-49.327,-49.546,-56.772,-57.185,1.065,-5.932,-23.865,-2.439,27.526,29.965,6.186,387.403,393.589,42.246,-47.704,-50.09,-56.451,-56.58,1.069,-7.772,-22.447,1.956,61.662,2.666,91.906,94.572,1.127,27.455,26.328,7.092,444.673,451.766,36.1,-41.763,-40.845,-53.332,-53.068,1.43,-3.429,-23.08,1.063,27.541,26.477,6.978,428.831,435.809,38.261,-41.765,-42.058,-54.399,-54.454,1.517,-17.134,-22.64,0.065,0.093,256.06,16837.353
21,1,21,1.819,58.647,2.426,86.738,89.164,-1.821,27.469,29.29,6.781,440.458,447.239,36.687,-49.293,-49.716,-56.855,-57.199,1.063,-5.798,-23.691,-2.47,27.526,29.997,6.264,387.824,394.087,42.196,-47.726,-50.55,-56.779,-56.818,1.014,-7.924,-22.347,1.899,60.207,2.561,91.422,93.983,0.957,27.527,26.57,7.101,448.846,455.948,36.37,-41.48,-40.629,-53.099,-52.934,1.48,-3.882,-22.976,0.973,27.512,26.539,6.92,432.908,439.828,37.66,-41.823,-41.79,-54.351,-54.606,1.512,-15.877,-22.51,0.057,0.089,259.303,21399.97
22,1,22,1.808,57.916,2.409,87.117,89.526,-1.137,27.458,28.595,6.701,436.97,443.671,36.887,-49.122,-49.338,-56.812,-57.265,1.026,-5.835,-23.742,-2.57,27.541,30.111,6.125,386.489,392.614,42.503,-47.271,-49.826,-56.767,-56.749,1.095,-8.258,-22.386,1.944,62.582,2.647,93.385,96.032,1.016,27.552,26.535,7.183,452.343,459.526,36.293,-41.628,-40.811,-53.356,-53.091,1.472,-4.192,-23.089,0.698,27.482,26.784,7.045,437.235,444.279,37.033,-41.968,-41.862,-54.541,-54.614,1.518,-15.452,-22.644,0.054,0.114,258.75,51301.749
23,1,23,1.727,55.577,2.346,84.895,87.241,-1.856,27.497,29.353,6.764,442.391,449.156,36.771,-49.348,-49.162,-56.869,-57.079,1.096,-6.111,-23.643,-2.435,27.449,29.884,6.151,386.287,392.438,41.626,-48.441,-51.286,-56.837,-56.659,0.885,-8.074,-22.392,1.956,62.753,2.627,93.581,96.208,1.016,27.519,26.502,7.168,452.719,459.887,35.99,-41.7,-40.973,-53.212,-53.093,1.452,-3.556,-22.99,1.073,27.534,26.461,7.054,437.598,444.653,37.445,-42.02,-42.084,-54.659,-54.56,1.519,-16.812,-22.545,0.06,0.089,252.949,19548.922
24,1,24,1.816,58.084,2.408,86.028,88.436,-2.18,27.523,29.703,6.832,444.228,451.06,36.841,-49.084,-49.177,-56.794,-57.083,1.128,-5.815,-23.374,-2.207,27.478,29.685,6.16,387.246,393.406,41.801,-48.691,-51.343,-56.995,-56.894,0.816,-8.318,-22.334,1.991,65.773,2.671,98.22,100.891,0.833,27.533,26.7,7.102,447.16,454.262,36.559,-41.488,-40.259,-53.394,-53.195,1.579,-4.768,-22.998,0.868,27.544,26.676,7.179,441.471,448.651,37.194,-42.96,-42.901,-54.457,-54.533,1.501,-16.392,-22.5,0.058,0.089,255.591,15932.971
25,1,25,1.771,57.218,2.39,87.086,89.477,-2.053,27.494,29.547,6.748,441.796,448.544,36.798,-49.095,-48.919,-56.697,-57.001,1.132,-6.636,-23.452,-2.373,27.539,29.912,6.109,390.478,396.587,42.05,-47.684,-50.452,-56.738,-56.652,1.027,-7.919,-22.192,1.785,56.752,2.472,87.742,90.214,1.218,27.457,26.24,7.075,449.938,457.013,35.7,-41.023,-40.245,-52.988,-52.724,1.555,-3.083,-22.989,1.196,27.538,26.342,6.98,434.902,441.882,37.709,-41.188,-41.116,-54.439,-54.586,1.558,-17.726,-22.532,0.062,0.089,257.253,18785.6
