Header Section,,,,,,,,,,,,,,,,,,,,,,,,,,,,,,,,,,,,,
Product,VC5341-21,,,,,,,,,,,,,,,,,,,,,,,,,,,,,,,,,,,,
Test Plan,Rev(A),,,,,,,,,,,,,,,,,,,,,,,,,,,,,,,,,,,,
Release Date,2017/11/13,,,,,,,,,,,,,,,,,,,,,,,,,,,,,,,,,,,,
Comment,#1-40/New_#41-#85/-21A2E4.20.1£¬,,,,,,,,,,,,,,,,,,,,,,,,,,,,,,,,,,,,
,,,,,,,,,,,,,,,,,,,,,,,,,,,,,,,,,,,,,
Data Section,,,,,,,,,,,,,,,,,,,,,,,,,,,,,,,,,,,,,
Device#,1,2,3,4,5,6,7,8,9,10,11,12,13,14,15,16,17,18,19,20,21,22,23,24,25,26,27,28,29,30,31,32,33,34,35,36,37
Test Item,Site No,Device ID,Idle_H_Vbat_1920,Idle_H_Vcc_1920,Idle_H_Total_1920,Pin_H_1920,Pout_H_1920,Gain_H_1920,Icc_H_Vbat_1920,Icc_H_Vcc_1920,Icc_H_Total_1920,PAE_H_Total_1920,ACP_L_H_1920,ACP_U_H_1920,ALT_L_H_1920,ALT_U_H_1920,EVM_H_1920,2fo_H_1920,3fo_H_1920,Pin_H_1980,Pout_H_1980,Gain_H_1980,Icc_H_Vbat_1980,Icc_H_Vcc_1980,Icc_H_Total_1980,PAE_H_Total_1980,ACP_L_H_1980,ACP_U_H_1980,ALT_L_H_1980,ALT_U_H_1980,EVM_H_1980,2fo_H_1980,3fo_H_1980,Leakage_Vbat,Leakage_Vcc,Test Time,Index Time
Low Tolerance,,,5,10,10,0.2,,,1,30,30,,1.5,1.5,1.5,1.5,0.5,2,3,0.2,,,1,30,30,,1.5,1.5,1.5,1.5,0.5,2,3,2,2,,
High Tolerance,,,5,10,10,0.2,,,1,30,30,,1.5,1.5,1.5,1.5,0.5,2,3,0.2,,,1,30,30,,1.5,1.5,1.5,1.5,0.5,2,3,2,2,,
Enable,,,1,1,1,1,0,0,0,1,1,,1,1,1,1,1,1,1,1,0,0,0,1,1,,1,1,1,1,1,1,1,1,1,,
1,1,1,2.497,73.096,75.592,1.692,27.521,25.829,7.014,436.962,443.976,37.343,-41.333,-42.083,-52.944,-53.098,1.166,-7.195,-26.849,1.731,27.564,25.833,7.189,444.815,452.004,37.028,-42.274,-42.436,-52.941,-53.058,1.185,-10.133,-26.452,0.018,0.018,135.271,54710.364
2,1,2,2.443,69.396,71.838,1.841,27.45,25.61,6.784,418.655,425.439,38.334,-41.841,-42.396,-53.385,-53.376,1.114,-8.108,-27.044,1.731,27.458,25.727,6.858,422.247,429.105,38.056,-41.925,-41.789,-52.485,-52.533,1.265,-11.225,-26.199,0.025,0.025,135.083,18122.653
3,1,3,2.512,72.203,74.715,1.462,27.526,26.064,6.861,424.645,431.506,38.471,-41.725,-42.011,-53.599,-53.896,1.235,-8.062,-27.138,1.447,27.549,26.102,6.996,425.003,431.999,38.615,-40.353,-39.813,-52.271,-52.576,1.622,-10.851,-26.438,0.054,0.054,139.927,9105.04
4,1,4,2.483,70.757,73.24,1.514,27.491,25.976,7.029,428.041,435.071,37.845,-41.767,-42.256,-53.526,-53.532,1.157,-8.014,-27.112,1.654,27.447,25.792,7.1,428.222,435.321,37.416,-42.361,-42.328,-53.099,-53.17,1.241,-11.066,-26.6,0.01,0.01,136.695,9027.221
5,1,5,2.424,68.647,71.072,1.777,27.464,25.687,6.999,431.915,438.914,37.278,-41.462,-41.872,-53.387,-53.385,1.062,-7.648,-27.16,1.654,27.457,25.803,7.097,435.327,442.423,36.906,-42.711,-42.583,-52.968,-53.092,1.113,-10.775,-26.535,0.096,0.096,135.741,9777.276
6,1,6,2.527,71.494,74.021,1.289,27.527,26.238,6.875,423.281,430.155,38.604,-42.06,-42.234,-53.292,-53.568,1.172,-8.665,-27.129,1.43,27.532,26.103,7.053,426.803,433.856,38.297,-40.832,-40.495,-52.319,-52.417,1.491,-11.813,-26.219,0.02,0.02,140.169,9954.734
7,1,7,2.493,72.338,74.832,1.573,27.567,25.994,6.853,422.021,428.874,39.07,-41.46,-41.931,-53.302,-53.569,1.255,-7.786,-26.91,1.593,27.573,25.979,6.933,424.901,431.834,38.831,-41.172,-41.025,-52.275,-52.46,1.434,-10.718,-26.119,0.024,0.024,131.382,10102.78
8,1,8,2.444,70.475,72.919,1.279,27.514,26.235,6.862,425,431.862,38.335,-41.956,-42.369,-53.548,-53.814,1.147,-8.001,-27.066,1.355,27.523,26.168,7.039,430.347,437.386,37.909,-41.722,-41.429,-52.442,-52.53,1.331,-11.114,-26.198,0.024,0.024,140.106,6670.191
9,1,9,2.55,72.254,74.805,1.578,27.455,25.877,6.838,421.339,428.177,38.138,-41.822,-41.816,-53.131,-53.332,1.179,-8.414,-27.098,1.623,27.466,25.843,6.967,422.307,429.274,38.111,-40.559,-39.878,-51.952,-52.051,1.555,-11.403,-26.481,0.032,0.032,137.49,6697.175
10,1,10,2.392,66.565,68.956,1.734,27.476,25.742,6.981,424.91,431.891,37.988,-41.71,-42.367,-53.376,-53.441,1.086,-8.023,-27.135,1.718,27.49,25.772,7.102,431.149,438.251,37.536,-42.071,-42.117,-52.254,-52.378,1.201,-11.229,-26.117,0,0,139.526,4857.552
11,1,11,2.536,74.304,76.84,1.575,27.482,25.907,6.95,428.33,435.28,37.749,-41.95,-42.282,-53.252,-53.528,1.137,-7.875,-27.099,1.598,27.54,25.942,7.046,433.911,440.957,37.744,-41.668,-41.171,-52.509,-52.564,1.385,-10.774,-26.496,0.007,0.007,132.611,5728.775
12,1,12,2.614,76.717,79.332,1.575,27.535,25.961,6.94,426.989,433.929,38.333,-42.088,-42.515,-53.797,-53.936,1.187,-8.376,-27.033,1.433,27.522,26.089,7.081,428.841,435.922,38.027,-41.414,-40.985,-52.724,-52.75,1.433,-11.508,-26.26,0.002,0.002,136.418,5234.736
13,1,13,2.46,69.985,72.445,1.873,27.458,25.585,6.792,424.405,431.196,37.891,-41.704,-41.864,-53.392,-53.365,1.085,-8.109,-27.052,1.79,27.482,25.692,6.991,431.383,438.375,37.452,-41.902,-41.551,-52.271,-52.293,1.256,-11.341,-26.139,0.033,0.033,140.83,4279.662
14,1,14,2.44,70.98,73.42,1.656,27.441,25.786,6.899,429.869,436.768,37.267,-41.588,-42.142,-53.34,-53.388,1.071,-7.774,-27.061,1.707,27.459,25.752,7.067,434.942,442.009,36.954,-42.366,-42.281,-53.027,-53.006,1.156,-10.846,-26.392,0.024,0.024,135.149,7127.77
15,1,15,2.522,73.931,76.453,1.377,27.51,26.134,6.889,425.045,431.934,38.294,-42.179,-42.483,-53.772,-53.934,1.166,-8.357,-27.079,1.445,27.521,26.076,7.024,429.439,436.463,37.971,-41.77,-41.485,-52.636,-52.783,1.396,-11.536,-26.508,0.025,0.025,140.178,4632.802
16,1,16,2.491,71.512,74.003,1.58,27.456,25.876,6.886,425.613,432.5,37.764,-41.943,-42.184,-53.525,-53.607,1.125,-7.96,-27.175,1.587,27.478,25.891,6.976,427.566,434.542,37.761,-41.875,-41.509,-52.78,-52.922,1.32,-10.792,-26.652,0.001,0.001,132.013,4646.323
17,1,17,2.479,71.755,74.234,1.58,27.536,25.956,6.881,429.496,436.377,38.121,-41.856,-41.983,-53.03,-53.36,1.15,-8.14,-27.005,1.587,27.588,26.001,7.078,435.958,443.036,37.989,-41.42,-40.83,-52.121,-52.43,1.426,-11.168,-26.521,0.026,0.026,132.57,6030.567
18,1,18,2.536,73.006,75.542,1.58,27.468,25.888,6.957,418.159,425.116,38.527,-41.621,-41.809,-53.319,-53.521,1.269,-8.167,-27.096,1.587,27.464,25.876,6.896,417.312,424.208,38.548,-40.246,-39.76,-52.365,-52.458,1.614,-10.923,-26.561,0.002,0.002,131.598,7501.539
19,1,19,2.641,78.196,80.837,1.346,27.506,26.16,6.932,429.322,436.254,37.875,-42.318,-42.792,-53.392,-53.678,1.159,-8.07,-26.978,1.407,27.519,26.112,7.057,432.721,439.777,37.669,-41.742,-41.638,-53.041,-53.114,1.337,-11.128,-26.284,0.069,0.069,140.167,6204.098
20,1,20,2.531,73.559,76.089,1.517,27.559,26.042,6.959,436.799,443.759,37.692,-41.848,-42.319,-53.505,-53.708,1.13,-7.989,-26.977,1.538,27.569,26.03,7.054,442.826,449.879,37.244,-42.414,-42.333,-53.198,-53.263,1.24,-11.157,-26.316,0.023,0.023,132.009,5094.781
21,1,21,2.42,66.502,68.922,1.613,27.455,25.842,6.831,423.464,430.295,37.943,-41.32,-41.824,-53.516,-53.595,1.084,-7.86,-27.122,1.538,27.456,25.918,6.943,425.676,432.619,37.736,-41.957,-41.829,-52.31,-52.568,1.211,-10.873,-26.367,0.038,0.038,134.565,5509.899
22,1,22,2.54,74.099,76.639,1.261,27.511,26.25,6.913,429.021,435.933,37.953,-42.007,-42.283,-53.093,-53.443,1.175,-7.881,-27.131,1.276,27.535,26.259,7.001,430.996,437.997,37.963,-41.478,-41.156,-52.895,-53,1.391,-10.697,-26.54,0.021,0.021,140.336,5254.495
23,1,23,2.533,72.975,75.508,1.466,27.445,25.979,6.822,416.476,423.299,38.484,-42.265,-42.609,-53.868,-54.04,1.143,-8.575,-27.093,1.467,27.412,25.945,6.947,417.27,424.216,38.098,-41.567,-41.376,-52.734,-52.756,1.402,-11.683,-26.432,0.002,0.002,132.67,5896.523
24,1,24,2.515,73.381,75.897,1.409,27.554,26.145,6.89,430.981,437.871,38.157,-41.649,-42.259,-53.462,-53.565,1.205,-7.5,-27.016,1.282,27.516,26.234,7.163,432.075,439.238,37.689,-42.449,-42.331,-52.708,-53.019,1.28,-10.432,-26.422,0.001,0.001,137.172,5906.395
25,1,25,2.552,74.574,77.126,1.581,27.468,25.887,6.926,423.738,430.664,38.03,-41.125,-41.726,-53.091,-53.429,1.261,-7.701,-26.94,1.665,27.472,25.806,6.957,426.463,433.421,37.798,-41.607,-41.696,-52.945,-52.92,1.315,-10.564,-26.631,0.036,0.036,139.61,4628.926
26,1,26,2.463,70.039,72.502,1.639,27.473,25.834,7.041,429.12,436.161,37.59,-41.271,-41.707,-53.305,-53.379,1.118,-8.01,-26.946,1.689,27.483,25.794,7.235,433.598,440.833,37.256,-42.29,-42.266,-52.846,-52.917,1.197,-11.181,-26.198,0.012,0.012,140.022,5633.621
27,1,27,2.577,74.154,76.73,1.575,27.442,25.867,6.762,414.291,421.053,38.669,-41.674,-41.041,-52.873,-53.034,1.253,-9.606,-27.07,1.585,27.449,25.864,6.957,418.015,424.972,38.353,-38.093,-37.483,-51.371,-51.38,2.02,-12.994,-26.046,0.006,0.006,134.889,5411.323
28,1,28,2.559,72.762,75.321,1.722,27.466,25.744,6.986,425.144,432.13,37.883,-41.95,-42.519,-53.367,-53.493,1.136,-7.709,-27.205,1.551,27.519,25.968,7.17,430.927,438.097,37.805,-42.174,-42.044,-52.704,-52.684,1.286,-10.645,-26.523,-0.007,-0.007,136.315,5128.98
29,1,29,2.46,69.522,71.982,1.852,27.462,25.61,6.982,427.263,434.245,37.654,-42.248,-42.425,-53.745,-53.795,1.057,-8.206,-27.177,1.739,27.481,25.742,7.112,433.4,440.512,37.268,-42.231,-41.802,-52.926,-52.916,1.241,-11.49,-26.036,-0.001,-0.001,140.763,5375.485
30,1,30,2.522,72.765,75.286,1.661,27.523,25.862,7.092,438.681,445.773,37.209,-41.662,-42.229,-53.416,-53.603,1.115,-7.528,-26.938,1.602,27.56,25.958,7.269,447.069,454.338,36.805,-42.502,-42.52,-53.305,-53.196,1.168,-10.636,-26.407,0.013,0.013,132.126,5245.549
31,1,31,2.558,75.356,77.914,1.426,27.514,26.088,6.842,427.597,434.438,38.108,-41.801,-42.239,-53.746,-53.907,1.215,-7.825,-27.05,1.356,27.523,26.167,6.98,430.016,436.996,37.942,-41.609,-41.393,-53.083,-53.094,1.384,-10.684,-26.481,0.015,0.015,140.089,5158.869
32,1,32,2.463,69.134,71.598,1.597,27.556,25.96,7.045,433.685,440.73,37.927,-41.617,-42.161,-53.005,-53.268,1.108,-7.585,-27.145,1.535,27.511,25.976,7.124,435.582,442.706,37.347,-42.099,-42.151,-52.524,-52.618,1.183,-10.65,-26.426,0.044,0.044,132.527,5648.069
33,1,33,2.516,72.612,75.128,1.597,27.505,25.909,6.955,428.495,435.451,37.933,-41.842,-42.158,-52.947,-53.17,1.148,-7.556,-27.007,1.453,27.535,26.082,7.007,432.799,439.806,37.805,-42.017,-41.479,-52.665,-52.688,1.309,-10.419,-26.495,0.023,0.023,135.023,5754.099
34,1,34,2.45,68.26,70.709,1.856,27.455,25.598,6.883,417.113,423.996,38.501,-41.764,-42.072,-53.249,-53.279,1.15,-8.42,-27.105,1.855,27.461,25.606,7.012,418.857,425.869,38.364,-41.513,-40.987,-51.993,-52.097,1.404,-11.471,-26.528,0.003,0.003,140.335,5751.53
35,1,35,2.485,71.458,73.943,1.522,27.495,25.973,6.867,425.096,431.963,38.155,-41.839,-42.156,-52.966,-53.219,1.145,-7.987,-27.077,1.418,27.521,26.103,7.101,430.954,438.055,37.831,-41.628,-41.299,-52.354,-52.384,1.345,-11.06,-26.244,0.017,0.017,140.094,8461.987
36,1,36,2.556,74.914,77.47,1.588,27.553,25.964,6.869,422.394,429.262,38.907,-41.925,-42.033,-53.635,-53.83,1.26,-9.033,-26.992,1.554,27.437,25.882,6.858,419.013,425.871,38.16,-40.61,-40.202,-52.659,-52.758,1.567,-12.355,-26.292,0.061,0.061,133.917,6060.553
37,1,37,2.449,69.705,72.155,1.704,27.447,25.743,6.782,420.642,427.424,38.128,-41.965,-41.988,-53.171,-53.371,1.127,-8.278,-27.21,1.554,27.42,25.866,6.807,419.809,426.616,37.948,-41.546,-40.625,-52.23,-52.36,1.419,-11.223,-26.673,0.023,0.023,135.415,4793.868
38,1,38,2.546,70.075,72.621,1.641,27.529,25.888,7.012,425.138,432.15,38.431,-41.584,-42.122,-53.152,-53.48,1.157,-7.778,-27.14,1.554,27.469,25.915,7.09,425.622,432.712,37.837,-42.053,-42.055,-52.551,-52.638,1.24,-10.865,-26.33,0,0,132.329,4804.627
39,1,39,2.517,71.542,74.059,1.641,27.514,25.874,6.963,425.397,432.36,38.287,-41.819,-42.38,-53.601,-53.675,1.166,-8.155,-27.214,1.554,27.409,25.855,7.051,423.157,430.208,37.54,-42.44,-42.492,-53.16,-53.194,1.232,-11.414,-26.691,-0.002,-0.002,132.246,5318.246
40,1,40,2.521,72.891,75.412,1.534,27.524,25.989,6.92,425.259,432.179,38.388,-41.705,-42.021,-53.386,-53.498,1.236,-8.107,-27.089,1.601,27.432,25.832,7.011,423.915,430.926,37.677,-41.582,-41.623,-52.906,-53.063,1.381,-11.144,-26.346,0.061,0.061,136.216,5203.373
41,1,41,2.23,72.887,75.116,2.088,27.473,25.385,6.497,416.185,422.682,38.782,-41.175,-41.385,-52.439,-53.109,1.448,-8.501,-27.506,1.701,27.451,25.75,6.641,418.083,424.725,38.371,-40.934,-40.603,-52.758,-52.738,1.558,-12.134,-26.73,0.008,0.008,46.995,67000.353
42,1,42,2.14,68.486,70.626,2.238,27.466,25.228,6.522,415.059,421.581,38.813,-40.712,-40.728,-51.85,-52.411,1.422,-8.152,-27.511,1.832,27.442,25.61,6.578,413.449,420.027,38.711,-40.041,-39.463,-52.103,-52.105,1.619,-11.492,-26.97,0,0,0.139,14.171
43,1,43,2.177,69.234,71.412,2.256,27.46,25.204,6.524,418.168,424.692,38.482,-40.726,-41.011,-51.825,-52.383,1.404,-7.571,-27.68,1.734,27.457,25.723,6.659,417.846,424.505,38.441,-40.755,-40.312,-52.54,-52.418,1.541,-10.693,-27.361,0,0,0.141,12.914
44,1,44,2.179,69.679,71.858,2.002,27.456,25.455,6.587,412.902,419.49,38.929,-40.924,-41.083,-52.041,-52.704,1.438,-8.27,-27.607,1.674,27.45,25.775,6.673,411.274,417.947,38.977,-39.803,-39.416,-52.012,-52.105,1.689,-11.593,-27.047,0,0,0.139,12.613
45,1,45,2.234,70.838,73.072,2.011,27.454,25.443,6.667,417.209,423.876,38.507,-40.363,-40.635,-51.917,-52.342,1.441,-7.364,-27.484,1.592,27.477,25.886,6.768,418.372,425.14,38.564,-41.026,-40.9,-52.715,-52.621,1.488,-10.534,-27.213,0,0,0.14,13.464
46,1,46,2.189,70.676,72.865,2.064,27.459,25.394,6.577,414.299,420.876,38.818,-41.051,-41.289,-52.397,-52.975,1.418,-7.978,-27.66,1.708,27.464,25.756,6.679,414.251,420.93,38.829,-40.208,-39.522,-52.094,-52.078,1.629,-11.252,-26.968,0,0,0.139,15.248
47,1,47,2.128,69.108,71.236,1.925,27.479,25.554,6.378,414.599,420.978,38.993,-40.561,-40.942,-51.866,-52.672,1.459,-7.475,-27.554,1.649,27.476,25.827,6.541,414.59,421.131,38.919,-40.571,-40.409,-52.124,-52.363,1.542,-10.667,-27.183,0,0,0.135,15.798
48,1,48,2.249,71.307,73.555,1.925,27.463,25.538,6.677,415.978,422.655,38.694,-41.195,-41.59,-52.665,-53.202,1.361,-8.24,-27.658,1.717,27.472,25.756,6.802,417.819,424.622,38.565,-40.58,-40.264,-52.799,-52.615,1.554,-11.656,-26.814,0,0,0.134,18.162
49,1,49,2.187,69.607,71.793,1.965,27.427,25.462,6.646,414.019,420.665,38.558,-40.82,-41.118,-51.91,-52.61,1.439,-7.603,-27.568,1.677,27.454,25.778,6.718,415.603,422.321,38.616,-40.671,-40.239,-52.68,-52.472,1.572,-10.733,-27.134,0,0,0.136,27.673
50,1,50,2.141,68.6,70.742,2.283,27.456,25.173,6.55,414.028,420.578,38.815,-40.903,-41.048,-51.567,-52.357,1.426,-7.56,-27.626,1.837,27.472,25.636,6.679,414.746,421.425,38.854,-40.785,-40.28,-52.35,-52.222,1.558,-10.72,-27.095,0,0,0.139,14.243
51,1,51,2.189,69.739,71.928,2.03,27.442,25.412,6.627,415.47,422.097,38.563,-40.617,-40.948,-51.446,-52.175,1.435,-7.507,-27.585,1.675,27.435,25.76,6.702,415.278,421.98,38.476,-40.972,-40.666,-52.133,-52.189,1.521,-10.721,-27.18,0,0,0.13,14.076
52,1,52,2.15,67.94,70.09,2.03,27.472,25.442,6.592,416.158,422.75,38.763,-40.923,-41.289,-52.201,-52.853,1.382,-7.95,-27.643,1.675,27.455,25.78,6.7,415.116,421.816,38.663,-40.841,-40.53,-52.66,-52.546,1.522,-11.323,-26.993,0,0,0.131,14.526
53,1,53,2.119,65.266,67.385,2.03,27.533,25.503,6.609,417.903,424.512,39.156,-39.894,-40.371,-51.706,-52.337,1.489,-7.438,-27.552,1.675,27.423,25.748,6.64,412.193,418.834,38.659,-40.835,-40.978,-52.366,-52.441,1.468,-10.675,-27.282,0,0,0.131,17.02
54,1,54,2.289,76.209,78.498,1.618,27.526,25.908,6.57,418.985,425.555,39.004,-40.44,-40.418,-52.624,-53.13,1.562,-7.996,-27.478,1.337,27.541,26.204,6.676,420.354,427.03,38.975,-39.884,-39.108,-52.579,-52.499,1.741,-11.225,-26.967,0,0,0.139,44.827
55,1,55,2.166,67.669,69.835,2.138,27.462,25.324,6.653,413.839,420.492,38.883,-40.638,-40.918,-52.15,-52.769,1.441,-7.908,-27.585,1.784,27.468,25.684,6.743,413.307,420.051,38.942,-40.291,-39.954,-52.507,-52.418,1.592,-11.134,-27.213,0,0,0.139,30.347
56,1,56,2.148,67.071,69.22,2.282,27.454,25.172,6.58,415.173,421.753,38.687,-40.394,-40.899,-51.892,-52.437,1.472,-7.21,-27.58,1.998,27.47,25.472,6.74,416.663,423.402,38.644,-40.901,-40.933,-52.532,-52.617,1.501,-10.309,-27.261,0,0,0.139,22.129
57,1,57,2.286,73.641,75.926,1.848,27.488,25.64,6.608,415.648,422.255,38.96,-40.637,-41.029,-52.287,-52.894,1.479,-8.353,-27.53,1.552,27.506,25.954,6.786,417.741,424.527,38.879,-40.744,-40.331,-52.581,-52.659,1.584,-11.822,-26.973,0,0,0.139,24.03
58,1,58,2.26,74.668,76.928,1.712,27.503,25.791,6.663,418.143,424.807,38.864,-40.519,-40.75,-51.821,-52.61,1.514,-7.483,-27.398,1.459,27.518,26.059,6.806,418.871,425.677,38.887,-40.32,-39.874,-52.424,-52.518,1.626,-10.608,-27.071,0,0,0.139,22.577
59,1,59,2.185,69.97,72.155,1.923,27.459,25.536,6.466,412.106,418.571,39.038,-41.086,-41.386,-52.082,-52.78,1.387,-8.341,-27.581,1.624,27.434,25.81,6.594,411.532,418.126,38.819,-40.464,-40.19,-52.721,-52.59,1.575,-11.788,-26.842,0,0,0.131,22.788
60,1,60,2.156,69.135,71.291,2.14,27.459,25.319,6.39,410.664,417.055,39.176,-40.494,-40.831,-52.163,-52.631,1.422,-7.893,-27.517,1.837,27.469,25.632,6.542,411.502,418.045,39.135,-40.215,-39.877,-51.977,-51.991,1.569,-11.154,-26.935,0,0,0.137,24.018
61,1,61,2.193,69.15,71.343,1.982,27.527,25.545,6.551,414.047,420.598,39.463,-40.483,-40.763,-51.712,-52.477,1.483,-7.514,-27.468,1.682,27.575,25.893,6.693,415.662,422.355,39.703,-39.784,-39.297,-52.224,-52.076,1.672,-10.512,-27.025,0,0,0.131,18.522
62,1,62,2.196,70.225,72.421,1.982,27.423,25.441,6.559,413.341,419.9,38.596,-41.29,-41.758,-52.388,-53.084,1.349,-8.273,-27.647,1.682,27.473,25.791,6.764,417.104,423.869,38.642,-40.85,-40.587,-52.628,-52.658,1.517,-11.725,-26.994,0,0,0.131,13.622
63,1,63,2.188,69.817,72.005,1.982,27.54,25.558,6.626,419.183,425.809,39.092,-41.093,-41.131,-51.895,-52.605,1.415,-8.567,-27.755,1.682,27.523,25.841,6.761,418.351,425.112,38.975,-39.607,-38.997,-51.784,-51.818,1.688,-12.056,-26.87,0,0,0.131,20.571
64,1,64,2.062,66.453,68.514,2.301,27.451,25.15,6.354,411.217,417.57,39.051,-40.278,-40.557,-51.991,-52.602,1.42,-7.515,-27.643,1.943,27.469,25.525,6.478,411.421,417.899,39.143,-40.562,-40.227,-52.225,-52.145,1.533,-10.609,-27.226,0,0,0.139,20.59
65,1,65,2.148,68.862,71.009,2.269,27.454,25.185,6.474,412.434,418.908,38.954,-41.054,-41.242,-52.391,-52.92,1.391,-8.247,-27.648,1.91,27.47,25.559,6.627,413.572,420.199,38.94,-40.237,-39.568,-52.219,-52.078,1.619,-11.568,-26.923,0,0,0.139,16.323
66,1,66,2.544,68.145,70.690,1.670,27.460,25.790,6.752,412.164,418.916,39.019,-42.077,-42.230,-52.968,-53.387,0.964,-9.442,-27.436,1.411,27.495,26.085,6.873,415.031,421.904,39.063,-40.622,-40.088,-52.476,-52.353,1.276,-13.450,-26.616,0.057,-0.169,144.775,144.775
67,1,67,2.641,73.622,76.263,0.900,27.553,26.653,7.037,427.597,434.635,38.438,-41.925,-42.604,-53.518,-54.028,0.991,-8.863,-27.481,0.776,27.561,26.785,7.196,430.838,438.033,38.213,-42.188,-42.281,-53.936,-53.767,1.085,-12.829,-27.012,0.059,-0.174,152.618,152.618
68,1,68,2.617,71.067,73.684,1.584,27.479,25.895,6.841,417.996,424.836,38.644,-42.641,-42.871,-53.633,-53.895,0.939,-9.534,-27.488,1.273,27.528,26.254,7.084,424.110,431.194,38.512,-41.317,-40.981,-53.133,-53.136,1.190,-13.795,-26.764,0.049,-0.169,145.579,145.579
69,1,69,2.780,77.591,80.371,1.448,27.490,26.042,6.988,421.432,428.419,38.420,-42.449,-42.711,-53.045,-53.269,0.947,-9.121,-27.556,1.063,27.545,26.482,7.168,426.124,433.293,38.481,-41.803,-41.554,-53.228,-53.040,1.134,-12.905,-27.056,0.055,-0.169,149.453,149.453
70,1,70,2.692,74.594,77.286,1.316,27.504,26.188,6.930,419.222,426.152,38.756,-42.624,-42.956,-53.453,-53.772,0.936,-9.090,-27.518,0.985,27.548,26.563,7.086,425.117,432.203,38.607,-41.830,-41.623,-53.483,-53.301,1.125,-13.044,-26.901,0.053,-0.174,149.853,149.853
71,1,71,2.593,71.233,73.825,1.473,27.529,26.056,6.891,423.227,430.117,38.614,-41.768,-42.454,-53.124,-53.552,0.981,-8.423,-27.515,1.214,27.534,26.321,7.026,426.031,433.057,38.407,-42.070,-42.241,-53.442,-53.411,1.052,-12.192,-26.979,0.055,-0.174,147.197,147.197
72,1,72,2.658,75.189,77.847,1.175,27.522,26.347,6.926,420.731,427.657,38.782,-42.175,-42.761,-53.097,-53.358,0.969,-9.083,-27.505,0.945,27.543,26.599,7.114,426.272,433.385,38.461,-41.812,-41.988,-53.473,-53.200,1.075,-13.119,-26.852,0.054,-0.174,148.539,148.539
73,1,73,2.481,65.145,67.626,1.923,27.476,25.553,6.748,411.006,417.754,39.264,-41.845,-41.810,-52.785,-53.190,0.908,-9.969,-27.403,1.510,27.468,25.959,6.856,413.315,420.171,38.977,-40.748,-40.299,-52.514,-52.391,1.207,-14.230,-26.655,0.053,-0.169,149.310,149.310
74,1,74,2.742,75.351,78.094,1.005,27.566,26.561,7.018,425.493,432.511,38.740,-41.694,-42.304,-53.259,-53.631,1.011,-8.851,-27.525,0.918,27.547,26.628,7.154,428.009,435.164,38.338,-42.116,-42.354,-53.528,-53.448,1.050,-12.842,-26.955,0.053,-0.165,149.363,149.363
75,1,75,2.603,72.201,74.804,1.232,27.505,26.273,6.870,418.119,424.989,38.872,-42.029,-42.733,-53.257,-53.572,0.969,-9.046,-27.498,1.062,27.515,26.454,7.009,421.976,428.985,38.605,-42.283,-42.670,-53.854,-53.698,1.024,-13.068,-26.899,0.055,-0.161,149.663,149.663
76,1,76,2.675,74.284,76.959,1.443,27.530,26.087,6.905,420.572,427.477,38.861,-42.361,-42.874,-52.924,-53.420,0.969,-8.922,-27.587,1.081,27.511,26.430,7.061,422.619,429.679,38.500,-42.139,-42.504,-53.985,-53.775,1.037,-12.910,-26.949,0.052,-0.169,146.672,146.672
77,1,77,2.651,74.034,76.686,1.097,27.523,26.426,6.886,420.046,426.932,38.855,-42.347,-42.596,-53.519,-53.852,0.966,-9.506,-27.474,0.936,27.543,26.607,7.052,423.891,430.943,38.677,-41.207,-40.829,-53.180,-53.043,1.233,-13.598,-26.793,0.061,-0.169,150.275,150.275
78,1,78,2.698,71.780,74.478,1.537,27.469,25.933,6.957,415.693,422.650,38.756,-42.247,-42.681,-53.657,-53.756,0.906,-9.374,-27.580,1.307,27.467,26.160,7.175,418.669,425.844,38.457,-41.953,-42.082,-53.645,-53.444,1.053,-13.414,-26.873,0.060,-0.174,146.828,146.828
79,1,79,2.628,70.971,73.599,1.551,27.461,25.910,6.877,418.879,425.757,38.397,-42.182,-42.426,-53.031,-53.228,0.926,-8.845,-27.556,1.173,27.535,26.362,7.110,423.641,430.751,38.621,-41.618,-41.352,-53.182,-52.992,1.130,-12.613,-27.087,0.060,-0.165,146.033,146.033
80,1,80,2.675,74.819,77.494,1.248,27.491,26.244,6.921,425.181,432.102,38.111,-42.284,-42.784,-53.418,-53.768,0.919,-8.762,-27.438,0.874,27.533,26.660,7.084,430.601,437.685,37.995,-42.695,-42.526,-53.580,-53.447,1.029,-12.745,-26.842,0.057,-0.174,149.311,149.311
81,1,81,2.591,71.557,74.148,1.220,27.499,26.278,6.820,415.001,421.821,39.105,-42.193,-42.423,-53.125,-53.648,0.981,-9.584,-27.502,1.110,27.549,26.440,6.962,418.086,425.047,39.268,-40.550,-40.177,-52.594,-52.687,1.283,-13.501,-26.968,0.053,-0.165,147.263,147.263
82,1,82,2.600,71.248,73.848,1.456,27.449,25.993,6.892,419.571,426.463,38.239,-42.024,-42.647,-53.465,-53.791,0.921,-8.275,-27.616,1.164,27.496,26.332,7.062,423.860,430.922,38.256,-42.636,-42.938,-54.029,-53.861,0.953,-11.910,-27.135,0.056,-0.161,142.880,142.880
83,1,83,2.677,73.686,76.363,1.286,27.487,26.201,6.885,418.441,425.326,38.674,-42.127,-42.719,-53.584,-53.743,0.970,-8.879,-27.533,0.947,27.519,26.572,7.071,422.661,429.733,38.567,-42.110,-41.943,-53.707,-53.426,1.082,-12.683,-26.976,0.057,-0.165,149.241,149.241
84,1,84,2.670,67.562,70.232,1.666,27.469,25.803,6.904,411.406,418.310,39.152,-41.919,-41.998,-52.727,-53.070,0.942,-9.648,-27.466,1.514,27.463,25.949,7.077,413.222,420.299,38.914,-41.494,-41.117,-52.778,-52.816,1.147,-13.781,-26.742,0.053,-0.169,149.111,149.111
85,1,85,2.627,72.128,74.755,1.297,27.492,26.195,6.805,413.174,419.979,39.212,-41.901,-42.470,-53.297,-53.698,0.987,-9.076,-27.599,1.014,27.518,26.504,6.915,415.528,422.442,39.226,-41.629,-41.656,-53.494,-53.447,1.141,-12.919,-27.051,0.055,-0.161,149.405,149.405
