Header Section,,,,,,,,,,,,,,,,,,,,,,,,,,,,,,,,,,,,,,,,,,,,,,,,,,,,,,,,,,,,,,,,,,,,
Product,VC5318,,,,,,,,,,,,,,,,,,,,,,,,,,,,,,,,,,,,,,,,,,,,,,,,,,,,,,,,,,,,,,,,,,,
Test Plan,Rev(C),,,,,,,,,,,,,,,,,,,,,,,,,,,,,,,,,,,,,,,,,,,,,,,,,,,,,,,,,,,,,,,,,,,
Release Date,2017/8/14,,,,,,,,,,,,,,,,,,,,,,,,,,,,,,,,,,,,,,,,,,,,,,,,,,,,,,,,,,,,,,,,,,,
Comment,#1~25,,,,,,,,,,,,,,,,,,,,,,,,,,,,,,,,,,,,,,,,,,,,,,,,,,,,,,,,,,,,,,,,,,,
,,,,,,,,,,,,,,,,,,,,,,,,,,,,,,,,,,,,,,,,,,,,,,,,,,,,,,,,,,,,,,,,,,,,
Data Section,,,,,,,,,,,,,,,,,,,,,,,,,,,,,,,,,,,,,,,,,,,,,,,,,,,,,,,,,,,,,,,,,,,,
Device#,1,2,3,4,5,6,7,8,9,10,11,12,13,14,15,16,17,18,19,20,21,22,23,24,25,26,27,28,29,30,31,32,33,34,35,36,37,38,39,40,41,42,43,44,45,46,47,48,49,50,51,52,53,54,55,56,57,58,59,60,61,62,63,64,65,66,67,68
Test Item,Site No,Device ID,Idle_LB_Vbat,Idle_LB_Vcc,Idle_LB_Total,Pin_LB_824,Pout_LB_824,Gain_LB_824,Icc_LB_Vbat_824,Icc_LB_Vcc_824,Icc_LB_Total_824,PAE_LB_Total_824,ACP_L_LB_824,ACP_U_LB_824,ALT_L_LB_824,ALT_U_LB_824,EVM_LB_824,2fo_LB_824,CPL_Pout_824,Pin_LB_915,Pout_LB_915,Gain_LB_915,Icc_LB_Vbat_915,Icc_LB_Vcc_915,Icc_LB_Total_915,PAE_LB_Total_915,ACP_L_LB_915,ACP_U_LB_915,ALT_L_LB_915,ALT_U_LB_915,EVM_LB_915,2fo_LB_915,CPL_Pout_915,Idle_HB_Vbat,Idle_HB_Vcc,Idle_HB_Total,Pin_HB_1850,Pout_HB_1850,Gain_HB_1850,Icc_HB_Vbat_1850,Icc_HB_Vcc_1850,Icc_HB_Total_1850,PAE_HB_Total_1850,ACP_L_HB_1850,ACP_U_HB_1850,ALT_L_HB_1850,ALT_U_HB_1850,EVM_HB_1850,2fo_HB_1850,CPL_Pout_1850,Pin_HB_1980,Pout_HB_1980,Gain_HB_1980,Icc_HB_Vbat_1980,Icc_HB_Vcc_1980,Icc_HB_Total_1980,PAE_HB_Total_1980,ACP_L_HB_1980,ACP_U_HB_1980,ALT_L_HB_1980,ALT_U_HB_1980,EVM_HB_1980,2fo_HB_1980,CPL_Pout_1980,Leakage_VBAT,Leakage_VCC,Test Time,Index Time
Low Tolerance,,,5,10,10,0.3,,,1,30,30,,1.5,1.5,1.5,1.5,0.5,,,0.3,,,1,30,30,,1.5,1.5,1.5,1.5,0.5,,,5,10,10,0.3,,,1,30,30,,1.5,1.5,1.5,1.5,0.5,,,0.3,,,1,30,30,,1.5,1.5,1.5,1.5,0.5,,,5,5,,
High Tolerance,,,5,10,10,0.5,,,1,30,30,,1.5,1.5,1.5,1.5,0.5,,,0.5,,,1,30,30,,1.5,1.5,1.5,1.5,0.5,,,5,10,10,0.5,,,1,30,30,,1.5,1.5,1.5,1.5,0.5,,,0.5,,,1,30,30,,1.5,1.5,1.5,1.5,0.5,,,5,5,,
Enable,,,1,1,1,1,0,0,0,1,1,,1,1,1,1,1,,,1,0,0,0,1,1,,1,1,1,1,1,,,1,1,1,1,0,0,0,1,1,,1,1,1,1,1,,,1,0,0,0,1,1,,1,1,1,1,1,,,1,1,,
1,1,1,2.084,73.504,75.588,-0.533,27.478,28.011,6.150,402.887,409.037,40.192,-37.836,-39.460,-51.487,-52.366,2.042,-15.871,-21.613,-1.203,27.522,28.726,6.429,422.365,428.795,38.721,-47.134,-45.559,-55.644,-55.292,1.111,-18.600,-20.077,1.933,67.550,69.483,2.460,27.438,24.978,6.335,437.161,443.496,36.718,-40.107,-39.508,-53.023,-53.354,1.752,-4.952,-20.372,1.408,27.504,26.096,6.498,444.078,450.576,36.686,-43.971,-43.691,-53.047,-53.217,1.348,-8.074,-20.037,0.040,0.106,251.057,243418.081
2,1,2,2.062,74.803,76.866,-1.066,27.560,28.626,6.198,400.307,406.505,41.212,-38.241,-40.016,-52.303,-53.117,1.968,-16.269,-21.885,-1.711,27.455,29.166,6.314,412.540,418.855,39.036,-48.272,-47.440,-55.566,-55.035,1.086,-19.086,-20.283,1.928,65.697,67.625,2.254,27.424,25.170,6.438,428.245,434.682,37.340,-39.416,-38.669,-52.749,-53.066,1.802,-5.411,-20.766,1.519,27.576,26.057,6.710,439.973,446.683,37.628,-43.378,-42.290,-52.581,-52.814,1.601,-8.649,-20.424,0.051,0.102,250.611,18408.859
3,1,3,1.992,72.797,74.790,-0.678,27.556,28.234,6.086,402.084,408.170,41.010,-37.498,-39.140,-51.278,-52.098,2.171,-15.707,-21.851,-1.385,27.463,28.849,6.394,414.796,421.190,38.888,-46.822,-45.813,-55.663,-55.221,1.099,-18.858,-20.234,1.965,69.685,71.651,2.479,27.532,25.053,6.327,441.829,448.156,37.127,-39.909,-39.572,-53.016,-53.103,1.787,-4.966,-20.653,1.560,27.437,25.876,6.539,439.068,445.606,36.521,-44.331,-44.427,-53.002,-52.996,1.323,-8.225,-20.278,0.046,0.102,240.125,16299.889
4,1,4,2.056,72.819,74.874,-0.747,27.496,28.243,6.143,398.003,404.145,40.844,-37.665,-39.724,-52.277,-53.009,2.116,-16.077,-21.800,-1.372,27.453,28.825,6.438,414.029,420.467,38.859,-47.267,-46.863,-55.752,-55.174,1.086,-18.960,-20.158,1.941,68.097,70.039,2.314,27.437,25.123,6.386,432.680,439.066,37.078,-40.456,-40.197,-52.989,-53.280,1.745,-5.230,-20.565,1.530,27.573,26.043,6.608,441.772,448.379,37.452,-43.704,-42.870,-52.915,-53.279,1.562,-8.267,-20.228,0.049,0.102,245.258,15064.052
5,1,5,2.164,77.215,79.379,-0.804,27.534,28.338,6.208,403.606,409.814,40.639,-35.344,-36.908,-50.756,-51.780,2.841,-15.476,-21.849,-1.407,27.485,28.892,6.584,422.768,429.353,38.342,-47.645,-46.963,-55.636,-55.312,1.071,-18.928,-20.335,1.986,71.336,73.322,2.219,27.453,25.234,6.421,442.195,448.616,36.424,-40.004,-39.673,-52.966,-53.282,1.767,-4.880,-20.551,1.240,27.498,26.258,6.617,449.419,456.036,36.201,-44.535,-44.903,-53.333,-53.553,1.258,-8.225,-20.211,0.048,0.106,246.043,15779.747
6,1,6,2.130,75.576,77.706,-0.728,27.540,28.268,6.203,403.621,409.824,40.691,-38.457,-40.649,-52.462,-53.161,1.844,-16.373,-21.877,-1.407,27.469,28.876,6.461,417.650,424.111,38.668,-47.729,-46.650,-55.562,-55.043,1.080,-18.819,-20.221,1.903,67.117,69.020,2.624,27.509,24.884,6.325,438.319,444.644,37.223,-39.851,-39.062,-52.979,-53.266,1.793,-5.133,-20.530,1.587,27.491,25.904,6.506,440.857,447.364,36.830,-43.728,-43.052,-52.750,-53.097,1.465,-8.434,-20.173,0.051,0.110,246.470,17582.360
7,1,7,2.149,76.761,78.910,-0.671,27.462,28.133,6.112,399.525,405.636,40.381,-37.895,-39.355,-51.880,-52.737,2.098,-16.346,-21.800,-1.407,27.475,28.882,6.459,418.729,425.188,38.625,-48.479,-47.804,-55.656,-55.093,1.063,-18.927,-20.274,1.863,64.059,65.921,2.684,27.485,24.800,6.300,435.080,441.380,37.288,-39.939,-39.136,-52.808,-53.187,1.806,-4.648,-20.481,1.488,27.533,26.045,6.630,441.582,448.212,37.128,-43.753,-43.823,-53.084,-53.194,1.331,-7.906,-20.128,0.050,0.102,242.611,16178.040
8,1,8,2.124,77.005,79.129,-0.992,27.507,28.499,6.036,398.637,404.673,40.904,-38.642,-40.509,-52.415,-53.243,1.821,-16.795,-21.851,-1.675,27.473,29.148,6.327,411.815,418.142,39.262,-47.723,-46.520,-55.608,-55.073,1.074,-18.918,-20.124,1.992,71.099,73.091,2.313,27.442,25.128,6.365,435.618,441.983,36.871,-40.105,-39.799,-52.920,-53.204,1.755,-5.354,-20.558,1.533,27.440,25.907,6.495,436.887,443.382,36.733,-44.014,-43.860,-53.207,-53.274,1.386,-8.378,-20.192,0.045,0.106,252.001,15777.025
9,1,9,2.042,73.700,75.742,-0.790,27.554,28.344,5.977,399.446,405.424,41.267,-37.233,-38.864,-51.700,-52.495,2.272,-15.782,-21.637,-1.480,27.456,28.936,6.338,412.489,418.827,39.039,-47.520,-46.969,-55.837,-55.324,1.094,-18.935,-20.057,1.885,67.315,69.200,2.508,27.457,24.949,6.405,435.519,441.924,37.006,-40.002,-39.567,-52.978,-53.293,1.785,-4.896,-20.548,1.540,27.455,25.915,6.453,437.709,444.161,36.795,-44.297,-44.273,-53.191,-53.240,1.341,-8.148,-20.191,0.052,0.098,240.193,14415.307
10,1,10,2.145,77.266,79.412,-1.119,27.523,28.642,6.004,394.893,400.898,41.438,-38.360,-40.434,-52.622,-53.246,1.896,-16.345,-21.831,-1.880,27.461,29.341,6.191,407.154,413.345,39.607,-48.055,-47.267,-55.587,-55.208,1.065,-18.679,-20.041,1.977,69.649,71.626,2.395,27.481,25.086,6.403,435.152,441.555,37.242,-39.811,-38.924,-52.694,-53.023,1.790,-5.027,-20.484,1.510,27.435,25.925,6.469,432.157,438.625,37.085,-43.444,-42.729,-52.753,-53.042,1.549,-8.308,-20.126,0.059,0.102,250.004,15649.401
11,1,11,2.307,82.280,84.587,-0.967,27.512,28.480,6.265,404.980,411.245,40.296,-38.029,-39.913,-52.591,-53.162,1.975,-16.572,-21.758,-1.589,27.488,29.077,6.553,421.818,428.371,38.453,-48.509,-48.239,-55.584,-55.069,1.069,-19.094,-20.238,2.125,75.931,78.056,1.955,27.466,25.511,6.541,436.000,442.542,37.039,-40.011,-39.315,-52.900,-53.142,1.840,-5.441,-20.599,1.174,27.533,26.359,6.673,443.104,449.777,37.001,-43.443,-43.198,-53.058,-53.156,1.562,-8.634,-20.237,0.051,0.102,249.602,15814.318
12,1,12,2.109,73.243,75.352,-0.847,27.461,28.308,6.205,398.379,404.583,40.479,-39.323,-41.373,-52.650,-53.334,1.649,-16.351,-21.809,-1.375,27.516,28.891,6.561,419.241,425.802,38.931,-47.780,-46.522,-55.708,-55.202,1.098,-18.482,-20.100,1.962,68.834,70.796,2.373,27.442,25.069,6.357,432.927,439.284,37.097,-39.963,-39.559,-52.836,-53.015,1.740,-5.435,-20.608,1.655,27.483,25.828,6.542,439.182,445.724,36.900,-43.559,-42.698,-52.810,-53.067,1.516,-8.653,-20.251,0.052,0.106,246.763,17167.634
13,1,13,2.119,76.172,78.292,-0.835,27.456,28.291,5.994,394.045,400.040,40.891,-37.363,-38.909,-51.765,-52.572,2.200,-15.973,-21.657,-1.531,27.436,28.967,6.404,412.077,418.481,38.898,-48.166,-47.467,-55.627,-55.295,1.095,-18.915,-20.095,1.931,67.318,69.249,2.442,27.453,25.012,6.471,434.813,441.284,37.030,-40.226,-39.834,-52.934,-53.288,1.755,-5.051,-20.692,1.356,27.501,26.145,6.630,438.520,445.151,37.106,-43.837,-43.120,-52.671,-53.023,1.503,-8.187,-20.347,0.048,0.110,245.294,16767.083
14,1,14,2.181,78.334,80.515,-0.877,27.477,28.354,6.192,404.800,410.991,39.999,-38.613,-40.327,-52.175,-52.876,1.856,-16.136,-21.502,-1.379,27.510,28.889,6.479,424.085,430.565,38.448,-48.164,-47.105,-55.603,-55.208,1.061,-18.912,-20.002,1.927,67.093,69.019,2.276,27.489,25.214,6.389,438.587,444.975,37.034,-39.958,-39.550,-52.957,-53.217,1.774,-4.844,-20.625,1.448,27.552,26.104,6.553,446.649,453.202,36.873,-43.905,-43.695,-53.000,-53.139,1.389,-8.025,-20.273,0.048,0.110,244.752,16886.541
15,1,15,2.042,72.864,74.905,-0.877,27.495,28.372,6.087,398.339,404.427,40.811,-37.733,-39.578,-51.754,-52.552,2.048,-16.209,-21.934,-1.490,27.444,28.934,6.406,414.044,420.449,38.780,-47.727,-46.564,-55.692,-55.087,1.070,-19.017,-20.309,1.883,67.255,69.139,2.388,27.432,25.044,6.187,431.453,437.640,37.154,-39.593,-39.229,-52.786,-53.272,1.763,-5.275,-20.691,1.590,27.495,25.905,6.514,441.224,447.738,36.841,-43.998,-43.698,-53.135,-53.325,1.333,-8.608,-20.335,0.047,0.102,244.410,16872.504
16,1,16,2.146,77.744,79.891,-0.797,27.429,28.226,6.170,400.234,406.405,40.002,-38.700,-40.740,-52.717,-53.291,1.766,-16.539,-21.706,-1.398,27.483,28.881,6.536,420.600,427.136,38.519,-48.418,-47.610,-55.534,-55.219,1.068,-18.989,-20.134,1.972,68.636,70.607,2.348,27.491,25.143,6.431,436.936,443.366,37.184,-40.361,-39.763,-53.047,-53.271,1.723,-5.185,-20.609,1.487,27.473,25.986,6.665,440.454,447.120,36.703,-44.147,-44.119,-53.023,-53.196,1.322,-8.440,-20.257,0.049,0.106,241.676,23041.324
17,1,17,2.220,79.323,81.543,-1.148,27.505,28.653,6.278,404.652,410.931,40.260,-39.129,-41.162,-52.961,-53.499,1.689,-16.157,-21.681,-1.673,27.478,29.151,6.543,419.418,425.961,38.584,-48.598,-47.805,-55.524,-55.175,1.057,-18.851,-20.152,1.981,70.112,72.093,2.348,27.506,25.158,6.456,438.346,444.802,37.184,-40.364,-39.707,-53.157,-53.279,1.722,-5.006,-20.617,1.243,27.501,26.258,6.595,442.839,449.434,36.754,-44.316,-43.920,-53.064,-53.103,1.350,-8.290,-20.234,0.047,0.114,249.891,23389.702
18,1,18,2.116,75.399,77.515,-0.543,27.439,27.982,6.016,394.704,400.719,40.660,-35.842,-37.549,-51.149,-51.896,2.678,-16.044,-21.731,-1.208,27.534,28.742,6.484,419.505,425.989,39.075,-47.406,-46.756,-55.568,-55.036,1.076,-19.035,-20.160,1.977,70.410,72.386,2.580,27.498,24.919,6.423,444.394,450.817,36.625,-39.931,-39.155,-52.877,-53.240,1.784,-4.925,-20.565,1.385,27.549,26.164,6.680,449.638,456.319,36.604,-44.113,-44.007,-53.162,-53.284,1.377,-8.163,-20.231,0.055,0.106,251.492,16944.818
19,1,19,2.057,71.766,73.823,-0.788,27.489,28.277,6.086,398.457,404.543,40.743,-39.069,-40.947,-52.546,-53.208,1.719,-16.429,-21.882,-1.224,27.522,28.747,6.448,416.739,423.187,39.233,-47.036,-45.565,-55.552,-55.185,1.076,-18.513,-20.154,1.904,68.876,70.780,2.272,27.456,25.183,6.294,435.952,442.246,36.971,-40.146,-39.829,-53.067,-53.263,1.778,-4.936,-20.597,1.411,27.423,26.012,6.484,435.369,441.853,36.715,-44.099,-43.984,-53.158,-53.299,1.366,-8.281,-20.245,0.053,0.106,247.107,15980.213
20,1,20,2.211,78.535,80.746,-1.018,27.498,28.516,6.166,398.586,404.753,40.807,-38.896,-40.786,-52.826,-53.489,1.778,-16.565,-21.675,-1.654,27.470,29.124,6.506,415.088,421.593,38.909,-48.944,-48.580,-55.556,-55.203,1.052,-18.693,-20.116,2.026,71.715,73.741,2.558,27.485,24.926,6.451,440.830,447.281,36.797,-40.514,-39.783,-53.045,-53.274,1.788,-4.688,-20.460,0.999,27.514,26.515,6.616,445.236,451.851,36.674,-44.288,-44.315,-53.111,-53.384,1.332,-7.932,-20.125,0.050,0.106,254.213,20768.386
21,1,21,2.068,73.354,75.422,-0.993,27.513,28.507,6.157,400.583,406.740,40.750,-39.853,-41.986,-53.218,-53.845,1.521,-16.680,-21.747,-1.712,27.466,29.178,6.438,414.781,421.219,38.916,-48.583,-46.813,-55.571,-54.982,1.099,-18.741,-20.136,1.944,68.729,70.673,2.738,27.513,24.775,6.545,439.748,446.293,37.121,-40.101,-38.986,-53.083,-53.362,1.745,-5.269,-20.706,1.299,27.452,26.153,6.606,439.275,445.882,36.632,-43.093,-42.055,-52.614,-52.773,1.635,-8.519,-20.378,0.046,0.110,249.817,18525.028
22,1,22,2.080,74.563,76.643,-0.571,27.469,28.040,6.138,402.493,408.631,40.148,-39.390,-41.241,-52.451,-53.173,1.670,-16.325,-21.726,-1.294,27.521,28.814,6.451,420.230,426.681,38.895,-48.155,-46.372,-55.621,-55.157,1.070,-18.859,-20.179,1.958,69.520,71.478,2.412,27.475,25.063,6.343,434.617,440.960,37.242,-40.293,-39.722,-53.011,-53.333,1.778,-5.129,-20.642,1.451,27.491,26.040,6.505,439.495,446.000,36.950,-43.989,-43.785,-53.291,-53.242,1.371,-8.369,-20.283,0.047,0.102,252.208,20002.956
23,1,23,2.024,73.552,75.576,-0.994,27.490,28.484,6.031,397.585,403.617,40.848,-39.106,-40.950,-52.416,-53.231,1.743,-16.504,-21.720,-1.629,27.476,29.104,6.410,414.474,420.884,39.029,-48.319,-46.932,-55.595,-55.076,1.080,-18.974,-20.206,1.942,68.380,70.322,2.523,27.472,24.950,6.281,432.635,438.916,37.393,-40.100,-39.257,-52.851,-53.248,1.738,-5.377,-20.855,1.423,27.466,26.043,6.538,436.674,443.212,36.971,-44.029,-43.221,-52.749,-52.876,1.452,-8.661,-20.497,0.051,0.102,249.554,17422.905
24,1,24,2.108,77.916,80.024,-0.947,27.504,28.451,6.034,400.216,406.251,40.716,-37.556,-39.490,-51.868,-52.568,2.082,-16.040,-21.774,-1.465,27.455,28.920,6.343,417.785,424.128,38.550,-47.667,-46.450,-55.585,-55.132,1.072,-18.998,-20.258,2.016,72.653,74.669,2.490,27.501,25.011,6.426,441.014,447.439,36.923,-40.387,-39.635,-52.934,-53.356,1.753,-4.984,-20.582,1.139,27.501,26.362,6.613,446.384,452.998,36.464,-44.834,-44.446,-53.173,-53.212,1.303,-8.283,-20.214,0.057,0.102,247.774,56152.493
25,1,25,1.967,71.231,73.198,-0.890,27.520,28.410,6.003,397.022,403.025,41.194,-37.846,-39.714,-51.920,-52.672,2.051,-16.581,-21.851,-1.450,27.466,28.916,6.329,413.797,420.126,39.007,-46.771,-45.694,-55.604,-54.959,1.126,-19.014,-20.226,1.944,69.141,71.085,2.453,27.514,25.061,6.336,438.175,444.511,37.275,-39.639,-39.125,-52.951,-53.141,1.782,-5.312,-20.655,1.480,27.499,26.020,6.525,441.434,447.959,36.859,-43.843,-43.434,-53.074,-53.167,1.417,-8.536,-20.278,0.051,0.106,243.564,35138.405
