Header Section,,,,,,,,,,,,,,,,,,,,,,,,,,,,,,,,,,
Product,VC5345,,,,,,,,,,,,,,,,,,,,,,,,,,,,,,,,,
Test Plan,Rev(-),,,,,,,,,,,,,,,,,,,,,,,,,,,,,,,,,
Release Date,2015/03/16??update 500~519,,,,,,,,,,,,,,,,,,,,,,,,,,,,,,,,,
Comment,"#520~539 for A3E5.9.1,#540~559 for A3E9.8.1",,,,,,,,,,,,,,,,,,,,,,,,,,,,,,,,,
,,,,,,,,,,,,,,,,,,,,,,,,,,,,,,,,,,
Data Section,,,,,,,,,,,,,,,,,,,,,,,,,,,,,,,,,,
Device#,1,2,3,4,5,6,7,8,9,10,11,12,13,14,15,16,17,18,19,20,21,22,23,24,25,26,27,28,29,30,31,32,33,34
Test Item,Site No,Device ID,Idle_H_Vbat,Idle_H_Vcc,Idle_H_Total,Pin_H_824,Pout_H_824,Gain_H_824,Icc_H_Vbat_824,Icc_H_Vcc_824,Icc_H_Total_824,PAE_H_Total_824,ACP_L_H_824,ACP_U_H_824,ALT_L_H_824,ALT_U_H_824,EVM_H_824,2fo_H_824,3fo_H_824,Pin_H_849,Pout_H_849,Gain_H_849,Icc_H_Vbat_849,Icc_H_Vcc_849,Icc_H_Total_849,PAE_H_Total_849,ACP_L_H_849,ACP_U_H_849,ALT_L_H_849,ALT_U_H_849,EVM_H_849,2fo_H_849,3fo_H_849,Leakage_Current
Low Tolerance,,,5,10,10,0.3,,,1,30,30,,1.5,1.5,1.5,1.5,0.5,1.5,1.5,0.3,,,1,30,30,,1.5,1.5,1.5,1.5,0.5,1.5,1.5,5
High Tolerance,,,5,10,10,0.3,,,1,30,30,,1.5,1.5,1.5,1.5,0.5,1.5,1.5,0.3,,,1,30,30,,1.5,1.5,1.5,1.5,0.5,1.5,1.5,5
Enable,,,1,1,1,1,0,0,0,1,1,,1,1,1,1,1,1,1,1,0,0,0,1,1,,1,1,1,1,1,1,1,1
500,1,500,2.69,76.026,78.716,0.613,27.005,26.872,6.306,369.016,375.322,38.749,-37.99028,-38.96624,-52.11164,-52.61,1.766,-16.67,-25.223,0.52,26.933,26.712,6.462,379.534,385.996,37.058,-38.31648,-38.93544,-53.9732,-53.94144,1.681,-17.276,-28.255,1.806
501,1,501,2.557,71.014,73.57,0.885,27.076,26.671,6.236,366.884,373.12,39.621,-37.52128,-38.37024,-51.85264,-52.381,1.836,-15.323,-25.404,0.793,26.951,26.459,6.372,374.313,380.685,37.733,-37.70848,-38.03844,-55.4852,-55.49444,1.758,-18.176,-28.672,1.687
502,1,502,2.592,72.539,75.13,0.474,26.982,26.987,6.172,362.63,368.802,39.226,-37.46628,-38.37824,-51.81664,-52.295,1.85,-14.782,-25.664,0.479,27.003,26.824,6.357,376.162,382.519,38.004,-37.79748,-38.27444,-53.1582,-53.00644,1.76,-19.227,-28.476,1.938
503,1,503,2.645,74.982,77.627,0.365,26.947,27.062,6.248,368.813,375.062,38.261,-37.64028,-38.49324,-52.43864,-52.915,1.839,-15.976,-25.954,0.382,26.994,26.912,6.481,384.695,391.176,37.084,-38.01148,-38.50144,-53.3922,-53.22444,1.714,-18.324,-29.599,1.578
504,1,504,2.651,76.457,79.107,0.657,27.022,26.846,6.285,371.815,378.1,38.621,-38.33028,-39.66024,-47.96764,-48.648,1.801,-15.696,-26.092,0.607,27.023,26.716,6.46,385.378,391.838,37.267,-38.74948,-39.39944,-51.5882,-51.62144,1.813,-19.231,-32.648,2.032
505,1,505,2.685,77.92,80.605,0.19,26.936,27.227,6.164,361.011,367.175,38.99,-38.35228,-39.67824,-49.82464,-50.419,1.738,-15.889,-25.562,0.209,27.013,27.104,6.392,377.283,383.675,37.978,-38.64948,-39.53244,-53.6002,-53.50044,1.698,-18.002,-28.749,1.801
506,1,506,2.521,71.955,74.476,0.286,26.908,27.102,6.144,363.793,369.937,38.447,-37.17228,-38.12824,-50.74064,-51.246,1.871,-15.435,-25.285,0.307,27.007,27,6.427,380.662,387.089,37.59,-37.47548,-37.83144,-53.8382,-53.58244,1.777,-18.712,-27.395,1.321
507,1,507,2.619,75.166,77.784,0.412,26.914,26.982,6.165,364.342,370.507,38.439,-37.58328,-38.51924,-52.50964,-53.053,1.848,-15.212,-25.822,0.4,26.909,26.809,6.364,377.478,383.841,37.065,-37.74948,-38.26844,-53.8122,-53.72044,1.733,-18.881,-28.731,1.487
508,1,508,2.622,74.15,76.773,0.661,27.042,26.861,6.319,371.473,377.792,38.826,-38.11028,-39.04024,-52.84164,-53.355,1.744,-15.158,-25.541,0.657,27.072,26.715,6.533,385.607,392.139,37.667,-38.45248,-38.94044,-55.5182,-55.50044,1.65,-18.675,-29.229,1.381
509,1,509,2.634,74.743,77.377,0.383,27.058,27.155,6.243,368.62,374.863,39.272,-37.82228,-38.84624,-51.87264,-52.332,1.791,-15.67,-25.433,0.332,27.005,26.974,6.437,380.548,386.985,37.583,-38.06048,-38.69244,-53.7452,-53.57144,1.726,-17.899,-28.258,1.478
510,1,510,2.58,73.918,76.497,0.362,26.917,27.035,6.129,359.008,365.137,39.034,-37.33428,-38.20124,-52.82764,-53.278,1.911,-15.615,-25.134,0.32,26.926,26.905,6.309,371.877,378.186,37.763,-37.57148,-37.99044,-54.2962,-54.13844,1.761,-17.872,-26.926,1.801
511,1,511,2.587,73.996,76.583,0.578,27.014,26.916,6.31,371.872,378.182,38.537,-37.82028,-38.77124,-52.45764,-52.952,1.802,-15.484,-25.186,0.578,27.045,26.767,6.505,386.588,393.092,37.342,-38.00048,-38.50244,-55.1062,-54.99744,1.721,-17.917,-28.351,1.664
512,1,512,2.643,76.202,78.844,0.442,27.005,27.043,6.313,373.637,379.949,38.28,-37.53628,-38.42224,-52.33464,-52.78,1.853,-15.191,-25.227,0.289,26.925,26.936,6.457,383.16,389.618,36.647,-37.88248,-38.30944,-54.5122,-54.34544,1.721,-18.059,-27.514,1.74
513,1,513,2.611,74.241,76.852,0.466,27.03,27.045,6.223,368.236,374.459,39.067,-37.52228,-38.62924,-51.66664,-52.178,1.843,-14.788,-25.238,0.367,26.914,26.847,6.392,377.095,383.486,37.141,-37.68648,-38.33644,-54.4162,-54.30844,1.76,-18.48,-27.375,1.591
514,1,514,2.625,74.992,77.617,0.529,27.022,26.973,6.241,367.366,373.607,39.082,-37.31028,-38.24424,-52.31064,-52.781,1.909,-15.124,-24.59,0.487,27.084,26.897,6.435,382.049,388.484,38.12,-37.54548,-38.02344,-53.9312,-53.79344,1.77,-18.361,-26.384,1.228
515,1,515,2.668,76.979,79.648,0.426,26.972,27.026,6.256,369.472,375.729,38.415,-37.98328,-39.00924,-52.54064,-53.034,1.773,-14.509,-25.55,0.394,26.949,26.856,6.446,381.981,388.426,36.969,-38.28248,-38.91244,-54.2882,-54.15344,1.688,-18.696,-28.389,1.145
516,1,516,2.61,74.553,77.162,0.828,27.091,26.743,6.392,376.927,383.319,38.702,-37.40528,-38.12424,-52.14864,-52.581,1.873,-14.652,-25.428,0.629,26.926,26.597,6.462,382.538,388.999,36.717,-37.81348,-37.92144,-55.8222,-55.80244,1.787,-19.012,-27.938,1.658
517,1,517,2.591,73.022,75.612,0.502,27.037,27.014,6.302,373.17,379.472,38.607,-37.23928,-38.01624,-52.51864,-52.964,1.909,-15.959,-25.089,0.453,27.086,26.933,6.488,387.539,394.027,37.605,-37.57248,-37.86044,-53.8112,-53.53844,1.749,-17.529,-27.788,1.435
518,1,518,2.537,71.55,74.087,0.757,27.045,26.769,6.294,372.006,378.3,38.804,-37.91728,-38.74824,-51.98864,-52.565,1.757,-15.952,-25.79,0.802,27.069,26.566,6.497,385.318,391.815,37.668,-38.29848,-38.71944,-54.5792,-54.48744,1.657,-18.362,-30.874,1.214
519,1,519,2.647,75.67,78.318,0.242,27.042,27.28,6.275,373.471,379.746,38.627,-37.62128,-38.72324,-50.02864,-50.601,1.807,-15.16,-25.46,0.166,27.001,27.135,6.446,384.921,391.367,37.125,-37.90948,-38.43944,-54.0292,-53.80844,1.714,-18.769,-28.334,2.617
520,1,520,3.644,70.982,74.627,-0.126,27.026,27.151,6.562,387.226,393.788,37.112,-39.023,-39.279,-53.135,-53.265,1.336,-10.217,-23.185,-0.026,26.975,27.001,6.713,404.557,411.269,35.125,-41.023,-41.361,-52.846,-53.017,1.24,-9.244,-21.659,2.972
521,1,521,3.648,69.987,73.635,-0.221,27.018,27.239,6.527,383.526,390.052,37.399,-38.729,-39.169,-52.884,-53.043,1.36,-10.835,-23.733,-0.054,26.978,27.033,6.679,401.804,408.482,35.388,-40.482,-41.12,-52.465,-52.599,1.33,-9.676,-22.186,2.932
522,1,522,3.504,66.783,70.287,-0.13,27.018,27.148,6.486,384.358,390.844,37.327,-38.604,-38.837,-52.769,-52.929,1.404,-10.11,-23.1,0.019,26.98,26.961,6.648,403.179,409.827,35.284,-40.502,-40.973,-52.448,-52.537,1.317,-9.192,-21.476,2.147
523,1,523,3.486,64.675,68.161,0.297,26.979,26.682,6.484,379.508,385.991,37.449,-38.523,-38.65,-51.837,-51.961,1.397,-9.776,-22.822,0.419,26.966,26.547,6.602,398.624,405.225,35.569,-40.063,-40.734,-51.773,-51.872,1.436,-9.111,-21.066,3.481
524,1,524,3.597,69.476,73.074,0.045,26.967,26.922,6.507,384.855,391.362,36.842,-38.381,-38.569,-52.292,-52.552,1.442,-9.816,-23.01,0.173,26.971,26.798,6.655,404.595,411.25,35.088,-40.391,-40.847,-52.066,-52.197,1.317,-8.976,-21.428,2.935
525,1,525,3.464,64.162,67.626,-0.026,27.03,27.056,6.46,380.487,386.947,37.802,-38.728,-38.822,-51.739,-51.791,1.382,-10.018,-23.139,0.176,26.966,26.79,6.59,397.448,404.039,35.676,-40.184,-40.753,-51.918,-51.883,1.459,-9.332,-21.297,1.765
526,1,526,3.592,69.485,73.078,0.124,26.967,26.843,6.539,382.829,389.368,37.028,-38.368,-38.704,-52.827,-53.071,1.423,-9.639,-22.77,0.268,26.976,26.707,6.702,403.725,410.427,35.198,-40.3,-40.934,-52.274,-52.429,1.307,-8.756,-21.197,0.4
527,1,527,3.518,66.167,69.686,0.133,26.988,26.854,6.477,382.387,388.864,37.252,-38.305,-38.46,-52.386,-52.57,1.453,-9.79,-22.689,0.246,26.969,26.723,6.613,401.314,407.927,35.356,-40.367,-40.771,-52.145,-52.313,1.317,-8.948,-21.206,3.016
528,1,528,3.677,72.397,76.074,0.055,27.046,26.991,6.629,385.829,392.458,37.406,-39.026,-39.263,-52.309,-52.574,1.327,-10.332,-23.254,0.144,26.972,26.828,6.781,402.354,409.135,35.278,-40.704,-41.138,-52.375,-52.53,1.303,-9.427,-21.827,1.407
529,1,529,3.545,68.188,71.733,0.422,26.988,26.566,6.554,385.073,391.628,36.989,-37.998,-38.337,-52.917,-53.253,1.497,-9.96,-22.66,0.483,26.968,26.484,6.683,404.482,411.165,35.067,-40.106,-40.589,-52.395,-52.615,1.264,-8.944,-21.278,2.36
530,1,530,3.488,68.087,71.575,0.266,26.991,26.726,6.487,383.577,390.064,37.169,-38.267,-38.611,-52.839,-53.166,1.452,-9.976,-22.827,0.333,26.972,26.638,6.633,403.006,409.639,35.23,-40.243,-40.744,-52.413,-52.633,1.271,-8.968,-21.402,2.754
531,1,531,3.556,65.26,68.816,-0.019,26.956,26.975,6.486,379.48,385.966,37.256,-38.617,-38.75,-52.728,-52.898,1.418,-9.961,-23.157,0.164,26.971,26.807,6.638,399.872,406.509,35.499,-40.547,-41.055,-52.311,-52.374,1.336,-9.176,-21.277,1.108
532,1,532,3.581,67.795,71.376,0.305,26.96,26.656,6.563,383.204,389.767,36.931,-38.298,-38.542,-52.635,-52.921,1.453,-9.491,-22.384,0.375,26.968,26.594,6.739,404.237,410.976,35.093,-40.268,-40.74,-52.254,-52.444,1.295,-8.539,-20.96,2.954
533,1,533,3.583,69.891,73.474,0.024,26.991,26.968,6.536,385.677,392.213,36.964,-38.617,-38.887,-52.359,-52.636,1.402,-10.03,-23.07,0.169,26.968,26.8,6.663,404.948,411.611,35.037,-40.497,-40.994,-52.326,-52.42,1.305,-9.129,-21.499,3.388
534,1,534,3.535,67.257,70.792,-0.243,27.027,27.269,6.493,383.526,390.02,37.476,-38.691,-39.044,-52.919,-53.009,1.379,-10.181,-23.246,-0.094,26.974,27.068,6.63,401.689,408.319,35.364,-40.41,-41.013,-52.472,-52.629,1.343,-9.209,-21.711,3.979
535,1,535,3.494,67.034,70.527,0.181,26.977,26.796,6.488,383.114,389.601,37.093,-38.257,-38.4,-52.41,-52.64,1.478,-9.61,-22.663,0.276,26.968,26.692,6.627,402.451,409.078,35.254,-40.447,-40.876,-52.188,-52.292,1.287,-8.814,-20.983,4.036
536,1,536,3.523,67.056,70.58,-0.053,26.972,27.025,6.46,381.176,387.637,37.236,-38.154,-38.311,-52.464,-52.663,1.459,-10.672,-23.196,0.1,26.973,26.874,6.601,400.64,407.241,35.454,-40.332,-40.581,-52.043,-52.186,1.313,-9.569,-21.802,1.645
537,1,537,3.516,66.361,69.877,-0.162,27.026,27.188,6.512,380.087,386.6,37.806,-39.187,-39.103,-52.076,-52.151,1.334,-10.456,-23.256,0.02,26.964,26.944,6.641,397.015,403.656,35.695,-40.788,-41.053,-52.322,-52.295,1.377,-9.68,-21.467,2.244
538,1,538,3.578,67.589,71.167,0.028,26.965,26.938,6.45,380.509,386.959,37.241,-38.068,-38.323,-52.801,-52.98,1.484,-10.404,-23.128,0.148,26.976,26.828,6.62,400.574,407.194,35.477,-40.366,-40.794,-52.214,-52.373,1.277,-9.345,-21.651,1.935
539,1,539,3.519,65.936,69.456,-0.226,27.018,27.243,6.499,380.344,386.843,37.705,-39.231,-39.24,-52.1,-52.168,1.336,-9.932,-23.314,0.003,26.97,26.967,6.609,397.878,404.487,35.667,-40.778,-41.281,-52.385,-52.305,1.378,-9.372,-21.178,1.932
540,1,540,2.615,75.483,78.098,-1.970,27.018,28.988,6.993,414.971,421.964,34.567,-40.552,-41.106,-54.354,-54.170,1.095,-12.691,-23.870,-2.109,27.020,29.129,6.775,409.770,416.545,35.032,-40.607,-39.514,-54.552,-54.353,1.269,-10.578,-12.777,2.412
541,1,541,2.632,73.580,76.213,-1.892,27.019,28.912,6.958,413.329,420.288,34.720,-40.097,-40.713,-54.767,-54.346,1.125,-11.597,-21.329,-2.010,27.008,29.017,6.794,409.450,416.243,34.964,-40.330,-39.842,-55.184,-55.194,1.231,-9.646,-14.171,2.486
542,1,542,2.630,72.483,75.113,-1.920,27.013,28.933,7.093,414.929,422.022,34.525,-40.036,-40.352,-54.633,-54.433,1.180,-11.658,-21.905,-1.986,27.021,29.007,6.884,410.665,417.549,34.959,-40.273,-39.078,-54.183,-53.997,1.325,-9.779,-12.261,1.597
543,1,543,2.594,73.117,75.712,-2.202,27.027,29.229,6.990,414.027,421.017,34.722,-40.132,-40.562,-54.838,-54.551,1.183,-12.800,-22.968,-2.301,27.031,29.331,6.781,408.869,415.650,35.197,-40.294,-39.221,-54.987,-54.700,1.322,-10.616,-14.308,1.460
544,1,544,2.688,77.775,80.463,-2.377,26.977,29.354,6.989,411.779,418.768,34.504,-41.257,-41.922,-55.368,-55.167,1.032,-11.950,-22.424,-2.551,26.996,29.547,6.740,408.419,415.159,34.960,-42.369,-41.148,-55.090,-54.731,1.120,-10.044,-14.014,1.705
545,1,545,2.675,77.995,80.669,-2.259,26.991,29.250,6.867,414.634,421.501,34.392,-41.167,-41.833,-55.620,-55.395,1.035,-12.519,-22.323,-2.449,27.019,29.469,6.670,410.967,417.637,34.935,-42.125,-40.930,-55.743,-55.329,1.143,-10.394,-12.872,1.719
546,1,546,2.622,72.965,75.587,-2.383,26.982,29.365,7.116,411.971,419.087,34.518,-40.628,-41.480,-55.650,-55.355,1.093,-12.144,-21.082,-2.519,26.999,29.518,6.864,407.639,414.503,35.035,-41.700,-40.958,-55.886,-55.533,1.180,-10.061,-13.711,1.900
547,1,547,2.551,69.827,72.378,-2.124,27.035,29.160,6.894,409.706,416.599,35.158,-39.888,-40.414,-54.744,-54.325,1.158,-12.409,-21.360,-2.209,27.033,29.242,6.681,404.471,411.152,35.607,-40.137,-39.354,-55.024,-54.905,1.274,-10.286,-12.934,2.217
548,1,548,2.586,71.687,74.274,-1.948,27.021,28.969,6.982,414.421,421.402,34.642,-39.947,-40.322,-54.706,-54.427,1.184,-11.418,-22.377,-2.008,27.013,29.021,6.861,410.282,417.143,34.928,-40.110,-39.037,-54.371,-54.257,1.322,-9.628,-12.699,1.487
549,1,549,2.548,71.158,73.706,-1.659,26.990,28.649,6.931,413.612,420.543,34.463,-39.662,-40.009,-54.421,-54.211,1.252,-12.197,-22.120,-1.797,26.997,28.794,6.734,408.830,415.565,34.929,-39.450,-38.499,-54.686,-54.505,1.412,-10.118,-12.922,1.671
550,1,550,2.647,76.252,78.898,-2.260,27.002,29.261,6.792,413.576,420.368,34.570,-40.340,-40.686,-54.747,-54.426,1.115,-12.525,-22.344,-2.351,27.035,29.386,6.637,410.297,416.934,35.124,-40.656,-39.438,-54.690,-54.535,1.245,-10.455,-13.675,2.377
551,1,551,2.691,75.171,77.862,-2.244,26.994,29.238,7.108,411.870,418.978,34.628,-40.857,-41.609,-55.049,-54.762,1.077,-12.847,-23.584,-2.446,27.023,29.469,6.907,407.351,414.258,35.256,-41.286,-40.370,-55.310,-55.010,1.198,-10.634,-14.750,2.765
552,1,552,2.681,75.079,77.760,-2.081,27.023,29.104,6.915,411.753,418.668,34.885,-40.245,-40.789,-54.910,-54.609,1.137,-12.685,-22.592,-2.217,27.020,29.237,6.741,406.270,413.011,35.340,-40.793,-39.799,-55.107,-54.771,1.250,-10.541,-12.505,1.828
553,1,553,2.590,71.209,73.799,-2.314,27.007,29.321,6.911,412.294,419.205,34.712,-39.915,-40.634,-54.535,-54.143,1.153,-11.959,-23.074,-2.380,26.998,29.377,6.741,408.028,414.768,35.009,-40.424,-39.538,-55.108,-54.693,1.265,-9.946,-13.826,0.796
554,1,554,2.578,71.919,74.498,-2.065,27.013,29.078,7.009,412.887,419.896,34.699,-39.953,-40.428,-54.741,-54.435,1.209,-12.583,-22.080,-2.208,27.021,29.228,6.804,407.660,414.464,35.220,-40.108,-39.152,-54.917,-54.633,1.333,-10.452,-14.276,2.228
555,1,555,2.702,75.529,78.230,-2.124,27.027,29.151,7.037,410.962,417.999,34.969,-40.227,-40.898,-54.769,-54.503,1.133,-12.193,-22.655,-2.250,27.017,29.267,6.863,406.767,413.630,35.264,-40.712,-40.159,-54.980,-54.840,1.226,-10.112,-13.578,2.604
556,1,556,2.597,73.663,76.260,-2.104,27.024,29.128,6.987,412.074,419.061,34.859,-40.437,-40.946,-54.961,-54.688,1.124,-11.706,-22.457,-2.205,27.020,29.224,6.801,407.256,414.057,35.246,-40.960,-39.790,-54.620,-54.365,1.249,-9.818,-13.432,2.183
557,1,557,2.515,69.080,71.595,-2.030,27.030,29.060,6.770,408.368,415.139,35.235,-39.159,-39.468,-54.525,-54.218,1.334,-12.452,-21.991,-2.088,27.031,29.119,6.608,403.221,409.829,35.700,-39.133,-38.249,-54.483,-54.392,1.443,-10.365,-13.133,1.878
558,1,558,2.724,76.009,78.732,-2.300,26.996,29.296,6.945,411.450,418.395,34.689,-40.639,-41.195,-54.822,-54.514,1.055,-12.338,-21.849,-2.421,27.030,29.451,6.764,407.997,414.761,35.268,-41.184,-40.098,-54.827,-54.623,1.188,-10.277,-13.136,1.527
559,1,559,2.559,72.158,74.716,-2.074,27.017,29.091,6.770,410.528,417.298,34.952,-39.927,-40.419,-55.086,-54.788,1.205,-12.527,-23.400,-2.190,27.015,29.205,6.621,406.331,412.951,35.301,-40.310,-39.446,-55.387,-55.065,1.305,-10.408,-14.115,2.637
