Header Section,,,,,,,,,,,,,,,,,,,,
Product,VC5348,,,,,,,,,,,,,,,,,,,
Test Plan,Rev(-),,,,,,,,,,,,,,,,,,,
Release Date,2015/3/5,,,,,,,,,,,,,,,,,,,
Comment,#800~819 for A3_01 pogo; 820~839 for Access E11.9.1,,,,,,,,,,,,,,,,,,,
,,,,,,,,,,,,,,,,,,,,
Data Section,,,,,,,,,,,,,,,,,,,,
Device#,1,2,3,4,5,6,7,8,9,10,11,12,13,14,15,16,17,18,19,20
Test Item,Site No,Device ID,Idle_H_Vbat,Idle_H_Vcc,Idle_H_Total,Pin_H_915,Pout_H_915,Gain_H_915,Icc_H_Vbat_915,Icc_H_Vcc_915,Icc_H_Total_915,PAE_H_Total_915,ACP_L_H_915,ACP_U_H_915,ALT_L_H_915,ALT_U_H_915,EVM_H_915,2fo_H_915,3fo_H_915,Leakage_Current
Low Tolerance,,,5,10,10,0.3,,,1,30,30,,1.5,1.5,1.5,1.5,0.5,1.5,1.5,5
High Tolerance,,,5,10,10,0.3,,,1,30,30,,1.5,1.5,1.5,1.5,0.5,1.5,1.5,5
Enable,,,1,1,1,1,0,0,0,1,1,,1,1,1,1,1,1,1,1
800,1,800,2.196,72.346,74.542,-0.204,26.987,27.351,6.377,370.783,377.16,38.402,-39.862,-40.031,-53.245,-52.907,1.945,-11.341,-30.508,2.755
801,1,801,2.248,72.4,74.648,-0.305,26.997,27.461,6.206,371.124,377.331,38.467,-40.531,-40.728,-52.664,-52.48,1.963,-10.775,-30.461,3.89
802,1,802,2.391,78.284,80.675,-0.448,26.994,27.602,6.443,375.335,381.777,37.999,-41.874,-42.268,-53.304,-53.17,1.878,-11.296,-31.075,2.745
803,1,803,2.401,76.72,79.12,-0.535,26.997,27.692,6.367,372.525,378.891,38.318,-40.935,-41.157,-53.078,-52.855,1.924,-10.693,-30.558,1.282
804,1,804,2.355,76.32,78.675,-0.497,26.999,27.656,6.327,372.482,378.809,38.34,-41.25,-41.063,-53.389,-53.159,1.92,-10.598,-30.664,3.103
805,1,805,2.357,76.761,79.117,-0.431,26.997,27.588,6.387,373.196,379.583,38.246,-41.296,-41.411,-53.197,-53.029,1.906,-10.935,-30.991,2.932
806,1,806,2.235,72.437,74.673,-0.326,26.993,27.48,6.281,374.29,380.571,38.117,-40.467,-40.812,-52.959,-52.812,1.966,-11.674,-30.724,1.955
807,1,807,2.384,77.958,80.342,-0.358,26.992,27.51,6.481,378.717,385.199,37.642,-40.935,-41.351,-52.902,-52.821,1.918,-11.809,-31.157,2.084
808,1,808,2.342,79.368,81.71,-0.344,26.994,27.498,6.378,375.992,382.37,37.94,-41.537,-41.642,-52.944,-52.755,1.909,-11.104,-31.5,2.018
809,1,809,2.309,74.453,76.762,-0.168,26.984,27.312,6.32,370.537,376.856,38.403,-40.643,-41.082,-52.946,-52.777,1.938,-11.713,-29.881,2.401
810,1,810,2.43,78.822,81.251,-0.276,26.999,27.435,6.453,375.73,382.182,38.005,-41.749,-41.9,-53.066,-52.892,1.888,-11.522,-30.474,4.276
811,1,811,2.36,75.93,78.289,-0.2,26.984,27.356,6.321,368.245,374.566,38.645,-40.605,-40.826,-52.911,-52.71,1.936,-11.189,-29.626,2.544
812,1,812,2.282,75.617,77.899,-0.233,26.967,27.36,6.393,377.03,383.424,37.599,-40.86,-41.295,-53.3,-53.204,1.93,-12.221,-30.372,3.174
813,1,813,2.242,72.714,74.955,-0.091,26.983,27.233,6.315,371.945,378.261,38.254,-40.365,-40.565,-53.202,-53.053,1.973,-10.91,-30.369,2.398
814,1,814,2.261,72.662,74.923,-0.367,26.996,27.523,6.211,368.241,374.452,38.759,-40.63,-40.932,-52.457,-52.383,1.976,-11.067,-30.294,1.38
815,1,815,2.264,72.689,74.954,-0.235,26.992,27.387,6.28,372.32,378.601,38.299,-40.419,-40.757,-52.452,-52.319,1.977,-11.776,-29.726,2.048
816,1,816,2.265,73.465,75.731,-0.326,26.997,27.482,6.289,375.246,381.535,38.045,-40.576,-40.787,-52.894,-52.759,1.962,-11.163,-30.49,2.264
817,1,817,2.329,74.317,76.646,-0.406,27,27.567,6.27,372.516,378.786,38.356,-40.843,-40.959,-52.917,-52.715,1.934,-10.656,-30.96,2.457
818,1,818,2.278,72.674,74.952,-0.345,27.001,27.507,6.371,371.538,377.909,38.451,-40.706,-40.868,-52.975,-52.895,1.942,-11.436,-30.191,2.389
819,1,819,2.335,75.974,78.308,-0.259,26.986,27.405,6.35,375.659,382.01,37.904,-40.981,-41.279,-52.701,-52.57,1.925,-11.343,-31.019,2.281
820,1,820,3.442,64.042,67.484,-0.081,26.969,27.05,6.45,382.855,389.304,37.053,-41.25,-41.052,-53.165,-53.171,1.231,-14.129,-25.533,1.295
821,1,821,3.445,64.19,67.635,-0.118,26.992,27.109,6.494,386.557,393.051,36.889,-40.811,-40.652,-52.61,-52.545,1.287,-13.662,-26.707,2.123
822,1,822,3.504,67.419,70.923,-0.198,26.983,27.182,6.519,388.8,395.319,36.609,-41.125,-40.956,-53.472,-53.44,1.173,-12.989,-27.355,1.852
823,1,823,3.538,68.068,71.607,-0.098,26.983,27.081,6.562,388.024,394.586,36.675,-41.468,-41.272,-52.954,-52.917,1.273,-15.889,-25.943,2.461
824,1,824,3.467,66.166,69.633,-0.287,26.996,27.282,6.474,385.41,391.883,37.035,-41.061,-40.722,-52.879,-52.828,1.246,-12.251,-27.013,2.823
825,1,825,3.604,69.75,73.354,-0.169,26.994,27.163,6.622,389.265,395.887,36.648,-41.603,-41.395,-53.056,-52.972,1.278,-14.985,-26.106,2.404
826,1,826,3.563,68.323,71.886,-0.236,26.996,27.232,6.639,389.251,395.89,36.663,-41.131,-40.791,-53.597,-53.565,1.144,-11.23,-28.031,2.04
827,1,827,3.587,70.574,74.16,-0.329,26.994,27.323,6.682,391.722,398.404,36.413,-41.991,-41.603,-53.861,-53.875,1.129,-12.895,-26.638,1.597
828,1,828,3.517,65.369,68.886,-0.03,26.979,27.009,6.619,390.563,397.182,36.397,-41.569,-41.32,-52.977,-52.934,1.246,-16.911,-24.675,1.833
829,1,829,3.584,68.672,72.257,-0.243,26.995,27.239,6.549,388.912,395.46,36.696,-41.437,-41.141,-53.103,-53.033,1.222,-13.739,-26.823,1.759
830,1,830,3.485,66.765,70.249,0.045,26.964,26.918,6.514,387.896,394.41,36.523,-41.101,-40.942,-52.79,-52.741,1.277,-14.11,-26.422,2.74
831,1,831,3.476,64.998,68.474,-0.013,26.987,27,6.553,388.813,395.366,36.63,-40.803,-40.648,-52.091,-51.987,1.43,-17.757,-24.72,1.905
832,1,832,3.502,66.375,69.876,-0.162,26.992,27.154,6.543,386.436,392.979,36.901,-41.407,-41.099,-53.13,-53.1,1.231,-14.411,-25.693,1.644
833,1,833,3.603,67.485,71.089,-0.198,26.98,27.177,6.528,386.935,393.463,36.749,-41.118,-40.987,-52.886,-52.771,1.278,-15.34,-25.698,1.793
834,1,834,3.445,63.792,67.237,0.188,27.011,26.822,6.53,387.086,393.616,36.996,-40.869,-40.585,-53.619,-53.563,1.168,-12.95,-26.294,2.303
835,1,835,3.457,65.85,69.307,-0.1,26.963,27.063,6.548,387.941,394.489,36.513,-40.961,-40.449,-53.788,-53.733,1.129,-11.461,-27.515,2.993
836,1,836,3.571,68.017,71.588,-0.279,26.984,27.263,6.676,392.162,398.838,36.293,-41.313,-41.021,-54.198,-54.191,1.113,-12.613,-27.069,2.721
837,1,837,3.471,65.174,68.645,-0.134,26.976,27.11,6.469,384.538,391.008,36.952,-41.13,-40.777,-52.422,-52.384,1.333,-14.329,-26.075,1.292
838,1,838,3.486,66.439,69.925,-0.209,26.987,27.196,6.462,385.733,392.196,36.927,-41.296,-40.76,-52.788,-52.731,1.243,-14.005,-26.822,1.836
839,1,839,3.573,67.983,71.556,-0.079,26.981,27.061,6.61,385.1,391.71,36.929,-41.398,-41.182,-52.988,-52.915,1.263,-14.36,-26.32,1.646
