Header Section,,,,,,,,,,,,,,,,,,,,,,,,,,,,,,,,,,,,,,,,,,,,,,,,,,,,,,,,,,,,,,,,,,,,,,,,
Product,VC5369-31,,,,,,,,,,,,,,,,,,,,,,,,,,,,,,,,,,,,,,,,,,,,,,,,,,,,,,,,,,,,,,,,,,,,,,,
Test Plan,Rev(C),,,,,,,,,,,,,,,,,,,,,,,,,,,,,,,,,,,,,,,,,,,,,,,,,,,,,,,,,,,,,,,,,,,,,,,
Release Date,2018/1/25,,,,,,,,,,,,,,,,,,,,,,,,,,,,,,,,,,,,,,,,,,,,,,,,,,,,,,,,,,,,,,,,,,,,,,,
Comment,#1~25/-31A5E3.29.1,,,,,,,,,,,,,,,,,,,,,,,,,,,,,,,,,,,,,,,,,,,,,,,,,,,,,,,,,,,,,,,,,,,,,,,
,,,,,,,,,,,,,,,,,,,,,,,,,,,,,,,,,,,,,,,,,,,,,,,,,,,,,,,,,,,,,,,,,,,,,,,,
Data Section,,,,,,,,,,,,,,,,,,,,,,,,,,,,,,,,,,,,,,,,,,,,,,,,,,,,,,,,,,,,,,,,,,,,,,,,
Device#,1,2,3,4,5,6,7,8,9,10,11,12,13,14,15,16,17,18,19,20,21,22,23,24,25,26,27,28,29,30,31,32,33,34,35,36,37,38,39,40,41,42,43,44,45,46,47,48,49,50,51,52,53,54,55,56,57,58,59,60,61,62,63,64,65,66,67,68,69,70,71,72
Test Item,Site No,Device ID,Idle_LB_Vbat_LPM,Idle_LB_Vcc_LPM,Idle_LB_Vbat,Idle_LB_Vcc,Idle_LB_Total,Pin_LB_824,Pout_LB_824,Gain_LB_824,Icc_LB_Vbat_824,Icc_LB_Vcc_824,Icc_LB_Total_824,PAE_LB_Total_824,ACP_L_LB_824,ACP_U_LB_824,ALT_L_LB_824,ALT_U_LB_824,EVM_LB_824,2fo_LB_824,CPL_Pout_824,Pin_LB_915,Pout_LB_915,Gain_LB_915,Icc_LB_Vbat_915,Icc_LB_Vcc_915,Icc_LB_Total_915,PAE_LB_Total_915,ACP_L_LB_915,ACP_U_LB_915,ALT_L_LB_915,ALT_U_LB_915,EVM_LB_915,2fo_LB_915,CPL_Pout_915,Idle_HB_Vbat_LPM,Idle_HB_Vcc_LPM,Idle_HB_Vbat,Idle_HB_Vcc,Idle_HB_Total,Pin_HB_1710,Pout_HB_1710,Gain_HB_1710,Icc_HB_Vbat_1710,Icc_HB_Vcc_1710,Icc_HB_Total_1710,PAE_HB_Total_1710,ACP_L_HB_1710,ACP_U_HB_1710,ALT_L_HB_1710,ALT_U_HB_1710,EVM_HB_1710,2fo_HB_1710,CPL_Pout_1710,Pin_HB_1980,Pout_HB_1980,Gain_HB_1980,Icc_HB_Vbat_1980,Icc_HB_Vcc_1980,Icc_HB_Total_1980,PAE_HB_Total_1980,ACP_L_HB_1980,ACP_U_HB_1980,ALT_L_HB_1980,ALT_U_HB_1980,EVM_HB_1980,2fo_HB_1980,CPL_Pout_1980,Leakage_VBAT,Leakage_VCC,Test Time,Index Time
Low Tolerance,,,5,10,5,10,10,0.3,,,1,30,30,,1.5,1.5,1.5,1.5,0.5,1.5,1.5,0.3,,,1,30,30,,1.5,1.5,1.5,1.5,0.5,1.5,1.5,5,10,5,10,10,0.3,,,1,30,30,,1.5,1.5,1.5,1.5,0.5,1.5,1.5,0.3,,,1,30,30,,1.5,1.5,1.5,1.5,0.5,1.5,1.5,5,5,,
High Tolerance,,,5,10,5,10,10,0.5,,,1,30,30,,1.5,1.5,1.5,1.5,0.5,1.5,1.5,0.5,,,1,30,30,,1.5,1.5,1.5,1.5,0.5,1.5,1.5,5,10,5,10,10,0.5,,,1,30,30,,1.5,1.5,1.5,1.5,0.5,1.5,1.5,0.5,,,1,30,30,,1.5,1.5,1.5,1.5,0.5,1.5,1.5,5,5,,
Enable,,,1,1,1,1,1,1,0,0,0,1,1,,1,1,1,1,1,1,1,1,0,0,0,1,1,,1,1,1,1,1,1,1,1,1,1,1,1,1,0,0,0,1,1,,1,1,1,1,1,1,1,1,0,0,0,1,1,,1,1,1,1,1,1,1,1,1,,
1,1,1,1.486,62.348,1.923,90.541,92.464,-2.023,27.021,29.043,4.579,400.692,405.270,36.532,-44.486,-44.879,-56.953,-57.381,0.997,-11.257,-21.673,-3.163,27.030,30.193,4.574,388.624,393.199,37.718,-46.435,-45.706,-56.622,-56.380,1.131,-9.021,-21.443,1.749,73.233,2.307,107.175,109.482,-0.249,27.464,27.714,5.164,434.637,439.801,37.204,-41.952,-40.979,-53.025,-52.351,1.460,-11.507,-21.828,-1.737,27.508,29.245,5.605,464.861,470.465,35.210,-41.324,-41.275,-54.698,-54.933,1.501,-13.746,-19.172,0.061,1.891,267.718,10471.545
2,1,2,1.453,61.620,1.921,90.271,92.191,-3.064,27.039,30.102,4.548,403.908,408.456,36.402,-43.926,-44.161,-56.416,-56.113,1.298,-11.421,-21.675,-3.151,27.074,30.225,4.544,396.053,400.596,37.399,-46.191,-45.638,-56.280,-56.286,1.142,-8.742,-21.408,1.691,72.535,2.284,105.912,108.196,-0.194,27.471,27.664,5.180,433.385,438.566,37.363,-41.549,-40.526,-52.842,-52.106,1.516,-10.857,-21.804,-1.686,27.503,29.189,5.441,450.694,456.135,36.269,-41.485,-41.494,-54.630,-54.968,1.501,-13.518,-19.156,0.060,1.916,260.804,7608.287
3,1,3,1.522,63.482,1.997,93.014,95.011,-3.149,27.037,30.186,4.650,403.721,408.372,36.390,-43.983,-44.096,-56.764,-56.748,1.233,-12.027,-21.547,-3.363,27.054,30.417,4.777,400.421,405.198,36.809,-46.569,-46.008,-56.808,-56.529,1.069,-9.081,-21.309,1.724,75.071,2.343,109.272,111.616,-0.325,27.484,27.809,5.286,438.031,443.317,37.073,-41.741,-40.702,-52.995,-52.380,1.482,-10.995,-21.817,-1.927,27.476,29.403,5.544,460.845,466.388,35.258,-41.355,-41.187,-54.682,-54.716,1.500,-14.124,-19.167,0.071,2.547,262.147,6135.776
4,1,4,1.483,60.311,1.875,88.321,90.196,-2.690,27.035,29.726,4.582,401.348,405.930,36.597,-44.540,-44.630,-56.810,-56.755,1.115,-11.449,-21.442,-3.180,27.022,30.202,4.620,392.367,396.987,37.286,-46.971,-46.690,-56.599,-56.447,0.970,-9.347,-21.177,1.800,77.442,2.382,111.093,113.474,-0.989,27.549,28.538,5.364,441.866,447.231,37.321,-40.798,-39.884,-52.751,-52.140,1.648,-11.615,-21.798,-1.737,27.462,29.199,5.769,471.498,477.266,34.337,-41.411,-41.552,-54.598,-54.920,1.480,-14.258,-19.169,0.065,2.267,256.702,6510.738
5,1,5,1.570,66.551,2.012,95.596,97.607,-2.490,26.929,29.419,4.665,400.995,405.661,35.734,-45.706,-45.810,-57.303,-57.700,0.892,-11.279,-21.702,-3.240,27.030,30.270,4.564,394.981,399.545,37.120,-47.077,-46.365,-56.816,-56.574,1.026,-9.349,-21.218,1.710,73.320,2.300,107.518,109.819,-0.319,27.484,27.803,5.190,437.504,442.694,37.126,-42.075,-41.265,-53.046,-52.294,1.455,-11.314,-21.787,-1.734,27.464,29.197,5.652,466.194,471.846,34.747,-41.404,-41.357,-54.749,-54.964,1.492,-14.604,-19.004,0.060,1.827,251.419,10717.620
6,1,6,1.472,62.005,1.924,90.029,91.954,-2.930,27.047,29.976,4.517,404.028,408.545,36.460,-44.407,-44.582,-56.686,-56.908,1.096,-10.765,-22.691,-3.084,27.058,30.141,4.500,391.642,396.142,37.678,-46.086,-45.641,-56.457,-56.180,1.182,-8.934,-22.013,1.825,78.688,2.433,112.037,114.471,-0.344,27.488,27.832,5.294,435.874,441.167,37.291,-40.817,-39.818,-52.883,-52.142,1.646,-11.014,-22.459,-1.899,27.485,29.384,5.584,460.216,465.800,35.375,-41.221,-41.156,-54.808,-54.930,1.569,-15.635,-19.608,0.067,2.225,253.614,7840.818
7,1,7,1.446,59.054,1.868,86.769,88.636,-2.249,26.925,29.173,4.453,396.305,400.758,36.136,-45.222,-45.728,-56.976,-57.852,0.787,-11.196,-22.081,-3.084,27.028,30.112,4.485,393.068,397.553,37.289,-47.030,-46.243,-56.580,-56.249,1.051,-9.125,-21.888,1.697,71.070,2.258,104.907,107.165,-0.185,27.482,27.667,5.136,432.128,437.265,37.569,-41.654,-40.738,-52.726,-52.136,1.498,-11.576,-21.974,-1.828,27.473,29.301,5.461,447.306,452.767,36.288,-41.465,-41.561,-54.518,-54.820,1.472,-12.611,-19.303,0.064,2.013,252.982,7717.806
8,1,8,1.548,64.532,2.022,93.390,95.412,-3.258,27.015,30.273,4.696,401.567,406.262,36.394,-44.365,-44.993,-56.850,-57.575,0.940,-12.022,-21.541,-3.084,26.953,30.037,4.712,397.993,402.705,36.178,-48.188,-47.468,-56.980,-56.756,0.870,-8.855,-20.754,1.879,78.059,2.544,112.106,114.651,-0.913,27.543,28.457,5.589,441.340,446.929,37.297,-40.855,-40.269,-52.941,-52.391,1.624,-14.033,-22.249,-1.912,27.469,29.381,6.049,479.458,485.507,33.814,-42.542,-42.598,-54.321,-54.484,1.455,-13.394,-19.161,0.069,1.933,255.246,6548.514
9,1,9,1.511,61.786,1.948,89.503,91.451,-2.451,26.941,29.393,4.697,400.680,405.377,35.860,-45.549,-45.239,-56.899,-56.927,0.980,-10.039,-21.453,-3.267,27.031,30.298,4.573,386.591,391.163,37.920,-45.997,-45.787,-56.568,-56.225,1.153,-9.816,-21.235,1.789,77.340,2.422,111.225,113.647,-0.181,27.478,27.659,5.287,438.109,443.396,37.017,-41.826,-41.013,-53.120,-52.548,1.478,-11.470,-21.790,-1.748,27.428,29.176,5.694,465.598,471.292,34.500,-41.851,-41.811,-54.752,-54.844,1.488,-13.521,-19.159,0.062,2.022,253.324,8141.713
10,1,10,1.461,59.421,1.885,87.599,89.484,-2.246,26.928,29.175,4.608,396.323,400.932,36.150,-45.568,-45.645,-56.870,-57.446,0.879,-10.420,-21.618,-3.267,27.018,30.285,4.501,387.141,391.642,37.767,-46.557,-46.092,-56.629,-56.498,1.083,-9.686,-21.397,1.825,77.911,2.434,112.332,114.766,-0.573,27.493,28.065,5.246,436.478,441.725,37.291,-41.673,-40.589,-53.167,-52.463,1.539,-12.617,-21.763,-2.564,27.490,30.054,5.839,473.071,478.910,34.446,-41.391,-41.304,-54.619,-54.812,1.554,-12.744,-19.120,0.066,2.234,257.130,9656.577
11,1,11,1.471,58.509,1.915,86.558,88.473,-2.577,27.023,29.600,4.602,400.635,405.237,36.551,-44.458,-44.509,-56.468,-56.543,1.120,-10.797,-21.443,-3.170,27.020,30.189,4.479,383.609,388.089,38.126,-45.847,-45.702,-56.566,-56.239,1.156,-8.733,-21.221,1.728,74.461,2.342,109.296,111.638,-0.102,27.471,27.573,5.238,437.345,442.583,37.020,-42.459,-41.394,-53.085,-52.447,1.426,-10.813,-21.679,-1.481,27.506,28.987,5.572,457.231,462.803,35.774,-41.795,-41.835,-54.833,-54.932,1.487,-13.786,-19.041,0.067,1.772,250.447,6892.643
12,1,12,1.515,64.430,1.987,93.435,95.422,-3.007,27.048,30.055,4.669,407.064,411.732,36.186,-44.928,-45.497,-56.910,-57.910,0.828,-11.302,-21.382,-3.170,26.984,30.154,4.630,400.538,405.168,36.220,-48.427,-47.813,-56.996,-56.886,0.842,-9.332,-21.124,1.929,83.618,2.552,119.772,122.324,-0.743,27.522,28.265,5.462,446.154,451.616,36.725,-41.024,-40.275,-53.263,-52.437,1.608,-12.771,-21.664,-2.597,27.503,30.099,5.991,485.343,491.335,33.673,-42.163,-42.161,-54.543,-54.503,1.555,-13.265,-19.041,0.068,2.234,254.470,6431.620
13,1,13,1.458,58.855,1.904,86.816,88.721,-2.878,27.032,29.910,4.601,402.142,406.743,36.498,-44.263,-44.349,-56.370,-56.239,1.226,-11.352,-21.628,-3.170,26.975,30.144,4.568,388.429,392.997,37.261,-47.461,-46.624,-56.731,-56.446,1.014,-9.362,-21.412,1.800,77.024,2.394,111.977,114.371,-0.400,27.473,27.874,5.262,437.880,443.142,37.003,-42.080,-41.344,-53.294,-52.546,1.433,-11.487,-21.745,-2.007,27.452,29.459,5.644,462.731,468.375,34.912,-42.234,-42.131,-54.671,-54.728,1.470,-12.975,-19.102,0.065,1.700,248.702,15404.279
14,1,14,1.529,61.304,1.957,89.482,91.439,-2.831,27.009,29.841,4.751,403.733,408.484,36.150,-45.489,-45.954,-57.300,-57.969,0.749,-10.960,-20.996,-3.025,26.991,30.015,4.669,401.308,405.977,36.199,-48.511,-48.243,-57.058,-56.883,0.751,-10.261,-20.702,1.820,72.589,2.437,105.479,107.916,-0.619,27.508,28.127,5.418,436.241,441.659,37.425,-41.133,-40.390,-52.875,-52.156,1.616,-12.229,-21.855,-1.159,27.520,28.679,5.927,473.161,479.089,34.661,-41.930,-42.157,-54.609,-54.919,1.445,-12.930,-19.241,0.073,1.907,255.199,8624.015
15,1,15,1.463,61.924,1.937,90.508,92.445,-2.793,27.029,29.822,4.598,405.460,410.058,36.176,-44.641,-44.984,-56.755,-56.988,1.074,-11.227,-21.539,-3.131,27.011,30.142,4.624,393.652,398.276,37.076,-46.716,-46.080,-56.749,-56.281,1.049,-8.898,-21.269,1.767,73.823,2.375,107.284,109.658,-0.506,27.470,27.975,5.199,433.816,439.015,37.323,-40.772,-39.951,-52.790,-52.151,1.621,-10.775,-21.932,-1.434,27.504,28.938,5.572,463.943,469.515,35.246,-40.866,-40.940,-54.694,-54.885,1.522,-14.444,-19.293,0.065,1.954,245.232,10419.408
16,1,16,1.482,61.220,1.923,89.455,91.378,-2.718,26.959,29.677,4.594,399.602,404.196,36.115,-45.355,-45.169,-56.716,-56.699,1.105,-10.817,-21.426,-3.250,27.015,30.266,4.512,389.349,393.861,37.529,-46.638,-46.275,-56.611,-56.374,1.064,-9.479,-21.154,1.895,82.442,2.527,116.403,118.930,-0.427,27.465,27.892,5.389,441.563,446.952,36.620,-41.485,-40.648,-53.106,-52.476,1.542,-10.294,-21.707,-1.967,27.478,29.445,5.763,468.733,474.496,34.668,-41.501,-41.348,-54.850,-54.962,1.568,-15.653,-19.060,0.068,2.225,251.471,6599.507
17,1,17,1.409,57.904,1.863,86.516,88.379,-2.750,26.944,29.694,4.552,397.280,401.832,36.195,-44.668,-45.167,-56.845,-57.144,0.989,-11.149,-22.045,-3.163,27.017,30.179,4.465,391.714,396.179,37.319,-46.711,-46.306,-56.498,-56.350,1.078,-8.975,-21.824,1.753,72.276,2.336,105.064,107.399,-0.197,27.472,27.668,5.263,434.505,439.767,37.271,-41.427,-40.448,-52.855,-52.305,1.540,-11.459,-21.985,-1.737,27.472,29.209,5.610,463.510,469.120,35.016,-40.971,-40.785,-54.694,-54.897,1.519,-14.063,-19.331,0.066,2.119,246.007,6543.001
18,1,18,1.402,56.852,1.839,85.036,86.874,-2.276,26.923,29.199,4.490,397.286,401.776,36.030,-45.630,-46.176,-57.121,-58.158,0.703,-10.633,-21.895,-3.012,26.987,29.999,4.498,393.164,397.662,36.921,-47.783,-47.416,-56.925,-56.649,0.917,-9.434,-21.693,1.803,77.731,2.395,111.974,114.369,-0.407,27.495,27.902,5.230,437.889,443.119,37.190,-41.378,-40.576,-53.009,-52.288,1.543,-11.216,-21.856,-2.416,27.497,29.913,5.554,457.258,462.812,35.703,-41.161,-41.249,-54.539,-54.835,1.558,-13.270,-19.211,0.064,2.263,250.665,6252.882
19,1,19,1.461,58.852,1.912,86.579,88.490,-2.306,26.938,29.244,4.624,398.926,403.549,35.994,-45.671,-45.783,-57.154,-57.486,0.914,-11.024,-21.375,-3.023,26.964,29.987,4.467,388.227,392.694,37.193,-47.701,-47.286,-56.732,-56.598,0.919,-9.334,-21.111,1.858,78.486,2.448,113.295,115.743,-0.407,27.443,27.850,5.193,437.189,442.381,36.808,-42.236,-41.301,-53.144,-52.612,1.429,-10.575,-21.631,-1.940,27.505,29.445,5.584,456.702,462.285,35.810,-41.917,-41.733,-54.727,-54.754,1.486,-13.728,-18.993,0.058,1.962,248.085,5742.382
20,1,20,1.494,61.557,1.964,90.234,92.198,-2.750,27.028,29.778,4.602,402.924,407.526,36.392,-44.924,-45.315,-56.922,-57.438,0.942,-11.394,-20.944,-3.097,27.070,30.166,4.570,397.876,402.445,37.189,-47.200,-46.655,-56.696,-56.439,0.992,-9.311,-20.662,1.814,76.618,2.443,111.174,113.617,-0.603,27.496,28.099,5.327,443.819,449.146,36.702,-42.296,-41.319,-53.119,-52.534,1.421,-11.669,-21.682,-2.097,27.465,29.562,5.847,470.592,476.439,34.427,-41.799,-41.828,-54.632,-54.776,1.464,-13.132,-19.059,0.056,2.221,251.528,5526.395
21,1,21,1.472,59.866,1.929,88.372,90.301,-2.188,26.925,29.113,4.579,399.139,403.718,35.871,-45.747,-45.850,-56.917,-57.507,0.841,-10.898,-21.157,-3.097,26.975,30.072,4.550,388.576,393.127,37.250,-47.349,-46.625,-56.560,-56.605,0.975,-9.314,-20.916,1.867,80.282,2.498,115.834,118.332,-0.790,27.522,28.312,5.291,441.045,446.336,37.165,-41.011,-39.942,-53.029,-52.117,1.619,-11.214,-21.671,-2.376,27.487,29.863,5.671,462.556,468.228,35.204,-41.624,-41.652,-54.713,-54.783,1.536,-13.650,-19.049,0.060,1.942,251.958,6141.643
22,1,22,1.564,66.638,2.037,95.737,97.774,-2.612,27.009,29.622,4.659,404.813,409.473,36.065,-45.289,-45.130,-56.913,-57.252,1.005,-11.275,-21.357,-3.293,27.026,30.320,4.677,395.980,400.657,36.984,-46.964,-46.795,-56.921,-56.807,1.001,-9.562,-21.073,1.864,79.461,2.472,113.918,116.389,-0.692,27.507,28.199,5.308,439.517,444.825,37.156,-41.189,-40.297,-52.951,-52.344,1.574,-11.628,-21.850,-1.845,27.489,29.334,5.698,466.055,471.753,34.958,-42.197,-42.247,-54.792,-54.903,1.453,-13.481,-19.225,0.061,2.013,257.266,6027.908
24,1,24,1.478,60.038,1.911,89.028,90.939,-2.472,26.973,29.445,4.531,401.164,405.694,36.094,-45.124,-45.441,-57.017,-57.414,0.872,-10.938,-21.479,-3.150,27.014,30.164,4.548,389.891,394.439,37.464,-46.942,-46.103,-56.657,-56.394,1.067,-9.368,-21.274,1.780,75.264,2.381,109.366,111.747,-0.589,27.544,28.132,5.209,438.064,443.273,37.600,-41.246,-40.227,-52.822,-52.235,1.613,-11.802,-21.715,-2.244,27.469,29.713,5.632,460.535,466.166,35.216,-41.451,-41.358,-54.529,-54.736,1.496,-12.535,-19.061,0.064,2.183,244.299,6626.490
25,1,25,1.470,61.033,1.905,88.718,90.623,-2.285,26.949,29.234,4.572,396.431,401.004,36.314,-45.261,-45.219,-56.758,-56.880,1.059,-10.250,-21.506,-3.384,27.040,30.425,4.499,387.466,391.965,37.927,-45.888,-45.988,-56.579,-56.331,1.141,-10.188,-21.209,1.846,79.199,2.465,113.924,116.388,-0.223,27.482,27.705,5.323,440.052,445.375,36.889,-42.041,-41.445,-53.187,-52.756,1.447,-11.137,-21.915,-2.082,27.514,29.596,5.710,465.595,471.305,35.192,-41.992,-41.677,-54.666,-54.912,1.530,-13.569,-19.262,0.070,2.267,252.677,6374.534
26,1,26,1.462,59.204,1.883,87.349,89.232,-2.486,27.029,29.515,4.591,404.311,408.901,36.278,-44.717,-45.119,-56.669,-57.069,0.966,-11.268,-21.467,-3.214,26.920,30.133,4.485,389.226,393.711,36.724,-47.973,-47.365,-56.810,-56.470,0.844,-8.872,-21.233,1.761,76.831,2.402,111.390,113.792,-0.966,27.553,28.520,5.280,444.809,450.089,37.122,-40.854,-40.059,-52.815,-52.148,1.614,-11.506,-21.720,-2.082,27.559,29.641,5.706,478.333,484.039,34.622,-41.206,-41.367,-54.619,-54.843,1.501,-14.414,-19.091,0.057,2.043,244.122,6509.343
27,1,27,1.470,60.209,1.906,88.354,90.260,-2.455,27.043,29.499,4.544,402.755,407.300,36.540,-44.794,-44.848,-56.723,-56.726,1.080,-10.167,-21.571,-3.214,27.040,30.254,4.545,391.371,395.917,37.549,-46.675,-46.167,-56.829,-56.553,1.102,-10.134,-21.356,1.746,74.839,2.355,109.979,112.334,-0.851,27.519,28.370,5.195,438.954,444.149,37.317,-41.200,-40.212,-52.935,-52.139,1.587,-11.527,-21.774,-1.574,27.512,29.085,5.692,469.293,474.985,34.902,-41.802,-41.915,-54.767,-54.980,1.452,-14.104,-19.133,0.061,2.009,249.113,7280.010
28,1,28,1.442,57.823,1.850,85.806,87.656,-2.493,27.028,29.521,4.618,405.436,410.054,36.164,-45.230,-45.270,-56.691,-56.794,1.003,-11.111,-21.195,-3.004,26.986,29.990,4.591,395.908,400.500,36.653,-48.475,-48.170,-57.011,-56.907,0.815,-9.800,-20.887,1.902,81.934,2.529,116.586,119.115,-0.682,27.479,28.161,5.368,438.052,443.420,37.038,-41.563,-40.768,-52.975,-52.376,1.541,-11.586,-22.148,-2.324,27.472,29.796,5.779,466.197,471.976,34.808,-41.834,-41.876,-54.492,-54.730,1.491,-13.971,-19.531,0.063,2.200,249.715,6404.249
29,1,29,1.498,60.889,1.954,89.594,91.547,-2.432,26.999,29.431,4.644,399.608,404.252,36.443,-44.756,-44.682,-56.736,-56.843,1.099,-11.227,-21.921,-3.158,27.024,30.182,4.525,390.092,394.618,37.532,-46.280,-45.717,-56.637,-56.405,1.148,-8.718,-21.715,1.815,77.656,2.469,111.122,113.592,-0.365,27.478,27.843,5.343,436.860,442.203,37.117,-41.189,-40.453,-53.053,-52.397,1.569,-11.544,-21.913,-1.587,27.501,29.088,5.764,466.236,471.999,35.035,-41.971,-41.857,-54.753,-54.891,1.484,-13.483,-19.263,0.061,1.908,248.249,6135.105
