Header Section,,,,,,,,,,,,,,,,,,,,,,,,,,,,,,,,,,,,,,,,,,,,,,,,,,,,,,,,,,,,,,,,,,,,,,,,
Product,VC5369-31,,,,,,,,,,,,,,,,,,,,,,,,,,,,,,,,,,,,,,,,,,,,,,,,,,,,,,,,,,,,,,,,,,,,,,,
Test Plan,Rev(C),,,,,,,,,,,,,,,,,,,,,,,,,,,,,,,,,,,,,,,,,,,,,,,,,,,,,,,,,,,,,,,,,,,,,,,
Release Date,2018/3/29,,,,,,,,,,,,,,,,,,,,,,,,,,,,,,,,,,,,,,,,,,,,,,,,,,,,,,,,,,,,,,,,,,,,,,,
Comment,#1~25/A5E3.29.1;#31~55/A5E5.29.1,,,,,,,,,,,,,,,,,,,,,,,,,,,,,,,,,,,,,,,,,,,,,,,,,,,,,,,,,,,,,,,,,,,,,,,
,,,,,,,,,,,,,,,,,,,,,,,,,,,,,,,,,,,,,,,,,,,,,,,,,,,,,,,,,,,,,,,,,,,,,,,,
Data Section,,,,,,,,,,,,,,,,,,,,,,,,,,,,,,,,,,,,,,,,,,,,,,,,,,,,,,,,,,,,,,,,,,,,,,,,
Device#,1,2,3,4,5,6,7,8,9,10,11,12,13,14,15,16,17,18,19,20,21,22,23,24,25,26,27,28,29,30,31,32,33,34,35,36,37,38,39,40,41,42,43,44,45,46,47,48,49,50,51,52,53,54,55,56,57,58,59,60,61,62,63,64,65,66,67,68,69,70,71,72
Test Item,Site No,Device ID,Idle_LB_Vbat_LPM,Idle_LB_Vcc_LPM,Idle_LB_Vbat,Idle_LB_Vcc,Idle_LB_Total,Pin_LB_824,Pout_LB_824,Gain_LB_824,Icc_LB_Vbat_824,Icc_LB_Vcc_824,Icc_LB_Total_824,PAE_LB_Total_824,ACP_L_LB_824,ACP_U_LB_824,ALT_L_LB_824,ALT_U_LB_824,EVM_LB_824,2fo_LB_824,CPL_Pout_824,Pin_LB_915,Pout_LB_915,Gain_LB_915,Icc_LB_Vbat_915,Icc_LB_Vcc_915,Icc_LB_Total_915,PAE_LB_Total_915,ACP_L_LB_915,ACP_U_LB_915,ALT_L_LB_915,ALT_U_LB_915,EVM_LB_915,2fo_LB_915,CPL_Pout_915,Idle_HB_Vbat_LPM,Idle_HB_Vcc_LPM,Idle_HB_Vbat,Idle_HB_Vcc,Idle_HB_Total,Pin_HB_1710,Pout_HB_1710,Gain_HB_1710,Icc_HB_Vbat_1710,Icc_HB_Vcc_1710,Icc_HB_Total_1710,PAE_HB_Total_1710,ACP_L_HB_1710,ACP_U_HB_1710,ALT_L_HB_1710,ALT_U_HB_1710,EVM_HB_1710,2fo_HB_1710,CPL_Pout_1710,Pin_HB_1980,Pout_HB_1980,Gain_HB_1980,Icc_HB_Vbat_1980,Icc_HB_Vcc_1980,Icc_HB_Total_1980,PAE_HB_Total_1980,ACP_L_HB_1980,ACP_U_HB_1980,ALT_L_HB_1980,ALT_U_HB_1980,EVM_HB_1980,2fo_HB_1980,CPL_Pout_1980,Leakage_VBAT,Leakage_VCC,Test Time,Index Time
Low Tolerance,,,5,10,5,10,10,0.3,,,1,30,30,,1.5,1.5,1.5,1.5,0.5,1.5,1.5,0.3,,,1,30,30,,1.5,1.5,1.5,1.5,0.5,1.5,1.5,5,10,5,10,10,0.3,,,1,30,30,,1.5,1.5,1.5,1.5,0.5,1.5,1.5,0.3,,,1,30,30,,1.5,1.5,1.5,1.5,0.5,1.5,1.5,5,5,,
High Tolerance,,,5,10,5,10,10,0.5,,,1,30,30,,1.5,1.5,1.5,1.5,0.5,1.5,1.5,0.5,,,1,30,30,,1.5,1.5,1.5,1.5,0.5,1.5,1.5,5,10,5,10,10,0.5,,,1,30,30,,1.5,1.5,1.5,1.5,0.5,1.5,1.5,0.5,,,1,30,30,,1.5,1.5,1.5,1.5,0.5,1.5,1.5,5,5,,
Enable,,,1,1,1,1,1,1,0,0,0,1,1,,1,1,1,1,1,1,1,1,0,0,0,1,1,,1,1,1,1,1,1,1,1,1,1,1,1,1,0,0,0,1,1,,1,1,1,1,1,1,1,1,0,0,0,1,1,,1,1,1,1,1,1,1,1,1,,
1,1,1,1.486,62.348,1.923,90.541,92.464,-2.023,27.021,29.043,4.579,400.692,405.27,36.532,-44.486,-44.879,-56.953,-57.381,0.997,-11.257,-21.673,-3.163,27.03,30.193,4.574,388.624,393.199,37.718,-46.435,-45.706,-56.622,-56.38,1.131,-9.021,-21.443,1.749,73.233,2.307,107.175,109.482,-0.249,27.464,27.714,5.164,434.637,439.801,37.204,-41.952,-40.979,-53.025,-52.351,1.46,-11.507,-21.828,-1.737,27.508,29.245,5.605,464.861,470.465,35.21,-41.324,-41.275,-54.698,-54.933,1.501,-13.746,-19.172,0.061,1.891,267.718,10471.545
2,1,2,1.453,61.62,1.921,90.271,92.191,-3.064,27.039,30.102,4.548,403.908,408.456,36.402,-43.926,-44.161,-56.416,-56.113,1.298,-11.421,-21.675,-3.151,27.074,30.225,4.544,396.053,400.596,37.399,-46.191,-45.638,-56.28,-56.286,1.142,-8.742,-21.408,1.691,72.535,2.284,105.912,108.196,-0.194,27.471,27.664,5.18,433.385,438.566,37.363,-41.549,-40.526,-52.842,-52.106,1.516,-10.857,-21.804,-1.686,27.503,29.189,5.441,450.694,456.135,36.269,-41.485,-41.494,-54.63,-54.968,1.501,-13.518,-19.156,0.06,1.916,260.804,7608.287
3,1,3,1.522,63.482,1.997,93.014,95.011,-3.149,27.037,30.186,4.65,403.721,408.372,36.39,-43.983,-44.096,-56.764,-56.748,1.233,-12.027,-21.547,-3.363,27.054,30.417,4.777,400.421,405.198,36.809,-46.569,-46.008,-56.808,-56.529,1.069,-9.081,-21.309,1.724,75.071,2.343,109.272,111.616,-0.325,27.484,27.809,5.286,438.031,443.317,37.073,-41.741,-40.702,-52.995,-52.38,1.482,-10.995,-21.817,-1.927,27.476,29.403,5.544,460.845,466.388,35.258,-41.355,-41.187,-54.682,-54.716,1.5,-14.124,-19.167,0.071,2.547,262.147,6135.776
4,1,4,1.483,60.311,1.875,88.321,90.196,-2.69,27.035,29.726,4.582,401.348,405.93,36.597,-44.54,-44.63,-56.81,-56.755,1.115,-11.449,-21.442,-3.18,27.022,30.202,4.62,392.367,396.987,37.286,-46.971,-46.69,-56.599,-56.447,0.97,-9.347,-21.177,1.8,77.442,2.382,111.093,113.474,-0.989,27.549,28.538,5.364,441.866,447.231,37.321,-40.798,-39.884,-52.751,-52.14,1.648,-11.615,-21.798,-1.737,27.462,29.199,5.769,471.498,477.266,34.337,-41.411,-41.552,-54.598,-54.92,1.48,-14.258,-19.169,0.065,2.267,256.702,6510.738
5,1,5,1.57,66.551,2.012,95.596,97.607,-2.49,26.929,29.419,4.665,400.995,405.661,35.734,-45.706,-45.81,-57.303,-57.7,0.892,-11.279,-21.702,-3.24,27.03,30.27,4.564,394.981,399.545,37.12,-47.077,-46.365,-56.816,-56.574,1.026,-9.349,-21.218,1.71,73.32,2.3,107.518,109.819,-0.319,27.484,27.803,5.19,437.504,442.694,37.126,-42.075,-41.265,-53.046,-52.294,1.455,-11.314,-21.787,-1.734,27.464,29.197,5.652,466.194,471.846,34.747,-41.404,-41.357,-54.749,-54.964,1.492,-14.604,-19.004,0.06,1.827,251.419,10717.62
6,1,6,1.472,62.005,1.924,90.029,91.954,-2.93,27.047,29.976,4.517,404.028,408.545,36.46,-44.407,-44.582,-56.686,-56.908,1.096,-10.765,-22.691,-3.084,27.058,30.141,4.5,391.642,396.142,37.678,-46.086,-45.641,-56.457,-56.18,1.182,-8.934,-22.013,1.825,78.688,2.433,112.037,114.471,-0.344,27.488,27.832,5.294,435.874,441.167,37.291,-40.817,-39.818,-52.883,-52.142,1.646,-11.014,-22.459,-1.899,27.485,29.384,5.584,460.216,465.8,35.375,-41.221,-41.156,-54.808,-54.93,1.569,-15.635,-19.608,0.067,2.225,253.614,7840.818
7,1,7,1.446,59.054,1.868,86.769,88.636,-2.249,26.925,29.173,4.453,396.305,400.758,36.136,-45.222,-45.728,-56.976,-57.852,0.787,-11.196,-22.081,-3.084,27.028,30.112,4.485,393.068,397.553,37.289,-47.03,-46.243,-56.58,-56.249,1.051,-9.125,-21.888,1.697,71.07,2.258,104.907,107.165,-0.185,27.482,27.667,5.136,432.128,437.265,37.569,-41.654,-40.738,-52.726,-52.136,1.498,-11.576,-21.974,-1.828,27.473,29.301,5.461,447.306,452.767,36.288,-41.465,-41.561,-54.518,-54.82,1.472,-12.611,-19.303,0.064,2.013,252.982,7717.806
8,1,8,1.548,64.532,2.022,93.39,95.412,-3.258,27.015,30.273,4.696,401.567,406.262,36.394,-44.365,-44.993,-56.85,-57.575,0.94,-12.022,-21.541,-3.084,26.953,30.037,4.712,397.993,402.705,36.178,-48.188,-47.468,-56.98,-56.756,0.87,-8.855,-20.754,1.879,78.059,2.544,112.106,114.651,-0.913,27.543,28.457,5.589,441.34,446.929,37.297,-40.855,-40.269,-52.941,-52.391,1.624,-14.033,-22.249,-1.912,27.469,29.381,6.049,479.458,485.507,33.814,-42.542,-42.598,-54.321,-54.484,1.455,-13.394,-19.161,0.069,1.933,255.246,6548.514
9,1,9,1.511,61.786,1.948,89.503,91.451,-2.451,26.941,29.393,4.697,400.68,405.377,35.86,-45.549,-45.239,-56.899,-56.927,0.98,-10.039,-21.453,-3.267,27.031,30.298,4.573,386.591,391.163,37.92,-45.997,-45.787,-56.568,-56.225,1.153,-9.816,-21.235,1.789,77.34,2.422,111.225,113.647,-0.181,27.478,27.659,5.287,438.109,443.396,37.017,-41.826,-41.013,-53.12,-52.548,1.478,-11.47,-21.79,-1.748,27.428,29.176,5.694,465.598,471.292,34.5,-41.851,-41.811,-54.752,-54.844,1.488,-13.521,-19.159,0.062,2.022,253.324,8141.713
10,1,10,1.461,59.421,1.885,87.599,89.484,-2.246,26.928,29.175,4.608,396.323,400.932,36.15,-45.568,-45.645,-56.87,-57.446,0.879,-10.42,-21.618,-3.267,27.018,30.285,4.501,387.141,391.642,37.767,-46.557,-46.092,-56.629,-56.498,1.083,-9.686,-21.397,1.825,77.911,2.434,112.332,114.766,-0.573,27.493,28.065,5.246,436.478,441.725,37.291,-41.673,-40.589,-53.167,-52.463,1.539,-12.617,-21.763,-2.564,27.49,30.054,5.839,473.071,478.91,34.446,-41.391,-41.304,-54.619,-54.812,1.554,-12.744,-19.12,0.066,2.234,257.13,9656.577
11,1,11,1.471,58.509,1.915,86.558,88.473,-2.577,27.023,29.6,4.602,400.635,405.237,36.551,-44.458,-44.509,-56.468,-56.543,1.12,-10.797,-21.443,-3.17,27.02,30.189,4.479,383.609,388.089,38.126,-45.847,-45.702,-56.566,-56.239,1.156,-8.733,-21.221,1.728,74.461,2.342,109.296,111.638,-0.102,27.471,27.573,5.238,437.345,442.583,37.02,-42.459,-41.394,-53.085,-52.447,1.426,-10.813,-21.679,-1.481,27.506,28.987,5.572,457.231,462.803,35.774,-41.795,-41.835,-54.833,-54.932,1.487,-13.786,-19.041,0.067,1.772,250.447,6892.643
12,1,12,1.515,64.43,1.987,93.435,95.422,-3.007,27.048,30.055,4.669,407.064,411.732,36.186,-44.928,-45.497,-56.91,-57.91,0.828,-11.302,-21.382,-3.17,26.984,30.154,4.63,400.538,405.168,36.22,-48.427,-47.813,-56.996,-56.886,0.842,-9.332,-21.124,1.929,83.618,2.552,119.772,122.324,-0.743,27.522,28.265,5.462,446.154,451.616,36.725,-41.024,-40.275,-53.263,-52.437,1.608,-12.771,-21.664,-2.597,27.503,30.099,5.991,485.343,491.335,33.673,-42.163,-42.161,-54.543,-54.503,1.555,-13.265,-19.041,0.068,2.234,254.47,6431.62
13,1,13,1.458,58.855,1.904,86.816,88.721,-2.878,27.032,29.91,4.601,402.142,406.743,36.498,-44.263,-44.349,-56.37,-56.239,1.226,-11.352,-21.628,-3.17,26.975,30.144,4.568,388.429,392.997,37.261,-47.461,-46.624,-56.731,-56.446,1.014,-9.362,-21.412,1.8,77.024,2.394,111.977,114.371,-0.4,27.473,27.874,5.262,437.88,443.142,37.003,-42.08,-41.344,-53.294,-52.546,1.433,-11.487,-21.745,-2.007,27.452,29.459,5.644,462.731,468.375,34.912,-42.234,-42.131,-54.671,-54.728,1.47,-12.975,-19.102,0.065,1.7,248.702,15404.279
14,1,14,1.529,61.304,1.957,89.482,91.439,-2.831,27.009,29.841,4.751,403.733,408.484,36.15,-45.489,-45.954,-57.3,-57.969,0.749,-10.96,-20.996,-3.025,26.991,30.015,4.669,401.308,405.977,36.199,-48.511,-48.243,-57.058,-56.883,0.751,-10.261,-20.702,1.82,72.589,2.437,105.479,107.916,-0.619,27.508,28.127,5.418,436.241,441.659,37.425,-41.133,-40.39,-52.875,-52.156,1.616,-12.229,-21.855,-1.159,27.52,28.679,5.927,473.161,479.089,34.661,-41.93,-42.157,-54.609,-54.919,1.445,-12.93,-19.241,0.073,1.907,255.199,8624.015
15,1,15,1.463,61.924,1.937,90.508,92.445,-2.793,27.029,29.822,4.598,405.46,410.058,36.176,-44.641,-44.984,-56.755,-56.988,1.074,-11.227,-21.539,-3.131,27.011,30.142,4.624,393.652,398.276,37.076,-46.716,-46.08,-56.749,-56.281,1.049,-8.898,-21.269,1.767,73.823,2.375,107.284,109.658,-0.506,27.47,27.975,5.199,433.816,439.015,37.323,-40.772,-39.951,-52.79,-52.151,1.621,-10.775,-21.932,-1.434,27.504,28.938,5.572,463.943,469.515,35.246,-40.866,-40.94,-54.694,-54.885,1.522,-14.444,-19.293,0.065,1.954,245.232,10419.408
16,1,16,1.482,61.22,1.923,89.455,91.378,-2.718,26.959,29.677,4.594,399.602,404.196,36.115,-45.355,-45.169,-56.716,-56.699,1.105,-10.817,-21.426,-3.25,27.015,30.266,4.512,389.349,393.861,37.529,-46.638,-46.275,-56.611,-56.374,1.064,-9.479,-21.154,1.895,82.442,2.527,116.403,118.93,-0.427,27.465,27.892,5.389,441.563,446.952,36.62,-41.485,-40.648,-53.106,-52.476,1.542,-10.294,-21.707,-1.967,27.478,29.445,5.763,468.733,474.496,34.668,-41.501,-41.348,-54.85,-54.962,1.568,-15.653,-19.06,0.068,2.225,251.471,6599.507
17,1,17,1.409,57.904,1.863,86.516,88.379,-2.75,26.944,29.694,4.552,397.28,401.832,36.195,-44.668,-45.167,-56.845,-57.144,0.989,-11.149,-22.045,-3.163,27.017,30.179,4.465,391.714,396.179,37.319,-46.711,-46.306,-56.498,-56.35,1.078,-8.975,-21.824,1.753,72.276,2.336,105.064,107.399,-0.197,27.472,27.668,5.263,434.505,439.767,37.271,-41.427,-40.448,-52.855,-52.305,1.54,-11.459,-21.985,-1.737,27.472,29.209,5.61,463.51,469.12,35.016,-40.971,-40.785,-54.694,-54.897,1.519,-14.063,-19.331,0.066,2.119,246.007,6543.001
18,1,18,1.402,56.852,1.839,85.036,86.874,-2.276,26.923,29.199,4.49,397.286,401.776,36.03,-45.63,-46.176,-57.121,-58.158,0.703,-10.633,-21.895,-3.012,26.987,29.999,4.498,393.164,397.662,36.921,-47.783,-47.416,-56.925,-56.649,0.917,-9.434,-21.693,1.803,77.731,2.395,111.974,114.369,-0.407,27.495,27.902,5.23,437.889,443.119,37.19,-41.378,-40.576,-53.009,-52.288,1.543,-11.216,-21.856,-2.416,27.497,29.913,5.554,457.258,462.812,35.703,-41.161,-41.249,-54.539,-54.835,1.558,-13.27,-19.211,0.064,2.263,250.665,6252.882
19,1,19,1.461,58.852,1.912,86.579,88.49,-2.306,26.938,29.244,4.624,398.926,403.549,35.994,-45.671,-45.783,-57.154,-57.486,0.914,-11.024,-21.375,-3.023,26.964,29.987,4.467,388.227,392.694,37.193,-47.701,-47.286,-56.732,-56.598,0.919,-9.334,-21.111,1.858,78.486,2.448,113.295,115.743,-0.407,27.443,27.85,5.193,437.189,442.381,36.808,-42.236,-41.301,-53.144,-52.612,1.429,-10.575,-21.631,-1.94,27.505,29.445,5.584,456.702,462.285,35.81,-41.917,-41.733,-54.727,-54.754,1.486,-13.728,-18.993,0.058,1.962,248.085,5742.382
20,1,20,1.494,61.557,1.964,90.234,92.198,-2.75,27.028,29.778,4.602,402.924,407.526,36.392,-44.924,-45.315,-56.922,-57.438,0.942,-11.394,-20.944,-3.097,27.07,30.166,4.57,397.876,402.445,37.189,-47.2,-46.655,-56.696,-56.439,0.992,-9.311,-20.662,1.814,76.618,2.443,111.174,113.617,-0.603,27.496,28.099,5.327,443.819,449.146,36.702,-42.296,-41.319,-53.119,-52.534,1.421,-11.669,-21.682,-2.097,27.465,29.562,5.847,470.592,476.439,34.427,-41.799,-41.828,-54.632,-54.776,1.464,-13.132,-19.059,0.056,2.221,251.528,5526.395
21,1,21,1.472,59.866,1.929,88.372,90.301,-2.188,26.925,29.113,4.579,399.139,403.718,35.871,-45.747,-45.85,-56.917,-57.507,0.841,-10.898,-21.157,-3.097,26.975,30.072,4.55,388.576,393.127,37.25,-47.349,-46.625,-56.56,-56.605,0.975,-9.314,-20.916,1.867,80.282,2.498,115.834,118.332,-0.79,27.522,28.312,5.291,441.045,446.336,37.165,-41.011,-39.942,-53.029,-52.117,1.619,-11.214,-21.671,-2.376,27.487,29.863,5.671,462.556,468.228,35.204,-41.624,-41.652,-54.713,-54.783,1.536,-13.65,-19.049,0.06,1.942,251.958,6141.643
22,1,22,1.564,66.638,2.037,95.737,97.774,-2.612,27.009,29.622,4.659,404.813,409.473,36.065,-45.289,-45.13,-56.913,-57.252,1.005,-11.275,-21.357,-3.293,27.026,30.32,4.677,395.98,400.657,36.984,-46.964,-46.795,-56.921,-56.807,1.001,-9.562,-21.073,1.864,79.461,2.472,113.918,116.389,-0.692,27.507,28.199,5.308,439.517,444.825,37.156,-41.189,-40.297,-52.951,-52.344,1.574,-11.628,-21.85,-1.845,27.489,29.334,5.698,466.055,471.753,34.958,-42.197,-42.247,-54.792,-54.903,1.453,-13.481,-19.225,0.061,2.013,257.266,6027.908
24,1,24,1.478,60.038,1.911,89.028,90.939,-2.472,26.973,29.445,4.531,401.164,405.694,36.094,-45.124,-45.441,-57.017,-57.414,0.872,-10.938,-21.479,-3.15,27.014,30.164,4.548,389.891,394.439,37.464,-46.942,-46.103,-56.657,-56.394,1.067,-9.368,-21.274,1.78,75.264,2.381,109.366,111.747,-0.589,27.544,28.132,5.209,438.064,443.273,37.6,-41.246,-40.227,-52.822,-52.235,1.613,-11.802,-21.715,-2.244,27.469,29.713,5.632,460.535,466.166,35.216,-41.451,-41.358,-54.529,-54.736,1.496,-12.535,-19.061,0.064,2.183,244.299,6626.49
25,1,25,1.47,61.033,1.905,88.718,90.623,-2.285,26.949,29.234,4.572,396.431,401.004,36.314,-45.261,-45.219,-56.758,-56.88,1.059,-10.25,-21.506,-3.384,27.04,30.425,4.499,387.466,391.965,37.927,-45.888,-45.988,-56.579,-56.331,1.141,-10.188,-21.209,1.846,79.199,2.465,113.924,116.388,-0.223,27.482,27.705,5.323,440.052,445.375,36.889,-42.041,-41.445,-53.187,-52.756,1.447,-11.137,-21.915,-2.082,27.514,29.596,5.71,465.595,471.305,35.192,-41.992,-41.677,-54.666,-54.912,1.53,-13.569,-19.262,0.07,2.267,252.677,6374.534
26,1,26,1.462,59.204,1.883,87.349,89.232,-2.486,27.029,29.515,4.591,404.311,408.901,36.278,-44.717,-45.119,-56.669,-57.069,0.966,-11.268,-21.467,-3.214,26.92,30.133,4.485,389.226,393.711,36.724,-47.973,-47.365,-56.81,-56.47,0.844,-8.872,-21.233,1.761,76.831,2.402,111.39,113.792,-0.966,27.553,28.52,5.28,444.809,450.089,37.122,-40.854,-40.059,-52.815,-52.148,1.614,-11.506,-21.72,-2.082,27.559,29.641,5.706,478.333,484.039,34.622,-41.206,-41.367,-54.619,-54.843,1.501,-14.414,-19.091,0.057,2.043,244.122,6509.343
27,1,27,1.47,60.209,1.906,88.354,90.26,-2.455,27.043,29.499,4.544,402.755,407.3,36.54,-44.794,-44.848,-56.723,-56.726,1.08,-10.167,-21.571,-3.214,27.04,30.254,4.545,391.371,395.917,37.549,-46.675,-46.167,-56.829,-56.553,1.102,-10.134,-21.356,1.746,74.839,2.355,109.979,112.334,-0.851,27.519,28.37,5.195,438.954,444.149,37.317,-41.2,-40.212,-52.935,-52.139,1.587,-11.527,-21.774,-1.574,27.512,29.085,5.692,469.293,474.985,34.902,-41.802,-41.915,-54.767,-54.98,1.452,-14.104,-19.133,0.061,2.009,249.113,7280.01
28,1,28,1.442,57.823,1.85,85.806,87.656,-2.493,27.028,29.521,4.618,405.436,410.054,36.164,-45.23,-45.27,-56.691,-56.794,1.003,-11.111,-21.195,-3.004,26.986,29.99,4.591,395.908,400.5,36.653,-48.475,-48.17,-57.011,-56.907,0.815,-9.8,-20.887,1.902,81.934,2.529,116.586,119.115,-0.682,27.479,28.161,5.368,438.052,443.42,37.038,-41.563,-40.768,-52.975,-52.376,1.541,-11.586,-22.148,-2.324,27.472,29.796,5.779,466.197,471.976,34.808,-41.834,-41.876,-54.492,-54.73,1.491,-13.971,-19.531,0.063,2.2,249.715,6404.249
29,1,29,1.498,60.889,1.954,89.594,91.547,-2.432,26.999,29.431,4.644,399.608,404.252,36.443,-44.756,-44.682,-56.736,-56.843,1.099,-11.227,-21.921,-3.158,27.024,30.182,4.525,390.092,394.618,37.532,-46.28,-45.717,-56.637,-56.405,1.148,-8.718,-21.715,1.815,77.656,2.469,111.122,113.592,-0.365,27.478,27.843,5.343,436.86,442.203,37.117,-41.189,-40.453,-53.053,-52.397,1.569,-11.544,-21.913,-1.587,27.501,29.088,5.764,466.236,471.999,35.035,-41.971,-41.857,-54.753,-54.891,1.484,-13.483,-19.263,0.061,1.908,248.249,6135.105
31,1,31,1.323,55.005,1.731,82.625,84.356,-2.774,26.575,33.905,4.510,401.337,405.847,36.944,-44.734,-44.820,-56.929,-56.547,1.192,-10.929,-22.237,-3.398,26.474,30.259,4.454,381.010,385.463,38.861,-47.583,-46.744,-56.796,-56.373,1.080,-7.812,-21.897,1.581,68.851,2.168,101.541,103.709,-0.076,27.621,25.027,5.354,445.990,451.344,35.869,-41.905,-41.381,-53.146,-52.492,1.357,-9.055,-21.813,-2.022,28.527,33.454,5.683,478.328,484.011,34.370,-40.147,-39.954,-54.092,-54.292,1.581,-12.430,-19.747,0.053,2.251,259.800,1593227.017
32,1,32,1.298,53.543,1.705,81.064,82.768,-2.403,26.433,33.393,4.422,391.063,395.485,36.688,-45.227,-44.660,-56.713,-56.089,1.246,-10.786,-22.695,-3.388,26.456,30.231,4.415,374.412,378.827,39.383,-46.528,-45.610,-56.767,-56.198,1.389,-7.942,-22.373,1.531,65.708,2.120,98.347,100.468,-0.105,27.642,25.078,5.286,445.067,450.353,36.128,-41.751,-41.035,-53.015,-52.256,1.422,-8.758,-22.213,-1.444,28.435,32.784,5.674,467.694,473.368,34.400,-40.177,-39.969,-54.050,-54.503,1.525,-13.423,-20.129,0.054,2.556,252.847,20475.721
33,1,33,1.303,54.758,1.728,82.384,84.112,-2.885,26.579,34.020,4.442,400.521,404.964,37.052,-46.240,-46.547,-57.462,-57.800,0.702,-11.526,-21.905,-3.429,26.427,30.244,4.356,382.523,386.878,38.306,-49.701,-48.783,-57.391,-57.046,0.658,-8.104,-21.399,1.608,69.859,2.204,102.621,104.824,-0.285,27.665,25.280,5.569,449.472,455.042,35.946,-41.382,-40.876,-53.264,-52.646,1.451,-9.168,-21.962,-1.928,28.478,33.311,5.895,489.461,495.356,33.206,-39.956,-39.743,-54.124,-54.584,1.561,-14.437,-19.903,0.054,3.069,256.674,7101.719
34,1,34,1.374,58.566,1.799,85.945,87.744,-2.962,26.575,34.093,4.677,399.622,404.299,37.082,-46.090,-46.819,-57.462,-58.387,0.610,-12.206,-21.705,-3.417,26.413,30.218,4.550,389.454,394.004,37.490,-50.359,-49.764,-57.614,-57.345,0.510,-8.895,-21.164,1.664,71.723,2.263,104.657,106.920,-0.644,27.726,25.700,5.489,450.937,456.427,36.359,-40.838,-39.983,-52.982,-52.108,1.594,-9.316,-21.870,-2.098,28.484,33.487,5.909,481.781,487.689,33.772,-40.075,-40.055,-54.121,-54.600,1.550,-13.924,-19.797,0.053,2.751,255.919,9356.721
35,1,35,1.327,56.422,1.747,84.188,85.935,-2.906,26.545,34.006,4.602,400.170,404.771,36.780,-45.001,-44.680,-56.889,-56.232,1.285,-10.823,-22.374,-3.534,26.452,30.373,4.482,376.887,381.369,39.085,-46.872,-46.215,-56.935,-56.400,1.236,-8.087,-22.001,1.575,69.230,2.174,101.992,104.167,0.074,27.630,24.886,5.352,447.088,452.439,35.856,-41.458,-40.586,-53.057,-52.332,1.441,-8.466,-22.051,-1.407,28.482,32.794,5.852,481.203,487.055,33.798,-40.107,-39.896,-54.137,-54.715,1.558,-15.180,-19.964,0.053,2.399,257.541,8498.832
36,1,36,1.299,50.025,1.711,75.350,77.061,-1.944,26.455,32.955,4.588,395.746,400.334,36.425,-45.687,-45.380,-57.008,-56.365,1.182,-10.402,-22.765,-3.305,26.350,30.042,4.419,369.582,374.000,38.923,-47.396,-46.601,-56.905,-56.371,1.109,-8.574,-22.419,1.514,61.543,2.079,92.194,94.273,0.639,27.633,24.324,5.233,441.855,447.087,36.293,-42.159,-41.084,-52.889,-52.318,1.383,-8.537,-22.233,-0.748,28.511,32.165,5.557,469.393,474.950,34.893,-40.373,-40.219,-54.373,-54.631,1.491,-13.514,-20.169,0.054,2.751,261.003,5910.644
37,1,37,1.314,52.238,1.778,78.583,80.360,-2.662,26.500,33.718,4.676,400.675,405.350,36.350,-45.627,-45.680,-56.952,-56.782,1.005,-10.713,-22.333,-3.318,26.408,30.113,4.541,376.327,380.868,38.735,-47.795,-46.952,-57.132,-56.775,1.057,-7.756,-22.011,1.583,63.390,2.154,93.635,95.789,0.356,27.661,24.635,5.488,447.924,453.412,36.028,-41.885,-41.281,-53.033,-52.444,1.390,-9.445,-21.821,-1.508,28.459,32.872,5.703,479.709,485.412,33.735,-40.534,-40.434,-54.064,-54.492,1.526,-11.839,-19.765,0.055,2.306,251.917,6035.932
38,1,38,1.334,54.368,1.775,80.628,82.403,-2.782,26.582,33.920,4.689,403.120,407.809,36.821,-44.821,-45.134,-56.896,-56.869,1.162,-11.303,-22.362,-3.438,26.419,30.244,4.484,386.249,390.733,37.855,-48.571,-47.991,-57.352,-56.980,0.859,-8.884,-21.961,1.612,65.898,2.172,96.790,98.962,-0.413,27.776,25.518,5.591,457.975,463.565,36.202,-40.834,-39.986,-53.042,-52.112,1.627,-9.284,-22.030,-1.233,28.479,32.616,5.895,490.327,496.222,33.152,-40.736,-40.507,-54.147,-54.638,1.442,-13.255,-19.943,0.052,2.785,251.931,6155.271
39,1,39,1.321,52.506,1.783,78.917,80.699,-2.667,26.500,33.723,4.679,398.931,403.610,36.503,-45.358,-45.261,-57.157,-56.970,1.099,-10.936,-22.176,-3.332,26.403,30.122,4.537,379.416,383.953,38.377,-47.839,-47.634,-57.210,-56.755,0.959,-8.173,-21.787,1.644,66.352,2.250,97.629,99.879,0.435,27.642,24.537,5.592,445.771,451.363,36.028,-41.246,-40.321,-53.203,-52.482,1.563,-8.711,-22.016,-1.286,28.516,32.707,5.905,480.202,486.107,34.133,-40.476,-40.463,-54.196,-54.576,1.548,-13.327,-19.963,0.056,2.013,251.882,7705.563
40,1,40,1.332,50.852,1.724,77.266,78.990,-2.779,26.521,33.856,4.517,392.140,396.657,37.334,-44.656,-44.259,-56.610,-56.009,1.382,-11.197,-23.009,-3.365,26.394,30.146,4.483,371.305,375.788,39.137,-46.753,-46.405,-56.890,-56.289,1.218,-8.057,-22.676,1.586,64.893,2.160,96.005,98.165,-0.180,27.744,25.254,5.473,444.453,449.926,37.026,-40.620,-39.411,-52.809,-51.835,1.731,-9.158,-22.410,-1.659,28.488,33.052,5.718,471.107,476.825,34.575,-40.452,-40.363,-54.172,-54.466,1.494,-13.748,-20.308,0.051,2.501,249.439,5901.272
41,1,41,1.334,54.127,1.840,81.473,83.313,-2.575,26.506,33.637,4.668,395.616,400.284,36.865,-47.091,-47.075,-57.768,-58.364,0.557,-12.029,-21.665,-3.406,26.419,30.212,4.565,389.112,393.677,37.569,-50.268,-50.060,-57.821,-57.674,0.503,-9.433,-21.186,1.619,64.051,2.219,95.667,97.887,-0.395,27.764,25.489,5.617,451.746,457.363,36.596,-40.435,-39.700,-53.014,-52.114,1.718,-9.805,-21.796,-1.941,28.487,33.332,5.885,484.084,489.969,33.636,-40.342,-40.256,-54.118,-54.302,1.524,-12.954,-19.738,0.054,2.505,251.882,6271.518
42,1,42,1.399,54.482,1.831,80.919,82.750,-3.073,26.539,34.168,4.603,392.874,397.477,37.407,-44.163,-44.070,-56.364,-56.205,1.349,-11.507,-22.749,-3.377,26.405,30.169,4.471,381.386,385.857,38.211,-47.865,-47.092,-57.062,-56.693,0.999,-8.281,-22.414,1.638,65.919,2.214,96.410,98.625,0.368,27.648,24.610,5.355,444.390,449.745,36.214,-41.011,-40.176,-53.044,-52.082,1.550,-8.558,-22.106,-1.444,28.446,32.795,5.788,473.080,478.868,34.096,-40.200,-40.005,-54.233,-54.474,1.549,-14.352,-19.998,0.055,2.310,253.840,6367.161
43,1,43,1.378,55.892,1.872,82.450,84.322,-2.323,26.424,33.303,4.629,392.022,396.652,36.501,-45.613,-44.372,-56.874,-55.636,1.414,-10.867,-22.792,-3.461,26.430,30.278,4.476,373.182,377.658,39.268,-45.940,-45.364,-56.584,-56.229,1.463,-8.150,-22.423,1.671,68.809,2.242,99.971,102.213,-0.489,27.749,25.569,5.621,448.994,454.615,36.696,-40.511,-39.491,-52.977,-52.031,1.753,-8.939,-22.145,-1.661,28.474,33.040,5.713,473.423,479.136,34.296,-40.491,-40.505,-54.097,-54.545,1.480,-13.765,-20.070,0.057,2.797,257.223,6482.883
44,1,44,1.294,50.217,1.742,75.873,77.616,-2.549,26.502,33.607,4.681,395.761,400.442,36.815,-45.286,-45.007,-56.895,-56.651,1.138,-10.997,-22.392,-3.313,26.338,30.038,4.470,371.723,376.193,38.593,-48.083,-47.453,-57.025,-56.837,0.954,-8.813,-22.013,1.628,67.049,2.221,98.471,100.691,0.023,27.689,24.996,5.497,451.824,457.321,35.959,-41.706,-40.933,-53.041,-52.442,1.417,-9.235,-22.096,-1.103,28.503,32.511,5.883,483.820,489.702,33.779,-41.044,-41.162,-54.260,-54.641,1.465,-12.191,-20.012,0.055,2.056,249.413,6935.796
45,1,45,1.294,51.011,1.707,77.512,79.219,-3.181,26.559,34.296,4.685,399.168,403.853,36.989,-44.601,-44.212,-56.589,-56.146,1.384,-10.829,-22.400,-3.262,26.364,30.013,4.447,372.968,377.416,38.699,-47.353,-46.813,-57.021,-56.471,1.131,-7.481,-22.051,1.474,59.645,2.067,90.170,92.237,0.352,27.661,24.639,5.421,442.862,448.283,36.437,-42.085,-40.874,-53.070,-52.314,1.435,-9.017,-22.151,-1.253,28.472,32.629,5.735,470.656,476.391,34.476,-40.297,-39.888,-54.450,-54.583,1.481,-13.640,-20.079,0.054,2.306,258.212,5837.222
46,1,46,1.276,49.739,1.718,76.096,77.814,-3.069,26.568,34.193,4.616,392.745,397.360,37.668,-45.392,-45.946,-56.978,-57.644,0.825,-11.757,-22.281,-3.200,26.368,29.956,4.441,381.951,386.392,37.837,-50.670,-49.726,-57.270,-57.026,0.497,-8.117,-21.817,1.571,65.029,2.198,96.429,98.627,-1.087,27.728,26.145,5.536,451.870,457.406,36.304,-40.821,-39.795,-52.847,-51.995,1.690,-9.743,-22.032,-1.916,28.463,33.284,5.999,488.156,494.156,33.169,-40.599,-40.540,-54.064,-54.625,1.443,-12.947,-19.982,0.060,2.573,258.175,8442.539
47,1,47,1.308,50.798,1.759,76.042,77.800,-1.468,26.436,32.460,4.669,393.668,398.336,36.440,-45.495,-45.318,-57.065,-56.894,1.108,-10.194,-23.107,-3.311,26.425,30.122,4.536,366.283,370.819,39.938,-45.434,-44.773,-56.518,-55.767,1.644,-7.724,-22.815,1.553,63.345,2.150,94.410,96.560,-0.047,27.658,25.035,5.400,445.079,450.479,36.253,-41.278,-40.246,-52.997,-52.274,1.572,-8.864,-22.256,-1.402,28.458,32.765,5.792,474.021,479.813,34.122,-39.892,-39.899,-54.206,-54.444,1.522,-13.016,-20.173,0.059,2.319,251.919,5760.983
48,1,48,1.255,49.273,1.672,75.651,77.323,-3.186,26.550,34.291,4.548,397.328,401.875,37.088,-44.697,-45.041,-56.902,-56.748,1.238,-11.553,-22.606,-3.138,26.343,29.868,4.357,379.705,384.062,37.843,-48.864,-48.507,-57.179,-56.864,0.776,-8.724,-22.289,1.546,63.407,2.084,94.239,96.324,0.195,27.662,24.797,5.357,444.032,449.389,36.367,-41.936,-40.791,-53.210,-52.372,1.450,-8.979,-22.092,-1.682,28.469,33.055,5.724,479.179,484.903,33.846,-40.276,-39.685,-54.157,-54.386,1.503,-13.827,-20.036,0.055,2.967,259.631,6466.713
49,1,49,1.369,53.159,1.799,79.368,81.166,-2.656,26.512,33.724,4.595,393.343,397.938,37.128,-44.767,-44.763,-56.678,-56.695,1.200,-11.227,-22.122,-3.266,26.417,30.071,4.514,376.523,381.037,38.803,-47.418,-46.639,-57.015,-56.618,1.173,-8.376,-21.715,1.710,69.097,2.325,100.230,102.555,-0.214,27.718,25.261,5.774,456.062,461.836,35.854,-41.204,-40.385,-53.058,-52.488,1.554,-9.524,-21.901,-2.052,28.483,33.440,5.992,492.174,498.166,33.060,-40.617,-40.533,-54.381,-54.448,1.554,-13.102,-19.844,0.058,2.509,250.195,6554.931
50,1,50,1.259,48.040,1.696,74.387,76.083,-3.083,26.534,34.173,4.708,401.469,406.177,36.563,-45.328,-44.602,-56.617,-55.631,1.384,-10.465,-22.362,-3.111,26.348,29.846,4.413,371.239,375.652,38.733,-47.643,-47.223,-56.695,-56.422,1.040,-7.989,-21.988,1.615,65.462,2.177,96.344,98.521,0.356,27.650,24.625,5.487,448.724,454.211,35.874,-41.604,-40.679,-53.148,-52.565,1.458,-8.971,-22.119,-0.995,28.516,32.416,6.122,489.912,496.035,33.445,-40.809,-40.584,-54.344,-54.725,1.513,-13.422,-20.066,0.054,2.128,258.584,6182.167
51,1,51,1.306,47.023,1.738,70.054,71.792,-2.835,26.505,33.896,4.742,401.992,406.734,36.266,-46.158,-45.640,-56.540,-56.226,1.012,-10.484,-22.235,-3.014,26.374,29.775,4.541,375.236,379.776,38.542,-49.126,-48.112,-56.864,-56.410,0.793,-8.286,-21.882,1.676,68.078,2.267,99.295,101.562,0.415,27.657,24.572,5.548,449.725,455.273,35.845,-41.547,-40.836,-53.366,-52.591,1.436,-8.806,-21.969,-1.415,28.468,32.788,5.909,483.242,489.151,33.551,-40.924,-40.869,-54.141,-54.513,1.518,-13.452,-19.909,0.055,2.035,253.095,7237.530
52,1,52,1.278,50.467,1.733,77.293,79.025,-2.719,26.522,33.797,4.580,396.200,400.780,36.955,-45.265,-45.589,-56.974,-57.340,0.996,-11.450,-22.433,-3.208,26.415,30.010,4.528,382.995,387.523,38.136,-48.517,-47.746,-57.043,-56.853,0.887,-8.333,-22.009,1.545,62.617,2.114,93.454,95.568,-0.175,27.774,25.278,5.536,453.665,459.200,36.524,-40.927,-39.744,-52.655,-51.849,1.678,-9.204,-22.137,-1.391,28.517,32.812,5.684,483.895,489.579,33.894,-40.718,-40.452,-54.277,-54.554,1.473,-13.552,-20.043,0.053,2.590,248.702,5976.566
53,1,53,1.327,52.274,1.755,79.016,80.770,-2.694,26.513,33.763,4.640,396.134,400.774,36.882,-44.917,-45.243,-56.956,-57.160,1.100,-10.915,-22.472,-3.286,26.435,30.107,4.496,378.198,382.694,38.789,-47.186,-46.610,-57.102,-56.542,1.143,-7.745,-22.096,1.565,63.708,2.157,94.392,96.549,0.199,27.646,24.777,5.435,447.906,453.340,35.915,-41.492,-40.375,-53.038,-52.179,1.533,-9.238,-22.037,-1.286,28.466,32.656,5.847,487.464,493.312,33.244,-40.384,-40.266,-54.157,-54.640,1.505,-13.647,-19.944,0.055,2.331,249.398,5678.257
54,1,54,1.261,49.637,1.695,75.606,77.301,-2.924,26.533,34.013,4.440,396.928,401.368,36.990,-46.214,-46.128,-56.980,-57.198,0.875,-11.328,-21.799,-3.211,26.396,29.994,4.360,378.748,383.108,38.404,-49.432,-48.826,-57.373,-57.101,0.690,-8.156,-21.362,1.599,64.986,2.176,95.556,97.733,0.206,27.688,24.812,5.471,447.241,452.712,36.309,-41.277,-40.642,-53.065,-52.319,1.504,-9.044,-22.039,-1.335,28.538,32.778,6.016,489.431,495.447,33.658,-40.137,-39.868,-54.343,-54.677,1.528,-13.669,-19.990,0.057,2.742,247.262,6220.754
55,1,55,1.383,55.053,1.821,81.190,83.012,-2.207,26.442,33.205,4.681,399.277,403.958,35.994,-46.373,-45.815,-57.461,-56.746,1.086,-10.752,-22.694,-3.324,26.447,30.158,4.542,380.390,384.933,38.677,-47.494,-46.606,-57.054,-56.624,1.174,-8.493,-22.292,1.573,64.048,2.189,94.864,97.054,0.233,27.711,24.808,5.413,446.414,451.827,36.578,-40.726,-39.786,-52.834,-51.985,1.647,-8.096,-22.167,-1.071,28.498,32.474,5.688,472.888,478.576,34.528,-39.781,-39.603,-54.268,-54.516,1.535,-14.726,-20.081,0.052,2.501,255.832,6398.685
