Header Section,,,,,,,,,,,,,,,,,,,,,,
Product,VC5345,,,,,,,,,,,,,,,,,,,,,
Test Plan,Rev(-),,,,,,,,,,,,,,,,,,,,,
Release Date,2/26/2015,,,,,,,,,,,,,,,,,,,,,
Comment,"1~25 was generate in Sigurd 2013/7/4, 31~60 was gererate in JCET 2013/9/16,101-125 was get in Goodark 2014/4/10 , 60#~90# for JCET Cu_A5E12.8.1",,,,,,,,,,,,,,,,,,,,,
,,,,,,,,,,,,,,,,,,,,,,
Data Section,,,,,,,,,,,,,,,,,,,,,,
Device#,1,2,3,4,5,6,7,8,9,10,11,12,13,14,15,16,17,18,19,20,21,22
Test Item,Site No,Device ID,Idle_H_Vbat,Idle_H_Vcc,Idle_H_Total,Pin_H_824,Pout_H_824,Gain_H_824,Icc_H_Vbat_824,Icc_H_Vcc_824,Icc_H_Total_824,PAE_H_Total_824,ACP_L_H_824,ACP_U_H_824,ALT_L_H_824,ALT_U_H_824,EVM_H_824,2fo_H_824,3fo_H_824,Leakage_Current,Test Time,Index Time
Low Tolerance,,,5,10,10,0.3,,,1,30,30,,1.5,1.5,1.5,1.5,0.5,1.5,1.5,5,,
High Tolerance,,,5,10,10,0.3,,,1,30,30,,1.5,1.5,1.5,1.5,0.5,1.5,1.5,5,,
Enable,,,1,1,1,1,0,0,0,1,1,,1,1,1,1,1,1,1,1,,
1,1,1,2.35,71.1,73.46,0.15,26.96,26.47,5.94,359,364.95,41.42,-39.3,-40.45,-54.13,-55.54,2.29,-17.46,-22.3,0.41,362.27,8000
2,1,2,2.42,74.05,76.48,-0.07,26.97,26.71,5.99,360.4,366.39,41.42,-39.21,-40.67,-53.81,-55.17,2.34,-17.53,-22.57,0.4,351.78,8000
3,1,3,2.45,77.11,79.56,-0.74,26.97,27.37,6.09,359.35,365.44,41.45,-39.56,-40.95,-53.88,-55.06,2.39,-18.12,-23.42,0.41,356.39,8000
4,1,4,2.42,75.39,77.81,0.16,26.96,26.47,5.93,362.03,367.95,41.1,-39.36,-40.77,-54.25,-55.65,2.36,-17,-22.46,0.4,351.01,8000
5,1,5,2.37,73.52,75.89,-0.44,26.96,27.06,5.9,356.94,362.84,41.71,-39.2,-40.65,-53.72,-55.04,2.41,-18.08,-23.41,0.4,357.03,8000
6,1,6,2.42,74.4,76.82,0.21,26.97,26.42,6.05,365.13,371.18,40.84,-39.54,-40.81,-54.54,-55.91,2.32,-17.08,-22.35,0.4,362.94,8000
7,1,7,2.33,70.48,72.8,0.25,26.97,26.39,6.03,365.37,371.4,40.81,-39.48,-40.36,-54.76,-56.09,2.24,-17.81,-22.26,0.4,351.86,8000
8,1,8,2.39,73.39,75.78,-0.06,26.98,26.7,5.97,363.19,369.16,41.13,-39.79,-40.87,-54.77,-56.04,2.26,-18.19,-23.01,0.41,354.46,8000
9,1,9,2.36,73.12,75.48,-0.25,26.97,26.89,6.01,360.92,366.93,41.35,-39.78,-40.87,-53.96,-55.16,2.28,-18.43,-23.43,0.4,366.4,8000
10,1,10,2.39,70.35,72.75,0.08,26.97,26.55,6.05,364.52,370.57,40.91,-39.29,-40.16,-54.45,-55.72,2.26,-17.98,-22.85,0.4,356.59,8000
11,1,11,2.48,79.42,81.9,-0.45,26.96,27.07,6.17,361.93,368.1,41.11,-40.01,-41.46,-54.3,-55.59,2.33,-18.31,-23.92,0.4,359.59,8000
12,1,12,2.53,79.45,81.99,-0.48,26.97,27.11,6.23,368.97,375.21,40.39,-40.29,-41.67,-55.14,-56.34,2.27,-18.19,-23.6,0.4,342.89,8000
13,1,13,2.35,71.68,74.02,-0.6,26.97,27.24,6,358.94,364.94,41.57,-39.49,-40.83,-54.05,-55.23,2.35,-18.34,-23.91,0.4,352.45,8000
14,1,14,2.43,74.64,77.07,-0.3,26.97,26.93,6.1,359.47,365.57,41.46,-39.77,-41.14,-54.43,-55.68,2.36,-18.18,-23.39,0.4,364.04,8000
15,1,15,2.42,73.51,75.93,0.09,26.96,26.53,6.01,359.88,365.88,41.35,-39.36,-40.65,-53.74,-55.03,2.34,-17.22,-22.65,0.4,356.29,8000
16,1,16,2.42,74.57,76.98,-0.13,26.98,26.77,6.05,365.44,371.49,40.89,-39.81,-41.08,-54.66,-55.97,2.28,-17.94,-22.79,0.4,358.61,8000
17,1,17,2.45,76.62,79.07,-0.22,26.97,26.86,6.05,361.03,367.08,41.32,-39.6,-41.01,-54.33,-55.6,2.36,-18.03,-23.48,0.4,369.75,8000
18,1,18,2.52,77,79.52,-0.33,26.97,26.96,6.17,364.75,370.92,40.82,-39.8,-41.19,-54.73,-56.08,2.35,-18.06,-23.34,0.41,350.05,8000
19,1,19,2.35,70.9,73.25,0.31,26.96,26.32,5.91,356.87,362.78,41.72,-38.8,-40.09,-53.54,-55,2.39,-17.43,-22.12,0.41,350.85,8000
20,1,20,2.48,75.86,78.34,-0.66,26.96,27.29,6.08,358.53,364.61,41.52,-39.9,-41.34,-54.46,-55.71,2.34,-18.39,-24.04,0.4,351.57,8000
21,1,21,2.49,75.37,77.86,-0.37,26.96,27,6.17,361.84,368,41.14,-39.77,-41.18,-54.61,-55.91,2.32,-18.04,-23.29,0.41,347.8,8000
22,1,22,2.43,74.43,76.86,-0.41,26.97,27.05,6,362.1,368.1,41.23,-39.97,-41.23,-54.54,-55.73,2.28,-18.18,-23.79,0.41,344.81,8000
23,1,23,2.41,73.06,75.47,0,26.98,26.64,5.95,358.94,364.89,41.63,-39.48,-40.76,-54.19,-55.52,2.31,-17.49,-22.53,0.39,355.48,8000
24,1,24,2.39,72.47,74.86,-0.04,26.98,26.69,6.06,364.07,370.13,41.03,-39.56,-40.65,-54.44,-55.79,2.31,-17.91,-23.07,0.4,354,8000
25,1,25,2.36,70.5,72.86,-0.25,26.97,26.89,6.02,358.9,364.93,41.55,-39.71,-40.93,-54.28,-55.48,2.31,-18.13,-23.26,0.4,365.06,8000
31,1,31,2.6,70.82,73.17,0.86,26.96,25.65,6.4,369.14,374.97,38.91,-39.54,-40.1,-52.14,-52.06,1.27,-17.24,-24.81,0.59,355.92,8000
32,1,32,2.74,75.13,77.62,0.53,26.95,25.98,6.55,373.41,379.4,38.45,-40.5,-40.98,-53.1,-52.95,1.19,-17.58,-25.63,0.59,349.19,8000
33,1,33,2.62,70.16,72.53,0.6,26.97,25.92,6.47,369.2,375.11,39.01,-39.3,-39.96,-52.17,-52.09,1.39,-16.92,-24.77,0.59,353.13,8000
34,1,34,2.67,74.41,76.83,-0.17,26.96,26.54,6.55,373.43,379.42,38.48,-39.32,-39.98,-52.34,-52.16,1.36,-17.39,-25.59,0.61,421.72,8000
35,1,35,2.66,73.13,75.54,0.31,26.97,26.21,6.48,369.21,375.13,39.03,-39.33,-40.03,-52.54,-52.48,1.43,-17.74,-25.08,0.59,375.29,8000
36,1,36,2.63,73.68,76.06,0.44,26.97,26.08,6.41,372.1,377.95,38.74,-39.69,-40.25,-52.49,-52.42,1.37,-17.56,-25.28,0.6,369.38,8000
37,1,37,2.62,71.22,73.6,0.7,26.96,25.81,6.45,370.02,375.91,38.86,-39.59,-40.19,-52.43,-52.38,1.3,-17.38,-24.59,0.59,366.19,8000
38,1,38,2.59,71.9,74.24,0.47,26.96,26.05,6.39,371.51,377.34,38.75,-39.79,-40.41,-52.69,-52.62,1.29,-17.32,-25.04,0.59,357.94,8000
39,1,39,2.56,68.3,70.61,0.75,26.97,25.77,6.45,371.23,377.12,38.79,-39.31,-39.94,-52.21,-52.13,1.33,-16.92,-24.67,0.59,356.02,8000
40,1,40,2.67,74.13,76.55,0.28,26.97,26.24,6.5,374.4,380.34,38.52,-40.14,-40.73,-52.93,-52.78,1.25,-17.14,-25.58,0.59,388.42,8000
41,1,41,2.68,73.81,76.25,0.39,26.97,26.13,6.54,374.44,380.42,38.48,-40.02,-40.6,-52.85,-52.73,1.32,-17.38,-25.59,0.58,361.44,8000
42,1,42,2.62,70.8,73.17,-0.06,26.97,26.58,6.48,369.83,375.75,38.99,-39.02,-39.78,-52.14,-51.96,1.45,-16.69,-24.96,0.59,388.79,8000
43,1,43,2.76,75.78,78.28,0.16,26.98,26.36,6.57,372.25,378.27,38.77,-39.88,-40.44,-53.08,-52.92,1.35,-17.84,-25.72,0.59,390.97,8000
44,1,44,2.74,75.22,77.71,0.24,26.97,26.28,6.63,375.19,381.26,38.42,-39.98,-40.49,-52.9,-52.74,1.32,-17.29,-25.84,0.59,382.51,8000
45,1,45,2.71,74.09,76.55,0.39,26.97,26.13,6.5,371.37,377.31,38.76,-39.79,-40.34,-52.53,-52.44,1.33,-17.61,-25.41,0.58,362.51,8000
46,1,46,2.71,74.68,77.14,0.7,26.97,25.82,6.58,373.45,379.47,38.57,-39.93,-40.48,-52.61,-52.53,1.28,-17.49,-25.18,0.59,380.58,8000
47,1,47,2.66,72.94,75.35,0.63,26.98,25.9,6.47,372.71,378.62,38.71,-39.57,-40.16,-52.44,-52.39,1.34,-17.25,-24.98,0.59,381.41,8000
48,1,48,2.71,75.24,77.7,0.42,26.97,26.1,6.58,377.38,383.4,38.21,-39.75,-40.27,-52.52,-52.42,1.38,-17.25,-25.88,0.58,380.9,8000
49,1,49,2.58,69.31,71.64,0.55,26.96,25.96,6.41,368.84,374.69,38.95,-39.61,-40.16,-52.32,-52.23,1.34,-17.28,-24.94,0.59,360.37,8000
50,1,50,2.63,69.47,71.85,0.67,26.96,25.83,6.54,370.09,376.07,38.82,-39.99,-40.51,-52.69,-52.58,1.24,-17.05,-24.87,0.59,357.53,8000
51,1,51,2.55,67.35,69.65,0.29,26.97,26.23,6.47,369.19,375.1,39,-40.01,-40.28,-52.45,-52.15,1.25,-17.66,-25.74,0.58,360.79,8000
52,1,52,2.64,71.77,74.15,0.24,26.98,26.29,6.47,373.65,379.56,38.61,-40.09,-40.46,-52.8,-52.52,1.31,-17.63,-26.12,0.59,382.37,8000
53,1,53,2.54,67.55,69.84,0.16,26.96,26.36,6.36,368.86,374.66,39.02,-40.09,-40.44,-52.7,-52.42,1.24,-17.8,-25.77,0.59,379.6,8000
54,1,54,2.67,74.54,76.96,0.35,26.97,26.17,6.53,374.04,380.01,38.53,-40.11,-40.54,-52.66,-52.48,1.3,-17.55,-25.97,0.58,365.54,8000
55,1,55,2.7,74.85,77.31,0.45,26.97,26.07,6.51,372.08,378.03,38.75,-39.81,-40.33,-52.6,-52.48,1.34,-17.67,-25.43,0.58,369.3,8000
61,1,61,2.456,71.863,74.32,-0.243,26.955,27.197,6.186,370.545,376.731,38.723,-40.338,-40.824,-51.459,-51.496,1.369,-12.999,-23.131,0.747,398.522,8000
62,1,62,2.412,69.488,71.899,-0.356,26.956,27.312,6.158,373.424,379.582,38.443,-39.881,-40.368,-51.134,-51.122,1.489,-11.933,-23.333,0.744,440.741,8000
63,1,63,2.448,70.118,72.566,-0.392,26.96,27.353,6.223,377.119,383.342,38.103,-40.191,-40.769,-51.66,-51.672,1.418,-10.823,-22.869,0.75,426.173,8000
64,1,64,2.543,73.441,75.983,-0.371,26.959,27.33,6.395,380.389,386.784,37.752,-40.095,-40.693,-51.944,-51.934,1.463,-11.103,-23.539,0.757,415.239,8000
65,1,65,2.421,69.988,72.409,-0.35,26.955,27.305,6.13,371.272,377.403,38.656,-40.37,-40.789,-51.438,-51.373,1.379,-12.636,-23.329,0.748,394.789,8000
66,1,66,2.383,66.232,68.615,-0.157,26.963,27.121,6.244,371.814,378.059,38.665,-40.191,-40.674,-51.53,-51.446,1.39,-11.99,-23.427,0.749,407.016,8000
67,1,67,2.502,72.704,75.206,-0.728,26.96,27.688,6.306,375.87,382.177,38.22,-40,-40.533,-51.969,-51.859,1.496,-11.522,-23.559,0.743,390.876,8000
68,1,68,2.471,70.385,72.856,0.128,26.958,26.83,6.299,378.24,384.54,37.968,-39.705,-40.4,-51.623,-51.711,1.527,-11.325,-23.881,0.75,399.457,8000
69,1,69,2.469,69.768,72.237,-0.324,26.963,27.287,6.275,372.737,379.012,38.565,-40.242,-40.61,-51.599,-51.537,1.44,-12.488,-23.142,0.745,407.51,8000
70,1,70,2.501,72.52,75.021,0.096,26.959,26.864,6.268,375.764,382.031,38.228,-40.258,-40.738,-51.198,-51.258,1.358,-11.75,-22.404,0.745,377.745,8000
71,1,71,2.567,74.14,76.707,-0.331,26.957,27.288,6.263,374.645,380.908,38.314,-40.314,-40.801,-51.779,-51.809,1.404,-12.553,-23.758,0.745,412.858,8000
72,1,72,2.492,71.529,74.022,0.019,26.969,26.95,6.323,375.983,382.306,38.28,-40.205,-40.783,-51.681,-51.73,1.432,-11.855,-23.236,0.741,376.07,8000
73,1,73,2.406,69.129,71.534,-0.21,26.96,27.17,6.205,373.022,379.227,38.514,-39.76,-40.171,-50.868,-50.84,1.473,-11.856,-23.301,0.744,375.969,8000
74,1,74,2.516,72.222,74.738,-0.771,26.961,27.733,6.224,376.199,382.423,38.203,-40.009,-40.518,-52.014,-51.852,1.479,-11.76,-24.013,0.743,411.35,8000
75,1,75,2.446,69.52,71.965,-0.137,26.955,27.092,6.305,380.387,386.691,37.73,-40.013,-40.671,-51.841,-51.864,1.447,-11.29,-23.589,0.752,424.751,8000
76,1,76,2.6,76.011,78.612,-0.496,26.963,27.458,6.3,375.985,382.285,38.227,-40.257,-40.828,-52.031,-52.027,1.436,-12.076,-23.603,0.743,401.949,8000
77,1,77,2.54,70.881,73.421,-0.644,26.956,27.6,6.45,379.03,385.48,37.856,-40.232,-40.569,-51.825,-51.729,1.445,-11.597,-23.306,0.742,422.667,8000
78,1,78,2.478,71.896,74.374,-0.302,26.963,27.265,6.312,375.306,381.618,38.301,-40.172,-40.772,-51.665,-51.669,1.406,-11.838,-23.305,0.746,405.474,8000
79,1,79,2.484,70.932,73.417,-0.27,26.962,27.231,6.229,374.494,380.723,38.379,-39.894,-40.418,-51.682,-51.66,1.503,-12.133,-24.139,0.749,377.757,8000
80,1,80,2.487,70.584,73.071,-0.636,26.961,27.597,6.279,375.997,382.277,38.218,-40.041,-40.546,-51.811,-51.712,1.505,-11.547,-23.863,0.74,399.449,8000
81,1,81,2.479,71.419,73.897,-0.381,26.957,27.338,6.222,373.559,379.781,38.435,-40.213,-40.725,-51.66,-51.641,1.451,-12.199,-23.283,0.746,399.471,8000
82,1,82,2.514,71.925,74.439,0.034,26.961,26.927,6.327,378.532,384.858,37.961,-39.704,-40.372,-51.665,-51.774,1.548,-11.046,-23.429,0.751,408.05,8000
83,1,83,2.503,71.331,73.834,-0.374,26.964,27.338,6.259,375.243,381.502,38.323,-40.238,-40.703,-51.65,-51.614,1.436,-12.158,-23.32,0.745,419.084,8000
84,1,84,2.53,72.981,75.511,-0.587,26.961,27.549,6.333,377.626,383.959,38.052,-40.026,-40.541,-52.029,-51.954,1.534,-11.899,-24.057,0.749,437.106,8000
85,1,85,2.468,70.873,73.34,-0.155,26.959,27.114,6.257,376.075,382.332,38.191,-40.133,-40.635,-51.443,-51.449,1.428,-11.728,-22.839,0.747,390.636,8000
86,1,86,2.396,68.505,70.901,-0.216,26.959,27.175,6.123,373.587,379.71,38.458,-40.119,-40.599,-51.354,-51.409,1.42,-12.311,-23.217,0.744,378.603,8000
87,1,87,2.428,68.102,70.529,0.173,26.956,26.784,6.306,374.194,380.499,38.355,-40.481,-40.858,-51.623,-51.608,1.384,-12.232,-23.409,0.743,410.031,8000
88,1,88,2.516,71.811,74.327,-0.647,26.967,27.614,6.338,381.038,387.376,37.761,-40.147,-40.687,-51.868,-51.882,1.459,-11.109,-23.346,0.744,391.047,8000
89,1,89,2.649,76.421,79.07,-0.219,26.962,27.181,6.436,375.294,381.731,38.28,-40.048,-40.559,-52.147,-52.139,1.481,-12.421,-24.371,0.752,432.56,8000
90,1,90,2.496,70.962,73.458,-0.524,26.957,27.481,6.296,372.927,379.223,38.484,-40.464,-40.791,-51.549,-51.436,1.35,-12.666,-23.348,0.742,398.481,8000
101,1,101,2.64,70.21,72.42,-0.35,26.99,27.85,6.43,374.01,381.62,38.53,-37.75,-38.53,-51.4,-51.51,1.64,-17.29,-21.98,0.39,439.65,8000
102,1,102,2.79,73.99,76.35,-0.35,26.99,27.85,6.45,379.45,387.09,38.03,-37.59,-38.47,-51.34,-51.44,1.72,-16.7,-22.29,0.39,424.98,8000
103,1,103,2.8,70.56,72.94,0.01,27.04,27.54,6.57,381.01,388.77,38.25,-37.87,-38.58,-51.64,-51.79,1.51,-15.79,-21.63,0.36,396.34,8000
104,1,104,2.75,71.29,73.61,-0.27,26.99,27.76,6.38,379.95,387.51,37.91,-37.83,-38.63,-51.44,-51.57,1.6,-16.92,-22.74,0.4,412.79,8000
105,1,105,2.75,73.53,75.86,-0.29,26.99,27.79,6.44,375.79,383.42,38.37,-38.08,-38.81,-51.41,-51.44,1.61,-17.57,-22.76,0.42,452.74,8000
106,1,106,2.74,71.35,73.67,-0.14,26.99,27.64,6.44,374.52,382.15,38.49,-37.7,-38.41,-51.01,-51.11,1.65,-17.28,-21.86,0.41,445.52,8000
107,1,107,2.9,78.23,80.71,-0.59,27.04,28.13,6.54,381.2,388.92,38.24,-38.36,-39.24,-52.2,-52.33,1.61,-17,-22.42,0.39,406.17,8000
108,1,108,2.86,76.89,79.33,-0.4,27.02,27.93,6.61,381.31,389.1,38.1,-38.36,-39.21,-52.18,-52.32,1.57,-16.86,-22.23,0.4,433.78,8000
109,1,109,2.74,71.83,74.15,-0.18,27.01,27.7,6.54,375.58,383.3,38.51,-37.67,-38.46,-51.43,-51.54,1.59,-17.35,-22.01,0.39,404.9,8000
110,1,110,2.78,73.96,76.32,-0.26,27.01,27.78,6.5,382.01,389.7,37.88,-38.05,-38.93,-51.83,-51.97,1.58,-15.35,-22.37,0.39,420.37,8000
111,1,111,2.8,74.26,76.63,0.06,27,27.45,6.41,376.68,384.27,38.35,-36.98,-37.85,-50.86,-51.08,1.84,-16.31,-21.87,0.4,448.93,8000
112,1,112,2.7,70.4,72.68,-0.39,27.03,27.92,6.47,379.61,387.27,38.29,-38,-38.78,-51.73,-51.81,1.6,-16.23,-21.94,0.4,422.78,8000
113,1,113,2.84,75.97,78.39,-0.54,27.03,28.07,6.56,383.36,391.1,37.93,-38.22,-39.07,-51.89,-51.97,1.65,-16.14,-22.91,0.4,414.09,8000
114,1,114,2.76,70.95,73.29,-0.29,27,27.8,6.5,377.96,385.65,38.26,-38.31,-38.97,-51.73,-51.78,1.51,-16.75,-22.27,0.4,413.92,8000
115,1,115,2.69,70.48,72.75,-0.15,27.02,27.67,6.5,380.11,387.79,38.16,-38.18,-38.82,-51.98,-52.06,1.45,-17.01,-22.02,0.39,395.21,8000
116,1,116,2.83,74.85,77.26,-0.23,27.04,27.79,6.55,379.61,387.34,38.44,-38.04,-38.83,-51.82,-51.93,1.57,-16.99,-21.88,0.41,390.99,8000
117,1,117,2.71,68.99,71.29,-0.04,27.01,27.56,6.39,376.42,383.99,38.47,-37.78,-38.5,-51.62,-51.75,1.57,-16.43,-21.64,0.41,421.51,8000
118,1,118,2.71,71.75,74.04,-0.32,27.01,27.84,6.47,378.17,385.84,38.26,-37.88,-38.67,-51.42,-51.54,1.61,-16.33,-22.4,0.4,398.2,8000
119,1,119,2.76,75.54,77.87,-0.55,27.02,28.07,6.52,383.19,390.9,37.86,-38.62,-39.37,-52.28,-52.35,1.51,-17.75,-22.6,0.4,432.76,8000
120,1,120,2.75,73.54,75.87,-0.1,27,27.62,6.43,378.22,385.84,38.24,-37.99,-38.8,-51.53,-51.69,1.6,-16.91,-22.32,0.41,426,8000
121,1,121,2.64,68.9,71.12,0.05,27.02,27.48,6.51,375.89,383.58,38.63,-37.76,-38.43,-51.59,-51.73,1.53,-16.17,-21.37,0.4,416.3,8000
122,1,122,2.72,69.64,71.94,-0.2,27,27.71,6.44,373.57,381.2,38.67,-37.91,-38.68,-51.62,-51.71,1.56,-17.18,-22.01,0.39,416.51,8000
123,1,123,2.71,68.39,70.68,-0.16,26.99,27.66,6.28,372.08,379.55,38.72,-37.4,-38.23,-51.38,-51.49,1.64,-17.16,-21.7,0.38,429.14,8000
124,1,124,2.73,74.69,77.01,-0.11,27.05,27.67,6.39,379.12,386.7,38.52,-38.44,-39.14,-51.93,-51.98,1.52,-17.55,-22.06,0.41,421.27,8000
125,1,125,2.83,72.12,74.53,-0.16,27,27.67,6.39,375.72,383.3,38.49,-37.8,-38.59,-51.57,-51.71,1.6,-17.23,-21.97,0.39,422.34,8000
