Header Section,,,,,,,,,,,,,,,,,,,,,,,,,,,,,,,,,,,,,
Product,VC5341-31,,,,,,,,,,,,,,,,,,,,,,,,,,,,,,,,,,,,
Test Plan,Rev(-),,,,,,,,,,,,,,,,,,,,,,,,,,,,,,,,,,,,
Release Date,2018/3/26,,,,,,,,,,,,,,,,,,,,,,,,,,,,,,,,,,,,
Comment,1-25/J5.20.2,,,,,,,,,,,,,,,,,,,,,,,,,,,,,,,,,,,,
,,,,,,,,,,,,,,,,,,,,,,,,,,,,,,,,,,,,,
Data Section,,,,,,,,,,,,,,,,,,,,,,,,,,,,,,,,,,,,,
Device#,1,2,3,4,5,6,7,8,9,10,11,12,13,14,15,16,17,18,19,20,21,22,23,24,25,26,27,28,29,30,31,32,33,34,35,36,37
Test Item,Site No,Device ID,Idle_H_Vbat_1920,Idle_H_Vcc_1920,Idle_H_Total_1920,Pin_H_1920,Pout_H_1920,Gain_H_1920,Icc_H_Vbat_1920,Icc_H_Vcc_1920,Icc_H_Total_1920,PAE_H_Total_1920,ACP_L_H_1920,ACP_U_H_1920,ALT_L_H_1920,ALT_U_H_1920,EVM_H_1920,2fo_H_1920,3fo_H_1920,Pin_H_1980,Pout_H_1980,Gain_H_1980,Icc_H_Vbat_1980,Icc_H_Vcc_1980,Icc_H_Total_1980,PAE_H_Total_1980,ACP_L_H_1980,ACP_U_H_1980,ALT_L_H_1980,ALT_U_H_1980,EVM_H_1980,2fo_H_1980,3fo_H_1980,Leakage_Vbat_uA,Leakage_Vcc_uA,Test Time,Index Time
Low Tolerance,,,5,10,10,0.2,,,1,30,30,,1.5,1.5,1.5,1.5,0.5,1.5,3,0.2,,,1,30,30,,1.5,1.5,1.5,1.5,0.5,1.5,3,5,5,,
High Tolerance,,,5,10,10,0.2,,,1,30,30,,1.5,1.5,1.5,1.5,0.5,1.5,3,0.2,,,1,30,30,,1.5,1.5,1.5,1.5,0.5,1.5,3,5,5,,
Enable,,,1,1,1,1,0,0,0,1,1,,1,1,1,1,1,1,1,1,0,0,0,1,1,,1,1,1,1,1,1,1,1,1,,
1,1,1,2.497,86.316,88.814,-0.320,28.362,28.982,5.757,433.933,439.690,37.293,-42.521,-41.652,-53.816,-53.596,1.169,-14.449,-33.716,-1.091,28.259,28.192,5.462,413.885,419.347,39.071,-40.510,-40.059,-51.673,-51.855,1.681,-9.446,-29.391,0.402,0.127,423.896,14651.667
2,1,2,2.594,91.159,93.753,-0.722,28.354,29.375,5.899,431.112,437.011,37.450,-42.589,-41.761,-53.383,-53.570,1.237,-15.029,-33.908,-1.220,28.261,28.323,5.501,411.106,416.606,39.344,-39.234,-38.740,-51.040,-51.274,1.827,-9.982,-29.563,0.404,0.134,405.695,5255.000
3,1,3,2.540,88.940,91.479,-0.498,28.355,29.152,5.995,440.140,446.135,36.694,-42.370,-41.455,-54.023,-53.996,1.174,-14.426,-33.969,-1.030,28.258,28.129,5.712,420.294,426.006,38.452,-41.911,-41.474,-52.070,-52.085,1.474,-9.436,-29.529,0.402,0.138,419.696,5527.667
4,1,4,2.513,90.364,92.877,-0.642,28.360,29.301,5.711,436.417,442.128,37.061,-42.784,-41.932,-53.952,-53.904,1.143,-14.523,-34.711,-1.224,28.263,28.328,5.534,416.707,422.240,38.838,-40.930,-40.517,-51.511,-51.868,1.642,-9.514,-29.953,0.405,0.110,413.010,5586.333
5,1,5,2.626,92.192,94.818,-0.540,28.356,29.195,6.090,436.586,442.675,36.987,-43.182,-42.477,-54.161,-54.015,1.218,-15.013,-33.850,-1.110,28.255,28.206,5.637,415.682,421.319,38.851,-39.634,-39.131,-51.597,-51.775,1.776,-10.011,-29.234,0.402,0.136,422.707,6113.000
6,1,6,2.659,89.896,92.554,-0.649,28.357,29.306,5.854,438.999,444.853,36.815,-43.564,-42.708,-54.418,-54.261,1.157,-14.321,-33.713,-1.242,28.267,28.350,5.657,419.176,424.833,38.638,-40.992,-40.683,-52.247,-52.213,1.611,-9.316,-29.372,0.403,0.123,385.594,5906.000
7,1,7,2.578,85.200,87.778,-0.477,28.357,29.133,5.873,435.804,441.677,37.081,-42.871,-42.044,-53.913,-53.822,1.186,-14.672,-33.397,-1.170,28.258,28.270,5.691,415.046,420.737,38.933,-39.687,-39.162,-51.583,-51.625,1.747,-9.651,-29.417,0.402,0.120,389.810,7899.667
8,1,8,2.578,85.200,87.778,-0.477,28.357,29.133,5.873,435.804,441.677,37.081,-42.871,-42.044,-53.913,-53.822,1.186,-14.672,-33.397,-1.170,28.258,28.270,5.691,415.046,420.737,38.933,-39.687,-39.162,-51.583,-51.625,1.747,-9.651,-29.417,0.402,0.120,389.810,7899.667
9,1,9,2.578,85.200,87.778,-0.477,28.357,29.133,5.873,435.804,441.677,37.081,-42.871,-42.044,-53.913,-53.822,1.186,-14.672,-33.397,-1.170,28.258,28.270,5.691,415.046,420.737,38.933,-39.687,-39.162,-51.583,-51.625,1.747,-9.651,-29.417,0.402,0.120,389.810,7899.667
10,1,10,2.520,85.539,88.060,-0.396,28.359,29.055,5.885,441.376,447.262,36.633,-42.452,-41.433,-53.569,-53.640,1.143,-14.540,-33.562,-1.065,28.263,28.170,5.547,421.315,426.863,38.417,-40.536,-40.090,-51.213,-51.559,1.648,-9.539,-29.302,0.404,0.125,397.152,6816.000
11,1,11,2.641,88.446,91.086,-0.445,28.358,29.102,5.968,437.790,443.758,36.912,-43.283,-42.444,-54.065,-54.035,1.159,-14.433,-32.949,-1.163,28.262,28.266,5.637,416.807,422.444,38.807,-39.635,-39.167,-51.667,-51.919,1.741,-9.454,-28.936,0.401,0.131,390.944,5922.333
12,1,12,2.522,85.968,88.490,-0.658,28.359,29.317,5.799,435.045,440.844,37.162,-42.455,-41.463,-53.569,-53.633,1.177,-14.575,-34.190,-1.122,28.259,28.222,5.572,415.231,420.803,38.932,-39.943,-39.461,-51.053,-51.262,1.672,-9.574,-29.311,0.403,0.113,374.280,5571.333
13,1,13,2.644,91.320,93.964,-1.013,28.359,29.670,5.676,424.075,429.750,38.120,-42.576,-41.920,-53.540,-53.688,1.257,-14.936,-34.089,-1.294,28.270,28.406,5.566,404.433,409.999,40.066,-37.902,-37.388,-50.779,-50.987,1.960,-9.905,-29.157,0.406,0.124,385.392,6699.667
14,1,14,2.621,89.041,91.661,-0.599,28.358,29.256,5.890,440.515,446.405,36.692,-43.600,-42.852,-54.155,-54.320,1.157,-13.967,-33.568,-1.131,28.272,28.244,5.660,421.901,427.561,38.433,-40.747,-40.318,-52.224,-52.239,1.625,-9.047,-28.716,0.406,0.121,406.471,5843.000
15,1,15,2.638,88.456,91.093,-0.543,28.356,29.199,5.880,424.936,430.816,38.007,-42.101,-41.366,-53.479,-53.549,1.288,-14.679,-34.082,-1.266,28.257,28.364,5.545,405.246,410.792,39.866,-36.790,-36.209,-50.418,-50.812,2.120,-9.764,-29.334,0.403,0.116,373.508,5818.333
16,1,16,2.485,83.546,86.032,-0.603,28.357,29.259,5.640,427.856,433.496,37.778,-41.766,-40.795,-53.251,-53.275,1.190,-14.518,-33.736,-1.129,28.260,28.231,5.481,407.739,413.219,39.662,-38.905,-38.331,-50.509,-50.792,1.810,-9.571,-29.519,0.404,0.114,368.150,6403.333
17,1,17,2.507,81.529,84.037,-0.096,28.353,28.748,5.938,435.698,441.635,37.045,-41.697,-40.670,-53.240,-53.207,1.167,-14.602,-33.590,-0.741,28.258,27.841,5.571,416.078,421.649,38.851,-39.339,-38.815,-50.741,-51.021,1.732,-9.491,-29.194,0.402,0.120,379.533,5103.333
18,1,18,2.574,87.013,89.586,-0.596,28.358,29.254,5.633,429.230,434.863,37.666,-42.176,-41.324,-53.397,-53.517,1.265,-14.729,-33.436,-1.125,28.259,28.226,5.455,408.442,413.897,39.584,-37.420,-36.809,-50.548,-50.793,2.036,-9.752,-28.653,0.406,0.109,385.537,5900.333
19,1,19,2.667,90.416,93.082,-0.811,28.361,29.471,5.871,429.283,435.154,37.668,-43.082,-42.579,-54.126,-54.175,1.239,-14.752,-34.430,-1.298,28.266,28.406,5.535,408.889,414.424,39.603,-38.653,-38.145,-51.747,-51.769,1.848,-9.811,-29.895,0.402,0.111,392.457,5626.000
20,1,20,2.677,90.538,93.216,-0.580,28.362,29.241,6.022,436.961,442.983,37.010,-43.376,-42.657,-54.036,-54.190,1.196,-14.501,-34.505,-1.277,28.266,28.386,5.783,416.937,422.720,38.826,-39.553,-39.124,-51.741,-51.915,1.740,-9.549,-29.660,0.403,0.130,399.233,5898.667
21,1,21,2.631,89.238,91.869,-0.581,28.353,29.233,5.801,431.050,436.851,37.458,-43.277,-42.489,-54.145,-54.089,1.213,-13.744,-33.473,-1.114,28.260,28.216,5.565,412.293,417.857,39.221,-38.637,-38.126,-51.344,-51.462,1.836,-8.880,-28.525,0.403,0.108,372.388,5422.000
22,1,22,2.702,92.721,95.423,-1.011,28.361,29.672,5.918,431.545,437.463,37.473,-42.964,-42.553,-53.867,-54.132,1.290,-14.167,-34.374,-1.307,28.267,28.416,5.649,412.243,417.892,39.275,-38.372,-37.948,-51.582,-51.608,1.909,-9.254,-28.939,0.404,0.114,385.835,5838.000
23,1,23,2.531,82.798,85.329,-0.250,28.379,28.928,6.085,439.579,445.664,36.933,-42.625,-41.680,-53.384,-53.446,1.172,-13.712,-32.581,-0.934,28.269,28.045,5.586,419.340,424.925,38.646,-39.684,-39.215,-51.378,-51.496,1.716,-8.789,-28.435,0.403,0.134,408.064,5619.667
24,1,24,2.691,91.579,94.270,-0.733,28.356,29.388,5.874,436.762,442.636,36.988,-43.682,-42.969,-54.585,-54.393,1.198,-14.016,-33.700,-1.312,28.274,28.428,5.634,418.129,423.762,38.798,-40.221,-39.814,-52.056,-52.210,1.678,-9.056,-28.956,0.403,0.119,382.728,5765.000
25,1,25,2.604,86.886,89.490,-0.822,28.353,29.475,5.851,432.132,437.984,37.356,-43.189,-42.339,-54.130,-54.111,1.194,-13.650,-33.484,-1.252,28.268,28.362,5.669,414.672,420.341,39.060,-39.413,-38.951,-51.400,-51.628,1.783,-8.765,-28.648,0.404,0.107,370.019,5468.333
