Header Section,,,,,,,,,,,,,,,,,,,,,,,,,,,,,,,,,,,,
Product,VC5342,,,,,,,,,,,,,,,,,,,,,,,,,,,,,,,,,,,
Test Plan,Rev(-),,,,,,,,,,,,,,,,,,,,,,,,,,,,,,,,,,,
Release Date,2013/7/5,,,,,,,,,,,,,,,,,,,,,,,,,,,,,,,,,,,
Comment,,,,,,,,,,,,,,,,,,,,,,,,,,,,,,,,,,,,
,,,,,,,,,,,,,,,,,,,,,,,,,,,,,,,,,,,,
Data Section,,,,,,,,,,,,,,,,,,,,,,,,,,,,,,,,,,,,
Device#,1,2,3,4,5,6,7,8,9,10,11,12,13,14,15,16,17,18,19,20,21,22,23,24,25,26,27,28,29,30,31,32,33,34,35,36
Test Item,Site No,Device ID,Idle_H_Vbat,Idle_H_Vcc,Idle_H_Total,Pin_H_1850,Pout_H_1850,Gain_H_1850,Icc_H_Vbat_1850,Icc_H_Vcc_1850,Icc_H_Total_1850,PAE_H_Total_1850,ACP_L_H_1850,ACP_U_H_1850,ALT_L_H_1850,ALT_U_H_1850,EVM_H_1850,2fo_H_1850,3fo_H_1850,Pin_H_1910,Pout_H_1910,Gain_H_1910,Icc_H_Vbat_1910,Icc_H_Vcc_1910,Icc_H_Total_1910,PAE_H_Total_1910,ACP_L_H_1910,ACP_U_H_1910,ALT_L_H_1910,ALT_U_H_1910,EVM_H_1910,2fo_H_1910,3fo_H_1910,Leakage_Current,Test Time,Index Time
Low Tolerance,,,5,10,10,0.3,,,1,30,30,,1.5,1.5,1.5,1.5,0.5,1.5,1.5,0.3,,,1,30,30,,1.5,1.5,1.5,1.5,0.5,1.5,1.5,5,,
High Tolerance,,,5,10,10,0.3,,,1,30,30,,1.5,1.5,1.5,1.5,0.5,1.5,1.5,0.3,,,1,30,30,,1.5,1.5,1.5,1.5,0.5,1.5,1.5,5,,
Enable,,,1,1,1,1,0,0,0,1,1,,1,1,1,1,1,1,1,1,0,0,0,1,1,,1,1,1,1,1,1,1,1,,
1,1,1,2.93,74.84,77.77,2.85,28.35,24.45,6.92,387.34,394.26,41.77,-39.53,-40.61,-53.18,-54,2.52,-8.45,-46.39,2.35,27.98,25.26,6.66,383.26,389.92,41.2,-40.1,-41.3,-53.49,-54.37,2.4,-12.65,-45.48,0.36,373.4,21828
2,1,2,2.81,70.72,73.53,3,28.35,24.3,6.91,386.63,393.53,41.87,-39.48,-40.55,-53.23,-54.16,2.51,-8.17,-47.09,2.39,27.99,25.24,6.75,384.35,391.1,41.24,-40.23,-41.5,-53.83,-54.68,2.4,-12.41,-44.85,0.36,432.51,22347
3,1,3,2.78,72.01,74.79,2.83,28.36,24.47,7.04,391.27,398.31,41.44,-39.8,-40.87,-53.16,-54.13,2.43,-8.21,-43.62,2.21,28.02,25.44,6.76,390.47,397.23,40.83,-40.5,-41.74,-53.68,-54.54,2.36,-12.21,-44.8,0.37,391.92,27548
4,1,4,2.78,70.87,73.66,2.83,28.36,24.48,6.99,388.06,395.06,41.79,-40.09,-41.26,-53.05,-53.92,2.42,-8.13,-45.24,2.4,27.98,25.22,6.65,384.91,391.57,41.11,-40.34,-41.71,-53.48,-54.32,2.28,-12.51,-44.69,0.37,363.33,39858
5,1,5,2.73,70.48,73.21,2.62,28.36,24.68,6.74,383.87,390.61,42.24,-40.18,-41.2,-52.97,-53.8,2.31,-8.62,-46.35,2.19,28.02,25.46,6.65,382.38,389.04,41.69,-40.43,-41.41,-53.31,-54.05,2.37,-12.85,-44.11,0.38,398.32,33272
6,1,6,2.81,69.81,72.62,3.05,28.38,24.27,6.92,391.28,398.2,41.58,-39.37,-40.41,-53.04,-53.93,2.6,-8.84,-42.04,2.39,27.99,25.23,6.86,389.65,396.51,40.67,-40.39,-41.69,-53.54,-54.4,2.32,-13.13,-42.89,0.35,434.52,17951
7,1,7,2.55,67.33,69.88,3.14,28.36,24.16,6.62,385.27,391.89,42.11,-40.3,-41.23,-52.72,-53.46,2.31,-8.9,-44.88,2.52,27.99,25.1,6.45,382.78,389.23,41.39,-40.81,-41.77,-53.17,-53.88,2.23,-13.45,-43.57,0.36,371.22,19941
8,1,8,2.82,75.02,77.84,2.7,28.35,24.6,6.98,386.54,393.52,41.83,-40.11,-41.06,-53.58,-54.43,2.35,-8.78,-47.06,2.13,28.01,25.52,6.8,383.5,390.3,41.5,-40.47,-41.25,-53.87,-54.69,2.39,-13.29,-43.1,0.37,371.07,20918
9,1,9,2.79,73.1,75.89,2.95,28.37,24.36,6.61,387.52,394.14,41.94,-39.15,-40.12,-53.01,-53.87,2.62,-7.76,-46.85,2.32,27.99,25.31,6.7,382.25,388.95,41.46,-40.08,-41.19,-53.69,-54.59,2.4,-11.64,-46.75,0.36,439.49,19397
10,1,10,2.77,70.53,73.3,2.96,28.37,24.35,6.57,384.9,391.47,42.23,-40.32,-41.22,-53,-53.82,2.42,-9.1,-46.68,2.27,27.99,25.36,6.3,382.33,388.63,41.47,-41.04,-41.89,-53.39,-54.2,2.29,-13.53,-43.22,0.36,362.77,21807
11,1,11,2.82,70.74,73.56,2.64,28.36,24.66,6.82,382.81,389.63,42.32,-40,-40.88,-53.29,-54.07,2.42,-8.77,-46.68,2.19,28.02,25.46,6.56,379.77,386.33,42,-39.73,-40.22,-53.23,-54.07,2.55,-13.46,-41.33,0.38,397.93,24670
12,1,12,2.72,69.11,71.83,2.9,28.35,24.4,6.63,385.98,392.61,41.96,-39.44,-40.48,-52.84,-53.74,2.45,-8.44,-43.74,2.31,27.99,25.32,6.63,384.98,391.61,41.19,-40.21,-41.42,-53.38,-54.28,2.33,-12.6,-43.62,0.36,383.3,21950
13,1,13,2.86,72.57,75.44,2.79,28.36,24.51,6.88,387.94,394.82,41.76,-39.54,-40.48,-53,-53.83,2.5,-8.71,-44.42,2.22,28.02,25.42,6.9,384.91,391.81,41.38,-40.12,-41.01,-53.32,-54.25,2.42,-12.78,-46.55,0.36,379.8,21280
14,1,14,2.79,70.09,72.89,2.76,28.36,24.54,6.66,386.79,393.45,41.93,-39.95,-40.97,-52.97,-53.96,2.45,-8.78,-45.76,2.38,27.99,25.24,6.87,383.39,390.26,41.28,-40.31,-41.35,-53.25,-54.16,2.33,-13.15,-43.87,0.37,413.75,22261
15,1,15,2.72,71.66,74.38,3.07,28.36,24.24,6.88,390.05,396.93,41.59,-39.18,-40.18,-52.95,-53.77,2.59,-8.07,-42.84,2.32,27.98,25.3,6.61,387.61,394.22,40.81,-40.36,-41.63,-53.41,-54.28,2.37,-11.96,-44.76,0.37,414.62,22642
16,1,16,2.9,74.76,77.66,2.52,28.35,24.77,7.08,389.52,396.6,41.51,-39.85,-40.89,-53.35,-54.28,2.41,-7.94,-46.94,1.93,27.99,25.69,6.87,386.31,393.18,40.96,-40.52,-41.7,-54.06,-54.88,2.32,-11.94,-45.74,0.35,368.1,28399
17,1,17,2.76,70.46,73.23,2.78,28.35,24.51,7.03,387.9,394.93,41.68,-39.52,-40.65,-53.01,-53.88,2.49,-8.3,-46.34,2.41,27.99,25.21,6.7,384.63,391.32,41.21,-39.95,-41.21,-53.2,-54.12,2.44,-12.41,-45.14,0.37,407.32,22571
18,1,18,2.79,69.26,72.06,3.27,28.35,24.03,6.78,386.12,392.9,41.91,-40.03,-41.03,-53.14,-54.03,2.45,-8.19,-48.27,2.59,27.99,25.04,6.65,384.29,390.94,41.27,-40.63,-41.84,-53.63,-54.48,2.28,-12.48,-44.88,0.38,381.57,21934
19,1,19,2.73,70.84,73.57,2.95,28.36,24.35,6.8,383.87,390.67,42.24,-39.89,-40.87,-53.19,-54.03,2.47,-8.9,-46.75,2.4,27.99,25.23,6.47,379.77,386.23,41.76,-40.31,-41.29,-53.23,-54.16,2.37,-13.52,-43.86,0.36,370.72,21573
20,1,20,2.8,71.98,74.78,3.12,28.37,24.18,6.93,386.96,393.9,41.93,-38.97,-40.02,-53.06,-53.88,2.62,-8.19,-45.17,2.42,27.99,25.2,6.79,384.02,390.81,41.21,-39.93,-41.2,-53.38,-54.32,2.39,-12.24,-44.26,0.37,377.99,28614
21,1,21,2.82,68.08,70.91,3.3,28.38,24.02,6.7,385.35,392.05,42.24,-39.57,-40.5,-52.52,-53.37,2.46,-8.34,-45.5,2.56,28,25.07,6.41,381.6,388.02,41.58,-40.44,-41.45,-52.96,-53.8,2.3,-12.42,-43.37,0.36,379.53,17305
22,1,22,2.64,68.03,70.67,3.04,28.37,24.26,6.5,386.83,393.33,42,-40.22,-41.14,-52.99,-53.87,2.43,-7.92,-48.52,2.34,28,25.3,6.52,382.91,389.42,41.5,-40.88,-41.79,-53.66,-54.46,2.3,-12.06,-45.13,0.37,382.86,20975
23,1,23,2.66,70.93,73.59,2.94,28.36,24.36,6.75,389.51,396.26,41.66,-40.19,-41.19,-52.96,-53.83,2.39,-7.81,-47.49,2.33,27.98,25.29,6.49,385.76,392.25,41.02,-40.87,-42.09,-53.68,-54.55,2.32,-11.77,-46.11,0.37,408.73,20889
24,1,24,2.76,68.66,71.42,3.2,28.36,24.1,6.88,388.19,395.08,41.73,-40.25,-41.22,-52.98,-53.77,2.41,-7.94,-48.71,2.43,28,25.2,6.55,385.4,391.96,41.21,-40.8,-42.01,-53.46,-54.28,2.25,-11.98,-46.36,0.37,373.52,21519
25,1,25,2.72,69,71.72,3.56,28.37,23.76,6.99,391.66,398.65,41.51,-39.38,-40.2,-52.52,-53.33,2.56,-7.72,-41.2,2.59,28,25.04,6.82,387.67,394.49,40.96,-40.73,-41.74,-53.26,-54.12,2.34,-11.51,-49.21,0.4,427.08,16585
