Header Section,,,,,,,,,,,,,,,,,,,,,,,,,,,,,,,,,,,,,,,,,,,,,,,,,,,,,,,,,,,,,,,,,,,,,,,,
Product,VC5369,,,,,,,,,,,,,,,,,,,,,,,,,,,,,,,,,,,,,,,,,,,,,,,,,,,,,,,,,,,,,,,,,,,,,,,
Test Plan,Rev(D),,,,,,,,,,,,,,,,,,,,,,,,,,,,,,,,,,,,,,,,,,,,,,,,,,,,,,,,,,,,,,,,,,,,,,,
Release Date,2016/9/26,,,,,,,,,,,,,,,,,,,,,,,,,,,,,,,,,,,,,,,,,,,,,,,,,,,,,,,,,,,,,,,,,,,,,,,
Comment,#1~30/A5E7.28.1;31#~60/A5E14.29.1;#61~90/A5E18.30.1,,,,,,,,,,,,,,,,,,,,,,,,,,,,,,,,,,,,,,,,,,,,,,,,,,,,,,,,,,,,,,,,,,,,,,,
,,,,,,,,,,,,,,,,,,,,,,,,,,,,,,,,,,,,,,,,,,,,,,,,,,,,,,,,,,,,,,,,,,,,,,,,
Data Section,,,,,,,,,,,,,,,,,,,,,,,,,,,,,,,,,,,,,,,,,,,,,,,,,,,,,,,,,,,,,,,,,,,,,,,,
Device#,1,2,3,4,5,6,7,8,9,10,11,12,13,14,15,16,17,18,19,20,21,22,23,24,25,26,27,28,29,30,31,32,33,34,35,36,37,38,39,40,41,42,43,44,45,46,47,48,49,50,51,52,53,54,55,56,57,58,59,60,61,62,63,64,65,66,67,68,69,70,71,72
Test Item,Site No,Device ID,Idle_LB_Vbat_LPM,Idle_LB_Vcc_LPM,Idle_LB_Vbat,Idle_LB_Vcc,Idle_LB_Total,Pin_LB_824,Pout_LB_824,Gain_LB_824,Icc_LB_Vbat_824,Icc_LB_Vcc_824,Icc_LB_Total_824,PAE_LB_Total_824,ACP_LB_L_824,ACP_U_LB_824,ALT_LB_L_824,ALT_U_LB_824,EVM_LB_824,2fo_LB_824,CPL-Pout_824,Pin_LB_915,Pout_LB_915,Gain_LB_915,Icc_LB_Vbat_915,Icc_LB_Vcc_915,Icc_LB_Total_915,PAE_LB_Total_915,ACP_LB_L_915,ACP_U_LB_915,ALT_LB_L_915,ALT_U_LB_915,EVM_LB_915,2fo_LB_915,CPL-Pout_915,Idle_HB_Vbat_LPM,Idle_HB_Vcc_LPM,Idle_HB_Vbat,Idle_HB_Vcc,Idle_HB_Total,Pin_HB_1710,Pout_HB_1710,Gain_HB_1710,Icc_HB_Vbat_1710,Icc_HB_Vcc_1710,Icc_HB_Total_1710,PAE_HB_Total_1710,ACP_HB_L_1710,ACP_U_HB_1710,ALT_LB_HB_1710,ALT_U_HB_1710,EVM_HB_1710,2fo_HB_1710,CPL-Pout_1710,Pin_HB_1980,Pout_HB_1980,Gain_HB_1980,Icc_HB_Vbat_1980,Icc_HB_Vcc_1980,Icc_HB_Total_1980,PAE_HB_Total_1980,ACP_HB_L_1980,ACP_U_HB_1980,ALT_LB_HB_1980,ALT_U_HB_1980,EVM_HB_1980,2fo_HB_1980,CPL-Pout_1980,Leakage_Vat,Leakage_Vcc,Test Time,Index Time
Low Tolerance,,,5,10,5,10,10,0.3,,,1,30,30,,1.5,1.5,1.5,1.5,0.5,2,,0.3,,,1,30,30,,1.5,1.5,1.5,1.5,0.5,2,,5,10,5,10,10,0.3,,,1,30,30,,1.5,1.5,1.5,1.5,0.5,2,,0.3,,,1,30,30,,1.5,1.5,1.5,1.5,0.5,2,,5,5,,
High Tolerance,,,5,10,5,10,10,0.5,,,1,30,30,,1.5,1.5,1.5,1.5,0.5,2,,0.5,,,1,30,30,,1.5,1.5,1.5,1.5,0.5,2,,5,10,5,10,10,0.5,,,1,30,30,,1.5,1.5,1.5,1.5,0.5,2,,0.5,,,1,30,30,,1.5,1.5,1.5,1.5,0.5,2,,5,5,,
Enable,,,1,1,1,1,1,1,0,0,0,1,1,,1,1,1,1,1,1,,1,0,0,0,1,1,,1,1,1,1,1,1,,1,1,1,1,1,1,0,0,0,1,1,,1,1,1,1,1,1,,1,0,0,0,1,1,,1,1,1,1,1,1,,1,1,,
1,1,1,1.8,60,2.348,90,92.349,-0.331,27.044,27.375,6.634,432.049,438.683,33.943,-48.61,-47.76,-56.122,-56.061,1.097,-9.115,-20,-2.086,27.026,29.112,6.314,403.223,409.538,36.211,-49.873,-48.316,-56.01,-55.982,1.059,-6.229,-20,2,70,2.648,103.081,105.729,0.265,27.479,27.215,6.672,426.785,433.457,37.976,-41.359,-41.206,-53.577,-53.463,1.433,-8.361,-20,1.446,27.471,26.025,7.123,440.417,447.539,36.715,-40.252,-40.316,-54.943,-55.041,1.774,-14.724,-20,3.315,3.315,580.234,0
2,1,2,1.8,60,2.376,90.91,93.286,-1.525,27.011,28.536,6.878,433.226,440.104,33.582,-48.989,-47.86,-56.186,-56.23,1.054,-9.269,-20,-1.844,27.032,28.876,6.58,416.44,423.02,35.11,-50.821,-49.29,-56.499,-56.321,0.955,-5.703,-20,2,70,2.679,106.078,108.757,-0.679,27.54,28.219,6.72,436.137,442.857,37.696,-41.058,-40.813,-53.275,-52.869,1.525,-8.861,-20,1.204,27.474,26.269,7.314,456.296,463.61,35.459,-41.034,-41.114,-54.755,-55.069,1.744,-16.798,-20,3.271,3.271,561.043,0
3,1,3,1.8,60,2.332,91.133,93.464,-0.473,27.044,27.517,6.617,429.868,436.485,34.114,-48.264,-47.375,-56.226,-56.151,1.105,-9.303,-20,-2.095,27.022,29.118,6.3,403.722,410.022,36.137,-49.936,-48.249,-56.081,-56.052,1.043,-6.16,-20,2,70,2.609,101.718,104.327,0.025,27.499,27.474,6.649,425.461,432.11,38.267,-41.612,-41.459,-53.905,-53.686,1.392,-10.122,-20,1.07,27.496,26.426,6.962,443.477,450.439,36.687,-39.654,-39.722,-54.638,-54.681,1.803,-12.807,-20,3.257,3.257,541.324,0
4,1,4,1.8,60,2.295,88.385,90.681,-0.79,27.032,27.822,6.782,435.234,442.016,33.595,-49.139,-48.17,-56.458,-56.311,1.029,-9.404,-20,-1.723,27.037,28.76,6.525,416.268,422.792,35.166,-51.458,-49.893,-56.943,-56.765,0.872,-6.083,-20,2,70,2.489,94.787,97.276,0.172,27.524,27.351,6.743,432.59,439.333,37.851,-42.156,-41.989,-53.751,-53.497,1.271,-9.066,-20,1.589,27.501,25.912,7.021,443.529,450.551,36.721,-40.678,-40.528,-54.439,-54.563,1.707,-12.69,-20,3.318,3.318,543.693,0
5,1,5,1.8,60,2.328,90.138,92.467,-1.06,27.033,28.093,6.559,429.309,435.868,34.079,-48.339,-47.326,-55.859,-55.659,1.173,-9.642,-20,-2.136,27.025,29.162,6.445,406.238,412.683,35.927,-49.844,-48.361,-56.044,-55.988,1.07,-6.261,-20,2,70,2.637,103.021,105.657,0.393,27.485,27.092,6.573,423.106,429.68,38.36,-41.319,-41.178,-53.786,-53.616,1.419,-9.212,-20,1.177,27.49,26.313,6.939,439.272,446.211,36.981,-40.092,-40.199,-54.84,-54.926,1.784,-14.556,-20,3.218,3.218,535.362,0
6,1,6,1.8,60,2.399,93.573,95.972,0.452,27.027,26.575,6.693,436.082,442.775,33.504,-49.255,-48.624,-57.204,-57.379,0.906,-8.959,-20,-2.15,27.016,29.166,6.379,403.326,409.705,36.113,-50.074,-48.266,-56.39,-56.368,1.039,-6.242,-20,2,70,2.649,103.513,106.162,0.647,27.49,26.843,6.818,426.968,433.786,38.036,-41.6,-41.491,-54.036,-53.871,1.373,-8.698,-20,1.035,27.501,26.467,6.866,435.586,442.452,37.39,-40.078,-40.146,-54.402,-54.472,1.783,-13.419,-20,3.274,3.274,532.432,0
7,1,7,1.8,60,2.332,88.105,90.437,-0.912,27.027,27.939,6.708,428.644,435.352,34.071,-48.584,-47.611,-55.809,-55.699,1.121,-9.491,-20,-1.848,27.022,28.87,6.408,406.175,412.583,35.907,-50.569,-49.012,-56.369,-56.321,0.969,-6.223,-20,2,70,2.63,102.758,105.387,-0.214,27.493,27.707,6.709,427.907,434.616,37.998,-41.577,-41.387,-53.713,-53.438,1.395,-9.556,-20,1.189,27.488,26.299,7.205,445.315,452.519,36.452,-40.088,-40.273,-54.702,-54.827,1.777,-13.482,-20,3.298,3.298,546.124,0
8,1,8,1.8,60,2.395,92.73,95.125,-0.94,27.031,27.971,6.705,437.871,444.577,33.39,-49.517,-48.319,-56.608,-56.524,0.932,-9.093,-20,-2.025,27.024,29.049,6.439,409.845,416.284,35.605,-50.471,-48.851,-56.905,-56.695,0.968,-6.219,-20,2,70,2.595,100.31,102.906,-0.068,27.507,27.575,6.623,427.806,434.429,38.135,-41.481,-41.286,-53.289,-53.022,1.41,-8.715,-20,1.562,27.506,25.944,6.944,438.803,445.748,37.16,-40.76,-40.782,-54.703,-54.861,1.738,-13.702,-20,3.28,3.28,541.198,0
9,1,9,1.8,60,2.338,88.824,91.161,-0.713,27.04,27.753,6.663,434.775,441.439,33.7,-49.385,-48.391,-56.349,-56.491,0.992,-9.111,-20,-1.544,27.031,28.575,6.556,411.842,418.399,35.483,-51.341,-49.788,-56.862,-56.744,0.87,-5.825,-20,2,70,2.595,100.867,103.462,0.087,27.503,27.416,6.658,431.286,437.945,37.795,-41.596,-41.436,-53.796,-53.547,1.412,-8.845,-20,1.301,27.502,26.201,7.051,439.777,446.828,37.035,-39.491,-39.585,-54.986,-55.119,1.802,-13.483,-20,3.266,3.266,552.458,0
10,1,10,1.8,60,2.182,83.888,86.07,-0.348,27.045,27.393,6.557,435.164,441.72,33.719,-48.591,-47.62,-56.091,-56.007,1.103,-8.806,-20,-1.939,27.012,28.951,6.295,403.558,409.853,36.067,-49.917,-48.406,-56.003,-55.945,1.072,-5.805,-20,2,70,2.546,99.542,102.088,0.442,27.493,27.051,6.596,427.949,434.546,38.006,-41.617,-41.48,-53.656,-53.51,1.416,-8.548,-20,1.296,27.491,26.195,6.894,436.039,442.932,37.261,-40.668,-40.651,-53.798,-53.849,1.766,-13.176,-20,3.368,3.368,561.799,0
11,1,11,1.8,60,2.32,86.759,89.078,-1.347,27.007,28.353,6.713,433.504,440.217,33.537,-48.976,-47.799,-55.897,-55.665,1.082,-9.129,-20,-2.047,27.013,29.06,6.492,408.19,414.682,35.654,-50.429,-48.963,-56.31,-56.231,0.999,-5.839,-20,2,70,2.626,102.563,105.189,-0.169,27.518,27.687,6.914,436.037,442.951,37.494,-42.035,-41.874,-53.954,-53.67,1.288,-8.373,-20,1.136,27.495,26.359,7.096,446.31,453.406,36.433,-40.978,-41.025,-54.393,-54.67,1.719,-13.392,-20,3.241,3.241,544.789,0
12,1,12,1.8,60,2.345,88.301,90.646,-0.929,27.025,27.954,6.837,440.947,447.785,33.105,-49.532,-48.573,-56.689,-56.676,0.951,-9.058,-20,-2.089,27.023,29.112,6.67,413.775,420.445,35.243,-50.926,-49.469,-57.005,-56.877,0.925,-6.195,-20,2,70,2.672,104.265,106.937,0.491,27.498,27.007,6.778,432.659,439.437,37.618,-42.18,-42.057,-54.224,-54.153,1.215,-8.368,-20,1.472,27.485,26.013,7.136,445.209,452.345,36.442,-41.113,-41.165,-54.794,-54.967,1.708,-14.24,-20,3.44,3.44,537.731,0
13,1,13,1.8,60,2.309,89.03,91.339,-0.782,27.026,27.808,6.555,437.475,444.03,33.393,-49.666,-48.619,-56.28,-56.104,0.898,-9.087,-20,-1.885,27.022,28.907,6.479,413.33,419.809,35.297,-50.897,-49.536,-56.844,-56.577,0.905,-6.129,-20,2,70,2.675,106.302,108.977,0.192,27.487,27.295,6.6,430.406,437.006,37.737,-42.073,-41.947,-54.384,-54.211,1.277,-9.139,-20,0.803,27.5,26.697,7.229,447.766,454.995,36.354,-40.063,-40.126,-54.402,-54.497,1.79,-13.627,-20,3.304,3.304,558.865,0
14,1,14,1.8,60,2.366,90.805,93.171,-1.319,27.011,28.33,6.586,436.947,443.533,33.322,-49.524,-48.348,-56.22,-56.202,0.993,-9.158,-20,-2.194,27.026,29.22,6.259,409.923,416.181,35.632,-50.578,-49.008,-56.613,-56.482,0.98,-6.424,-20,2,70,2.638,102.61,105.248,0.134,27.483,27.349,6.573,424.399,430.972,38.223,-41.345,-41.179,-53.687,-53.479,1.455,-9.567,-20,1.289,27.48,26.191,6.909,438.123,445.031,36.993,-40.03,-40.226,-54.55,-54.666,1.806,-13.497,-20,3.291,3.291,544.29,0
15,1,15,1.8,60,2.384,91.733,94.117,-1.453,27.017,28.469,6.702,439.312,446.014,33.174,-49.264,-48.073,-56.404,-56.179,1.022,-9.089,-20,-2.164,27.015,29.179,6.469,411.952,418.42,35.352,-50.778,-49.158,-56.429,-56.288,0.935,-6.081,-20,2,70,2.687,104.278,106.964,-0.173,27.503,27.676,6.806,436.233,443.039,37.361,-41.816,-41.645,-53.697,-53.476,1.322,-7.629,-20,1.551,27.477,25.926,7.076,442.895,449.971,36.565,-40.956,-40.993,-54.976,-55.075,1.748,-14.19,-20,3.308,3.308,552.965,0
16,1,16,1.8,60,2.35,90.047,92.397,-0.039,27.042,27.081,6.573,428.762,435.335,34.188,-48.559,-47.75,-56.527,-56.593,1.089,-9.467,-20,-1.555,27.037,28.592,6.488,410.058,416.546,35.692,-50.647,-48.975,-56.536,-56.27,0.945,-5.862,-20,2,70,2.701,105.699,108.4,0.019,27.485,27.466,6.689,423.923,430.613,38.28,-41.091,-40.899,-53.583,-53.348,1.461,-9.431,-20,0.828,27.506,26.677,7.176,439.411,446.587,37.084,-39.736,-39.938,-54.317,-54.479,1.817,-13.355,-20,3.292,3.292,541.328,0
17,1,17,1.8,60,2.284,85.699,87.984,-1.863,27.032,28.895,6.678,432.248,438.925,33.837,-48.444,-47.069,-55.56,-55.109,1.292,-8.765,-20,-2.041,27.026,29.067,6.354,409.022,415.375,35.699,-50.595,-49.058,-55.993,-55.879,0.969,-5.363,-20,2,70,2.559,100.265,102.825,0.201,27.492,27.292,6.592,422.351,428.943,38.492,-41.275,-41.119,-53.378,-53.199,1.47,-8.974,-20,1.232,27.5,26.268,7.164,438.175,445.339,37.14,-40.995,-40.96,-54.36,-54.58,1.702,-15.506,-20,3.332,3.332,555.245,0
18,1,18,1.8,60,2.243,85.567,87.809,-0.654,27.031,27.686,6.612,437.08,443.692,33.463,-49.323,-48.283,-56.235,-56.118,0.992,-8.901,-20,-1.826,27.029,28.855,6.462,408.829,415.291,35.735,-50.839,-49.41,-56.45,-56.366,0.932,-6.166,-20,2,70,2.597,102.02,104.617,0.011,27.516,27.505,6.701,434.474,441.175,37.626,-41.881,-41.722,-53.794,-53.53,1.323,-8.122,-20,1.403,27.475,26.071,6.964,441.772,448.735,36.642,-40.829,-40.767,-54.656,-54.832,1.713,-13.474,-20,3.246,3.246,570.02,0
19,1,19,1.8,60,2.32,88.328,90.649,-1.77,27.033,28.803,6.633,432.934,439.567,33.787,-48.294,-47.354,-55.695,-55.874,1.215,-9.631,-20,-1.942,27.024,28.966,6.441,416.565,423.005,35.043,-50.649,-49.285,-56.608,-56.492,0.939,-6.611,-20,2,70,2.708,106.648,109.356,-0.894,27.537,28.432,6.801,436.259,443.06,37.651,-41.125,-40.891,-53.326,-52.908,1.555,-9.031,-20,1.24,27.481,26.241,7.275,456.485,463.76,35.507,-40.836,-40.949,-54.868,-55.161,1.728,-14.507,-20,3.213,3.213,553.733,0
20,1,20,1.8,60,2.295,87.154,89.45,0.219,27.031,26.812,6.541,429.541,436.082,34.041,-48.411,-47.666,-56.152,-56.185,1.095,-8.845,-20,-1.94,27.027,28.967,6.225,397.506,403.731,36.738,-48.906,-47.351,-55.779,-55.832,1.211,-6.056,-20,2,70,2.556,98.656,101.212,0.709,27.487,26.777,6.699,427.488,434.187,37.978,-41.803,-41.651,-53.962,-53.809,1.303,-9.209,-20,1.616,27.484,25.868,6.896,433.815,440.71,37.392,-40.034,-40.163,-54.619,-54.682,1.786,-13.569,-20,3.297,3.297,635.016,0
21,1,21,1.8,60,2.298,88.736,91.034,-0.507,27.037,27.544,6.579,433.692,440.271,33.769,-48.72,-47.826,-56.471,-56.514,1.069,-9.08,-20,-2.263,27.024,29.287,6.325,402.444,408.769,36.26,-49.738,-48.134,-56.903,-56.742,1.056,-7.001,-20,2,70,2.594,100.552,103.146,0.254,27.5,27.246,6.442,425.795,432.237,38.261,-41.275,-41.109,-53.55,-53.367,1.425,-9.353,-20,1.421,27.454,26.033,6.896,438.804,445.7,36.717,-40.135,-40.158,-55.136,-55.219,1.783,-14.83,-20,3.287,3.287,541.046,0
22,1,22,1.8,60,2.306,86.898,89.204,0.192,27.033,26.841,6.714,433.292,440.006,33.762,-48.932,-48.309,-56.664,-56.786,0.994,-9.248,-20,-1.927,27.029,28.956,6.534,406.733,413.268,35.91,-50.56,-48.909,-56.729,-56.653,0.974,-5.882,-20,2,70,2.533,99.774,102.307,0.62,27.483,26.863,6.642,424.952,431.594,38.172,-41.195,-41.066,-53.73,-53.527,1.462,-8.88,-20,1.22,27.482,26.262,6.821,437.801,444.622,37.042,-39.743,-39.688,-54.742,-54.842,1.802,-14.011,-20,3.307,3.307,539.64,0
23,1,23,1.8,60,2.273,85.524,87.797,-0.989,27.032,28.02,6.781,435.715,442.496,33.557,-49.529,-48.468,-56.249,-56.013,0.989,-9.388,-20,-1.755,27.039,28.793,6.649,411.76,418.409,35.547,-51.25,-49.887,-57.169,-57.13,0.866,-6.277,-20,2,70,2.574,99.555,102.129,0.62,27.511,26.891,6.749,427.944,434.693,38.149,-41.773,-41.661,-53.825,-53.744,1.327,-8.023,-20,1.128,27.507,26.379,7.002,433.249,440.251,37.626,-40.324,-40.322,-54.419,-54.4,1.759,-14.361,-20,3.267,3.267,557.269,0
24,1,24,1.8,60,2.363,91.759,94.122,-0.781,27.035,27.816,6.591,430.69,437.28,33.985,-48.461,-47.596,-56.366,-56.281,1.113,-9.65,-20,-2.145,27.024,29.17,6.435,407.762,414.197,35.789,-50.341,-48.647,-56.614,-56.429,0.986,-6.618,-20,2,70,2.557,98.091,100.647,-0.01,27.493,27.503,6.699,424.258,430.956,38.313,-41.107,-40.914,-53.158,-52.952,1.489,-9.003,-20,1.448,27.513,26.064,7.074,444.137,451.211,36.761,-40.225,-40.218,-54.849,-54.937,1.761,-15.09,-20,3.329,3.329,535.488,0
25,1,25,1.8,60,2.256,84.814,87.07,-1.378,27.008,28.386,6.497,428.908,435.405,33.917,-48.71,-47.421,-55.36,-55.001,1.135,-8.96,-20,-1.982,27.029,29.011,6.342,403.525,409.867,36.207,-49.969,-48.588,-55.715,-55.735,1.049,-5.662,-20,2,70,2.574,99.144,101.719,0.109,27.508,27.399,6.712,424.12,430.833,38.462,-41.062,-40.882,-53.166,-52.955,1.476,-8.442,-20,1.383,27.493,26.11,6.87,431.329,438.198,37.681,-40.454,-40.536,-54.373,-54.509,1.774,-14.465,-20,3.345,3.345,549.708,0
26,1,26,1.8,60,2.342,88.986,91.327,-1.246,27.019,28.266,6.626,429.568,436.194,33.943,-48.839,-47.767,-55.917,-55.799,1.074,-9.379,-20,-1.99,27.013,29.004,6.489,405.461,411.95,35.893,-50.723,-49.121,-56.357,-56.154,0.943,-5.703,-20,2,70,2.666,104.074,106.74,-0.295,27.504,27.799,6.63,425.582,432.213,38.304,-41.366,-41.194,-53.67,-53.413,1.471,-10.414,-20,1.092,27.483,26.391,7.277,449.352,456.629,36.084,-40.39,-40.487,-54.72,-54.968,1.739,-13.727,-20,3.279,3.279,548.005,0
27,1,27,1.8,60,2.306,88.33,90.635,-1.468,27.024,28.492,6.597,433.313,439.91,33.694,-48.645,-47.507,-55.793,-55.596,1.123,-9.154,-20,-2.112,27.028,29.14,6.447,407.482,413.929,35.842,-50.119,-48.617,-56.05,-56.035,1.017,-6.111,-20,2,70,2.647,103.068,105.715,-0.118,27.515,27.633,6.755,432.697,439.452,37.764,-41.956,-41.795,-54.005,-53.756,1.29,-9.466,-20,1.435,27.497,26.062,7.167,449.361,456.528,36.207,-40.945,-41.094,-54.887,-55.112,1.734,-13.625,-20,3.443,3.443,550.068,0
28,1,28,1.8,60,2.375,92.298,94.673,0.683,27.031,26.348,6.638,438.485,445.124,33.351,-49.748,-49.096,-57.342,-57.523,0.804,-8.762,-20,-1.794,27.032,28.827,6.258,407.397,413.656,35.902,-50.786,-48.905,-56.26,-56.255,0.958,-5.39,-20,2,70,2.597,99.476,102.073,0.977,27.551,26.573,6.824,429.556,436.38,38.348,-41.028,-40.83,-53.41,-53.239,1.546,-7.994,-20,1.409,27.512,26.103,6.949,430.983,437.932,37.873,-40.188,-40.268,-54.273,-54.248,1.782,-14.323,-20,3.376,3.376,636.917,0
29,1,29,1.8,60,2.252,83.774,86.026,0.13,27.018,26.888,6.715,431.378,438.093,33.791,-48.868,-48.216,-56.323,-56.46,0.997,-9.179,-20,-1.976,27.027,29.003,6.261,401.734,407.995,36.353,-50.212,-48.657,-56.361,-56.301,1.007,-6.051,-20,2,70,2.577,99.981,102.558,0.458,27.51,27.052,6.644,429.147,435.791,38.036,-41.22,-41.062,-53.398,-53.243,1.456,-7.61,-20,1.33,27.49,26.159,6.806,427.955,434.761,37.95,-40.064,-40.171,-54.353,-54.434,1.784,-13.811,-20,3.346,3.346,547.929,0
30,1,30,1.8,60,2.387,94.059,96.446,-1.322,27.007,28.33,6.708,434.601,441.309,33.46,-48.882,-47.772,-56.389,-56.163,1.075,-8.755,-20,-2.281,27.02,29.301,6.348,406.975,413.323,35.826,-49.791,-48.116,-56.284,-56.135,1.053,-6.433,-20,2,70,2.559,99.896,102.455,0.174,27.522,27.347,6.604,431.117,437.721,37.973,-41.981,-41.837,-53.925,-53.717,1.256,-9.348,-20,1.311,27.48,26.169,6.875,444.005,450.879,36.511,-40.839,-40.832,-54.241,-54.347,1.745,-12.586,-20,3.293,3.293,541.556,0
31,1,31,1.8,60,2.377,91.798,94.175,-1.638,27.029,29.667,6.151,396.783,402.934,36.828,-47.281,-49.386,-57.346,-57.37,1.097,-4.738,-20,-1.633,27.047,29.281,6.004,373.165,379.169,39.303,-50.216,-50.465,-57.232,-57.095,0.907,-11.496,-20,2,70,2.675,106.983,109.659,0.042,27.545,27.802,6.837,437.465,444.302,37.612,-39.659,-38.845,-52.625,-52.287,1.488,-11.686,-20,0.639,27.492,27.553,7.311,462.345,469.656,35.151,-39.382,-39.47,-54.302,-55.534,1.593,-11.122,-20,3.281,3.281,696.853,0
32,1,32,1.8,60,2.28,87.851,90.131,-0.617,27.044,28.661,6.192,398.28,404.472,36.814,-47.197,-49.676,-57.205,-57.537,1.021,-4.841,-20,-1.564,27.066,29.23,5.855,368.762,374.617,39.953,-49.85,-49.818,-56.483,-56.474,0.987,-10.823,-20,2,70,2.641,103.717,106.357,0.752,27.558,27.106,6.763,438.445,445.208,37.647,-39.728,-38.988,-52.694,-52.397,1.499,-10.834,-20,0.883,27.5,27.318,7.095,443.895,450.989,36.676,-39.342,-39.499,-53.92,-55.166,1.564,-10.561,-20,3.381,3.381,829.23,0
33,1,33,1.8,60,2.354,91.85,94.204,0.391,27.038,27.647,6.111,398.336,404.447,36.772,-47.298,-49.877,-57.775,-58.258,0.953,-4.891,-20,-1.191,27.064,28.854,5.874,367.072,372.947,40.11,-49.808,-49.694,-56.556,-56.501,0.979,-10.537,-20,2,70,2.657,103.663,106.32,0.658,27.558,27.2,6.715,437.884,444.599,37.701,-39.486,-38.732,-52.438,-52.155,1.505,-10.175,-20,0.945,27.511,27.266,6.861,443.1,449.961,36.854,-39.019,-39.18,-53.837,-55.157,1.597,-11.275,-20,3.452,3.452,902.601,0
34,1,34,1.8,60,2.269,89.245,91.514,-0.72,27.044,28.763,6.332,412.848,419.18,35.523,-48.474,-51.431,-58.072,-58.297,0.831,-1.781,-20,-1.532,27.056,29.189,5.838,373.591,379.429,39.359,-50.881,-51.193,-57.62,-57.699,0.886,-12.234,-20,2,70,2.607,105.183,107.791,1.067,27.555,26.788,6.689,445.231,451.92,37.068,-41.105,-40.427,-53.596,-53.347,1.173,-8.978,-20,0.803,27.502,27.399,6.744,449.561,456.305,36.263,-40.047,-40.468,-53.786,-55.101,1.515,-11.621,-20,3.399,3.399,801.273,0
35,1,35,1.8,60,2.311,88.86,91.171,-0.312,27.039,28.352,6.136,397.438,403.574,36.858,-46.845,-49.407,-57.227,-57.665,1.033,-3.606,-20,-1.574,27.065,29.239,5.918,367.331,373.248,40.087,-49.272,-49.402,-56.566,-56.632,1.039,-11.873,-20,2,70,2.64,103.623,106.264,0.51,27.554,27.344,6.643,433.074,439.717,38.082,-39.101,-38.328,-52.214,-51.918,1.609,-10.96,-20,0.818,27.506,27.389,6.756,447.096,453.853,36.496,-39.425,-39.521,-54.078,-55.325,1.55,-11.64,-20,3.45,3.45,814.371,0
36,1,36,1.8,60,2.216,84.243,86.459,-0.384,27.046,28.43,6.216,401.711,407.927,36.523,-47.464,-49.912,-56.926,-57.06,0.984,-3.013,-20,-1.456,27.057,29.113,5.594,364.147,369.741,40.39,-50.009,-50.167,-56.364,-56.534,0.958,-11.668,-20,2,70,2.64,105.967,108.607,-0.107,27.538,27.945,6.782,443.165,449.947,37.081,-40.176,-39.388,-52.665,-52.19,1.377,-9.863,-20,0.523,27.528,27.706,7.029,451.773,458.802,36.285,-39.285,-39.51,-53.849,-54.993,1.594,-10.829,-20,3.521,3.521,769.765,0
37,1,37,1.8,60,2.33,93.201,95.531,-0.571,27.054,28.625,6.269,409.547,415.817,35.892,-47.569,-50.075,-57.432,-57.662,0.948,-1.129,-20,-1.783,27.074,29.457,5.767,366.032,371.799,40.327,-48.801,-48.865,-56.407,-56.637,1.071,-12.517,-20,2,70,2.72,105.658,108.378,0.832,27.563,27.032,6.906,450.104,457.01,36.724,-41.044,-40.337,-53.342,-53.051,1.196,-8.11,-20,1.14,27.521,27.08,7.122,444.019,451.141,36.836,-39.673,-40.14,-53.878,-55.029,1.524,-11.18,-20,3.435,3.435,864.115,0
38,1,38,1.8,60,2.371,92.576,94.948,-0.56,27.039,28.599,6.304,400.494,406.798,36.56,-46.587,-49.282,-56.984,-57.413,1.043,-2.514,-20,-1.954,27.061,29.615,5.908,368.736,374.644,39.908,-49.147,-49.421,-56.573,-56.832,1.025,-12.83,-20,2,70,2.763,110.535,113.299,0.143,27.539,27.696,6.911,441.908,448.82,37.184,-40.56,-39.807,-53.398,-53.03,1.271,-10.76,-20,0.345,27.509,27.865,7.345,465.119,472.464,35.081,-39.881,-39.973,-54.271,-55.6,1.562,-11.509,-20,3.417,3.417,768.188,0
39,1,39,1.8,60,2.341,91.368,93.709,-1.256,27.008,29.265,6.146,403.782,409.928,36.028,-46.098,-48.378,-56.445,-56.695,1.174,-3.164,-20,-1.781,27.056,29.438,5.779,371.998,377.777,39.53,-48.578,-48.549,-56.072,-56.177,1.13,-11.793,-20,2,70,2.652,104.143,106.795,0.79,27.553,27.063,6.878,446.511,453.389,36.927,-39.135,-38.369,-52.309,-52.045,1.582,-10.922,-20,0.642,27.492,27.55,7.262,453.575,460.838,35.824,-38.228,-38.376,-53.521,-54.798,1.66,-11.623,-20,3.485,3.485,799.822,0
40,1,40,1.8,60,2.385,93.479,95.864,0.372,27.042,27.67,6.227,405.501,411.728,36.15,-47.828,-50.884,-57.955,-58.769,0.87,-2.743,-20,-1.668,27.051,29.319,5.93,371.287,377.217,39.54,-50.493,-50.791,-57.135,-57.333,0.911,-12.029,-20,2,70,2.782,110.924,113.705,0.707,27.552,27.145,6.856,446.007,452.864,36.959,-40.618,-39.918,-53.628,-53.272,1.278,-9.541,-20,0.102,27.536,28.135,7.052,446.695,453.747,36.757,-38.638,-38.81,-53.837,-55.114,1.618,-10.872,-20,3.35,3.35,804.223,0
41,1,41,1.8,60,2.217,84.115,86.332,0.363,27.048,27.686,6.196,400.784,406.98,36.628,-47.25,-49.918,-57.272,-57.756,0.975,-4.39,-20,-1.188,27.052,28.84,5.856,365.753,371.608,40.144,-50.255,-50.259,-56.575,-56.669,0.965,-10.889,-20,2,70,2.543,99.931,102.473,0.486,27.549,27.363,6.607,439.346,445.953,37.509,-40.246,-39.5,-52.87,-52.505,1.333,-11.713,-20,0.9,27.495,27.295,6.923,458.84,465.763,35.472,-39.758,-39.631,-54.285,-55.527,1.555,-10.464,-20,3.488,3.488,826.096,0
42,1,42,1.8,60,2.316,90.249,92.564,-0.291,27.04,28.331,6.374,408.722,415.097,35.837,-47.961,-51.033,-57.825,-58.513,0.886,-2.076,-20,-1.853,27.051,29.504,5.698,371.549,377.247,39.541,-50.309,-50.708,-57.06,-57.272,0.953,-12.003,-20,2,70,2.727,108.605,111.332,0.88,27.552,26.972,6.937,447.894,454.831,36.801,-40.981,-40.291,-53.619,-53.338,1.173,-9.026,-20,0.586,27.528,27.643,6.928,442.748,449.676,37.019,-38.845,-39.157,-53.826,-55.046,1.613,-11.288,-20,3.331,3.331,775.028,0
43,1,43,1.8,60,2.301,88.39,90.692,-0.894,27.032,28.926,6.315,400.225,406.54,36.53,-47.92,-50.196,-57.784,-57.958,0.942,-3.555,-20,-1.354,27.056,29.01,5.933,372.24,378.173,39.486,-50.248,-50.511,-57.551,-57.51,0.924,-11.549,-20,2,70,2.706,107.103,109.809,-0.171,27.543,28.013,6.579,434.061,440.639,37.906,-38.847,-38.018,-52.049,-51.594,1.648,-10.763,-20,0.341,27.503,27.861,7.314,452.443,459.756,35.996,-38.701,-38.706,-54.092,-55.363,1.658,-11.976,-20,3.399,3.399,744.792,0
44,1,44,1.8,60,2.457,97.132,99.589,-0.345,27.057,28.403,6.4,402.803,409.203,36.501,-47.19,-49.599,-57.663,-58.132,0.969,-2.337,-20,-1.8,27.068,29.467,5.863,369.44,375.302,39.896,-49.129,-49.267,-56.965,-57.092,1.018,-12.769,-20,2,70,2.799,111.543,114.342,0.768,27.555,27.087,6.728,437.275,444.003,37.725,-39.104,-38.372,-52.734,-52.35,1.59,-11.064,-20,0.872,27.509,27.337,6.788,447.863,454.651,36.452,-38.826,-39.087,-53.786,-55.105,1.599,-11.483,-20,3.245,3.245,956.912,0
45,1,45,1.8,60,2.311,89.965,92.276,-1.766,27.038,29.804,6.28,406.1,412.38,36.061,-47.431,-50.376,-57.171,-57.422,0.995,-3.91,-20,-1.991,27.065,29.656,5.951,379.539,385.49,38.82,-51.082,-51.538,-57.319,-57.147,0.89,-11.389,-20,2,70,2.885,116.936,119.821,-0.851,27.539,28.69,6.909,446.856,453.765,36.784,-40.378,-39.553,-53.072,-52.429,1.316,-11.155,-20,0.771,27.502,27.431,7.558,465.588,473.146,34.975,-39.739,-40.042,-53.975,-55.259,1.587,-11.503,-20,7.748,7.748,798.131,0
46,1,46,1.8,60,2.378,94.151,96.528,0.231,27.041,27.81,6.12,399.894,406.014,36.65,-47.057,-49.906,-57.492,-58.295,0.959,-2.855,-20,-1.81,27.053,29.463,5.732,367.721,373.452,39.961,-49.508,-49.743,-56.519,-56.854,1.029,-12.263,-20,2,70,2.749,109.938,112.687,0.56,27.557,27.297,6.79,441.352,448.142,37.392,-40.146,-39.433,-53.271,-52.913,1.367,-10.727,-20,0.203,27.53,28.026,7.047,450.496,457.543,36.398,-38.592,-38.741,-53.724,-54.929,1.643,-11.022,-20,3.354,3.354,797.417,0
47,1,47,1.8,60,2.298,89.985,92.283,-0.198,27.044,28.242,6.267,406.553,412.82,36.071,-47.82,-50.748,-57.893,-58.258,0.906,-2.774,-20,-1.336,27.053,28.989,5.895,374.342,380.237,39.241,-50.838,-51.272,-57.814,-57.884,0.882,-12.613,-20,2,70,2.608,102.766,105.373,0.705,27.55,27.145,6.833,442.123,448.956,37.26,-40.656,-39.908,-53.271,-52.906,1.292,-10.711,-20,0.696,27.505,27.51,7.192,455.825,463.017,35.763,-40.022,-40.22,-54.128,-55.395,1.533,-11.174,-20,3.442,3.442,779.129,0
48,1,48,1.8,60,2.297,88.759,91.056,-0.974,27.033,29.007,6.413,405.824,412.237,36.036,-48.088,-50.574,-57.904,-58.278,0.957,-3.61,-20,-1.557,27.06,29.217,5.927,372.672,378.599,39.477,-50.65,-50.688,-57.512,-57.397,0.909,-11.944,-20,2,70,2.645,103.903,106.548,0.66,27.55,27.19,6.678,439.075,445.754,37.536,-40.025,-39.298,-52.998,-52.655,1.364,-11.615,-20,0.658,27.514,27.556,6.968,452.34,459.308,36.125,-39.293,-39.483,-53.707,-54.963,1.558,-10.93,-20,3.424,3.424,847.199,0
49,1,49,1.8,60,2.3,88.365,90.666,-0.939,27.03,28.969,6.196,401.499,407.696,36.406,-47.278,-49.749,-57.062,-57.132,0.996,-2.625,-20,-1.713,27.053,29.366,5.823,365.797,371.62,40.15,-49.494,-49.687,-56.467,-56.657,0.995,-11.344,-20,2,70,2.786,110.21,112.997,0.494,27.55,27.356,6.692,445.726,452.417,36.982,-40.802,-40.087,-53.612,-53.354,1.228,-9.923,-20,0.352,27.516,27.864,7.315,459.035,466.35,35.6,-39.482,-39.651,-54.288,-55.555,1.587,-11.656,-20,3.753,3.753,748.33,0
50,1,50,1.8,60,2.331,88.679,91.011,-1.652,27.011,29.664,6.315,401.333,407.648,36.257,-47.443,-49.946,-56.974,-56.894,0.998,-2.921,-20,-1.83,27.072,29.501,5.997,367.959,373.956,40.076,-49.535,-49.664,-56.463,-56.524,1.008,-11.78,-20,2,70,2.828,114.02,116.848,0.797,27.553,27.056,6.925,444.032,450.957,37.127,-40.621,-39.963,-53.767,-53.528,1.259,-10.437,-20,0.681,27.514,27.533,7.254,450.771,458.025,36.228,-38.864,-39.299,-53.526,-54.93,1.569,-11.425,-20,14.091,14.091,815.704,0
51,1,51,1.8,60,2.341,90.738,93.079,-0.384,27.051,28.435,6.294,402.901,409.194,36.449,-47.395,-49.97,-57.629,-57.921,0.978,-3.543,-20,-1.395,27.066,29.061,5.859,372.688,378.547,39.536,-50.266,-50.51,-57.372,-57.318,0.916,-12.045,-20,2,70,2.641,103.055,105.695,-0.129,27.519,27.948,6.617,438.113,444.73,37.353,-40.209,-39.376,-52.478,-52.068,1.374,-10.558,-20,1.135,27.508,27.073,7.526,458.667,466.193,35.543,-40.003,-40.001,-54.376,-55.6,1.533,-11.582,-20,3.469,3.469,852.859,0
52,1,52,1.8,60,2.408,93.439,95.847,0.298,27.041,27.743,6.123,399.084,405.206,36.724,-47.43,-49.892,-58.292,-58.811,0.972,-3.886,-20,-1.23,27.061,28.891,5.829,369.615,375.444,39.816,-49.702,-49.679,-57.36,-57.375,1.026,-12.134,-20,2,70,2.742,108.388,111.13,0.93,27.552,26.922,6.878,438.172,445.05,37.613,-39.869,-39.158,-53.287,-53.019,1.412,-12.556,-20,0.592,27.506,27.614,7.08,453.921,461.001,35.927,-38.775,-38.935,-53.765,-55.102,1.626,-10.892,-20,6.25,6.25,815.834,0
53,1,53,1.8,60,2.301,89.884,92.185,-0.515,27.027,28.542,6.139,400.293,406.433,36.498,-46.344,-48.951,-56.543,-56.987,1.095,-2.951,-20,-1.977,27.067,29.644,5.67,366.285,371.955,40.243,-48.707,-48.822,-55.906,-56.122,1.126,-11.659,-20,2,70,2.695,106.848,109.543,0.499,27.547,27.348,6.55,443.573,450.123,37.148,-40.427,-39.702,-53.343,-53.065,1.303,-11.267,-20,0.469,27.506,27.737,7.295,464.703,471.998,35.087,-39.822,-39.988,-54.156,-55.444,1.533,-11.151,-20,8.257,8.257,866.005,0
54,1,54,1.8,60,2.282,87.799,90.08,0.176,27.041,27.865,6.133,405.622,411.754,36.138,-48.054,-50.761,-57.835,-58.228,0.876,-2.675,-20,-1.244,27.049,28.893,5.801,368.27,374.071,39.855,-50.472,-50.688,-57.447,-57.447,0.91,-12.069,-20,2,70,2.687,107.271,109.958,0.654,27.547,27.193,6.867,442.96,449.827,37.171,-40.331,-39.587,-53.118,-52.79,1.371,-9.678,-20,0.807,27.516,27.408,6.798,452.434,459.232,36.146,-39.398,-39.568,-53.997,-55.199,1.588,-10.946,-20,3.368,3.368,785.466,0
55,1,55,1.8,60,2.363,93.654,96.017,-0.57,27.043,28.613,6.2,413.677,419.877,35.457,-48.682,-51.496,-58.586,-58.75,0.826,-1.42,-20,-1.561,27.059,29.219,5.882,376.33,382.212,39.094,-50.795,-51.198,-58.076,-58.23,0.904,-13.115,-20,2,70,2.574,102.13,104.704,1.114,27.555,26.741,6.703,442.087,448.79,37.323,-40.566,-39.868,-53.118,-52.826,1.315,-8.992,-20,0.94,27.514,27.274,6.743,438.566,445.309,37.258,-39.341,-39.713,-53.562,-54.741,1.552,-10.898,-20,4.659,4.659,783.801,0
56,1,56,1.8,60,2.35,92.964,95.315,-1.23,27.018,29.248,6.247,405.905,412.152,35.916,-47.566,-50.409,-57.694,-57.862,0.921,-2.713,-20,-1.881,27.054,29.535,6.107,375.321,381.428,39.123,-50.413,-50.843,-57.381,-57.559,0.941,-12.473,-20,2,70,2.747,109.826,112.573,0.909,27.553,26.944,6.945,446.923,453.868,36.885,-41.152,-40.462,-54.019,-53.712,1.138,-11.125,-20,0.542,27.523,27.681,7.423,463.439,470.862,35.313,-39.632,-39.942,-53.863,-55.161,1.588,-10.322,-20,3.445,3.445,809.214,0
57,1,57,1.8,60,2.366,91.408,93.773,-1.438,27.035,29.473,6.301,399,405.302,36.665,-47.502,-49.558,-57.533,-57.834,1.023,-4.87,-20,-1.749,27.062,29.412,5.984,373.71,379.695,39.383,-50.257,-50.316,-57.176,-57.093,0.947,-11.464,-20,2,70,2.749,109.912,112.662,-1.566,27.548,29.414,6.772,439.036,445.808,37.509,-38.076,-37.079,-51.021,-50.231,1.917,-11.617,-20,0.613,27.495,27.581,7.069,445.341,452.41,36.516,-37.819,-37.967,-53.277,-54.553,1.691,-10.815,-20,3.808,3.808,820.559,0
58,1,58,1.8,60,2.314,89.024,91.338,-0.876,27.033,28.909,6.297,404.237,410.534,36.182,-47.803,-50.514,-57.483,-57.611,0.944,-3.839,-20,-1.62,27.054,29.274,5.811,369.974,375.786,39.717,-50.605,-50.665,-57.161,-57.079,0.901,-11.324,-20,2,70,2.718,108.464,111.183,1.198,27.558,26.66,6.99,443.736,450.725,37.187,-40.401,-39.719,-53.445,-53.158,1.266,-9.239,-20,0.844,27.513,27.369,6.994,447.109,454.103,36.531,-39.489,-39.875,-53.848,-55.117,1.559,-11.351,-20,3.47,3.47,824.514,0
59,1,59,1.8,60,2.327,91.726,94.053,-0.84,27.031,28.871,6.131,398.825,404.956,36.66,-46.381,-48.934,-56.863,-57.187,1.13,-3.577,-20,-1.942,27.051,29.593,5.732,366.146,371.879,40.102,-48.904,-48.964,-56.331,-56.44,1.089,-11.694,-20,2,70,2.71,106.164,108.874,0.66,27.547,27.187,6.83,440.529,447.359,37.379,-40.618,-39.887,-53.17,-52.946,1.285,-10.424,-20,0.712,27.512,27.5,7.369,460.959,468.327,35.416,-40.736,-41.01,-54.247,-55.505,1.494,-12.59,-20,3.501,3.501,744.701,0
60,1,60,1.8,60,2.314,90.642,92.956,-0.23,27.042,28.271,6.336,401.347,407.683,36.506,-46.754,-49.518,-56.858,-57.324,1.013,-3.28,-20,-1.839,27.05,29.489,5.758,366.403,372.16,40.062,-49.688,-49.896,-56.412,-56.596,1.004,-11.78,-20,2,70,2.695,106.261,108.956,0.482,27.546,27.364,6.656,444.268,450.925,37.069,-40.727,-39.995,-53.135,-52.876,1.251,-9.555,-20,0.785,27.498,27.413,7.194,458.329,465.524,35.515,-40.62,-40.792,-54.477,-55.748,1.511,-11.616,-20,3.438,3.438,731.358,0
61,1,61,1.8,60,2.302,88.839,91.141,-1.845,26.964,28.809,6.61,430.658,437.268,33.433,-48.77,-49.775,-57.695,-57.685,0.982,-6.29,-21.119,-1.704,26.969,28.673,6.427,412.227,418.653,34.962,-50.62,-52.092,-58.016,-57.859,0.739,-10.701,-20.472,2,70,2.617,105.416,108.033,-0.311,27.47,27.781,6.408,416.436,422.845,38.848,-39.983,-40.291,-53.82,-53.524,1.782,-9.329,-19.751,0.601,27.453,26.852,7.074,456.55,463.625,35.292,-41.078,-40.872,-53.57,-53.561,1.568,-10.025,-19.043,3.214,3.214,0,0
62,1,62,1.8,60,2.289,90.095,92.384,-1.371,26.965,28.336,6.568,433.605,440.172,33.22,-48.363,-49.596,-57.378,-57.62,1.038,-3.932,-21.682,-1.788,26.968,28.756,6.371,411.127,417.498,35.047,-49.907,-51.459,-57.775,-57.783,0.831,-12.159,-20.874,2,70,2.582,103.723,106.305,0.168,27.46,27.292,6.439,417.758,424.196,38.633,-40.846,-41.148,-54.351,-54.033,1.671,-8.95,-19.834,0.836,27.454,26.618,7.194,460.738,467.931,34.968,-42.664,-42.452,-54.076,-54.147,1.384,-9.861,-19.138,3.286,3.286,0,0
63,1,63,1.8,60,2.266,88.839,91.105,-2.042,26.983,29.025,6.576,431.126,437.702,33.548,-47.606,-48.56,-56.945,-56.761,1.198,-5.606,-21.213,-1.918,26.97,28.888,6.341,404.992,411.332,35.594,-49.388,-50.594,-57.123,-57.025,0.957,-10.515,-20.604,2,70,2.656,105.882,108.538,-0.978,27.458,28.436,6.431,414.274,420.706,38.936,-39.792,-39.979,-53.621,-53.219,1.771,-10.182,-19.768,0.528,27.458,26.93,7.233,462.889,470.121,34.844,-41.316,-41.126,-53.484,-53.636,1.537,-9.134,-19.072,3.256,3.256,0,0
64,1,64,1.8,60,2.443,96.182,98.625,-1.552,26.967,28.52,6.692,437.165,443.857,32.961,-48.337,-49.718,-57.885,-58.269,1.049,-5.049,-22.637,-2.182,26.963,29.145,6.324,410.241,416.565,35.085,-49.458,-50.797,-57.678,-57.619,0.911,-12.21,-21.888,2,70,2.702,106.793,109.495,0.422,27.467,27.045,6.574,418.989,425.564,38.569,-41.199,-41.633,-54.937,-54.754,1.616,-10.515,-20.602,0.467,27.455,26.987,7.236,458.547,465.783,35.142,-41.242,-41.106,-53.732,-53.681,1.511,-9.982,-19.845,3.235,3.235,0,0
65,1,65,1.8,60,2.315,91.067,93.382,-1.033,26.983,28.016,6.584,432.276,438.861,33.454,-48.61,-49.951,-57.713,-58.017,0.995,-4.999,-22.078,-1.71,26.962,28.672,6.343,410.672,417.015,35.037,-49.968,-51.504,-57.805,-57.774,0.861,-12.09,-21.301,2,70,2.741,110.338,113.079,-0.247,27.475,27.722,6.462,418.945,425.408,38.65,-40.313,-40.681,-54.395,-54.062,1.714,-8.89,-20.113,0.114,27.457,27.343,7.128,452.058,459.186,35.662,-40.314,-40.13,-53.644,-53.69,1.605,-9.861,-19.391,3.144,3.144,0,0
66,1,66,1.8,60,2.377,93.453,95.83,-2.592,26.974,29.566,6.639,432.354,438.992,33.379,-48.164,-49.113,-57.197,-57.136,1.089,-4.59,-21.133,-2.242,26.967,29.209,6.428,411.055,417.483,35.039,-49.885,-51.38,-58.123,-58.08,0.852,-12.101,-20.475,2,70,2.65,106.87,109.52,-0.135,27.471,27.606,6.492,419.235,425.728,38.593,-40.512,-40.9,-54.124,-53.917,1.713,-9.16,-19.935,0.755,27.455,26.7,7.402,476.952,484.354,33.798,-43.126,-42.957,-54.741,-54.923,1.379,-11.175,-19.246,3.267,3.267,0,0
67,1,67,1.8,60,2.32,90.673,92.994,-1.56,26.958,28.518,6.648,432.222,438.869,33.266,-48.344,-49.784,-57.549,-58.012,0.998,-5.07,-23.099,-2.094,26.967,29.061,6.302,408.033,414.335,35.309,-49.61,-50.985,-57.605,-57.551,0.931,-12.436,-22.304,2,70,2.543,101.689,104.231,0.736,27.475,26.739,6.515,417.76,424.275,38.763,-41.123,-41.508,-54.631,-54.531,1.623,-9.37,-20.763,0.644,27.458,26.814,7.019,453.153,460.172,35.595,-41.787,-41.602,-53.524,-53.515,1.42,-10.316,-19.997,3.238,3.238,0,0
68,1,68,1.8,60,2.22,86.644,88.865,-1.628,26.959,28.587,6.615,427.304,433.918,33.655,-48.018,-49.331,-57.227,-57.673,1.132,-5.045,-22.787,-2.079,26.959,29.038,6.254,402.184,408.437,35.752,-49.085,-50.424,-56.928,-56.932,0.991,-11.719,-21.888,2,70,2.614,104.611,107.226,0.679,27.473,26.794,6.424,417.91,424.333,38.734,-41.06,-41.492,-54.487,-54.391,1.649,-9.175,-20.587,0.523,27.455,26.932,7.132,459.306,466.438,35.096,-42.785,-42.523,-53.746,-53.804,1.389,-11.235,-19.849,3.258,3.258,0,0
69,1,69,1.8,60,2.313,91.016,93.33,-2.381,26.964,29.346,6.535,430.911,437.446,33.422,-47.832,-48.721,-56.877,-56.658,1.128,-4.229,-21.698,-2.214,26.967,29.181,6.235,404.869,411.104,35.584,-49.235,-50.602,-57.438,-57.384,0.954,-12.009,-21.161,2,70,2.616,103.006,105.622,-0.873,27.471,28.343,6.534,416.227,422.762,38.856,-40.382,-40.553,-53.823,-53.399,1.692,-9.929,-20.123,0.638,27.454,26.816,7.343,471.942,479.285,34.143,-42.696,-42.525,-54.114,-54.215,1.384,-10.258,-19.392,3.369,3.369,0,0
70,1,70,1.8,60,2.227,86.572,88.799,-0.8,26.967,27.767,6.548,429.108,435.656,33.579,-48.124,-49.733,-57.359,-57.938,1.053,-4.609,-22.994,-1.923,26.968,28.891,6.274,402.839,409.113,35.764,-49.219,-50.505,-56.952,-56.964,0.977,-12.52,-22.147,2,70,2.578,104.165,106.742,0.325,27.471,27.146,6.457,415.73,422.187,38.915,-40.553,-40.951,-54.217,-54.062,1.665,-9.386,-20.709,0.267,27.459,27.193,7.159,454.864,462.023,35.465,-41.92,-41.667,-53.491,-53.469,1.478,-10.6,-19.945,3.351,3.351,0,0
71,1,71,1.8,60,2.284,89.84,92.124,-1.209,26.957,28.166,6.519,430.686,437.205,33.383,-48.3,-49.689,-57.616,-57.999,1.017,-4.946,-23.067,-1.857,26.958,28.815,6.239,404.972,411.21,35.503,-49.483,-50.789,-57.543,-57.512,0.968,-12.453,-22.338,2,70,2.6,103.336,105.936,0.804,27.477,26.672,6.471,417.342,423.813,38.817,-41.042,-41.475,-54.625,-54.556,1.637,-9.464,-20.693,0.363,27.457,27.094,7.012,455.326,462.337,35.419,-42.064,-41.852,-53.832,-53.73,1.441,-11.25,-19.94,3.253,3.253,0,0
72,1,72,1.8,60,2.29,89.303,91.593,-1.586,26.958,28.544,6.546,432.376,438.922,33.265,-48.64,-49.955,-57.69,-57.886,0.973,-6.289,-22.158,-1.669,26.962,28.631,6.373,414.109,420.483,34.752,-50.688,-52.157,-58.106,-57.985,0.769,-11.468,-21.495,2,70,2.706,107.332,110.038,0.517,27.477,26.961,6.572,420.17,426.742,38.555,-40.57,-41.034,-54.355,-54.238,1.708,-8.478,-20.346,0.368,27.457,27.088,7.214,462.449,469.663,34.863,-42.128,-41.95,-54.004,-54.061,1.436,-11.528,-19.617,3.369,3.369,0,0
73,1,73,1.8,60,2.336,91.148,93.484,-2.19,26.955,29.144,6.609,436.726,443.334,32.905,-48.938,-50.179,-57.491,-57.744,0.895,-5.362,-21.717,-2.083,26.964,29.047,6.445,416.518,422.963,34.568,-50.611,-52.241,-58.029,-57.966,0.763,-11.256,-20.789,2,70,2.744,110.386,113.131,-0.03,27.478,27.508,6.542,422.248,428.79,38.378,-40.653,-41.067,-54.673,-54.458,1.658,-8.826,-20.089,0.318,27.452,27.134,7.343,470.574,477.917,34.224,-41.686,-41.586,-54.704,-54.842,1.472,-9.714,-19.418,3.431,3.431,0,0
74,1,74,1.8,60,2.313,91.338,93.65,-1.668,26.956,28.625,6.61,434.157,440.767,33.111,-48.573,-49.758,-57.535,-57.844,0.984,-4.466,-21.244,-2.366,26.968,29.334,6.242,405.264,411.506,35.56,-49.362,-50.619,-57.274,-57.236,0.959,-11.316,-20.393,2,70,2.705,109.021,111.725,0.301,27.474,27.173,6.538,418.721,425.259,38.656,-40.131,-40.589,-54.158,-53.917,1.72,-8.424,-19.882,0.647,27.461,26.814,7.213,456.322,463.535,35.362,-41.356,-41.183,-54.031,-54.135,1.512,-10.791,-19.193,3.21,3.21,0,0
75,1,75,1.8,60,2.217,86.005,88.222,-1.063,27.003,28.067,6.588,433.213,439.801,33.542,-48.429,-49.825,-57.458,-57.909,1.031,-4.756,-22.733,-1.834,26.964,28.798,6.302,406.604,412.906,35.408,-49.634,-51.084,-57.324,-57.3,0.876,-12.091,-21.854,2,70,2.699,107.767,110.466,0.371,27.476,27.105,6.523,420.406,426.928,38.526,-40.557,-40.955,-54.116,-54.003,1.655,-8.584,-20.463,0.566,27.458,26.892,7.115,455.856,462.97,35.383,-42.222,-41.977,-53.643,-53.67,1.417,-11.21,-19.742,3.233,3.233,0,0
76,1,76,1.8,60,2.254,88.094,90.348,-1.749,26.99,28.739,6.484,431.375,437.859,33.587,-48.159,-49.087,-57.191,-57.081,1.101,-4.949,-21.363,-1.746,26.971,28.717,6.333,409.012,415.345,35.254,-50.031,-51.567,-57.944,-57.868,0.837,-11.541,-20.854,2,70,2.632,103.862,106.493,-0.42,27.484,27.904,6.465,415.389,421.855,39.059,-40.153,-40.404,-53.913,-53.615,1.735,-10.234,-19.877,0.685,27.457,26.773,7.328,469.754,477.082,34.327,-41.823,-41.698,-54.425,-54.491,1.438,-9.737,-19.179,3.353,3.353,0,0
77,1,77,1.8,60,2.258,84.885,87.143,-1.584,26.966,28.55,6.651,433.594,440.244,33.225,-49.063,-50.31,-57.192,-57.566,0.888,-4.604,-21.795,-1.904,26.968,28.871,6.41,408.583,414.993,35.259,-50.214,-51.746,-57.163,-57.135,0.849,-10.997,-20.798,2,70,2.688,109.04,111.729,-1.928,27.47,29.398,6.465,419.059,425.524,38.602,-39.577,-39.659,-53.455,-52.831,1.804,-9.343,-19.985,0.106,27.454,27.348,7.253,464.417,471.67,34.696,-41.518,-41.297,-53.625,-53.79,1.496,-9.073,-19.318,3.279,3.279,0,0
78,1,78,1.8,60,2.212,86.319,88.531,-0.868,26.961,27.829,6.521,432.206,438.727,33.299,-48.892,-50.43,-57.439,-58.12,0.913,-4.838,-23.02,-1.932,26.96,28.893,6.301,405.992,412.293,35.427,-49.797,-51.328,-57.116,-57.189,0.916,-12.011,-22.047,2,70,2.572,102.771,105.342,0.589,27.475,26.886,6.429,417.459,423.888,38.795,-40.415,-40.8,-54.227,-54.062,1.692,-8.408,-20.781,0.804,27.455,26.651,7.045,454.057,461.102,35.5,-41.722,-41.535,-54.055,-54.068,1.484,-11.735,-20.045,3.288,3.288,0,0
79,1,79,1.8,60,2.189,85.525,87.714,-1.62,26.961,28.581,6.52,427.476,433.995,33.663,-47.87,-49.159,-57.33,-57.564,1.123,-6.855,-22.211,-1.809,26.967,28.776,6.352,409.051,415.403,35.222,-49.795,-51.232,-57.136,-57.111,0.94,-10.985,-21.547,2,70,2.613,103.05,105.663,0.27,27.475,27.205,6.523,418.096,424.619,38.724,-40.389,-40.802,-54.299,-54.119,1.716,-9.436,-20.625,0.678,27.457,26.779,7.368,470.007,477.375,34.304,-42.019,-41.913,-54.786,-54.747,1.412,-11.063,-19.88,3.333,3.333,0,0
80,1,80,1.8,60,2.442,93.928,96.37,-1.318,26.962,28.28,6.747,434.929,441.676,33.087,-48.559,-50.16,-57.639,-58.22,0.954,-4.289,-22.867,-2.311,26.965,29.276,6.395,411.525,417.921,34.987,-49.619,-51.166,-57.437,-57.444,0.908,-12.951,-21.951,2,70,2.874,114.472,117.346,0.619,27.468,26.849,6.572,420.476,427.048,38.442,-41.215,-41.774,-55.288,-55.25,1.601,-10.111,-20.721,0.382,27.457,27.075,7.408,466.37,473.779,34.56,-41.927,-41.788,-54.338,-54.451,1.458,-11.152,-19.988,3.32,3.32,0,0
81,1,81,1.8,60,2.375,93.767,96.142,-0.966,26.972,27.938,6.647,440.325,446.972,32.768,-49.56,-51.133,-58.43,-58.965,0.832,-4.27,-22.982,-2.111,26.97,29.08,6.373,412.814,419.187,34.922,-50.109,-51.593,-58.111,-58.122,0.846,-12.354,-22.134,2,70,2.575,101.968,104.544,0.509,27.461,26.952,6.42,416.04,422.46,38.803,-40.715,-41.098,-54.498,-54.384,1.673,-9.789,-20.55,0.668,27.458,26.79,7.181,458.715,465.896,35.158,-41.775,-41.658,-53.975,-53.908,1.458,-10.48,-19.829,3.348,3.348,0,0
82,1,82,1.8,60,2.296,88.995,91.291,-1.393,26.962,28.355,6.531,427.511,434.042,33.668,-48.089,-49.602,-57.38,-57.912,1.068,-5.075,-23.279,-1.985,26.972,28.956,6.4,409.403,415.803,35.221,-49.569,-51.074,-57.517,-57.475,0.922,-12.668,-22.384,2,70,2.655,105.847,108.502,0.646,27.48,26.833,6.448,416.526,422.974,38.923,-40.682,-41.137,-54.488,-54.352,1.656,-9.551,-20.824,0.594,27.463,26.87,7.125,459.962,467.087,35.11,-42.21,-42.038,-54.122,-54.159,1.447,-11.375,-20.06,3.28,3.28,0,0
83,1,83,1.8,60,2.351,91.868,94.218,-1.497,26.954,28.452,6.589,428.676,435.266,33.51,-47.975,-49.234,-57.741,-57.921,1.11,-5.969,-22.188,-1.834,26.963,28.797,6.343,409.141,415.484,35.179,-49.64,-50.987,-57.753,-57.693,0.906,-11.699,-21.584,2,70,2.703,107.547,110.25,0.12,27.472,27.352,6.523,418.426,424.949,38.673,-40.413,-40.855,-54.303,-54.181,1.683,-9.219,-20.514,0.336,27.457,27.121,7.286,466.227,473.513,34.586,-41.706,-41.548,-54.384,-54.407,1.47,-11.37,-19.776,3.268,3.268,0,0
84,1,84,1.8,60,2.278,88.595,90.873,-1.557,26.973,28.53,6.576,437.627,444.203,32.977,-48.117,-49.33,-57.035,-57.303,1.051,-4.211,-21.178,-2.065,26.971,29.035,6.269,408.084,414.353,35.336,-49.422,-50.678,-57.142,-57.054,0.959,-11.413,-20.397,2,70,2.588,102.779,105.368,0.421,27.481,27.06,6.521,416.429,422.951,38.933,-40.011,-40.38,-53.794,-53.582,1.787,-8.641,-19.882,0.822,27.464,26.642,7.068,454.351,461.42,35.548,-41.602,-41.406,-53.569,-53.597,1.465,-10.193,-19.186,3.244,3.244,0,0
85,1,85,1.8,60,2.274,88.597,90.871,-1.359,26.966,28.324,6.57,431.054,437.624,33.416,-48.913,-50.065,-57.984,-58.129,0.865,-6.21,-21.788,-1.533,26.96,28.493,6.363,412.513,418.876,34.869,-50.829,-52.359,-58.477,-58.343,0.733,-10.932,-21.138,2,70,2.674,106.269,108.943,-0.448,27.488,27.936,6.519,420.443,426.961,38.634,-40.572,-40.881,-54.48,-54.18,1.674,-9.83,-20.151,0.555,27.464,26.908,7.503,478.188,485.691,33.77,-41.578,-41.468,-55.187,-55.316,1.478,-9.691,-19.458,3.314,3.314,0,0
86,1,86,1.8,60,2.405,93.332,95.737,-1.277,26.958,28.235,6.628,433.875,440.504,33.14,-48.647,-50.158,-57.632,-58.155,0.956,-4.085,-23.096,-2.228,26.966,29.194,6.312,408.002,414.314,35.302,-49.514,-50.906,-57.508,-57.457,0.888,-13.006,-22.25,2,70,2.605,103.164,105.77,0.158,27.477,27.319,6.483,415.807,422.289,38.958,-40.591,-41.028,-54.61,-54.393,1.701,-10.499,-20.743,0.501,27.458,26.956,7.228,462.44,469.668,34.874,-41.471,-41.34,-54.085,-54.136,1.492,-10.116,-19.993,3.327,3.327,0,0
87,1,87,1.8,60,2.302,90.594,92.896,-2.48,26.961,29.441,6.589,433.139,439.727,33.222,-48.353,-49.288,-57.126,-57.056,1.063,-4.061,-21.491,-2.205,26.969,29.174,6.344,408.965,415.31,35.241,-49.72,-51.179,-57.879,-57.829,0.883,-12.109,-20.875,2,70,2.7,106.912,109.612,-0.464,27.466,27.93,6.543,422.057,428.6,38.289,-41.397,-41.633,-54.701,-54.436,1.57,-10.126,-20.083,0.874,27.464,26.59,7.51,480.182,487.693,33.633,-42.64,-42.493,-54.588,-54.757,1.388,-9.498,-19.373,3.334,3.334,0,0
88,1,88,1.8,60,2.334,92.512,94.846,-2.034,26.96,28.994,6.515,428.065,434.581,33.611,-47.534,-48.767,-57.356,-57.451,1.183,-5.9,-22.498,-2.045,26.966,29.011,6.348,407.844,414.192,35.311,-49.14,-50.471,-57.272,-57.185,0.957,-11.571,-21.817,2,70,2.608,103.211,105.818,-0.123,27.473,27.596,6.477,415.321,421.798,38.966,-39.814,-40.09,-53.457,-53.238,1.756,-8.757,-20.641,0.638,27.468,26.83,7.219,456.981,464.201,35.371,-41.762,-41.576,-53.789,-53.821,1.49,-10.955,-19.899,3.253,3.253,0,0
89,1,89,1.8,60,2.274,86.893,89.167,-0.998,27.006,28.004,6.742,435.903,442.645,33.345,-48.413,-49.805,-57.735,-58.104,0.983,-6.799,-22.141,-1.748,26.959,28.708,6.394,409.058,415.452,35.151,-50.251,-51.606,-57.317,-57.233,0.858,-10.451,-21.404,2,70,2.698,106.239,108.937,0.3,27.473,27.173,6.523,420.942,427.465,38.454,-40.509,-40.93,-54.268,-54.073,1.7,-8.435,-20.285,0.465,27.455,26.989,7.29,467.276,474.565,34.49,-42.294,-42.085,-54.283,-54.302,1.428,-11.211,-19.558,3.269,3.269,0,0
90,1,90,1.8,60,2.251,87.623,89.874,-1.548,26.96,28.508,6.688,439.554,446.242,32.735,-49.448,-50.716,-57.458,-57.77,0.884,-4.392,-21.459,-1.843,26.969,28.813,6.363,416.254,422.616,34.633,-50.936,-52.63,-58.194,-58.177,0.699,-11.838,-20.556,2,70,2.645,105.207,107.852,-0.088,27.479,27.567,6.571,423.5,430.071,38.274,-41.508,-41.837,-54.951,-54.696,1.578,-9.759,-19.893,0.753,27.454,26.701,7.446,475.265,482.711,33.901,-42.444,-42.264,-54.691,-54.741,1.409,-9.047,-19.244,3.223,3.223,0,0
