Header Section,,,,,,,,,,,,,,,,,,,,,,,,,,,,,,,,,,,,,,,,,,,,,,,,,,,,,,,,,,,,,,,,,,,,,,,,
Product,VC5369-31,,,,,,,,,,,,,,,,,,,,,,,,,,,,,,,,,,,,,,,,,,,,,,,,,,,,,,,,,,,,,,,,,,,,,,,
Test Plan,Rev(-),,,,,,,,,,,,,,,,,,,,,,,,,,,,,,,,,,,,,,,,,,,,,,,,,,,,,,,,,,,,,,,,,,,,,,,
Release Date,2018/7/17,,,,,,,,,,,,,,,,,,,,,,,,,,,,,,,,,,,,,,,,,,,,,,,,,,,,,,,,,,,,,,,,,,,,,,,
Comment,#1~2/A2E3.29.1,,,,,,,,,,,,,,,,,,,,,,,,,,,,,,,,,,,,,,,,,,,,,,,,,,,,,,,,,,,,,,,,,,,,,,,
,,,,,,,,,,,,,,,,,,,,,,,,,,,,,,,,,,,,,,,,,,,,,,,,,,,,,,,,,,,,,,,,,,,,,,,,
Data Section,,,,,,,,,,,,,,,,,,,,,,,,,,,,,,,,,,,,,,,,,,,,,,,,,,,,,,,,,,,,,,,,,,,,,,,,
Device#,1,2,3,4,5,6,7,8,9,10,11,12,13,14,15,16,17,18,19,20,21,22,23,24,25,26,27,28,29,30,31,32,33,34,35,36,37,38,39,40,41,42,43,44,45,46,47,48,49,50,51,52,53,54,55,56,57,58,59,60,61,62,63,64,65,66,67,68,69,70,71,72
Test Item,Site No,Device ID,Idle_LB_Vbat_LPM,Idle_LB_Vcc_LPM,Idle_LB_Vbat,Idle_LB_Vcc,Idle_LB_Total,Pin_LB_824,Pout_LB_824,Gain_LB_824,Icc_LB_Vbat_824,Icc_LB_Vcc_824,Icc_LB_Total_824,PAE_LB_Total_824,ACP_L_LB_824,ACP_U_LB_824,ALT_L_LB_824,ALT_U_LB_824,EVM_LB_824,2fo_LB_824,CPL_Pout_824,Pin_LB_915,Pout_LB_915,Gain_LB_915,Icc_LB_Vbat_915,Icc_LB_Vcc_915,Icc_LB_Total_915,PAE_LB_Total_915,ACP_L_LB_915,ACP_U_LB_915,ALT_L_LB_915,ALT_U_LB_915,EVM_LB_915,2fo_LB_915,CPL_Pout_915,Idle_HB_Vbat_LPM,Idle_HB_Vcc_LPM,Idle_HB_Vbat,Idle_HB_Vcc,Idle_HB_Total,Pin_HB_1710,Pout_HB_1710,Gain_HB_1710,Icc_HB_Vbat_1710,Icc_HB_Vcc_1710,Icc_HB_Total_1710,PAE_HB_Total_1710,ACP_L_HB_1710,ACP_U_HB_1710,ALT_L_HB_1710,ALT_U_HB_1710,EVM_HB_1710,2fo_HB_1710,CPL_Pout_1710,Pin_HB_1980,Pout_HB_1980,Gain_HB_1980,Icc_HB_Vbat_1980,Icc_HB_Vcc_1980,Icc_HB_Total_1980,PAE_HB_Total_1980,ACP_L_HB_1980,ACP_U_HB_1980,ALT_L_HB_1980,ALT_U_HB_1980,EVM_HB_1980,2fo_HB_1980,CPL_Pout_1980,Leakage_VBAT,Leakage_VCC,Test Time,Index Time
Low Tolerance,,,5,10,5,10,10,0.3,,,1,30,30,,1.5,1.5,1.5,1.5,0.5,1.5,1.5,0.3,,,1,30,30,,1.5,1.5,1.5,1.5,0.5,1.5,1.5,5,10,5,10,10,0.3,,,1,30,30,,1.5,1.5,1.5,1.5,0.5,1.5,1.5,0.3,,,1,30,30,,1.5,1.5,1.5,1.5,0.5,1.5,1.5,5,5,,
High Tolerance,,,5,10,5,10,10,0.5,,,1,30,30,,1.5,1.5,1.5,1.5,0.5,1.5,1.5,0.5,,,1,30,30,,1.5,1.5,1.5,1.5,0.5,1.5,1.5,5,10,5,10,10,0.5,,,1,30,30,,1.5,1.5,1.5,1.5,0.5,1.5,1.5,0.5,,,1,30,30,,1.5,1.5,1.5,1.5,0.5,1.5,1.5,5,5,,
Enable,,,1,1,1,1,1,1,0,0,0,1,1,,1,1,1,1,1,1,1,1,0,0,0,1,1,,1,1,1,1,1,1,1,1,1,1,1,1,1,0,0,0,1,1,,1,1,1,1,1,1,1,1,0,0,0,1,1,,1,1,1,1,1,1,1,1,1,,
1,1,1,1.329,61.086,1.779,90.379,92.158,-2.67,27.632,36.332,4.512,404.007,408.518,40.781,-43.851,-44.751,-56.656,-57.216,1.189,-11.32,-21.732,-2.684,27.62,30.368,4.412,390.485,394.897,42.035,-47.028,-48.01,-56.728,-56.653,0.993,-8.939,-21.172,1.543,69.171,2.131,102.279,104.411,-0.04,27.932,25.308,5.056,424.356,429.413,38.249,-41.657,-40.635,-52.823,-52.075,1.509,-9.485,-22.572,-1.66,28.989,32.458,5.206,435.44,440.647,36.99,-38.378,-38.547,-53.922,-54.136,1.476,-15.735,-20.795,0.058,3.315,377.596,9403.703
2,1,2,1.38,62.449,1.828,91.282,93.11,-3.223,27.648,36.899,4.593,406.901,411.495,40.63,-43.815,-44.895,-56.464,-57.209,1.163,-11.375,-21.495,-2.487,27.631,30.183,4.571,396.192,400.763,41.525,-47.538,-48.378,-56.56,-56.786,0.9,-9.007,-20.95,1.668,70.96,2.261,104.018,106.279,0.327,27.862,24.871,5.207,421.951,427.158,37.819,-42.014,-41.427,-53.172,-52.448,1.413,-8.496,-22.609,-2.187,29.015,33.011,5.328,430.718,436.046,37.61,-38.805,-38.909,-54.282,-54.262,1.535,-16.098,-20.864,0.062,3.039,269.227,14730.429
3,1,3,1.332,58.841,1.758,87.376,89.135,-2.174,27.535,35.739,4.515,397.853,402.368,40.485,-44.698,-45.038,-56.885,-56.95,1.165,-11.162,-21.685,-2.647,27.658,30.369,4.503,387.894,392.397,42.679,-45.849,-46.908,-56.452,-56.574,1.207,-8.775,-21.135,1.606,70.351,2.209,103.513,105.723,-0.098,27.905,25.34,5.162,423.567,428.729,38.071,-41.342,-40.488,-52.69,-51.976,1.56,-8.293,-22.592,-2.212,28.992,33.013,5.365,430.282,435.647,37.443,-38.056,-38.122,-54.009,-54.135,1.541,-17.112,-20.811,0.066,2.738,265.351,20376.697
4,1,4,1.314,57.487,1.711,86.323,88.034,-3.163,27.64,36.833,4.523,409.099,413.622,40.349,-43.882,-43.999,-56.052,-55.878,1.413,-10.571,-21.525,-2.429,27.516,30.009,4.419,383.889,388.309,41.734,-46.966,-48.238,-56.249,-56.53,0.951,-8.662,-20.953,1.496,65.875,2.054,98.95,101.004,0.619,27.882,24.599,4.942,424.818,429.76,37.752,-42.582,-41.536,-52.909,-52.138,1.357,-8.299,-22.299,-1.372,29.058,32.238,5.109,432.486,437.595,37.841,-38.141,-38.179,-54.13,-54.391,1.507,-15.052,-20.527,0.064,2.852,264.168,14871.676
5,1,5,1.36,60.002,1.808,89.307,91.115,-3.542,27.641,37.213,4.555,408.91,413.465,40.376,-44.128,-44.738,-56.562,-56.517,1.223,-11.026,-21.064,-2.429,27.624,30.117,4.529,389.644,394.174,42.154,-46.998,-47.82,-56.216,-56.485,0.986,-8.699,-20.507,1.545,69.657,2.158,103.048,105.206,0.195,27.913,25.053,5.048,423.699,428.747,38.126,-41.649,-40.698,-52.872,-51.869,1.484,-8.547,-22.425,-1.774,29.019,32.601,5.17,429.406,434.576,37.769,-38.763,-38.701,-53.986,-54.065,1.483,-16.161,-20.676,0.06,3.103,266.134,14244.859
6,1,6,1.375,60.552,1.818,89.616,91.434,-2.338,27.54,35.907,4.533,396.655,401.188,40.651,-43.524,-43.927,-56.566,-56.5,1.438,-11.132,-22.054,-2.429,27.677,30.171,4.556,388.456,393.012,42.8,-45.043,-45.661,-56.051,-56.298,1.434,-8.515,-21.529,1.681,73.197,2.277,106.179,108.456,0.129,27.921,25.129,5.287,432.267,437.554,37.436,-41.331,-40.461,-53.031,-52.29,1.54,-8.49,-22.553,-1.78,29.022,32.61,5.497,445.681,451.177,36.402,-39.545,-39.386,-54.115,-54.285,1.478,-15.672,-20.773,0.058,2.649,262.856,20316.943
7,1,7,1.4,63.428,1.866,92.672,94.539,-3.393,27.617,37.039,4.581,410.528,415.109,39.991,-44.108,-44.881,-56.892,-57.244,1.133,-11.092,-21.483,-2.429,27.66,30.153,4.552,394.637,399.19,41.964,-46.715,-48.02,-56.603,-56.86,0.997,-8.726,-20.944,1.532,69.354,2.117,102.871,104.988,0.159,27.928,25.105,4.991,425.665,430.656,38.097,-41.721,-40.845,-53.015,-52.127,1.452,-8.65,-22.464,-1.873,29.018,32.7,5.183,433.3,438.483,37.427,-38.834,-38.653,-54.168,-54.352,1.489,-15.141,-20.69,0.06,2.764,263.024,13742.006
8,1,8,1.341,58.183,1.781,86.752,88.533,-1.911,27.552,35.493,4.551,400.323,404.874,40.392,-44.478,-44.999,-57.004,-57.337,1.109,-11.143,-22.023,-2.572,27.621,30.257,4.56,387.621,392.181,42.343,-46.241,-47.208,-56.467,-56.476,1.137,-8.756,-21.524,1.517,66.772,2.1,99.406,101.507,0.592,27.892,24.636,5.035,424.164,429.199,37.893,-42.161,-41.233,-52.929,-52.232,1.397,-9.156,-22.657,-1.733,29.05,32.591,5.21,431.387,436.597,37.857,-38.578,-38.584,-53.903,-54.238,1.49,-14.805,-20.869,0.059,2.484,259.827,16189.81
9,1,9,1.353,60.714,1.812,89.979,91.791,-2.614,27.559,36.202,4.512,400.966,405.477,40.395,-45.116,-45.882,-57.267,-58.114,0.884,-11.43,-21.504,-2.671,27.629,30.364,4.487,393.001,397.488,41.848,-47.152,-48.074,-56.437,-56.764,0.971,-9.154,-20.896,1.643,73.353,2.26,107.212,109.472,-0.113,27.978,25.428,5.204,431.622,436.826,37.998,-41.979,-40.772,-53.041,-52.377,1.477,-10.585,-22.603,-2.47,28.985,33.264,5.435,441.691,447.125,36.427,-40.3,-40.12,-53.855,-54.059,1.451,-14.305,-20.847,0.062,2.636,258.979,14684.679
10,1,10,1.359,61.422,1.801,89.973,91.774,-2.614,27.65,36.292,4.529,404.77,409.299,40.865,-43.931,-44.93,-56.664,-57.139,1.147,-12.076,-21.18,-2.612,27.637,30.314,4.568,398.192,402.759,41.384,-47.396,-48.746,-56.571,-56.942,0.894,-8.969,-20.565,1.712,74.749,2.309,108.233,110.542,-0.016,27.958,25.31,5.318,433.369,438.687,37.659,-41.006,-40.008,-52.864,-52.091,1.628,-8.851,-22.568,-1.683,29.053,32.544,5.58,453.829,459.408,36.005,-39.334,-39.071,-54.08,-54.226,1.499,-16.594,-20.791,0.062,2.954,259.395,16258.498
11,1,11,1.401,63.14,1.895,91.595,93.489,-1.497,27.542,35.068,4.619,400.513,405.131,40.276,-44.748,-45.35,-57.351,-57.434,1.094,-11.408,-21.567,-2.808,27.65,30.522,4.561,390.812,395.374,42.282,-46.144,-46.87,-56.745,-56.729,1.172,-8.798,-20.98,1.62,72.681,2.253,106.326,108.579,0.389,27.901,24.848,5.146,426.421,431.568,37.769,-41.979,-41.064,-52.777,-52.202,1.456,-8.35,-22.774,-1.865,29.111,32.783,5.326,434.909,440.235,38.079,-39.023,-39.088,-54.128,-54.268,1.493,-15.334,-21.011,0.062,2.696,260.965,16839.657
12,1,12,1.287,57.12,1.732,85.089,86.821,-1.551,27.554,35.134,4.448,400.212,404.66,40.426,-44.569,-44.136,-56.746,-56.13,1.473,-10.556,-21.851,-2.617,27.66,30.341,4.429,384.036,388.466,43.129,-45.117,-45.672,-55.876,-56.023,1.445,-8.223,-21.074,1.564,68.802,2.164,101.787,103.951,0.498,27.9,24.738,5.037,424.719,429.757,37.915,-41.863,-41.06,-52.942,-52.067,1.454,-9.038,-22.671,-1.395,29.075,32.278,5.269,437.716,442.985,37.527,-38.764,-38.56,-54.117,-54.47,1.479,-15.205,-20.88,0.063,2.831,263.965,16381.947
13,1,13,1.341,58.84,1.784,87.92,89.704,-2.962,27.638,36.628,4.621,406.799,411.42,40.545,-43.906,-44.329,-56.247,-56.65,1.269,-10.867,-21.578,-2.48,27.585,30.128,4.487,388.471,392.957,41.902,-46.97,-48.075,-56.611,-56.824,0.98,-8.968,-20.991,1.637,73.383,2.228,107.221,109.449,-0.033,27.979,25.348,5.122,428.811,433.933,38.259,-41.52,-40.706,-52.939,-52.341,1.528,-8.611,-22.685,-2.126,29.015,32.95,5.18,425.338,430.518,38.094,-39.864,-39.832,-54.282,-54.329,1.448,-14.893,-20.934,0.062,2.496,264.939,17604.197
14,1,14,1.301,57.408,1.774,84.975,86.748,-1.293,27.555,34.877,4.528,396.919,401.447,40.759,-44.54,-45.158,-57.311,-57.33,1.131,-11.28,-21.906,-2.579,27.618,30.261,4.511,385.493,390.004,42.543,-46.329,-46.847,-56.275,-56.492,1.179,-8.661,-21.412,1.634,69.856,2.232,103.366,105.598,-0.555,27.979,25.87,5.141,422.363,427.504,38.846,-40.917,-39.945,-52.564,-51.764,1.664,-9.966,-22.57,-2.587,28.996,33.391,5.219,424.533,429.752,37.992,-39.305,-39.497,-54.042,-54.109,1.451,-14.125,-20.78,0.056,2.882,266.691,17710.089
15,1,15,1.323,59.582,1.768,88.788,90.556,-3.307,27.655,36.991,4.548,410.072,414.62,40.394,-43.773,-43.91,-56.302,-56.267,1.407,-10.599,-21.309,-2.579,27.641,30.284,4.469,386.693,391.163,42.641,-45.971,-46.768,-55.988,-56.202,1.211,-8.603,-20.774,1.675,73.449,2.243,107.488,109.731,-0.021,27.889,25.246,5.069,421.258,426.326,38.139,-42.192,-41.162,-53.038,-52.323,1.438,-10.073,-22.505,-2.568,29.008,33.385,5.301,433.729,439.03,37.295,-39.948,-40.109,-54.148,-54.202,1.464,-14.11,-20.758,0.059,3.357,259.023,18019.724
16,1,16,1.282,55.862,1.718,84.795,86.513,-2.738,27.687,36.454,4.517,405.508,410.025,41.146,-42.968,-44.319,-56.284,-56.774,1.357,-11.455,-21.436,-2.505,27.562,30.132,4.395,385.925,390.32,41.966,-47.284,-48.2,-56.311,-56.607,0.932,-8.412,-20.861,1.524,67.52,2.107,100.694,102.801,0.389,27.898,24.845,5.015,426.214,431.23,37.77,-42.252,-41.225,-52.809,-51.944,1.419,-8.596,-22.572,-1.714,29.089,32.612,5.284,440.133,445.416,37.444,-38.252,-38.083,-54.295,-54.324,1.523,-15.766,-20.798,0.059,2.801,261.048,15338.247
17,1,17,1.354,59.774,1.767,88.01,89.777,-2.082,27.549,35.659,4.529,400.692,405.222,40.325,-44.43,-43.781,-56.731,-55.761,1.565,-10.391,-22.113,-2.65,27.642,30.356,4.397,380.998,385.395,43.288,-44.897,-45.519,-55.764,-55.968,1.503,-8.129,-21.349,1.686,73.548,2.307,106.699,109.006,0.531,27.887,24.692,5.208,426.103,431.311,37.666,-41.915,-40.979,-52.983,-52.454,1.476,-8.623,-22.684,-1.637,29.066,32.511,5.412,440.208,445.62,37.228,-39.019,-39.134,-54.249,-54.231,1.501,-16.041,-20.898,0.061,3.026,262.238,16653.995
18,1,18,1.292,55.268,1.719,82.9,84.619,-1.663,27.544,35.236,4.594,402.902,407.497,40.055,-45.449,-46.483,-57.41,-58.185,0.824,-11.939,-21.056,-2.314,27.583,29.961,4.614,399.666,404.28,40.711,-48.874,-50.044,-56.752,-57.166,0.654,-9.138,-20.422,1.624,70.405,2.192,103.6,105.792,-0.016,27.97,25.322,5.161,430.598,435.759,38.014,-41.68,-40.663,-52.777,-51.995,1.529,-9.023,-22.656,-1.944,29.053,32.806,5.351,438.343,443.694,37.288,-39.177,-38.989,-54.228,-54.205,1.484,-15.731,-20.91,0.06,2.751,260.116,17487.206
19,1,19,1.272,55.439,1.703,83.023,84.726,-1.657,27.539,35.224,4.517,394.722,399.238,40.834,-44.577,-44.537,-56.77,-56.719,1.256,-11.272,-21.774,-2.655,27.625,30.344,4.448,384.448,388.896,42.737,-45.627,-46.999,-56.207,-56.406,1.234,-8.71,-21.204,1.548,69.811,2.156,103.054,105.21,0.374,27.91,24.872,5.086,424.737,429.823,38.001,-42.095,-40.958,-53.009,-52.072,1.447,-9.305,-22.726,-1.867,29.023,32.699,5.228,433.573,438.8,37.444,-39.059,-39.013,-53.984,-54.208,1.467,-14.587,-20.906,0.057,2.632,263.289,16294.105
20,1,20,1.354,59.591,1.814,88.574,90.388,-2.31,27.652,35.991,4.666,406.997,411.664,40.654,-43.891,-44.47,-56.982,-56.998,1.307,-10.882,-22.221,-2.779,27.643,30.485,4.527,387.663,392.19,42.548,-46.29,-46.92,-56.268,-56.624,1.19,-8.859,-21.657,1.541,67.289,2.102,99.43,101.532,0.464,27.912,24.784,5.033,425.326,430.359,37.965,-42.241,-41.005,-52.932,-52.106,1.396,-8.59,-22.878,-1.234,29.102,32.144,5.218,431.303,436.521,38.318,-38.717,-38.744,-54.173,-54.346,1.466,-14.651,-21.124,0.055,2.242,262.681,15300.606
21,1,21,1.421,62.26,1.853,90.349,92.202,-1.522,27.543,35.094,4.601,402.365,406.966,40.1,-45.478,-45.935,-57.372,-57.643,0.949,-11.555,-21.233,-2.783,27.622,30.469,4.579,395.694,400.273,41.489,-47.334,-48.216,-56.964,-56.988,0.905,-9.051,-20.639,1.665,73.242,2.27,106.603,108.873,0.485,27.919,24.771,5.195,430.709,435.904,37.55,-42.354,-41.259,-53.203,-52.527,1.407,-9.173,-22.632,-1.736,28.981,32.524,5.364,434.648,440.011,36.973,-39.811,-39.917,-54.069,-54.145,1.45,-14.21,-20.872,0.064,2.556,263.283,13355.835
22,1,22,1.395,60.57,1.818,88.721,90.539,-1.041,27.556,34.626,4.618,405.091,409.709,39.946,-45.674,-45.035,-57.511,-56.876,1.274,-10.851,-21.748,-2.658,27.686,30.407,4.635,392.296,396.93,42.461,-45.835,-46.66,-56.547,-56.682,1.23,-8.68,-20.877,1.623,74.026,2.219,108.512,110.731,0.55,27.924,24.71,5.123,431.54,436.663,37.522,-42.18,-41.221,-53.008,-52.431,1.41,-7.945,-22.628,-1.921,29.026,32.756,5.197,427.316,432.513,38.015,-39.552,-39.666,-53.982,-54.198,1.465,-15.124,-20.844,0.06,2.832,263.711,18533.041
23,1,23,1.282,57.622,1.723,86.668,88.391,-2.796,27.653,36.477,4.549,410.753,415.302,40.3,-44.202,-44.92,-56.835,-57.1,1.162,-10.835,-21.496,-2.658,27.638,30.359,4.471,390.587,395.058,42.194,-46.772,-47.836,-56.316,-56.524,1.015,-9.168,-20.932,1.626,72.221,2.214,105.312,107.526,0.353,28.005,24.988,5.127,429.844,434.971,38.387,-41.257,-40.498,-52.933,-52.087,1.546,-7.745,-22.722,-2.012,29.021,32.841,5.146,422.317,427.464,38.412,-38.726,-38.633,-54.149,-54.215,1.526,-16.775,-20.99,0.06,3.221,261.513,15936.934
24,1,24,1.344,57.988,1.799,85.956,87.756,-2.003,27.632,35.664,4.557,402.371,406.928,40.936,-43.84,-44.374,-56.576,-56.771,1.302,-11.11,-21.757,-2.658,27.584,30.305,4.575,386.06,390.634,42.144,-46.35,-47.038,-56.416,-56.523,1.121,-8.687,-21.213,1.575,70.036,2.166,102.985,105.151,0.383,28.037,24.991,5.1,432.378,437.478,38.453,-40.903,-40.189,-52.815,-52.114,1.622,-9.035,-22.663,-1.847,29.023,32.678,5.22,435.704,440.925,37.261,-38.835,-38.682,-54.049,-54.164,1.482,-15.643,-20.866,0.057,2.289,247.949,16385.537
25,1,25,1.388,62.791,1.848,91.288,93.137,-2.304,27.66,35.993,4.559,409.087,413.645,40.529,-44.714,-45.342,-57.398,-57.356,1.132,-11.58,-21.459,-2.801,27.616,30.481,4.53,399.051,403.58,41.095,-47.718,-49.024,-56.868,-57.039,0.833,-9.655,-20.859,1.691,74.713,2.283,107.933,110.216,-0.081,28.013,25.43,5.187,432.273,437.46,38.25,-41.456,-40.477,-52.813,-51.998,1.561,-8.832,-22.621,-2.498,29.004,33.311,5.287,432.573,437.86,37.36,-38.963,-39.056,-54.003,-54.107,1.497,-15.777,-20.876,0.061,3.285,261.647,14596.703
26,1,26,1.335333333,59.63633333,1.748,88.52333333,90.27133333,-3.464333333,27.68366667,36.763,4.42,396.994,401.414,41.70733333,-40.65973333,-40.33193333,-54.66353333,-53.90126667,1.9704,-11.561,-22.84933333,-3.0308,27.77633333,30.78733333,4.412333333,382.148,386.5606667,43.012,-42.11266667,-43.48753333,-56.4232,-56.37593333,1.4412,-10.47686667,-22.416,1.605,70.681,2.196666667,103.1563333,105.3526667,0.858,28.20033333,24.751,4.978333333,415.6766667,420.655,39.19066667,-41.6684,-41.10226667,-53.55953333,-52.83553333,1.439733333,-13.92426667,-22.986,-1.564666667,29.14266667,32.50866667,5.319,435.6983333,441.017,36.989,-42.88806667,-43.04166667,-54.24886667,-54.51413333,1.389533333,-12.20013333,-20.301,0.059,3.357333333,379.4393333,7019.274
27,1,27,1.324,59.423,1.782,88.202,89.984,-2.412333333,27.70766667,35.73466667,4.421666667,396.901,401.3223333,41.944,-40.82906667,-41.40426667,-55.24353333,-55.42826667,1.585733333,-11.96133333,-23.43433333,-2.762466667,27.784,30.52633333,4.439333333,388.912,393.3513333,42.34133333,-43.123,-44.42553333,-56.69986667,-56.52593333,1.279533333,-10.76686667,-23.13233333,1.606,72.095,2.153666667,105.1256667,107.2793333,-0.670333333,28.21633333,26.29566667,5.012333333,423.8516667,428.864,38.62333333,-41.25106667,-40.45026667,-53.3822,-52.48886667,1.544733333,-12.64326667,-22.79666667,-1.863333333,29.20166667,32.86633333,5.432,451.0606667,456.4926667,36.22566667,-41.55306667,-41.859,-54.08186667,-54.36513333,1.428533333,-14.55246667,-20.08366667,0.058,3.234333333,262.822,20457.46867
28,1,28,1.201,52.299,1.652,79.46,81.11166667,-1.511666667,27.577,34.70333333,4.396666667,391.062,395.458,41.30233333,-42.4684,-41.82326667,-55.34086667,-54.7166,1.475066667,-9.967,-22.668,-2.593466667,27.826,30.39866667,4.359,384.1686667,388.5273333,43.28066667,-41.75666667,-42.98853333,-56.07186667,-56.21493333,1.533533333,-11.02786667,-22.20133333,1.494333333,65.391,2.051333333,98.34966667,100.4006667,0.678333333,28.17,24.9,4.868333333,416.406,421.2743333,38.86633333,-42.0484,-41.48293333,-53.34653333,-52.61886667,1.4164,-13.0446,-22.67233333,-1.431,29.16866667,32.40133333,5.201333333,433.714,438.9153333,37.38966667,-41.74006667,-41.90933333,-54.3242,-54.46013333,1.4392,-12.15346667,-19.96733333,0.064,3.297333333,263.6416667,12494.40267
29,1,29,1.419666667,61.771,1.861,90.343,92.204,-3.414333333,27.69066667,36.71933333,4.562333333,401.5633333,406.1256667,41.28633333,-41.4294,-41.4696,-54.84486667,-54.98326667,1.549733333,-10.77466667,-22.55,-2.6668,27.78933333,30.43566667,4.537,387.63,392.1673333,42.51966667,-42.937,-44.30986667,-56.43953333,-56.38626667,1.300533333,-11.0982,-22.20966667,1.589666667,70.909,2.185333333,103.498,105.6836667,0.667333333,28.14566667,24.88633333,4.983333333,416.6403333,421.6236667,38.61266667,-41.8034,-41.18626667,-53.4042,-52.70886667,1.438733333,-12.6406,-22.69033333,-1.307333333,29.14766667,32.25666667,5.270333333,442.285,447.5556667,36.48966667,-41.9054,-42.14433333,-54.21386667,-54.53146667,1.4332,-13.85146667,-20.02866667,0.064666667,3.056333333,262.6516667,11677.02633
30,1,30,1.292333333,57.303,1.757666667,85.848,87.606,-2.739333333,27.68366667,36.03766667,4.473666667,399.4016667,403.875,41.45066667,-41.3484,-41.3986,-55.1692,-55.15193333,1.523066667,-11.144,-22.99033333,-2.6528,27.80733333,30.439,4.429333333,385.5823333,390.0116667,42.93133333,-42.518,-43.90153333,-56.49553333,-56.22293333,1.383533333,-10.63886667,-22.675,1.648,73.323,2.252,106.702,108.954,-0.603333333,28.26633333,26.27833333,5.110666667,423.4703333,428.581,39.094,-41.46306667,-40.52593333,-53.34186667,-52.46886667,1.565733333,-14.0606,-22.825,-1.813,29.12633333,32.741,5.525,449.4843333,455.01,35.719,-43.04306667,-43.243,-53.92853333,-54.23646667,1.387866667,-12.23546667,-20.103,0.056,3.047666667,259.637,16246.047
31,1,31,1.360333333,59.672,1.773666667,87.938,89.71166667,-2.554333333,27.65666667,35.82566667,4.616333333,406.4536667,411.0703333,40.47433333,-43.14206667,-42.05293333,-55.91953333,-54.82026667,1.5124,-9.471,-22.41133333,-2.623466667,27.832,30.43433333,4.574333333,392.806,397.38,42.374,-42.306,-43.74453333,-56.6182,-56.55626667,1.396866667,-11.68053333,-21.73433333,1.617666667,69.81366667,2.167666667,102.958,105.1256667,0.174666667,28.17633333,25.41,5.013333333,415.2923333,420.3056667,39.02366667,-41.73073333,-41.0366,-53.27753333,-52.62486667,1.487066667,-12.9736,-22.703,-1.221666667,29.19833333,32.22166667,5.339333333,439.6853333,445.0246667,37.13,-41.5074,-41.933,-54.32553333,-54.5738,1.4172,-12.70546667,-20.05,0.059666667,2.844,256.6563333,15487.26467
32,1,32,1.297666667,57.024,1.723333333,84.40733333,86.13066667,-2.374333333,27.57233333,35.56133333,4.405333333,391.1906667,395.5963333,41.24666667,-42.28906667,-41.4706,-55.16986667,-54.52793333,1.5864,-11.25533333,-22.122,-2.623466667,27.73533333,30.33766667,4.390333333,383.367,387.7576667,42.471,-43.091,-44.1012,-56.4472,-56.49126667,1.303866667,-10.8492,-21.59633333,1.583333333,69.994,2.181,102.3876667,104.5683333,0.14,28.187,25.45533333,4.983333333,417.013,421.9956667,38.964,-41.8884,-41.1396,-53.2412,-52.4812,1.449066667,-12.6996,-22.632,-1.716666667,29.149,32.667,5.191666667,429.646,434.8373333,37.57133333,-42.22706667,-42.56466667,-54.31386667,-54.5118,1.412533333,-12.42346667,-19.96266667,0.062666667,3.255333333,257.4573333,17321.551
33,1,33,1.284666667,54.79366667,1.712,83.36866667,85.081,-2.228333333,27.55833333,35.40166667,4.387666667,386.129,390.5166667,41.64766667,-41.9164,-42.13326667,-55.46486667,-55.60426667,1.3744,-12.18233333,-22.775,-2.623466667,27.74566667,30.348,4.424333333,381.746,386.17,42.747,-43.49766667,-44.58486667,-56.5462,-56.48393333,1.240533333,-10.62953333,-22.452,1.511,64.097,2.042333333,96.812,98.85466667,0.185,28.17866667,25.402,4.872666667,412.5183333,417.3906667,39.319,-41.61673333,-40.7456,-53.0372,-52.17486667,1.4634,-13.56793333,-22.78833333,-1.08,29.23233333,32.114,5.281666667,437.0376667,442.319,37.64666667,-40.36406667,-40.80666667,-54.2132,-54.57246667,1.492533333,-12.15846667,-20.12266667,0.062,2.433,259.7203333,16123.92467
34,1,34,1.320333333,58.636,1.733333333,86.737,88.47033333,-2.027666667,27.56166667,35.20366667,4.434333333,394.724,399.159,40.77366667,-42.90273333,-42.27593333,-55.53786667,-55.12693333,1.350066667,-10.08033333,-22.887,-2.860466667,27.78233333,30.622,4.471666667,386.465,390.9373333,42.58666667,-42.34366667,-43.84153333,-56.7372,-56.5586,1.407533333,-11.58186667,-22.45633333,1.589,71.255,2.165,103.7836667,105.9483333,0.512666667,28.17266667,25.06833333,4.92,416.6883333,421.6086667,38.864,-42.07373333,-41.29593333,-53.29186667,-52.54253333,1.451066667,-12.9596,-22.778,-1.483,29.169,32.45366667,5.197,434.4436667,439.641,37.33033333,-42.01906667,-42.32966667,-54.0252,-54.3988,1.407533333,-12.44213333,-20.066,0.06,3.2,261.8636667,18431.075
35,1,35,1.358666667,59.954,1.84,88.52,90.36033333,-2.703,27.692,36.00966667,4.581333333,395.4446667,400.0256667,41.93066667,-40.24806667,-40.79793333,-55.0622,-55.2966,1.723066667,-11.90133333,-22.94733333,-2.687466667,27.788,30.455,4.512,384.1056667,388.6176667,42.89733333,-42.37366667,-43.56886667,-56.4142,-56.35426667,1.4022,-10.49353333,-22.616,1.602333333,69.624,2.204666667,102.508,104.7123333,-0.542333333,28.257,26.20733333,5.166333333,422.2543333,427.421,39.11333333,-41.6934,-40.91793333,-53.1762,-52.5132,1.4734,-13.7106,-22.85433333,-1.966666667,29.11533333,32.883,5.367333333,439.6433333,445.0103333,36.42666667,-41.22506667,-41.60066667,-53.98886667,-54.19713333,1.4352,-11.69746667,-20.22266667,0.059666667,2.348333333,257.7816667,19856.17367
36,1,36,1.298666667,57.177,1.738333333,85.293,87.03133333,-2.424333333,27.65333333,35.69266667,4.503333333,396.0663333,400.5693333,41.50166667,-41.5754,-41.5576,-55.33353333,-55.17626667,1.5054,-11.64266667,-22.707,-2.5658,27.73866667,30.284,4.431,383.7963333,388.2276667,42.44966667,-43.25033333,-44.75953333,-56.72653333,-56.43726667,1.2342,-10.7302,-22.35466667,1.542,69.54,2.127,102.4026667,104.53,0.325666667,28.17566667,25.25833333,4.899,417.1866667,422.086,38.84833333,-42.05673333,-41.2506,-53.37853333,-52.7042,1.424066667,-13.16226667,-22.77066667,-1.471666667,29.16766667,32.441,5.226666667,437.569,442.7953333,37.056,-42.04773333,-42.27266667,-54.1022,-54.39046667,1.406866667,-12.63813333,-20.05733333,0.059333333,2.780333333,255.715,15204.04967
37,1,37,1.319,57.955,1.748333333,85.761,87.51,-2.424333333,27.70633333,35.746,4.508,397.336,401.844,41.87933333,-41.06573333,-40.5246,-54.6732,-53.90726667,1.876733333,-11.02866667,-22.47,-2.813133333,27.77266667,30.565,4.392,382.577,386.9693333,42.92433333,-42.10433333,-43.42486667,-56.63953333,-56.5166,1.467533333,-10.78086667,-21.986,1.581333333,71.882,2.191333333,104.879,107.0706667,0.442333333,28.172,25.138,4.967666667,416.331,421.299,38.88433333,-41.59206667,-41.01293333,-53.3052,-52.6902,1.457066667,-12.8716,-22.73433333,-1.297,29.20366667,32.30266667,5.230333333,434.6176667,439.8476667,37.613,-42.50673333,-42.735,-54.12086667,-54.57946667,1.3972,-12.8538,-20.09133333,0.058,3.314666667,257.642,16886.3
38,1,38,1.340333333,60.462,1.79,89.517,91.307,-3.471666667,27.68766667,36.774,4.467333333,395.7573333,400.224,41.871,-39.61773333,-40.48893333,-54.85786667,-55.21226667,1.890733333,-12.42366667,-22.94666667,-2.697466667,27.72533333,30.40233333,4.347,379.371,383.7183333,42.817,-42.78066667,-43.78253333,-56.3492,-56.2636,1.368866667,-9.772866667,-22.62833333,1.659666667,73.73433333,2.241333333,107.092,109.3336667,-0.926333333,28.197,26.53233333,5.107666667,422.711,427.8183333,38.55033333,-41.5254,-40.85626667,-53.51186667,-52.60486667,1.5134,-13.40526667,-22.81466667,-1.714,29.154,32.67,5.457,447.197,452.654,36.13333333,-42.9374,-42.941,-54.02486667,-54.43113333,1.388866667,-12.8288,-20.14,0.058666667,3.306,270.5796667,13283.36
39,1,39,1.329666667,58.015,1.771333333,86.206,87.977,-3.045333333,27.68866667,36.34933333,4.540333333,399.1766667,403.7166667,41.51966667,-41.00106667,-41.3056,-54.91986667,-54.99293333,1.6184,-11.448,-22.87266667,-2.697466667,27.68066667,30.35766667,4.401,380.491,384.8916667,42.24933333,-43.42666667,-44.8572,-56.35753333,-56.50693333,1.204533333,-10.52953333,-22.524,1.630333333,70.228,2.195333333,102.4416667,104.637,-0.282333333,28.20266667,25.89333333,4.982666667,417.7303333,422.713,39.051,-41.14173333,-40.48426667,-53.26653333,-52.4702,1.538066667,-13.3876,-22.91633333,-1.533333333,29.16966667,32.50433333,5.369333333,443.372,448.7416667,36.58066667,-41.42906667,-41.74766667,-54.07786667,-54.49546667,1.420866667,-12.28813333,-20.245,0.063333333,3.132333333,257.901,15149.79033
40,1,40,1.324,57.766,1.737333333,85.563,87.30066667,-2.529,27.543,35.68633333,4.373,387.486,391.859,41.357,-41.89906667,-41.2636,-55.29353333,-54.7906,1.618733333,-11.222,-22.133,-2.744466667,27.812,30.53566667,4.392666667,379.8303333,384.223,43.627,-41.793,-42.5712,-56.09653333,-56.12693333,1.5832,-10.57086667,-21.69433333,1.558333333,69.471,2.105666667,101.889,103.9946667,0.559666667,28.167,25.01566667,4.890333333,412.7916667,417.682,39.172,-41.88173333,-41.2316,-53.30486667,-52.4432,1.4484,-13.73193333,-22.79266667,-1.354,29.201,32.35666667,5.207333333,434.828,440.0356667,37.57133333,-42.10806667,-42.58633333,-54.14053333,-54.4968,1.409866667,-11.93313333,-20.12233333,0.061666667,2.789,263.1263333,16717.211
41,1,41,1.331666667,57.844,1.726,85.821,87.54733333,-2.582666667,27.57366667,35.771,4.433666667,390.8153333,395.2486667,41.294,-41.87706667,-42.05426667,-55.5452,-55.61126667,1.4004,-11.412,-23.08,-2.709466667,27.792,30.48066667,4.394,384.0603333,388.4546667,42.95433333,-42.41733333,-43.88253333,-56.53586667,-56.54693333,1.409533333,-10.80953333,-22.75333333,1.568333333,68.556,2.159666667,101.67,103.8296667,0.496333333,28.17,25.08233333,4.989,417.0756667,422.0646667,38.79733333,-41.8474,-41.23293333,-53.25986667,-52.51186667,1.451066667,-12.64293333,-22.91733333,-1.175333333,29.20833333,32.18566667,5.347,441.682,447.0286667,37.04833333,-42.14806667,-42.26533333,-54.36186667,-54.6108,1.425866667,-13.26146667,-20.23666667,0.06,3.162,262.6316667,13311.39067
42,1,42,1.222666667,53.33733333,1.715,80.57633333,82.29133333,-1.075,27.55566667,34.24533333,4.432333333,397.4836667,401.916,40.437,-44.0754,-43.7076,-56.18886667,-56.22493333,1.035066667,-10.02766667,-22.66366667,-2.709466667,27.707,30.39566667,4.51,384.511,389.021,42.059,-43.401,-45.0442,-56.72186667,-56.66193333,1.1992,-11.28286667,-22.286,1.499,66.007,2.084333333,98.878,100.9623333,0.157333333,28.20266667,25.45333333,4.901,416.445,421.3463333,39.167,-42.11606667,-41.19393333,-53.10953333,-52.28386667,1.4194,-14.53326667,-22.802,-1.443,29.24266667,32.487,5.271333333,438.7516667,444.023,37.596,-40.97706667,-41.48266667,-54.05553333,-54.47446667,1.436533333,-10.8688,-20.10533333,0.062333333,2.712333333,256.5053333,15721.595
43,1,43,1.264666667,55.814,1.703333333,83.93,85.63333333,-2.655,27.69,35.96,4.345333333,394.727,399.0726667,42.01333333,-41.15773333,-41.22826667,-55.21486667,-55.1666,1.635066667,-10.853,-22.551,-2.848133333,27.76733333,30.595,4.362,382.538,386.9,42.88133333,-42.654,-43.67753333,-56.36153333,-56.27593333,1.369866667,-11.1302,-22.20833333,1.529333333,66.742,2.115,99.887,102.002,-0.554333333,28.26666667,26.229,5.005666667,419.949,424.9546667,39.42666667,-40.9654,-40.28026667,-53.28853333,-52.29953333,1.572733333,-13.93126667,-22.79533333,-1.586666667,29.151,32.53933333,5.365333333,447.2176667,452.583,36.114,-41.7524,-42.16233333,-54.0982,-54.33346667,1.418533333,-12.2398,-20.098,0.058,3.484,264.9533333,13514.979
44,1,44,1.317333333,57.847,1.744333333,86.647,88.39133333,-3.012,27.66966667,36.296,4.432,392.602,397.0336667,42.02833333,-40.2754,-40.9496,-54.61553333,-55.3136,1.7124,-12.473,-22.71966667,-2.746466667,27.726,30.45233333,4.419333333,382.7933333,387.2126667,42.44033333,-43.08733333,-44.4402,-56.62053333,-56.3476,1.272866667,-10.45686667,-22.374,1.581,69.45,2.171,102.784,104.955,0.159333333,28.18266667,25.43166667,4.974333333,417.199,422.173,38.91066667,-41.32373333,-40.72093333,-53.31553333,-52.68153333,1.501066667,-13.58126667,-22.84166667,-1.187666667,29.199,32.18833333,5.378,447.8996667,453.2773333,36.456,-42.1324,-42.50833333,-54.13886667,-54.5648,1.404533333,-13.0618,-20.14866667,0.059333333,3.149666667,263.7476667,20258.86933
45,1,45,1.411666667,61.822,1.871,90.385,92.25566667,-3.209,27.66533333,36.489,4.592333333,396.853,401.4453333,41.53,-40.9124,-41.39726667,-55.27986667,-55.42693333,1.5784,-11.67966667,-22.597,-2.746466667,27.814,30.54033333,4.562666667,388.306,392.8686667,42.685,-42.56233333,-44.01253333,-56.83086667,-56.51326667,1.331866667,-10.82286667,-22.298,1.667333333,72.948,2.247333333,106.242,108.4896667,0.161333333,28.18266667,25.42966667,5.057,415.662,420.718,39.04333333,-41.46706667,-40.78526667,-53.30753333,-52.76086667,1.536733333,-14.2496,-22.74566667,-1.702,29.143,32.647,5.519666667,450.7693333,456.2886667,35.757,-43.77973333,-43.93566667,-54.24253333,-54.46313333,1.388866667,-13.06013333,-19.978,0.062666667,2.729666667,264.4883333,12965.41067
