Header Section,,,,,,,,,,,,,,,,,,,,,,,,,,,,
Product,VC5503,,,,,,,,,,,,,,,,,,,,,,,,,,,
Test Plan,Rev(Qual),,,,,,,,,,,,,,,,,,,,,,,,,,,
Release Date,2018/6/13,,,,,,,,,,,,,,,,,,,,,,,,,,,
Comment,#1-5/A3.x,,,,,,,,,,,,,,,,,,,,,,,,,,,
,,,,,,,,,,,,,,,,,,,,,,,,,,,,
Data Section,,,,,,,,,,,,,,,,,,,,,,,,,,,,
Device#,1,2,3,4,5,6,7,8,9,10,11,12,13,14,15,16,17,18,19,20,21,22,23,24,25,26,27,28
Test Item,Site No,Device ID,V_PDET_IDLE,IDLE_VCC2_PA,PIN_PA_5180MHz,POUT_PA_5180MHz,GAIN_PA_5180MHz,ICC2_PA_5180MHz,PAE_PA_5180MHz,EVM_PA_5180MHz,V_PDET_5180MHz,PIN_PA_5580MHz,POUT_PA_5580MHz,GAIN_PA_5580MHz,ICC2_PA_5580MHz,PAE_PA_5580MHz,EVM_PA_5580MHz,V_PDET_5580MHz,PIN_PA_5820MHz,POUT_PA_5820MHz,GAIN_PA_5820MHz,ICC2_PA_5820MHz,PAE_PA_5820MHz,EVM_PA_5820MHz,V_PDET_5820MHz,Leakage_VCC2,TEST_TIME,INDEX_TIME
Low Tolerance,,,0.2,,0.3,,,30,,0.5,0.2,0.3,,,30,,0.5,0.2,0.3,,,30,,0.5,0.2,,,
High Tolerance,,,0.2,,0.3,,,30,,0.5,0.2,0.3,,,30,,0.5,0.2,0.3,,,30,,0.5,0.2,,,
Enable,,,1,,1,,,1,,1,1,1,,,1,,1,1,1,,,1,,1,1,,,
1,1,1,0.174,222.375,-6.986,22.005,28.992,253.451,12.519,5.420,0.842,-7.020,22.022,29.041,265.979,11.975,5.937,0.850,-5.051,21.954,27.004,272.057,11.522,6.479,0.893,1.183,1545.847,13914.486
2,1,2,0.173,211.674,-7.004,22.008,29.012,239.052,13.279,5.724,0.854,-6.817,22.028,28.845,252.007,12.659,6.289,0.866,-4.920,22.034,26.954,257.340,12.401,6.485,0.904,2.092,1490.465,19508.582
3,1,3,0.174,213.343,-7.001,21.994,28.996,236.758,13.369,5.755,0.859,-7.057,21.917,28.974,250.867,12.400,6.066,0.865,-4.999,21.990,26.989,259.573,12.168,6.375,0.905,1.683,1434.981,16601.126
4,1,4,0.177,219.232,-7.105,21.985,29.090,241.408,13.079,5.431,0.878,-6.946,21.909,28.855,257.797,12.038,5.723,0.888,-4.849,21.987,26.836,267.190,11.817,6.270,0.928,1.539,1489.595,21499.440
5,1,5,0.174,229.631,-7.309,21.998,29.308,255.234,12.410,5.071,0.878,-7.157,22.110,29.267,269.163,12.081,5.546,0.880,-4.952,22.061,27.013,275.945,11.637,6.045,0.937,2.496,1265.655,12650.166
