Header Section,,,,,,,,,,,,,,,,,,,,,,,,,,,,,,,,,,,,,,,,,,,,,,,,,,,,,,,,,,,,,,,,,,,,,,,,,,,,,,,,,,,,,,,,,,,,,,
Product,VC5738,,,,,,,,,,,,,,,,,,,,,,,,,,,,,,,,,,,,,,,,,,,,,,,,,,,,,,,,,,,,,,,,,,,,,,,,,,,,,,,,,,,,,,,,,,,,,
Test Plan,Rev(B1),,,,,,,,,,,,,,,,,,,,,,,,,,,,,,,,,,,,,,,,,,,,,,,,,,,,,,,,,,,,,,,,,,,,,,,,,,,,,,,,,,,,,,,,,,,,,
Release Date,08/21/19 12:00 AM,,,,,,,,,,,,,,,,,,,,,,,,,,,,,,,,,,,,,,,,,,,,,,,,,,,,,,,,,,,,,,,,,,,,,,,,,,,,,,,,,,,,,,,,,,,,,
Comment,#31-55/J17.3ﾣﾻ#56-80/YF/D,,,,,,,,,,,,,,,,,,,,,,,,,,,,,,,,,,,,,,,,,,,,,,,,,,,,,,,,,,,,,,,,,,,,,,,,,,,,,,,,,,,,,,,,,,,,,
,,,,,,,,,,,,,,,,,,,,,,,,,,,,,,,,,,,,,,,,,,,,,,,,,,,,,,,,,,,,,,,,,,,,,,,,,,,,,,,,,,,,,,,,,,,,,,
Data Section,,,,,,,,,,,,,,,,,,,,,,,,,,,,,,,,,,,,,,,,,,,,,,,,,,,,,,,,,,,,,,,,,,,,,,,,,,,,,,,,,,,,,,,,,,,,,,
Device#,1,2,3,4,5,6,7,8,9,10,11,12,13,14,15,16,17,18,19,20,21,22,23,24,25,26,27,28,29,30,31,32,33,34,35,36,37,38,39,40,41,42,43,44,45,46,47,48,49,50,51,52,53,54,55,56,57,58,59,60,61,62,63,64,65,66,67,68,69,70,71,72,73,74,75,76,77,78,79,80,81,82,83,84,85,86,87,88,89,90,91,92,93,94
Test Item,Site No,Device ID,Leakage1_Vbat_uA,Leakage1_Vcc_uA,Leakage1_PAEN_uA,Leakage1_LNAEN_uA,Gain_LNA_5150MHz,NoiseFig_LNA_5150MHz,Gain_LNA_5925MHz,Icc_LNA_Vbat_5925MHz,IIP3_LNA_5925MHz,NoiseFig_LNA_5925MHz,Gain_LNA_2480MHz,Gain_LNA_3800MHz,Gain_Bypass_5150MHz,Gain_Bypass_5925MHz,V_PDET_idle,Idle_Vbat_PA,Idle_Vcc_PA,Pin1_AC_PA_5180MHz,Pout1_AC_PA_5180MHz,Gain1_AC_PA_5180MHz,Evm1_AC_PA_5180MHz,Pin1_AC_PA_5820MHz,Pout1_AC_PA_5820MHz,Gain1_AC_PA_5820MHz,Evm1_AC_PA_5820MHz,Pin2_AC_PA_5180MHz,Pout2_AC_PA_5180MHz,Gain2_AC_PA_5180MHz,Icc2_AC_Vbat_PA_5180MHz,Icc2_AC_Vcc_PA_5180MHz,Evm2_AC_PA_5180MHz,Pin2_AC_PA_5820MHz,Pout2_AC_PA_5820MHz,Gain2_AC_PA_5820MHz,Icc2_AC_Vbat_PA_5820MHz,Icc2_AC_Vcc_PA_5820MHz,Evm2_AC_PA_5820MHz,Pin_N_PA_5180MHz,Pout_N_PA_5180MHz,Gain_N_PA_5180MHz,Icc_N_Vbat_PA_5180MHz,Icc_N_Vcc_PA_5180MHz,PAE_N_PA_5180MHz,Evm_N_PA_5180MHz,V_N_PDET_5180MHz,Pin_N_PA_5820MHz,Pout_N_PA_5820MHz,Gain_N_PA_5820MHz,Icc_N_Vbat_PA_5820MHz,Icc_N_Vcc_PA_5820MHz,PAE_N_PA_5820MHz,Evm_N_PA_5820MHz,V_N_PDET_5820MHz,Pin2_N_PA_5180MHz,Pout2_N_PA_5180MHz,Gain2_N_PA_5180MHz,Mask2_N_PA_5180MHz,Pin2_N_PA_5820MHz,Pout2_N_PA_5820MHz,Gain2_N_PA_5820MHz,Mask2_N_PA_5820MHz,Pin_A_PA_5180MHz,Pout_A_PA_5180MHz,Gain_A_PA_5180MHz,Icc_A_Vbat_PA_5180MHz,Icc_A_Vcc_PA_5180MHz,PAE_A_PA_5180MHz,Evm_A_PA_5180MHz,V_A_PDET_5180MHz,F2_A_PA_5180MHz,Pin_A_PA_5820MHz,Pout_A_PA_5820MHz,Gain_A_PA_5820MHz,Icc_A_Vbat_PA_5820MHz,Icc_A_Vcc_PA_5820MHz,PAE_A_PA_5820MHz,Evm_A_PA_5820MHz,V_A_PDET_5820MHz,F2_A_PA_5820MHz,Turn_Time_TX,Gain_PA_6000MHz,Isolation_5925MHz,Leakage2_Vbat_uA,Leakage2_Vcc_uA,Leakage2_PAEN_uA,Leakage2_LNAEN_uA,Delta_Vbat_uA,Delta_Vcc_uA,Delta_PAEN_uA,Delta_LNAEN_uA,Test_Time,Index_Time
Low Tolerance,,,3,3,3,3,0.3,0.3,0.3,3,1,0.3,0.3,0.3,0.3,0.3,0.03,1,15,0.3,0.2,0.5,0.3,0.3,0.2,0.5,0.3,0.3,0.2,0.5,1,25,0.3,0.3,0.2,0.5,1,25,0.3,0.5,0.2,0.5,1,25,3.5,0.5,0.03,0.5,0.2,0.5,1,25,3.5,0.5,0.03,0.5,0.2,0.5,2,0.5,0.2,0.5,2,0.5,0.2,0.5,1,25,3.5,0.5,0.03,2,0.5,0.2,0.5,1,25,3.5,0.5,0.03,2,50,0.3,1.5,3,3,3,3,3,3,3,3,0,0
High Tolerance,,,3,3,3,3,0.3,0.3,0.3,3,1,0.3,0.3,0.3,0.3,0.3,0.03,1,15,0.3,0.2,0.5,0.3,0.3,0.2,0.5,0.3,0.3,0.2,0.5,1,25,0.3,0.3,0.2,0.5,1,25,0.3,0.5,0.2,0.5,1,25,3.5,0.5,0.03,0.5,0.2,0.5,1,25,3.5,0.5,0.03,0.5,0.2,0.5,2,0.5,0.2,0.5,2,0.5,0.2,0.5,1,25,3.5,0.5,0.03,2,0.5,0.2,0.5,1,25,3.5,0.5,0.03,2,50,0.3,1.5,3,3,3,3,3,3,3,3,0,0
Enable,,,1,1,1,1,1,1,1,1,1,1,1,1,1,1,1,1,1,1,1,1,1,1,1,1,1,1,1,1,1,1,1,1,1,1,1,1,1,1,1,1,1,1,1,1,1,1,1,1,1,1,1,1,1,1,1,1,1,1,1,1,1,1,1,1,1,1,1,1,1,1,1,1,1,1,1,1,1,1,1,1,1,1,1,1,1,1,1,1,1,1,0,0
56,1,56,18.82,3.14,6.25,6.27,13.16,2.31,12,9.79,2.24,2.4,-16.21,9.72,-3.64,-3.8,0.26,2.77,211.85,-13.65,14.96,28.6,0.69,-12.91,14.96,27.87,1.32,-10.49,17.98,28.47,3.11,225.27,2,-9.79,17.99,27.78,3.08,225.3,2.21,-9.88,18.46,28.34,3.19,235.63,7.55,2.37,0.4,-8.92,18.49,27.41,3.19,239.11,7.37,2.6,0.45,-9.3,18.97,28.27,7.59,-8.24,19.02,27.26,4.07,-8.73,19.47,28.2,3.16,240.64,9.37,3.85,0.39,-38.08,-7.61,19.54,27.15,3.21,246.14,8.92,4.58,0.46,-34.21,338.67,25.33,-38.96,22.99,2.1,6.36,6.38,4.16,-1.04,0.11,0.11,2074.48,39277.54
57,1,57,17.84,3.03,5.81,5.81,13.42,2.26,11.92,11.7,2.37,2.38,-16.31,10.03,-3.64,-3.78,0.26,2.65,200.34,-13.32,14.97,28.29,0.71,-12.84,14.97,27.81,1.41,-10.23,17.96,28.19,2.96,215.58,2.04,-9.69,18.04,27.73,2.99,215.47,2.27,-9.56,18.47,28.03,2.99,226.86,7.84,2.47,0.4,-8.87,18.48,27.35,3.11,229.5,7.63,2.44,0.46,-9.03,18.96,27.99,7.95,-8.23,19.01,27.23,4.22,-8.47,19.47,27.94,3.07,231.68,9.69,3.87,0.4,-37.89,-7.63,19.52,27.15,3.12,236.47,9.21,4.27,0.48,-35.05,352,25.44,-38.96,21.89,2.03,5.94,5.93,4.05,-1,0.13,0.12,2130.13,30003.58
58,1,58,18.06,2.81,5.83,5.81,13.15,2.34,11.67,9.83,2.43,2.51,-16.84,9.74,-3.65,-3.79,0.25,2.46,180.16,-12.83,14.97,27.79,0.85,-12.43,14.98,27.41,1.58,-9.65,17.99,27.64,2.79,198.29,2.22,-9.33,17.99,27.33,2.8,197.39,2.24,-9.1,18.47,27.57,2.83,210.75,8.39,2.6,0.4,-8.52,18.48,27,2.87,212.69,8.17,2.38,0.45,-8.58,18.98,27.56,7.8,-7.88,19.02,26.9,4.24,-8.01,19.48,27.49,2.87,216,10.36,3.9,0.39,-37.96,-7.31,19.51,26.82,2.92,220.6,9.76,4.13,0.47,-34.81,362.67,25.18,-38.96,21.59,1.77,5.94,5.9,3.53,-1.04,0.11,0.09,2088.31,8445.95
59,1,59,17.59,2.35,5.83,5.81,13.17,2.34,11.59,9.79,2.46,2.52,-16.85,9.78,-3.65,-3.83,0.25,2.53,192.57,-13.49,14.96,28.45,0.79,-11.98,14.99,26.98,1.39,-10.28,18.03,28.31,2.88,209.13,2.09,-8.94,17.96,26.9,2.85,209.01,2.14,-9.69,18.49,28.18,2.91,220.67,8.09,2.41,0.4,-8.05,18.46,26.51,2.9,224.58,7.75,2.42,0.45,-9.12,19,28.12,7,-7.46,18.96,26.42,4.38,-8.55,19.5,28.05,2.92,225.97,9.99,3.8,0.39,-37.55,-6.88,19.46,26.34,2.98,232.24,9.22,4.02,0.47,-35.62,368,24.65,-38.96,21.2,2.05,5.96,5.94,3.61,-0.3,0.12,0.12,2036.87,11792.53
60,1,60,18.23,2.61,6.05,6.05,13.24,2.29,11.8,10.23,2.42,2.43,-16.52,9.85,-3.64,-3.8,0.26,2.63,198.43,-13.2,14.96,28.16,0.7,-12.26,15.02,27.28,1.45,-10.06,17.98,28.03,2.95,214.16,1.99,-9.17,18.03,27.2,2.93,214.2,2.37,-9.46,18.46,27.92,2.98,225.58,7.87,2.37,0.4,-8.4,18.47,26.87,3.07,228.9,7.63,2.59,0.45,-8.91,18.97,27.88,7.09,-7.74,19.01,26.75,4.05,-8.35,19.47,27.82,3.03,230.94,9.72,3.83,0.39,-37.39,-7.13,19.52,26.66,3.07,236.94,9.19,4.52,0.47,-34.94,346.67,24.97,-38.96,21.95,2.06,6.16,6.14,3.71,-0.54,0.11,0.09,1995.78,7742.67
61,1,61,17.88,3.22,6.17,6.18,13.23,2.29,11.7,9.88,2.39,2.47,-16.7,9.82,-3.64,-3.82,0.25,2.49,185.74,-13.65,14.96,28.61,0.94,-11.8,14.99,26.79,1.54,-10.45,18.02,28.47,2.84,203.14,2.25,-8.73,17.96,26.69,2.84,202.74,2.18,-9.83,18.5,28.33,2.83,215.35,8.28,2.54,0.4,-7.84,18.46,26.3,2.91,218.59,7.94,2.3,0.45,-9.25,19,28.26,6.91,-7.27,18.96,26.23,4.63,-8.69,19.51,28.21,2.9,221.09,10.22,3.82,0.39,-37.91,-6.71,19.46,26.16,2.92,226.15,9.44,3.71,0.47,-34.47,341.33,24.45,-38.96,21.57,2.18,6.26,6.27,3.69,-1.04,0.09,0.09,2085.28,132749.12
62,1,62,18.11,2.92,5.92,5.94,13.36,2.29,11.9,10.59,2.26,2.39,-16.48,9.94,-3.66,-3.78,0.26,2.67,206.23,-13.68,14.96,28.64,0.66,-12.73,14.97,27.7,1.33,-10.6,18.03,28.62,2.96,221.02,1.97,-9.6,18.01,27.61,3,221.06,2.21,-9.88,18.49,28.37,3.12,231.42,7.73,2.31,0.4,-8.77,18.52,27.3,3.12,235.53,7.53,2.64,0.45,-9.32,19,28.32,7.1,-8.12,19,27.12,4.2,-8.73,19.51,28.24,3.07,236.89,9.58,3.82,0.39,-37.38,-7.5,19.51,27.01,3.13,242.82,8.98,4.42,0.47,-35.32,352,25.21,-38.96,22.03,2.21,6.04,6.05,3.93,-0.72,0.12,0.1,2054.32,6733.81
63,1,63,18.22,2.76,5.88,5.88,13.25,2.26,11.67,9.45,2.42,2.42,-16.94,9.85,-3.64,-3.76,0.27,2.84,221.95,-13.34,14.96,28.3,0.5,-12.79,14.98,27.77,1.25,-10.28,18.02,28.3,3.19,235.03,1.79,-9.66,18,27.66,3.16,235.34,2.25,-9.6,18.46,28.06,3.19,244.69,7.29,2.2,0.4,-8.82,18.54,27.36,3.29,249.31,7.17,2.85,0.46,-9.03,18.97,28,7.2,-8.16,19,27.16,3.94,-8.44,19.47,27.91,3.25,249.47,9.06,3.82,0.4,-37.18,-7.53,19.51,27.03,3.27,255.58,8.57,4.65,0.47,-35.53,354.67,25.38,-38.96,22.68,2.01,6.02,6,4.46,-0.76,0.14,0.12,2066.13,11610.43
64,1,64,18.96,2.88,6.25,6.25,13.05,2.36,11.79,10.1,2.56,2.48,-16.27,9.59,-3.7,-3.82,0.26,2.61,195.57,-13.5,14.99,28.49,0.82,-12.68,14.98,27.66,1.49,-10.42,18.03,28.45,2.92,211.37,2.17,-9.56,18.01,27.57,2.94,210.88,2.27,-9.69,18.53,28.22,2.97,215.41,8.35,2.55,0.41,-8.8,18.5,27.31,3,225.24,7.8,2.57,0.46,-9.15,19.03,28.18,7.32,-8.1,19.03,27.13,4.18,-8.57,19.53,28.1,2.98,227.43,9.99,3.95,0.4,-37.54,-7.48,19.54,27.02,3.07,232.94,9.37,4.46,0.48,-34.16,338.67,25.19,-38.96,22.58,1.99,6.37,6.37,3.62,-0.89,0.12,0.12,1948.96,6963.38
65,1,65,18.36,2.7,6.11,6.08,13.11,2.33,11.87,10.01,2.46,2.46,-16.25,9.64,-3.64,-3.79,0.25,2.62,195.24,-13.48,14.97,28.44,0.79,-12.02,14.99,27.02,1.38,-10.36,18.04,28.4,2.93,210.61,2.11,-8.94,17.97,26.91,2.93,210.67,2.25,-9.67,18.46,28.13,2.99,221.4,8.01,2.39,0.39,-8.1,18.46,26.55,3.03,225.69,7.71,2.57,0.44,-9.04,18.98,28.02,7.2,-7.44,18.96,26.39,4.23,-8.46,19.48,27.94,3.04,227.95,9.86,3.85,0.38,-37.63,-6.82,19.46,26.28,3.06,233.16,9.19,4.26,0.46,-37.04,352,24.6,-38.96,22.37,2.1,6.23,6.21,4.01,-0.6,0.12,0.13,2047.62,7411.12
66,1,66,17.63,2.82,5.88,5.85,13.28,2.29,11.87,10.19,2.33,2.49,-16.6,9.86,-3.61,-3.76,0.25,2.42,184.15,-13.2,14.96,28.16,0.81,-12.47,14.98,27.45,1.52,-10.08,17.97,28.05,2.74,201.25,2.11,-9.39,17.99,27.38,2.77,200.75,2.22,-9.44,18.46,27.9,2.83,213.4,8.28,2.45,0.39,-8.61,18.49,27.1,2.94,215.89,8.07,2.4,0.44,-8.91,18.97,27.88,7.54,-7.97,19.02,26.98,4.26,-8.36,19.47,27.83,2.79,218.61,10.24,3.76,0.38,-37.79,-7.37,19.53,26.9,2.88,224,9.69,4.21,0.46,-36.69,341.33,25.1,-38.96,21.08,1.82,5.99,5.95,3.45,-1,0.12,0.1,2024.18,11479.88
67,1,67,18.12,2.77,6.16,6.16,13.1,2.32,11.84,10.13,2.56,2.45,-16.22,9.66,-3.64,-3.79,0.25,2.61,200.12,-13.55,14.96,28.51,0.73,-12.26,14.98,27.24,1.33,-10.41,18.01,28.42,2.91,215.06,2.02,-9.19,17.97,27.16,2.96,215.08,2.19,-9.76,18.49,28.24,3,225.85,7.9,2.35,0.39,-8.34,18.46,26.81,3.05,229.56,7.6,2.49,0.44,-9.18,18.99,28.17,7.12,-7.73,18.96,26.69,4.34,-8.61,19.5,28.11,3.02,231.5,9.77,3.81,0.38,-37.65,-7.13,19.46,26.6,3.06,236.99,9.07,4.16,0.46,-36.45,346.67,24.84,-38.96,21.96,1.95,6.28,6.26,3.84,-0.81,0.12,0.1,2020.24,23343.13
68,1,68,19.54,2.81,6.52,6.55,13.05,2.35,11.72,10.02,2.66,2.45,-16.34,9.65,-3.65,-3.8,0.27,2.76,206.92,-13.19,14.95,28.14,0.65,-12.56,14.98,27.53,1.43,-10.07,17.97,28.04,3.11,221.48,1.96,-9.44,18,27.44,3.06,221,2.05,-9.46,18.46,27.92,3.12,232.53,7.64,2.35,0.42,-8.62,18.48,27.1,3.14,234.63,7.48,2.13,0.47,-8.93,18.97,27.9,8.24,-7.95,19.01,26.96,4.6,-8.35,19.47,27.82,3.15,237.05,9.49,3.76,0.41,-37.15,-7.34,19.52,26.86,3.19,241.11,9.04,3.81,0.49,-35.6,336,25.28,-38.96,23.71,1.98,6.65,6.66,4.17,-0.83,0.13,0.11,2012.24,6549.36
69,1,69,18.59,2.86,6.06,6.02,13.21,2.28,11.77,10.33,2.46,2.53,-16.28,9.79,-3.64,-3.77,0.25,2.46,188.83,-13.46,14.96,28.42,0.87,-11.97,14.99,26.97,1.41,-10.25,18.02,28.27,2.76,205.85,2.2,-8.93,17.95,26.89,2.82,205.33,2.16,-9.67,18.48,28.15,2.82,217.65,8.17,2.47,0.39,-8.04,18.46,26.5,2.88,221.22,7.86,2.44,0.44,-9.05,19.04,28.08,7.12,-7.44,18.96,26.4,4.4,-8.51,19.51,28.02,2.88,223.47,10.13,3.83,0.38,-37.59,-6.86,19.46,26.31,2.92,228.77,9.34,3.98,0.45,-36.78,349.33,24.58,-38.96,22.61,2.03,6.19,6.15,4.01,-0.82,0.13,0.12,2048.6,7057.52
70,1,70,17.64,2.72,5.81,5.8,13.28,2.3,11.71,10.11,2.37,2.44,-16.71,9.89,-3.62,-3.77,0.26,2.57,193.05,-13.2,14.95,28.15,0.72,-12.57,14.98,27.55,1.47,-10.03,17.98,28.01,2.88,209.06,2.02,-9.45,18.01,27.46,2.89,208.74,2.25,-9.47,18.46,27.93,2.97,220.43,8.03,2.39,0.4,-8.63,18.5,27.13,2.93,223.77,7.84,2.53,0.46,-8.92,18.97,27.9,7.77,-7.96,19.03,26.98,4.08,-8.35,19.47,27.83,2.93,225.61,9.94,3.79,0.39,-37.22,-7.34,19.54,26.88,3,231.27,9.42,4.44,0.48,-35.42,344,25.25,-38.96,21.33,1.98,5.92,5.91,3.7,-0.74,0.11,0.11,1997.36,6693.75
71,1,71,17.98,2.98,6.09,6.09,13.27,2.31,11.91,10.93,2.43,2.51,-16.09,9.87,-3.64,-3.78,0.26,2.72,207.21,-13.81,14.97,28.77,0.66,-12.49,14.98,27.47,1.32,-10.65,18.03,28.68,3.04,221.92,1.96,-9.4,18,27.39,3.06,222.02,2.15,-9.99,18.51,28.51,3.02,232.58,7.74,2.35,0.41,-8.58,18.47,27.06,3.1,236.24,7.42,2.46,0.46,-9.42,19.02,28.44,6.97,-7.89,19,26.89,4.24,-8.83,19.53,28.35,3.09,238.09,9.58,3.86,0.4,-37.19,-7.27,19.5,26.77,3.17,244.02,8.91,4.33,0.47,-36.77,346.67,25.04,-38.96,22.15,2.05,6.2,6.21,4.17,-0.94,0.11,0.12,1998.88,7742.94
72,1,72,18.7,2.92,6.2,6.21,13.08,2.26,11.77,9.67,2.58,2.44,-16.37,9.63,-3.64,-3.79,0.25,2.53,189.71,-13.42,14.96,28.38,0.78,-12.68,14.97,27.65,1.5,-10.32,18.01,28.32,2.88,206.34,2.11,-9.58,18.01,27.59,2.88,206.04,2.24,-9.67,18.48,28.14,2.83,217.63,8.16,2.44,0.39,-8.79,18.51,27.3,2.93,220.91,7.95,2.54,0.45,-9.12,18.99,28.11,7.41,-8.14,19.02,27.16,4.15,-8.55,19.48,28.03,2.92,223.6,10.05,3.84,0.39,-37.13,-7.53,19.52,27.05,2.96,229.16,9.46,4.32,0.47,-36.18,330.67,25.28,-38.96,22.48,1.95,6.32,6.32,3.78,-0.96,0.12,0.12,1951.21,6298.99
73,1,73,16.81,2.92,5.73,5.75,13.1,2.29,11.43,9.06,2.61,2.44,-17.1,9.7,-3.65,-3.84,0.26,2.63,198.42,-13.62,14.96,28.58,0.72,-12.15,14.99,27.15,1.38,-10.48,18.01,28.49,2.92,213.68,1.98,-9.11,17.96,27.07,2.96,213.74,2.13,-9.83,18.49,28.31,3.06,224.91,7.93,2.33,0.4,-8.2,18.46,26.66,2.97,229.09,7.61,2.41,0.46,-9.24,18.99,28.23,7.14,-7.58,18.97,26.55,4.33,-8.66,19.5,28.16,3,230.24,9.82,3.78,0.4,-37.24,-7,19.46,26.46,3.07,236.38,9.08,4.06,0.47,-35.97,360,24.77,-38.96,20.3,1.98,5.87,5.88,3.5,-0.94,0.14,0.12,2080.45,6469.27
74,1,74,17.94,2.68,5.97,5.96,13.15,2.31,11.69,9.34,2.42,2.43,-17.09,9.71,-3.63,-3.79,0.25,2.53,192.99,-13.2,14.96,28.16,0.76,-12.24,14.99,27.23,1.45,-10.09,17.97,28.06,2.86,209.06,2.09,-9.18,17.97,27.15,2.86,208.96,2.14,-9.44,18.47,27.9,2.85,220.81,8.03,2.43,0.39,-8.37,18.46,26.83,2.92,223.75,7.78,2.27,0.44,-8.92,18.96,27.88,7.75,-7.78,18.97,26.75,4.5,-8.36,19.47,27.83,2.9,225.88,9.92,3.76,0.38,-37.96,-7.22,19.48,26.69,2.96,230.72,9.32,3.85,0.46,-36.18,346.67,24.91,-38.96,21.56,2.16,6.09,6.05,3.62,-0.52,0.12,0.09,1999.71,6431.98
75,1,75,17.73,2.88,5.89,5.86,13.17,2.29,11.87,9.86,2.36,2.44,-16.74,9.74,-3.63,-3.79,0.25,2.5,191.54,-13.05,14.97,28.02,0.76,-12.22,14.98,27.2,1.5,-9.92,17.96,27.88,2.8,207.48,2.09,-9.15,17.97,27.12,2.83,207.25,2.19,-9.31,18.47,27.78,2.92,219.23,8.09,2.46,0.4,-8.29,18.46,26.75,2.89,222.01,7.83,2.33,0.45,-8.81,18.96,27.77,7.79,-7.67,18.98,26.65,4.37,-8.25,19.46,27.71,2.91,223.88,9.99,3.74,0.39,-37.64,-7.09,19.48,26.57,2.96,229.3,9.38,3.97,0.47,-35.66,357.33,24.98,-38.96,21.29,2,6,5.97,3.57,-0.88,0.12,0.11,2071.49,8732.38
76,1,76,17.27,2.49,5.8,5.82,13.22,2.28,11.73,10.33,2.5,2.4,-16.69,9.81,-3.64,-3.79,0.25,2.45,190.06,-13.41,14.96,28.37,0.8,-12.05,14.99,27.04,1.43,-10.19,18.03,28.22,2.75,206.94,2.09,-9.01,17.97,26.97,2.73,206.88,2.18,-9.62,18.48,28.1,2.79,218.59,8.13,2.37,0.39,-8.13,18.46,26.59,2.92,222.7,7.8,2.46,0.44,-9.01,19.03,28.04,6.78,-7.53,18.97,26.5,4.31,-8.45,19.53,27.98,2.84,224.28,10.14,3.82,0.38,-37.44,-6.94,19.47,26.41,2.91,230.84,9.29,4.12,0.46,-36.52,354.67,24.64,-38.96,20.8,2.1,5.93,5.93,3.53,-0.39,0.13,0.11,2027.67,6502.34
77,1,77,18.38,2.85,6.06,6.06,13.19,2.28,11.81,10.49,2.48,2.4,-16.28,9.78,-3.65,-3.78,0.26,2.6,194.62,-13.51,14.96,28.47,0.75,-12.61,14.97,27.58,1.44,-10.31,18.01,28.33,2.93,211.28,2.08,-9.5,18.02,27.51,2.94,210.96,2.19,-9.72,18.49,28.21,3,222.89,8,2.43,0.4,-8.68,18.52,27.2,2.99,226.01,7.81,2.5,0.46,-9.17,19,28.16,7.37,-8.03,19.02,27.05,4.26,-8.58,19.5,28.09,3.01,228.79,9.88,3.88,0.4,-37.32,-7.41,19.53,26.94,3.08,234.16,9.31,4.3,0.48,-36.68,346.67,25.19,-38.96,22.25,2.08,6.19,6.17,3.88,-0.77,0.14,0.1,2008.33,6679.91
78,1,78,17.47,3.21,5.99,5.96,13.03,2.33,11.28,9.11,2.81,2.57,-17.12,9.65,-3.67,-3.85,0.25,2.54,192.29,-13.32,14.96,28.27,0.74,-12.27,14.98,27.25,1.41,-10.16,17.99,28.14,2.82,208.63,2.03,-9.2,17.97,27.17,2.93,208.75,2.18,-9.61,18.46,28.08,2.83,219.29,8.08,2.35,0.4,-8.42,18.51,26.93,3,223.59,7.87,2.48,0.45,-9.06,19,28.06,7.23,-7.79,19,26.79,4.26,-8.49,19.49,27.98,2.94,224.97,10.01,3.75,0.39,-37.51,-7.2,19.49,26.69,2.97,231.52,9.32,4.13,0.47,-35.78,349.33,24.94,-38.96,20.75,2.09,6.08,6.06,3.29,-1.12,0.09,0.11,1865.76,11608.35
79,1,79,18.01,2.8,5.95,5.92,13.32,2.32,11.82,10.56,2.43,2.44,-16.45,9.93,-3.61,-3.76,0.26,2.67,193.43,-13.56,14.96,28.53,0.76,-12.82,14.97,27.79,1.48,-10.37,18.01,28.39,3,208.92,2.08,-9.7,18.03,27.73,3,208.61,2.26,-9.79,18.49,28.28,2.99,220.09,8.1,2.38,0.41,-8.87,18.54,27.41,3.12,223.34,7.93,2.62,0.47,-9.25,19,28.25,7.46,-8.27,19,27.27,4.29,-8.67,19.51,28.18,3.05,225.29,10.04,3.78,0.4,-37.13,-7.65,19.51,27.17,3.1,230.31,9.41,4.28,0.49,-35.4,354.67,25.35,-38.96,21.83,1.95,6.06,6.03,3.82,-0.85,0.12,0.11,2037.84,7284.93
80,1,80,17.09,2.79,5.81,5.79,13.24,2.3,11.77,10.2,2.49,2.46,-16.69,9.85,-3.64,-3.77,0.26,2.5,185.32,-13.19,14.96,28.15,0.84,-12.58,14.98,27.56,1.58,-10.02,17.97,27.99,2.85,202.46,2.2,-9.48,17.99,27.47,2.8,201.8,2.14,-9.46,18.46,27.92,2.86,214.4,8.24,2.55,0.41,-8.68,18.48,27.16,2.94,216.51,8.04,2.11,0.46,-8.94,18.97,27.91,8.33,-8.03,19,27.03,4.61,-8.37,19.47,27.85,2.89,219.6,10.19,3.8,0.4,-38.24,-7.44,19.51,26.94,2.96,224.04,9.63,3.7,0.48,-36.67,365.33,25.28,-38.96,20.62,1.94,5.92,5.9,3.53,-0.85,0.11,0.11,2010.48,6589.3
81,1,81,17.52,2.79,5.86,5.87,13.13,2.38,11.35,9.73,2.77,2.59,-16.93,9.74,-3.67,-3.84,0.27,2.8,211.68,-13.97,14.97,28.95,0.66,-12.78,14.98,27.76,1.29,-10.78,18.03,28.82,3.08,225.65,1.96,-9.68,18.01,27.68,3.12,225.61,2.16,-10.13,18.53,28.66,3.14,236.1,7.65,2.36,0.41,-8.86,18.5,27.36,3.2,239.39,7.38,2.51,0.46,-9.56,19.03,28.59,6.94,-8.17,19.03,27.2,4.21,-8.96,19.54,28.5,3.21,241.33,9.48,3.93,0.4,-37.2,-7.54,19.53,27.07,3.22,246.59,8.89,4.43,0.48,-36.5,368,25.29,-38.96,21.45,2.1,6,6,3.93,-0.7,0.13,0.13,1999.83,13720.28
82,1,82,18.41,2.79,5.99,5.98,13.27,2.33,11.81,10.4,2.42,2.45,-16.47,9.87,-3.63,-3.77,0.26,2.62,200.19,-13.53,15.03,28.55,0.72,-12.9,14.97,27.87,1.42,-10.38,18.03,28.41,2.96,214.75,2.02,-9.79,18.01,27.8,2.9,214.24,2.22,-9.81,18.48,28.29,2.99,225.44,7.9,2.35,0.4,-8.96,18.51,27.47,3.06,228.34,7.72,2.55,0.46,-9.22,19.03,28.25,7.45,-8.31,19.01,27.32,4.2,-8.64,19.53,28.17,3,230.83,9.86,3.85,0.4,-37.2,-7.68,19.53,27.21,3.07,235.77,9.25,4.4,0.47,-35.7,352,25.39,-38.96,22.25,2.1,6.12,6.11,3.84,-0.68,0.14,0.13,1954.43,7617.14
83,1,83,17.1,3.08,5.88,5.88,13.14,2.32,11.68,9.65,2.46,2.47,-16.88,9.72,-3.64,-3.78,0.25,2.42,183.9,-13.04,14.96,28,0.86,-12.02,15,27.01,1.56,-9.88,17.97,27.85,2.73,200.86,2.19,-8.91,17.98,26.89,2.76,200.55,2.22,-9.27,18.47,27.74,2.81,213.14,8.3,2.58,0.4,-8.04,18.46,26.5,2.85,215.78,8.04,2.28,0.45,-8.74,18.97,27.71,7.96,-7.48,18.96,26.44,4.6,-8.2,19.46,27.66,2.81,218.01,10.24,3.8,0.39,-37.88,-6.92,19.46,26.37,2.87,222.63,9.57,3.7,0.47,-35.82,341.33,24.78,-38.96,20.67,2.2,5.99,5.98,3.57,-0.87,0.11,0.11,2157.67,7320.78
84,1,84,17.41,2.7,5.84,5.84,13.39,2.29,11.87,11.24,2.32,2.4,-16.34,9.98,-3.63,-3.78,0.25,2.51,190.77,-13.39,15,28.39,0.73,-12.55,15,27.55,1.42,-10.23,18.01,28.24,2.81,206.65,2.04,-9.48,17.99,27.47,2.85,206.35,2.17,-9.63,18.53,28.16,2.83,217.89,8.25,2.4,0.4,-8.71,18.47,27.19,2.91,221.24,7.88,2.35,0.45,-9.08,19.04,28.12,7.11,-8.04,19,27.04,4.33,-8.51,19.52,28.03,2.89,223.51,10.15,3.8,0.39,-37.27,-7.43,19.5,26.93,2.96,229.36,9.42,4.15,0.47,-36.71,352,25.11,-38.96,20.89,2.14,5.95,5.96,3.48,-0.57,0.11,0.12,1906.93,7022.96
85,1,85,18.85,2.77,6.3,6.31,12.93,2.37,11.45,9.24,2.72,2.5,-16.76,9.53,-3.68,-3.87,0.25,2.52,188.06,-13.71,14.97,28.68,0.9,-12.29,14.99,27.28,1.47,-10.51,18.03,28.54,2.87,204.25,2.22,-9.25,17.97,27.22,2.82,203.85,2.24,-9.89,18.5,28.4,2.97,215.76,8.27,2.54,0.4,-8.4,18.46,26.85,2.89,218.87,7.92,2.51,0.45,-9.33,19.01,28.33,6.9,-7.81,18.96,26.77,4.33,-8.76,19.52,28.28,2.94,221.22,10.23,3.91,0.39,-37.65,-7.25,19.46,26.7,2.98,226.11,9.44,4.16,0.46,-35.03,346.67,24.84,-38.96,22.58,1.92,6.4,6.41,3.73,-0.85,0.1,0.1,2035.17,6152.83
