Header Section,,,,,,,,,,,,,,,,,,,,,,,,,,,,,,,,,,,,,,,,,,,,,,,,,,,,,,,,,,,,,,,,,,,,,,,,,,,,,,,,,,,,,,,,,,,,,,,,,,,,,,,,,
Product,VC5747,,,,,,,,,,,,,,,,,,,,,,,,,,,,,,,,,,,,,,,,,,,,,,,,,,,,,,,,,,,,,,,,,,,,,,,,,,,,,,,,,,,,,,,,,,,,,,,,,,,,,,,,
Test Plan,Rev(E1),,,,,,,,,,,,,,,,,,,,,,,,,,,,,,,,,,,,,,,,,,,,,,,,,,,,,,,,,,,,,,,,,,,,,,,,,,,,,,,,,,,,,,,,,,,,,,,,,,,,,,,,
Release Date,2020/4/22,,,,,,,,,,,,,,,,,,,,,,,,,,,,,,,,,,,,,,,,,,,,,,,,,,,,,,,,,,,,,,,,,,,,,,,,,,,,,,,,,,,,,,,,,,,,,,,,,,,,,,,,
Comment,#14-40/J9,,,,,,,,,,,,,,,,,,,,,,,,,,,,,,,,,,,,,,,,,,,,,,,,,,,,,,,,,,,,,,,,,,,,,,,,,,,,,,,,,,,,,,,,,,,,,,,,,,,,,,,,
,,,,,,,,,,,,,,,,,,,,,,,,,,,,,,,,,,,,,,,,,,,,,,,,,,,,,,,,,,,,,,,,,,,,,,,,,,,,,,,,,,,,,,,,,,,,,,,,,,,,,,,,,
Data Section,,,,,,,,,,,,,,,,,,,,,,,,,,,,,,,,,,,,,,,,,,,,,,,,,,,,,,,,,,,,,,,,,,,,,,,,,,,,,,,,,,,,,,,,,,,,,,,,,,,,,,,,,
Device#,1,2,3,4,5,6,7,8,9,10,11,12,13,14,15,16,17,18,19,20,21,22,23,24,25,26,27,28,29,30,31,32,33,34,35,36,37,38,39,40,41,42,43,44,45,46,47,48,49,50,51,52,53,54,55,56,57,58,59,60,61,62,63,64,65,66,67,68,69,70,71,72,73,74,75,76,77,78,79,80,81,82,83,84,85,86,87,88,89,90,91,92,93,94,95,96,97,98,99,100,101,102,103,104,105
TestItem,SiteNo,DeviceID,OS_VCC1_N,OS_VCC2_N,OS_VCC3_N,OS_VDD_N,Leakage1_VCC1,Leakage1_VCC2,Leakage1_VCC3,Leakage1_VDD,Leakage1_LNAEN,Leakage1_PAEN,Idd_LNA_CW_5150,Gain_LNA_CW_5150,NF_LNA_CW_5150,Pmax_LNA_CW_5150,Idd_LNA_CW_5850,Gain_LNA_CW_5850,NF_LNA_CW_5850,IP1dB_LNA_CW_5850,Pmax_LNA_CW_5850,OOB_LNA_CW_2400,OOB_LNA_CW_2500,Gain_Bypass_CW_5150,Gain_Bypass_CW_5850,ISO_Bypass_CW_5150,ISO_Bypass_CW_5850,tON_LNA_CW_5850,tOFF_LNA_CW_5850,Vdet_Idle_PA,Idd_Idle_PA,Icc_Idle_PA,Pin_PA_A1_5150_28dBm,Pout_PA_A1_5150_28dBm,Gain_PA_A1_5150_28dBm,Idd_PA_A1_5150_28dBm,Icc_PA_A1_5150_28dBm,Vdet_PA_A1_5150_28dBm,2fo_PA_A1_5150_28dBm,Pin_PA_A1_5850_28dBm,Pout_PA_A1_5850_28dBm,Gain_PA_A1_5850_28dBm,Idd_PA_A1_5850_28dBm,Icc_PA_A1_5850_28dBm,Vdet_PA_A1_5850_28dBm,2fo_PA_A1_5850_28dBm,Pin_PA_N1_5150_25dBm,Pout_PA_N1_5150_25dBm,Gain_PA_N1_5150_25dBm,Idd_PA_N1_5150_25dBm,Icc_PA_N1_5150_25dBm,Vdet_PA_N1_5150_25dBm,MASK_PA_N1_5150_25dBm,Pin_PA_N1_5850_25dBm,Pout_PA_N1_5850_25dBm,Gain_PA_N1_5850_25dBm,Idd_PA_N1_5850_25dBm,Icc_PA_N1_5850_25dBm,Vdet_PA_N1_5850_25dBm,MASK_PA_N1_5850_25dBm,Pin_PA_AC1_5150_21dBm,Pout_PA_AC1_5150_21dBm,Gain_PA_AC1_5150_21dBm,Idd_PA_AC1_5150_21dBm,Icc_PA_AC1_5150_21dBm,EVM_PA_AC1_5150_21dBm,Vdet_PA_AC1_5150_21dBm,Pin_PA_AC1_5850_21dBm,Pout_PA_AC1_5850_21dBm,Gain_PA_AC1_5850_21dBm,Idd_PA_AC1_5850_21dBm,Icc_PA_AC1_5850_21dBm,EVM_PA_AC1_5850_21dBm,Vdet_PA_AC1_5850_21dBm,Pin_PA_AX4_5150_17dBm,Pout_PA_AX4_5150_17dBm,Gain_PA_AX4_5150_17dBm,Idd_PA_AX4_5150_17dBm,Icc_PA_AX4_5150_17dBm,EVM_PA_AX4_5150_17dBm,Vdet_PA_AX4_5150_17dBm,Pin_PA_AX4_5850_17dBm,Pout_PA_AX4_5850_17dBm,Gain_PA_AX4_5850_17dBm,Idd_PA_AX4_5850_17dBm,Icc_PA_AX4_5850_17dBm,EVM_PA_AX4_5850_17dBm,Vdet_PA_AX4_5850_17dBm,Fcpl_PA_CW_5850,tON_PA_CW_5850,tOFF_PA_CW_5850,Leakage2_VCC1,Leakage2_VCC2,Leakage2_VCC3,Leakage2_VDD,Leakage2_LNAEN,Leakage2_PAEN,Delta_Leakage_VCC1,Delta_Leakage_VCC2,Delta_Leakage_VCC3,Delta_Leakage_VDD,Delta_Leakage_LNAEN,Delta_Leakage_PAEN,Test_Time,Index_Time
Low Tolerance,,,0.05,0.05,0.05,1,2,1,5,30,2,3,5,0.5,18,0.3,5,0.5,18,1.5,0.5,1,1,0.3,0.3,1,1,125,50,0.05,5,15,2,0.3,2,5,25,0.05,1.5,0.5,0.3,2,5,25,0.05,1.5,0.5,0.3,2,5,25,0.05,1.5,0.5,0.3,2,5,25,0.05,1.5,0.5,0.3,1,5,25,1.5,0.05,0.5,0.3,1,5,25,1.5,0.05,0.5,0.3,1,5,25,1.5,0.05,0.5,0.3,1,5,25,1.5,0.05,1.5,50,50,1,2,1,30,2,2,3,3,3,50,3,3,0,0
High Tolerance,,,0.05,0.05,0.05,1,2,1,5,30,2,3,5,0.5,18,0.3,5,0.5,18,1.5,0.5,1,1,0.3,0.3,1,1,125,50,0.05,5,15,2,0.3,2,5,25,0.05,1.5,0.5,0.3,2,5,25,0.05,1.5,0.5,0.3,2,5,25,0.05,1.5,0.5,0.3,2,5,25,0.05,1.5,0.5,0.3,1,5,25,1.5,0.05,0.5,0.3,1,5,25,1.5,0.05,0.5,0.3,1,5,25,1.5,0.05,0.5,0.3,1,5,25,1.5,0.05,1.5,50,50,1,2,1,30,2,2,3,3,3,50,3,3,0,0
Enable,,,1,1,1,1,1,1,1,1,1,1,1,1,1,1,1,1,1,1,1,1,1,1,1,1,1,1,1,1,1,1,1,1,1,1,1,1,1,1,1,1,1,1,1,1,1,1,1,1,1,1,1,1,1,1,1,1,1,1,1,1,1,1,1,1,1,1,1,1,1,1,1,1,1,1,1,1,1,1,1,1,1,1,1,1,1,1,1,1,1,1,1,1,1,1,1,1,1,1,1,1,1,0,0
14,1,14,-2.255,-2.25,-1.242,-0.451,0,0.011,0.612,781.402,2.572,2.614,18.237,14.175,3.01,12.321,17.975,13.047,3.201,0.787,11.27,-36.074,-28.526,-8.316,-8.621,55.929,56.456,573.333,221.333,0.317,11.928,307.948,-2.119,28.06,30.179,13.017,433.514,0.806,-42.97,-1.501,28.03,29.53,14.034,496.194,0.792,-37.592,-6.758,24.986,31.745,13.059,391.14,0.695,5.536,-6.018,24.962,30.98,13.5,411.129,0.71,4.694,-10.437,21.007,31.443,13.047,342.124,-36.494,0.633,-10.749,20.996,31.744,13.353,359.188,-34.407,0.604,-14.292,16.96,31.252,12.893,323.226,-43.269,0.554,-14.607,16.945,31.552,13.003,334.138,-41.235,0.522,14.805,221.333,456,0.052,0.09,0.288,768.577,2.753,2.805,0.052,0.079,-0.324,-12.825,0.181,0.191,0,0
15,1,15,-2.243,-2.238,-1.238,-0.452,-0.001,0.014,0.608,779.9,2.684,2.729,19.64,14.182,2.691,12.322,19.274,13.198,2.784,0.353,11.19,-34.929,-28.839,-8.239,-8.579,55.986,57.099,245.333,221.333,0.34,12.131,305.462,-2.148,28.055,30.202,13.198,426.833,0.832,-43.237,-1.455,28.055,29.511,14.174,488.421,0.811,-37.818,-6.95,25.022,31.972,13.218,385.523,0.711,4.931,-6.014,24.961,30.975,13.65,404.303,0.728,4.882,-10.717,21.022,31.739,13.211,336.602,-35.66,0.649,-10.762,20.997,31.759,13.509,352.245,-34.25,0.617,-14.592,16.965,31.557,13.058,318.176,-42.807,0.567,-14.648,16.953,31.601,13.16,328.754,-41.105,0.533,14.8,186.667,458.667,0.043,0.072,0.429,764.874,2.897,2.932,0.044,0.058,-0.179,-15.025,0.213,0.203,0,0
16,1,16,-2.244,-2.238,-1.234,-0.452,-0.021,0.012,0.621,780.007,2.687,2.717,18.479,14.199,2.572,12.26,18.246,13.2,2.745,0.42,11.184,-34.527,-28.172,-8.251,-8.573,55.998,56.954,226.667,213.333,0.307,11.969,297.875,-1.971,27.968,29.94,13.004,418.026,0.816,-43.617,-1.242,27.939,29.181,14.031,481.609,0.798,-36.963,-6.768,24.991,31.759,13.052,377.489,0.698,4.65,-5.742,25.005,30.747,13.486,400.083,0.711,4.182,-10.569,21.013,31.582,13.057,328.833,-35.516,0.64,-10.52,21.033,31.552,13.372,346.553,-33.315,0.607,-14.439,16.968,31.407,12.899,310.658,-42.636,0.553,-14.45,16.981,31.431,13.012,321.8,-41.114,0.523,14.642,205.333,456,0.026,0.071,0.438,762.298,2.87,2.918,0.047,0.06,-0.183,-17.708,0.183,0.201,0,0
17,1,17,-2.243,-2.237,-1.237,-0.452,0.049,0.013,0.648,752.478,2.682,2.736,19.022,14.173,2.369,12.295,18.697,13.247,2.796,0.32,11.233,-34.046,-27.9,-8.257,-8.539,56.025,57.276,184,216,0.265,12.273,311.004,-2.054,27.947,30.001,13.301,430.537,0.792,-43.973,-1.435,28.009,29.444,14.259,490.148,0.781,-36.771,-6.755,24.975,31.729,13.338,388.945,0.68,5.128,-5.898,24.927,30.825,13.764,406.74,0.69,5.066,-10.486,21.005,31.491,13.336,339.919,-36.198,0.609,-10.582,21.024,31.606,13.629,355.268,-34.255,0.583,-14.334,16.964,31.298,13.182,321.13,-43.017,0.529,-14.46,16.995,31.455,13.284,331.601,-41.19,0.496,14.683,213.333,464,0.062,0.082,0.368,748.508,2.895,2.952,0.013,0.069,-0.28,-3.971,0.213,0.216,0,0
18,1,18,-2.241,-2.235,-1.234,-0.451,0.048,0.014,0.623,776.036,2.699,2.697,19.872,14.221,2.37,12.293,19.632,13.334,2.507,0.053,11.217,-33.713,-27.814,-8.189,-8.546,55.979,57.273,141.333,221.333,0.311,12.242,316.965,-2.277,27.982,30.259,13.353,441.931,0.813,-43.154,-1.333,27.94,29.273,14.401,506.298,0.8,-38.401,-6.817,24.963,31.78,13.426,399.53,0.693,6.077,-5.758,24.977,30.735,13.856,421.832,0.714,4.447,-10.454,21.001,31.454,13.426,350.33,-37.942,0.633,-10.486,20.969,31.455,13.741,367.934,-34.179,0.604,-14.286,16.958,31.244,13.271,331.155,-44.054,0.551,-14.296,16.976,31.272,13.385,342.198,-41.323,0.517,14.685,216,464,0.046,0.092,0.43,769.382,2.914,2.93,-0.002,0.078,-0.193,-6.654,0.215,0.233,0,0
19,1,19,-2.24,-2.232,-1.234,-0.442,0.008,0.017,0.672,805.979,2.687,2.741,18.405,14.313,1.52,12.164,18.238,13.401,1.651,-0.147,11.092,-32.446,-26.893,-8.388,-8.535,55.983,57.205,245.333,202.667,0.306,12.534,320.767,-2.29,27.947,30.237,13.63,440.954,0.805,-43.08,-1.553,28.032,29.585,14.671,502.953,0.79,-38.004,-6.834,24.965,31.799,13.706,399.23,0.685,5.924,-5.986,24.933,30.919,14.154,417.238,0.703,5.214,-10.443,20.997,31.441,13.715,349.849,-37.051,0.626,-10.638,20.988,31.625,14.017,365.507,-35.274,0.6,-14.262,16.963,31.225,13.555,331.051,-43.48,0.55,-14.412,17.032,31.444,13.659,341.787,-41.375,0.519,14.838,205.333,461.333,0.037,0.099,0.384,798.627,2.885,2.959,0.03,0.082,-0.288,-7.351,0.198,0.218,0,0
21,1,21,-2.233,-2.228,-1.233,-0.442,0.057,0.017,0.65,803.404,2.684,2.766,20.27,14.29,1.477,12.298,19.819,13.517,1.824,-0.313,11.243,-32.427,-27.25,-8.379,-8.494,56.061,57.328,221.333,221.333,0.301,12.079,309.491,-1.897,27.934,29.831,13.151,432.353,0.794,-43.134,-1.533,27.985,29.518,14.151,489.59,0.78,-38.99,-6.423,24.95,31.374,13.25,391.754,0.68,5.373,-5.899,24.961,30.86,13.675,409.141,0.694,5.492,-10.101,20.999,31.1,13.259,343.097,-35.99,0.618,-10.576,20.994,31.57,13.549,357.904,-35.349,0.592,-13.943,16.966,30.909,13.106,324.3,-42.954,0.545,-14.402,16.952,31.354,13.209,334.376,-41.345,0.514,14.933,221.333,456,0.09,0.118,0.401,798.091,2.902,2.988,0.032,0.1,-0.249,-5.313,0.218,0.223,0,0
22,1,22,-2.233,-2.226,-1.232,-0.446,0.028,0.014,0.66,776.358,2.655,2.732,15.956,14.145,0.849,11.9,15.764,13.055,1.398,0.287,10.95,-32.325,-27.057,-8.216,-8.698,55.743,56.82,202.667,213.333,0.33,12.515,323.977,-2.262,28.027,30.289,13.651,448.569,0.821,-43.03,-1.493,28.081,29.574,14.672,509.096,0.803,-38.275,-6.786,24.979,31.765,13.713,404.819,0.701,6.223,-5.962,24.956,30.919,14.146,422.234,0.71,5.096,-10.387,21.006,31.393,13.704,354.854,-38.022,0.639,-10.612,20.993,31.605,14.007,370.257,-35.196,0.598,-14.215,16.96,31.175,13.551,335.658,-43.959,0.555,-14.43,16.947,31.378,13.657,345.753,-41.351,0.52,14.8,216,477.333,0.038,0.092,0.393,763.586,2.931,3.006,0.01,0.079,-0.267,-12.772,0.276,0.274,0,0
23,1,23,-2.238,-2.23,-1.233,-0.443,0.02,0.017,0.632,799.057,2.672,2.726,18.655,14.135,2.309,12.203,18.255,13.257,2.445,0.187,11.177,-34.325,-28.109,-8.363,-8.525,55.912,56.968,256,224,0.328,12.61,330.22,-2.165,27.927,30.093,13.74,452.19,0.815,-43.596,-1.398,28.007,29.405,14.77,512.539,0.802,-37.25,-6.575,24.941,31.516,13.79,407.434,0.698,6.482,-5.839,24.927,30.766,14.228,425.406,0.718,4.817,-10.171,20.995,31.166,13.772,357.145,-38.626,0.638,-10.516,20.987,31.503,14.074,372.947,-35.008,0.605,-13.99,16.961,30.951,13.614,337.853,-44.289,0.557,-14.359,16.951,31.31,13.717,347.875,-41.435,0.526,14.776,176,464,0.085,0.114,0.409,795.729,2.902,2.942,0.065,0.097,-0.223,-3.327,0.23,0.216,0,0
24,1,24,-2.237,-2.231,-1.234,-0.451,-0.034,0.01,0.649,774.104,2.697,2.692,17.277,14.057,1.603,12.006,16.965,12.972,2.45,0.653,11.141,-33.146,-28.025,-8.225,-8.716,55.752,56.864,136,224,0.291,12.629,330.354,-2.393,27.957,30.35,13.727,450.35,0.801,-43.495,-1.484,28.027,29.511,14.743,509.986,0.793,-38.69,-6.747,24.957,31.704,13.794,406.744,0.682,6.217,-5.906,24.931,30.837,14.224,423.78,0.704,4.952,-10.331,21,31.331,13.789,356.613,-37.665,0.625,-10.524,20.986,31.51,14.085,372.137,-34.982,0.595,-14.159,16.957,31.116,13.636,337.871,-43.888,0.545,-14.276,17.04,31.316,13.741,348.287,-41.458,0.515,14.867,192,466.667,0.101,0.096,0.448,770.455,2.944,2.942,0.135,0.085,-0.201,-3.649,0.247,0.25,0,0
25,1,25,-2.238,-2.23,-1.235,-0.45,0.006,0.013,0.615,762.406,2.711,2.704,19.613,14.235,1.156,12.189,19.172,13.217,1.47,0.187,11.238,-31.924,-27.072,-8.22,-8.684,55.897,57.091,160,210.667,0.315,12.373,319.042,-2.316,27.963,30.279,13.451,440.308,0.818,-43.187,-1.579,28.059,29.639,14.464,501.575,0.805,-38.18,-6.897,24.984,31.881,13.535,399.441,0.697,5.99,-6.033,24.959,30.992,13.966,416.738,0.712,5.416,-10.525,21.008,31.533,13.543,350.241,-37.342,0.639,-10.685,20.995,31.679,13.836,365.477,-35.52,0.604,-14.356,16.96,31.316,13.384,331.338,-43.666,0.558,-14.495,16.947,31.442,13.494,341.292,-41.364,0.526,14.886,216,461.333,0.057,0.122,0.309,761.654,2.941,2.952,0.051,0.109,-0.307,-0.751,0.23,0.247,0,0
26,1,26,-2.24,-2.231,-1.234,-0.442,0.036,0.012,0.576,784.085,2.667,2.739,19.199,14.198,2.241,12.286,18.779,13.363,2.286,-0.047,11.2,-34.102,-27.896,-8.349,-8.527,55.838,57.243,264,221.333,0.276,12.289,315.578,-2.251,27.91,30.161,13.349,436.269,0.793,-43.197,-1.404,27.959,29.363,14.393,499.883,0.782,-38.043,-6.813,24.973,31.786,13.424,395.259,0.677,5.871,-5.853,24.919,30.772,13.876,414.74,0.696,4.94,-10.47,21.004,31.473,13.422,346.153,-37.382,0.616,-10.515,21.023,31.538,13.74,363.558,-35.008,0.587,-14.295,16.961,31.255,13.266,327.077,-43.608,0.537,-14.354,16.997,31.351,13.377,338.135,-41.285,0.512,14.841,213.333,461.333,0.075,0.092,0.404,779.148,2.863,2.932,0.039,0.081,-0.172,-4.937,0.196,0.194,0,0
31,1,31,-2.232,-2.224,-1.233,-0.447,0.041,0.014,0.61,778.29,2.719,2.726,18.586,14.118,1.964,12.172,18.241,13.269,2.267,0.087,11.174,-34.232,-28.591,-8.263,-8.54,55.995,57.283,109.333,218.667,0.288,12.34,314.021,-2.103,27.971,30.074,13.442,439.057,0.799,-43.087,-1.263,28.064,29.327,14.492,503.805,0.78,-38.053,-6.721,24.982,31.703,13.513,397.675,0.675,6.079,-5.791,24.953,30.744,13.967,417.051,0.694,5.073,-10.367,21.003,31.37,13.525,348.703,-37.933,0.607,-10.495,20.991,31.486,13.838,365.225,-34.988,0.578,-14.195,16.962,31.157,13.363,329.305,-43.937,0.532,-14.336,16.948,31.284,13.476,339.9,-41.325,0.498,14.558,194.667,464,0.068,0.087,0.332,768.094,2.946,2.989,0.027,0.073,-0.278,-10.196,0.227,0.262,0,0
32,1,32,-2.238,-2.234,-1.233,-0.449,-0.027,0.018,0.611,789.666,2.67,2.739,20.177,14.045,2.779,12.269,19.842,13.144,2.789,0.42,11.23,-34.892,-29.836,-8.255,-8.582,55.961,57.195,132,220,0.316,12.361,309.391,-1.981,27.927,29.908,13.39,425.724,0.824,-43.59,-1.142,28.022,29.164,14.414,488.157,0.81,-37.412,-6.643,24.989,31.632,13.41,383.51,0.703,4.794,-5.73,24.95,30.679,13.861,402.684,0.726,4.483,-10.385,21.013,31.398,13.4,333.783,-35.693,0.642,-10.51,20.997,31.507,13.715,350.195,-33.804,0.61,-14.251,16.969,31.22,13.246,315.671,-42.734,0.557,-14.409,16.949,31.358,13.352,326.129,-41.258,0.526,14.504,188,464,0.095,0.083,0.342,774.051,2.894,2.923,0.122,0.066,-0.27,-15.616,0.224,0.184,0,0
33,1,33,-2.239,-2.232,-1.234,-0.448,-0.031,0.014,0.674,781.134,2.694,2.726,17.008,14.078,2.368,12.067,16.702,13.123,2.595,0.487,11.156,-35.367,-29.071,-8.276,-8.559,55.871,57.302,109.333,221.333,0.301,12.238,313.984,-2.206,27.983,30.189,13.287,432.742,0.805,-43.6,-1.2,28.027,29.227,14.296,495.448,0.789,-37.257,-6.844,25.002,31.846,13.307,389.905,0.682,5.337,-5.754,24.942,30.696,13.749,409.187,0.697,4.613,-10.561,21.014,31.574,13.296,340.325,-36.647,0.62,-10.508,20.995,31.503,13.611,356.87,-33.836,0.591,-14.416,16.963,31.379,13.143,321.694,-43.357,0.538,-14.404,16.949,31.353,13.248,332.354,-41.319,0.507,14.635,202.667,472,0.078,0.071,0.403,765.411,2.899,2.952,0.108,0.058,-0.271,-15.723,0.205,0.226,0,0
35,1,35,-2.235,-2.227,-1.231,-0.445,0.022,0.012,0.604,755.859,2.675,2.719,18.635,14.232,1.447,12.147,18.294,13.239,1.704,0.053,11.166,-32.979,-27.348,-8.244,-8.618,55.715,57.098,181.333,213.333,0.266,12.285,317.139,-2.151,27.991,30.143,13.406,441.981,0.787,-43.218,-1.056,27.982,29.038,14.504,508.256,0.776,-37.814,-6.714,24.982,31.697,13.463,398.353,0.672,5.865,-5.629,24.921,30.549,13.937,419.522,0.688,4.298,-10.354,21.005,31.359,13.462,348.803,-38.024,0.617,-10.251,21.09,31.341,13.798,368.037,-33.873,0.585,-14.194,16.961,31.154,13.299,329.583,-44.001,0.531,-14.131,17.067,31.199,13.411,341.188,-41.411,0.499,14.321,210.667,456,0.084,0.085,0.418,750.761,2.924,3.001,0.063,0.072,-0.186,-5.098,0.249,0.282,0,0
36,1,36,-2.233,-2.228,-1.231,-0.449,-0.03,0.015,0.627,782.315,2.675,2.727,17.728,14.249,1.107,12.113,17.407,13.185,1.54,0.287,11.153,-31.18,-26.229,-8.26,-8.704,55.818,57.024,74.667,216,0.293,12.39,323.292,-2.337,28.006,30.343,13.504,446.741,0.802,-43.371,-1.249,28.052,29.301,14.556,510.433,0.788,-37.822,-6.828,24.977,31.804,13.552,402.915,0.68,6.223,-5.787,24.941,30.727,14,422.348,0.7,4.704,-10.448,21.002,31.45,13.538,353.255,-38.051,0.621,-10.454,20.991,31.445,13.853,370.432,-34.382,0.589,-14.276,16.958,31.234,13.386,334.043,-44.08,0.54,-14.281,16.95,31.231,13.497,344.577,-41.33,0.508,14.276,218.667,456,0.088,0.097,0.392,770.08,2.931,2.955,0.118,0.081,-0.235,-12.235,0.257,0.228,0,0
37,1,37,-2.237,-2.23,-1.233,-0.448,0.061,0.015,0.6,785.212,2.648,2.658,17.502,14.137,2.04,12.136,17.18,13.254,2.308,0.12,11.085,-34.54,-28.003,-8.327,-8.6,55.928,57,149.333,224,0.307,12.169,303.268,0.364,27.907,27.543,13.609,410.44,0.807,-43.193,-0.893,27.982,28.875,14.215,460.538,0.783,-37.909,-5.467,24.939,30.406,13.354,373.205,0.687,2.775,-5.677,24.947,30.624,13.706,387.483,0.705,4.882,-9.66,20.962,30.623,13.296,325.923,-32.54,0.634,-10.539,20.997,31.536,13.56,337.946,-34.214,0.606,-13.584,16.968,30.552,13.147,309.412,-40.383,0.553,-14.469,16.955,31.424,13.235,318.803,-41.322,0.521,14.777,194.667,464,0.068,0.107,0.379,791.759,2.894,2.942,0.008,0.092,-0.221,6.547,0.247,0.284,0,0
38,1,38,-2.238,-2.226,-1.235,-0.448,0.027,0.015,0.625,793.637,2.645,2.668,18.222,14.316,1.931,12.181,17.938,13.51,1.736,-0.247,11.265,-32.372,-27.422,-8.325,-8.511,55.958,57.365,288,213.333,0.289,11.948,301.926,0.169,27.903,27.735,13.386,411.409,0.786,-43.355,-0.825,28.057,28.882,13.976,466.788,0.768,-37.819,-5.709,24.917,30.627,13.125,374.031,0.667,3.329,-5.614,24.982,30.596,13.47,390.305,0.683,5.047,-9.791,20.978,30.769,13.08,326.863,-33,0.606,-10.468,20.993,31.461,13.342,339.493,-34.41,0.575,-13.701,16.971,30.672,12.923,309.625,-40.74,0.525,-14.386,16.957,31.343,13.01,319.362,-41.264,0.494,14.69,186.667,458.667,0.109,0.099,0.409,783.978,2.897,2.913,0.082,0.084,-0.216,-9.659,0.252,0.245,0,0
40,1,40,-2.244,-2.234,-1.236,-0.45,0.047,0.014,0.654,782.1,2.538,2.582,18.832,14.188,2.439,12.286,18.445,13.295,2.491,0.187,11.255,-34.009,-27.614,-8.283,-8.656,55.882,57.186,224,213.333,0.288,12.084,306.519,-1.791,27.974,29.765,13.134,428.972,0.799,-42.929,-1.141,27.994,29.135,14.182,494.383,0.792,-37.63,-6.549,24.978,31.528,13.174,387.084,0.691,5.018,-5.753,24.938,30.692,13.637,408.283,0.702,4.248,-10.266,21.003,31.269,13.181,338.3,-36.249,0.627,-10.488,21.023,31.511,13.499,356.111,-34.399,0.598,-14.101,16.969,31.07,13.024,319.82,-42.978,0.545,-14.362,16.988,31.351,13.139,330.98,-41.24,0.513,14.327,202.667,453.333,0.066,0.076,0.315,770.348,2.726,2.805,0.02,0.062,-0.339,-11.752,0.188,0.223,0,0
