Header Section,,,,,,,,,,,,,,,,,,,,,,,,,,,,,,,,,,,,,,,,,,,,,,,,,,,,,,,,,,,,,,,,,,,,,,,,,
Product,VC5747,,,,,,,,,,,,,,,,,,,,,,,,,,,,,,,,,,,,,,,,,,,,,,,,,,,,,,,,,,,,,,,,,,,,,,,,
Test Plan,Rev(-),,,,,,,,,,,,,,,,,,,,,,,,,,,,,,,,,,,,,,,,,,,,,,,,,,,,,,,,,,,,,,,,,,,,,,,,
Release Date,2020/3/6,,,,,,,,,,,,,,,,,,,,,,,,,,,,,,,,,,,,,,,,,,,,,,,,,,,,,,,,,,,,,,,,,,,,,,,,
Comment,#1-3/J1,,,,,,,,,,,,,,,,,,,,,,,,,,,,,,,,,,,,,,,,,,,,,,,,,,,,,,,,,,,,,,,,,,,,,,,,
,,,,,,,,,,,,,,,,,,,,,,,,,,,,,,,,,,,,,,,,,,,,,,,,,,,,,,,,,,,,,,,,,,,,,,,,,
Data Section,,,,,,,,,,,,,,,,,,,,,,,,,,,,,,,,,,,,,,,,,,,,,,,,,,,,,,,,,,,,,,,,,,,,,,,,,
Device#,1,2,3,4,5,6,7,8,9,10,11,12,13,14,15,16,17,18,19,20,21,22,23,24,25,26,27,28,29,30,31,32,33,34,35,36,37,38,39,40,41,42,43,44,45,46,47,48,49,50,51,52,53,54,55,56,57,58,59,60,61,62,63,64,65,66,67,68,69,70,71,72,73
Test Item,Site No,Device ID,OS_VCC1_N,OS_VCC2_N,OS_VDD_N,Leakage1_VCC1,Leakage1_VCC2,Leakage1_VCC3,Leakage1_VDD,Leakage1_LNAEN,Leakage1_PAEN,Idd_LNA_CW_5150,Gain_LNA_CW_5150,NF_LNA_CW_5150,Idd_LNA_CW_5850,Gain_LNA_CW_5850,NF_LNA_CW_5850,IP1dB_LNA_CW_5850,OOB_LNA_CW_2400,OOB_LNA_CW_2500,Gain_Bypass_CW_5150,Gain_Bypass_CW_5850,ISO_Bypass_CW_5150,ISO_Bypass_CW_5850,tON_LNA_CW_5850,tOFF_LNA_CW_5850,Vdet_Idle_PA,Idd_Idle_PA,Icc_Idle_PA,Pin_PA_AC1_5150,Pout_PA_AC1_5150,Gain_PA_AC1_5150,Idd_PA_AC1_5150,Icc_PA_AC1_5150,EVM_PA_AC1_5150,Vdet_PA_AC1_5150,Pin_PA_AC1_5850,Pout_PA_AC1_5850,Gain_PA_AC1_5850,Idd_PA_AC1_5850,Icc_PA_AC1_5850,EVM_PA_AC1_5850,Vdet_PA_AC1_5850,Pin_PA_AX4_5150,Pout_PA_AX4_5150,Gain_PA_AX4_5150,Idd_PA_AX4_5150,Icc_PA_AX4_5150,EVM_PA_AX4_5150,Vdet_PA_AX4_5150,Pin_PA_AX4_5850,Pout_PA_AX4_5850,Gain_PA_AX4_5850,Idd_PA_AX4_5850,Icc_PA_AX4_5850,EVM_PA_AX4_5850,Vdet_PA_AX4_5850,tON_PA_CW_5850,tOFF_PA_CW_5850,Leakage2_VCC1,Leakage2_VCC2,Leakage2_VCC3,Leakage2_VDD,Leakage2_LNAEN,Leakage2_PAEN,Delta_Leakage_VCC1,Delta_Leakage_VCC2,Delta_Leakage_VCC3,Delta_Leakage_VDD,Delta_Leakage_LNAEN,Delta_Leakage_PAEN,Test_Time,Index_Time
Low Tolerance,,,0.02,0.02,0.02,1,2,1,5,2,2,3,0.3,0.3,3,0.3,0.3,1.5,1.5,1.5,0.3,0.3,1.5,1.5,50,50,0.03,0.09,15,0.3,0.2,0.5,0.09,25,1.5,0.03,0.3,0.2,0.5,0.09,25,1.5,0.03,0.3,0.2,0.5,0.09,25,1.5,0.03,0.3,0.2,0.5,0.09,25,1.5,0.03,50,50,1,2,1,5,2,2,0,0,0,0,0,0,0,0
High Tolerance,,,0.02,0.02,0.02,1,2,1,5,2,2,3,0.3,0.3,3,0.3,0.3,1.5,1.5,1.5,0.3,0.3,1.5,1.5,50,50,0.03,0.09,15,0.3,0.2,0.5,0.09,25,1.5,0.03,0.3,0.2,0.5,0.09,25,1.5,0.03,0.3,0.2,0.5,0.09,25,1.5,0.03,0.3,0.2,0.5,0.09,25,1.5,0.03,50,50,1,2,1,5,2,2,0,0,0,0,0,0,0,0
Enable,,,1,1,1,1,1,1,1,1,1,1,1,1,1,1,1,1,1,1,1,1,1,1,1,1,1,1,1,1,1,1,1,1,1,1,1,1,1,1,1,1,1,1,1,1,1,1,1,1,1,1,1,1,1,1,1,1,1,1,1,1,1,1,1,0,0,0,0,0,0,0,0
1,1,1,-0.461,-2.183,-1.144,0.134,1.295,0.242,15.885,3.703,3.783,22.382,15.601,1.966,20.589,13.711,1.642,-3.067,-38.909,-28.880,-7.367,-8.247,-37.659,-46.426,155.333,224.000,0.398,0.243,324.557,-10.725,20.982,31.707,0.197,352.472,-35.760,0.509,-10.349,20.943,31.293,0.201,371.657,-33.915,0.531,-14.607,16.987,31.593,0.195,337.378,-43.731,0.479,-14.180,16.962,31.141,0.198,345.545,-38.596,0.492,192.000,389.333,0.352,1.056,0.321,21.655,3.636,3.783,0.218,-0.239,0.079,5.770,-0.068,0.000,2894.380,1044759.750
2,1,2,-0.457,-2.182,-1.151,0.118,1.210,0.243,16.768,3.768,3.816,24.483,15.712,2.016,24.416,13.795,1.659,-3.067,-38.313,-28.374,-7.449,-8.298,-37.486,-46.311,155.333,210.667,0.440,0.274,309.914,-11.235,21.010,32.245,0.201,336.859,-35.747,0.546,-10.891,21.026,31.917,0.207,353.590,-33.678,0.570,-15.177,16.941,32.118,0.202,322.204,-43.760,0.518,-14.688,17.033,31.721,0.202,331.373,-38.854,0.527,213.333,386.667,0.227,1.115,0.327,23.460,3.868,3.861,0.109,-0.095,0.084,6.692,0.100,0.045,2878.988,2933.651
3,1,3,-0.456,-2.182,-1.142,0.154,1.169,0.247,16.823,3.798,3.851,22.114,15.672,1.939,22.101,13.697,1.747,-3.067,-38.102,-28.363,-7.442,-8.325,-37.661,-46.644,158.000,218.667,0.439,0.269,301.292,-11.439,21.026,32.465,0.196,328.735,-36.658,0.546,-11.047,21.049,32.096,0.198,345.846,-34.243,0.567,-15.387,16.962,32.349,0.194,314.801,-43.606,0.516,-14.979,16.944,31.923,0.196,323.630,-38.576,0.526,109.333,392.000,0.241,1.139,0.341,23.168,3.821,3.911,0.087,-0.030,0.094,6.344,0.023,0.060,2883.559,2912.632
