Header Section,,,,,,,,,,,,,,,,,,,,,,,,,,,,,,,,,,,,,,,,,,,,,,,,,,,,,,,,,,,,
Product,VC5758,,,,,,,,,,,,,,,,,,,,,,,,,,,,,,,,,,,,,,,,,,,,,,,,,,,,,,,,,,,
Test Plan,Rev(E1),,,,,,,,,,,,,,,,,,,,,,,,,,,,,,,,,,,,,,,,,,,,,,,,,,,,,,,,,,,
Release Date,2020/5/14,,,,,,,,,,,,,,,,,,,,,,,,,,,,,,,,,,,,,,,,,,,,,,,,,,,,,,,,,,,
Comment,#1-7/J6.03.X£»#8-16/J12£»#22-46/A5E17,,,,,,,,,,,,,,,,,,,,,,,,,,,,,,,,,,,,,,,,,,,,,,,,,,,,,,,,,,,
,,,,,,,,,,,,,,,,,,,,,,,,,,,,,,,,,,,,,,,,,,,,,,,,,,,,,,,,,,,,
Data Section,,,,,,,,,,,,,,,,,,,,,,,,,,,,,,,,,,,,,,,,,,,,,,,,,,,,,,,,,,,,
Device#,1,2,,3,4,5,6,7,8,9,10,11,12,13,14,15,16,17,18,19,20,21,22,23,24,25,26,27,28,29,30,31,32,33,34,35,36,37,38,39,40,41,42,43,44,45,46,47,48,49,50,51,52,53,54,55,56,57,58,59
Test Item,Site No,Device ID,Idd_idle_LNA,Gain_LNA_CW_5150,NF_LNA_CW_5150,Pmax_LNA_N1_5150,Gain_LNA_CW_5925,NF_LNA_CW_5925,IIP3_LNA_CW_5925,Pmax_LNA_N1_5925,OOB_LNA_CW_2400,OOB_LNA_CW_2700,OOB_LNA_CW_3400,OOB_LNA_CW_3800,Gain_Bypass_CW_5150,Gain_Bypass_CW_5925,ISO_Bypass_CW_5925,Vdet_Idle_HPM1,Idd_Idle_HPM1,Icc_Idle_HPM1,Pin_HPM1_AC1_5150,Pout_HPM1_AC1_5150,Gain_HPM1_AC1_5150,Idd_HPM1_AC1_5150,Icc_HPM1_AC1_5150,EVM_HPM1_AC1_5150,Vdet_HPM1_AC1_5150,Pin_HPM1_AC1_5925,Pout_HPM1_AC1_5925,Gain_HPM1_AC1_5925,Idd_HPM1_AC1_5925,Icc_HPM1_AC1_5925,EVM_HPM1_AC1_5925,Vdet_HPM1_AC1_5925,Vdet_Idle_HPM2,Idd_Idle_HPM2,Icc_Idle_HPM2,Pin_HPM2_AC1_5150,Pout_HPM2_AC1_5150,Gain_HPM2_AC1_5150,Idd_HPM2_AC1_5150,Icc_HPM2_AC1_5150,EVM_HPM2_AC1_5150,Vdet_HPM2_AC1_5150,Pin_HPM2_AC1_5925,Pout_HPM2_AC1_5925,Gain_HPM2_AC1_5925,Idd_HPM2_AC1_5925,Icc_HPM2_AC1_5925,EVM_HPM2_AC1_5925,Vdet_HPM2_AC1_5925,ISO_HPM2_CW_5925,ISO_ISO_CW_5925,Leakage2_VCC1,Leakage2_VCC2,Leakage2_C0,Leakage2_C1,Leakage2_C2,Test_Time,Index_Time
Low Tolerance,,,1.5,0.3,0.3,1.5,0.3,0.3,1.5,1.5,1,1,1,1,0.3,0.3,1.5,0.02,1.5,10,0.3,0.2,0.5,3,20,0.9,0.02,0.3,0.2,0.5,3,20,0.9,0.02,0.02,1.5,10,0.3,0.2,0.5,3,20,0.9,0.02,0.3,0.2,0.5,3,20,0.9,0.02,1.5,1.5,3,1,3,1,3,100,500
High Tolerance,,,1.5,0.3,0.3,1.5,0.3,0.3,1.5,1.5,1,1,1,1,0.3,0.3,1.5,0.02,1.5,10,0.3,0.2,0.5,3,20,0.9,0.02,0.3,0.2,0.5,3,20,0.9,0.02,0.02,1.5,10,0.3,0.2,0.5,3,20,0.9,0.02,0.3,0.2,0.5,3,20,0.9,0.02,1.5,1.5,3,1,3,1,3,100,500
Enable,,,1,1,1,1,1,1,1,1,1,1,1,1,1,1,1,1,1,1,1,1,1,1,1,1,1,1,1,1,1,1,1,1,1,1,1,1,1,1,1,1,1,1,1,1,1,1,1,1,1,1,1,1,1,1,1,1,0,0
1,1,1,15,14.15,1.708,8.374,14.356,1.631,0.593,7.914,-18.281,-7.892,5.728,8.504,-2.975,-3.18,48.747,0.322,4.472,333.287,-13.871,18.975,32.846,4.624,360.1,-39.389,0.463,-11.972,18.973,30.945,4.674,352.051,-39.04,0.463,0.302,4.125,298.88,-16.842,15.987,32.828,4.225,315.596,-41.844,0.411,-14.935,15.989,30.924,4.264,310.621,-46.571,0.411,36.26,50.001,15.871,0.194,10.721,2.401,7.724,1218.603,218022.612
2,1,2,15,14.086,1.713,8.36,14.125,1.605,0.235,7.931,-18.254,-8.218,5.542,8.367,-2.98,-3.17,48.915,0.277,3.621,267.616,-14.037,18.988,33.026,3.809,299.81,-37.219,0.422,-12.105,18.985,31.09,3.838,291.154,-39.861,0.422,0.259,3.322,237.069,-17.015,15.99,33.005,3.422,255.895,-40.553,0.37,-15.038,15.989,31.026,3.466,250.45,-47.206,0.37,36.303,50.068,14.6,0.179,6.861,2.374,6.053,1209.944,24979.636
3,1,3,15,14.068,1.763,8.376,14.111,1.643,0.117,7.922,-18.237,-8.169,5.584,8.393,-2.966,-3.175,48.942,0.286,3.778,285.985,-14.083,18.981,33.064,3.933,317.349,-38.027,0.433,-12.15,18.984,31.134,4.029,309.204,-39.465,0.434,0.269,3.471,254.606,-17.037,15.989,33.027,3.582,272.836,-40.945,0.38,-15.078,15.987,31.065,3.614,267.453,-46.856,0.379,36.461,50.24,15.249,0.179,7.841,2.404,6.346,1203.907,7319.037
4,1,4,8.7074,13.98,1.746,8.392,14.057,1.644,-0.194,7.929,-18.491,-8.377,5.406,8.232,-2.971,-3.166,48.912,0.273,3.557,263.267,-14.017,19.02,33.036,3.849,295.552,-37.426,0.419,-12.065,19.017,31.083,3.826,286.431,-39.836,0.419,0.255,3.246,232.442,-16.996,16.024,33.021,3.472,251.153,-40.521,0.366,-14.982,16.036,31.018,3.392,245.328,-47.03,0.366,36.391,50.104,15.057,0.165,6.701,2.399,5.39,1190.054,8083.275
5,1,5,8.5876,13.929,1.751,8.376,13.986,1.66,-0.299,7.935,-18.51,-8.442,5.334,8.182,-2.975,-3.173,48.77,0.261,3.314,246.657,-13.911,19.006,32.916,3.717,280.25,-36.65,0.408,-11.994,19.027,31.022,3.531,269.514,-39.603,0.408,0.241,2.993,214.927,-16.889,16.034,32.924,3.302,234.341,-39.853,0.354,-14.953,16.004,30.957,3.133,228.01,-47.015,0.352,36.436,50.091,14.778,0.173,6.198,2.421,4.803,1183.287,7471.039
6,1,6,9.2854,14.117,1.79,8.364,14.339,1.602,0.083,7.931,-18.263,-8.137,5.672,8.438,-2.974,-3.158,48.852,0.284,3.698,283.234,-13.96,19.057,33.018,4.031,314.893,-37.935,0.431,-12.164,18.983,31.147,3.934,305.849,-39.535,0.43,0.265,3.376,250.96,-16.975,16.023,32.998,3.549,269.248,-40.67,0.377,-15.095,15.988,31.083,3.517,263.707,-47.034,0.376,36.266,50.23,14.936,0.181,8.468,2.361,6.233,1196.382,24407.754
7,1,7,9.2174,14.059,1.759,8.356,14.11,1.629,-0.07,7.916,-18.356,-7.965,5.656,8.413,-2.974,-3.146,49.267,0.276,3.578,272.744,-14.162,18.986,33.147,3.742,303.758,-37.441,0.422,-12.04,19.054,31.094,3.767,293.911,-39.64,0.42,0.254,3.22,238.21,-17.218,15.989,33.208,3.344,256.882,-40.376,0.365,-15.036,16.06,31.096,3.345,250.972,-47.247,0.365,36.386,50.417,14.719,0.161,6.071,2.374,5.453,1193.353,6892.533
8,1,8,11.81,15.4,1.83,10.72,15.41,2.17,2.78,10.1,-28.21,-23.62,-4.57,4.24,-4.07,-4.32,46.06,0.28,4.5,271.12,-11,19.05,30.51,4.79,305.49,-37.75,0.59,-11.81,18.98,29.7,4.8,308.54,-32.92,0.57,0.27,4,221,-13.53,16.04,30.39,4.43,243.23,-39.33,0.53,-14.45,16.04,29.38,4.33,244.04,-40.95,0.51,39.74,57.28,16.26,0.1,6.07,2.09,5.34,1247.75,5456276
9,1,9,11.77,15.27,2,10.78,15.21,2.24,3.04,10.09,-28.17,-23.36,-4.95,3.97,-4.1,-4.38,46.1,0.31,4.5,256.54,-11.1,19.04,30.61,4.9,290.39,-37.8,0.61,-11.9,18.98,29.78,4.79,293.51,-33,0.59,0.29,4.01,210.58,-13.65,16.03,30.5,4.32,232.53,-39.52,0.56,-14.52,16.05,29.45,4.22,233.35,-41.2,0.54,39.75,57.22,15.37,0.09,6.1,2.13,5.13,1242.774,62772.73
10,1,10,12.89,15.46,1.98,10.76,15.43,2.22,3.2,10.08,-28.08,-23.11,-4.54,4.32,-4.1,-4.38,46.23,0.28,4.4,260.09,-11.1,19.04,30.61,4.73,295.24,-37.59,0.59,-11.88,18.98,29.77,4.81,298.24,-33.14,0.57,0.27,3.92,210.06,-13.64,16.03,30.49,4.23,232.42,-39.1,0.54,-14.47,16.05,29.4,4.2,233.05,-41.04,0.51,39.83,57.32,15.65,0.09,5.92,2.29,5.25,1251.003,21623.14
11,1,11,11.62,15.31,1.95,10.77,15.35,2.26,2.78,10.06,-28.13,-23.25,-5.2,3.86,-4.09,-4.37,46,0.3,4.24,247.9,-11.13,19.04,30.63,4.51,282.29,-37.51,0.6,-11.79,18.99,29.68,4.61,285.4,-32.8,0.56,0.28,3.77,198.45,-13.66,16.02,30.5,4.08,220.88,-39.25,0.54,-14.35,16.06,29.28,4.08,221.67,-40.64,0.52,39.81,57.16,15.49,0.09,5.13,2.08,4.39,1246.391,19402.84
12,1,12,11.81,15.32,1.99,10.76,15.36,2.23,3,10.07,-28.37,-23.72,-4.45,4.3,-4.08,-4.34,45.76,0.26,4.35,247.8,-10.86,19.05,30.38,4.78,282.34,-37.61,0.57,-11.73,18.98,29.62,4.63,285.02,-32.85,0.55,0.25,3.87,200.52,-13.42,16.01,30.25,4.27,223,-39.42,0.51,-14.32,16.05,29.25,4.26,223.89,-40.93,0.5,39.8,57.13,15.63,0.1,5.58,2.15,4.95,1250.56,20335.84
13,1,13,12.36,15.51,2.02,10.73,15.53,2.23,2.91,10.07,-28.25,-24.21,-3.74,4.77,-4.08,-4.35,45.78,0.27,4.56,273.54,-10.83,19.04,30.34,4.97,307.65,-38.09,0.58,-11.82,18.98,29.69,4.95,310.68,-33.28,0.56,0.26,4.06,224.51,-13.38,16.01,30.21,4.36,246.56,-39.93,0.53,-14.45,16.03,29.36,4.37,247.43,-41.49,0.5,39.89,57.13,15.83,0.08,6.32,2.17,5.11,1251.232,18397.69
14,1,14,13.1,15.43,1.89,10.75,15.46,2.18,3.25,10.1,-28.08,-23.79,-4.12,4.51,-4.12,-4.4,46.42,0.27,4.67,281.73,-11.07,19.03,30.57,5.03,316.06,-37.9,0.58,-11.88,18.97,29.75,4.93,319.2,-33.25,0.56,0.26,4.17,231.87,-13.63,16,30.45,4.54,253.9,-39.7,0.52,-14.58,16.02,29.48,4.43,254.64,-41.29,0.51,39.82,57.24,16.13,0.11,6.77,2.17,5.33,1248.382,28535.26
15,1,15,13.01,15.51,1.95,10.75,15.47,2.29,3.11,10.12,-27.87,-23.2,-4.61,4.28,-4.07,-4.32,46.16,0.26,4.46,266.51,-11.05,19.03,30.55,4.77,301.65,-37.62,0.56,-11.85,18.98,29.73,4.74,304.94,-32.96,0.55,0.25,3.98,216.61,-13.61,16,30.43,4.24,238.93,-39.31,0.51,-14.49,16.02,29.39,4.2,239.86,-41.1,0.5,39.71,57.27,16.17,0.11,5.77,2.21,4.95,1248.457,19212.98
16,1,16,11.69,15.41,2.01,10.78,15.41,2.2,2.93,10.1,-28.27,-23.33,-4.68,4.22,-4.1,-4.36,46.23,0.28,4.53,265.19,-10.94,19.03,30.44,4.79,299.37,-37.6,0.59,-11.81,18.98,29.69,4.84,302.61,-33.15,0.55,0.27,4.05,217.64,-13.52,16,30.34,4.39,239.67,-39.37,0.53,-14.49,16.02,29.39,4.41,240.81,-41.23,0.51,39.79,57.4,15.88,0.1,6.76,2.21,5.06,1247.351,18653.89
22,1,22,11.531,14.543,2.021,9.789,15.11,2.262,2.97,9.508,-33.479,-31.434,-4.862,2.275,-4.223,-4.683,45.339,0.272,4.74,219.282,-11.426,18.935,30.361,5.327,244.719,-38.258,0.592,-10.76,18.983,29.743,4.941,249.393,-37.565,0.571,0.262,4.155,181.278,-13.751,15.958,29.709,4.797,201.356,-40.879,0.521,-13.334,15.991,29.324,4.339,194.191,-40.577,0.511,38.984,56.772,16.074,0.242,9.072,2.27,7.326,2593.169,6715.68
23,1,23,10.884,14.473,1.979,9.788,15.033,2.261,2.523,9.482,-33.479,-32.422,-4.525,2.439,-4.214,-4.694,45.137,0.272,4.253,191.321,-11.14,19.004,30.144,4.564,222.265,-38.117,0.577,-10.489,18.969,29.458,4.458,223.752,-38.101,0.555,0.262,3.691,152.068,-13.37,16.011,29.381,3.939,174.659,-40.864,0.51,-12.868,16.038,28.906,3.902,166.832,-39.511,0.503,39.132,56.805,16.608,0.227,8.067,2.302,6.371,2576.627667,7234.836
24,1,24,11.358,14.452,1.999,9.811,14.982,2.256,3.123,9.481,-34.071,-32.977,-4.174,2.664,-4.271,-4.761,45.419,0.269,4.511,204.602,-11.307,18.938,30.245,4.985,234.293,-38,0.592,-10.456,18.991,29.448,4.708,242.035,-37.751,0.571,0.259,3.932,165.984,-13.648,15.968,29.616,4.529,187.872,-40.704,0.521,-13.011,16.021,29.032,4.166,183.129,-39.985,0.517,39.011,56.784,16.301,0.205,8.982,2.292,7.302,2564.424333,7542.915667
25,1,25,11.945,14.706,2.036,9.804,15.256,2.322,2.503,9.472,-33.131,-32.551,-4.122,2.767,-4.22,-4.687,45.33,0.273,4.493,206.292,-11.201,19,30.201,4.76,236.648,-38.154,0.585,-10.56,18.986,29.546,4.683,237.888,-37.534,0.569,0.264,3.914,166.458,-13.502,16.003,29.506,4.181,188.481,-40.838,0.518,-13.065,16.016,29.081,4.092,180.772,-40.33,0.51,39.189,56.964,16.471,0.167,8.425,2.405,6.664,2596.706,8451.802667
26,1,26,11.214,14.643,2.041,9.804,15.195,2.262,2.653,9.483,-33.571,-31.64,-4.659,2.395,-4.237,-4.704,45.958,0.269,4.238,185.822,-11.448,19.029,30.477,4.506,270.575,-38.11,0.846,-10.668,18.951,29.619,4.411,268.541,-37.575,0.655,0.26,3.686,149.776,-13.883,15.99,29.874,3.967,172.41,-41.066,0.52,-12.949,16.039,28.987,3.95,207.19,-38.528,0.605,38.98,57.244,15.627,0.358,7.23,2.244,5.937,2581.689667,7104.377
27,1,27,10.512,14.484,2.035,9.81,15.185,2.261,2.608,9.489,-34.144,-31.797,-4.809,2.177,-4.219,-4.656,45.379,0.267,4.392,198.995,-11.339,18.962,30.301,5.001,227.273,-38.24,0.591,-10.668,19.028,29.696,4.569,231.029,-37.764,0.566,0.258,3.811,159.085,-13.553,16.001,29.554,4.09,181.476,-40.827,0.518,-13.108,16.026,29.133,3.995,173.08,-40.23,0.5,39.045,57.093,15.936,0.135,8.31,2.248,6.7,2564.87,6976.481
28,1,28,11.351,14.625,1.986,9.785,15.126,2.237,2.644,9.47,-33.552,-32.047,-4.402,2.609,-4.216,-4.688,45.052,0.258,4.332,194.937,-11.339,19.016,30.355,4.905,223.99,-38.163,0.581,-10.668,18.988,29.656,4.539,230.044,-37.688,0.567,0.249,3.762,155.512,-13.648,15.963,29.611,4.382,177.401,-40.871,0.508,-13.108,15.962,29.07,3.969,170.956,-39.464,0.504,39.118,56.759,15.495,0.166,7.549,2.3,6.396,2566.598,6525.709
29,1,29,10.956,14.576,2.022,9.799,15.344,2.177,2.568,9.471,-34.427,-32.772,-4.073,2.686,-4.259,-4.695,45.502,0.269,4.387,196.886,-11.302,18.941,30.243,4.849,224.599,-38.316,0.584,-10.668,18.966,29.634,4.593,227.45,-38.872,0.562,0.259,3.812,158.397,-13.493,16.002,29.495,4.116,179.965,-40.963,0.52,-13.108,15.973,29.081,4.038,171.483,-39.766,0.506,38.962,56.827,16.078,0.2,9.49,2.177,7.555,2571.569,6817.894333
30,1,30,11.006,14.534,2.017,9.804,15.182,2.22,3.153,9.495,-34.002,-31.897,-4.501,2.449,-4.23,-4.696,45.356,0.266,4.316,192.387,-11.329,19.085,30.414,4.918,222.323,-37.718,0.583,-10.668,19.011,29.679,4.548,231.513,-37.857,0.575,0.257,3.746,153.457,-13.697,16.027,29.724,4.109,175.867,-40.818,0.515,-13.108,16.044,29.152,3.969,168.491,-39.67,0.507,39.145,56.963,15.633,0.214,9.09,2.263,7.262,2493.685333,6744.577
31,1,31,11.369,14.613,1.996,9.799,15.356,2.242,3.106,9.464,-34.101,-32.2,-4.192,2.647,-4.233,-4.669,45.393,0.277,4.589,208.907,-11.193,19.002,30.195,4.86,238.611,-37.985,0.598,-10.668,18.994,29.662,4.795,240.289,-37.412,0.574,0.267,4.006,170.268,-13.542,15.971,29.513,4.384,191.497,-40.878,0.524,-13.108,16.084,29.192,4.239,184.188,-40.37,0.523,39.141,56.922,16.293,0.172,10.203,2.341,8.271,2568.448333,7729.001667
32,1,32,11.428,14.652,1.994,9.785,15.152,2.263,2.775,9.464,-33.819,-31.977,-4.455,2.536,-4.234,-4.689,45.27,0.268,4.461,202.751,-11.292,19.023,30.315,5.016,230.084,-38.137,0.589,-10.668,19.017,29.685,4.663,233.735,-37.826,0.562,0.259,3.887,164.241,-13.607,16.011,29.618,4.502,185.494,-40.872,0.514,-13.108,16.085,29.193,4.104,178.098,-39.931,0.496,39.285,56.941,16.062,0.26,8.589,2.3,6.563,2568.135,9081.203
33,1,33,12.049,14.728,1.953,9.814,15.477,2.233,2.793,9.49,-33.652,-30.986,-4.659,2.415,-4.24,-4.685,45.579,0.264,4.182,187.597,-11.292,19.03,30.322,4.795,217.208,-38.185,0.579,-10.668,19.014,29.681,4.391,222.174,-38.026,0.565,0.255,3.629,148.344,-13.607,15.94,29.547,4.241,170.745,-40.959,0.517,-13.108,15.959,29.067,3.853,163.274,-39.252,0.504,39.189,57.299,16.058,0.207,9.296,2.383,7.486,2481.468,7594.664667
34,1,34,11.242,14.499,1.973,9.773,15.079,2.284,2.886,9.462,-33.699,-31.983,-4.727,2.291,-4.231,-4.705,45.389,0.262,4.32,189.545,-11.292,18.96,30.252,4.895,217.925,-38.249,0.579,-10.668,18.932,29.599,4.523,235.025,-37.784,0.586,0.254,3.756,152.983,-13.607,15.966,29.572,4.346,174.236,-41.03,0.51,-13.108,15.983,29.09,3.993,176.536,-37.928,0.527,39.188,57.213,16.059,0.242,8.165,2.219,6.72,2556.102,7197.506
35,1,35,11.99,14.7,2.031,9.8,15.361,2.196,3.07,9.462,-33.775,-31.878,-4.334,2.6,-4.228,-4.697,45.507,0.261,4.412,190.234,-11.439,18.999,30.438,4.697,224.458,-37.604,0.597,-10.668,19.021,29.688,4.584,249.353,-37.816,0.613,0.252,3.851,154.199,-13.888,15.988,29.876,4.129,175.344,-40.966,0.512,-13.108,16.066,29.174,4.056,182.074,-38.321,0.544,38.899,57.007,16.07,0.27,10.056,2.369,8.149,2533.450333,6669.879333
36,1,36,12.497,14.768,1.959,9.787,15.255,2.219,2.634,9.487,-33.31,-32.086,-4.076,2.817,-4.18,-4.647,45.189,0.258,4.138,183.034,-11.332,18.932,30.264,4.714,216.282,-38.575,0.592,-10.51,18.999,29.509,4.361,233.599,-37.446,0.602,0.25,3.598,145.04,-13.533,16.005,29.538,3.857,167.73,-40.82,0.516,-12.885,16.014,28.899,3.845,172.42,-37.47,0.533,38.863,56.747,15.445,0.288,6.772,2.295,5.569,2571.293,9082.583
37,1,37,12.124,14.709,1.973,9.81,15.56,2.239,2.49,9.497,-33.905,-32.721,-3.863,2.836,-4.243,-4.667,45.753,0.273,4.143,178.513,-11.332,19.061,30.393,4.724,209.844,-38.075,0.594,-10.625,18.927,29.552,4.364,234.381,-38.078,0.615,0.264,3.598,142.285,-13.642,16.047,29.689,4.23,164.211,-40.945,0.524,-13.048,15.909,28.957,3.83,175.502,-36.757,0.559,39.053,57.074,16.015,0.345,8.67,2.351,7.128,2557.281333,7713.981667
38,1,38,11.585,14.652,1.973,9.804,15.345,2.222,2.899,9.491,-33.938,-31.984,-4.308,2.549,-4.257,-4.691,45.446,0.266,4.403,195.282,-11.332,19.038,30.37,4.969,224.446,-38.066,0.597,-10.862,19.012,29.874,4.603,228.486,-37.594,0.578,0.258,3.832,158.579,-13.642,16.062,29.704,4.432,179.927,-40.853,0.524,-13.328,15.987,29.315,4.055,175.722,-38.766,0.519,39.012,57.083,15.877,0.317,9.215,2.273,7.13,2530.498667,6969.07
39,1,39,10.617,14.506,2.029,9.823,15.169,2.22,2.934,9.479,-34.538,-32.444,-4.357,2.508,-4.216,-4.671,45.908,0.275,4.319,192.258,-11.332,19.02,30.352,4.906,227.36,-37.45,0.607,-10.689,18.929,29.617,4.495,265.492,-37.666,0.63,0.265,3.758,155.157,-13.823,15.993,29.816,4.052,177.221,-40.877,0.528,-13.124,15.955,29.079,3.968,191.516,-38.44,0.568,39.011,57.054,15.819,0.262,9.195,2.349,7.009,2582.774667,7887.292333
40,1,40,10.245,14.473,2.002,9.769,14.975,2.288,2.705,9.448,-34.217,-32.549,-4.565,2.417,-4.219,-4.707,45.675,0.259,4.35,195.142,-11.332,18.957,30.289,4.935,212.817,-37.835,0.578,-10.49,18.999,29.488,4.652,250.35,-37.736,0.602,0.251,3.779,156.976,-13.691,16.014,29.705,4.415,178.763,-40.873,0.51,-12.987,16.015,29.002,3.997,185.924,-38.463,0.528,39.161,57.133,15.768,0.237,8.418,2.374,6.754,2589.656,8048.841
41,1,41,10.724,14.505,2.03,9.818,15.116,2.278,2.594,9.482,-34.03,-32.622,-4.512,2.387,-4.25,-4.728,45.298,0.245,4.152,184.282,-11.179,19.001,30.18,4.419,216.662,-38.22,0.559,-10.439,18.995,29.434,4.378,222.712,-38.055,0.555,0.237,3.601,144.62,-13.388,16.008,29.396,3.864,167.876,-40.794,0.494,-12.827,16.016,28.843,3.827,161.256,-38.733,0.488,39.193,57.008,15.472,0.181,7.297,2.339,5.772,2588.124667,7810.27
42,1,42,11.75,14.618,2.03,9.794,15.195,2.287,3.099,9.484,-33.578,-32.169,-4.371,2.564,-4.28,-4.771,45.365,0.28,4.532,209.402,-11.29,18.99,30.28,5.131,236.086,-38.27,0.596,-10.714,19.003,29.716,4.723,239.91,-37.72,0.578,0.271,3.955,171.043,-13.609,16.005,29.613,4.536,191.713,-40.973,0.533,-13.279,15.971,29.25,4.122,184.461,-40.194,0.515,39.135,56.901,16.448,0.263,9.786,2.339,7.039,2572.440333,7947.166
43,1,43,11.664,14.612,1.995,9.768,15.441,2.293,2.801,9.494,-34.099,-31.642,-4.537,2.372,-4.32,-4.779,45.788,0.268,4.275,188.609,-11.392,19.007,30.399,4.598,234.635,-38.172,0.666,-10.831,19.006,29.838,4.495,240.049,-36.654,0.622,0.259,3.721,151.96,-13.775,15.993,29.768,3.995,173.881,-41.004,0.526,-13.125,16.058,29.183,3.917,186.024,-37.229,0.564,39.24,57.395,14.592,0.278,7.598,2.295,6.266,2580.422667,7660.547
44,1,44,11.529,14.566,2.048,9.784,15.078,2.379,2.662,9.48,-33.859,-31.453,-4.696,2.38,-4.256,-4.736,45.063,0.259,4.51,202.837,-11.317,18.919,30.236,5.087,231.045,-38.278,0.581,-10.676,18.946,29.621,4.733,236.759,-37.486,0.567,0.251,3.928,163.724,-13.526,16.001,29.527,4.182,185.679,-40.689,0.518,-13.098,15.981,29.078,4.119,179.472,-39.792,0.51,39.157,56.845,15.675,0.143,7.625,2.364,6.222,2583.489333,8034.441667
45,1,45,9.788,14.466,1.985,9.781,15.241,2.263,2.653,9.491,-34.328,-32.522,-4.618,2.329,-4.206,-4.667,45.553,0.268,4.522,205.022,-11.493,18.992,30.485,4.782,233.778,-38.028,0.579,-10.813,19.004,29.817,4.706,237.781,-38.201,0.567,0.259,3.944,167.082,-13.86,15.989,29.849,4.269,187.849,-40.922,0.519,-13.371,15.988,29.359,4.158,180.693,-40.346,0.508,38.978,57.075,16.009,0.258,10.115,2.263,7.928,2586.737,7310.057333
46,1,46,11.493,14.734,1.994,9.806,15.55,2.209,3.128,9.482,-33.942,-32.399,-4.088,2.747,-4.229,-4.686,45.925,0.264,4.398,190.417,-11.364,18.994,30.358,4.904,282.098,-37.629,0.598,-10.495,18.996,29.491,4.587,272.754,-37.696,0.662,0.256,3.829,154.888,-13.807,15.995,29.802,4.112,176.486,-41.032,0.512,-12.912,16.037,28.949,4.083,200.404,-38.886,0.581,39.249,57.271,16.198,0.275,10.591,2.28,8.772,2503.974,7640.527667
