Header Section,,,,,,,,,,,,,,,,,,,,,,,,,,,,,,,,,
Product,VC5717,,,,,,,,,,,,,,,,,,,,,,,,,,,,,,,,
Test Plan,Rev(B),,,,,,,,,,,,,,,,,,,,,,,,,,,,,,,,
Release Date,2018/9/20 0:00,,,,,,,,,,,,,,,,,,,,,,,,,,,,,,,,
Comment,#16-25/J11.2,,,,,,,,,,,,,,,,,,,,,,,,,,,,,,,,
,,,,,,,,,,,,,,,,,,,,,,,,,,,,,,,,,
Data Section,,,,,,,,,,,,,,,,,,,,,,,,,,,,,,,,,
Device#,1,2,3,4,5,6,7,8,9,10,11,12,13,14,15,16,17,18,19,20,21,22,23,24,25,26,27,28,29,30,31,32,33
Test Item,Site No,Device ID,Pin_LNA_5150MHz,Pout_LNA_5150MHz,Gain_LNA_5150MHz,Icc_LNA_Vbat_5150MHz,NoiseFig_LNA_5150MHz,IIP3_LNA_5850MHz,Pin_Bypass_5850MHz,Pout_Bypass_5850MHz,Gain_Bypass_5850MHz,Icc_Bypass_Vbat_5850MHz,Idle_Vbat_PA,Idle_Vcc_PA,Pin_PA_5150MHz,Pout_PA_5150MHz,Gain_PA_5150MHz,Icc_Vbat_PA_5150MHz,Icc_Vcc_PA_5150MHz,PAE_PA_5150MHz,Evm_PA_5150MHz,Pin_PA_5850MHz,Pout_PA_5850MHz,Gain_PA_5850MHz,Icc_Vbat_PA_5850MHz,Icc_Vcc_PA_5850MHz,PAE_PA_5850MHz,Evm_PA_5850MHz,Isolation_5850MHz,Leakage_Vbat_uA,Leakage_Vcc_uA,Test_Time,Index_Time
Low Tolerance,,,,0.3,,,0.3,1.5,,0.3,,,,15,0.3,,,,30,,0.5,0.3,,,,30,,0.5,1.5,5,5,,
High Tolerance,,,,0.3,,,0.3,1.5,,0.3,,,,15,0.5,,,,30,,0.5,0.5,,,,30,,0.5,1.5,5,5,,
Enable,,,,1,,,1,1,,1,,,,1,1,,,,1,,1,1,,,,1,,1,1,1,1,,
16,1,16,-25.000,-12.974,12.026,9.834,2.937,4.873,-13.000,-21.998,-8.998,11.145,4.659,257.160,-8.319,22.031,30.350,5.897,365.139,8.390,1.501,-6.053,21.762,27.815,6.235,380.908,6.162,2.305,-39.306,3.751,1.556,444.828,21151.610
17,1,17,-25.000,-12.972,12.028,10.207,2.967,5.204,-13.000,-21.980,-8.980,11.020,4.283,247.545,-8.509,22.032,30.540,5.363,357.300,8.586,1.772,-5.320,22.003,27.323,5.920,390.458,6.351,1.922,-39.329,3.755,1.525,446.314,15266.415
18,1,18,-25.000,-12.967,12.033,10.520,2.914,5.430,-13.000,-22.001,-9.001,10.988,4.380,250.402,-8.377,22.066,30.443,5.623,367.999,8.399,1.450,-6.017,21.331,27.349,6.042,381.863,5.572,1.140,-39.309,3.832,1.605,466.672,7261.391
19,1,19,-25.000,-12.971,12.029,9.904,2.947,5.411,-13.000,-22.043,-9.043,10.962,4.422,247.062,-8.289,22.078,30.366,5.619,362.469,8.549,1.475,-6.384,21.907,28.291,6.082,385.654,6.284,2.077,-39.198,4.125,1.628,465.919,13806.878
20,1,20,-25.000,-12.756,12.244,11.392,2.961,5.294,-13.000,-22.019,-9.019,10.811,3.938,210.419,-8.313,22.049,30.362,5.047,318.769,9.655,1.588,-5.271,21.966,27.237,5.342,347.402,7.072,1.761,-39.223,3.557,1.535,398.281,7444.207
21,1,21,-25.000,-12.938,12.062,10.666,3.005,5.746,-13.000,-22.006,-9.006,11.046,4.670,271.577,-8.551,22.030,30.581,5.955,387.513,7.911,1.614,-6.305,21.335,27.640,6.351,396.368,5.372,1.360,-39.450,3.778,1.596,473.247,7192.725
22,1,22,-25.000,-12.845,12.155,10.405,3.042,5.157,-13.000,-21.993,-8.993,10.819,4.433,241.153,-8.331,22.030,30.361,5.622,345.884,8.856,1.457,-5.978,21.683,27.661,6.022,369.126,6.249,2.032,-39.176,3.781,1.562,431.455,7635.410
23,1,23,-25.000,-12.955,12.045,10.145,3.017,5.346,-13.000,-22.022,-9.022,10.860,4.412,235.469,-8.267,22.053,30.320,5.602,344.288,8.943,1.585,-5.839,22.018,27.857,5.916,366.385,6.784,2.090,-39.246,3.662,1.521,390.022,7262.613
24,1,24,-25.000,-13.016,11.984,9.836,3.072,5.561,-13.000,-22.025,-9.025,11.011,4.573,253.764,-8.347,22.030,30.377,5.726,357.253,8.576,1.410,-6.393,21.943,28.336,6.200,385.196,6.344,2.147,-39.249,3.832,1.606,426.394,6687.873
25,1,25,-25.000,-12.954,12.046,10.592,3.021,5.387,-13.000,-22.082,-9.082,10.975,4.950,292.439,-8.431,22.060,30.491,6.272,408.894,7.550,1.570,-6.880,21.896,28.775,6.699,425.842,5.677,2.392,-39.188,4.047,1.655,477.250,6892.609
