Header Section,,,,,,,,,,,,,,,,,,,,,,,,,,,,,,,,,
Product,VC5712,,,,,,,,,,,,,,,,,,,,,,,,,,,,,,,,
Test Plan,Rev(C),,,,,,,,,,,,,,,,,,,,,,,,,,,,,,,,
Release Date,2019/7/8 21:51,,,,,,,,,,,,,,,,,,,,,,,,,,,,,,,,
Comment,#1-25/J6.1;#26-50/A5E15.1,,,,,,,,,,,,,,,,,,,,,,,,,,,,,,,,
,,,,,,,,,,,,,,,,,,,,,,,,,,,,,,,,,
Data Section,,,,,,,,,,,,,,,,,,,,,,,,,,,,,,,,,
Device#,1,2,3,4,5,6,7,8,9,10,11,12,13,14,15,16,17,18,19,20,21,22,23,24,25,26,27,28,29,30,31,32,33
Test Item,Site No,Device ID,Pin_LNA_5150MHz,Pout_LNA_5150MHz,Gain_LNA_5150MHz,Icc_LNA_Vbat_5150MHz,NoiseFig_LNA_5150MHz,IIP3_LNA_5850MHz,Pin_Bypass_5850MHz,Pout_Bypass_5850MHz,Gain_Bypass_5850MHz,Icc_Bypass_Vbat_5850MHz,Idle_Vbat_PA,Idle_Vcc_PA,Pin_PA_5150MHz,Pout_PA_5150MHz,Gain_PA_5150MHz,Icc_Vbat_PA_5150MHz,Icc_Vcc_PA_5150MHz,PAE_PA_5150MHz,Evm_PA_5150MHz,Pin_PA_5850MHz,Pout_PA_5850MHz,Gain_PA_5850MHz,Icc_Vbat_PA_5850MHz,Icc_Vcc_PA_5850MHz,PAE_PA_5850MHz,Evm_PA_5850MHz,Isolation_5850MHz,Leakage_Vbat_uA,Leakage_Vcc_uA,Test_Time,Index_Time
Low Tolerance,,,,0.3,,,0.45,1.5,,0.3,,,1,20,0.3,,,,30,,0.5,0.3,,,,30,,0.5,1.5,5,5,,
High Tolerance,,,,0.3,,,0.15,1.5,,0.3,,,1,20,0.5,,,,30,,0.3,0.5,,,,30,,0.3,1.5,5,5,,
Enable,,,,1,,,1,1,,1,,,1,1,1,,,,1,,1,1,,,,1,,1,1,1,1,,
1,1,1,-25,-13.754,11.246,10.758,2.822,6.121,-13,-22.014,-9.014,10.759,4.993,275.838,-8.556,21.98,30.536,5.697,337.6,8.117,1.793,-5.808,21.941,27.749,6.144,361.611,7.472,2.46,-37.459,5.948,1.612,447.858,141944.184
2,1,2,-25,-13.891,11.109,10.235,2.846,5.949,-13,-22.039,-9.039,11.006,5.025,278.131,-8.73,21.975,30.705,5.715,336.862,8.123,1.827,-5.805,21.961,27.766,6.251,365.082,7.443,2.606,-37.177,5.803,1.561,440.538,15613.823
3,1,3,-25,-13.792,11.208,10.472,2.882,6.211,-13,-21.926,-8.926,10.432,4.928,265.187,-8.563,21.974,30.537,5.658,328.802,8.294,1.815,-5.674,21.968,27.642,6.121,355.767,7.625,2.524,-38.095,5.529,1.617,446.78,13279.622
4,1,4,-25,-13.757,11.243,10.962,2.92,6.155,-13,-21.973,-8.973,10.439,5.09,269.214,-8.575,21.966,30.541,5.748,327.458,8.307,1.958,-5.628,21.977,27.605,6.276,356.777,7.619,2.68,-37.613,5.996,1.514,451.376,25978.538
5,1,5,-25,-13.87,11.13,10.167,2.96,5.976,-13,-22.044,-9.044,10.885,4.864,258.977,-8.42,21.965,30.385,5.606,326.01,8.34,1.749,-5.653,21.966,27.619,6.052,354.058,7.655,2.364,-37.149,5.721,1.554,465.916,17360.158
6,1,6,-25,-13.837,11.163,10.594,2.909,5.795,-13,-22.009,-9.009,10.852,4.745,250.608,-8.484,21.994,30.478,5.517,320.399,8.525,1.959,-5.941,21.986,27.927,5.948,350.703,7.757,2.305,-37.881,5.756,1.529,425.169,13139.46
7,1,7,-25,-13.832,11.168,9.725,2.904,6.226,-13,-21.996,-8.996,10.756,4.584,247.769,-8.646,21.959,30.605,5.239,312.474,8.649,1.77,-5.725,21.953,27.678,5.774,341.676,7.875,2.22,-37.257,5.714,1.513,440.851,21762.989
8,1,8,-25,-13.88,11.12,10.376,2.893,5.997,-13,-22.051,-9.051,10.888,4.735,255.515,-8.697,21.96,30.657,5.455,322.426,8.415,1.714,-5.897,21.966,27.863,5.874,353.167,7.675,2.144,-37.472,5.705,1.602,432.661,15221.05
9,1,9,-25,-13.824,11.176,10.569,2.803,5.945,-13,-22,-9,10.806,4.896,284.024,-8.655,21.998,30.653,5.649,355.186,7.799,1.674,-5.714,21.958,27.672,6.077,377.34,7.23,2.294,-37.443,5.707,1.595,455.814,13180.648
10,1,10,-25,-13.697,11.303,10.461,2.893,6.249,-13,-21.889,-8.889,10.728,4.929,268.377,-8.691,21.995,30.686,5.714,333.512,8.233,1.844,-5.896,21.952,27.848,6.139,357.575,7.564,2.453,-37.374,5.747,1.583,452.047,12993.591
11,1,11,-25,-13.939,11.061,9.791,2.956,5.994,-13,-21.982,-8.982,10.988,4.67,245.936,-8.527,21.974,30.501,5.406,316.21,8.586,1.74,-5.972,21.959,27.931,5.812,346.213,7.796,2.098,-37.42,5.73,1.499,421.828,11755.197
12,1,12,-25,-13.689,11.311,10.775,2.928,6.394,-13,-21.941,-8.941,10.767,4.638,241.203,-8.54,22.005,30.545,5.349,308.375,8.838,1.69,-5.904,21.981,27.885,5.797,338.632,7.989,2.127,-38.018,5.95,1.533,418.588,23439.142
13,1,13,-25,-13.747,11.253,10.191,2.983,6.16,-13,-21.993,-8.993,10.67,4.745,251.009,-8.538,21.969,30.507,5.484,318.66,8.516,1.756,-5.579,21.961,27.54,5.976,346.883,7.784,2.449,-37.523,5.648,1.504,462.921,10687.451
14,1,14,-25,-13.814,11.186,10.103,2.897,5.951,-13,-21.948,-8.948,10.895,4.487,240.536,-8.72,21.965,30.685,5.15,309.967,8.724,1.697,-5.874,21.975,27.849,5.67,340.936,7.932,2.019,-38.169,5.804,1.581,433.706,11334.952
15,1,15,-25,-13.787,11.213,10.349,2.818,6.06,-13,-21.93,-8.93,10.455,4.67,248.366,-8.467,21.977,30.444,5.35,313.843,8.651,1.769,-5.811,21.968,27.779,5.791,343.918,7.857,2.205,-37.566,5.482,1.58,425.638,12157.046
16,1,16,-25,-13.761,11.239,10.312,2.858,6.085,-13,-22.014,-9.014,10.616,4.724,250.01,-8.46,21.986,30.446,5.501,316.416,8.602,1.819,-5.766,21.977,27.743,5.885,345.831,7.835,2.359,-37.746,5.566,1.505,437.815,15411.313
17,1,17,-25,-13.672,11.328,10.738,2.929,6.083,-13,-21.986,-8.986,10.742,5.122,272.392,-8.608,21.969,30.577,5.834,335.077,8.146,1.749,-5.862,21.946,27.808,6.327,362.936,7.454,2.446,-37.614,6.118,1.561,452.979,12382.267
18,1,18,-25,-13.907,11.093,9.86,2.863,5.975,-13,-21.981,-8.981,10.857,4.681,255.895,-8.583,21.958,30.541,5.423,324.855,8.357,1.649,-6.025,21.951,27.976,5.862,353.197,7.65,2.089,-37.892,5.688,1.562,426.382,11708.102
19,1,19,-25,-13.899,11.101,10.647,2.923,6.233,-13,-22.089,-9.089,10.867,5.262,292.016,-8.541,21.979,30.52,5.987,352.924,7.802,1.841,-5.756,21.964,27.72,6.532,378.795,7.208,2.628,-37.551,5.752,1.572,448.698,146941.363
20,1,20,-25,-13.845,11.155,10.027,2.861,6.227,-13,-22.002,-9.002,10.815,5.036,273.598,-8.465,21.968,30.433,5.79,336.787,8.111,1.815,-5.793,21.973,27.766,6.213,363.53,7.493,2.517,-37.989,5.815,1.525,445.479,12589.514
21,1,21,-25,-13.856,11.144,10.193,2.834,6.142,-13,-22.001,-9.001,10.849,4.81,259.688,-8.581,21.987,30.568,5.593,325.73,8.389,1.914,-5.582,21.972,27.554,6.083,352.754,7.689,2.507,-38.292,6.008,1.603,478.438,37503.461
22,1,22,-25,-13.828,11.172,10.393,2.841,5.905,-13,-22.021,-9.021,10.846,4.95,266.559,-8.651,21.978,30.629,5.666,335.235,8.163,1.874,-6.022,21.986,28.008,6.05,360.577,7.572,2.324,-37.644,5.678,1.562,418.349,12898.445
23,1,23,-25,-13.802,11.198,10.361,2.827,5.91,-13,-21.986,-8.986,10.441,5.047,271.414,-8.5,21.967,30.467,5.776,336.875,8.107,1.804,-5.838,21.975,27.813,6.152,361.502,7.532,2.441,-37.538,5.532,1.573,418.928,13500.58
24,1,24,-25,-13.906,11.094,10.221,2.872,6.009,-13,-22.08,-9.08,10.867,4.476,251.156,-8.628,21.979,30.607,5.227,324.594,8.408,1.738,-5.855,21.972,27.827,5.594,353.212,7.69,2.015,-37.471,5.753,1.5,425.923,11755.674
25,1,25,-25,-13.955,11.045,10.759,2.889,6.013,-13,-22.096,-9.096,10.984,4.81,276.471,-8.908,21.981,30.889,5.479,345.17,7.968,2.183,-5.753,21.972,27.725,5.941,371.139,7.362,2.159,-38.366,5.796,1.515,471.249,10716.316
26,1,26,-25,-12.849,12.151,10.598,2.369,6.285,-13,-22.304,-9.304,10.445,3.905,225.753,-8.425,21.981,30.406,5.048,271.448,8.642,1.672,-5.812,22.021,27.833,5.399,281.116,7.107,1.926,-37.143,5.096,1.86,519.528,269752.784
27,1,27,-25,-12.943,12.057,10.094,2.384,6.477,-13,-22.322,-9.322,10.778,3.754,220.471,-8.478,21.984,30.462,4.82,272.148,8.635,1.613,-5.844,21.994,27.838,5.191,281.563,7.058,1.515,-37.564,5.355,1.85,503.559,8393.601
28,1,28,-25,-12.803,12.197,10.569,2.452,6.653,-13,-22.215,-9.215,10.244,4.248,267.959,-8.471,21.814,30.285,5.42,320.458,7.195,1.416,-6.118,21.967,28.085,5.761,325.045,6.225,1.728,-37.32,5.052,1.87,558.137,7911.89
29,1,29,-25,-12.844,12.156,10.287,2.39,6.283,-13,-22.1,-9.1,10.373,3.84,240.575,-8.514,21.966,30.48,4.944,297.993,7.936,1.566,-6.064,22.03,28.093,5.297,305.858,6.65,1.336,-39.426,5.264,1.89,550.125,5929.794
30,1,30,-25,-12.908,12.092,10.35,2.414,6.42,-13,-22.239,-9.239,10.769,4.098,237.679,-8.468,21.971,30.439,5.206,282.105,8.332,1.682,-5.939,21.964,27.904,5.54,289.514,6.846,2.096,-37.638,5.658,1.915,510.179,6174.753
31,1,31,-25,-12.793,12.207,10.952,2.403,6.456,-13,-22.211,-9.211,10.626,4.119,243.339,-8.478,21.981,30.459,5.318,295.94,8.003,1.629,-5.935,21.985,27.92,5.699,305.079,6.589,1.817,-38.326,5.293,1.989,532.77,6300.607
32,1,32,-25,-12.975,12.025,10.197,2.384,6.431,-13,-22.293,-9.293,10.967,4.002,237.822,-8.529,21.842,30.372,5.093,284.267,8.043,1.544,-6.103,21.987,28.09,5.367,292.685,6.825,1.805,-37.803,5.568,1.866,525.275,11056.957
33,1,33,-25,-12.569,12.431,11.7,2.377,6.51,-13,-22.04,-9.04,8.938,4.205,242.317,-8.525,21.944,30.469,5.32,286.242,8.171,1.743,-5.954,21.983,27.936,5.663,293.122,6.804,1.978,-38.498,4.502,1.957,529.19,6340.099
34,1,34,-25,-13.039,11.961,10.425,2.389,6.562,-13,-22.394,-9.394,10.775,3.883,225.226,-8.544,21.976,30.52,4.921,271.763,8.627,1.647,-5.927,21.975,27.902,5.387,281.986,7.015,1.75,-36.887,5.462,1.835,485.926,6876.364
35,1,35,-25,-12.964,12.036,10.426,2.411,6.499,-13,-22.403,-9.403,10.922,3.915,230.345,-8.524,21.962,30.486,5.073,281.71,8.326,1.577,-5.881,21.971,27.851,5.38,291.369,6.824,1.637,-35.802,5.283,1.853,513.557,6091.808
36,1,36,-25,-12.896,12.104,10.349,2.339,6.618,-13,-22.292,-9.292,10.628,4.023,232.658,-8.404,22.001,30.404,5.202,278.194,8.491,1.71,-5.965,21.989,27.954,5.487,284.463,6.986,1.9,-36.893,5.143,1.799,493.136,7922.828
37,1,37,-25,-13.007,11.993,10.121,2.442,6.389,-13,-22.332,-9.332,11.001,4.012,232.208,-8.482,21.936,30.417,5.214,284.717,8.197,1.575,-6.017,22.004,28.02,5.523,292.735,6.847,1.762,-37.499,5.771,1.919,530.044,8325.939
38,1,38,-25,-12.869,12.131,10.707,2.398,6.439,-13,-22.378,-9.378,10.179,4.002,230.927,-8.462,21.962,30.424,5.117,278.005,8.423,1.589,-5.955,21.968,27.923,5.488,285.719,6.928,1.782,-36.803,5.034,1.834,498.237,7098.551
39,1,39,-25,-12.845,12.155,10.84,2.388,6.521,-13,-22.361,-9.361,10.318,4.163,257.761,-8.469,22.115,30.584,5.228,304.848,8.046,1.704,-6.131,21.971,28.102,5.662,309.063,6.498,1.87,-36.993,4.996,1.949,515.179,7061.936
40,1,40,-25,-12.913,12.087,9.945,2.411,6.359,-13,-22.334,-9.334,10.662,3.969,230.108,-8.506,21.963,30.469,5.048,274.242,8.528,1.594,-6.077,21.958,28.034,5.336,282.873,6.97,1.708,-37.272,5.253,1.747,489.539,7655.951
41,1,41,-25,-12.897,12.103,10.6,2.361,6.556,-13,-22.384,-9.384,10.48,4.044,232.754,-8.548,21.701,30.249,5.21,277.806,7.942,1.369,-5.714,21.975,27.689,5.603,291.057,6.832,1.899,-37.708,5.193,1.931,537.698,11080.712
42,1,42,-25,-13.074,11.926,10.016,2.362,6.403,-13,-22.397,-9.397,10.978,3.991,243.082,-8.578,21.679,30.258,5.098,291.757,7.573,1.386,-6.095,21.986,28.081,5.439,300.898,6.671,1.664,-36.666,5.471,1.865,532.601,6965.15
43,1,43,-25,-12.869,12.131,10.087,2.38,6.329,-13,-22.419,-9.419,10.611,3.915,242.222,-8.586,21.511,30.097,5.06,292.323,7.264,1.227,-6.118,21.968,28.086,5.496,305.586,6.557,1.698,-38.076,5.539,1.813,551.304,6624.147
44,1,44,-25,-12.945,12.055,10.01,2.292,6.201,-13,-22.326,-9.326,10.561,4.023,229.82,-8.439,21.963,30.403,5.068,274.134,8.531,1.65,-5.923,22.013,27.936,5.427,280.603,7.104,1.898,-36.926,5.356,1.952,484.088,6754.746
45,1,45,-25,-13.004,11.996,10.362,2.394,6.55,-13,-22.205,-9.205,10.948,4.141,247.986,-8.531,21.956,30.487,5.382,299.224,7.878,1.623,-6.232,21.98,28.212,5.705,305.037,6.582,1.75,-38.822,5.412,1.849,525.801,6023.031
46,1,46,-25,-12.946,12.054,10.159,2.394,6.118,-13,-22.266,-9.266,11.032,3.991,235.573,-8.483,21.966,30.449,5.14,285.272,8.241,1.644,-5.955,21.99,27.945,5.492,294.774,6.787,1.691,-38.238,5.736,1.851,530,16097.207
47,1,47,-25,-12.853,12.147,10.257,2.332,6.52,-13,-22.295,-9.295,10.328,4.044,253.181,-8.47,21.819,30.288,5.185,303.082,7.577,1.493,-6.356,21.979,28.335,5.52,311.062,6.479,1.622,-37.748,5.093,1.869,531.349,6491.449
48,1,48,-25,-12.788,12.212,10.51,2.337,6.575,-13,-22.109,-9.109,10.345,3.851,242.297,-8.46,21.976,30.435,4.94,298.364,7.944,1.642,-6.173,21.979,28.152,5.311,305.248,6.584,1.344,-39.12,5.064,1.857,531.938,5880.489
49,1,49,-25,-13.003,11.997,10.856,2.385,6.328,-13,-22.416,-9.416,10.972,3.84,234.435,-8.567,21.538,30.105,4.967,279.565,7.605,1.275,-6.132,22.035,28.167,5.173,290.518,6.947,1.542,-36.546,5.457,1.857,503.591,7131.622
50,1,50,-25,-12.966,12.034,10.755,2.402,6.586,-13,-22.363,-9.363,11.022,3.926,219.967,-8.497,21.984,30.481,5.017,269.934,8.69,1.624,-6.016,21.974,27.991,5.307,274.727,7.165,1.638,-37.236,5.961,1.788,474.37,6845.722
