Header Section,,,,,,,,,,,,,,,,,,,,,,,,,,,,,,,,,,,,
Product,VC5738,,,,,,,,,,,,,,,,,,,,,,,,,,,,,,,,,,,
Test Plan,Rev(-),,,,,,,,,,,,,,,,,,,,,,,,,,,,,,,,,,,
Release Date,2019/5/14 0:00,,,,,,,,,,,,,,,,,,,,,,,,,,,,,,,,,,,
Comment,#1~5/J6.1;#6~10/J9.2;,,,,,,,,,,,,,,,,,,,,,,,,,,,,,,,,,,,
,,,,,,,,,,,,,,,,,,,,,,,,,,,,,,,,,,,,
Data Section,,,,,,,,,,,,,,,,,,,,,,,,,,,,,,,,,,,,
Device#,1,2,3,4,5,6,7,8,9,10,11,12,13,14,15,16,17,18,19,20,21,22,23,24,25,26,27,28,29,30,31,32,33,34,35,36
Test Item,Site No,Device ID,Pin_LNA_5925MHz,Pout_LNA_5925MHz,Gain_LNA_5925MHz,Icc_LNA_Vbat_5925MHz,IIP3_LNA_5925MHz,NoiseFig_LNA_5925MHz,Pin_Bypass_5925MHz,Pout_Bypass_5925MHz,Gain_Bypass_5925MHz,Icc_Bypass_Vbat_5925MHz,V_PDET_Idle,Idle_Vbat_PA,Idle_Vcc_PA,Pin_AC_PA_5180MHz,Pout_AC_PA_5180MHz,Gain_AC_PA_5180MHz,Icc_AC_Vbat_PA_5180MHz,Icc_AC_Vcc_PA_5180MHz,PAE_AC_PA_5180MHz,EVM_AC_PA_5180MHz,V_AC_PDET_5180MHz,Pin_AC_PA_5820MHz,Pout_AC_PA_5820MHz,Gain_AC_PA_5820MHz,Icc_AC_Vbat_PA_5820MHz,Icc-AC_Vcc_PA_5820MHz,PAE_AC_PA_5820MHz,EVM_AC_PA_5820MHz,V_AC_PDET_5820MHz,Isolation_5925MHz,Leakage_Vbat_uA,Leakage_Vcc_uA,Test_Time,Index_Time
Low Tolerance,,,,0.3,,,1.5,0.3,,0.3,,,,,30,0.3,,,,30,,0.5,,0.3,,,,30,,0.5,,1.5,3,3,,
High Tolerance,,,,0.3,,,1.5,0.3,,0.3,,,,,30,0.3,,,,30,,0.5,,0.3,,,,30,,0.5,,1.5,3,3,,
Enable,,,,1,,,1,1,,1,,,,,1,1,,,,1,,1,,1,,,,1,,1,,1,1,1,,
1,1,1,-25,-13.75,11.25,9.141,1.863,2.066,-13,-17.118,-4.118,6.642,0.154,2.496,195.246,-10.861,18.003,28.864,2.671,217.155,8.098,1.839,0.386,-11.339,17.968,29.307,2.711,221.264,7.752,2.122,0.391,-41.019,6.565,1.209,1465.813,188388.024
2,1,2,-25,-13.843,11.157,8.485,1.863,2.139,-13,-17.113,-4.113,6.563,0.158,2.625,220.218,-10.992,18.025,29.017,2.796,242.493,7.261,1.824,0.395,-11.717,17.969,29.686,2.859,246.962,6.934,2.041,0.396,-41.018,6.52,2.665,1470.53,45966.8
3,1,3,-25,-13.61,11.39,8.472,1.767,2.123,-13,-17.146,-4.146,6.848,0.161,2.679,216.27,-10.984,18.016,29,2.888,237.202,7.408,1.83,0.397,-11.526,17.971,29.497,2.923,242.806,7.055,2.136,0.403,-41.02,6.797,2.412,1417.497,28937.939
4,1,4,-25,-13.862,11.138,8.598,1.849,2.231,-13,-17.218,-4.218,6.751,0.155,2.453,203.977,-11.088,17.99,29.078,2.58,225.189,7.78,1.801,0.386,-11.695,17.962,29.657,2.672,229.841,7.452,1.953,0.386,-41.015,6.587,1.6,1377.172,39527.249
5,1,5,-25,-13.759,11.241,8.732,1.897,2.357,-13,-17.233,-4.233,6.72,0.16,2.646,206.887,-10.928,17.983,28.91,2.763,227.112,7.692,1.868,0.391,-11.401,17.966,29.367,2.862,232.255,7.374,2.218,0.4,-41.013,6.656,1.131,1397.755,23587.09
6,1,6,-25,-13.081,11.919,9.699,1.446,2.287,-13,-17.267,-4.267,6.341,0.163,2.443,209.898,-11.062,18.014,29.076,2.55,233.739,7.454,1.639,0.383,-10.795,17.989,28.784,2.602,241.832,7.156,1.845,0.424,-41.733,6.15,1.85,462.608,36592.361
7,1,7,-25,-12.78,12.22,10.241,1.207,2.303,-13,-17.301,-4.301,6.281,0.166,2.615,208.532,-11.183,18.004,29.186,2.75,244.346,7.124,1.614,0.384,-10.721,18.018,28.738,2.799,252.384,6.914,1.865,0.429,-41.733,6.077,1.704,354.229,19632.006
8,1,8,-25,-12.906,12.094,10.113,1.205,2.326,-13,-17.32,-4.32,6.294,0.165,2.529,199.906,-11.097,17.981,29.079,2.675,235.545,7.34,1.619,0.386,-10.75,17.99,28.74,2.672,243.575,7.104,1.857,0.43,-41.733,6.049,2.136,394.921,18197.094
9,1,9,-25,-13,12,10.036,1.145,2.347,-13,-17.323,-4.323,6.252,0.162,2.465,194.119,-11.095,17.999,29.093,2.625,227.693,7.629,1.634,0.376,-10.597,17.994,28.591,2.57,236.32,7.341,1.839,0.418,-41.733,5.971,2.4,374.629,17580.933
10,1,10,-25,-13.014,11.986,10.197,1.149,2.416,-13,-17.33,-4.33,6.251,0.163,2.519,198.013,-11.125,17.992,29.116,2.603,234.039,7.436,1.676,0.378,-10.601,17.989,28.59,2.642,241.748,7.18,1.862,0.424,-41.734,6.007,1.957,353.593,21768.368
