Header Section,,,,,,,,,,,,,,,,,,,,,,,,,,,,,,,
Product,VC5717,,,,,,,,,,,,,,,,,,,,,,,,,,,,,,
Test Plan,Rev(C),,,,,,,,,,,,,,,,,,,,,,,,,,,,,,
Release Date,2019/8/22 0:00,,,,,,,,,,,,,,,,,,,,,,,,,,,,,,
Comment,#16-25/J11.2£»#26-50/A5E19.1,,,,,,,,,,,,,,,,,,,,,,,,,,,,,,
,,,,,,,,,,,,,,,,,,,,,,,,,,,,,,,
Data Section,,,,,,,,,,,,,,,,,,,,,,,,,,,,,,,
Device#,1,2,3,4,5,6,7,8,9,10,11,12,13,14,15,16,17,18,19,20,21,22,23,24,25,26,27,28,29,30,31
Test Item,Site No,Device ID,Gain_LNA_5150MHz,Icc_LNA_Vbat_5150MHz,NoiseFig_LNA_5150MHz,IIP3_LNA_5850MHz,Gain_Bypass_5850MHz,Idle_Vbat_PA,Idle_Vcc_PA,Pin_PA_5150MHz,Pout_PA_5150MHz,Gain_PA_5150MHz,Icc_Vbat_PA_5150MHz,Icc_Vcc_PA_5150MHz,PAE_PA_5150MHz,Evm_PA_5150MHz,Pin_PA_5850MHz,Pout_PA_5850MHz,Gain_PA_5850MHz,Icc_Vbat_PA_5850MHz,Icc_Vcc_PA_5850MHz,PAE_PA_5850MHz,Evm_PA_5850MHz,Isolation_5850MHz,Leakage_Vdd_uA,Leakage_Vcc_uA,Leakage_PAEN_uA,Leakage_LNAEN_uA,Leakage_CRX_uA,Test_Time,Index_Time
Low Tolerance,,,0.3,2,0.3,1,0.3,2,15,0.3,0.2,0.5,2,25,3,0.5,0.3,0.2,0.5,2,25,3,0.5,1.5,3,3,3,3,3,0,0
High Tolerance,,,0.3,2,0.3,1,0.3,2,15,0.3,0.2,0.5,2,25,3,0.5,0.3,0.2,0.5,2,25,3,0.5,1.5,3,3,3,3,3,0,0
Enable,,,1,1,1,1,1,1,1,1,1,1,1,1,1,1,1,1,1,1,1,1,1,1,1,1,1,1,1,0,0
26,1,26,11.741,10.622,2.459,4.428,-9.545,4.036,232.787,-8.269,21.988,30.257,5.391,282.709,13.352,1.946,-5.542,22.042,27.585,5.821,293.107,12.935,2.42,-41.039,11.483,1.057,5.761,4.432,4.298,570.779,24683.467
27,1,27,11.743,10.501,2.502,4.572,-9.529,4.047,248.257,-8.47,21.995,30.465,5.391,304.533,12.243,1.913,-6.124,22.003,28.128,5.81,314.506,11.8,1.929,-39.883,11.266,1.135,5.835,4.444,4.376,565.535,9549.57
28,1,28,11.593,9.861,2.534,4.193,-9.623,3.684,214.47,-8.167,21.977,30.144,4.829,261.344,14.678,1.891,-5.282,22.008,27.291,5.252,271.74,14.084,1.715,-39.516,11.456,1.122,5.805,4.403,4.352,568.705,7903.843
29,1,29,11.704,10.063,2.457,4.465,-9.546,3.983,240.838,-8.353,22.022,30.375,5.259,291.45,12.984,1.875,-5.878,22.031,27.909,5.793,305.766,12.274,1.933,-39.528,11.269,1.038,5.818,4.434,4.327,571.509,9052.234
30,1,30,11.863,10.67,2.492,4.327,-9.493,4.068,236.13,-8.319,21.992,30.311,5.441,284.992,13.233,1.914,-5.696,22.007,27.704,5.846,296.864,12.638,2.293,-38.926,10.793,0.969,5.764,4.383,4.357,564.804,9509.095
31,1,31,11.722,10.544,2.452,4.255,-9.523,4.079,238.683,-8.274,21.994,30.268,5.42,287.793,13.085,1.86,-5.807,22.001,27.808,5.846,299.745,12.476,2.112,-39.49,11.332,1.148,5.845,4.439,4.35,563.995,12676.601
32,1,32,11.753,10.532,2.483,4.622,-9.589,4.1,240.376,-8.34,22.018,30.358,5.42,290.05,13.038,2.024,-5.858,21.992,27.85,5.921,304.423,12.223,2.078,-41.309,10.924,1.181,5.707,4.349,4.308,570.785,10065.062
33,1,33,11.808,10.445,2.485,4.36,-9.57,4.335,249.001,-8.325,22.007,30.332,5.736,299.355,12.51,1.932,-5.859,22.004,27.863,6.106,313.049,11.853,2.429,-38.177,10.672,1.108,5.786,4.418,4.398,563.833,12653.008
34,1,34,11.737,10.386,2.447,4.475,-9.566,3.94,239.598,-8.353,22.011,30.364,5.324,293.811,12.824,1.938,-5.925,21.981,27.906,5.643,305.659,12.146,1.752,-40.409,11.347,1.018,5.795,4.44,4.359,564.37,7269.314
35,1,35,11.813,10.143,2.428,4.282,-9.473,4.143,238.146,-8.256,21.976,30.232,5.501,289.254,12.948,1.859,-5.693,22.034,27.727,5.796,298.518,12.634,2.344,-38.44,11.324,0.966,5.484,4.207,4.127,563.419,7569.709
36,1,36,11.798,10.614,2.474,4.404,-9.46,3.961,230.36,-8.308,22.018,30.326,5.309,278.629,13.687,2.03,-5.7,22.016,27.715,5.618,289.715,13.046,2.021,-38.364,11.554,1.103,5.8,4.435,4.315,563.534,13800.205
37,1,37,11.695,9.941,2.509,4.327,-9.511,3.812,225.251,-8.279,21.997,30.276,5.16,272.424,14.001,1.876,-5.636,22.002,27.638,5.494,283.873,13.33,1.8,-38.804,11.665,0.648,5.729,4.43,4.291,560.622,7759.993
38,1,38,11.712,10.564,2.455,4.251,-9.549,4.079,240.345,-8.303,21.989,30.292,5.423,289.415,12.983,1.814,-5.663,21.992,27.655,5.945,305.247,12.18,2.237,-39.103,10.978,1.102,5.82,4.437,4.352,571.261,8968.704
39,1,39,11.808,10.916,2.43,4.417,-9.602,4.185,240.052,-8.266,22.009,30.275,5.633,293.173,12.84,1.914,-5.575,21.982,27.557,5.917,300.173,12.398,2.276,-42.272,11.544,1.401,5.82,4.454,4.379,566.053,9865.611
40,1,40,11.727,10.734,2.518,4.327,-9.58,3.833,226.879,-8.272,21.979,30.251,5.103,273.944,13.854,1.884,-5.61,21.989,27.599,5.544,284.915,13.23,2.057,-39.757,11.026,1.194,5.818,4.444,4.359,562.924,9032.548
41,1,41,11.702,10.466,2.434,4.523,-9.557,4.121,239.063,-8.281,22.014,30.296,5.505,291,12.972,1.963,-5.55,22.025,27.575,5.96,302.855,12.39,2.295,-41.118,11.491,1.156,5.876,4.459,4.438,572.423,9320.81
42,1,42,11.804,10.638,2.419,4.557,-9.474,4.068,232.517,-8.307,22.014,30.321,5.398,280.621,13.551,1.989,-5.461,22.012,27.474,5.821,292.705,12.867,2.413,-42.76,11.307,1.289,5.761,4.4,4.342,562.648,8943.611
43,1,43,11.701,10.163,2.509,4.307,-9.531,4.111,245.767,-8.381,21.995,30.376,5.544,298.977,12.505,1.827,-6.009,22.004,28.013,5.761,309.147,12.045,2.045,-40.074,11.461,0.862,5.854,4.476,4.433,565.207,19956.988
44,1,44,11.798,10.639,2.461,4.198,-9.511,3.972,236.217,-8.222,21.996,30.218,5.384,287.677,13.102,1.866,-5.508,22.005,27.513,5.775,301.014,12.427,2.256,-39.101,11.247,0.896,5.786,4.403,4.362,576.712,15349.039
45,1,45,11.768,10.666,2.515,4.683,-9.516,4.143,243.535,-8.389,22.015,30.404,5.377,295.394,12.751,1.907,-5.854,22.003,27.857,5.935,306.76,12.142,2.063,-41.513,11.37,1.052,5.623,4.445,4.345,565.472,9267.833
46,1,46,11.705,10.013,2.482,4.068,-9.589,4.015,228.378,-8.116,22.015,30.131,5.256,276.521,13.804,1.89,-5.419,22.016,27.435,5.743,285.527,13.268,2.31,-40.044,11.074,0.895,5.692,4.332,4.335,566.834,9561.68
47,1,47,11.733,10.531,2.459,4.367,-9.577,3.727,222.689,-8.313,22.006,30.319,5.124,272.5,14.031,1.965,-5.521,21.996,27.517,5.384,283.602,13.335,1.867,-40.207,11.21,0.655,5.827,4.437,4.364,566.811,7069.253
48,1,48,11.621,9.839,2.545,4.424,-9.566,3.78,222.579,-8.224,21.974,30.198,5.107,270.018,14.082,1.951,-5.325,22.01,27.335,5.515,280.424,13.552,2.21,-41.108,11.377,0.99,5.832,4.479,4.372,571.368,6958.715
49,1,49,11.782,10.498,2.49,4.452,-9.501,4.079,247.624,-8.482,22.004,30.486,5.426,302.218,12.378,1.892,-6.052,21.99,28.043,5.864,313.63,11.801,2.179,-39.154,11.365,0.969,5.849,4.4,4.393,568.304,8207.249
50,1,50,11.764,10.706,2.492,4.378,-9.574,3.972,243.576,-8.479,21.97,30.449,5.38,298.317,12.474,1.746,-6.064,22.037,28.101,5.708,309.533,12.119,1.824,-39.453,11.131,0.876,5.805,4.442,4.335,563.209,8717.368
