Header Section,,,,,,,,,,,,,,,,,,,,,,,,,,,,,,,,,,,,,,,,,,,,,,,,,,,,,,,,,,,,,,,,,,,,,,,
Product,VC5747,,,,,,,,,,,,,,,,,,,,,,,,,,,,,,,,,,,,,,,,,,,,,,,,,,,,,,,,,,,,,,,,,,,,,,
Test Plan,Rev(E3),,,,,,,,,,,,,,,,,,,,,,,,,,,,,,,,,,,,,,,,,,,,,,,,,,,,,,,,,,,,,,,,,,,,,,
Release Date,2020-4-26,,,,,,,,,,,,,,,,,,,,,,,,,,,,,,,,,,,,,,,,,,,,,,,,,,,,,,,,,,,,,,,,,,,,,,
Comment,#14-40/J9,,,,,,,,,,,,,,,,,,,,,,,,,,,,,,,,,,,,,,,,,,,,,,,,,,,,,,,,,,,,,,,,,,,,,,
,,,,,,,,,,,,,,,,,,,,,,,,,,,,,,,,,,,,,,,,,,,,,,,,,,,,,,,,,,,,,,,,,,,,,,,
Data Section,,,,,,,,,,,,,,,,,,,,,,,,,,,,,,,,,,,,,,,,,,,,,,,,,,,,,,,,,,,,,,,,,,,,,,,
Device#,1,2,3,4,5,6,7,8,9,10,11,12,13,14,15,16,17,18,19,20,21,22,23,24,25,26,27,28,29,30,31,32,33,34,35,36,37,38,39,40,41,42,43,44,45,46,47,48,49,50,51,52,53,54,55,56,57,58,59,60,61,62,63,64,65,66,67,68,69,70,71
TestItem,SiteNo,DeviceID,OS_VCC1_N,OS_VCC2_N,OS_VCC3_N,OS_VDD_N,Leakage1_VCC1,Leakage1_VCC2,Leakage1_VCC3,Leakage1_VDD,Leakage1_LNAEN,Leakage1_PAEN,Idd_LNA_CW_5150,Gain_LNA_CW_5150,Pmax_LNA_CW_5150,Idd_LNA_CW_5850,Gain_LNA_CW_5850,NF_LNA_CW_5850,IP1dB_LNA_CW_5850,Pmax_LNA_CW_5850,OOB_LNA_CW_2500,Gain_Bypass_CW_5150,Gain_Bypass_CW_5850,ISO_Bypass_CW_5150,ISO_Bypass_CW_5850,tON_LNA_CW_5850,Pin_PA_A1_5850_28dBm,Pout_PA_A1_5850_28dBm,Gain_PA_A1_5850_28dBm,Idd_PA_A1_5850_28dBm,Icc_PA_A1_5850_28dBm,Vdet_PA_A1_5850_28dBm,2fo_PA_A1_5850_28dBm,Pin_PA_N1_5150_25dBm,Pout_PA_N1_5150_25dBm,Gain_PA_N1_5150_25dBm,Idd_PA_N1_5150_25dBm,Icc_PA_N1_5150_25dBm,Vdet_PA_N1_5150_25dBm,MASK_PA_N1_5150_25dBm,Pin_PA_AC1_5150_21dBm,Pout_PA_AC1_5150_21dBm,Gain_PA_AC1_5150_21dBm,Idd_PA_AC1_5150_21dBm,Icc_PA_AC1_5150_21dBm,EVM_PA_AC1_5150_21dBm,Vdet_PA_AC1_5150_21dBm,Pin_PA_AX4_5850_17dBm,Pout_PA_AX4_5850_17dBm,Gain_PA_AX4_5850_17dBm,Idd_PA_AX4_5850_17dBm,Icc_PA_AX4_5850_17dBm,EVM_PA_AX4_5850_17dBm,Vdet_PA_AX4_5850_17dBm,Fcpl_PA_CW_5850,tON_PA_CW_5850,tOFF_PA_CW_5850,Leakage2_VCC1,Leakage2_VCC2,Leakage2_VCC3,Leakage2_VDD,Leakage2_LNAEN,Leakage2_PAEN,Delta_Leakage_VCC1,Delta_Leakage_VCC2,Delta_Leakage_VCC3,Delta_Leakage_VDD,Delta_Leakage_LNAEN,Delta_Leakage_PAEN,Test_Time,Index_Time
Low Tolerance,,,0.05,0.05,0.05,1,2,1,5,30,2,3,5,0.5,0.3,5,0.5,18,1.5,0.5,1.5,0.3,0.3,1,1,125,1.5,0.3,2,5,25,0.05,1.5,1.5,0.3,2,5,25,0.05,1.5,0.8,0.3,1,5,25,1.5,0.05,0.5,0.3,1,5,25,1.5,0.05,1.5,50,50,1,2,1,30,2,2,3,3,3,50,3,3,0,0
High Tolerance,,,0.05,0.05,0.05,1,2,1,5,30,2,3,5,0.5,0.3,5,0.5,18,1.5,0.5,1.5,0.3,0.3,1,1,125,1.5,0.3,2,5,25,0.05,1.5,1.5,0.3,2,5,25,0.05,1.5,0.8,0.3,1,5,25,1.5,0.05,0.5,0.3,1,5,25,1.5,0.05,1.5,50,50,1,2,1,30,2,2,3,3,3,50,3,3,0,0
Enable,,,1,1,1,1,1,1,1,1,1,1,1,1,1,1,1,1,1,1,1,1,1,1,1,1,1,1,1,1,1,1,1,1,1,1,1,1,1,1,1,1,1,1,1,1,1,1,1,1,1,1,1,1,1,1,1,1,1,1,1,1,1,1,1,1,1,1,1,0,0
14,1,14,-1.71,-1.861,-1.242,-0.451,0,0.011,0.612,781.402,2.572,2.614,18.237,14.175,12.321,17.975,13.047,3.201,0.787,11.27,-28.526,-8.316,-8.621,55.929,56.456,573.333,-1.501,28.03,29.53,14.034,496.194,0.792,-37.592,-6.758,24.986,31.745,13.059,391.14,0.695,5.536,-10.437,21.007,31.443,13.047,342.124,-36.494,0.633,-14.607,16.945,31.552,13.003,334.138,-41.235,0.522,14.805,221.333,456,0.052,0.09,0.288,768.577,2.753,2.805,0.052,0.079,-0.324,-12.825,0.181,0.191,0,0
15,1,15,-1.713666667,-1.862,-1.238,-0.452,-0.001,0.014,0.608,779.9,2.684,2.729,19.64,14.182,12.322,19.274,13.198,2.784,0.353,11.19,-28.839,-8.239,-8.579,55.986,57.099,245.333,-1.455,28.055,29.511,14.174,488.421,0.811,-37.818,-6.95,25.022,31.972,13.218,385.523,0.711,4.931,-10.717,21.022,31.739,13.211,336.602,-35.66,0.649,-14.648,16.953,31.601,13.16,328.754,-41.105,0.533,14.8,186.667,458.667,0.043,0.072,0.429,764.874,2.897,2.932,0.044,0.058,-0.179,-15.025,0.213,0.203,0,0
16,1,16,-1.7125,-1.863,-1.234,-0.452,-0.021,0.012,0.621,780.007,2.687,2.717,18.479,14.199,12.26,18.246,13.2,2.745,0.42,11.184,-28.172,-8.251,-8.573,55.998,56.954,226.667,-1.242,27.939,29.181,14.031,481.609,0.798,-36.963,-6.768,24.991,31.759,13.052,377.489,0.698,4.65,-10.569,21.013,31.582,13.057,328.833,-35.516,0.64,-14.45,16.981,31.431,13.012,321.8,-41.114,0.523,14.642,205.333,456,0.026,0.071,0.438,762.298,2.87,2.918,0.047,0.06,-0.183,-17.708,0.183,0.201,0,0
17,1,17,-1.715333333,-1.865333333,-1.237,-0.452,0.049,0.013,0.648,752.478,2.682,2.736,19.022,14.173,12.295,18.697,13.247,2.796,0.32,11.233,-27.9,-8.257,-8.539,56.025,57.276,184,-1.435,28.009,29.444,14.259,490.148,0.781,-36.771,-6.755,24.975,31.729,13.338,388.945,0.68,5.128,-10.486,21.005,31.491,13.336,339.919,-36.198,0.609,-14.46,16.995,31.455,13.284,331.601,-41.19,0.496,14.683,213.333,464,0.062,0.082,0.368,748.508,2.895,2.952,0.013,0.069,-0.28,-3.971,0.213,0.216,0,0
18,1,18,-1.715,-1.864,-1.234,-0.451,0.048,0.014,0.623,776.036,2.699,2.697,19.872,14.221,12.293,19.632,13.334,2.507,0.053,11.217,-27.814,-8.189,-8.546,55.979,57.273,141.333,-1.333,27.94,29.273,14.401,506.298,0.8,-38.401,-6.817,24.963,31.78,13.426,399.53,0.693,6.077,-10.454,21.001,31.454,13.426,350.33,-37.942,0.633,-14.296,16.976,31.272,13.385,342.198,-41.323,0.517,14.685,216,464,0.046,0.092,0.43,769.382,2.914,2.93,-0.002,0.078,-0.193,-6.654,0.215,0.233,0,0
19,1,19,-1.716,-1.860666667,-1.234,-0.442,0.008,0.017,0.672,805.979,2.687,2.741,18.405,14.313,12.164,18.238,13.401,1.651,-0.147,11.092,-26.893,-8.388,-8.535,55.983,57.205,245.333,-1.553,28.032,29.585,14.671,502.953,0.79,-38.004,-6.834,24.965,31.799,13.706,399.23,0.685,5.924,-10.443,20.997,31.441,13.715,349.849,-37.051,0.626,-14.412,17.032,31.444,13.659,341.787,-41.375,0.519,14.838,205.333,461.333,0.037,0.099,0.384,798.627,2.885,2.959,0.03,0.082,-0.288,-7.351,0.198,0.218,0,0
21,1,21,-1.714,-1.862,-1.233,-0.442,0.057,0.017,0.65,803.404,2.684,2.766,20.27,14.29,12.298,19.819,13.517,1.824,-0.313,11.243,-27.25,-8.379,-8.494,56.061,57.328,221.333,-1.533,27.985,29.518,14.151,489.59,0.78,-38.99,-6.423,24.95,31.374,13.25,391.754,0.68,5.373,-10.101,20.999,31.1,13.259,343.097,-35.99,0.618,-14.402,16.952,31.354,13.209,334.376,-41.345,0.514,14.933,221.333,456,0.09,0.118,0.401,798.091,2.902,2.988,0.032,0.1,-0.249,-5.313,0.218,0.223,0,0
22,1,22,-1.717333333,-1.867,-1.232,-0.446,0.028,0.014,0.66,776.358,2.655,2.732,15.956,14.145,11.9,15.764,13.055,1.398,0.287,10.95,-27.057,-8.216,-8.698,55.743,56.82,202.667,-1.493,28.081,29.574,14.672,509.096,0.803,-38.275,-6.786,24.979,31.765,13.713,404.819,0.701,6.223,-10.387,21.006,31.393,13.704,354.854,-38.022,0.639,-14.43,16.947,31.378,13.657,345.753,-41.351,0.52,14.8,216,477.333,0.038,0.092,0.393,763.586,2.931,3.006,0.01,0.079,-0.267,-12.772,0.276,0.274,0,0
23,1,23,-1.717333333,-1.866666667,-1.233,-0.443,0.02,0.017,0.632,799.057,2.672,2.726,18.655,14.135,12.203,18.255,13.257,2.445,0.187,11.177,-28.109,-8.363,-8.525,55.912,56.968,256,-1.398,28.007,29.405,14.77,512.539,0.802,-37.25,-6.575,24.941,31.516,13.79,407.434,0.698,6.482,-10.171,20.995,31.166,13.772,357.145,-38.626,0.638,-14.359,16.951,31.31,13.717,347.875,-41.435,0.526,14.776,176,464,0.085,0.114,0.409,795.729,2.902,2.942,0.065,0.097,-0.223,-3.327,0.23,0.216,0,0
24,1,24,-1.716333333,-1.866333333,-1.234,-0.451,-0.034,0.01,0.649,774.104,2.697,2.692,17.277,14.057,12.006,16.965,12.972,2.45,0.653,11.141,-28.025,-8.225,-8.716,55.752,56.864,136,-1.484,28.027,29.511,14.743,509.986,0.793,-38.69,-6.747,24.957,31.704,13.794,406.744,0.682,6.217,-10.331,21,31.331,13.789,356.613,-37.665,0.625,-14.276,17.04,31.316,13.741,348.287,-41.458,0.515,14.867,192,466.667,0.101,0.096,0.448,770.455,2.944,2.942,0.135,0.085,-0.201,-3.649,0.247,0.25,0,0
25,1,25,-1.717666667,-1.867666667,-1.235,-0.45,0.006,0.013,0.615,762.406,2.711,2.704,19.613,14.235,12.189,19.172,13.217,1.47,0.187,11.238,-27.072,-8.22,-8.684,55.897,57.091,160,-1.579,28.059,29.639,14.464,501.575,0.805,-38.18,-6.897,24.984,31.881,13.535,399.441,0.697,5.99,-10.525,21.008,31.533,13.543,350.241,-37.342,0.639,-14.495,16.947,31.442,13.494,341.292,-41.364,0.526,14.886,216,461.333,0.057,0.122,0.309,761.654,2.941,2.952,0.051,0.109,-0.307,-0.751,0.23,0.247,0,0
26,1,26,-1.716666667,-1.865333333,-1.234,-0.442,0.036,0.012,0.576,784.085,2.667,2.739,19.199,14.198,12.286,18.779,13.363,2.286,-0.047,11.2,-27.896,-8.349,-8.527,55.838,57.243,264,-1.404,27.959,29.363,14.393,499.883,0.782,-38.043,-6.813,24.973,31.786,13.424,395.259,0.677,5.871,-10.47,21.004,31.473,13.422,346.153,-37.382,0.616,-14.354,16.997,31.351,13.377,338.135,-41.285,0.512,14.841,213.333,461.333,0.075,0.092,0.404,779.148,2.863,2.932,0.039,0.081,-0.172,-4.937,0.196,0.194,0,0
31,1,31,-1.718,-1.867666667,-1.233,-0.447,0.041,0.014,0.61,778.29,2.719,2.726,18.586,14.118,12.172,18.241,13.269,2.267,0.087,11.174,-28.591,-8.263,-8.54,55.995,57.283,109.333,-1.263,28.064,29.327,14.492,503.805,0.78,-38.053,-6.721,24.982,31.703,13.513,397.675,0.675,6.079,-10.367,21.003,31.37,13.525,348.703,-37.933,0.607,-14.336,16.948,31.284,13.476,339.9,-41.325,0.498,14.558,194.667,464,0.068,0.087,0.332,768.094,2.946,2.989,0.027,0.073,-0.278,-10.196,0.227,0.262,0,0
32,1,32,-1.718,-1.866666667,-1.233,-0.449,-0.027,0.018,0.611,789.666,2.67,2.739,20.177,14.045,12.269,19.842,13.144,2.789,0.42,11.23,-29.836,-8.255,-8.582,55.961,57.195,132,-1.142,28.022,29.164,14.414,488.157,0.81,-37.412,-6.643,24.989,31.632,13.41,383.51,0.703,4.794,-10.385,21.013,31.398,13.4,333.783,-35.693,0.642,-14.409,16.949,31.358,13.352,326.129,-41.258,0.526,14.504,188,464,0.095,0.083,0.342,774.051,2.894,2.923,0.122,0.066,-0.27,-15.616,0.224,0.184,0,0
33,1,33,-1.719,-1.868333333,-1.234,-0.448,-0.031,0.014,0.674,781.134,2.694,2.726,17.008,14.078,12.067,16.702,13.123,2.595,0.487,11.156,-29.071,-8.276,-8.559,55.871,57.302,109.333,-1.2,28.027,29.227,14.296,495.448,0.789,-37.257,-6.844,25.002,31.846,13.307,389.905,0.682,5.337,-10.561,21.014,31.574,13.296,340.325,-36.647,0.62,-14.404,16.949,31.353,13.248,332.354,-41.319,0.507,14.635,202.667,472,0.078,0.071,0.403,765.411,2.899,2.952,0.108,0.058,-0.271,-15.723,0.205,0.226,0,0
35,1,35,-1.718,-1.865666667,-1.231,-0.445,0.022,0.012,0.604,755.859,2.675,2.719,18.635,14.232,12.147,18.294,13.239,1.704,0.053,11.166,-27.348,-8.244,-8.618,55.715,57.098,181.333,-1.056,27.982,29.038,14.504,508.256,0.776,-37.814,-6.714,24.982,31.697,13.463,398.353,0.672,5.865,-10.354,21.005,31.359,13.462,348.803,-38.024,0.617,-14.131,17.067,31.199,13.411,341.188,-41.411,0.499,14.321,210.667,456,0.084,0.085,0.418,750.761,2.924,3.001,0.063,0.072,-0.186,-5.098,0.249,0.282,0,0
36,1,36,-1.718,-1.865333333,-1.231,-0.449,-0.03,0.015,0.627,782.315,2.675,2.727,17.728,14.249,12.113,17.407,13.185,1.54,0.287,11.153,-26.229,-8.26,-8.704,55.818,57.024,74.667,-1.249,28.052,29.301,14.556,510.433,0.788,-37.822,-6.828,24.977,31.804,13.552,402.915,0.68,6.223,-10.448,21.002,31.45,13.538,353.255,-38.051,0.621,-14.281,16.95,31.231,13.497,344.577,-41.33,0.508,14.276,218.667,456,0.088,0.097,0.392,770.08,2.931,2.955,0.118,0.081,-0.235,-12.235,0.257,0.228,0,0
37,1,37,-1.717333333,-1.864666667,-1.233,-0.448,0.061,0.015,0.6,785.212,2.648,2.658,17.502,14.137,12.136,17.18,13.254,2.308,0.12,11.085,-28.003,-8.327,-8.6,55.928,57,149.333,-0.893,27.982,28.875,14.215,460.538,0.783,-37.909,-5.467,24.939,30.406,13.354,373.205,0.687,2.775,-9.66,20.962,30.623,13.296,325.923,-32.54,0.634,-14.469,16.955,31.424,13.235,318.803,-41.322,0.521,14.777,194.667,464,0.068,0.107,0.379,791.759,2.894,2.942,0.008,0.092,-0.221,6.547,0.247,0.284,0,0
38,1,38,-1.718333333,-1.867333333,-1.235,-0.448,0.027,0.015,0.625,793.637,2.645,2.668,18.222,14.316,12.181,17.938,13.51,1.736,-0.247,11.265,-27.422,-8.325,-8.511,55.958,57.365,288,-0.825,28.057,28.882,13.976,466.788,0.768,-37.819,-5.709,24.917,30.627,13.125,374.031,0.667,3.329,-9.791,20.978,30.769,13.08,326.863,-33,0.606,-14.386,16.957,31.343,13.01,319.362,-41.264,0.494,14.69,186.667,458.667,0.109,0.099,0.409,783.978,2.897,2.913,0.082,0.084,-0.216,-9.659,0.252,0.245,0,0
40,1,40,-1.718666667,-1.866,-1.236,-0.45,0.047,0.014,0.654,782.1,2.538,2.582,18.832,14.188,12.286,18.445,13.295,2.491,0.187,11.255,-27.614,-8.283,-8.656,55.882,57.186,224,-1.141,27.994,29.135,14.182,494.383,0.792,-37.63,-6.549,24.978,31.528,13.174,387.084,0.691,5.018,-10.266,21.003,31.269,13.181,338.3,-36.249,0.627,-14.362,16.988,31.351,13.139,330.98,-41.24,0.513,14.327,202.667,453.333,0.066,0.076,0.315,770.348,2.726,2.805,0.02,0.062,-0.339,-11.752,0.188,0.223,0,0
