Header Section,,,,,,,,,,,,,,,,,,,,,,,,,,,,,,,,,,,,
Product,VC5738,,,,,,,,,,,,,,,,,,,,,,,,,,,,,,,,,,,
Test Plan,Rev(-),,,,,,,,,,,,,,,,,,,,,,,,,,,,,,,,,,,
Release Date,2019/2/18 0:00,,,,,,,,,,,,,,,,,,,,,,,,,,,,,,,,,,,
Comment,#16-25/J11.2,,,,,,,,,,,,,,,,,,,,,,,,,,,,,,,,,,,
,,,,,,,,,,,,,,,,,,,,,,,,,,,,,,,,,,,,
Data Section,,,,,,,,,,,,,,,,,,,,,,,,,,,,,,,,,,,,
Device#,1,2,3,4,5,6,7,8,9,10,11,12,13,14,15,16,17,18,19,20,21,22,23,24,25,26,27,28,29,30,31,32,33,34,35,36
Test Item,Site No,Device ID,Pin_LNA_5925MHz,Pout_LNA_5925MHz,Gain_LNA_5925MHz,Icc_LNA_Vbat_5925MHz,NoiseFig_LNA_5925MHz,IIP3_LNA_5925MHz,Pin_Bypass_5925MHz,Pout_Bypass_5925MHz,Gain_Bypass_5925MHz,Icc_Bypass_Vbat_5925MHz,V_PDET_idle,Idle_Vbat_PA,Idle_Vcc_PA,Pin_PA_5180MHz,Pout_PA_5180MHz,Gain_PA_5180MHz,Icc_Vbat_PA_5180MHz,Icc_Vcc_PA_5180MHz,PAE_PA_5180MHz,EVM_PA_5180MHz,V_PDET_5180MHz,Pin_PA_5925MHz,Pout_PA_5925MHz,Gain_PA_5925MHz,Icc_Vbat_PA_5925MHz,Icc_Vcc_PA_5925MHz,PAE_PA_5925MHz,EVM_PA_5925MHz,V_PDET_5925MHz,Isolation_5925MHz,Leakage_Vbat_uA,Leakage_Vcc_uA,Test_Time,Index_Time
Low Tolerance,,,,0.3,,,0.3,1.5,,0.3,,,,,15,0.3,,,,20,,0.5,,0.3,,,,20,,0.5,,1.5,3,3,,
High Tolerance,,,,0.3,,,0.3,1.5,,0.3,,,,,15,0.3,,,,20,,0.5,,0.3,,,,20,,0.5,,1.5,3,3,,
Enable,,,,1,,,1,1,,1,,,,,1,1,,,,1,,1,,1,,,,1,,1,,1,1,1,,
1,1,1,-25,-13.75,11.25,9.141,1.863,2.416,-13,-17.118,-4.118,6.642,0.154,2.496,195.246,-10.861,18.003,28.864,2.671,217.155,8.098,1.839,0.386,-11.339,17.968,29.307,2.711,221.264,7.752,2.122,0.391,-41.019,6.565,4.209,1465.813,188388.024
2,1,2,-25,-13.843,11.157,8.485,1.863,2.489,-13,-17.113,-4.113,6.563,0.158,2.625,220.218,-10.992,18.025,29.017,2.796,242.493,7.261,1.824,0.395,-11.717,17.969,29.686,2.859,246.962,6.934,2.041,0.396,-41.018,6.52,2.665,1470.53,45966.8
3,1,3,-25,-13.61,11.39,8.472,1.767,2.473,-13,-17.146,-4.146,6.848,0.161,2.679,216.27,-10.984,18.016,29,2.888,237.202,7.408,1.83,0.397,-11.526,17.971,29.497,2.923,242.806,7.055,2.136,0.403,-41.02,6.797,2.412,1417.497,28937.939
4,1,4,-25,-13.862,11.138,8.598,1.849,2.581,-13,-17.218,-4.218,6.751,0.155,2.453,203.977,-11.088,17.99,29.078,2.58,225.189,7.78,1.801,0.386,-11.695,17.962,29.657,2.672,229.841,7.452,1.953,0.386,-41.015,6.587,0.6,1377.172,39527.249
5,1,5,-25,-13.759,11.241,8.732,1.897,2.707,-13,-17.233,-4.233,6.72,0.16,2.646,206.887,-10.928,17.983,28.91,2.763,227.112,7.692,1.868,0.391,-11.401,17.966,29.367,2.862,232.255,7.374,2.218,0.4,-41.013,6.656,0.731,1397.755,23587.09
6,1,6,-25,-14.198,10.802,7.808,1.9,2.696,-13,-17.265,-4.265,6.617,0.155,2.539,205.314,-10.703,18.024,28.728,2.645,228.694,7.714,1.838,0.392,-11.277,17.963,29.24,2.71,233.002,7.349,1.998,0.396,-41.013,6.517,0.849,1411.841,25891.635
7,1,7,-25,-13.935,11.065,7.305,1.725,2.634,-13,-17.157,-4.157,6.658,0.152,2.388,188.003,-10.826,17.984,28.809,2.499,209.602,8.369,1.81,0.378,-11.344,17.974,29.318,2.555,213.818,8.045,2.03,0.38,-41.013,6.549,1.224,1447.54,43910.401
8,1,8,-25,-14.063,10.937,7.752,1.822,2.627,-13,-17.234,-4.234,6.624,0.154,2.41,186.045,-10.595,17.988,28.584,2.526,207.121,8.479,1.84,0.388,-11.088,17.977,29.065,2.595,211.47,8.139,2.071,0.396,-41.014,6.481,0.941,1418.896,34546.015
9,1,9,-25,-14.088,10.912,7.76,1.835,2.644,-13,-17.22,-4.22,6.637,0.151,2.313,181.08,-10.67,18.002,28.672,2.474,202.887,8.693,1.868,0.383,-11.099,17.979,29.078,2.543,208.034,8.282,2.091,0.389,-41.015,6.465,1.067,1419.367,36684.8
10,1,10,-25,-13.895,11.105,8.81,1.935,2.668,-13,-17.215,-4.215,6.585,0.159,2.743,218.923,-10.846,17.982,28.828,2.871,243.416,7.157,1.752,0.385,-11.491,17.972,29.463,2.896,247.782,6.914,2.004,0.389,-41.015,6.601,1.032,1447.257,34888.452
