Header Section,,,,,,,,,,,,,,,,,,,,,,,,,,,,,,,,,,,,,,,,,,,,,,,,,,,,,,,,,,,,,,,,,,,,,,,,,,,,,,,,,,,,
Product,VC5738,,,,,,,,,,,,,,,,,,,,,,,,,,,,,,,,,,,,,,,,,,,,,,,,,,,,,,,,,,,,,,,,,,,,,,,,,,,,,,,,,,,
Test Plan,Rev(D),,,,,,,,,,,,,,,,,,,,,,,,,,,,,,,,,,,,,,,,,,,,,,,,,,,,,,,,,,,,,,,,,,,,,,,,,,,,,,,,,,,
Release Date,2020-1-13,,,,,,,,,,,,,,,,,,,,,,,,,,,,,,,,,,,,,,,,,,,,,,,,,,,,,,,,,,,,,,,,,,,,,,,,,,,,,,,,,,,
Comment,#86-110/A5E22.1,,,,,,,,,,,,,,,,,,,,,,,,,,,,,,,,,,,,,,,,,,,,,,,,,,,,,,,,,,,,,,,,,,,,,,,,,,,,,,,,,,,
,,,,,,,,,,,,,,,,,,,,,,,,,,,,,,,,,,,,,,,,,,,,,,,,,,,,,,,,,,,,,,,,,,,,,,,,,,,,,,,,,,,,
Data Section,,,,,,,,,,,,,,,,,,,,,,,,,,,,,,,,,,,,,,,,,,,,,,,,,,,,,,,,,,,,,,,,,,,,,,,,,,,,,,,,,,,,
Device#,1,2,3,4,5,6,7,8,9,10,11,12,13,14,15,16,17,18,19,20,21,22,23,24,25,26,27,28,29,30,31,32,33,34,35,36,37,38,39,40,41,42,43,44,45,46,47,48,49,50,51,52,53,54,55,56,57,58,59,60,61,62,63,64,65,66,67,68,69,70,71,72,73,74,75,76,77,78,79,80,81,82,83,84
Test Item,Site No,Device ID,OS_Vbat_Negative,OS_Vcc_Negative,Leakage1_Vbat_uA,Leakage1_Vcc_uA,Leakage1_PAEN_uA,Leakage1_LNAEN_uA,Gain_LNA_5150MHz,NoiseFig_LNA_5150MHz,Gain_LNA_5925MHz,Icc_LNA_Vbat_5925MHz,IIP3_LNA_5925MHz,NoiseFig_LNA_5925MHz,Gain_LNA_2480MHz,Gain_LNA_3800MHz,Gain_Bypass_5150MHz,Gain_Bypass_5925MHz,V_PDET_0dBm,Idle_Vbat_PA,Idle_Vcc_PA,Pin1_AC_PA_5180MHz,Pout1_AC_PA_5180MHz,Gain1_AC_PA_5180MHz,Evm1_AC_PA_5180MHz,Pin1_AC_PA_5820MHz,Pout1_AC_PA_5820MHz,Gain1_AC_PA_5820MHz,Evm1_AC_PA_5820MHz,Pin2_AC_PA_5180MHz,Pout2_AC_PA_5180MHz,Gain2_AC_PA_5180MHz,Evm2_AC_PA_5180MHz,Pin2_AC_PA_5820MHz,Pout2_AC_PA_5820MHz,Gain2_AC_PA_5820MHz,Evm2_AC_PA_5820MHz,Pin1_N_PA_5180MHz,Pout1_N_PA_5180MHz,Gain1_N_PA_5180MHz,Icc1_N_Vbat_PA_5180MHz,Icc1_N_Vcc_PA_5180MHz,Evm1_N_PA_5180MHz,Pin1_N_PA_5820MHz,Pout1_N_PA_5820MHz,Gain1_N_PA_5820MHz,Icc1_N_Vbat_PA_5820MHz,Icc1_N_Vcc_PA_5820MHz,Evm1_N_PA_5820MHz,Pin2_N_PA_5180MHz,Pout2_N_PA_5180MHz,Gain2_N_PA_5180MHz,Mask2_N_PA_5180MHz,Pin2_N_PA_5820MHz,Pout2_N_PA_5820MHz,Gain2_N_PA_5820MHz,Mask2_N_PA_5820MHz,Pin_A_PA_5180MHz,Pout_A_PA_5180MHz,Gain_A_PA_5180MHz,Icc_A_Vbat_PA_5180MHz,Icc_A_Vcc_PA_5180MHz,V_A_PDET_5180MHz,F2_A_PA_5180MHz,Pin_A_PA_5820MHz,Pout_A_PA_5820MHz,Gain_A_PA_5820MHz,Icc_A_Vbat_PA_5820MHz,Icc_A_Vcc_PA_5820MHz,V_A_PDET_5820MHz,F2_A_PA_5820MHz,Turn_Time_TX,Gain_PA_6000MHz,Isolation_5925MHz,Leakage2_Vbat_uA,Leakage2_Vcc_uA,Leakage2_PAEN_uA,Leakage2_LNAEN_uA,Delta_Vbat_uA,Delta_Vcc_uA,Delta_PAEN_uA,Delta_LNAEN_uA,Test_Time,Index_Time
Low Tolerance,,,0.05,0.05,3,3,3,3,0.3,0.3,0.3,3,1,0.3,0.3,0.3,0.3,0.3,0.03,1,15,0.3,0.2,0.5,0.3,0.3,0.2,0.5,0.3,0.3,0.2,0.5,0.3,0.3,0.2,0.5,0.3,0.3,0.2,0.5,3,25,0.5,0.3,0.2,0.5,3,25,0.5,0.3,0.2,0.5,1.5,0.3,0.2,0.5,1.5,0.3,0.2,0.5,3,25,0.03,1.5,0.3,0.2,0.5,3,25,0.03,1.5,50,1.5,1.5,3,3,3,3,3,3,3,3,,
High Tolerance,,,0.05,0.05,3,3,3,3,0.3,0.3,0.3,3,1,0.3,0.3,0.3,0.3,0.3,0.03,1,15,0.3,0.2,0.5,0.3,0.3,0.2,0.5,0.3,0.3,0.2,0.5,0.3,0.3,0.2,0.5,0.3,0.3,0.2,0.5,3,25,0.5,0.3,0.2,0.5,3,25,0.5,0.3,0.2,0.5,1.5,0.3,0.2,0.5,1.5,0.3,0.2,0.5,3,25,0.03,1.5,0.3,0.2,0.5,3,25,0.03,1.5,50,1.5,1.5,3,3,3,3,3,3,3,3,,
Enable,,,1,1,1,1,1,1,1,1,1,1,1,1,1,1,1,1,1,1,1,1,1,1,1,1,1,1,1,1,1,1,1,1,1,1,1,1,1,1,1,1,1,1,1,1,1,1,1,1,1,1,1,1,1,1,1,1,1,1,1,1,1,1,1,1,1,1,1,1,1,1,1,1,1,1,1,1,1,1,1,1,0,0
86,1,86,-0.567,-1.247,15.93,2.786,5.664,5.776,13.493,2.267,12.446,10.691,2.08,2.354,-16.404,10.089,-3.359,-4.056,0.254,2.566,197.045,-15.093,14.021,29.114,1.274,-14.154,13.982,28.136,1.862,-13.951,15.015,28.966,1.109,-12.882,14.984,27.866,1.573,-10.354,18.512,28.866,2.69,214.487,1.838,-8.961,18.472,27.433,2.708,217.856,1.867,-9.793,18.993,28.786,8.978,-8.446,18.97,27.416,6.204,-8.593,20.036,28.629,2.737,224.406,0.443,-36.942,-7.29,19.961,27.251,2.732,227.951,0.448,-33.564,333.333,24.363,-38.224,18.784,1.942,5.779,5.856,2.854,-0.844,0.115,0.08,2713.601,154330.264
87,1,87,-0.571,-1.25,15.267,2.697,5.331,5.426,13.469,2.24,12.316,10.699,2.086,2.358,-16.602,10.05,-3.367,-4.067,0.249,2.502,191.025,-15,14.035,29.035,1.313,-13.792,14.003,27.796,1.935,-13.838,14.979,28.817,1.131,-12.468,14.994,27.462,1.591,-10.257,18.479,28.736,2.611,207.822,1.796,-8.587,18.476,27.064,2.635,211.377,1.902,-9.709,18.966,28.675,8.973,-8.077,18.977,27.054,6.216,-8.521,20.008,28.529,2.628,218.158,0.436,-36.789,-6.933,19.973,26.906,2.628,223.348,0.441,-33.379,338.667,24.053,-38.224,17.649,1.813,5.419,5.501,2.382,-0.884,0.088,0.075,2845.133,9643.123
88,1,88,-0.561,-1.25,16.278,2.524,5.636,5.676,13.4,2.296,12.599,10.559,2.293,2.378,-16.154,9.965,-3.345,-4.035,0.262,2.686,207.263,-15.334,13.99,29.324,1.167,-14.18,13.958,28.138,1.792,-14.173,14.986,29.159,1.015,-12.834,14.969,27.802,1.532,-10.579,18.492,29.071,2.797,223.08,1.658,-8.995,18.461,27.456,2.86,226.401,1.783,-10.023,18.996,29.019,8.981,-8.455,18.971,27.426,6.22,-8.863,20.029,28.892,2.836,231.29,0.451,-36.268,-7.272,19.998,27.27,2.825,235.776,0.454,-33.275,336,24.371,-38.224,18.849,1.854,5.742,5.766,2.57,-0.67,0.105,0.09,2699.5,6601.912
89,1,89,-0.566,-1.245,16.173,2.561,5.324,5.421,13.325,2.275,12.438,9.854,2.184,2.316,-16.597,9.839,-3.355,-4.007,0.267,2.815,217.287,-15.284,13.981,29.265,1.021,-13.992,14.025,28.016,1.665,-14.105,14.983,29.088,0.933,-12.708,14.979,27.687,1.46,-10.562,18.481,29.043,2.945,233.683,1.448,-8.868,18.46,27.328,2.969,237.264,1.861,-10,18.991,28.991,8.988,-8.353,18.968,27.321,6.06,-8.847,20.03,28.877,2.918,240.422,0.447,-36.215,-7.205,19.966,27.171,2.951,245.913,0.449,-33.54,352,24.28,-38.224,18.255,1.782,5.424,5.503,2.896,-0.779,0.1,0.083,2816.213,5359.195
90,1,90,-0.562,-1.25,16.064,2.508,5.571,5.611,13.362,2.341,12.4,10.535,2.232,2.454,-16.31,9.948,-3.357,-4.011,0.243,2.459,182.889,-14.856,13.99,28.846,1.511,-13.531,14.018,27.549,1.977,-13.721,14.976,28.697,1.282,-12.129,14.988,27.117,1.601,-10.132,18.459,28.591,2.601,199.728,2.122,-8.241,18.474,26.715,2.616,202.976,1.882,-9.562,18.974,28.536,8.672,-7.724,18.983,26.708,6.275,-8.428,19.964,28.392,2.592,210.608,0.424,-37.697,-6.595,19.97,26.564,2.622,215.034,0.427,-33.914,328,23.74,-38.224,18.453,1.779,5.664,5.706,2.389,-0.729,0.093,0.095,2885.824,7320.156
91,1,91,-0.565,-1.25,15.594,2.681,5.444,5.498,13.465,2.288,12.586,11.071,2.131,2.37,-16.459,10.037,-3.355,-4.077,0.26,2.675,207.252,-15.113,14.007,29.12,1.159,-14.04,14.032,28.072,1.77,-14.039,14.978,29.017,1.001,-12.704,14.992,27.696,1.514,-10.444,18.49,28.934,2.762,224.175,1.626,-8.765,18.53,27.295,2.778,227.754,2.021,-9.875,18.989,28.864,8.982,-8.258,19.004,27.262,5.99,-8.709,20.009,28.718,2.778,232.528,0.441,-36.706,-7.076,20.013,27.089,2.789,238.162,0.449,-33.616,346.667,24.207,-38.224,18.547,1.792,5.559,5.596,2.953,-0.89,0.115,0.098,2621.196,11850.012
92,1,92,-0.571,-1.248,15.049,2.547,5.316,5.401,13.654,2.262,12.444,11.855,1.887,2.364,-16.363,10.28,-3.372,-4.057,0.268,2.772,215.399,-15.392,13.973,29.365,1.088,-14.04,14.049,28.089,1.736,-14.228,14.978,29.206,0.979,-12.739,14.974,27.713,1.483,-10.636,18.49,29.126,2.891,231.158,1.554,-8.816,18.508,27.324,2.886,234.872,1.913,-10.066,18.993,29.059,8.984,-8.281,19.029,27.31,6.024,-8.911,20.029,28.94,2.893,237.892,0.455,-36.094,-7.146,20,27.147,2.923,243.552,0.458,-33.069,341.333,24.295,-38.224,17.955,1.78,5.411,5.491,2.906,-0.767,0.095,0.09,2733.573,8826.528
93,1,93,-0.551,-1.245,16.904,2.489,5.697,5.794,13.508,2.246,12.682,11.369,2.159,2.314,-15.963,10.12,-3.351,-4,0.253,2.631,198.135,-15.213,14.052,29.265,1.276,-13.758,13.985,27.743,1.801,-14.033,15.027,29.06,1.1,-12.425,14.975,27.4,1.522,-10.466,18.514,28.98,2.741,215.142,1.81,-8.54,18.461,27.001,2.693,218.715,1.873,-9.876,19.034,28.91,8.977,-8.001,18.966,26.968,6.19,-8.763,20.001,28.764,2.748,224.9,0.432,-36.968,-6.837,19.972,26.809,2.755,230.001,0.44,-33.901,330.667,23.962,-38.224,19.543,1.746,5.789,5.859,2.639,-0.743,0.093,0.065,2687.998,7374.177
94,1,94,-0.561,-1.248,15.908,2.495,5.439,5.526,13.431,2.254,12.501,10.656,2.304,2.345,-16.474,9.982,-3.368,-4.049,0.256,2.707,201.329,-15.08,13.983,29.063,1.188,-13.977,14.028,28.006,1.792,-13.829,14.976,28.805,1.061,-12.704,14.974,27.677,1.54,-10.248,18.463,28.711,2.79,218.475,1.809,-8.807,18.489,27.296,2.805,221.812,1.94,-9.67,18.978,28.648,8.978,-8.279,19.001,27.281,6.079,-8.535,19.969,28.504,2.822,226.615,0.438,-37.27,-7.117,20.006,27.123,2.816,231.592,0.442,-33.751,336,24.278,-38.224,18.6,1.783,5.529,5.609,2.692,-0.712,0.09,0.083,2792.408,7446.171
95,1,95,-0.555,-1.248,16.65,2.471,5.774,5.849,13.342,2.287,12.566,9.842,2.136,2.34,-16.556,9.871,-3.334,-4.026,0.254,2.61,201.706,-15.202,14.013,29.215,1.174,-14.099,13.981,28.079,1.844,-13.978,15.02,28.998,1.038,-12.806,14.969,27.775,1.55,-10.398,18.531,28.929,2.728,218.768,1.756,-8.898,18.502,27.4,2.729,222.301,1.964,-9.82,19.037,28.857,8.978,-8.369,19.011,27.379,6.025,-8.686,20.025,28.711,2.743,227.586,0.438,-36.963,-7.19,20.017,27.207,2.751,232.957,0.444,-33.483,338.667,24.35,-38.224,19.258,1.771,5.877,5.946,2.609,-0.7,0.103,0.098,2678.975,5885.514
96,1,96,-0.566,-1.245,15.945,2.416,5.416,5.488,13.613,2.318,12.398,10.867,1.938,2.393,-16.458,10.249,-3.356,-4.009,0.256,2.675,201.965,-15.186,13.983,29.169,1.176,-14.067,13.995,28.061,1.728,-13.978,15.015,28.993,1.04,-12.764,14.972,27.735,1.504,-10.398,18.539,28.937,2.792,218.974,1.73,-8.893,18.491,27.384,2.805,222.497,1.829,-9.839,19.024,28.863,8.978,-8.367,19.005,27.371,6.149,-8.712,20.015,28.727,2.786,227.867,0.436,-36.84,-7.197,20.01,27.206,2.806,233.037,0.439,-33.479,333.333,24.302,-38.224,18.58,1.804,5.506,5.564,2.635,-0.612,0.09,0.075,2683.585,6205.149
97,1,97,-0.569,-1.248,15.396,2.533,5.331,5.391,13.57,2.284,12.375,10.493,1.9,2.386,-16.578,10.162,-3.351,-4.016,0.264,2.728,209.4,-15.294,13.954,29.248,1.116,-14.189,13.962,28.151,1.691,-14.143,14.986,29.129,0.996,-12.865,14.969,27.834,1.495,-10.58,18.484,29.064,2.852,226.457,1.583,-8.973,18.504,27.478,2.857,229.899,1.916,-10.013,18.992,29.005,8.984,-8.459,19.014,27.472,6.037,-8.878,20.014,28.892,2.865,233.935,0.449,-36.619,-7.284,20.022,27.306,2.886,239.353,0.453,-33.433,346.667,24.432,-38.224,18.128,1.81,5.431,5.483,2.733,-0.724,0.1,0.093,2785.273,6866.629
98,1,98,-0.556,-1.245,16.015,2.448,5.494,5.541,13.429,2.281,12.31,10.408,2.221,2.343,-16.597,9.992,-3.349,-4.05,0.251,2.534,198.049,-15.063,13.977,29.04,1.197,-14.066,14.032,28.098,1.824,-13.861,14.978,28.839,1.058,-12.826,14.976,27.802,1.535,-10.291,18.468,28.759,2.652,216.364,1.698,-8.899,18.503,27.402,2.646,219.731,1.868,-9.712,18.981,28.693,8.976,-8.36,19.029,27.389,6.071,-8.586,19.974,28.56,2.657,225.486,0.437,-36.627,-7.213,20.017,27.23,2.682,230.702,0.441,-33.494,333.333,24.357,-38.224,18.455,1.764,5.576,5.629,2.44,-0.684,0.083,0.088,2695.116,6323.751
99,1,99,-0.559,-1.249,15.618,2.493,5.469,5.564,13.347,2.286,12.619,10.356,2.033,2.355,-16.337,9.886,-3.365,-4.066,0.264,2.707,212.604,-15.347,14.028,29.375,1.079,-14.212,13.953,28.165,1.741,-14.19,14.986,29.176,0.956,-12.976,14.978,27.954,1.499,-10.642,18.489,29.131,2.817,229.225,1.534,-9.062,18.51,27.572,2.804,232.744,1.937,-10.077,18.994,29.071,8.984,-8.547,19.02,27.567,5.957,-8.943,20.024,28.967,2.821,236.264,0.451,-36.344,-7.374,20.027,27.402,2.826,241.815,0.456,-33.354,338.667,24.534,-38.224,18.207,1.84,5.561,5.656,2.589,-0.653,0.093,0.093,2810.056,6101.937
100,1,100,-0.571,-1.249,15.489,2.46,5.296,5.353,13.51,2.261,12.317,10.73,2.117,2.376,-16.568,10.115,-3.36,-4.025,0.255,2.599,196.398,-15.219,13.993,29.212,1.237,-13.925,13.964,27.889,1.86,-14.014,14.99,29.004,1.091,-12.596,14.979,27.575,1.554,-10.47,18.479,28.949,2.759,215.844,1.751,-8.75,18.453,27.202,2.762,219.245,1.784,-9.899,18.971,28.87,8.979,-8.221,18.963,27.184,6.383,-8.763,19.978,28.741,2.761,224.946,0.443,-36.414,-7.076,19.957,27.032,2.785,229.909,0.447,-33.577,349.333,24.142,-38.224,18.039,1.774,5.384,5.453,2.55,-0.686,0.088,0.1,2653.922,6305.898
101,1,101,-0.57,-1.248,15.122,2.457,5.311,5.423,13.473,2.277,12.347,10.907,2.109,2.36,-16.627,10.043,-3.376,-4.08,0.258,2.642,201.016,-15.326,14.019,29.345,1.229,-14.06,13.998,28.058,1.774,-14.205,14.979,29.184,1.059,-12.669,14.978,27.647,1.524,-10.608,18.482,29.09,2.757,217.95,1.651,-8.792,18.471,27.263,2.74,220.829,2.146,-10.034,18.99,29.024,8.979,-8.262,18.976,27.238,6.211,-8.899,20.009,28.908,2.774,227.291,0.444,-36.694,-7.112,19.971,27.083,2.785,232.607,0.448,-33.63,344,24.144,-38.224,17.691,1.753,5.409,5.498,2.568,-0.704,0.098,0.075,2731.763,13290.996
102,1,102,-0.568,-1.245,15.304,2.365,5.406,5.481,13.497,2.269,12.251,10.878,2.261,2.367,-16.539,10.108,-3.376,-4.072,0.256,2.61,201.566,-15.253,14.006,29.259,1.18,-14.06,13.945,28.005,1.708,-14.078,15.005,29.083,1.04,-12.642,14.971,27.613,1.494,-10.507,18.492,28.999,2.731,217.22,1.627,-8.518,18.487,27.005,2.707,224.483,2.306,-9.936,19.001,28.937,8.982,-8.244,18.975,27.219,6.139,-8.8,20.005,28.805,2.756,225.896,0.436,-36.79,-7.088,19.972,27.06,2.767,231.645,0.442,-33.668,338.667,24.132,-38.224,17.675,1.703,5.491,5.556,2.37,-0.661,0.085,0.075,2571.723,5973.114
103,1,103,-0.568,-1.248,15.501,2.444,5.316,5.438,13.522,2.27,12.352,10.686,2.11,2.334,-16.49,10.131,-3.364,-4.022,0.266,2.847,212.302,-15.262,14.01,29.272,1.055,-14.053,14.029,28.083,1.666,-14.158,14.982,29.14,0.946,-12.783,14.973,27.756,1.456,-10.61,18.49,29.1,2.914,228.619,1.488,-8.9,18.51,27.41,2.95,232.37,1.93,-10.051,18.99,29.041,8.988,-8.404,19.005,27.408,6.036,-8.926,20.008,28.934,2.921,235.564,0.446,-36.492,-7.243,20.007,27.251,2.963,241.649,0.452,-33.671,349.333,24.348,-38.224,18.11,1.82,5.419,5.528,2.609,-0.624,0.103,0.09,2782.328,6823.288
104,1,104,-0.553,-1.248,15.992,2.44,5.554,5.616,13.393,2.3,12.179,9.612,2.074,2.331,-16.925,9.929,-3.343,-4.075,0.259,2.686,209.195,-15.018,14.02,29.038,1.083,-14.041,14.035,28.076,1.747,-13.918,14.978,28.896,0.95,-12.75,14.988,27.738,1.473,-10.354,18.48,28.834,2.82,226.32,1.591,-8.85,18.53,27.37,2.82,229.86,2.02,-9.784,18.981,28.765,8.981,-8.331,19.024,27.355,5.94,-8.659,19.971,28.63,2.854,233.074,0.439,-36.899,-7.172,20.019,27.191,2.843,238.808,0.447,-33.593,346.667,24.351,-38.224,18.619,1.771,5.644,5.696,2.627,-0.669,0.09,0.08,2670.225,6407.756
105,1,105,-0.552,-1.252,17.221,2.421,5.747,5.806,13.435,2.299,12.59,10.567,2.154,2.361,-16.055,10.025,-3.348,-4.023,0.268,2.772,219.877,-15.193,13.953,29.146,0.978,-14.033,14.005,28.038,1.71,-13.95,14.977,28.927,0.897,-12.716,14.974,27.69,1.451,-10.383,18.478,28.861,2.945,237.599,1.551,-8.745,18.471,27.216,2.909,239.178,2.207,-9.812,18.985,28.797,8.948,-8.268,18.97,27.237,5.635,-8.681,19.978,28.659,2.937,243.431,0.448,-36.2,-7.105,19.961,27.066,2.951,249.27,0.451,-33.496,338.667,24.261,-38.224,20.314,1.776,5.847,5.901,3.094,-0.645,0.1,0.095,2702.768,5563.172
106,1,106,-0.556,-1.246,16.535,2.889,5.589,5.618,13.445,2.226,12.54,11.14,2.234,2.367,-16.246,9.975,-3.331,-4.07,0.271,2.682,226.375,-16.006,13.918,29.924,0.982,-15.083,13.981,29.064,1.507,-14.834,15.034,29.868,0.929,-13.445,14.999,28.444,1.401,-11.263,18.502,29.765,2.986,241.212,1.802,-9.648,18.512,28.16,3.014,244.155,2.085,-10.655,18.998,29.653,8.652,-8.936,19.043,27.979,5.576,-9.521,20.015,29.537,3.045,246.164,0.456,-36.334,-7.819,20.03,27.849,3.029,251.829,0.457,-33.283,366.67,24.952,-38.22,20.13,1.891,5.678,5.662,3.595,-0.998,0.088,0.044,2991.913,448022.339
107,1,107,-0.553,-1.247,16.678,2.765,5.575,5.625,13.326,2.249,12.552,10.364,2.237,2.346,-16.019,9.865,-3.309,-4.003,0.261,2.586,204.413,-15.763,13.981,29.744,1.199,-14.936,13.958,28.894,1.703,-14.58,15.022,29.602,1.123,-13.379,14.986,28.364,1.481,-10.991,18.5,29.491,2.763,217.513,1.946,-9.549,18.504,28.053,2.788,220.627,2.177,-10.389,19.009,29.398,8.9,-8.81,19.029,27.839,5.586,-9.272,20.011,29.283,2.884,224.858,0.454,-37.006,-7.686,20.022,27.707,2.856,229.285,0.455,-33.006,342.67,24.896,-38.219,19.807,1.707,5.685,5.713,3.128,-1.058,0.11,0.088,2911.214,44994.08
108,1,108,-0.544,-1.242,17.199,2.776,5.751,5.765,13.348,2.177,12.257,9.22,2.369,2.352,-16.971,9.904,-3.298,-4.019,0.258,2.457,206.677,-15.688,13.934,29.622,1.207,-15.185,14.066,29.251,1.781,-14.607,15.01,29.617,1.085,-13.757,14.976,28.733,1.502,-11.022,18.502,29.524,2.786,220.77,1.955,-9.76,18.506,28.266,2.796,223.863,2.255,-10.431,19.003,29.434,8.998,-9.179,19.048,28.227,5.654,-9.31,20.01,29.32,2.809,229.234,0.453,-37.22,-8.077,20.035,28.112,2.765,233.382,0.454,-33.503,358.67,25.241,-38.22,20.187,1.768,5.832,5.824,2.988,-1.008,0.081,0.059,2883.951,69404.03
109,1,109,-0.557,-1.239,16.755,2.673,5.508,5.544,13.444,2.169,12.403,10.041,2.079,2.389,-16.456,10.002,-3.317,-4.034,0.247,2.263,187.982,-15.464,13.97,29.433,1.41,-14.763,13.987,28.751,1.899,-14.381,15.007,29.388,1.212,-13.221,14.983,28.204,1.576,-10.791,18.527,29.318,2.528,202.237,1.963,-9.269,18.511,27.78,2.597,205.763,2.087,-10.266,18.972,29.238,9.024,-8.752,19.012,27.764,5.961,-9.073,20.05,29.123,2.59,214.825,0.446,-37.099,-7.612,20.039,27.651,2.582,219.684,0.453,-33.244,350.67,24.632,-38.22,19.829,1.826,5.589,5.64,3.074,-0.847,0.081,0.095,2832.127,27563.393
110,1,110,-0.548,-1.247,16.612,2.86,5.619,5.64,13.52,2.213,12.438,11.166,2.538,2.426,-16.087,10.103,-3.271,-3.969,0.25,2.296,199.755,-15.363,14.057,29.42,1.232,-15.011,14.095,29.106,1.894,-14.302,14.992,29.295,1.116,-13.611,14.984,28.595,1.529,-10.723,18.518,29.24,2.531,213.231,1.965,-9.612,18.537,28.149,2.648,216.246,2.187,-10.205,18.961,29.166,9.617,-9.085,19.031,28.116,5.857,-9.015,20.032,29.047,2.675,222.57,0.441,-37.379,-8.003,20.023,28.026,2.587,225.373,0.446,-33.27,358.67,25.191,-38.22,19.515,1.625,5.685,5.735,2.904,-1.235,0.066,0.095,2880.242,114430.084
111,1,111,-0.558,-1.245,16.674,2.825,5.56,5.596,13.493,2.266,12.315,10.884,2.311,2.452,-16.183,10.083,-3.326,-4.017,0.256,2.392,206.839,-15.682,13.941,29.623,1.142,-15.04,14.055,29.095,1.689,-14.558,15.009,29.567,1.038,-13.409,14.99,28.399,1.467,-10.936,18.54,29.476,2.708,221.333,1.871,-9.467,18.517,27.985,2.809,224.924,2.348,-10.342,19.037,29.38,8.756,-8.941,19.016,27.957,5.779,-9.263,20.006,29.269,2.747,229.806,0.446,-36.8,-7.786,20.045,27.83,2.798,235.728,0.451,-33.454,334.67,24.932,-38.22,19.996,1.816,5.655,5.662,3.322,-1.008,0.096,0.066,2834.766,91685.326
112,1,112,-0.553,-1.238,16.745,2.757,5.552,5.625,13.355,2.242,12.393,10.621,2.52,2.413,-16.379,9.918,-3.323,-4.014,0.253,2.328,207.291,-15.477,14.003,29.48,1.161,-15.079,13.937,29.016,1.653,-14.48,15.004,29.484,1.048,-13.447,14.984,28.432,1.464,-10.886,18.528,29.413,2.715,220.573,1.92,-9.549,18.52,28.069,2.751,224.025,2.235,-10.297,19.027,29.323,9.168,-9.028,19.019,28.047,5.825,-9.172,20.046,29.218,2.726,229.712,0.442,-37.164,-7.935,20.013,27.948,2.653,233.413,0.438,-33.819,342.67,25.027,-38.22,19.781,1.804,5.663,5.713,3.036,-0.953,0.11,0.088,2862.511,54680.748
113,1,113,-0.557,-1.241,16.645,2.823,5.545,5.625,13.386,2.226,12.387,10.35,2.303,2.418,-16.445,9.942,-3.343,-4.036,0.252,2.392,203.637,-15.578,13.943,29.521,1.194,-14.815,13.954,28.77,1.66,-14.449,14.998,29.448,1.047,-13.088,14.975,28.063,1.468,-10.859,18.519,29.378,2.615,218.005,1.775,-9.191,18.514,27.706,2.69,221.35,2.122,-10.267,19.015,29.282,9.031,-8.653,19.018,27.671,5.927,-9.139,20.036,29.175,2.731,228.245,0.441,-36.952,-7.527,20.036,27.562,2.756,233.595,0.446,-33.709,358.67,24.625,-38.22,19.784,1.697,5.641,5.699,3.139,-1.126,0.096,0.073,2729.345,48764.862
114,1,114,-0.559,-1.242,16.511,2.744,5.516,5.552,13.567,2.114,12.32,10.759,2.286,2.283,-16.252,10.183,-3.291,-3.978,0.265,2.553,214.31,-15.769,13.981,29.75,1.091,-15.44,14.002,29.441,1.634,-14.718,15.014,29.733,1.048,-13.868,14.994,28.862,1.431,-11.143,18.496,29.639,2.889,228.827,1.885,-9.907,18.545,28.453,2.871,231.939,2.371,-10.494,19.048,29.543,9.32,-9.379,19.04,28.419,5.711,-9.424,20.007,29.431,2.96,235.672,0.456,-36.986,-8.289,20.029,28.318,2.914,238.964,0.456,-33.471,366.67,25.463,-38.22,19.689,1.768,5.589,5.64,3.178,-0.976,0.074,0.088,2871.502,36508.629
115,1,115,-0.554,-1.242,16.452,2.702,5.56,5.625,13.553,2.182,12.429,10.725,2.214,2.337,-16.32,10.169,-3.296,-4.018,0.269,2.618,227.183,-15.734,14.066,29.8,0.977,-15.303,13.972,29.275,1.562,-14.735,15.009,29.744,0.899,-13.768,14.989,28.757,1.378,-11.133,18.549,29.682,2.963,241.231,1.866,-9.849,18.534,28.383,2.948,244.592,2.532,-10.538,19.045,29.583,8.841,-9.318,19.032,28.35,5.626,-9.471,20.006,29.477,3.007,246.682,0.453,-36.612,-8.219,20.022,28.24,2.977,251.863,0.457,-33.403,342.67,25.36,-38.22,19.81,1.805,5.648,5.728,3.357,-0.897,0.088,0.103,2915.654,30740.068
116,1,116,-0.549,-1.245,17.119,2.754,5.626,5.662,13.384,2.215,12.662,10.31,2.222,2.413,-15.862,9.913,-3.297,-4.011,0.243,2.199,181.19,-15.213,14.027,29.24,1.592,-15.025,13.944,28.969,2.177,-14.13,14.978,29.109,1.431,-13.409,14.983,28.392,1.798,-10.531,18.46,28.991,2.467,194.882,2.263,-9.464,18.547,28.011,2.577,197.629,2.101,-9.953,19.023,28.975,8.873,-8.934,19.046,27.98,5.993,-8.839,19.963,28.801,2.502,206.551,0.441,-38.387,-7.874,20.022,27.896,2.506,207.769,0.455,-33.578,326.67,25.055,-38.22,19.934,1.733,5.722,5.75,2.815,-1.021,0.096,0.088,2720.98,29537.83
117,1,117,-0.557,-1.246,16.82,2.71,5.538,5.625,13.335,2.242,12.398,10.429,2.296,2.396,-16.481,9.851,-3.337,-4.059,0.249,2.231,197.912,-15.627,13.921,29.549,1.264,-14.902,13.908,28.809,1.755,-14.56,15.001,29.561,1.145,-13.183,15.018,28.201,1.568,-10.949,18.52,29.469,2.496,210.64,1.881,-9.333,18.498,27.832,2.6,213.894,2.131,-10.352,19.017,29.37,8.97,-8.797,19.006,27.803,5.924,-9.22,20.031,29.251,2.619,220.367,0.443,-37.084,-7.678,20.018,27.696,2.625,225.035,0.445,-33.388,366.67,24.74,-38.219,19.837,1.845,5.619,5.684,3.017,-0.865,0.081,0.059,2679.934,34958.153
118,1,118,-0.553,-1.243,17.172,2.702,5.611,5.589,13.476,2.208,12.479,10.862,2.196,2.328,-15.95,10.066,-3.289,-3.989,0.257,2.392,200.984,-15.554,13.984,29.538,1.37,-14.985,13.914,28.898,1.943,-14.527,14.994,29.521,1.234,-13.318,14.978,28.297,1.657,-10.902,18.51,29.413,2.641,214.45,2.073,-9.401,18.52,27.921,2.729,217.294,1.838,-10.316,19.011,29.327,9.343,-8.862,19.018,27.88,6.214,-9.184,20.023,29.207,2.788,223.633,0.453,-37.521,-7.746,20.042,27.788,2.712,226.01,0.458,-33.436,342.67,24.959,-38.22,20.249,1.742,5.7,5.713,3.077,-0.96,0.088,0.125,2686.758,29755.753
119,1,119,-0.555,-1.245,16.787,2.626,5.508,5.53,13.418,2.23,12.445,10.081,2.181,2.334,-16.398,10.024,-3.29,-4.006,0.258,2.425,196.1,-15.565,13.979,29.544,1.362,-15.17,13.965,29.136,1.902,-14.506,14.992,29.498,1.249,-13.506,14.982,28.488,1.616,-10.882,18.503,29.386,2.628,209.091,2.057,-9.593,18.501,28.094,2.764,212.148,1.992,-10.288,19.007,29.294,9.115,-9.052,19.004,28.056,6.029,-9.159,20.015,29.173,2.807,218.052,0.455,-37.726,-7.94,20.022,27.963,2.734,221.07,0.462,-33.198,350.67,25.023,-38.22,19.751,1.754,5.589,5.64,2.964,-0.873,0.081,0.11,2750.359,29448.799
120,1,120,-0.549,-1.24,16.527,2.667,5.552,5.581,13.28,2.219,12.49,9.528,2.182,2.369,-16.147,9.8,-3.28,-3.986,0.254,2.36,205.06,-15.611,13.985,29.596,1.216,-15.251,13.968,29.22,1.742,-14.568,14.995,29.563,1.101,-13.581,14.983,28.564,1.505,-10.958,18.516,29.473,2.663,217.785,1.95,-9.676,18.506,28.182,2.719,221.017,2.005,-10.362,19.014,29.376,9.375,-9.132,19.006,28.138,6.014,-9.233,20.024,29.257,2.788,226.572,0.444,-37.294,-8.01,20.029,28.039,2.686,230.244,0.453,-33.449,358.67,25.143,-38.22,19.614,1.741,5.67,5.691,3.087,-0.926,0.118,0.11,2756.296,27867.409
121,1,121,-0.541,-1.239,17.653,2.704,5.67,5.75,13.491,2.162,12.314,10.726,2.464,2.336,-16.434,10.108,-3.277,-4.021,0.25,2.296,197.426,-15.46,14.073,29.534,1.293,-15.075,13.978,29.053,1.773,-14.482,14.989,29.471,1.102,-13.484,14.975,28.459,1.527,-10.894,18.498,29.392,2.534,211.555,1.863,-9.557,18.543,28.101,2.619,214.71,2.311,-10.299,19,29.299,8.949,-9.024,19.043,28.067,5.756,-9.179,20.012,29.192,2.641,222.261,0.445,-36.929,-7.948,20.018,27.966,2.622,226.019,0.445,-33.522,366.67,25.072,-38.22,20.595,1.729,5.781,5.831,2.942,-0.974,0.11,0.081,2696.889,48206.699
122,1,122,-0.546,-1.245,16.788,2.855,5.626,5.684,13.473,2.199,12.301,9.807,2.396,2.416,-16.889,10.034,-3.283,-4.039,0.248,2.296,195.356,-15.46,13.978,29.438,1.262,-15.012,13.928,28.94,1.806,-14.319,14.977,29.296,1.114,-13.285,15.005,28.29,1.599,-10.729,18.474,29.203,2.557,209.149,1.88,-9.366,18.534,27.9,2.758,212.258,2.137,-10.132,18.978,29.11,9.2,-8.827,19.013,27.84,5.935,-9.002,19.98,28.982,2.672,219.838,0.436,-37.61,-7.716,20.017,27.733,2.59,223.626,0.44,-33.531,342.67,24.861,-38.22,19.718,1.728,5.685,5.75,2.929,-1.127,0.059,0.066,2509.626,40226.28
123,1,123,-0.553,-1.243,16.386,2.681,5.641,5.662,13.225,2.611,12.237,9.724,2.617,2.386,-16.64,9.75,-3.308,-4.031,0.251,2.36,200.143,-15.46,13.946,29.406,1.198,-15.33,13.966,29.295,1.727,-14.387,14.986,29.373,1.073,-13.667,14.975,28.642,1.479,-10.787,18.49,29.277,2.625,215.365,1.894,-9.726,18.503,28.23,2.742,219.128,2.137,-10.206,18.963,29.17,9.503,-9.158,19.004,28.162,5.814,-9.072,19.974,29.046,2.736,225.076,0.439,-37.585,-8.024,20.021,28.045,2.729,229.572,0.447,-33.383,342.67,25.192,-38.219,19.393,1.762,5.729,5.743,3.007,-0.919,0.088,0.081,2559.744,27056.633
124,1,124,-0.557,-1.238,16.285,2.744,5.53,5.581,13.692,2.203,12.42,11.318,2.145,2.383,-16.118,10.368,-3.286,-3.992,0.26,2.489,212.467,-15.868,13.974,29.843,1.079,-15.218,13.999,29.217,1.687,-14.716,14.999,29.715,1.039,-13.649,14.98,28.629,1.507,-11.102,18.526,29.629,2.776,228.119,1.897,-9.731,18.504,28.235,2.854,231.263,2.168,-10.505,19.027,29.532,9.304,-9.182,19.006,28.188,5.877,-9.368,20.041,29.408,2.892,235.291,0.454,-37.067,-8.055,20.024,28.079,2.823,238.464,0.454,-33.475,350.67,25.245,-38.22,19.593,1.812,5.597,5.669,3.308,-0.932,0.066,0.088,2766.537,69619.324
125,1,125,-0.538,-1.233,17.108,2.834,5.619,5.691,13.386,2.001,12.26,10.09,2.394,2.466,-16.645,9.955,-3.292,-4.039,0.262,2.553,224.11,-15.82,14.041,29.861,1.005,-15.299,13.936,29.235,1.498,-14.752,14.995,29.747,0.95,-13.589,14.975,28.565,1.403,-11.142,18.525,29.667,2.879,238.139,1.869,-9.614,18.536,28.15,2.954,241.51,2.589,-10.542,19.026,29.568,8.8,-9.065,19.032,28.097,5.563,-9.402,20.042,29.445,2.934,244.672,0.445,-37.007,-7.918,20.045,27.963,2.919,249.88,0.443,-33.53,358.67,25.162,-38.22,20.297,1.818,5.707,5.794,3.189,-1.016,0.088,0.103,2718.104,39435.993
126,1,126,-0.559,-1.238,16.505,2.688,5.538,5.581,13.617,2.266,12.39,11.668,2.299,2.438,-16.038,10.253,-3.306,-4.006,0.249,2.489,205.48,-15.658,13.918,29.575,1.146,-14.983,13.973,28.956,1.644,-14.528,14.983,29.511,1.048,-13.231,14.971,28.202,1.431,-10.901,18.49,29.391,2.676,220.444,1.791,-9.381,18.457,27.838,2.787,223.63,1.959,-10.267,19.03,29.297,9.028,-8.833,18.967,27.8,6.038,-9.131,20.05,29.181,2.808,229.807,0.439,-37.037,-7.792,19.954,27.746,2.801,232.439,0.431,-34.056,358.67,24.752,-38.22,19.519,1.715,5.626,5.662,3.014,-0.973,0.088,0.081,2545.596,34150.494
127,1,127,-0.553,-1.239,16.462,2.841,5.619,5.669,13.448,2.187,12.558,10.852,2.202,2.335,-15.972,10.055,-3.295,-4,0.255,2.36,200.726,-15.425,14.085,29.51,1.266,-15.202,13.922,29.125,1.73,-14.461,15.04,29.5,1.118,-13.577,14.984,28.561,1.479,-10.925,18.496,29.421,2.612,215.126,1.881,-9.662,18.545,28.206,2.674,218.348,2.208,-10.333,18.998,29.33,9.34,-9.122,19.045,28.167,5.803,-9.213,20.007,29.22,2.774,224.387,0.446,-37.4,-8.059,20.018,28.077,2.714,227.701,0.447,-33.382,334.67,25.146,-38.22,19.48,1.755,5.678,5.772,3.018,-1.085,0.059,0.103,2756.287,27466.085
128,1,128,-0.553,-1.244,16.916,2.762,5.582,5.64,13.288,2.242,12.296,9.738,2.305,2.368,-16.388,9.859,-3.301,-4.009,0.254,2.392,209.006,-15.683,13.959,29.641,1.141,-15.005,13.973,28.978,1.624,-14.646,14.991,29.637,1.04,-13.385,14.989,28.374,1.423,-11.044,18.507,29.551,2.634,223.008,1.843,-9.467,18.531,27.998,2.771,226.415,2.362,-10.447,19.008,29.455,9.188,-8.924,19.028,27.952,5.733,-9.314,20.02,29.334,2.792,231.467,0.436,-37.397,-7.818,20.02,27.838,2.763,236.227,0.433,-33.453,358.67,24.914,-38.22,20.104,1.792,5.678,5.728,3.189,-0.969,0.096,0.088,2557.656,35085.911
129,1,129,-0.552,-1.245,16.725,2.726,5.633,5.684,13.399,2.235,12.609,11.036,2.325,2.326,-15.75,10,-3.304,-3.996,0.244,2.263,190.246,-15.417,14.006,29.423,1.376,-14.781,13.994,28.774,1.791,-14.373,14.98,29.354,1.158,-13.109,14.975,28.084,1.497,-10.786,18.475,29.261,2.499,204.747,1.805,-9.275,18.467,27.741,2.497,208.066,2.027,-10.182,18.979,29.16,8.668,-8.782,18.955,27.736,6.037,-9.083,19.982,29.066,2.603,216.66,0.435,-37.45,-7.662,19.969,27.632,2.568,220.452,0.431,-33.508,342.67,24.624,-38.22,19.455,1.802,5.751,5.787,2.73,-0.924,0.118,0.103,2697.02,53188.236
130,1,130,-0.562,-1.243,15.997,2.675,5.486,5.515,13.447,2.156,12.364,10.051,2.145,2.368,-16.393,10.033,-3.327,-4.028,0.263,2.457,203.831,-15.677,14.005,29.682,1.291,-14.681,13.992,28.674,1.812,-14.68,14.997,29.677,1.161,-13.032,14.979,28.01,1.56,-11.05,18.512,29.563,2.705,216.349,1.912,-9.153,18.464,27.617,2.803,219.755,2.105,-10.45,19.011,29.462,8.915,-8.621,18.971,27.592,5.982,-9.328,20.019,29.348,2.809,224.937,0.457,-36.731,-7.529,19.96,27.489,2.754,228.754,0.465,-33.174,350.67,24.578,-38.22,19.124,1.771,5.582,5.596,3.127,-0.903,0.096,0.081,2834.351,27174.648
131,1,131,-0.768666667,-1.238,12.702,2.29,2.162,1.962666667,13.49001111,2.154055556,12.44080556,12.39633333,7.020188889,2.636722222,-16.2075,9.917355556,-4.2471,-5.600377778,0.267833333,2.973,234.685,-15.39304444,13.99466667,29.38771111,0.719211111,-13.68317778,13.98966667,27.67284444,1.458583333,-14.31576667,15.01533333,29.3311,0.612111111,-12.57995556,15.05233333,27.63228889,1.516222222,-10.57735556,18.48733333,29.06468889,3.062,253.855,2.019644444,-8.938288889,18.499,27.43728889,3.081,256.196,2.160972222,-10.08288889,19.00233333,29.08522222,7.968222222,-8.203066667,19.04133333,27.2444,7.591433333,-8.920911111,19.965,28.88591111,3.057333333,263.0716667,0.454027778,-37.1068,-7.110622222,19.97,27.08062222,3.092,267.6753333,0.448,-33.69047222,325.3333333,25.59944444,-35.14886667,13.67066667,1.606333333,2.125333333,2.122333333,0.969,-0.683666667,-0.036666667,0.159666667,1926.234333,10699.1695
132,1,132,-0.806666667,-1.238333333,12.43066667,2.04,2.100666667,1.975,13.29567778,2.201388889,12.34780556,11.784,6.904188889,2.600722222,-15.8655,9.598022222,-4.2881,-5.601711111,0.271833333,3.059,239.018,-15.52837778,13.95133333,29.47971111,0.656211111,-14.78917778,13.91333333,28.70251111,1.441583333,-14.37743333,15.00366667,29.3811,0.608777778,-13.65462222,14.97966667,28.63428889,1.539888889,-10.63202222,18.482,29.11402222,3.153333333,256.3216667,2.098977778,-9.831622222,18.56466667,28.39628889,3.105,257.5716667,2.269305556,-10.13655556,18.987,29.12355556,9.120555556,-9.0674,19.093,28.1604,7.705766667,-8.950577778,19.96733333,28.91791111,3.150333333,264.8926667,0.465027778,-36.9988,-8.017622222,20.05,28.06762222,3.136666667,267.6396667,0.464,-33.56680556,325.3333333,26.69544444,-35.1492,13.25733333,1.726666667,2.095666667,2.1,0.827,-0.313666667,-0.005,0.125333333,1783.950333,10942.353
133,1,133,-0.783,-1.239666667,12.81466667,2.098666667,2.059,1.994666667,13.32801111,2.132388889,12.28013889,11.517,6.950855556,2.616388889,-16.31183333,9.660355556,-4.2341,-5.569044444,0.264166667,2.876,225.6976667,-15.19471111,14.00433333,29.19904444,0.759211111,-13.34051111,13.95533333,27.29584444,1.322916667,-14.0911,15.00633333,29.09743333,0.639444444,-12.15795556,15.03266667,27.19062222,1.377555556,-10.31135556,18.476,28.78735556,2.968,244.2296667,2.074644444,-8.457622222,18.507,26.96462222,2.965,245.9716667,1.983972222,-9.819888889,19.00166667,28.82155556,7.651888889,-7.7504,19.019,26.7694,8.165766667,-8.650244444,19.95733333,28.60757778,2.973,253.6733333,0.455027778,-37.1368,-6.690288889,19.95566667,26.64595556,2.995333333,256.8806667,0.451,-33.79380556,317.3333333,25.76877778,-35.14886667,13.61366667,1.682666667,2.13,2.132333333,0.798666667,-0.416333333,0.071,0.137666667,1911.620667,9572.453333
134,1,134,-0.805333333,-1.238333333,12.541,2.070333333,2.042,2.006666667,13.26734444,2.143388889,12.27813889,10.98333333,6.803855556,2.572722222,-16.41183333,9.578688889,-4.2551,-5.580377778,0.261833333,2.898,237.33,-15.18104444,13.99033333,29.17137778,0.740211111,-13.14851111,13.96233333,27.11084444,1.283916667,-14.0441,15.009,29.0531,0.588444444,-12.05962222,15.03133333,27.09095556,1.307222222,-10.26535556,18.48,28.74535556,2.989333333,255.569,2.037644444,-8.382955556,18.52233333,26.90528889,2.962333333,257.491,1.979638889,-9.794888889,18.99333333,28.78822222,7.659555556,-7.738733333,18.99066667,26.7294,8.186766667,-8.611244444,19.96,28.57124444,2.986,264.4373333,0.452027778,-37.0958,-6.701288889,19.914,26.61528889,3.001333333,267.4543333,0.447,-33.60980556,330.6666667,25.76277778,-35.1492,13.298,1.635333333,2.071,2.068333333,0.756666667,-0.435,0.029333333,0.061333333,1890.096333,23930.58267
135,1,135,-0.793666667,-1.237666667,12.66033333,2.130333333,2.019666667,2.061,13.27034444,2.183055556,12.30780556,11.495,6.970522222,2.623722222,-16.02216667,9.557355556,-4.276766667,-5.604377778,0.270833333,3.005666667,227.8046667,-15.49271111,14.06,29.55271111,0.709211111,-14.54751111,13.916,28.46351111,1.468583333,-14.47976667,14.984,29.46376667,0.649444444,-13.44362222,14.96333333,28.40695556,1.563222222,-10.68302222,18.53033333,29.21335556,3.091333333,245.3723333,2.121311111,-9.682622222,18.507,28.18962222,3.094333333,246.493,2.207638889,-10.24755556,18.965,29.21255556,8.811888889,-9.0004,18.96,27.9604,8.133433333,-9.028577778,19.99366667,29.02224444,3.062,254.6133333,0.464027778,-37.0638,-7.831622222,20.03733333,27.86895556,3.081,257.538,0.463,-33.59747222,320,26.41211111,-35.1492,13.412,1.714333333,2.152333333,2.097666667,0.751666667,-0.416,0.132666667,0.036666667,1897.911333,25856.53133
136,1,136,-0.821333333,-1.241666667,12.65733333,2.222,2.071333333,2.056,13.28501111,2.154055556,12.33847222,11.24966667,7.121855556,2.615055556,-16.21816667,9.678022222,-4.287766667,-5.609377778,0.2635,2.865333333,219.365,-15.28904444,13.954,29.24304444,0.734211111,-14.05184444,13.935,27.98684444,1.448916667,-14.1711,14.998,29.1691,0.697777778,-12.95262222,14.957,27.90962222,1.552222222,-10.41368889,18.48466667,28.89835556,2.981333333,237.196,2.100644444,-9.228288889,18.45166667,27.67995556,2.954,238.056,2.236638889,-9.948555556,18.98,28.92855556,9.039555556,-8.5424,18.94833333,27.49073333,8.499433333,-8.738244444,19.97066667,28.70891111,2.958,246.676,0.458694444,-37.38846667,-7.411955556,19.94766667,27.35962222,2.958666667,248.9273333,0.455333333,-33.41147222,312,25.89811111,-35.1492,13.28966667,1.649,2.152,2.102666667,0.632666667,-0.573,0.081,0.046666667,2007.061667,27581.83933
137,1,137,-0.820666667,-1.24,12.50033333,2.168666667,1.975666667,1.972333333,13.05534444,2.252388889,12.16247222,10.25366667,6.585188889,2.625722222,-16.60483333,9.403022222,-4.4071,-5.704711111,0.263833333,2.962333333,231.761,-15.33504444,13.93066667,29.26571111,0.679211111,-14.27351111,13.91366667,28.18717778,1.402583333,-14.1461,14.999,29.1451,0.591777778,-13.09562222,15.021,28.11662222,1.501555556,-10.39802222,18.485,28.88302222,3.040333333,250.4006667,2.030644444,-9.317955556,18.55366667,27.87162222,3.021666667,252.3013333,2.270638889,-9.967555556,18.952,28.91955556,8.771555556,-8.6274,19.046,27.6734,7.902766667,-8.718577778,19.97166667,28.69024444,3.039,259.711,0.453361111,-37.16146667,-7.489622222,20.05166667,27.54128889,3.035666667,263.248,0.451,-33.69313889,328,26.13677778,-35.1492,13.22566667,1.545,2.198666667,2.066,0.725666667,-0.624,0.223333333,0.093333333,1773.962667,14335.42367
138,1,138,-0.766333333,-1.239666667,12.711,2.127,2.064,2.122,12.98801111,2.198388889,11.99780556,10.61266667,7.073855556,2.617055556,-16.35716667,9.289022222,-4.2751,-5.585044444,0.259166667,2.865333333,223.859,-15.41171111,14.026,29.43771111,0.702544444,-14.66417778,13.952,28.61617778,1.492583333,-14.27176667,15.00833333,29.2801,0.649777778,-13.60662222,14.962,28.56862222,1.576888889,-10.51502222,18.50666667,29.02168889,2.943333333,242.797,2.117311111,-9.829288889,18.517,28.34628889,2.946,243.7993333,2.279638889,-10.04888889,19.01333333,29.06222222,8.853888889,-9.1494,18.95866667,28.10806667,7.8181,-8.836911111,20.00733333,28.84424444,2.927,252.3083333,0.456027778,-36.6388,-7.979288889,20.04466667,28.02395556,2.963,255.003,0.456666667,-33.64980556,317.3333333,26.60344444,-35.1492,13.381,1.621,2.090666667,2.041666667,0.670333333,-0.506333333,0.027,-0.081333333,1819.81,11983.376
139,1,139,-0.772,-1.237,12.64666667,2.127666667,2.061666667,2.078,13.38167778,2.190055556,12.42980556,11.61933333,7.025188889,2.613388889,-15.88516667,9.733022222,-4.2651,-5.591711111,0.264166667,2.93,230.385,-15.41171111,14.07766667,29.48937778,0.724877778,-14.22551111,13.92133333,28.14684444,1.462916667,-14.4291,14.98466667,29.41376667,0.634444444,-13.11895556,14.96266667,28.08162222,1.540555556,-10.66802222,18.49866667,29.16668889,2.973,248.9443333,1.983311111,-9.384955556,18.483,27.86795556,3.021666667,250.4763333,2.117638889,-10.20755556,18.96466667,29.17222222,8.622222222,-8.6994,18.97866667,27.67806667,7.8151,-8.991577778,19.994,28.98557778,3.04,258.6426667,0.455361111,-37.1688,-7.622622222,19.95966667,27.58228889,3.031666667,261.4376667,0.451,-33.73447222,314.6666667,26.07277778,-35.14886667,13.27633333,1.620666667,2.054333333,2.127333333,0.629333333,-0.507,-0.007666667,0.049333333,1832.434333,9846.553333
140,1,140,-0.773666667,-1.24,12.88166667,2.169,2.098,2.031333333,13.16401111,2.219055556,12.08580556,10.86566667,6.856522222,2.646722222,-16.29883333,9.413355556,-4.374766667,-5.708377778,0.275166667,3.134666667,245.8773333,-15.44871111,14.031,29.47971111,0.659211111,-14.27851111,13.97433333,28.25284444,1.409916667,-14.35043333,15.038,29.38843333,0.578444444,-13.17128889,14.979,28.15028889,1.478222222,-10.55702222,18.57233333,29.12935556,3.172333333,264.13,2.062644444,-9.423622222,18.49233333,27.91595556,3.185666667,265.6566667,2.104305556,-10.09188889,19.06533333,29.15722222,8.728222222,-8.7354,18.977,27.7124,8.027766667,-8.879911111,20.054,28.93391111,3.209666667,273.031,0.464027778,-37.04413333,-7.622622222,19.973,27.59562222,3.203333333,276.3543333,0.457,-33.73447222,330.6666667,26.11277778,-35.1492,13.51966667,1.622333333,2.26,2.061,0.638333333,-0.547,0.161666667,0.029666667,1656.164667,11665.30867
141,1,141,-0.814,-1.239666667,12.46233333,2.098333333,2.091,2.088,13.30234444,2.134388889,12.45347222,12.06433333,7.223522222,2.611055556,-16.36183333,9.752688889,-4.3851,-5.668044444,0.2615,2.854666667,230.2773333,-15.38071111,13.97266667,29.35337778,0.692877778,-13.99717778,13.92466667,27.92184444,1.39225,-14.2801,14.96133333,29.24143333,0.600777778,-12.85628889,14.99966667,27.85595556,1.483555556,-10.55702222,18.441,28.99802222,2.935666667,248.307,1.934311111,-9.135955556,18.49266667,27.62862222,2.981333333,250.7476667,2.178305556,-10.09188889,18.94533333,29.03722222,8.571888889,-8.449733333,18.98566667,27.4354,7.893433333,-8.879911111,19.94833333,28.82824444,2.975666667,257.6353333,0.448361111,-37.43913333,-7.353288889,19.94733333,27.30062222,2.972666667,261.9476667,0.443,-33.72947222,328,25.87011111,-35.14853333,13.19066667,1.58,2.179333333,2.051333333,0.728,-0.518,0.088333333,-0.036666667,1789.307,10889.79767
142,1,142,-0.798333333,-1.239333333,12.737,2.168,1.965666667,2.103,13.20101111,2.144722222,12.24347222,10.44866667,6.681855556,2.632722222,-16.2785,9.500355556,-4.275766667,-5.604044444,0.262833333,2.908666667,227.4606667,-15.41071111,14.07466667,29.48537778,0.737877778,-14.10351111,13.92666667,28.03017778,1.449583333,-14.31376667,15.04566667,29.35943333,0.638777778,-12.96395556,14.98066667,27.94462222,1.533222222,-10.55702222,18.53766667,29.09468889,2.965,246.7453333,2.032977778,-9.242288889,18.47666667,27.71895556,2.935333333,248.103,2.128305556,-10.09188889,19.03766667,29.12955556,8.592888889,-8.555066667,18.96766667,27.52273333,8.2081,-8.879911111,20.02966667,28.90957778,2.954666667,256.4006667,0.455027778,-37.09146667,-7.447622222,19.95266667,27.40028889,2.989333333,259.397,0.449666667,-33.77747222,333.3333333,25.91477778,-35.1492,13.36533333,1.664666667,2.054,2.092666667,0.628666667,-0.502666667,0.088333333,-0.01,1751.896667,10062.55233
143,1,143,-0.773,-1.238,12.8735,2.193,2.193,2.1725,13.22301111,2.157555556,12.09263889,10.1535,6.406355556,2.590888889,-16.8665,9.557855556,-4.215766667,-5.577044444,0.262833333,2.914,235.3306667,-15.26021111,13.939,29.19921111,0.684711111,-14.08401111,13.9795,28.06351111,1.47275,-14.10526667,14.999,29.10426667,0.597777778,-12.98428889,14.9985,27.98278889,1.518722222,-10.34902222,18.484,28.83302222,3.035,254.1945,2.015811111,-9.261122222,18.4915,27.75262222,3.0025,255.896,2.188138889,-9.881888889,18.982,28.86388889,8.596722222,-8.6314,18.926,27.5574,8.355933333,-8.669911111,19.968,28.63791111,3.008,263.463,0.450027778,-37.13946667,-7.523622222,19.9185,27.44212222,3.012,265.997,0.443,-33.74813889,324,25.99094444,-35.1492,13.8085,1.6525,2.185,2.151,0.935,-0.5405,-0.007,-0.0225,1770.6055,19325.7195
144,1,144,-0.805333333,-1.239333333,12.69633333,2.165666667,2.093333333,2.004666667,13.31567778,2.164722222,12.35047222,11.414,6.703855556,2.617388889,-16.38016667,9.668688889,-4.296433333,-5.638377778,0.257166667,2.747,224.1816667,-15.23804444,13.943,29.18104444,0.740544444,-14.09117778,13.95766667,28.04884444,1.537916667,-14.12076667,14.96766667,29.08843333,0.649444444,-12.98495556,14.98666667,27.97162222,1.600222222,-10.33802222,18.48566667,28.82368889,2.819666667,242.87,2.035644444,-9.261288889,18.481,27.74228889,2.860333333,243.934,2.187638889,-9.882222222,18.97733333,28.85955556,9.013222222,-8.5854,18.95666667,27.54206667,8.139766667,-8.660577778,19.97,28.63057778,2.822666667,252.3946667,0.449694444,-37.1588,-7.478288889,19.944,27.42228889,2.843,254.6716667,0.445666667,-33.66813889,325.3333333,25.97577778,-35.1492,13.39433333,1.722,2.149666667,2.12,0.698,-0.444,0.056333333,0.115333333,1779.711333,11048.97367
145,1,145,-0.807333333,-1.241,12.66133333,2.104,2.061333333,2.139666667,13.22167778,2.154055556,12.22247222,11.14533333,6.749855556,2.606055556,-16.15116667,9.483022222,-4.292433333,-5.615377778,0.268833333,3.037666667,238.061,-15.48471111,13.942,29.42671111,0.681544444,-13.98684444,13.943,27.92984444,1.41225,-14.38876667,14.98466667,29.37343333,0.596777778,-12.92762222,14.966,27.89362222,1.485888889,-10.61435556,18.49833333,29.11268889,3.148333333,256.4456667,2.017644444,-9.245288889,18.44933333,27.69462222,3.104666667,257.9613333,2.065638889,-10.15588889,18.96533333,29.12122222,8.525222222,-8.567733333,18.948,27.51573333,8.0181,-8.939244444,19.99366667,28.93291111,3.136666667,265.6873333,0.453027778,-37.0848,-7.461955556,19.94266667,27.40462222,3.123333333,268.9813333,0.445666667,-33.83613889,314.6666667,25.91311111,-35.14886667,13.35733333,1.697666667,2.184,2.102666667,0.696,-0.406333333,0.122666667,-0.037,1852.324,9950.062333
146,1,146,-0.775666667,-1.242,12.64933333,2.247333333,2.122666667,2.036,13.20934444,2.124388889,12.19613889,10.64,6.864855556,2.603388889,-16.52083333,9.547688889,-4.252433333,-5.589377778,0.2665,2.908666667,223.7943333,-15.38371111,14.04266667,29.42637778,0.729211111,-14.24284444,13.93133333,28.17417778,1.478583333,-14.27676667,15.06333333,29.3401,0.683111111,-13.14028889,14.98333333,28.12362222,1.578222222,-10.50902222,18.56533333,29.07435556,3.019,242.163,2.135977778,-9.376622222,18.52566667,27.90228889,2.954333333,243.179,2.264638889,-10.04788889,19.07166667,29.11955556,8.616555556,-8.7054,19.01266667,27.71806667,7.892766667,-8.831911111,20.074,28.90591111,2.995333333,251.933,0.461694444,-36.91713333,-7.584955556,20.02366667,27.60862222,2.988666667,254.433,0.458,-33.35713889,320,26.12844444,-35.14886667,13.26533333,1.728333333,2.098333333,2.154,0.616,-0.519333333,-0.024333333,0.118,1797.006,15487.68833
147,1,147,-0.908,-1.237,12.357,2.186,1.983,1.984666667,13.14934444,2.262388889,12.33247222,11.42166667,6.196855556,2.709722222,-17.08316667,9.634022222,-4.509766667,-5.797044444,0.2485,2.660666667,207.496,-15.09271111,13.98133333,29.07404444,0.814544444,-13.46951111,13.95666667,27.42617778,1.55925,-14.00143333,15.003,29.00443333,0.697444444,-12.39162222,15.01766667,27.40928889,1.603222222,-10.25702222,18.48666667,28.74368889,2.696,227.7403333,2.040644444,-8.720622222,18.512,27.23262222,2.755,229.5356667,2.275972222,-9.811888889,18.984,28.79588889,7.828555556,-8.057066667,18.991,27.04806667,7.892433333,-8.612577778,19.97033333,28.58291111,2.731666667,237.9536667,0.436027778,-37.47246667,-6.991288889,19.92766667,26.91895556,2.728333333,241.0396667,0.429666667,-33.86280556,336,25.41511111,-35.14886667,12.87166667,1.618666667,1.973,1.928333333,0.514333333,-0.567,-0.009666667,-0.056333333,1901.111667,21996.257
148,1,148,-0.773666667,-1.240666667,12.56066667,2.129333333,2.000333333,2.017,13.23867778,2.182722222,12.36413889,11.02666667,6.990522222,2.625388889,-16.69716667,9.690688889,-4.3161,-5.605044444,0.253833333,2.682333333,203.303,-14.80204444,14,28.80204444,0.764877778,-13.95851111,13.98633333,27.94484444,1.535583333,-13.7371,15.001,28.7381,0.751777778,-12.86428889,15.03766667,27.90195556,1.645555556,-9.983355556,18.48066667,28.46402222,2.779333333,221.7196667,2.192977778,-9.150622222,18.513,27.66362222,2.782,222.0826667,2.417305556,-9.548222222,18.973,28.52122222,9.161888889,-8.4784,19.02833333,27.50673333,8.0631,-8.159577778,19.973,28.13257778,2.791,232.227,0.451027778,-37.45313333,-7.379622222,20.00233333,27.38195556,2.783,233.415,0.449666667,-33.22747222,328,26.04311111,-35.1492,13.18466667,1.662,2.115666667,2.038666667,0.623666667,-0.467,0.115333333,0.022,1906.377,10404.15133
149,1,149,-0.768,-1.238,12.90866667,2.129333333,2.164666667,2.129666667,13.46934444,2.133722222,12.36047222,11.851,6.779522222,2.619055556,-16.19916667,9.822688889,-4.197433333,-5.561377778,0.268166667,2.995,226.9446667,-15.55437778,13.92666667,29.48104444,0.686544444,-14.44051111,13.92766667,28.36817778,1.42825,-14.44076667,14.97933333,29.4201,0.685777778,-13.35162222,14.97366667,28.32528889,1.537555556,-10.66235556,18.50933333,29.17168889,3.043,243.4313333,2.115311111,-9.591955556,18.50366667,28.09562222,3.056666667,244.528,2.251972222,-10.22322222,18.96233333,29.18555556,9.555888889,-8.9284,18.965,27.8934,8.620433333,-8.985911111,20.01466667,29.00057778,3.062333333,252.323,0.466361111,-37.29113333,-7.773622222,20.03233333,27.80595556,3.049666667,255.264,0.467333333,-33.59513889,320,26.36811111,-35.14886667,13.79,1.626666667,2.147333333,2.198333333,0.881666667,-0.502333333,-0.017,0.068666667,1919.406333,10283.67133
150,1,150,-0.818666667,-1.24,12.503,2.164666667,2.169333333,2.043666667,13.25234444,2.206388889,12.26980556,11.42466667,6.969188889,2.581055556,-16.18816667,9.551022222,-4.280766667,-5.598711111,0.2735,3.016333333,243.146,-15.27471111,14.05966667,29.33437778,0.693211111,-14.32251111,13.92533333,28.24784444,1.45625,-14.20943333,15.044,29.25343333,0.614111111,-13.22362222,14.98033333,28.20395556,1.541555556,-10.44635556,18.55066667,28.99702222,3.096666667,261.8746667,2.085311111,-9.482955556,18.49433333,27.97728889,3.115666667,262.7916667,2.096972222,-9.998555556,19.04266667,29.04122222,9.296888889,-8.8014,18.96866667,27.77006667,8.394433333,-8.791244444,20.022,28.81324444,3.111,271.0083333,0.465027778,-37.0828,-7.662622222,20.00233333,27.66495556,3.119666667,273.5093333,0.462,-33.53580556,312,26.23611111,-35.1492,13.21766667,1.687333333,2.058666667,1.989666667,0.715,-0.477333333,-0.110333333,-0.054333333,1826.826,23217.847
151,1,151,-0.818666667,-1.241,12.642,2.132666667,2.095666667,2.093,13.36034444,2.162388889,12.31147222,11.83866667,6.978855556,2.584722222,-16.28516667,9.738022222,-4.2351,-5.590044444,0.263166667,2.908666667,220.193,-15.27471111,14.05466667,29.32937778,0.738544444,-14.02984444,13.91866667,27.94851111,1.493583333,-14.18576667,15.01366667,29.19943333,0.674777778,-12.90162222,14.967,27.86862222,1.587888889,-10.42202222,18.49966667,28.92168889,2.924666667,239.0423333,2.044644444,-9.188622222,18.46633333,27.65495556,2.940666667,240.3083333,2.181972222,-9.973888889,18.99566667,28.96955556,8.832222222,-8.4734,18.98366667,27.45706667,8.120766667,-8.732911111,20.00566667,28.73857778,2.957,248.9016667,0.458027778,-37.0418,-7.363622222,19.96033333,27.32395556,2.964666667,251.7106667,0.453333333,-33.49713889,322.6666667,25.81377778,-35.1492,13.387,1.567666667,2.127666667,2.125,0.745,-0.564666667,0.031666667,0.032,1766.327333,17642.537
152,1,152,-0.801666667,-1.239,12.68933333,2.180666667,2.076333333,2.007,13.20701111,2.254388889,12.34447222,11.851,7.040522222,2.598388889,-16.03683333,9.621355556,-4.403433333,-5.685711111,0.264166667,2.973,233.234,-15.19871111,13.95666667,29.15537778,0.665877778,-14.21151111,13.92766667,28.13917778,1.43025,-14.0711,14.967,29.0381,0.596444444,-13.01828889,15.05966667,28.07795556,1.503888889,-10.27135556,18.48833333,28.75968889,3.040333333,250.769,2.042644444,-9.292622222,18.539,27.83162222,3.037666667,252.153,2.255638889,-9.818888889,18.97733333,28.79622222,8.599888889,-8.6074,19.03333333,27.64073333,7.864433333,-8.592244444,19.97266667,28.56491111,3.043333333,259.934,0.452027778,-37.1158,-7.489622222,20.024,27.51362222,3.049,262.9046667,0.448666667,-33.74113889,320,26.12277778,-35.1492,13.36166667,1.559666667,2.147333333,2.019,0.672,-0.621,0.071,0.012,1761.999667,18361.60767
153,1,153,-0.778,-1.238666667,12.46033333,2.157333333,2.042,1.977333333,13.22667778,2.184722222,12.27447222,10.58833333,6.810188889,2.602055556,-16.93183333,9.629022222,-4.2921,-5.623044444,0.260833333,2.908666667,224.7943333,-15.25571111,14.029,29.28471111,0.724211111,-14.08551111,13.91566667,28.00117778,1.477583333,-14.15576667,15.011,29.16676667,0.622444444,-12.95162222,14.96133333,27.91295556,1.580555556,-10.38202222,18.51666667,28.89868889,2.997,244.939,2.029644444,-9.232955556,18.461,27.69395556,3.021666667,246.02,2.140972222,-9.931888889,19.016,28.94788889,8.263222222,-8.5484,18.94933333,27.49773333,7.7591,-8.694911111,20.017,28.71191111,3.009666667,255.061,0.450361111,-37.09513333,-7.431288889,19.93966667,27.37095556,3.006333333,257.7566667,0.443666667,-33.70080556,330.6666667,25.84244444,-35.1492,13.139,1.719333333,2.068666667,2.012,0.678333333,-0.438333333,0.026666667,0.034333333,1756.572,12353.42633
154,1,154,-0.801666667,-1.243,12.648,2.121,2.071333333,1.953,13.36867778,2.142388889,12.29513889,11.095,6.760188889,2.584055556,-16.48083333,9.785355556,-4.221433333,-5.560711111,0.264166667,2.854333333,219.1286667,-15.25571111,14.042,29.29771111,0.727544444,-14.09384444,13.93566667,28.02951111,1.45925,-14.15576667,15.06533333,29.2211,0.709111111,-13.00128889,14.96033333,27.96162222,1.556222222,-10.38202222,18.559,28.94102222,2.954333333,236.4136667,2.146977778,-9.277622222,18.459,27.73662222,2.964666667,237.0586667,2.282972222,-9.931888889,19.05966667,28.99155556,8.657222222,-8.5924,18.96566667,27.55806667,8.335433333,-8.694911111,20.067,28.76191111,2.969,245.9706667,0.460361111,-36.9678,-7.474622222,19.96466667,27.43928889,2.967,247.834,0.456,-33.44047222,328,25.95311111,-35.1492,13.393,1.508,2.127666667,2.080333333,0.745,-0.613333333,0.056333333,0.127666667,1691.415,16828.72667
155,1,155,-0.805,-1.237,12.607,2.266,2.211,1.98,13.23867778,2.186055556,12.26247222,10.71433333,6.718855556,2.639722222,-16.3815,9.532022222,-4.2901,-5.599377778,0.263833333,2.897666667,229.557,-15.32604444,13.989,29.31504444,0.727211111,-14.12151111,14.06466667,28.18617778,1.542916667,-14.28876667,14.98666667,29.27543333,0.631111111,-13.12562222,14.98566667,28.11128889,1.582888889,-10.52635556,18.497,29.02335556,2.997333333,248.6776667,1.970977778,-9.404288889,18.49166667,27.89595556,2.989,249.8043333,2.150305556,-10.07822222,18.96766667,29.04588889,8.641888889,-8.7224,18.97066667,27.69306667,8.068766667,-8.849577778,19.99566667,28.84524444,2.988333333,258.4046667,0.455027778,-37.28213333,-7.594622222,19.995,27.58962222,2.99,261.1313333,0.450666667,-33.53913889,325.3333333,26.06644444,-35.1492,13.34966667,1.662333333,2.13,2.011666667,0.742,-0.604,-0.081,0.032,1976.651333,19711.871
