Header Section,,,,,,,,,,,,,,,,,,,,,,,,,,,,,,,,,
Product,VC5717,,,,,,,,,,,,,,,,,,,,,,,,,,,,,,,,
Test Plan,Rev(B),,,,,,,,,,,,,,,,,,,,,,,,,,,,,,,,
Release Date,2019/2/26 0:00,,,,,,,,,,,,,,,,,,,,,,,,,,,,,,,,
Comment,#16-25/J11.2,,,,,,,,,,,,,,,,,,,,,,,,,,,,,,,,
,,,,,,,,,,,,,,,,,,,,,,,,,,,,,,,,,
Data Section,,,,,,,,,,,,,,,,,,,,,,,,,,,,,,,,,
Device#,1,2,3,4,5,6,7,8,9,10,11,12,13,14,15,16,17,18,19,20,21,22,23,24,25,26,27,28,29,30,31,32,33
Test Item,Site No,Device ID,Pin_LNA_5150MHz,Pout_LNA_5150MHz,Gain_LNA_5150MHz,Icc_LNA_Vbat_5150MHz,NoiseFig_LNA_5150MHz,IIP3_LNA_5850MHz,Pin_Bypass_5850MHz,Pout_Bypass_5850MHz,Gain_Bypass_5850MHz,Icc_Bypass_Vbat_5850MHz,Idle_Vbat_PA,Idle_Vcc_PA,Pin_PA_5150MHz,Pout_PA_5150MHz,Gain_PA_5150MHz,Icc_Vbat_PA_5150MHz,Icc_Vcc_PA_5150MHz,PAE_PA_5150MHz,Evm_PA_5150MHz,Pin_PA_5850MHz,Pout_PA_5850MHz,Gain_PA_5850MHz,Icc_Vbat_PA_5850MHz,Icc_Vcc_PA_5850MHz,PAE_PA_5850MHz,Evm_PA_5850MHz,Isolation_5850MHz,Leakage_Vbat_uA,Leakage_Vcc_uA,Test_Time,Index_Time
Low Tolerance,,,,0.3,,,0.3,1.5,,0.3,,,,15,0.3,,,,30,,0.5,0.3,,,,30,,0.5,1.5,5,5,,
High Tolerance,,,,0.3,,,0.3,1.5,,0.3,,,,15,0.5,,,,30,,0.5,0.5,,,,30,,0.5,1.5,5,5,,
Enable,,,,1,,,1,1,,1,,,,1,1,,,,1,,1,1,,,,1,,1,1,1,1,,
16,1,16,-25,-12.815,12.185,9.924,2.766,5.111,-13,-21.907,-8.907,10.97,4.052,267.683,-12.764,17.97,30.734,4.801,332.303,3.714,0.672,-10.016,17.993,28.008,4.915,349.753,3.874,1.194,-38.24,3.433,1.978,372.567,538010.681
17,1,17,-25,-12.873,12.127,10.256,2.969,4.575,-13,-21.905,-8.905,10.861,3.665,247.118,-12.313,17.973,30.286,4.527,324.39,3.809,0.889,-9.094,17.189,26.283,4.64,331.36,3.413,1.27,-39.111,3.463,1.87,471.653,61598.373
18,1,18,-25,-12.878,12.122,10.559,2.852,5.17,-13,-21.935,-8.935,10.839,3.665,241.928,-12.303,17.965,30.268,4.553,317.998,3.877,0.966,-9.305,17.161,26.467,4.669,328.195,3.427,1.324,-40.281,3.395,1.846,461.061,31886.826
19,1,19,-25,-12.895,12.105,9.959,2.935,4.941,-13,-21.982,-8.982,10.827,3.762,242.669,-12.331,17.96,30.29,4.566,313.917,3.922,0.874,-9.269,17.228,26.497,4.656,322.174,3.551,1.312,-40.33,3.376,2.079,450.134,17115.944
20,1,20,-25,-12.639,12.361,11.489,2.857,5.008,-13,-21.881,-8.881,10.66,3.342,212.563,-12.038,17.966,30.004,4.072,277.824,4.437,1.111,-8.689,17.976,26.665,4.075,291.403,4.717,1.582,-40.391,3.266,2.089,416.52,23315.603
21,1,21,-25,-12.938,12.062,10.666,3.005,5.746,-13,-22.006,-9.006,11.046,4.67,271.577,-8.551,22.03,30.581,5.955,387.513,7.911,1.614,-6.305,21.335,27.64,6.351,396.368,5.372,1.36,-39.45,3.778,1.596,473.247,7192.725
22,1,22,-25,-12.845,12.155,10.405,3.042,5.157,-13,-21.993,-8.993,10.819,4.433,241.153,-8.331,22.03,30.361,5.622,345.884,8.856,1.457,-5.978,21.683,27.661,6.022,369.126,6.249,2.032,-39.176,3.781,1.562,431.455,7635.41
23,1,23,-25,-12.955,12.045,10.145,3.017,5.346,-13,-22.022,-9.022,10.86,4.412,235.469,-8.267,22.053,30.32,5.602,344.288,8.943,1.585,-5.839,22.018,27.857,5.916,366.385,6.784,2.09,-39.246,3.662,1.521,390.022,7262.613
24,1,24,-25,-13.016,11.984,9.836,3.072,5.561,-13,-22.025,-9.025,11.011,4.573,253.764,-8.347,22.03,30.377,5.726,357.253,8.576,1.41,-6.393,21.943,28.336,6.2,385.196,6.344,2.147,-39.249,3.832,1.606,426.394,6687.873
25,1,25,-25,-12.954,12.046,10.592,3.021,5.387,-13,-22.082,-9.082,10.975,4.95,292.439,-8.431,22.06,30.491,6.272,408.894,7.55,1.57,-6.88,21.896,28.775,6.699,425.842,5.677,2.392,-39.188,4.047,1.655,477.25,6892.609
