Header Section,,,,,,,,,,,,,,,,,,,,,,,,,,,,,,,,,,,,
Product,VC5717,,,,,,,,,,,,,,,,,,,,,,,,,,,,,,,,,,,
Test Plan,Rev(A),,,,,,,,,,,,,,,,,,,,,,,,,,,,,,,,,,,
Release Date,2018/8/6 0:00,,,,,,,,,,,,,,,,,,,,,,,,,,,,,,,,,,,
Comment,#1-15/J4.1,,,,,,,,,,,,,,,,,,,,,,,,,,,,,,,,,,,
,,,,,,,,,,,,,,,,,,,,,,,,,,,,,,,,,,,,
Data Section,,,,,,,,,,,,,,,,,,,,,,,,,,,,,,,,,,,,
Device#,1,2,3,4,5,6,7,8,9,10,11,12,13,14,15,16,17,18,19,20,21,22,23,24,25,26,27,28,29,30,31,32,33,34,35,36
Test Item,Site No,Device ID,Pin_LNA_5150MHz,Pout_LNA_5150MHz,Gain_LNA_5150MHz,Icc_LNA_Vbat_5150MHz,NoiseFig_LNA_5150MHz,IIP3_LNA_5850MHz,Pin_Bypass_5850MHz,Pout_Bypass_5850MHz,Gain_Bypass_5850MHz,Icc_Bypass_Vbat_5850MHz,Idle_Vbat_PA,Idle_Vcc_PA,Idle_Total_PA,Pin_PA_5150MHz,Pout_PA_5150MHz,Gain_PA_5150MHz,Icc_Vbat_PA_5150MHz,Icc_Vcc_PA_5150MHz,Icc_Total_PA_5150MHz,PAE_PA_5150MHz,Evm_PA_5150MHz,Pin_PA_5850MHz,Pout_PA_5850MHz,Gain_PA_5850MHz,Icc_Vbat_PA_5850MHz,Icc_Vcc_PA_5850MHz,Icc_Total_PA_5850MHz,PAE_PA_5850MHz,Evm_PA_5850MHz,Isolation_5850MHz,Leakage_Vbat_uA,Leakage_Vcc_uA,Test_Time,Index_Time
Low Tolerance,,,,0.3,,,0.3,1.5,,0.3,,,,,10,0.3,,,,,30,,0.5,0.3,,,,,30,,0.5,1.5,5,5,,
High Tolerance,,,,0.3,,,0.3,1.5,,0.3,,,,,10,0.5,,,,,30,,0.5,0.5,,,,,30,,0.5,1.5,5,5,,
Enable,,,,1,,,1,1,,1,,,,,1,1,,,,,1,,1,1,,,,,1,,1,1,1,1,,
2,1,2,-25,-13.555,11.445,10.511,3.201,5.381,-13,-21.267,-8.267,10.733,5.456,304.59,310.046,-8.613,21.969,30.582,6.157,372.5,378.657,5.026,1.846,-5.466,21.962,27.428,6.451,382.546,388.997,4.255,2.804,-44.189,6.748,1.83,485.712,10161.235
12,1,12,-25,-13.28,11.72,10.897,3.154,5.338,-13,-21.272,-8.272,10.321,10.223,465.397,475.62,-8.414,21.978,30.392,6.884,401.138,408.021,4.687,1.89,-5.629,21.981,27.61,7.25,412.716,419.966,3.976,2.807,-41.569,6.718,1.838,468.022,12728.557
3,1,3,-25,-13.557,11.443,10.721,3.017,6.406,-13,-21.289,-8.289,10.599,5.218,274.23,279.448,-8.389,22.049,30.438,5.812,352.274,358.085,5.396,1.904,-5.44,22.041,27.481,6.28,363.727,370.007,4.544,2.804,-42.925,6.464,1.834,469.09,52688.416
4,1,4,-25,-13.542,11.458,10.255,2.851,6.429,-13,-21.419,-8.419,10.558,5.089,266.689,271.778,-8.608,21.961,30.569,5.56,340.602,346.162,5.463,1.812,-5.856,21.987,27.843,6.064,359.919,365.983,4.534,2.682,-42.948,6.304,1.774,405.671,54066.2
5,1,5,-25,-13.765,11.235,10.317,2.922,6.655,-13,-21.397,-8.397,10.799,5.089,283.414,288.503,-8.522,21.953,30.475,5.657,357.465,363.122,5.208,1.873,-5.504,21.982,27.486,6.189,366.635,372.825,4.451,2.601,-42.945,7.081,1.797,450.448,51798.084
7,1,7,-25,-13.571,11.429,11.541,2.998,6.549,-13,-21.292,-8.292,10.208,5.96,319.543,325.503,-8.636,22,30.636,6.335,380.351,386.686,4.957,1.823,-5.969,21.993,27.962,6.925,396.095,403.021,4.149,2.739,-42.926,6.152,1.835,392.01,47714.279
8,1,8,-25,-13.793,11.207,10.076,2.996,6.567,-13,-21.395,-8.395,10.584,5.121,257.471,262.592,-8.516,21.996,30.512,5.579,335.776,341.355,5.58,1.835,-6.269,21.957,28.226,6.051,353.997,360.047,4.574,2.555,-42.928,6.352,1.78,381.76,57354.153
11,1,11,-25,-13.581,11.419,10.88,3.027,6.827,-13,-21.295,-8.295,10.328,6.509,355.344,361.853,-8.456,21.95,30.406,6.909,406.165,413.074,4.599,1.842,-5.218,21.927,27.145,7.49,402.69,410.181,4.017,3.036,-42.927,6.704,1.814,481.882,60797.76
13,1,13,-25,-13.632,11.368,10.571,2.94,6.615,-13,-21.367,-8.367,10.713,5.282,272.683,277.965,-8.648,21.953,30.601,5.747,348.377,354.124,5.335,1.846,-5.932,21.993,27.925,6.28,364.564,370.844,4.485,2.666,-42.927,6.545,1.772,426.213,81621.063
15,1,15,-25,-13.803,11.197,10.123,2.898,6.421,-13,-21.431,-8.431,10.798,5.315,274.553,279.867,-8.374,21.959,30.333,5.899,350.984,356.883,5.302,1.928,-5.331,21.998,27.329,6.448,358.6,365.048,4.555,2.868,-42.935,7.744,1.892,472.177,74892.296
