Header Section,,,,,,,,,,,,,,,,,,,,,,,,,,,,,,,,,
Product,VC5712,,,,,,,,,,,,,,,,,,,,,,,,,,,,,,,,
Test Plan,Rev(B),,,,,,,,,,,,,,,,,,,,,,,,,,,,,,,,
Release Date,2018/9/27 0:00,,,,,,,,,,,,,,,,,,,,,,,,,,,,,,,,
Comment,#1-25/J6.1,,,,,,,,,,,,,,,,,,,,,,,,,,,,,,,,
,,,,,,,,,,,,,,,,,,,,,,,,,,,,,,,,,
Data Section,,,,,,,,,,,,,,,,,,,,,,,,,,,,,,,,,
Device#,1,2,3,4,5,6,7,8,9,10,11,12,13,14,15,16,17,18,19,20,21,22,23,24,25,26,27,28,29,30,31,32,33
Test Item,Site No,Device ID,Pin_LNA_5150MHz,Pout_LNA_5150MHz,Gain_LNA_5150MHz,Icc_LNA_Vbat_5150MHz,NoiseFig_LNA_5150MHz,IIP3_LNA_5850MHz,Pin_Bypass_5850MHz,Pout_Bypass_5850MHz,Gain_Bypass_5850MHz,Icc_Bypass_Vbat_5850MHz,Idle_Vbat_PA,Idle_Vcc_PA,Pin_PA_5150MHz,Pout_PA_5150MHz,Gain_PA_5150MHz,Icc_Vbat_PA_5150MHz,Icc_Vcc_PA_5150MHz,PAE_PA_5150MHz,Evm_PA_5150MHz,Pin_PA_5850MHz,Pout_PA_5850MHz,Gain_PA_5850MHz,Icc_Vbat_PA_5850MHz,Icc_Vcc_PA_5850MHz,PAE_PA_5850MHz,Evm_PA_5850MHz,Isolation_5850MHz,Leakage_Vbat_uA,Leakage_Vcc_uA,Test_Time,Index_Time
Low Tolerance,,,,0.3,,,0.3,1.5,,0.3,,,,,0.3,,,,30,,0.5,0.3,,,,30,,0.5,1.5,5,5,,
High Tolerance,,,,0.3,,,0.3,1.5,,0.3,,,,,0.5,,,,30,,0.5,0.5,,,,30,,0.5,1.5,5,5,,
Enable,,,,1,,,1,1,,1,,,,,1,,,,1,,1,1,,,,1,,1,1,1,1,,
1,1,1,-25,-13.754,11.246,10.758,2.822,6.121,-13,-22.014,-9.014,10.759,4.993,275.838,-8.556,21.98,30.536,5.697,337.6,8.117,1.793,-5.808,21.941,27.749,6.144,361.611,7.472,2.46,-37.459,5.948,1.612,447.858,141944.184
2,1,2,-25,-13.891,11.109,10.235,2.846,5.949,-13,-22.039,-9.039,11.006,5.025,278.131,-8.73,21.975,30.705,5.715,336.862,8.123,1.827,-5.805,21.961,27.766,6.251,365.082,7.443,2.606,-37.177,5.803,1.561,440.538,15613.823
3,1,3,-25,-13.792,11.208,10.472,2.882,6.211,-13,-21.926,-8.926,10.432,4.928,265.187,-8.563,21.974,30.537,5.658,328.802,8.294,1.815,-5.674,21.968,27.642,6.121,355.767,7.625,2.524,-38.095,5.529,1.617,446.78,13279.622
4,1,4,-25,-13.757,11.243,10.962,2.92,6.155,-13,-21.973,-8.973,10.439,5.09,269.214,-8.575,21.966,30.541,5.748,327.458,8.307,1.958,-5.628,21.977,27.605,6.276,356.777,7.619,2.68,-37.613,5.996,1.514,451.376,25978.538
5,1,5,-25,-13.87,11.13,10.167,2.96,5.976,-13,-22.044,-9.044,10.885,4.864,258.977,-8.42,21.965,30.385,5.606,326.01,8.34,1.749,-5.653,21.966,27.619,6.052,354.058,7.655,2.364,-37.149,5.721,1.554,465.916,17360.158
6,1,6,-25,-13.837,11.163,10.594,2.909,5.795,-13,-22.009,-9.009,10.852,4.745,250.608,-8.484,21.994,30.478,5.517,320.399,8.525,1.959,-5.941,21.986,27.927,5.948,350.703,7.757,2.305,-37.881,5.756,1.529,425.169,13139.46
7,1,7,-25,-13.832,11.168,9.725,2.904,6.226,-13,-21.996,-8.996,10.756,4.584,247.769,-8.646,21.959,30.605,5.239,312.474,8.649,1.77,-5.725,21.953,27.678,5.774,341.676,7.875,2.22,-37.257,5.714,1.513,440.851,21762.989
8,1,8,-25,-13.88,11.12,10.376,2.893,5.997,-13,-22.051,-9.051,10.888,4.735,255.515,-8.697,21.96,30.657,5.455,322.426,8.415,1.714,-5.897,21.966,27.863,5.874,353.167,7.675,2.144,-37.472,5.705,1.602,432.661,15221.05
9,1,9,-25,-13.824,11.176,10.569,2.803,5.945,-13,-22,-9,10.806,4.896,284.024,-8.655,21.998,30.653,5.649,355.186,7.799,1.674,-5.714,21.958,27.672,6.077,377.34,7.23,2.294,-37.443,5.707,1.595,455.814,13180.648
10,1,10,-25,-13.697,11.303,10.461,2.893,6.249,-13,-21.889,-8.889,10.728,4.929,268.377,-8.691,21.995,30.686,5.714,333.512,8.233,1.844,-5.896,21.952,27.848,6.139,357.575,7.564,2.453,-37.374,5.747,1.583,452.047,12993.591
11,1,11,-25,-13.939,11.061,9.791,2.956,5.994,-13,-21.982,-8.982,10.988,4.67,245.936,-8.527,21.974,30.501,5.406,316.21,8.586,1.74,-5.972,21.959,27.931,5.812,346.213,7.796,2.098,-37.42,5.73,1.499,421.828,11755.197
12,1,12,-25,-13.689,11.311,10.775,2.928,6.394,-13,-21.941,-8.941,10.767,4.638,241.203,-8.54,22.005,30.545,5.349,308.375,8.838,1.69,-5.904,21.981,27.885,5.797,338.632,7.989,2.127,-38.018,5.95,1.533,418.588,23439.142
13,1,13,-25,-13.747,11.253,10.191,2.983,6.16,-13,-21.993,-8.993,10.67,4.745,251.009,-8.538,21.969,30.507,5.484,318.66,8.516,1.756,-5.579,21.961,27.54,5.976,346.883,7.784,2.449,-37.523,5.648,1.504,462.921,10687.451
14,1,14,-25,-13.814,11.186,10.103,2.897,5.951,-13,-21.948,-8.948,10.895,4.487,240.536,-8.72,21.965,30.685,5.15,309.967,8.724,1.697,-5.874,21.975,27.849,5.67,340.936,7.932,2.019,-38.169,5.804,1.581,433.706,11334.952
15,1,15,-25,-13.787,11.213,10.349,2.818,6.06,-13,-21.93,-8.93,10.455,4.67,248.366,-8.467,21.977,30.444,5.35,313.843,8.651,1.769,-5.811,21.968,27.779,5.791,343.918,7.857,2.205,-37.566,5.482,1.58,425.638,12157.046
16,1,16,-25,-13.761,11.239,10.312,2.858,6.085,-13,-22.014,-9.014,10.616,4.724,250.01,-8.46,21.986,30.446,5.501,316.416,8.602,1.819,-5.766,21.977,27.743,5.885,345.831,7.835,2.359,-37.746,5.566,1.505,437.815,15411.313
17,1,17,-25,-13.672,11.328,10.738,2.929,6.083,-13,-21.986,-8.986,10.742,5.122,272.392,-8.608,21.969,30.577,5.834,335.077,8.146,1.749,-5.862,21.946,27.808,6.327,362.936,7.454,2.446,-37.614,6.118,1.561,452.979,12382.267
18,1,18,-25,-13.907,11.093,9.86,2.863,5.975,-13,-21.981,-8.981,10.857,4.681,255.895,-8.583,21.958,30.541,5.423,324.855,8.357,1.649,-6.025,21.951,27.976,5.862,353.197,7.65,2.089,-37.892,5.688,1.562,426.382,11708.102
19,1,19,-25,-13.899,11.101,10.647,2.923,6.233,-13,-22.089,-9.089,10.867,5.262,292.016,-8.541,21.979,30.52,5.987,352.924,7.802,1.841,-5.756,21.964,27.72,6.532,378.795,7.208,2.628,-37.551,5.752,1.572,448.698,146941.363
20,1,20,-25,-13.845,11.155,10.027,2.861,6.227,-13,-22.002,-9.002,10.815,5.036,273.598,-8.465,21.968,30.433,5.79,336.787,8.111,1.815,-5.793,21.973,27.766,6.213,363.53,7.493,2.517,-37.989,5.815,1.525,445.479,12589.514
21,1,21,-25,-13.856,11.144,10.193,2.834,6.142,-13,-22.001,-9.001,10.849,4.81,259.688,-8.581,21.987,30.568,5.593,325.73,8.389,1.914,-5.582,21.972,27.554,6.083,352.754,7.689,2.507,-38.292,6.008,1.603,478.438,37503.461
22,1,22,-25,-13.828,11.172,10.393,2.841,5.905,-13,-22.021,-9.021,10.846,4.95,266.559,-8.651,21.978,30.629,5.666,335.235,8.163,1.874,-6.022,21.986,28.008,6.05,360.577,7.572,2.324,-37.644,5.678,1.562,418.349,12898.445
23,1,23,-25,-13.802,11.198,10.361,2.827,5.91,-13,-21.986,-8.986,10.441,5.047,271.414,-8.5,21.967,30.467,5.776,336.875,8.107,1.804,-5.838,21.975,27.813,6.152,361.502,7.532,2.441,-37.538,5.532,1.573,418.928,13500.58
24,1,24,-25,-13.906,11.094,10.221,2.872,6.009,-13,-22.08,-9.08,10.867,4.476,251.156,-8.628,21.979,30.607,5.227,324.594,8.408,1.738,-5.855,21.972,27.827,5.594,353.212,7.69,2.015,-37.471,5.753,1.5,425.923,11755.674
25,1,25,-25,-13.955,11.045,10.759,2.889,6.013,-13,-22.096,-9.096,10.984,4.81,276.471,-8.908,21.981,30.889,5.479,345.17,7.968,2.183,-5.753,21.972,27.725,5.941,371.139,7.362,2.159,-38.366,5.796,1.515,471.249,10716.316
