Header Section,,,,,,,,,,,,,,,,,,,,,,,,,,,,,,,,,,,,,,,,,,,,,,,,,,,,,,,,,,,,,,,,,,,,,,,,,,,,,,,,,,,,,,,,,,,,,
Product,VC5738,,,,,,,,,,,,,,,,,,,,,,,,,,,,,,,,,,,,,,,,,,,,,,,,,,,,,,,,,,,,,,,,,,,,,,,,,,,,,,,,,,,,,,,,,,,,
Test Plan,Rev(A),,,,,,,,,,,,,,,,,,,,,,,,,,,,,,,,,,,,,,,,,,,,,,,,,,,,,,,,,,,,,,,,,,,,,,,,,,,,,,,,,,,,,,,,,,,,
Release Date,2019/7/11 22:34,,,,,,,,,,,,,,,,,,,,,,,,,,,,,,,,,,,,,,,,,,,,,,,,,,,,,,,,,,,,,,,,,,,,,,,,,,,,,,,,,,,,,,,,,,,,
Comment,#31-55/J17.3,,,,,,,,,,,,,,,,,,,,,,,,,,,,,,,,,,,,,,,,,,,,,,,,,,,,,,,,,,,,,,,,,,,,,,,,,,,,,,,,,,,,,,,,,,,,
,,,,,,,,,,,,,,,,,,,,,,,,,,,,,,,,,,,,,,,,,,,,,,,,,,,,,,,,,,,,,,,,,,,,,,,,,,,,,,,,,,,,,,,,,,,,,
Data Section,,,,,,,,,,,,,,,,,,,,,,,,,,,,,,,,,,,,,,,,,,,,,,,,,,,,,,,,,,,,,,,,,,,,,,,,,,,,,,,,,,,,,,,,,,,,,
Device#,1,2,3,4,5,6,7,8,9,10,11,12,13,14,15,16,17,18,19,20,21,22,23,24,25,26,27,28,29,30,31,32,33,34,35,36,37,38,39,40,41,42,43,44,45,46,47,48,49,50,51,52,53,54,55,56,57,58,59,60,61,62,63,64,65,66,67,68,69,70,71,72,73,74,75,76,77,78,79,80,81,82,83,84,85,86,87,88,89,90,91,92,93
Test Item,Site No,Device ID,Leakage1_Vbat_uA,Leakage1_Vcc_uA,Leakage1_PAEN_uA,Leakage1_LNAEN_uA,Gain_LNA_5150MHz,NoiseFig_LNA_5150MHz,Gain_LNA_5925MHz,Icc_LNA_Vbat_5925MHz,IIP3_LNA_5925MHz,NoiseFig_LNA_5925MHz,Gain_LNA_2480MHz,Gain_LNA_3800MHz,Gain_Bypass_5150MHz,Gain_Bypass_5925MHz,V_PDET_idle,Idle_Vbat_PA,Idle_Vcc_PA,Pin1_AC_PA_5180MHz,Pout1_AC_PA_5180MHz,Gain1_AC_PA_5180MHz,Evm1_AC_PA_5180MHz,Pin1_AC_PA_5820MHz,Pout1_AC_PA_5820MHz,Gain1_AC_PA_5820MHz,Evm1_AC_PA_5820MHz,Pin2_AC_PA_5180MHz,Pout2_AC_PA_5180MHz,Gain2_AC_PA_5180MHz,Icc2_AC_Vbat_PA_5180MHz,Icc2_AC_Vcc_PA_5180MHz,Evm2_AC_PA_5180MHz,Pin2_AC_PA_5820MHz,Pout2_AC_PA_5820MHz,Gain2_AC_PA_5820MHz,Icc2_AC_Vbat_PA_5820MHz,Icc2_AC_Vcc_PA_5820MHz,Evm2_AC_PA_5820MHz,Pin_N_PA_5180MHz,Pout_N_PA_5180MHz,Gain_N_PA_5180MHz,Icc_N_Vbat_PA_5180MHz,Icc_N_Vcc_PA_5180MHz,PAE_N_PA_5180MHz,Evm_N_PA_5180MHz,V_N_PDET_5180MHz,Pin_N_PA_5820MHz,Pout_N_PA_5820MHz,Gain_N_PA_5820MHz,Icc_N_Vbat_PA_5820MHz,Icc_N_Vcc_PA_5820MHz,PAE_N_PA_5820MHz,Evm_N_PA_5820MHz,V_N_PDET_5820MHz,Pin2_N_PA_5180MHz,Pout2_N_PA_5180MHz,Gain2_N_PA_5180MHz,Mask2_N_PA_5180MHz,Pin2_N_PA_5820MHz,Pout2_N_PA_5820MHz,Gain2_N_PA_5820MHz,Mask2_N_PA_5820MHz,Pin_A_PA_5180MHz,Pout_A_PA_5180MHz,Gain_A_PA_5180MHz,Icc_A_Vbat_PA_5180MHz,Icc_A_Vcc_PA_5180MHz,PAE_A_PA_5180MHz,Evm_A_PA_5180MHz,V_A_PDET_5180MHz,F2_A_PA_5180MHz,Pin_A_PA_5820MHz,Pout_A_PA_5820MHz,Gain_A_PA_5820MHz,Icc_A_Vbat_PA_5820MHz,Icc_A_Vcc_PA_5820MHz,PAE_A_PA_5820MHz,Evm_A_PA_5820MHz,V_A_PDET_5820MHz,F2_A_PA_5820MHz,Turn_Time_TX,Isolation_5925MHz,Leakage2_Vbat_uA,Leakage2_Vcc_uA,Leakage2_PAEN_uA,Leakage2_LNAEN_uA,Delta_Vbat_uA,Delta_Vcc_uA,Delta_PAEN_uA,Delta_LNAEN_uA,Test_Time,Index_Time
Low Tolerance,,,3,3,3,3,0.3,0.45,0.3,3,1,0.45,0.3,0.3,0.3,0.3,0.1,1,15,0.3,0.2,,0.5,0.3,0.2,,0.5,0.3,0.2,,1,25,0.5,0.3,0.2,,1,25,0.5,0.3,0.2,0,1,25,0,0.5,0.1,0.3,0.2,0,1,25,0,0.5,0.1,0.3,0.2,0,2,0.3,0.2,0,2,0.3,0.2,,1,25,,0.5,0.1,2,0.3,0.2,,1,25,,0.5,0.1,2,50,1.5,3,3,3,3,3,3,3,3,,
High Tolerance,,,3,3,3,3,0.5,0.45,0.5,3,2,0.45,0.5,0.5,0.5,0.5,0.1,1,15,0.5,0.2,,0.3,0.5,0.2,,0.3,0.5,0.2,,1,25,0.3,0.5,0.2,,1,25,0.3,0.5,0.2,0,1,25,0,0.3,0.1,0.5,0.2,0,1,25,0,0.3,0.1,0.5,0.2,0,2,0.5,0.2,0,2,0.5,0.2,,1,25,,0.3,0.1,2,0.5,0.2,,1,25,,0.3,0.1,2,50,1.5,3,3,3,3,3,3,3,3,,
Enable,,,1,1,1,1,1,1,1,1,1,1,1,1,1,1,1,1,1,1,1,,1,1,1,,1,1,1,,1,1,1,1,1,,1,1,1,1,1,0,1,1,0,1,1,1,1,0,1,1,0,1,1,1,1,0,1,1,1,0,1,1,1,,1,1,,1,1,1,1,1,,1,1,,1,1,1,1,1,1,1,1,1,1,1,1,1,,
31,1,31,19.784,1.707,5.975,6.121,12.748,2.282,11.157,10.397,2.682,2.414,-16.828,9.998,-4.102,-4.475,0.248,2.503,208.242,-13.85,14.958,28.807,0.72,-12.928,14.977,27.905,1.359,-10.34,18.009,28.35,2.888,224.398,2.073,-9.906,18.007,27.912,2.931,222.7,2.051,-9.652,18.5,28.153,2.952,238.756,7.753,2.671,0.464,-8.938,18.523,27.461,2.925,238.731,7.54,2.372,0.471,-9.119,18.974,28.093,8.785,-8.461,19.014,27.476,4.654,-8.526,19.503,28.029,2.94,242.903,9.485,3.997,0.478,-37.657,-7.864,19.512,27.376,2.981,243.534,9.112,3.803,0.48,-37.087,336,-36.928,22.647,1.124,5.977,5.942,2.862,-0.583,0.003,-0.179,1800.927,127125.027
32,1,32,19.252,1.569,6.078,5.974,12.672,2.245,11.113,9.923,2.656,2.392,-16.927,9.892,-4.098,-4.468,0.245,2.438,209.029,-13.888,14.975,28.863,0.744,-12.79,15.005,27.796,1.334,-10.404,18.037,28.441,2.816,225.279,2.101,-9.796,17.97,27.766,2.849,223.8,1.945,-9.731,18.474,28.205,2.81,239.217,7.696,2.565,0.461,-8.877,18.524,27.4,2.955,239.941,7.505,2.317,0.469,-9.195,18.962,28.157,8.853,-8.374,18.974,27.348,4.852,-8.561,19.52,28.081,2.865,244.676,9.461,4.018,0.476,-37.709,-7.746,19.514,27.26,2.921,245.259,9.058,3.75,0.479,-37.14,338.667,-36.928,22.157,1.118,6.071,6.525,2.905,-0.451,-0.007,0.552,1734.063,4016.903
33,1,33,19.672,1.625,5.923,6.332,12.56,2.259,11.022,9.379,2.657,2.464,-16.992,9.803,-4.101,-4.44,0.235,2.242,184.268,-13.642,14.965,28.607,0.97,-12.751,14.988,27.74,1.791,-10.091,18.023,28.114,2.633,200.631,2.199,-9.663,17.99,27.653,2.622,198.923,2.193,-9.41,18.478,27.887,2.654,216.656,8.46,2.685,0.457,-8.735,18.492,27.227,2.621,216.645,8.186,2.378,0.463,-8.871,18.971,27.842,8.917,-8.201,18.98,27.182,4.829,-8.287,19.465,27.752,2.693,223.233,10.178,3.845,0.468,-38.4,-7.629,19.502,27.13,2.688,222.542,9.861,3.539,0.471,-37.324,325.333,-36.928,21.167,1.071,6.019,6.04,1.496,-0.553,0.096,-0.292,1965.263,10385.031
34,1,34,19.181,1.527,6.024,5.746,12.472,2.267,10.932,9.118,2.591,2.436,-17.087,9.746,-4.116,-4.479,0.251,2.561,216.416,-14.428,14.969,29.396,0.747,-12.795,14.999,27.794,1.223,-10.921,17.983,28.904,2.954,233.481,1.964,-9.755,18.004,27.759,2.969,231.98,1.941,-10.115,18.519,28.635,3.027,247.575,7.524,2.632,0.466,-8.842,18.507,27.349,2.979,247.593,7.264,2.235,0.473,-9.647,19.042,28.689,8.496,-8.342,18.988,27.329,4.863,-9.045,19.528,28.573,3.043,252.828,9.189,4.006,0.477,-37.688,-7.731,19.483,27.214,3.074,252.272,8.765,3.634,0.481,-37.113,341.333,-36.928,22.057,1.116,6.13,6.621,2.876,-0.411,0.105,0.875,1811.308,8521.702
35,1,35,19.653,1.491,6.21,6.288,12.708,2.225,11.265,10.591,2.71,2.4,-16.542,10.02,-4.102,-4.415,0.253,2.612,226.165,-14.215,14.984,29.199,0.632,-12.862,15.001,27.863,1.035,-10.686,17.983,28.669,3.033,242.918,1.855,-9.827,18.019,27.846,3.049,241.644,2.061,-9.963,18.487,28.45,3.073,255.15,7.258,2.447,0.461,-8.936,18.493,27.428,3.027,256.161,7.016,2.338,0.466,-9.457,19.032,28.489,8.648,-8.409,19.004,27.413,4.503,-8.861,19.511,28.372,3.076,259.938,8.916,3.844,0.475,-37.42,-7.766,19.526,27.291,3.087,260.814,8.59,4.169,0.479,-37.052,341.333,-36.928,22.89,1.131,6.164,6.214,3.237,-0.36,-0.046,-0.074,1756.525,23587.238
36,1,36,19.099,1.53,5.921,6.221,12.748,2.216,11.253,10.505,2.633,2.391,-16.687,10.028,-4.1,-4.426,0.246,2.532,206.742,-14.107,14.968,29.075,0.812,-12.376,14.98,27.356,1.278,-10.617,18.018,28.635,2.928,222.73,1.964,-9.427,17.969,27.396,2.943,221.595,1.944,-9.911,18.513,28.423,2.917,236.852,7.836,2.489,0.453,-8.457,18.501,26.958,2.965,237.752,7.525,2.316,0.457,-9.373,19.023,28.396,8.885,-7.915,18.996,26.911,4.705,-8.77,19.509,28.279,2.999,242.224,9.522,3.719,0.463,-38.176,-7.319,19.463,26.781,3.023,242.573,9.034,3.695,0.466,-37.507,357.333,-36.927,22.27,1.069,6.021,6.123,3.171,-0.461,0.101,-0.098,1809.801,14967.782
37,1,37,18.889,1.592,5.837,5.468,12.683,2.211,11.085,9.936,2.581,2.346,-16.894,9.935,-4.129,-4.508,0.252,2.569,218.81,-14.404,14.963,29.367,0.739,-12.395,15.016,27.41,1.123,-10.916,18.006,28.922,2.98,236.585,1.901,-9.488,17.998,27.485,2.979,235.61,1.931,-10.19,18.469,28.658,3.013,250.705,7.349,2.394,0.466,-8.532,18.488,27.02,2.976,251.351,7.132,2.229,0.471,-9.661,19.028,28.689,8.662,-7.966,18.992,26.958,4.751,-9.085,19.521,28.606,3.041,256.155,9.063,3.837,0.478,-37.52,-7.389,19.474,26.862,3.045,256.443,8.616,3.742,0.483,-37.126,330.667,-36.928,20.674,1.018,5.953,6.27,1.785,-0.573,0.115,0.802,2071.452,8225.4
38,1,38,19.358,1.507,5.855,5.957,12.349,2.242,10.992,9.08,2.672,2.424,-17.18,9.615,-4.114,-4.429,0.237,2.313,198.126,-14.143,14.963,29.105,0.864,-13.012,14.985,27.998,1.527,-10.589,18.005,28.594,2.684,214.316,2.021,-9.981,17.992,27.973,2.654,212.703,1.966,-9.929,18.471,28.4,2.78,229.478,8,2.493,0.459,-9.031,18.476,27.507,2.667,229.014,7.756,2.179,0.464,-9.382,19.01,28.391,8.914,-8.506,18.997,27.504,4.887,-8.823,19.512,28.334,2.762,235.402,9.794,3.833,0.469,-38.094,-7.922,19.494,27.416,2.781,234.938,9.378,3.52,0.473,-37.304,328,-36.928,20.922,1.101,5.771,5.746,1.564,-0.406,-0.084,-0.211,1972.36,3316.709
39,1,39,19.489,1.464,5.96,6.302,12.682,2.217,11.233,10.271,2.68,2.387,-16.683,9.971,-4.092,-4.407,0.245,2.454,200.93,-14.12,14.982,29.101,0.895,-12.973,14.999,27.972,1.509,-10.72,18.006,28.726,2.838,217.834,2.029,-9.958,17.963,27.922,2.853,216.3,1.933,-9.969,18.502,28.471,2.812,232.544,7.956,2.543,0.476,-9.02,18.483,27.503,2.914,232.376,7.658,2.181,0.481,-9.54,19.002,28.542,8.973,-8.438,18.997,27.435,4.939,-8.913,19.502,28.415,2.904,238.555,9.645,3.816,0.488,-37.772,-7.812,19.514,27.327,2.923,238.172,9.302,3.602,0.49,-37.056,349.333,-36.928,22.593,1.108,6.017,6.56,3.104,-0.357,0.057,0.258,1736.488,8373.148
40,1,40,19.954,1.482,6.144,6.854,12.413,2.252,10.862,9.418,2.771,2.461,-16.933,9.702,-4.14,-4.492,0.236,2.265,188.894,-13.838,14.975,28.813,0.914,-12.468,14.989,27.457,1.639,-10.339,17.986,28.324,2.641,206.128,2.006,-9.435,18.035,27.47,2.659,205.371,2.192,-9.633,18.484,28.117,2.708,222.032,8.279,2.547,0.461,-8.541,18.481,27.022,2.649,222.568,7.966,2.333,0.466,-9.115,18.99,28.105,8.882,-8.009,18.978,26.987,4.832,-8.548,19.462,28.01,2.742,228.267,9.962,3.688,0.47,-38.081,-7.381,19.474,26.855,2.728,228.705,9.559,3.566,0.474,-37.285,336,-36.927,22.663,1.121,6.21,6.545,2.709,-0.361,0.066,-0.309,1779.683,8544.155
41,1,41,18.802,1.451,5.825,5.996,12.519,2.279,10.954,9.345,2.684,2.475,-17.04,9.786,-4.129,-4.487,0.249,2.53,212.242,-14.197,14.962,29.159,0.75,-12.736,14.971,27.707,1.207,-10.664,18.029,28.693,2.93,229.862,2.017,-9.719,17.996,27.715,2.902,228.7,1.894,-9.961,18.476,28.437,2.976,243.865,7.556,2.463,0.461,-8.786,18.473,27.259,2.952,244.288,7.297,2.114,0.466,-9.497,18.998,28.495,8.819,-8.267,18.998,27.265,4.781,-8.903,19.508,28.411,2.984,249.548,9.261,3.837,0.473,-37.75,-7.644,19.521,27.165,2.997,249.863,8.921,3.794,0.477,-37.138,357.333,-36.927,21.281,1.063,5.894,6.13,2.479,-0.387,0.069,0.135,1853.334,8068.611
42,1,42,20.011,1.562,6.019,6.209,12.653,2.282,11.202,10.042,2.653,2.41,-16.685,9.963,-4.101,-4.414,0.239,2.388,198.837,-13.804,14.961,28.765,0.908,-12.771,14.991,27.761,1.424,-10.292,18.006,28.298,2.792,215.751,2.013,-9.754,17.983,27.737,2.805,214.741,1.987,-9.621,18.476,28.097,2.839,230.498,7.972,2.476,0.454,-8.796,18.507,27.303,2.855,230.769,7.749,2.272,0.46,-9.119,18.971,28.09,9.132,-8.226,19.015,27.241,4.792,-8.525,19.469,27.993,2.865,237.059,9.629,3.625,0.466,-38.309,-7.609,19.506,27.115,2.868,237.359,9.313,3.643,0.47,-37.497,325.333,-36.927,22.796,1.09,5.999,6.474,2.785,-0.472,-0.02,0.265,1690.236,30977.817
43,1,43,19.467,1.57,6.036,5.393,12.735,2.199,11.319,10.106,2.565,2.351,-16.774,10.04,-4.093,-4.404,0.244,2.436,202.267,-14.195,14.965,29.16,0.796,-13.132,15.006,28.138,1.435,-10.628,17.998,28.626,2.807,219.364,2.035,-10.078,17.978,28.056,2.813,217.689,1.947,-9.887,18.515,28.402,2.855,233.906,7.934,2.649,0.465,-9.108,18.512,27.619,2.831,234.088,7.66,2.257,0.47,-9.391,19.011,28.402,8.768,-8.553,19.001,27.554,4.822,-8.796,19.503,28.299,2.88,240.057,9.594,3.947,0.474,-37.956,-7.961,19.507,27.468,2.882,239.537,9.242,3.649,0.482,-37.272,341.333,-36.928,22.584,1.05,5.862,6.366,3.117,-0.519,-0.174,0.973,1762.58,10252.121
44,1,44,19.086,1.516,5.815,5.922,12.539,2.21,11.025,9.477,2.663,2.379,-17.019,9.774,-4.114,-4.44,0.243,2.414,205.146,-14.382,14.967,29.348,0.863,-12.633,14.978,27.611,1.308,-10.874,18.001,28.875,2.822,222.421,2.006,-9.618,18.001,27.62,2.829,221.153,1.976,-10.136,18.526,28.662,2.885,237.068,7.854,2.608,0.456,-8.683,18.496,27.18,2.836,237.159,7.54,2.224,0.461,-9.633,18.999,28.631,8.9,-8.147,18.987,27.134,4.904,-8.995,19.539,28.533,2.868,242.718,9.574,3.905,0.469,-38.209,-7.543,19.495,27.038,2.902,242.548,9.109,3.636,0.469,-37.498,341.333,-36.927,21.967,1.158,5.921,5.925,2.881,-0.358,0.106,0.002,1780.552,10042.371
45,1,45,20.348,1.519,6.26,7.006,12.477,2.216,11.15,9.581,2.702,2.403,-16.506,9.745,-4.108,-4.408,0.243,2.405,208.468,-14.456,14.963,29.419,0.812,-12.468,15.016,27.485,1.26,-10.955,17.989,28.944,2.835,225.939,1.89,-9.538,17.983,27.521,2.785,224.778,1.857,-10.353,18.5,28.853,2.855,240.341,7.708,2.432,0.461,-8.607,18.476,27.084,2.778,240.81,7.402,2.072,0.465,-9.752,19.006,28.758,8.919,-8.045,18.994,27.039,4.993,-9.12,19.519,28.639,2.861,245.848,9.419,3.724,0.471,-37.939,-7.445,19.475,26.92,2.854,246.041,8.952,3.473,0.474,-37.27,333.333,-36.927,23.759,1.113,6.265,6.469,3.411,-0.407,0.005,-0.537,1819.295,9515.458
46,1,46,18.852,1.609,5.982,6.373,12.619,2.217,11.162,10.187,2.86,2.391,-16.792,9.889,-4.111,-4.423,0.235,2.292,196.249,-14.105,15,29.105,0.827,-12.533,15.013,27.545,1.382,-10.594,18.008,28.603,2.681,213.133,1.916,-9.564,18,27.564,2.67,212.056,1.955,-9.85,18.471,28.321,2.678,228.222,8.044,2.333,0.453,-8.657,18.46,27.117,2.708,228.467,7.74,2.073,0.458,-9.388,18.972,28.359,9.132,-8.028,18.98,27.008,4.899,-8.761,19.469,28.23,2.757,234.616,9.728,3.554,0.462,-38.158,-7.406,19.485,26.891,2.772,235.773,9.325,3.574,0.469,-37.327,341.333,-36.927,21.628,1.107,6.026,6.057,2.777,-0.501,0.044,-0.316,1701.302,38919.209
47,1,47,19.919,1.524,5.946,5.932,12.664,2.232,11.248,10.447,2.698,2.343,-16.546,9.966,-4.116,-4.408,0.246,2.45,208.932,-14.112,14.965,29.078,0.717,-12.649,15.003,27.652,1.223,-10.594,18.01,28.604,2.854,226.748,1.961,-9.65,18.004,27.654,2.868,225.519,2.036,-9.921,18.489,28.41,2.858,240.608,7.68,2.515,0.46,-8.769,18.473,27.242,2.901,240.831,7.394,2.246,0.463,-9.414,18.978,28.392,8.871,-8.21,19.005,27.215,4.645,-8.8,19.483,28.283,2.926,245.78,9.34,3.804,0.471,-37.908,-7.579,19.52,27.099,2.928,246.955,9.014,3.95,0.477,-37.241,344,-36.928,23.25,1.134,6.056,6.187,3.331,-0.391,0.11,0.255,1753.766,10576.8
48,1,48,19.068,1.512,5.847,5.751,12.544,2.265,10.935,9.654,2.668,2.481,-17.088,9.791,-4.135,-4.499,0.245,2.444,201.199,-14.429,14.99,29.419,0.904,-13.061,14.987,28.048,1.463,-10.88,17.991,28.871,2.862,218.862,2.067,-9.998,18,27.998,2.884,217.551,2.015,-10.116,18.508,28.624,2.906,233.606,7.93,2.673,0.468,-9.052,18.521,27.573,2.923,233.918,7.679,2.331,0.474,-9.654,19.036,28.69,8.656,-8.509,19.019,27.528,4.758,-9.055,19.51,28.566,2.927,240.134,9.605,3.965,0.477,-38.23,-7.886,19.537,27.423,2.944,239.969,9.288,3.795,0.485,-37.173,352,-36.927,21.89,1.054,5.958,5.952,2.822,-0.458,0.11,0.201,1758.667,10949.633
49,1,49,19.463,1.541,5.921,6.459,12.586,2.269,11.075,9.545,2.672,2.374,-17.024,9.849,-4.1,-4.413,0.243,2.435,198.363,-14.052,14.97,29.022,0.841,-12.745,15.006,27.751,1.46,-10.53,17.976,28.506,2.827,215.147,1.873,-9.715,17.987,27.702,2.836,214.538,1.956,-9.791,18.494,28.285,2.791,230.382,8.011,2.405,0.456,-8.826,18.486,27.312,2.868,230.583,7.718,2.173,0.461,-9.309,18.986,28.295,9.136,-8.245,18.989,27.234,4.925,-8.748,19.473,28.221,2.879,237.28,9.63,3.523,0.465,-38.333,-7.648,19.477,27.124,2.896,237.741,9.236,3.483,0.472,-37.501,333.333,-36.927,21.096,1.028,5.842,6.376,1.633,-0.513,-0.079,-0.083,1908.444,8470.268
50,1,50,19.109,1.581,5.83,6.498,12.572,2.321,11.094,9.507,2.533,2.426,-17.038,9.845,-4.102,-4.415,0.243,2.345,190.491,-12.56,15,27.56,0.889,-12.64,15.018,27.658,1.761,-9.59,18.024,27.614,2.736,207.619,2.102,-9.741,17.975,27.715,2.774,204.993,2.173,-8.997,18.488,27.485,2.767,222.611,8.261,2.597,0.469,-8.826,18.481,27.306,2.718,222.484,7.967,2.317,0.474,-8.498,18.968,27.466,9.038,-8.259,18.984,27.243,4.853,-7.996,19.484,27.48,2.789,229.425,9.964,3.846,0.477,-38.153,-7.648,19.497,27.145,2.791,229.007,9.6,3.52,0.485,-37.083,325.333,-36.927,20.642,1.055,6.011,6.354,1.533,-0.526,0.181,-0.145,1949.426,3724.161
51,1,51,19.072,1.481,5.963,6.148,12.68,2.247,11.207,10.506,2.723,2.376,-16.722,9.957,-4.103,-4.413,0.244,2.398,197.598,-14.399,14.959,29.358,0.954,-12.492,14.996,27.488,1.572,-10.886,17.977,28.863,2.816,214.69,1.972,-9.469,18.007,27.476,2.78,213.837,2.14,-10.115,18.496,28.611,2.772,230.144,8.026,2.515,0.47,-8.595,18.475,27.07,2.855,230.64,7.695,2.318,0.474,-9.639,19,28.639,9.007,-8.035,18.996,27.031,4.895,-9.001,19.523,28.524,2.857,236.88,9.76,3.802,0.481,-37.993,-7.449,19.49,26.939,2.883,237.177,9.283,3.572,0.484,-36.922,336,-36.927,20.745,1.006,5.928,6.314,1.673,-0.474,-0.034,0.167,2021.652,12847.84
52,1,52,19.669,1.514,6.036,6.18,12.82,2.225,11.34,10.881,2.6,2.43,-16.506,10.137,-4.08,-4.386,0.245,2.458,208.026,-13.94,14.98,28.92,0.754,-12.855,15.016,27.872,1.311,-10.453,17.977,28.429,2.852,225.984,1.966,-9.854,17.987,27.841,2.865,224.416,2.016,-9.753,18.51,28.262,2.844,239.743,7.743,2.594,0.462,-8.921,18.502,27.424,2.871,240.588,7.452,2.328,0.467,-9.231,18.979,28.21,8.889,-8.395,18.993,27.387,4.682,-8.611,19.479,28.091,2.948,246.087,9.32,3.862,0.47,-37.898,-7.759,19.499,27.258,2.92,246.116,9,3.868,0.476,-37.211,349.333,-36.928,22.925,1.065,6.051,6.41,3.257,-0.449,0.015,0.23,1762.569,19211.629
53,1,53,20.183,1.471,6.139,6.273,12.469,2.244,11.109,9.617,2.679,2.456,-16.493,9.737,-4.11,-4.401,0.236,2.305,194.578,-14.377,14.965,29.342,0.914,-12,15.007,27.006,1.384,-10.891,17.988,28.879,2.694,212.553,1.843,-9.081,18.013,27.094,2.669,212.03,2.047,-10.103,18.483,28.585,2.668,228.05,8.072,2.328,0.452,-8.109,18.505,26.614,2.735,229.89,7.772,2.362,0.457,-9.636,19.005,28.641,9.026,-7.642,18.977,26.619,4.852,-9.056,19.52,28.576,2.736,234.551,9.848,3.563,0.462,-38.332,-7.057,19.466,26.523,2.768,235.277,9.298,3.605,0.466,-37.465,328,-36.926,22.719,1.107,6.139,6.452,2.536,-0.364,0,0.179,1954.401,10012.541
54,1,54,18.588,1.496,5.948,5.79,12.571,2.241,10.831,9.544,2.735,2.477,-17.016,9.838,-4.125,-4.519,0.243,2.44,202.45,-14.288,14.982,29.27,0.825,-12.533,14.988,27.521,1.307,-10.759,17.982,28.741,2.834,221.62,1.883,-9.507,18.016,27.524,2.828,220.244,2.051,-10.079,18.508,28.587,2.836,236.081,7.855,2.464,0.457,-8.648,18.48,27.129,2.879,236.533,7.529,2.179,0.46,-9.597,19.004,28.601,8.922,-8.135,18.995,27.13,4.843,-8.965,19.509,28.474,2.902,242.335,9.523,3.713,0.466,-38.146,-7.482,19.532,27.014,2.923,242.525,9.188,3.787,0.473,-37.361,365.333,-36.926,21.301,1.067,6.053,6.415,2.713,-0.43,0.106,0.625,1717.841,11292.385
55,1,55,19.83,1.602,6.105,6.077,12.506,2.253,11.031,9.394,2.683,2.439,-16.922,9.769,-4.109,-4.426,0.232,2.243,187.957,-13.668,14.966,28.634,0.912,-12.831,14.998,27.829,1.718,-10.176,17.993,28.169,2.603,206.432,2.087,-9.823,17.958,27.781,2.636,204.598,1.933,-9.429,18.518,27.947,2.643,222.957,8.313,2.71,0.46,-8.883,18.513,27.396,2.694,222.387,8.032,2.138,0.467,-8.908,18.982,27.889,8.955,-8.34,19.019,27.359,5.01,-8.306,19.475,27.782,2.694,229.706,9.936,3.83,0.467,-38.268,-7.763,19.537,27.3,2.702,229.166,9.688,3.285,0.478,-36.962,314.667,-36.928,21.385,1.07,6.071,6.226,1.555,-0.532,-0.035,0.15,2027.031,19085.359
