Header Section,,,,,,,,,,,,,,,,,,,,,,,,,,,,,,,,,
Product,VC5738,,,,,,,,,,,,,,,,,,,,,,,,,,,,,,,,
Test Plan,Rev(A),,,,,,,,,,,,,,,,,,,,,,,,,,,,,,,,
Release Date,2019/7/11 22:34,,,,,,,,,,,,,,,,,,,,,,,,,,,,,,,,
Comment,#31-55/J17.3,,,,,,,,,,,,,,,,,,,,,,,,,,,,,,,,
,,,,,,,,,,,,,,,,,,,,,,,,,,,,,,,,,
Data Section,,,,,,,,,,,,,,,,,,,,,,,,,,,,,,,,,
Device#,1,2,3,4,5,6,7,8,9,10,11,12,13,14,15,16,17,18,19,20,21,22,23,24,25,26,27,28,29,30,31,32,33
Test Item,Site No,Device ID,Gain_LNA_5925MHz,Icc_LNA_Vbat_5925MHz,IIP3_LNA_5925MHz,NoiseFig_LNA_5925MHz,Gain_Bypass_5925MHz,V_PDET_idle,Idle_Vbat_PA,Idle_Vcc_PA,Pin_N_PA_5180MHz,Pout_N_PA_5180MHz,Gain_N_PA_5180MHz,Icc_N_Vbat_PA_5180MHz,Icc_N_Vcc_PA_5180MHz,PAE_N_PA_5180MHz,Evm_N_PA_5180MHz,V_N_PDET_5180MHz,Pin_N_PA_5820MHz,Pout_N_PA_5820MHz,Gain_N_PA_5820MHz,Icc_N_Vbat_PA_5820MHz,Icc_N_Vcc_PA_5820MHz,PAE_N_PA_5820MHz,Evm_N_PA_5820MHz,V_N_PDET_5820MHz,Isolation_5925MHz,Leakage2_Vbat_uA,Leakage2_Vcc_uA,Leakage2_PAEN_uA,Leakage2_LNAEN_uA,Test_Time,Index_Time
Low Tolerance,,,0.3,3,1,0.45,0.3,0.1,1,15,0.3,0.2,0,1,25,0,0.5,0.1,0.3,0.2,0,1,25,0,0.5,0.1,1.5,3,3,3,3,,
High Tolerance,,,0.5,3,2,0.45,0.5,0.1,1,15,0.5,0.2,0,1,25,0,0.3,0.1,0.5,0.2,0,1,25,0,0.3,0.1,1.5,3,3,3,3,,
Enable,,,1,1,1,1,1,1,1,1,1,1,0,1,1,0,1,1,1,1,0,1,1,0,1,1,1,1,1,1,1,,
31,1,31,11.157,10.397,2.682,2.414,-4.475,0.248,2.503,208.242,-9.652,18.5,28.153,2.952,238.756,7.753,2.671,0.464,-8.938,18.523,27.461,2.925,238.731,7.54,2.372,0.471,-36.928,22.647,1.124,5.977,5.942,1800.927,127125.027
32,1,32,11.113,9.923,2.656,2.392,-4.468,0.245,2.438,209.029,-9.731,18.474,28.205,2.81,239.217,7.696,2.565,0.461,-8.877,18.524,27.4,2.955,239.941,7.505,2.317,0.469,-36.928,22.157,1.118,6.071,6.525,1734.063,4016.903
33,1,33,11.022,9.379,2.657,2.464,-4.44,0.235,2.242,184.268,-9.41,18.478,27.887,2.654,216.656,8.46,2.685,0.457,-8.735,18.492,27.227,2.621,216.645,8.186,2.378,0.463,-36.928,21.167,1.071,6.019,6.04,1965.263,10385.031
34,1,34,10.932,9.118,2.591,2.436,-4.479,0.251,2.561,216.416,-10.115,18.519,28.635,3.027,247.575,7.524,2.632,0.466,-8.842,18.507,27.349,2.979,247.593,7.264,2.235,0.473,-36.928,22.057,1.116,6.13,6.621,1811.308,8521.702
35,1,35,11.265,10.591,2.71,2.4,-4.415,0.253,2.612,226.165,-9.963,18.487,28.45,3.073,255.15,7.258,2.447,0.461,-8.936,18.493,27.428,3.027,256.161,7.016,2.338,0.466,-36.928,22.89,1.131,6.164,6.214,1756.525,23587.238
36,1,36,11.253,10.505,2.633,2.391,-4.426,0.246,2.532,206.742,-9.911,18.513,28.423,2.917,236.852,7.836,2.489,0.453,-8.457,18.501,26.958,2.965,237.752,7.525,2.316,0.457,-36.927,22.27,1.069,6.021,6.123,1809.801,14967.782
37,1,37,11.085,9.936,2.581,2.346,-4.508,0.252,2.569,218.81,-10.19,18.469,28.658,3.013,250.705,7.349,2.394,0.466,-8.532,18.488,27.02,2.976,251.351,7.132,2.229,0.471,-36.928,20.674,1.018,5.953,6.27,2071.452,8225.4
38,1,38,10.992,9.08,2.672,2.424,-4.429,0.237,2.313,198.126,-9.929,18.471,28.4,2.78,229.478,8,2.493,0.459,-9.031,18.476,27.507,2.667,229.014,7.756,2.179,0.464,-36.928,20.922,1.101,5.771,5.746,1972.36,3316.709
39,1,39,11.233,10.271,2.68,2.387,-4.407,0.245,2.454,200.93,-9.969,18.502,28.471,2.812,232.544,7.956,2.543,0.476,-9.02,18.483,27.503,2.914,232.376,7.658,2.181,0.481,-36.928,22.593,1.108,6.017,6.56,1736.488,8373.148
40,1,40,10.862,9.418,2.771,2.461,-4.492,0.236,2.265,188.894,-9.633,18.484,28.117,2.708,222.032,8.279,2.547,0.461,-8.541,18.481,27.022,2.649,222.568,7.966,2.333,0.466,-36.927,22.663,1.121,6.21,6.545,1779.683,8544.155
41,1,41,10.954,9.345,2.684,2.475,-4.487,0.249,2.53,212.242,-9.961,18.476,28.437,2.976,243.865,7.556,2.463,0.461,-8.786,18.473,27.259,2.952,244.288,7.297,2.114,0.466,-36.927,21.281,1.063,5.894,6.13,1853.334,8068.611
42,1,42,11.202,10.042,2.653,2.41,-4.414,0.239,2.388,198.837,-9.621,18.476,28.097,2.839,230.498,7.972,2.476,0.454,-8.796,18.507,27.303,2.855,230.769,7.749,2.272,0.46,-36.927,22.796,1.09,5.999,6.474,1690.236,30977.817
43,1,43,11.319,10.106,2.565,2.351,-4.404,0.244,2.436,202.267,-9.887,18.515,28.402,2.855,233.906,7.934,2.649,0.465,-9.108,18.512,27.619,2.831,234.088,7.66,2.257,0.47,-36.928,22.584,1.05,5.862,6.366,1762.58,10252.121
44,1,44,11.025,9.477,2.663,2.379,-4.44,0.243,2.414,205.146,-10.136,18.526,28.662,2.885,237.068,7.854,2.608,0.456,-8.683,18.496,27.18,2.836,237.159,7.54,2.224,0.461,-36.927,21.967,1.158,5.921,5.925,1780.552,10042.371
45,1,45,11.15,9.581,2.702,2.403,-4.408,0.243,2.405,208.468,-10.353,18.5,28.853,2.855,240.341,7.708,2.432,0.461,-8.607,18.476,27.084,2.778,240.81,7.402,2.072,0.465,-36.927,23.759,1.113,6.265,6.469,1819.295,9515.458
46,1,46,11.162,10.187,2.86,2.391,-4.423,0.235,2.292,196.249,-9.85,18.471,28.321,2.678,228.222,8.044,2.333,0.453,-8.657,18.46,27.117,2.708,228.467,7.74,2.073,0.458,-36.927,21.628,1.107,6.026,6.057,1701.302,38919.209
47,1,47,11.248,10.447,2.698,2.343,-4.408,0.246,2.45,208.932,-9.921,18.489,28.41,2.858,240.608,7.68,2.515,0.46,-8.769,18.473,27.242,2.901,240.831,7.394,2.246,0.463,-36.928,23.25,1.134,6.056,6.187,1753.766,10576.8
48,1,48,10.935,9.654,2.668,2.481,-4.499,0.245,2.444,201.199,-10.116,18.508,28.624,2.906,233.606,7.93,2.673,0.468,-9.052,18.521,27.573,2.923,233.918,7.679,2.331,0.474,-36.927,21.89,1.054,5.958,5.952,1758.667,10949.633
49,1,49,11.075,9.545,2.672,2.374,-4.413,0.243,2.435,198.363,-9.791,18.494,28.285,2.791,230.382,8.011,2.405,0.456,-8.826,18.486,27.312,2.868,230.583,7.718,2.173,0.461,-36.927,21.096,1.028,5.842,6.376,1908.444,8470.268
50,1,50,11.094,9.507,2.533,2.426,-4.415,0.243,2.345,190.491,-8.997,18.488,27.485,2.767,222.611,8.261,2.597,0.469,-8.826,18.481,27.306,2.718,222.484,7.967,2.317,0.474,-36.927,20.642,1.055,6.011,6.354,1949.426,3724.161
51,1,51,11.207,10.506,2.723,2.376,-4.413,0.244,2.398,197.598,-10.115,18.496,28.611,2.772,230.144,8.026,2.515,0.47,-8.595,18.475,27.07,2.855,230.64,7.695,2.318,0.474,-36.927,20.745,1.006,5.928,6.314,2021.652,12847.84
52,1,52,11.34,10.881,2.6,2.43,-4.386,0.245,2.458,208.026,-9.753,18.51,28.262,2.844,239.743,7.743,2.594,0.462,-8.921,18.502,27.424,2.871,240.588,7.452,2.328,0.467,-36.928,22.925,1.065,6.051,6.41,1762.569,19211.629
53,1,53,11.109,9.617,2.679,2.456,-4.401,0.236,2.305,194.578,-10.103,18.483,28.585,2.668,228.05,8.072,2.328,0.452,-8.109,18.505,26.614,2.735,229.89,7.772,2.362,0.457,-36.926,22.719,1.107,6.139,6.452,1954.401,10012.541
54,1,54,10.831,9.544,2.735,2.477,-4.519,0.243,2.44,202.45,-10.079,18.508,28.587,2.836,236.081,7.855,2.464,0.457,-8.648,18.48,27.129,2.879,236.533,7.529,2.179,0.46,-36.926,21.301,1.067,6.053,6.415,1717.841,11292.385
55,1,55,11.031,9.394,2.683,2.439,-4.426,0.232,2.243,187.957,-9.429,18.518,27.947,2.643,222.957,8.313,2.71,0.46,-8.883,18.513,27.396,2.694,222.387,8.032,2.138,0.467,-36.928,21.385,1.07,6.071,6.226,2027.031,19085.359
