Header Section,,,,,,,,,,,,,,,,,,,,,,,,,,,,,,,,,,,,,,,,,,,,,,,,,,,,,,,,,,,
Product,VC5758,,,,,,,,,,,,,,,,,,,,,,,,,,,,,,,,,,,,,,,,,,,,,,,,,,,,,,,,,,
Test Plan,Rev(-),,,,,,,,,,,,,,,,,,,,,,,,,,,,,,,,,,,,,,,,,,,,,,,,,,,,,,,,,,
Release Date,2020/1/19,,,,,,,,,,,,,,,,,,,,,,,,,,,,,,,,,,,,,,,,,,,,,,,,,,,,,,,,,,
Comment,#1-7/J6.03.X,,,,,,,,,,,,,,,,,,,,,,,,,,,,,,,,,,,,,,,,,,,,,,,,,,,,,,,,,,
,,,,,,,,,,,,,,,,,,,,,,,,,,,,,,,,,,,,,,,,,,,,,,,,,,,,,,,,,,,
Data Section,,,,,,,,,,,,,,,,,,,,,,,,,,,,,,,,,,,,,,,,,,,,,,,,,,,,,,,,,,,
Device#,1,2,3,4,5,6,7,8,9,10,11,12,13,14,15,16,17,18,19,20,21,22,23,24,25,26,27,28,29,30,31,32,33,34,35,36,37,38,39,40,41,42,43,44,45,46,47,48,49,50,51,52,53,54,55,56,57,58,59
Test Item,Site No,Device ID,Gain_LNA_CW_5150,NF_LNA_CW_5150,Pmax_LNA_N1_5150,Gain_LNA_CW_5925,NF_LNA_CW_5925,IIP3_LNA_CW_5925,Pmax_LNA_N1_5925,OOB_LNA_CW_2400,OOB_LNA_CW_2700,OOB_LNA_CW_3400,OOB_LNA_CW_3800,Gain_Bypass_CW_5150,Gain_Bypass_CW_5925,ISO_Bypass_CW_5925,Vdet_Idle_HPM1,Idd_Idle_HPM1,Icc_Idle_HPM1,Pin_HPM1_AC1_5150,Pout_HPM1_AC1_5150,Gain_HPM1_AC1_5150,Idd_HPM1_AC1_5150,Icc_HPM1_AC1_5150,EVM_HPM1_AC1_5150,Vdet_HPM1_AC1_5150,Pin_HPM1_AC1_5925,Pout_HPM1_AC1_5925,Gain_HPM1_AC1_5925,Idd_HPM1_AC1_5925,Icc_HPM1_AC1_5925,EVM_HPM1_AC1_5925,Vdet_HPM1_AC1_5925,Vdet_Idle_HPM2,Idd_Idle_HPM2,Icc_Idle_HPM2,Pin_HPM2_AC1_5150,Pout_HPM2_AC1_5150,Gain_HPM2_AC1_5150,Idd_HPM2_AC1_5150,Icc_HPM2_AC1_5150,EVM_HPM2_AC1_5150,Vdet_HPM2_AC1_5150,Pin_HPM2_AC1_5925,Pout_HPM2_AC1_5925,Gain_HPM2_AC1_5925,Idd_HPM2_AC1_5925,Icc_HPM2_AC1_5925,EVM_HPM2_AC1_5925,Vdet_HPM2_AC1_5925,ISO_HPM2_CW_5925,ISO_ISO_CW_5925,Leakage2_VCC1,Leakage2_VCC2,Leakage2_C0,Leakage2_C1,Leakage2_C2,Test_Time,Index_Time
Low Tolerance,,,0.3,0.3,1.5,0.3,0.3,1.5,1.5,0.3,0.3,0.3,0.3,0.3,0.3,1.5,0.02,1.5,10,0.3,0.2,0.5,3,20,0.5,0.02,0.3,0.2,0.5,3,20,0.5,0.02,0.02,1.5,10,0.3,0.2,0.5,3,20,0.5,0.02,0.3,0.2,0.5,3,20,0.5,0.02,1.5,1.5,3,1,1,1,1,100,500
High Tolerance,,,0.3,0.3,1.5,0.3,0.3,1.5,1.5,0.3,0.3,0.3,0.3,0.3,0.3,1.5,0.02,1.5,10,0.3,0.2,0.5,3,20,0.5,0.02,0.3,0.2,0.5,3,20,0.5,0.02,0.02,1.5,10,0.3,0.2,0.5,3,20,0.5,0.02,0.3,0.2,0.5,3,20,0.5,0.02,1.5,1.5,3,1,1,1,1,100,500
Enable,,,1,1,1,1,1,1,1,1,1,1,1,1,1,1,1,1,1,1,1,1,1,1,1,1,1,1,1,1,1,1,1,1,1,1,1,1,1,1,1,1,1,1,1,1,1,1,1,1,1,1,1,1,1,1,1,0,0
1,1,1,14.150,1.708,8.374,14.356,1.631,0.593,7.914,-18.281,-7.892,5.728,8.504,-2.975,-3.180,48.747,0.322,4.472,333.287,-13.871,18.975,32.846,4.624,360.100,-39.389,0.463,-11.972,18.973,30.945,4.674,352.051,-39.040,0.463,0.302,4.125,298.880,-16.842,15.987,32.828,4.225,315.596,-41.844,0.411,-14.935,15.989,30.924,4.264,310.621,-46.571,0.411,36.260,50.001,15.871,0.194,10.721,2.401,7.724,1218.603,218022.612
2,1,2,14.086,1.713,8.360,14.125,1.605,0.235,7.931,-18.254,-8.218,5.542,8.367,-2.980,-3.170,48.915,0.277,3.621,267.616,-14.037,18.988,33.026,3.809,299.810,-37.219,0.422,-12.105,18.985,31.090,3.838,291.154,-39.861,0.422,0.259,3.322,237.069,-17.015,15.990,33.005,3.422,255.895,-40.553,0.370,-15.038,15.989,31.026,3.466,250.450,-47.206,0.370,36.303,50.068,14.600,0.179,6.861,2.374,6.053,1209.944,24979.636
3,1,3,14.068,1.763,8.376,14.111,1.643,0.117,7.922,-18.237,-8.169,5.584,8.393,-2.966,-3.175,48.942,0.286,3.778,285.985,-14.083,18.981,33.064,3.933,317.349,-38.027,0.433,-12.150,18.984,31.134,4.029,309.204,-39.465,0.434,0.269,3.471,254.606,-17.037,15.989,33.027,3.582,272.836,-40.945,0.380,-15.078,15.987,31.065,3.614,267.453,-46.856,0.379,36.461,50.240,15.249,0.179,7.841,2.404,6.346,1203.907,7319.037
4,1,4,13.980,1.746,8.392,14.057,1.644,-0.194,7.929,-18.491,-8.377,5.406,8.232,-2.971,-3.166,48.912,0.273,3.557,263.267,-14.017,19.020,33.036,3.849,295.552,-37.426,0.419,-12.065,19.017,31.083,3.826,286.431,-39.836,0.419,0.255,3.246,232.442,-16.996,16.024,33.021,3.472,251.153,-40.521,0.366,-14.982,16.036,31.018,3.392,245.328,-47.030,0.366,36.391,50.104,15.057,0.165,6.701,2.399,5.390,1190.054,8083.275
5,1,5,13.929,1.751,8.376,13.986,1.660,-0.299,7.935,-18.510,-8.442,5.334,8.182,-2.975,-3.173,48.770,0.261,3.314,246.657,-13.911,19.006,32.916,3.717,280.250,-36.650,0.408,-11.994,19.027,31.022,3.531,269.514,-39.603,0.408,0.241,2.993,214.927,-16.889,16.034,32.924,3.302,234.341,-39.853,0.354,-14.953,16.004,30.957,3.133,228.010,-47.015,0.352,36.436,50.091,14.778,0.173,6.198,2.421,4.803,1183.287,7471.039
6,1,6,14.117,1.790,8.364,14.339,1.602,0.083,7.931,-18.263,-8.137,5.672,8.438,-2.974,-3.158,48.852,0.284,3.698,283.234,-13.960,19.057,33.018,4.031,314.893,-37.935,0.431,-12.164,18.983,31.147,3.934,305.849,-39.535,0.430,0.265,3.376,250.960,-16.975,16.023,32.998,3.549,269.248,-40.670,0.377,-15.095,15.988,31.083,3.517,263.707,-47.034,0.376,36.266,50.230,14.936,0.181,8.468,2.361,6.233,1196.382,24407.754
7,1,7,14.059,1.759,8.356,14.110,1.629,-0.070,7.916,-18.356,-7.965,5.656,8.413,-2.974,-3.146,49.267,0.276,3.578,272.744,-14.162,18.986,33.147,3.742,303.758,-37.441,0.422,-12.040,19.054,31.094,3.767,293.911,-39.640,0.420,0.254,3.220,238.210,-17.218,15.989,33.208,3.344,256.882,-40.376,0.365,-15.036,16.060,31.096,3.345,250.972,-47.247,0.365,36.386,50.417,14.719,0.161,6.071,2.374,5.453,1193.353,6892.533
