Header Section,,,,,,,,,,,,,,,,,,,,,,,,,,,,,,,,,,,,
Product,VC5717,,,,,,,,,,,,,,,,,,,,,,,,,,,,,,,,,,,
Test Plan,Rev(A),,,,,,,,,,,,,,,,,,,,,,,,,,,,,,,,,,,
Release Date,2018/9/10 0:00,,,,,,,,,,,,,,,,,,,,,,,,,,,,,,,,,,,
Comment,#1-15/J4.1;#16-25/J11.1,,,,,,,,,,,,,,,,,,,,,,,,,,,,,,,,,,,
,,,,,,,,,,,,,,,,,,,,,,,,,,,,,,,,,,,,
Data Section,,,,,,,,,,,,,,,,,,,,,,,,,,,,,,,,,,,,
Device#,1,2,3,4,5,6,7,8,9,10,11,12,13,14,15,16,17,18,19,20,21,22,23,24,25,26,27,28,29,30,31,32,33,34,35,36
Test Item,Site No,Device ID,Pin_LNA_5150MHz,Pout_LNA_5150MHz,Gain_LNA_5150MHz,Icc_LNA_Vbat_5150MHz,NoiseFig_LNA_5150MHz,IIP3_LNA_5850MHz,Pin_Bypass_5850MHz,Pout_Bypass_5850MHz,Gain_Bypass_5850MHz,Icc_Bypass_Vbat_5850MHz,Idle_Vbat_PA,Idle_Vcc_PA,Idle_Total_PA,Pin_PA_5150MHz,Pout_PA_5150MHz,Gain_PA_5150MHz,Icc_Vbat_PA_5150MHz,Icc_Vcc_PA_5150MHz,Icc_Total_PA_5150MHz,PAE_PA_5150MHz,Evm_PA_5150MHz,Pin_PA_5850MHz,Pout_PA_5850MHz,Gain_PA_5850MHz,Icc_Vbat_PA_5850MHz,Icc_Vcc_PA_5850MHz,Icc_Total_PA_5850MHz,PAE_PA_5850MHz,Evm_PA_5850MHz,Isolation_5850MHz,Leakage_Vbat_uA,Leakage_Vcc_uA,Test_Time,Index_Time
Low Tolerance,,,,0.3,,,0.3,1.5,,0.3,,,,,10,0.3,,,,,30,,0.5,0.3,,,,,30,,0.5,1.5,5,5,,
High Tolerance,,,,0.3,,,0.3,1.5,,0.3,,,,,10,0.5,,,,,30,,0.5,0.5,,,,,30,,0.5,1.5,5,5,,
Enable,,,,1,,,1,1,,1,,,,,1,1,,,,,1,,1,1,,,,,1,,1,1,1,1,,
16,1,16,-25,-12.910,12.090,9.850,2.951,6.328,-13,-22.008,-9.008,11.106,4.906,286.026,290.933,-8.538,21.960,30.499,5.542,333.206,338.748,5.838,1.689,-4.952,21.923,26.875,5.906,352.958,358.864,4.873,2.788,-43.047,3.757,1.565,483.465,37269.002
17,1,17,-25,-12.889,12.111,10.222,2.914,5.960,-13,-21.981,-8.981,10.983,4.498,269.052,273.549,-8.645,21.977,30.623,5.214,328.818,334.033,5.945,1.760,-4.781,21.913,26.694,5.520,350.881,356.402,4.895,2.094,-43.060,3.951,1.597,472.238,8244.006
18,1,18,-25,-12.883,12.117,10.506,2.939,6.466,-13,-21.990,-8.990,10.953,4.627,273.606,278.233,-8.526,22.001,30.527,5.294,332.305,337.600,5.913,1.735,-5.245,21.960,27.205,5.661,354.509,360.170,4.898,2.065,-42.997,3.691,1.549,458.654,12076.365
19,1,19,-25,-12.880,12.120,9.907,2.876,6.211,-13,-22.036,-9.036,10.942,4.573,262.659,267.232,-8.424,22.004,30.427,5.286,324.456,329.741,6.058,1.745,-5.145,21.936,27.081,5.633,345.636,351.270,4.994,2.361,-42.908,3.856,1.577,465.538,8503.716
20,1,20,-25,-12.606,12.394,11.406,2.920,5.879,-13,-21.892,-8.892,10.780,4.110,225.609,229.719,-8.397,21.984,30.381,4.733,287.653,292.386,6.801,1.854,-4.236,21.946,26.181,5.080,310.732,315.812,5.565,2.678,-42.978,3.848,1.553,468.749,17678.952
21,1,21,-25,-12.839,12.161,10.623,2.958,6.028,-13,-21.978,-8.978,11.009,4.885,292.299,297.184,-8.751,21.986,30.737,5.525,344.353,349.878,5.687,1.724,-5.751,22.024,27.775,5.819,366.701,372.520,4.807,2.004,-43.115,3.642,1.599,398.389,12326.556
22,1,22,-25,-12.743,12.257,10.400,2.938,5.840,-13,-21.967,-8.967,10.793,4.659,261.178,265.837,-8.466,21.977,30.443,5.342,316.232,321.574,6.174,1.741,-5.057,21.923,26.980,5.701,339.786,345.487,5.062,2.748,-42.865,4.102,1.513,481.499,9594.253
23,1,23,-25,-12.859,12.141,10.136,2.954,6.177,-13,-21.999,-8.999,10.829,4.616,253.902,258.519,-8.484,22.009,30.494,5.297,312.379,317.675,6.296,1.801,-4.891,21.934,26.824,5.661,334.408,340.069,5.155,2.667,-42.964,3.653,1.539,477.372,9613.965
24,1,24,-25,-12.908,12.092,9.807,2.921,6.070,-13,-21.992,-8.992,10.973,4.821,277.043,281.864,-8.579,21.992,30.571,5.451,325.937,331.388,6.012,1.705,-5.321,21.959,27.280,5.754,350.109,355.863,4.957,2.483,-43.006,3.960,1.520,439.906,10164.298
25,1,25,-25,-12.832,12.168,10.591,2.961,6.271,-13,-22.035,-9.035,10.956,5.251,323.035,328.286,-8.653,22.012,30.665,5.886,367.081,372.967,5.367,1.682,-6.109,21.956,28.065,6.204,385.157,391.361,4.504,2.151,-42.871,3.655,1.564,413.560,6739.695
