Header Section,,,,,,,,,,,,,,,,,,,,,,,,,,,,,,,,,,,,
Product,VC5738,,,,,,,,,,,,,,,,,,,,,,,,,,,,,,,,,,,
Test Plan,Rev(-),,,,,,,,,,,,,,,,,,,,,,,,,,,,,,,,,,,
Release Date,2019/6/2 0:00,,,,,,,,,,,,,,,,,,,,,,,,,,,,,,,,,,,
Comment,#1~5/J6.1;#6~10/J9.2;11-30/J10.1,,,,,,,,,,,,,,,,,,,,,,,,,,,,,,,,,,,
,,,,,,,,,,,,,,,,,,,,,,,,,,,,,,,,,,,,
Data Section,,,,,,,,,,,,,,,,,,,,,,,,,,,,,,,,,,,,
Device#,1,2,3,4,5,6,7,8,9,10,11,12,13,14,15,16,17,18,19,20,21,22,23,24,25,26,27,28,29,30,31,32,33,34,35,36
Test Item,Site No,Device ID,Pin_LNA_5925MHz,Pout_LNA_5925MHz,Gain_LNA_5925MHz,Icc_LNA_Vbat_5925MHz,IIP3_LNA_5925MHz,NoiseFig_LNA_5925MHz,Pin_Bypass_5925MHz,Pout_Bypass_5925MHz,Gain_Bypass_5925MHz,Icc_Bypass_Vbat_5925MHz,V_PDET_Idle,Idle_Vbat_PA,Idle_Vcc_PA,Pin_AC_PA_5180MHz,Pout_AC_PA_5180MHz,Gain_AC_PA_5180MHz,Icc_AC_Vbat_PA_5180MHz,Icc_AC_Vcc_PA_5180MHz,PAE_AC_PA_5180MHz,EVM_AC_PA_5180MHz,V_AC_PDET_5180MHz,Pin_AC_PA_5820MHz,Pout_AC_PA_5820MHz,Gain_AC_PA_5820MHz,Icc_AC_Vbat_PA_5820MHz,Icc-AC_Vcc_PA_5820MHz,PAE_AC_PA_5820MHz,EVM_AC_PA_5820MHz,V_AC_PDET_5820MHz,Isolation_5925MHz,Leakage_Vbat_uA,Leakage_Vcc_uA,Test_Time,Index_Time
Low Tolerance,,,,0.3,,,1.5,0.3,,0.3,,,,,30,0.3,,,,30,,0.5,,0.3,,,,30,,0.5,,1.5,3,3,,
High Tolerance,,,,0.3,,,1.5,0.3,,0.3,,,,,30,0.3,,,,30,,0.5,,0.3,,,,30,,0.5,,1.5,3,3,,
Enable,,,,1,,,1,1,,1,,,,,1,1,,,,1,,1,,1,,,,1,,1,,1,1,1,,
1,1,1,-25,-13.75,11.25,9.141,1.863,2.416,-13,-17.118,-4.118,6.642,0.154,2.496,195.246,-10.861,18.003,28.864,2.671,217.155,8.098,1.839,0.386,-11.339,17.968,29.307,2.711,221.264,7.752,2.122,0.391,-41.019,6.565,1.209,1465.813,188388.024
2,1,2,-25,-13.843,11.157,8.485,1.863,2.489,-13,-17.113,-4.113,6.563,0.158,2.625,220.218,-10.992,18.025,29.017,2.796,242.493,7.261,1.824,0.395,-11.717,17.969,29.686,2.859,246.962,6.934,2.041,0.396,-41.018,6.52,2.665,1470.53,45966.8
3,1,3,-25,-13.61,11.39,8.472,1.767,2.473,-13,-17.146,-4.146,6.848,0.161,2.679,216.27,-10.984,18.016,29,2.888,237.202,7.408,1.83,0.397,-11.526,17.971,29.497,2.923,242.806,7.055,2.136,0.403,-41.02,6.797,2.412,1417.497,28937.939
4,1,4,-25,-13.862,11.138,8.598,1.849,2.581,-13,-17.218,-4.218,6.751,0.155,2.453,203.977,-11.088,17.99,29.078,2.58,225.189,7.78,1.801,0.386,-11.695,17.962,29.657,2.672,229.841,7.452,1.953,0.386,-41.015,6.587,1.6,1377.172,39527.249
5,1,5,-25,-13.759,11.241,8.732,1.897,2.707,-13,-17.233,-4.233,6.72,0.16,2.646,206.887,-10.928,17.983,28.91,2.763,227.112,7.692,1.868,0.391,-11.401,17.966,29.367,2.862,232.255,7.374,2.218,0.4,-41.013,6.656,1.131,1397.755,23587.09
6,1,6,-25,-13.081,11.919,9.699,1.446,2.637,-13,-17.267,-4.267,6.341,0.163,2.443,209.898,-11.062,18.014,29.076,2.55,233.739,7.454,1.639,0.383,-10.795,17.989,28.784,2.602,241.832,7.156,1.845,0.424,-41.733,6.15,1.85,462.608,36592.361
7,1,7,-25,-12.78,12.22,10.241,1.207,2.653,-13,-17.301,-4.301,6.281,0.166,2.615,208.532,-11.183,18.004,29.186,2.75,244.346,7.124,1.614,0.384,-10.721,18.018,28.738,2.799,252.384,6.914,1.865,0.429,-41.733,6.077,1.704,354.229,19632.006
8,1,8,-25,-12.906,12.094,10.113,1.205,2.676,-13,-17.32,-4.32,6.294,0.165,2.529,199.906,-11.097,17.981,29.079,2.675,235.545,7.34,1.619,0.386,-10.75,17.99,28.74,2.672,243.575,7.104,1.857,0.43,-41.733,6.049,2.136,394.921,18197.094
9,1,9,-25,-13,12,10.036,1.145,2.697,-13,-17.323,-4.323,6.252,0.162,2.465,194.119,-11.095,17.999,29.093,2.625,227.693,7.629,1.634,0.376,-10.597,17.994,28.591,2.57,236.32,7.341,1.839,0.418,-41.733,5.971,2.4,374.629,17580.933
10,1,10,-25,-13.014,11.986,10.197,1.149,2.766,-13,-17.33,-4.33,6.251,0.163,2.519,198.013,-11.125,17.992,29.116,2.603,234.039,7.436,1.676,0.378,-10.601,17.989,28.59,2.642,241.748,7.18,1.862,0.424,-41.734,6.007,1.957,353.593,21768.368
11,1,11,-25,-13.749,11.251,11.033,2.905,2.472,-13,-17.418,-4.418,6.391,0.255,2.516,209.413,-11.565,18.017,29.582,2.752,227.459,7.157,1.68,0.478,-11.646,17.954,29.6,2.786,228.763,6.827,1.765,0.516,-40.994,17.26,1.743,472.142,18611.105
12,1,12,-25,-13.818,11.182,10.343,2.883,2.534,-13,-17.407,-4.407,6.264,0.254,2.495,212.613,-11.393,18.019,29.412,2.772,233.707,6.979,1.638,0.481,-11.489,17.958,29.447,2.804,235.914,6.64,1.807,0.521,-40.994,16.172,2.975,493.332,16031.946
13,1,13,-25,-13.804,11.196,9.842,2.718,2.421,-13,-17.412,-4.412,6.225,0.252,2.452,207.652,-11.723,17.984,29.707,2.638,221.14,7.298,1.627,0.475,-11.783,17.96,29.742,2.793,227.709,6.866,1.757,0.517,-40.994,17.157,0.998,441.268,8664.504
14,1,14,-25,-13.651,11.349,11.522,2.991,2.359,-13,-17.428,-4.428,6.265,0.271,2.742,216.887,-11.638,17.985,29.623,3.115,235.753,6.855,1.845,0.508,-11.342,17.96,29.302,3.116,234.656,6.668,1.805,0.549,-40.994,17.579,0.885,521.149,13119.823
15,1,15,-25,-13.785,11.215,10.841,2.872,2.385,-13,-17.42,-4.42,6.145,0.255,2.505,198.696,-11.628,17.987,29.615,2.702,212.297,7.591,1.79,0.483,-11.534,17.961,29.494,2.795,216.592,7.192,1.85,0.526,-40.994,15.739,2.708,455.804,10685.63
16,1,16,-25,-13.916,11.084,9.789,2.75,2.423,-13,-17.417,-4.417,6.304,0.245,2.42,194.626,-11.146,17.988,29.134,2.606,213.682,7.547,1.763,0.473,-11.486,17.956,29.442,2.639,212.915,7.305,1.744,0.513,-40.994,17.049,1.689,450.017,10571.937
17,1,17,-25,-13.794,11.206,11.387,2.864,2.49,-13,-17.411,-4.411,6.285,0.252,2.527,205.129,-11.566,17.998,29.563,2.667,219.352,7.379,1.633,0.474,-11.615,17.959,29.575,2.831,225.139,6.936,1.839,0.516,-40.994,16.232,2.926,470.523,10257.077
18,1,18,-25,-13.832,11.168,11.531,3.235,2.484,-13,-17.42,-4.42,6.138,0.253,2.484,202.455,-11.309,17.965,29.274,2.726,221.536,7.253,1.65,0.475,-11.722,17.963,29.685,2.8,224.412,6.966,1.786,0.517,-40.994,17.109,1.417,461.936,10767.463
19,1,19,-25,-13.834,11.166,10.387,2.949,2.492,-13,-17.431,-4.431,6.199,0.243,2.301,196.227,-11.105,17.992,29.097,2.558,217.951,7.416,1.721,0.469,-11.51,17.994,29.503,2.644,217.496,7.224,1.843,0.508,-40.994,16.412,1.884,419.984,9653.533
20,1,20,-25,-13.78,11.22,10.94,2.898,2.504,-13,-17.43,-4.43,6.235,0.255,2.506,212.786,-11.34,17.977,29.317,2.813,233.182,6.923,1.577,0.479,-11.446,17.956,29.403,2.851,236.27,6.628,1.866,0.52,-40.994,16.118,2.901,506.317,8691.178
21,1,21,-25,-13.691,11.309,11.234,2.875,2.471,-13,-17.41,-4.41,6.291,0.256,2.516,203.132,-11.314,18.001,29.315,2.752,219.265,7.384,1.746,0.482,-11.42,17.985,29.405,2.802,221.706,7.079,1.906,0.522,-40.994,17.147,1.205,453.288,11742.372
22,1,22,-25,-13.802,11.198,10.245,2.789,2.437,-13,-17.405,-4.405,6.369,0.245,2.365,197.676,-11.102,17.962,29.065,2.57,214.555,7.477,1.673,0.467,-11.526,17.983,29.509,2.636,214.186,7.308,1.752,0.508,-40.994,16.727,2.204,1417.049,78260.402
23,1,23,-25,-13.744,11.256,11.32,2.802,2.434,-13,-17.421,-4.421,6.181,0.257,2.559,211.282,-11.608,18.002,29.61,2.83,231.411,7.014,1.682,0.484,-11.845,17.958,29.804,2.915,231.289,6.762,1.738,0.522,-40.994,16.66,1.743,450.223,12709.562
24,1,24,-25,-13.723,11.277,11.333,2.946,2.561,-13,-17.395,-4.395,6.171,0.269,2.742,216.898,-11.202,18.013,29.215,2.988,236.882,6.872,1.685,0.511,-11.72,17.96,29.68,3.038,236.693,6.617,1.55,0.554,-40.994,17.055,2.124,537.709,8648.057
25,1,25,-25,-13.719,11.281,11.488,2.76,2.368,-13,-17.4,-4.4,6.25,0.253,2.441,193.348,-11.331,17.952,29.283,2.739,209.691,7.616,2.005,0.491,-11.451,17.967,29.418,2.774,207.753,7.485,1.778,0.534,-40.994,16.695,2.048,432.449,23119.768
26,1,26,-25,-13.728,11.272,10.674,2.742,2.363,-13,-17.396,-4.396,6.195,0.257,2.57,211.357,-11.366,18.003,29.369,2.92,233.375,6.957,1.728,0.485,-11.744,17.985,29.729,2.874,231.495,6.799,1.809,0.523,-40.994,17.17,1.378,456.789,29352.711
27,1,27,-25,-13.891,11.109,9.867,2.855,2.284,-13,-17.408,-4.408,6.186,0.254,2.516,202.53,-11.377,17.963,29.34,2.783,224.74,7.147,1.725,0.482,-11.375,17.953,29.328,2.878,226.366,6.89,1.846,0.522,-40.994,16.462,2.459,514.425,9777.517
28,1,28,-25,-13.741,11.259,11.511,3.09,2.352,-13,-17.41,-4.41,6.223,0.262,2.57,197.966,-11.679,17.958,29.637,2.826,211.48,7.563,1.981,0.495,-11.623,17.96,29.583,2.852,210.395,7.385,1.832,0.538,-40.994,17.074,1.305,451.19,10513.035
29,1,29,-25,-13.753,11.247,10.664,2.889,2.355,-13,-17.401,-4.401,6.281,0.252,2.484,210.283,-11.392,18.006,29.399,2.765,230.543,7.047,1.678,0.476,-11.838,17.96,29.798,2.845,229.293,6.821,1.768,0.514,-40.994,18.007,1.043,459.539,10271.327
30,1,30,-25,-13.999,11.001,9.783,3.045,2.398,-13,-17.416,-4.416,6.228,0.271,2.742,219.626,-11.547,17.981,29.528,3.062,239.232,6.756,1.731,0.498,-11.631,17.982,29.613,3.142,238.558,6.6,1.959,0.541,-40.994,17.203,1.175,515.467,9716.271
