Header Section,,,,,,,,,,,,,,,,,,,,,,,,,,,,,,,,,,,,,,,,,,,,,,,,,,,,,,,,,,,,,,,,,,,,
Product,VC7593,,,,,,,,,,,,,,,,,,,,,,,,,,,,,,,,,,,,,,,,,,,,,,,,,,,,,,,,,,,,,,,,,,,
Test Plan,Rev(-),,,,,,,,,,,,,,,,,,,,,,,,,,,,,,,,,,,,,,,,,,,,,,,,,,,,,,,,,,,,,,,,,,,
Release Date,8/8/2013 17:30,,,,,,,,,,,,,,,,,,,,,,,,,,,,,,,,,,,,,,,,,,,,,,,,,,,,,,,,,,,,,,,,,,,
Comment,"201~205 generate in acetec,2014/10/11",,,,,,,,,,,,,,,,,,,,,,,,,,,,,,,,,,,,,,,,,,,,,,,,,,,,,,,,,,,,,,,,,,,
,,,,,,,,,,,,,,,,,,,,,,,,,,,,,,,,,,,,,,,,,,,,,,,,,,,,,,,,,,,,,,,,,,,,
Data Section,,,,,,,,,,,,,,,,,,,,,,,,,,,,,,,,,,,,,,,,,,,,,,,,,,,,,,,,,,,,,,,,,,,,
Device#,1,2,3,4,5,6,7,8,9,10,11,12,13,14,15,16,17,18,19,20,21,22,23,24,25,26,27,28,29,30,31,32,33,34,35,36,37,38,39,40,41,42,43,44,45,46,47,48,49,50,51,52,53,54,55,56,57,58,59,60,61,62,63,64,65,66,67,68
Test Item,Site No,Device ID,GSM824 Idle Current,GSM824 Max Pout @ 0dBm Drive,GSM824 Max Pout @ 3dBm Drive,GSM824 Max Icc,GSM824 Max PAE,GSM824 Rated Pout,GSM824 Rated Vramp,GSM824 Rated Icc,GSM824 Rated PAE,GSM824 2nd har@30dBm,GSM824 3rd har@30dBm,GSM824 Fwd Isolation 1,GSM824 Fwd Isolation 2,GSM824 Pout Leakage@TRX1,GSM824 Pout Leakage@TRX2,GSM824 Pout Leakage@TRX3,GSM824 Pout Leakage@TRX5,GSM824 CMOS Pout,GSM824 Pout Slope,GSM824 Stress Delta,GSM915 Idle Current,GSM915 Max Pout @ 0dBm Drive,GSM915 Max Pout @ 3dBm Drive,GSM915 Max Icc,GSM915 Max PAE,GSM915 Rated Pout,GSM915 Rated Vramp,GSM915 Rated Icc,GSM915 Rated PAE,GSM915 2nd har@30dBm,GSM915 3rd har@30dBm,GSM915 Fwd Isolation 1,GSM915 Fwd Isolation 2,GSM915 Pout Leakage@TRX1,GSM915 Pout Leakage@TRX2,GSM915 Pout Leakage@TRX3,GSM915 Pout Leakage@TRX5,GSM915 CMOS Pout,GSM915 Pout Slope,GSM915 Stress Delta,DCS1710 Idle Current,DCS1710 Max Pout @ 0dBm Drive,DCS1710 Max Pout @ 3dBm Drive,DCS1710 Max Icc,DCS1710 Max PAE,DCS1710 Rated Pout,DCS1710 Rated Vramp,DCS1710 Rated Icc,DCS1710 Rated PAE,DCS1710 2nd har@30dBm,DCS1710 3rd har@30dBm,DCS1710 Fwd Isolation 1,DCS1710 Fwd Isolation 2,DCS1710 Pout Leakage@TRX1,DCS1710 Pout Leakage@TRX2,DCS1710 Pout Leakage@TRX3,DCS1710 Pout Leakage@TRX5,DCS1710 CMOS Pout,DCS1710 Pout Slope,DCS1710 Stress Delta,Insertion Loss TRX1,Insertion Loss TRX2,Insertion Loss TRX3,Insertion Loss TRX5,Leakage Current,Leakage Current Wait Time
Low Tolerance,,,60,0.3,0.3,60,,,,60,,2,2,3,2,3,3,3,3,,,,60,0.3,0.3,60,,,,60,,2,2,3,2,3,3,3,3,,,,60,0.3,0.3,60,,,,60,,2,2,3,2,3,3,3,3,,,,0.3,0.3,0.3,0.3,5,
High Tolerance,,,60,0.3,0.3,60,,,,60,,2,2,3,2,3,3,3,3,,,,60,0.3,0.3,60,,,,60,,2,2,3,2,3,3,3,3,,,,60,0.3,0.3,60,,,,60,,2,2,3,2,3,3,3,3,,,,0.3,0.3,0.3,0.3,5,
Enable,,,1,1,1,1,0,0,0,1,0,1,1,0,1,0,0,0,0,0,0,0,1,1,1,1,0,0,0,1,0,1,1,0,1,0,0,0,0,0,0,0,1,1,1,1,0,0,0,1,0,1,1,0,1,0,0,0,0,0,0,0,1,1,1,1,1,0
1,1,1,870.58,33.74,33.71,1801.6,39.82,33.04,1.5,1558.61,36.92,-42.4,-37.24,-62.48,-29.27,-13.68,-15.25,-16.84,-10.15,12.98,89,-0.03,879.06,33.84,33.85,1789.59,38.74,32.97,1.5,1547.71,36.6,-39.39,-48.7,-63.22,-28.61,-10.88,-15.99,-13.99,-8.22,13.4,89.52,-0.03,1056.71,31.52,31.79,1322.05,36.44,29.92,1.39,924.79,30.34,-40.44,-45.02,-57.2,-33.06,-9.57,-1.41,-5.84,-11.45,8.21,106.33,-0.03,-1.58,-1.45,-1.69,-1.67,0.64,35
2,1,2,866.68,33.75,33.76,1838.49,39.46,33.03,1.5,1587.42,36.18,-40.69,-38.19,-62.17,-28.1,-13.93,-16.35,-16.5,-10.53,12.77,89.56,-0.03,878.52,33.87,33.92,1824.03,38.64,33,1.5,1577.59,36.15,-39.02,-48.76,-63.31,-26.94,-10.85,-16.06,-13.66,-8.53,13.35,90.3,-0.03,1055.83,31.51,31.78,1327.13,36.23,29.94,1.39,925.22,30.43,-39.78,-55.23,-57.13,-33.47,-8.73,-0.83,-5.66,-12.11,7.97,107.67,-0.03,-1.59,-1.44,-1.7,-1.63,0.94,35
3,1,3,954.1,33.67,33.68,1842.62,38.66,32.94,1.5,1586.21,35.41,-39.31,-37.28,-62.25,-28.62,-13.6,-15.43,-16.52,-10.54,12.7,90.14,-0.03,852.24,33.77,33.92,1837.14,38.33,33,1.52,1615.09,35.28,-39.73,-48.71,-63.14,-27.96,-10.62,-15.92,-13.59,-8.43,13.13,90.34,-0.03,1042.61,31.44,31.7,1320.21,35.8,29.93,1.39,931.68,30.19,-41.31,-49.53,-56.74,-33.06,-9.33,-0.41,-5.28,-11.95,8.14,107.33,-0.03,-1.61,-1.46,-1.72,-1.65,0.93,35
4,1,4,860.45,33.81,33.79,1826.7,40.02,33.02,1.5,1568.44,36.49,-42.74,-35.83,-62.6,-25.73,-13.12,-14.32,-16.93,-10.13,12.97,86.94,-0.03,874.13,33.85,33.89,1826.92,38.26,32.95,1.51,1568,35.91,-38.84,-46.81,-63.42,-23.95,-10.46,-15.57,-14,-8.17,13.49,87.65,-0.03,1056.73,31.47,31.73,1316.85,36.11,29.98,1.4,926.42,30.69,-42.1,-49.15,-56.41,-33.15,-9.71,-0.28,-4.5,-11.43,8.3,101.29,-0.03,-1.6,-1.46,-1.71,-1.68,0.83,35
5,1,5,867.79,33.8,33.81,1864.05,39.42,32.98,1.5,1590.04,35.68,-40.8,-37.22,-62.89,-26.38,-14.42,-15.19,-16.33,-10.96,12.45,90.81,-0.03,862.99,33.82,33.87,1834.15,38.01,33.01,1.52,1596.72,35.77,-38.99,-46.75,-63.94,-24.95,-10.9,-16.04,-13.54,-8.89,13.07,92.11,-0.03,1054,31.5,31.76,1316.1,36.39,29.92,1.39,913.61,30.69,-41.3,-55.91,-56.77,-33.23,-9.8,-0.96,-5.6,-11.65,7.82,107.13,-0.03,-1.57,-1.43,-1.67,-1.62,0.75,35
6,1,6,867.01,33.81,33.82,1853.62,39.68,32.98,1.5,1578.18,35.96,-40.43,-37.61,-62.54,-27.86,-13.21,-15.19,-16.68,-11.71,12.57,90.62,-0.03,876.82,33.87,33.93,1824.03,38.7,32.94,1.5,1560.87,36.05,-39.45,-47.94,-63.64,-26.55,-10.7,-15.82,-13.79,-9.62,13.19,91.61,-0.03,1055.76,31.55,31.79,1303.93,37.01,30,1.39,909.91,31.37,-39.29,-43.68,-57.01,-33.24,-8.62,-0.67,-5.19,-12.18,8.18,105.66,-0.03,-1.61,-1.46,-1.72,-1.63,0.59,35
7,1,7,873.96,33.84,33.81,1823.17,40.26,33.01,1.48,1545.72,36.99,-42.74,-37.42,-62.45,-28.16,-13.2,-14.47,-16.76,-9.43,13.32,87.23,-0.03,863.33,33.88,33.87,1793.76,38.83,33.06,1.5,1557.29,37.13,-39.66,-48.7,-63.13,-26.98,-10.47,-15.52,-13.73,-7.37,13.8,86.76,-0.03,1059.87,31.57,31.82,1331.12,36.51,30.01,1.39,930.14,30.77,-40.36,-50.78,-56.48,-33.86,-10.29,-0.84,-5.22,-11.39,8.47,103.64,-0.03,-1.55,-1.41,-1.65,-1.63,0.63,35
8,1,8,850.73,33.73,33.73,1843.37,39.06,32.99,1.5,1583.41,35.9,-40.52,-36.34,-62.29,-26.17,-13.82,-14.91,-16.57,-10.35,12.89,88.28,-0.03,853.37,33.89,33.97,1837.94,38.81,32.96,1.5,1583.07,35.67,-39.18,-48.77,-63.19,-25.2,-10.78,-15.92,-13.75,-8.37,13.42,89.2,-0.03,1007.05,31.49,31.71,1283.99,36.91,30.01,1.39,903.38,31.72,-40.49,-49.65,-56.43,-32.25,-9.92,-0.65,-5.35,-11.63,8.33,105.18,-0.03,-1.57,-1.43,-1.68,-1.63,0.64,35
9,1,9,848.19,33.7,33.7,1814.26,39.45,32.95,1.5,1555.44,36.24,-41.49,-37.23,-62.93,-28.14,-13.32,-14.57,-16.71,-9.53,12.9,88.51,-0.03,833.22,33.85,33.89,1807.33,38.7,32.93,1.5,1554.36,36.07,-38.7,-48.82,-63.41,-27.34,-10.57,-15.75,-13.81,-7.61,13.37,89,-0.03,1055.35,31.43,31.69,1325.24,35.59,30.08,1.43,943.89,30.84,-41.94,-65.25,-56.31,-33.54,-10.54,-0.71,-5.46,-11.17,7.77,108.61,-0.03,-1.56,-1.42,-1.66,-1.65,0.62,35
10,1,10,851.82,33.94,33.94,1837.4,41.16,33.02,1.48,1553.15,36.83,-41.85,-35.66,-62.65,-27.39,-13.23,-14.58,-16.57,-10.02,13.08,88.63,-0.03,879.02,33.89,33.9,1819.18,38.52,33,1.5,1563.38,36.48,-40.72,-46.58,-63.29,-26.51,-10.5,-15.54,-13.64,-8,13.63,88.55,-0.03,1027.33,31.64,31.89,1337.53,36.93,30,1.39,934.88,30.52,-39.28,-45.38,-57.08,-32.68,-9.65,-0.79,-5.48,-11.36,8.36,105.08,-0.03,-1.57,-1.43,-1.69,-1.64,0.68,35
11,1,11,868.59,33.83,33.84,1847.09,40.03,33.03,1.5,1582.86,36.23,-41.06,-36.83,-63.12,-25.92,-13.52,-14.98,-16.53,-10.96,13.06,86.39,-0.03,897.31,33.92,33.99,1858.78,38.52,32.94,1.5,1580.35,35.61,-39.27,-47.59,-64.1,-24.49,-10.78,-15.67,-13.71,-8.98,13.55,87.02,-0.03,1047.37,31.56,31.81,1319.74,36.73,30.01,1.39,919.44,31.17,-40.79,-54.63,-57.3,-32.69,-8.11,-0.82,-5.29,-11.79,8.42,101.67,-0.03,-1.56,-1.42,-1.68,-1.61,0.69,35
12,1,12,864.42,33.9,33.84,1754.85,42.11,32.93,1.46,1462.95,38.37,-46.2,-36.87,-62.14,-27.18,-12.12,-14.03,-16.71,-8.26,12.94,90.12,-0.03,836.93,33.69,33.63,1693.24,38.89,32.95,1.5,1479.22,38.08,-40.58,-48.25,-62.36,-26.07,-9.84,-15.36,-13.67,-6.28,13.41,90.09,-0.02,1064.47,31.43,31.67,1284.65,36.5,29.94,1.39,895.32,31.46,-42.2,-48.13,-56.7,-33.75,-9.93,-0.61,-5.6,-10.7,7.85,106.47,-0.03,-1.54,-1.4,-1.64,-1.65,0.68,35
13,1,13,877.17,33.88,33.83,1801.97,40.93,32.97,1.46,1505.35,37.59,-44.47,-37.77,-62.33,-26.32,-12.58,-15.45,-17.24,-9.76,13.31,87.54,-0.03,876.39,33.84,33.82,1763.66,39.05,33.07,1.5,1540.78,37.57,-39.92,-48.92,-63.21,-25.02,-10.21,-15.77,-14.06,-7.63,13.75,87.63,-0.02,1048.71,31.53,31.77,1314.71,36.54,30.04,1.39,919.94,31.32,-41.66,-49.45,-56.43,-33.35,-9.32,-0.85,-4.9,-11.11,8.35,103.95,-0.03,-1.54,-1.42,-1.64,-1.64,0.6,35
14,1,14,839.3,33.86,33.83,1784.07,41.38,33.02,1.48,1515.23,37.79,-46.94,-36.95,-62.49,-28.29,-12.07,-14.4,-17.5,-8.75,12.77,93.18,-0.03,842.91,33.85,33.83,1761.51,39.21,33.02,1.5,1526.29,37.52,-40,-48.8,-62.84,-27.59,-9.97,-15.48,-14.27,-6.75,13.22,94.26,-0.03,1024.59,31.52,31.76,1307.43,36.66,29.96,1.39,916.04,30.92,-42.74,-54.29,-56.7,-32.25,-10.19,-0.73,-4.84,-10.54,7.85,110.13,-0.03,-1.55,-1.42,-1.64,-1.68,0.66,35
15,1,15,888.71,33.79,33.79,1858.22,39.35,32.94,1.5,1578.24,35.63,-40.85,-36.15,-62.36,-27.92,-13.68,-14.67,-16.51,-10.31,12.6,90.05,-0.03,903,33.87,33.96,1849.74,38.42,32.99,1.52,1597.36,35.61,-39.2,-46.83,-63.46,-26.87,-10.6,-15.77,-13.59,-8.23,13.09,90.79,-0.03,1062.48,31.49,31.73,1305.47,36.45,29.92,1.39,907.8,30.93,-40.79,-51.71,-56.69,-33.76,-9.39,-0.48,-5.21,-11.83,8.03,105.95,-0.03,-1.56,-1.42,-1.67,-1.62,0.82,35
16,1,16,880.98,33.82,33.76,1705.07,42.53,32.97,1.46,1429.1,39.62,-45.4,-37.68,-62.21,-27.28,-11.74,-14.73,-16.82,-7.92,13.3,88.47,-0.03,875.4,33.51,33.44,1619.86,38.92,33.07,1.57,1535.96,37.74,-43.83,-50.97,-62.3,-26.52,-9.56,-15.5,-13.64,-5.88,13.66,87.58,-0.02,1063.22,31.51,31.76,1324.28,36.19,30.04,1.41,937.39,30.77,-42.37,-43.95,-56.6,-33.61,-9.94,-0.56,-5.35,-10.1,8.16,104.11,-0.03,-1.57,-1.43,-1.66,-1.71,0.61,35
17,1,17,868.31,33.79,33.74,1773.86,40.76,33.06,1.5,1527.49,37.84,-45.22,-37.51,-62.65,-25.82,-13.17,-14.67,-16.63,-9.6,13.16,85.9,-0.03,862.14,33.8,33.77,1760.28,38.65,32.94,1.5,1516.17,37.12,-39.3,-48.15,-63.35,-24.37,-10.56,-15.82,-13.79,-7.73,13.63,86.07,-0.02,1058.91,31.45,31.71,1325.47,35.72,30,1.41,935.86,30.54,-40.68,-47.89,-56.54,-33.41,-10.37,-0.61,-5.42,-11.44,8.17,101.14,-0.03,-1.59,-1.44,-1.7,-1.66,0.54,35
18,1,18,871.51,33.89,33.85,1812.95,40.85,32.97,1.48,1520.71,37.24,-43.57,-36.22,-62.45,-25.91,-12.48,-13.13,-16.64,-9.01,13.2,87.18,-0.03,874.81,33.87,33.85,1778.71,39.02,32.96,1.5,1523.36,37.08,-40.55,-48.25,-62.97,-24.51,-10.08,-14.95,-13.62,-7.02,13.66,86.95,-0.02,1022.81,31.53,31.78,1322.82,36.38,30.01,1.41,930.49,30.77,-41.75,-42.56,-56.69,-33.23,-9.48,-0.26,-4.91,-11.16,8.22,103.41,-0.03,-1.57,-1.44,-1.67,-1.65,0.5,35
19,1,19,930.64,33.74,33.77,1876.98,38.75,32.93,1.5,1597.76,35.12,-39.42,-36.1,-62.49,-27.87,-13.6,-13.78,-16.46,-10.12,12.8,88.74,-0.03,886.45,33.87,34.05,1891.29,38.35,33,1.52,1630.46,34.97,-38.52,-46.8,-63.28,-26.72,-10.62,-15.5,-13.58,-8.08,13.26,89.03,-0.03,1059.14,31.53,31.8,1333.53,36.21,29.96,1.39,929.9,30.48,-41.27,-45.54,-56.81,-33.7,-9.03,-0.76,-5.31,-11.99,8.28,104.62,-0.03,-1.53,-1.41,-1.64,-1.6,0.41,35
20,1,20,876.39,33.55,33.7,1899.01,37.66,33.01,1.54,1659.15,34.41,-39.88,-37.67,-62.56,-30.11,-13.62,-17.29,-16.94,-11.8,12.43,91.26,-0.03,897.58,33.78,34.06,1928.43,37.7,33.02,1.54,1681.3,34.03,-38.48,-47.16,-63.41,-29.37,-10.9,-16.63,-14.05,-9.68,12.97,92.27,-0.04,1050.16,31.52,31.78,1334.29,36.07,29.96,1.39,931.1,30.42,-39.27,-47.07,-57.96,-33.52,-8.28,-1.29,-5.68,-11.99,8.12,108.11,-0.03,-1.59,-1.45,-1.71,-1.63,0.45,35
41,1,41,838.95,33.58,33.63,1864.65,35.36,32.99,1.54,1686.45,33.72,-39.85,-41.35,-64.79,-26.48,-11.86,-12.36,-18.3,-11.77,12.3,86.68,-0.04,846.7,33.9,33.93,1979.49,35.65,33,1.5,1731.04,32.94,-37.44,-44.59,-59.14,-23.32,-11.02,-11.91,-15.62,-9.98,12.85,86.55,-0.04,1009.02,31.53,31.72,1254.37,33.83,30.01,1.43,894.17,31.99,-40.41,-40.92,-63.06,-30.91,-2.28,0.73,-3.53,-9.46,8.15,105.61,-0.02,-1.2,-1.18,-0.71,-1.31,3.17,35
42,1,42,881.57,33.5,33.71,1904.84,35.22,32.98,1.56,1709.75,33.15,-38.47,-41.34,-67,-24.62,-11.92,-12.65,-19.04,-12.25,12.29,83.45,-0.04,814.04,33.7,33.84,1982.07,34.89,32.99,1.52,1748.92,32.54,-37.01,-42.27,-58.1,-21.61,-11.14,-12.21,-16.28,-10.39,12.95,83.63,-0.04,985.47,31.7,31.87,1234.07,35.57,30,1.42,893.03,32,-36.88,-40.48,-63.15,-30.16,-2.52,0.72,-3.66,-9.63,8.34,99.33,-0.02,-1.25,-1.25,-0.75,-1.38,7.45,35
43,1,43,853.33,33.69,33.72,1869.31,36.03,33.01,1.55,1672.17,34.17,-41.08,-42.82,-67.54,-28.1,-11.81,-12.49,-18.65,-11.74,12.07,89.37,-0.03,856.89,33.95,33.9,1959.56,35.76,33.02,1.51,1708.72,33.49,-36.56,-43.5,-57.17,-24.84,-11.12,-12.16,-15.93,-9.9,12.61,89.21,-0.03,1022.65,31.49,31.67,1253.72,33.46,30.01,1.44,897.65,31.87,-40.39,-38.35,-63.16,-31.55,-2.22,0.97,-3.5,-9.51,7.8,107.36,-0.02,-1.22,-1.22,-0.73,-1.35,4.17,35
44,1,44,821.21,33.58,33.64,1830.9,36.09,33,1.55,1654.7,34.46,-38.67,-41.68,-66.33,-28.32,-11.3,-12.57,-18.71,-11.84,12.16,89.3,-0.04,822.8,33.78,33.88,1941.95,35.92,33,1.51,1709.71,33.36,-37.29,-44.4,-58.68,-25.31,-10.6,-11.94,-15.92,-10.05,12.6,89.06,-0.04,990.29,31.63,31.81,1253.72,34.59,30.03,1.42,904.73,31.82,-37.99,-37.97,-63.34,-31.16,-1.59,0.87,-3.56,-9.74,8.08,107.25,-0.02,-1.23,-1.21,-0.74,-1.34,3.59,35
45,1,45,811.34,33.77,33.77,1849.67,36.8,33.01,1.53,1641.83,34.78,-39.57,-43.21,-67.85,-27.59,-11.34,-11.82,-18.61,-11.98,12.32,87.77,-0.03,821.23,34.02,33.9,1913.67,36.65,32.99,1.48,1657.19,34.28,-37.3,-44.68,-57.07,-24.47,-10.68,-11.59,-15.82,-10.15,12.9,87.63,-0.03,1018.3,31.65,31.82,1247.13,34.87,30.01,1.41,884.91,32.33,-38.8,-39.23,-62.85,-31.62,-2.29,1.1,-3.4,-9.62,8.1,105.11,-0.02,-1.19,-1.18,-0.72,-1.3,3.99,35
46,1,46,845.55,33.58,33.68,1885.75,35.37,32.99,1.56,1697.95,33.53,-38.25,-39.77,-63.73,-27.55,-12.04,-12.6,-18.4,-11.63,12.07,87.8,-0.04,837.42,33.88,33.94,1984.18,35.68,33.01,1.51,1733.04,32.98,-36.7,-43.6,-59.71,-24.28,-11.01,-11.99,-15.65,-9.89,12.7,87.7,-0.04,1013.29,31.79,31.94,1237.69,36.06,29.99,1.41,878.84,32.41,-36.71,-42.02,-63.41,-31.41,-2.79,0.75,-3.83,-9.49,7.83,107.66,-0.02,-1.19,-1.19,-0.7,-1.32,3.49,35
47,1,47,811.6,33.69,33.76,1836.7,36.96,32.96,1.52,1625.62,34.78,-39.04,-42.7,-66.04,-26.22,-11.45,-12.21,-18.51,-11.72,12.43,86.64,-0.04,813.55,33.96,33.97,1925.87,37.03,33,1.48,1668.49,34.19,-37.11,-44.69,-57.98,-23.03,-10.62,-11.75,-15.71,-9.91,13.01,86.47,-0.04,992.79,31.74,31.92,1244.77,35.67,29.97,1.39,876.63,32.34,-36.85,-42.28,-62.99,-30.61,-2.1,0.76,-3.8,-9.54,8.37,104.05,-0.02,-1.17,-1.17,-0.69,-1.3,4.08,35
48,1,48,859.01,33.72,33.76,1858.4,36.56,32.99,1.53,1649.85,34.47,-40.04,-41.57,-66.42,-28.79,-11.66,-12.28,-18.25,-11.51,12.08,90.4,-0.03,862.6,33.99,33.96,1956.26,36.36,33,1.49,1693.79,33.66,-36.83,-43.57,-58.98,-25.58,-10.82,-11.87,-15.6,-9.78,12.61,90.29,-0.04,1023.63,31.72,31.89,1261.83,35.01,30.02,1.42,896.51,32.01,-37.28,-39.47,-63.43,-31.9,-2.32,0.68,-3.64,-9.41,7.76,109.96,-0.02,-1.19,-1.2,-0.7,-1.34,3.77,35
49,1,49,854.7,33.68,33.71,1849.62,36.33,32.99,1.53,1652.23,34.43,-39.82,-40.41,-66.3,-26.55,-11.39,-12.5,-19.05,-11.81,12.34,86.59,-0.03,856.38,33.97,33.96,1958.26,36.31,33.01,1.49,1700.27,33.6,-37.61,-43.86,-58.54,-23.57,-10.57,-12.06,-16.28,-10.04,12.82,86.56,-0.04,1036.77,31.66,31.82,1264.06,34.34,30.01,1.42,898.15,31.89,-38.23,-36.15,-63.4,-31.43,-2.51,0.38,-3.61,-9.54,7.96,104.48,-0.02,-1.16,-1.17,-0.67,-1.3,3.92,35
50,1,50,852.98,33.68,33.72,1847.73,36.38,33.01,1.54,1652.2,34.59,-39.2,-43.97,-65.1,-24.96,-11.13,-12.55,-18.92,-12.09,12.45,85.15,-0.03,859.88,34.04,34.03,1960.91,36.84,32.96,1.48,1682.39,33.59,-36.35,-45.75,-60.21,-21.82,-10.53,-12.25,-16.2,-10.33,13,85.13,-0.04,1012.37,31.68,31.85,1255.71,34.85,29.98,1.41,879.77,32.31,-39.35,-38.78,-63.77,-30.48,-1.9,0.61,-3.55,-9.92,8.11,104.04,-0.02,-1.18,-1.18,-0.68,-1.3,3.76,35
51,1,51,833.99,33.75,33.78,1854.66,36.81,32.97,1.52,1638.61,34.58,-39.65,-41.84,-65.8,-26.38,-11.6,-12.28,-18.79,-11.77,12.43,86.44,-0.03,838.71,33.98,33.94,1952.2,36.25,33.01,1.49,1692.85,33.78,-37.18,-43.74,-57.03,-23.32,-10.71,-11.85,-16.1,-9.99,12.94,86.58,-0.04,1023.82,31.71,31.87,1233.95,35.6,30,1.4,867.98,32.94,-36.45,-40.43,-63.18,-30.95,-2.75,0.39,-3.82,-9.26,8.2,104.07,-0.02,-1.18,-1.17,-0.68,-1.31,4.19,35
52,1,52,923.99,33.48,33.6,1895.88,34.56,32.98,1.56,1722.87,32.94,-38.46,-39.89,-66.54,-27.94,-12.49,-12.68,-18.29,-11.75,12.01,87.9,-0.04,940.15,33.72,33.86,2003.37,34.67,33.03,1.52,1773.46,32.37,-37.26,-42.82,-57.98,-24.86,-11.5,-12.07,-15.66,-9.98,12.57,87.87,-0.04,1021.46,31.69,31.83,1236.16,35.23,30.02,1.42,885.15,32.4,-36.54,-38.23,-63.41,-31.63,-2.63,0.57,-3.7,-9.62,7.69,109.14,-0.02,-1.21,-1.18,-0.72,-1.31,3.75,35
53,1,53,847.95,33.81,33.82,1836.26,37.46,33,1.52,1615.94,35.27,-40.61,-43.64,-66.17,-27.86,-10.86,-12.51,-18.95,-11.55,12.26,88.88,-0.03,853.71,34.06,33.93,1909.74,37.01,33.02,1.48,1648.46,34.71,-36.75,-44.46,-57.79,-24.62,-10.18,-12,-16.11,-9.72,12.81,88.64,-0.03,1022.33,31.68,31.85,1257.21,34.83,29.97,1.41,883.28,32.12,-39.39,-38.83,-63.01,-31.51,-2.62,0.33,-3.88,-9.37,7.94,107.67,-0.02,-1.18,-1.18,-0.69,-1.32,4.25,35
54,1,54,834.81,33.77,33.8,1866.26,36.74,33,1.53,1649.6,34.52,-41.91,-42.09,-65.01,-25.31,-11.16,-12.47,-18.61,-11.41,12.25,87.08,-0.03,839.09,34,33.92,1935.57,36.42,33.01,1.49,1680.11,34,-37.35,-43.56,-60.28,-22,-10.41,-12.1,-15.91,-9.66,12.92,86.91,-0.03,1000.52,31.69,31.84,1240.97,35.16,29.99,1.42,890.86,31.97,-36.62,-40.23,-63.74,-30.65,-2.73,0.31,-3.83,-9.3,7.95,104.01,-0.02,-1.21,-1.21,-0.72,-1.36,2.69,35
55,1,55,803.91,33.77,33.8,1842.27,37.22,32.99,1.52,1627.06,34.98,-40.08,-41.37,-66.45,-27.52,-11.48,-11.88,-18.23,-11.05,12.52,87.43,-0.03,812.44,33.96,33.92,1931.54,36.47,32.98,1.49,1672.1,33.96,-36.47,-43.39,-58.08,-24.41,-10.81,-11.64,-15.62,-9.33,13.02,87.47,-0.04,985.66,31.61,31.8,1241.1,34.82,29.97,1.41,885.54,32.03,-40.43,-38.45,-63.02,-31.2,-2.95,0.78,-3.8,-9.22,8.4,104.76,-0.02,-1.15,-1.16,-0.67,-1.28,2.29,35
56,1,56,912.29,33.39,33.55,1887.4,34.29,33.01,1.59,1733.86,32.94,-36.65,-41.89,-64.32,-27.51,-11.42,-12.5,-18.62,-11.88,12.01,86.5,-0.04,935.62,33.63,33.83,2001.67,34.45,32.98,1.54,1774.57,32.01,-36.99,-44.71,-59.39,-24.36,-10.57,-11.95,-15.89,-10.14,12.51,86.41,-0.04,992.91,31.59,31.76,1240.36,34.55,29.97,1.43,883.84,32.09,-37.86,-37.3,-63.52,-31.25,-2.16,0.73,-3.76,-9.68,7.91,107.3,-0.02,-1.19,-1.18,-0.7,-1.29,3.95,35
57,1,57,811.3,33.66,33.72,1859.31,36.2,33,1.55,1665.28,34.24,-39.18,-40.84,-63.11,-27.88,-12.7,-12.3,-18.5,-11.61,12.09,87.98,-0.04,815.81,33.87,33.91,1939.95,36.21,32.98,1.5,1695.21,33.48,-37.65,-43.7,-59.78,-24.71,-11.63,-11.82,-15.8,-9.86,12.7,87.95,-0.04,996.66,31.78,31.92,1227.5,36.2,29.99,1.41,878.5,32.41,-35.8,-39.45,-63.7,-31.51,-3.66,0.53,-3.85,-9.28,8.15,105.22,-0.02,-1.21,-1.2,-0.72,-1.34,6.18,35
58,1,58,860.93,33.63,33.69,1857.45,35.98,33,1.54,1667.58,34.16,-40.16,-42.3,-66.02,-27.72,-11.71,-12.43,-18.32,-11.59,12.16,87.86,-0.04,868.98,33.97,33.96,1947.91,36.47,33.01,1.49,1694.23,33.74,-37.09,-44.25,-58.69,-24.49,-10.76,-12.03,-15.7,-9.88,12.73,87.97,-0.04,1023.08,31.64,31.79,1237.84,34.89,29.98,1.41,879.3,32.34,-36.69,-38.55,-63.8,-31.68,-2.52,0.63,-3.55,-9.51,8.08,105.72,-0.02,-1.22,-1.22,-0.72,-1.36,3.73,35
59,1,59,830.68,33.67,33.71,1856.26,36.14,32.98,1.54,1657.66,34.23,-38.71,-40.78,-66.24,-27.65,-11.68,-12.41,-18.46,-11.37,12.03,88.64,-0.03,835.83,33.9,33.91,1966.52,35.73,32.97,1.5,1713.9,33.06,-37.66,-43.74,-59.06,-24.5,-10.8,-12.03,-15.76,-9.61,12.54,88.56,-0.04,1029.92,31.6,31.75,1247.35,34.31,29.99,1.43,890.25,31.98,-37.44,-40.55,-63.53,-31.85,-2.84,0.73,-3.58,-9.32,7.76,106.81,-0.02,-1.23,-1.22,-0.74,-1.36,4.66,35
60,1,60,831.89,33.77,33.81,1855.72,37.03,33.01,1.53,1641.66,34.82,-40.1,-41.24,-65.34,-26.23,-11.59,-12.16,-18.4,-11.89,12.24,87.09,-0.03,841.69,34.01,33.95,1943.19,36.54,33.02,1.49,1681.41,34.02,-36.73,-43.58,-59.47,-23.02,-10.8,-11.79,-15.73,-10.13,12.83,87.07,-0.04,1024.61,31.72,31.89,1250.52,35.31,29.97,1.41,878.01,32.35,-37.53,-39.74,-63.38,-31.14,-2.86,0.72,-3.62,-9.73,7.84,106.68,-0.02,-1.2,-1.18,-0.71,-1.31,4.83,35
