Header Section,,,,,,,,,,,,,,,,,,,,,,,,,,,,,,,,,,,,,,,,,,,,,,,,,,,,,,,
Product,VC7578,,,,,,,,,,,,,,,,,,,,,,,,,,,,,,,,,,,,,,,,,,,,,,,,,,,,,,
Test Plan,Rev(-),,,,,,,,,,,,,,,,,,,,,,,,,,,,,,,,,,,,,,,,,,,,,,,,,,,,,,
Release Date,2/14/2014,,,,,,,,,,,,,,,,,,,,,,,,,,,,,,,,,,,,,,,,,,,,,,,,,,,,,,
Comment,"#11~20 generate in JCET , #31-60 for A5E9.17.1",,,,,,,,,,,,,,,,,,,,,,,,,,,,,,,,,,,,,,,,,,,,,,,,,,,,,,
,,,,,,,,,,,,,,,,,,,,,,,,,,,,,,,,,,,,,,,,,,,,,,,,,,,,,,,
Data Section,,,,,,,,,,,,,,,,,,,,,,,,,,,,,,,,,,,,,,,,,,,,,,,,,,,,,,,
Device#,1,2,3,4,5,6,7,8,9,10,11,12,13,14,15,16,17,18,19,20,21,22,23,24,25,26,27,28,29,30,31,32,33,34,35,36,37,38,39,40,41,42,43,44,45,46,47,48,49,50,51,52,53,54,55
Test Item,Site No,Device ID,Idle_B38_Vbat,Idle_B38_Vcc,Idle_B38_Total,Pin_B38_2496,Pout_B38_2496,Gain_B38_2496,Icc_B38_Vbat_2496,Icc_B38_Vcc_2496,Icc_B38_Total_2496,PAE_B38_Total_2496,E-UTRA_ACP_L_B38_2496,UTRA_ACP1_L_B38_2496,UTRA_ACP2_L_B38_2496,EVM_B38_2496,Pin_B38_2690,Pout_B38_2690,Gain_B38_2690,Icc_B38_Vbat_2690,Icc_B38_Vcc_2690,Icc_B38_Total_2690,PAE_B38_Total_2690,E-UTRA_ACP_L_B38_2690,UTRA_ACP1_L_B38_2690,UTRA_ACP2_L_B38_2690,EVM_B38_2690,Idle_B40_Vbat,Idle_B40_Vcc,Idle_B40_Total,Pin_B40_2300,Pout_B40_2300,Gain_B40_2300,Icc_B40_Vbat_2300,Icc_B40_Vcc_2300,Icc_B40_Total_2300,PAE_B40_Total_2300,E-UTRA_ACP_L_B40_2300,UTRA_ACP1_L_B40_2300,UTRA_ACP2_L_B40_2300,EVM_B40_2300,Pin_B40_2400,Pout_B40_2400,Gain_B40_2400,Icc_B40_Vbat_2400,Icc_B40_Vcc_2400,Icc_B40_Total_2400,PAE_B40_Total_2400,E-UTRA_ACP_L_B40_2400,UTRA_ACP1_L_B40_2400,UTRA_ACP2_L_B40_2400,EVM_B40_2400,Leakage Current,Test Time,Index Time
Low Tolerance,,,5,10,10,0.3,,,1,30,30,,1.5,1.5,1.5,0.5,0.3,,,1,30,30,,1.5,1.5,1.5,0.5,5,10,10,0.3,,,1,30,30,,1.5,1.5,1.5,0.5,0.3,,,1,30,30,,1.5,1.5,1.5,0.5,5,,
High Tolerance,,,5,10,10,0.3,,,1,30,30,,1.5,1.5,1.5,0.5,0.3,,,1,30,30,,1.5,1.5,1.5,0.5,5,10,10,0.3,,,1,30,30,,1.5,1.5,1.5,0.5,0.3,,,1,30,30,,1.5,1.5,1.5,0.5,5,,
Enable,,,1,1,1,1,0,0,0,1,1,,1,1,1,1,1,0,0,0,1,1,,1,1,1,1,1,1,1,1,0,0,0,1,1,,1,1,1,1,1,0,0,0,1,1,,1,1,1,1,1,,
11,1,11,3.94,147.29,151.22,-0.16,26.97,26.42,4.35,573.17,577.52,22.24,-38.89,-37.79,-52.95,2.63,3.37,26.96,23.59,4.21,561.41,565.62,23.07,-38.48,-36.75,-51.89,3.41,3.92,151.96,155.88,2.19,27.01,25.44,4.16,524.28,528.44,23.85,-36.2,-34.68,-51.03,4.27,3.33,26.99,22.38,4.45,550.96,555.41,22.66,-37.01,-35.68,-50.44,3.46,5.84,4431,270161.67
12,1,12,4.11,155.38,159.49,-0.44,26.99,26.73,4.42,571.53,575.95,22.42,-39.25,-38,-53.66,2.66,2.59,27.01,24.42,4.43,561.08,565.51,23.37,-38.43,-36.63,-52.01,3.68,4.15,160.82,164.97,1.56,26.99,26.05,4.36,521.3,525.66,23.86,-37.61,-36.05,-52.63,3.37,2.84,26.98,22.85,4.3,550.61,554.91,22.63,-37.48,-36,-51.44,3.5,5.84,4295.67,1364
13,1,13,3.88,142.71,146.59,0.37,27,25.93,4.13,573.58,577.7,22.43,-39.32,-38.27,-53.34,2.53,3.88,26.96,23.08,4.09,558.22,562.31,23.2,-38.51,-36.79,-51.93,4.4,3.76,144.18,147.94,1.57,27.01,26.06,3.91,514.33,518.24,24.33,-37.5,-36.13,-51.93,3.36,3.15,27.03,22.6,3.9,542.62,546.51,23.24,-37.56,-36.19,-51.13,3.27,5.82,5264.67,731.96
14,1,14,4.01,150.31,154.32,-0.63,26.98,26.91,4.23,571.82,576.05,22.39,-39.25,-38.15,-53.34,2.55,2.27,26.97,24.7,4.25,559.8,564.05,23.23,-38.7,-37.01,-51.92,3.08,3.83,151.22,155.05,1.02,26.99,26.59,4.01,510.85,514.86,24.36,-38.04,-36.61,-52.67,3.11,2.35,26.98,23.35,4.07,541.54,545.61,23.02,-37.57,-36.19,-51.26,3.31,5.83,4046.33,744.23
15,1,15,3.93,146.61,150.53,-0.81,26.98,27.08,4.18,571.88,576.06,22.37,-39.49,-38.4,-53.59,2.46,2.04,26.98,24.94,4.15,556.23,560.38,23.43,-38.73,-37.08,-51.82,3.14,3.8,148.91,152.72,0.75,26.99,26.87,3.91,509.45,513.36,24.49,-38.05,-36.64,-52.59,3.08,2.14,26.98,23.55,3.99,541.01,545,23.02,-37.82,-36.56,-51.24,3.14,5.82,4115.67,728.99
16,1,16,3.93,148.77,152.7,-0.7,26.97,26.97,4.28,568.28,572.56,22.48,-39.45,-38.39,-53.49,2.45,2,26.98,24.98,4.17,550.82,554.99,23.65,-38.88,-37.28,-51.88,2.96,3.84,151.43,155.27,1.13,26.97,26.47,3.92,518.85,522.77,23.92,-37.79,-36.43,-52.3,3.15,2.46,26.99,23.24,3.95,552.05,556,22.63,-37.19,-35.71,-50.93,3.64,5.83,3902.33,733.06
17,1,17,4.12,150.34,154.46,-0.77,26.98,27.04,4.25,565.85,570.1,22.59,-39.63,-38.57,-53.67,2.38,2.22,26.99,24.77,4.3,552.79,557.09,23.63,-38.8,-37.15,-51.97,2.94,3.77,151.25,155.02,0.89,26.96,26.7,3.91,510.43,514.34,24.26,-38.14,-36.82,-52.53,3.03,2.23,26.98,23.46,4.2,541.35,545.54,23.01,-37.62,-36.22,-51.28,3.34,5.81,3860,735.04
18,1,18,4.11,154.34,158.44,-0.29,27,26.58,4.37,579.18,583.55,22.18,-39.03,-37.74,-53.59,2.73,2.45,27,24.55,4.35,562.57,566.92,23.22,-38.15,-36.32,-51.74,3.7,3.75,144.25,148,1.21,26.98,26.39,3.85,510.72,514.57,24.34,-38.03,-36.73,-52.3,3,2.7,27.01,23.03,3.88,545.41,549.29,23.05,-37.16,-35.71,-50.77,3.73,5.84,4170,734.51
19,1,19,4.07,150.46,154.53,-0.29,26.97,26.55,4.38,573.33,577.71,22.26,-38.96,-37.81,-53.15,2.62,3.29,27,23.71,4.3,562.13,566.43,23.24,-38.07,-36.24,-51.6,3.72,3.96,151.46,155.42,1.77,26.98,25.84,4.13,523.12,527.25,23.78,-36.37,-34.94,-50.99,4.16,3.11,26.97,22.58,4.12,550.71,554.83,22.6,-36.67,-35.21,-50.21,3.84,5.86,4373.33,725.43
20,1,20,4.07,152.99,157.06,-0.24,26.98,26.51,4.44,579.26,583.7,22.05,-39.11,-37.91,-53.45,2.64,2.7,26.97,24.27,4.33,570.07,574.41,22.79,-38.44,-36.67,-51.92,3.84,4.01,158.03,162.04,1.35,27,26.27,4.26,520.11,524.37,23.97,-37.55,-36.09,-52.34,3.37,3.02,26.96,22.66,4.28,549.26,553.53,22.62,-37.03,-35.47,-51.05,3.82,5.84,4237,729.92
21,1,21,4.22,156.05,160.27,-0.34,27,26.63,4.51,577.54,582.05,22.23,-39.21,-37.98,-53.58,2.72,3.74,27.03,23.29,4.47,574.52,578.99,22.9,-37.96,-36.07,-51.83,4.21,3.87,150.4,154.27,1.19,27.02,26.45,4.11,509.72,513.83,24.59,-37.99,-36.63,-52.49,3.09,2.9,27.01,22.82,4.01,540.86,544.87,23.22,-37.35,-35.82,-51.26,3.79,5.84,4238.33,723.78
22,1,22,3.89,149.38,153.26,-0.19,26.97,26.46,4.27,571.43,575.7,22.33,-39.37,-38.18,-53.69,2.58,2.24,26.98,24.74,4.23,565.5,569.72,23.03,-38.34,-36.56,-51.7,3.41,3.74,145.14,148.88,1.43,26.99,26.19,3.86,510.93,514.79,24.42,-37.8,-36.44,-52.26,3.11,2.92,27.02,22.82,3.97,545.96,549.92,23.03,-36.88,-35.33,-50.67,3.91,5.83,4308.67,737.19
23,1,23,3.99,149.89,153.88,-0.62,26.98,26.9,4.28,572.37,576.65,22.35,-39.43,-38.31,-53.6,2.48,2.21,26.96,24.75,4.23,559.1,563.33,23.18,-38.54,-36.82,-51.79,3.21,3.75,146.09,149.84,0.89,26.96,26.7,3.85,501.52,505.37,24.67,-38.34,-37.07,-52.55,2.88,2.29,26.97,23.4,3.86,532.13,535.99,23.38,-37.83,-36.54,-51.26,3.16,5.82,3918,721.89
24,1,24,3.97,148.05,152.02,-0.68,26.98,26.96,4.13,567.36,571.49,22.57,-39.41,-38.35,-53.41,2.42,2.14,26.96,24.82,4.36,552.23,556.59,23.46,-38.93,-37.33,-51.95,2.95,3.74,148.9,152.64,1.62,27,26,3.94,517.69,521.63,24.12,-37.96,-36.69,-52.29,2.98,2.71,26.97,22.98,3.94,549.12,553.05,22.68,-37.47,-36.01,-51.17,3.53,5.82,3645.33,734.84
25,1,25,3.85,145.86,149.71,-0.95,26.96,27.21,4.08,564.78,568.86,22.56,-39.65,-38.66,-53.58,2.35,2.07,27,24.93,4.1,550.6,554.7,23.75,-38.64,-36.99,-51.66,3.16,3.76,147.67,151.43,1.02,27,26.6,3.92,518.11,522.03,24.08,-38.15,-36.86,-52.43,2.95,2.32,26.98,23.37,3.96,547.18,551.14,22.77,-37.61,-36.26,-51.1,3.3,5.81,4316.33,730.88
26,1,26,4.05,152.01,156.05,-0.51,26.98,26.78,4.36,572.05,576.41,22.38,-38.98,-37.69,-53.5,2.73,2.26,26.97,24.71,4.31,559.18,563.49,23.22,-38.25,-36.44,-51.75,3.53,3.9,150.93,154.83,1.31,26.99,26.31,4.01,511.06,515.07,24.37,-37.99,-36.62,-52.5,3.07,2.62,26.98,23.07,4.1,541.72,545.82,23.02,-37.48,-36.04,-51.26,3.45,5.84,4162,732.21
27,1,27,4.23,158.52,162.75,-0.52,26.97,26.78,4.53,583.15,587.68,21.86,-38.88,-37.49,-53.63,2.86,3.03,27.08,24.05,4.55,581.8,586.35,22.9,-37.95,-36.06,-51.85,4.27,4.01,153.94,157.95,0.89,26.99,26.73,4.15,521.19,525.34,23.91,-37.64,-36.15,-52.48,3.35,2.54,27.06,23.24,4.2,555.85,560.06,22.84,-37.26,-35.8,-51.04,3.63,5.84,4739,735.29
28,1,28,4.12,156.9,161.02,-0.09,26.98,26.37,4.43,574.02,578.44,22.26,-38.94,-37.56,-53.69,2.79,2.25,27,24.75,4.32,558.68,563,23.42,-38.51,-36.75,-52.12,3.33,3.88,152.85,156.73,1.3,27.02,26.35,4.13,519.07,523.21,24.19,-37.48,-35.97,-52.3,3.34,2.65,27.01,23.08,4.11,549.04,553.15,22.88,-37.45,-36.06,-51.05,3.29,5.84,3843.33,734.57
29,1,29,4.22,156.67,160.88,-0.62,26.99,26.9,4.58,578.1,582.68,22.14,-38.98,-37.63,-53.62,2.79,2.56,27.1,24.54,4.51,568.46,572.97,23.52,-37.82,-35.92,-51.57,4.03,3.87,147.89,151.76,0.92,27,26.7,3.96,516.21,520.17,24.18,-37.69,-36.24,-52.38,3.29,2.29,26.99,23.42,4.03,542.87,546.9,23.02,-37.4,-36.05,-50.96,3.42,5.83,4822.33,726.29
31,1,31,4.014,141.168,145.182,-1.937,27.001,28.294,8.456,496.830,505.286,22.642,-40.866,-40.334,-51.846,2.182,1.669,26.971,25.303,8.280,500.723,509.003,25.002,-38.221,-37.196,-50.097,3.298,3.986,138.643,142.628,-1.743,27.014,30.033,8.445,476.266,484.710,23.904,-40.067,-39.077,-52.697,2.417,-0.593,27.035,26.198,8.343,469.109,477.452,23.309,-39.779,-38.846,-52.035,2.863,6.955,1879.000,150196.333
32,1,32,3.947,137.840,141.787,-2.174,27.011,28.541,8.326,495.061,503.387,22.777,-40.947,-40.333,-52.094,2.271,1.632,26.962,25.330,8.767,501.538,510.305,24.887,-37.688,-36.417,-50.034,3.949,4.374,154.763,159.137,-1.783,27.016,30.076,8.849,486.542,495.391,23.435,-39.593,-38.375,-52.800,2.835,-0.553,27.034,26.158,9.017,482.580,491.596,22.686,-39.566,-38.424,-52.229,3.159,6.855,1889.333,14107.000
33,1,33,3.927,137.007,140.934,-1.343,26.983,27.683,8.986,499.156,508.142,22.430,-41.127,-40.588,-52.206,2.245,2.070,26.984,24.914,8.396,511.494,519.890,24.561,-37.684,-36.383,-50.018,4.057,4.016,137.797,141.813,-1.219,27.033,29.528,8.412,482.186,490.598,23.738,-40.101,-39.149,-52.591,2.476,0.080,27.093,25.583,8.896,484.865,493.762,22.896,-39.519,-38.470,-52.056,3.346,6.865,1978.000,5283.000
34,1,34,4.135,145.680,149.815,-0.563,26.993,26.913,8.886,507.369,516.255,22.141,-40.360,-39.495,-51.691,2.638,2.951,26.965,24.014,8.952,512.572,521.523,24.378,-37.750,-36.445,-50.296,3.913,4.195,140.168,144.363,1.222,27.047,27.101,8.920,491.518,500.438,23.376,-38.340,-37.183,-50.774,3.686,2.067,27.071,23.576,9.736,516.920,526.656,21.510,-38.665,-37.632,-50.820,3.708,7.056,1991.333,6369.333
35,1,35,4.048,141.886,145.934,-0.702,27.003,27.062,9.131,511.997,521.128,21.990,-40.364,-39.492,-51.811,2.636,2.921,26.995,24.074,8.763,520.237,529.000,24.208,-37.431,-36.043,-50.083,4.219,4.005,134.370,138.375,0.894,26.977,27.360,9.022,483.206,492.228,23.365,-38.793,-37.690,-51.325,3.229,1.745,27.044,23.870,8.828,484.116,492.944,22.678,-39.176,-38.170,-51.368,3.316,7.086,1991.333,2092.667
36,1,36,4.003,139.910,143.912,-0.524,27.003,26.883,8.896,508.221,517.117,22.155,-40.441,-39.714,-51.603,2.547,3.006,26.967,23.961,8.549,512.768,521.317,24.400,-37.755,-36.481,-50.191,3.888,4.104,139.743,143.847,0.875,26.995,27.396,8.871,487.394,496.265,23.280,-38.380,-37.165,-51.180,3.562,1.668,27.046,23.949,9.074,489.149,498.223,22.461,-38.748,-37.629,-51.182,3.644,7.185,1967.333,2320.333
37,1,37,3.899,135.116,139.016,-2.063,27.003,28.422,8.896,498.840,507.736,22.547,-40.840,-40.308,-51.880,2.232,1.538,26.967,25.429,8.501,502.388,510.889,24.886,-38.021,-36.960,-49.986,3.470,4.042,140.406,144.448,-1.645,27.043,29.963,8.544,477.588,486.131,23.998,-40.020,-38.958,-52.856,2.476,-0.532,27.027,26.130,8.340,470.001,478.341,23.226,-39.858,-38.885,-52.193,2.845,7.054,1828.667,2121.333
38,1,38,3.839,130.233,134.072,-0.783,26.985,27.125,8.685,499.732,508.417,22.429,-40.499,-39.984,-51.422,2.399,2.856,26.973,24.117,8.791,507.814,516.605,24.653,-37.694,-36.467,-49.890,3.911,3.779,126.865,130.644,3.214,23.589,21.652,7.344,375.338,382.682,17.607,-39.151,-39.992,-50.602,2.161,2.881,21.975,17.665,7.080,353.525,360.605,16.161,-37.739,-39.636,-48.752,2.292,7.077,1828.667,2108.000
39,1,39,4.059,142.577,146.635,-1.810,27.010,28.177,8.605,499.193,507.798,22.583,-40.789,-40.095,-52.009,2.347,1.707,26.968,25.261,8.552,504.409,512.961,24.791,-37.936,-36.739,-50.249,3.785,4.083,142.449,146.532,-1.452,27.019,29.746,8.886,480.810,489.695,23.704,-39.952,-38.868,-52.839,2.544,-0.459,27.017,26.047,9.114,473.235,482.349,22.996,-39.959,-38.999,-52.237,2.786,7.090,1861.000,2097.667
40,1,40,3.916,134.649,138.564,-0.912,26.998,27.267,8.902,505.346,514.248,22.251,-40.248,-39.574,-51.401,2.538,2.718,26.963,24.245,8.427,512.185,520.612,24.409,-37.994,-36.882,-50.095,3.551,4.034,135.646,139.680,0.832,26.997,27.440,9.008,488.965,497.973,23.214,-38.501,-37.391,-50.976,3.373,1.648,27.048,23.970,9.026,491.711,500.737,22.368,-39.136,-38.188,-51.172,3.257,7.224,1962.000,2117.667
41,1,41,3.957,138.094,142.051,-1.738,27.010,28.104,8.663,499.974,508.638,22.545,-41.050,-40.421,-52.235,2.298,1.848,26.977,25.129,8.727,508.516,517.243,24.645,-37.616,-36.311,-49.959,4.065,4.025,139.533,143.558,-1.944,27.030,30.250,8.794,477.971,486.765,23.898,-40.173,-39.128,-52.929,2.449,-0.712,27.016,26.299,8.717,466.875,475.592,23.295,-40.075,-39.162,-52.238,2.712,6.642,1899.333,2111.000
42,1,42,4.099,146.453,150.553,-1.710,27.006,28.073,8.993,500.302,509.295,22.498,-40.988,-40.215,-52.319,2.372,1.886,26.985,25.099,8.409,506.638,515.047,24.791,-37.609,-36.250,-50.165,4.120,4.185,147.047,151.232,-1.868,27.026,30.170,8.614,481.592,490.206,23.719,-39.953,-38.800,-52.998,2.617,-0.762,26.987,26.319,8.788,475.611,484.399,22.746,-39.919,-38.913,-52.256,2.850,6.808,1897.667,2110.667
43,1,43,4.218,148.474,152.692,-0.948,27.025,27.329,8.845,503.962,512.807,22.446,-40.105,-39.120,-51.703,2.790,2.739,26.968,24.229,8.992,509.801,518.793,24.519,-37.615,-36.258,-50.317,4.070,4.349,148.825,153.174,0.650,26.979,27.605,9.050,489.939,498.988,23.077,-38.289,-37.035,-51.205,3.646,1.590,27.051,24.031,9.471,492.521,501.992,22.331,-38.953,-37.819,-51.313,3.516,7.232,1980.667,10451.000
44,1,44,3.984,138.409,142.393,-1.027,27.006,27.390,9.364,508.175,517.539,22.157,-40.196,-39.394,-51.470,2.645,2.695,26.955,24.261,8.167,508.988,517.154,24.524,-37.812,-36.578,-50.158,3.795,4.131,141.142,145.273,0.920,26.978,27.334,8.821,483.811,492.632,23.349,-38.447,-37.297,-51.025,3.440,1.794,27.056,23.833,9.307,488.732,498.040,22.524,-38.885,-37.840,-51.073,3.514,7.114,1940.000,2117.667
45,1,45,3.969,141.844,145.813,-1.906,27.018,28.281,8.327,506.607,514.934,22.324,-40.795,-39.983,-52.214,2.473,1.610,26.963,25.352,8.333,509.385,517.718,24.542,-37.817,-36.590,-50.121,3.794,3.991,141.312,145.303,-1.870,27.026,30.173,8.464,476.147,484.611,23.977,-40.145,-39.095,-52.890,2.446,-0.819,26.978,26.368,8.259,464.850,473.108,23.205,-40.295,-39.430,-52.357,2.560,6.874,1887.667,24060.333
46,1,46,3.833,131.817,135.651,-2.127,26.992,28.475,8.754,496.231,504.985,22.607,-40.889,-40.434,-51.833,2.175,1.577,26.972,25.395,8.382,500.046,508.427,25.032,-37.894,-36.777,-49.885,3.638,4.054,142.165,146.220,-1.676,27.004,29.956,8.421,478.215,486.636,23.762,-39.887,-38.830,-52.735,2.541,-0.501,27.037,26.110,8.606,472.795,481.401,23.147,-39.744,-38.773,-52.080,2.946,6.883,1882.667,5651.333
47,1,47,4.152,145.639,149.791,-0.984,27.005,27.345,9.402,506.542,515.944,22.214,-40.238,-39.322,-51.697,2.715,2.700,26.988,24.288,8.422,509.508,517.930,24.675,-37.680,-36.367,-50.216,3.954,4.352,147.103,151.454,0.593,26.994,27.677,9.358,488.816,498.174,23.193,-38.210,-36.919,-51.205,3.757,1.477,27.043,24.137,9.325,490.674,499.999,22.374,-38.714,-37.515,-51.276,3.730,7.271,2003.667,10810.000
48,1,48,4.081,145.459,149.540,-1.866,27.001,28.223,9.175,503.498,512.673,22.329,-41.049,-40.344,-52.313,2.306,1.651,26.963,25.312,8.406,514.740,523.146,24.293,-37.989,-36.784,-50.269,3.648,3.914,135.683,139.597,-1.569,27.037,29.882,8.041,478.461,486.502,23.948,-40.362,-39.439,-52.789,2.271,-0.426,27.024,26.021,8.629,468.663,477.292,23.259,-40.301,-39.513,-52.202,2.523,6.727,1827.333,6434.000
49,1,49,4.045,141.385,145.430,-0.862,26.995,27.214,9.184,506.347,515.532,22.180,-40.253,-39.392,-51.680,2.663,2.766,26.960,24.194,8.576,514.890,523.466,24.259,-37.640,-36.339,-50.084,3.989,4.151,140.364,144.515,0.853,26.980,27.403,8.736,483.119,491.855,23.397,-38.539,-37.361,-51.197,3.462,1.740,27.052,23.883,8.989,490.655,499.643,22.438,-38.901,-37.811,-51.207,3.574,7.195,1961.000,2109.333
50,1,50,3.985,139.312,143.297,-1.793,26.988,28.138,8.753,496.824,505.577,22.565,-41.087,-40.504,-52.239,2.245,1.837,26.959,25.123,8.164,504.348,512.512,24.764,-37.590,-36.278,-49.910,4.084,4.142,145.527,149.669,-1.774,27.019,30.069,8.785,480.651,489.436,23.717,-39.931,-38.828,-52.859,2.547,-0.725,26.987,26.282,8.942,470.653,479.595,22.959,-39.794,-38.799,-52.168,2.889,6.992,1844.333,13882.000
51,1,51,4.068,142.148,146.215,-0.761,27.009,27.126,9.076,504.775,513.851,22.322,-40.205,-39.420,-51.451,2.661,2.981,26.964,23.983,8.540,509.266,517.806,24.544,-37.579,-36.230,-50.148,4.105,4.287,146.641,150.929,0.718,26.999,27.558,8.731,491.773,500.504,23.119,-38.083,-36.816,-50.993,3.812,1.638,27.052,23.985,9.783,498.689,508.472,22.073,-38.647,-37.502,-51.044,3.724,7.129,2018.000,2103.667
52,1,52,3.873,132.995,136.867,-1.091,26.990,27.438,9.150,505.829,514.979,22.180,-40.213,-39.477,-51.578,2.648,2.653,26.966,24.313,8.848,516.801,525.650,24.197,-37.430,-36.132,-49.752,4.174,4.238,144.495,148.733,1.020,27.004,27.261,8.739,485.940,494.678,23.402,-38.432,-37.252,-51.088,3.547,1.860,27.056,23.768,9.495,496.148,505.643,22.209,-38.997,-37.916,-51.225,3.514,7.236,1964.000,4862.000
53,1,53,3.958,138.782,142.740,-0.745,27.006,27.108,8.758,502.533,511.291,22.417,-40.379,-39.666,-51.558,2.581,2.975,26.967,23.992,8.608,514.061,522.669,24.337,-37.440,-36.065,-49.984,4.240,4.157,140.486,144.643,0.986,27.008,27.299,9.252,487.627,496.879,23.326,-38.344,-37.163,-50.938,3.570,1.793,27.056,23.834,9.235,487.800,497.035,22.565,-38.727,-37.644,-50.980,3.636,7.069,1989.000,2097.000
54,1,54,3.835,130.890,134.725,-0.689,26.971,27.016,9.252,502.694,511.946,22.205,-40.498,-39.907,-51.602,2.498,2.955,26.975,24.020,8.717,511.866,520.583,24.479,-37.299,-35.936,-49.688,4.351,4.154,140.369,144.523,1.016,26.982,27.243,8.768,482.362,491.129,23.443,-38.607,-37.473,-51.172,3.372,1.850,27.055,23.776,9.167,489.655,498.822,22.486,-38.939,-37.841,-51.283,3.560,7.294,1981.667,2125.000
55,1,55,4.069,141.273,145.342,-0.726,27.012,27.094,9.255,504.794,514.049,22.328,-40.291,-39.527,-51.549,2.610,3.038,26.971,23.933,8.832,510.736,519.568,24.497,-37.682,-36.373,-50.179,3.994,4.293,145.383,149.676,0.832,26.999,27.443,8.675,490.285,498.960,23.182,-38.248,-37.008,-51.112,3.731,1.766,27.056,23.861,9.403,493.148,502.551,22.334,-38.744,-37.585,-51.147,3.708,7.246,2002.333,2106.667
56,1,56,4.057,142.121,146.178,-1.813,26.986,28.155,8.346,501.704,510.050,22.360,-41.051,-40.383,-52.277,2.281,1.872,26.984,25.112,8.418,507.733,516.152,24.734,-37.633,-36.319,-50.054,4.059,4.252,149.685,153.937,-1.765,27.021,30.061,8.620,482.925,491.545,23.630,-39.721,-38.529,-52.835,2.737,-0.674,26.987,26.232,8.592,476.961,485.553,22.697,-39.774,-38.704,-52.246,2.949,6.872,1886.667,2095.667
57,1,57,4.067,143.183,147.250,-1.643,26.975,27.974,8.594,496.777,505.371,22.502,-41.012,-40.361,-52.185,2.283,1.942,26.960,25.018,8.439,503.448,511.887,24.801,-37.745,-36.453,-50.167,3.944,4.283,150.333,154.616,-1.642,27.046,29.964,8.857,487.505,496.362,23.549,-39.728,-38.578,-52.734,2.711,-0.552,26.964,26.088,8.708,476.275,484.983,22.603,-40.051,-39.078,-52.290,2.751,6.983,1771.667,2312.000
58,1,58,3.916,136.341,140.257,-0.759,27.025,27.141,9.284,505.162,514.446,22.377,-40.198,-39.451,-51.451,2.672,2.964,26.963,23.999,8.535,511.246,519.781,24.443,-37.644,-36.373,-49.985,3.989,4.213,143.301,147.514,0.775,26.995,27.496,8.872,490.838,499.709,23.133,-38.232,-36.986,-51.100,3.732,1.668,27.050,23.953,9.288,495.094,504.382,22.228,-38.666,-37.517,-51.091,3.734,7.189,2026.000,2097.667
59,1,59,4.092,142.552,146.644,-0.809,26.959,27.126,9.257,502.016,511.273,22.175,-40.597,-39.925,-51.644,2.437,2.950,26.959,24.009,8.648,509.213,517.861,24.510,-37.862,-36.619,-50.275,3.773,4.312,147.192,151.504,0.635,26.983,27.624,9.226,487.930,497.156,23.177,-38.303,-37.026,-51.267,3.684,1.575,27.048,24.044,9.638,489.444,499.082,22.439,-38.798,-37.627,-51.259,3.666,7.150,1921.667,23654.333
60,1,60,3.913,136.374,140.287,-0.850,27.019,27.226,8.937,499.620,508.557,22.594,-41.027,-40.461,-52.105,2.345,2.378,26.990,24.612,8.202,509.002,517.204,24.718,-37.527,-36.162,-49.947,4.290,4.162,146.174,150.336,-0.433,27.027,28.736,8.653,484.949,493.602,23.571,-40.123,-39.060,-52.880,2.540,0.527,27.045,25.090,8.891,485.400,494.291,22.628,-39.613,-38.509,-52.206,3.216,6.777,1909.000,12675.333
