Header Section,,,,,,,,,,,,,,,,,,,,,,,,,,,,,,,,,,,,,,,,,,
Product,VC7594,,,,,,,,,,,,,,,,,,,,,,,,,,,,,,,,,,,,,,,,,
Test Plan,Rev(-),,,,,,,,,,,,,,,,,,,,,,,,,,,,,,,,,,,,,,,,,
Release Date,2013/7/24 17:18,,,,,,,,,,,,,,,,,,,,,,,,,,,,,,,,,,,,,,,,,
Comment,"901~905 generated in 2014/3/11, for VC7582E2.14.1, 1~20 generated for VC7594-31A3E3.4.1, 2014/11/10",,,,,,,,,,,,,,,,,,,,,,,,,,,,,,,,,,,,,,,,,
,,,,,,,,,,,,,,,,,,,,,,,,,,,,,,,,,,,,,,,,,,
Data Section,,,,,,,,,,,,,,,,,,,,,,,,,,,,,,,,,,,,,,,,,,
Device#,1,2,3,4,5,6,7,8,9,10,11,12,13,14,15,16,17,18,19,20,21,22,23,24,25,26,27,28,29,30,31,32,33,34,35,36,37,38,39,40,41,42
Test Item,Site No,Device ID,GSM915 Idle Current,GSM915 Max Pout @ 0dBm Drive,GSM915 Max Pout,GSM915 Max Icc,GSM915 Max PAE,GSM915 Rated Pout,GSM915 Rated Vramp,GSM915 Rated Icc,GSM915 Rated PAE,GSM915 2nd har@33dBm,GSM915 3rd har@33dBm,GSM915 Fwd Isolation 1,GSM915 Fwd Isolation 2,GSM915 Pout Leakage@RX1,GSM915 Pout Leakage@RX2,GSM915 CMOS Pout,GSM915 Pout Slope,GSM915 Stress Delta,DCS1910 Idle Current,DCS1910 Max Pout @ 0dBm Drive,DCS1910 Max Pout,DCS1910 Max Icc,DCS1910 Max PAE,DCS1910 Rated Pout,DCS1910 Rated Vramp,DCS1910 Rated Icc,DCS1910 Rated PAE,DCS1910 2nd har@30dBm,DCS1910 3rd har@30dBm,DCS1910 Fwd Isolation 1,DCS1910 Fwd Isolation 2,DCS1910 Pout Leakage@RX1,DCS1910 Pout Leakage@RX2,DCS1910 CMOS Pout,DCS1910 Pout Slope,DCS1910 Stress Delta,Insertion Loss Rx1,Insertion Loss Rx2,Leakage Current,Leakage Current Delay Time
Low Tolerance,,,60,0.3,0.3,60,,,,60,,2,2,3,2,3,3,,,,60,0.3,0.3,60,,,,60,,3,3,3,3,3,3,,,,0.3,0.3,5,
High Tolerance,,,60,0.3,0.3,60,,,,60,,2,2,3,2,3,3,,,,60,0.3,0.3,60,,,,60,,3,3,3,3,3,3,,,,0.3,0.3,5,
Enable,,,1,1,1,1,0,0,0,1,0,1,1,0,1,1,1,0,0,0,1,1,1,1,0,0,0,1,0,1,1,1,1,1,1,0,0,0,1,1,1,0
901,1,901,781.822,33.989,34.072,1815.118,39.632,32.939,1.5,1507.852,36.752,-40.621,-41.107,-49.597,-21.221,-5.909,-14.127,13.651,86.869,-0.025,969.163,31.398,31.855,1323.379,32.627,29.918,1.425,998.119,27.694,-58.063,-48.629,-52.088,-29.046,-15.932,-2.101,8.424,102.135,-0.026,-1.671,-1.471,4.33,35
902,1,902,809.696,34.017,34.113,1850.007,39.254,32.928,1.5,1534.22,36.026,-42.587,-41.365,-51.388,-24.189,-6.659,-14.731,13.399,89.943,-0.026,989.401,31.521,31.811,1310.204,32.627,29.988,1.425,997.949,28.147,-53.511,-42.827,-52.154,-29.5,-11.858,-2.968,8.374,107.326,-0.023,-1.71,-1.516,4.906,35
903,1,903,788.897,34.023,34.107,1810.943,40.043,32.967,1.5,1495.633,37.293,-39.559,-41.241,-49.961,-21.743,-5.801,-14.27,13.475,88.748,-0.024,966.721,31.438,31.935,1333.94,32.972,30.014,1.44,1009.844,27.986,-55.216,-45.248,-51.746,-29.004,-15.093,-2.036,8.293,105.347,-0.028,-1.676,-1.476,4.217,35
904,1,904,805.479,34.076,34.173,1864.73,39.491,32.951,1.5,1538.687,36.119,-41.191,-41.595,-51.668,-22.696,-5.63,-14.482,13.557,88.097,-0.026,997.017,31.595,31.924,1327.046,33.061,30.059,1.425,1003.808,28.445,-53.528,-45.805,-52.446,-29.726,-16.342,-2.133,8.494,102.75,-0.024,-1.671,-1.481,4.166,35
905,1,905,831.931,33.998,34.112,1880.849,38.602,32.962,1.519,1571.952,35.441,-40.897,-40.992,-49.766,-23.179,-5.725,-14.168,13.399,89.341,-0.026,991.018,31.426,31.828,1331.64,32.228,30.023,1.444,1012.669,27.965,-59.576,-43.105,-52.395,-29.916,-13.716,-2.176,8.125,105.917,-0.025,-1.622,-1.42,4.582,35
1,1,1,879.061,33.844,33.850,1789.587,38.741,32.973,1.500,1547.707,36.601,-39.393,-48.698,-63.224,-28.608,-10.880,-15.990,13.398,89.520,-0.025,1050.685,30.652,31.131,1329.766,32.738,30.011,1.425,1038.773,27.574,-47.228,-50.174,-54.652,-31.880,-5.001,0.181,8.326,109.132,-0.030,-1.582,-1.447,0.642,35.000
2,1,2,878.517,33.866,33.922,1824.025,38.644,33.001,1.500,1577.593,36.147,-39.016,-48.762,-63.313,-26.935,-10.847,-16.061,13.352,90.300,-0.028,1049.674,30.656,31.246,1359.607,32.881,29.975,1.425,1046.623,27.145,-44.086,-47.891,-54.189,-31.893,-4.305,0.648,8.104,111.151,-0.033,-1.585,-1.437,0.936,35.000
3,1,3,852.242,33.769,33.917,1837.135,38.330,32.998,1.521,1615.087,35.281,-39.727,-48.705,-63.140,-27.959,-10.621,-15.916,13.131,90.343,-0.031,1041.263,30.543,31.066,1341.248,31.976,29.956,1.427,1050.829,26.914,-54.528,-47.233,-53.742,-32.155,-4.458,1.073,8.185,112.463,-0.030,-1.610,-1.463,0.933,35.000
4,1,4,874.125,33.852,33.885,1826.915,38.259,32.946,1.508,1567.999,35.906,-38.838,-46.810,-63.417,-23.954,-10.463,-15.568,13.490,87.645,-0.027,1052.142,30.691,31.125,1326.970,32.762,30.016,1.425,1033.180,27.758,-45.800,-46.768,-54.235,-31.595,-4.905,1.124,8.493,104.763,-0.028,-1.600,-1.461,0.828,35.000
5,1,5,862.991,33.817,33.874,1834.152,38.010,33.008,1.519,1596.717,35.771,-38.993,-46.753,-63.944,-24.951,-10.903,-16.036,13.066,92.107,-0.027,1052.324,30.736,31.260,1349.118,33.239,29.999,1.425,1034.059,27.622,-57.649,-48.089,-54.411,-31.756,-5.110,0.633,8.007,113.258,-0.030,-1.565,-1.433,0.746,35.000
6,1,6,876.817,33.869,33.928,1824.034,38.700,32.944,1.500,1560.870,36.052,-39.446,-47.935,-63.643,-26.554,-10.699,-15.818,13.186,91.612,-0.027,1051.618,30.810,31.247,1317.914,33.928,30.004,1.404,1008.536,28.360,-47.829,-48.684,-54.009,-31.794,-4.284,0.676,8.364,109.763,-0.029,-1.605,-1.458,0.588,35.000
7,1,7,863.329,33.879,33.870,1793.763,38.826,33.062,1.500,1557.293,37.134,-39.656,-48.701,-63.132,-26.982,-10.468,-15.519,13.796,86.757,-0.025,1054.161,30.725,31.275,1368.011,32.899,30.040,1.425,1054.706,27.340,-46.613,-46.277,-54.330,-32.354,-5.280,0.678,8.491,106.449,-0.031,-1.549,-1.408,0.629,35.000
8,1,8,853.373,33.890,33.973,1837.939,38.810,32.959,1.500,1583.067,35.668,-39.181,-48.768,-63.188,-25.200,-10.778,-15.917,13.424,89.201,-0.028,998.913,30.807,31.267,1313.639,34.191,30.010,1.402,1004.932,28.495,-53.063,-48.808,-54.099,-31.218,-4.987,0.897,8.440,111.254,-0.030,-1.573,-1.433,0.641,35.000
9,1,9,833.224,33.849,33.888,1807.328,38.699,32.928,1.502,1554.364,36.072,-38.704,-48.817,-63.412,-27.337,-10.573,-15.747,13.368,88.998,-0.027,1052.773,30.596,31.126,1350.748,32.195,29.993,1.446,1053.311,27.084,-48.119,-47.258,-54.066,-32.053,-5.587,0.683,7.948,111.311,-0.030,-1.556,-1.419,0.622,35.000
10,1,10,879.018,33.885,33.896,1819.179,38.522,33.002,1.500,1563.382,36.483,-40.721,-46.581,-63.285,-26.513,-10.504,-15.539,13.633,88.545,-0.025,1020.211,30.655,31.187,1353.806,32.577,29.997,1.425,1052.335,27.129,-44.596,-48.183,-54.806,-31.459,-5.003,0.596,8.426,108.700,-0.031,-1.567,-1.429,0.676,35.000
11,1,11,897.308,33.922,33.990,1858.783,38.519,32.944,1.500,1580.354,35.614,-39.271,-47.588,-64.096,-24.485,-10.778,-15.670,13.554,87.023,-0.028,1041.001,30.763,31.199,1323.289,33.421,30.004,1.406,1020.348,28.029,-45.477,-47.481,-54.195,-31.279,-3.853,0.554,8.615,105.619,-0.029,-1.556,-1.418,0.686,35.000
12,1,12,836.934,33.686,33.626,1693.243,38.890,32.948,1.504,1479.224,38.084,-40.584,-48.253,-62.356,-26.065,-9.840,-15.360,13.413,90.086,-0.023,1060.180,30.834,31.294,1329.400,33.996,30.022,1.416,1015.786,28.274,-44.653,-46.674,-54.313,-32.213,-4.644,1.039,8.008,111.632,-0.029,-1.542,-1.399,0.683,35.000
13,1,13,876.388,33.844,33.821,1763.663,39.047,33.067,1.500,1540.778,37.573,-39.924,-48.923,-63.206,-25.022,-10.210,-15.768,13.751,87.633,-0.024,1042.956,30.708,31.195,1333.321,33.134,30.041,1.417,1032.572,27.935,-54.940,-47.211,-53.958,-31.985,-4.495,0.737,8.426,110.406,-0.030,-1.544,-1.424,0.601,35.000
14,1,14,842.913,33.853,33.833,1761.505,39.206,33.020,1.500,1526.289,37.523,-39.998,-48.803,-62.838,-27.588,-9.972,-15.478,13.216,94.257,-0.025,1017.812,30.667,31.143,1324.412,32.962,30.019,1.425,1033.245,27.773,-42.476,-47.756,-54.263,-31.331,-5.056,0.801,8.075,114.590,-0.030,-1.545,-1.419,0.659,35.000
15,1,15,903.000,33.874,33.958,1849.738,38.423,32.991,1.519,1597.364,35.613,-39.199,-46.830,-63.455,-26.873,-10.603,-15.771,13.089,90.793,-0.028,1058.636,30.801,31.310,1345.069,33.727,30.059,1.425,1031.600,28.073,-54.970,-47.579,-54.416,-32.409,-4.471,1.122,8.111,111.965,-0.029,-1.555,-1.418,0.815,35.000
16,1,16,875.398,33.505,33.437,1619.862,38.918,33.072,1.568,1535.963,37.735,-43.830,-50.968,-62.300,-26.519,-9.561,-15.502,13.658,87.582,-0.023,1058.954,30.679,31.107,1335.833,32.409,29.977,1.425,1042.600,27.260,-45.222,-48.130,-54.109,-32.180,-4.856,0.950,8.263,108.010,-0.029,-1.566,-1.434,0.608,35.000
17,1,17,862.135,33.801,33.767,1760.284,38.645,32.944,1.504,1516.174,37.120,-39.303,-48.144,-63.345,-24.365,-10.560,-15.820,13.632,86.070,-0.024,1054.684,30.708,31.288,1377.080,32.777,30.037,1.446,1061.029,27.157,-48.273,-46.739,-54.665,-31.905,-5.264,0.835,8.219,104.849,-0.031,-1.589,-1.437,0.535,35.000
18,1,18,874.808,33.865,33.854,1778.711,39.015,32.961,1.500,1523.361,37.083,-40.553,-48.254,-62.972,-24.506,-10.081,-14.952,13.664,86.952,-0.024,1019.831,30.738,31.301,1370.022,33.044,29.928,1.425,1043.798,26.922,-50.425,-47.776,-54.637,-31.907,-4.516,1.188,8.233,109.815,-0.031,-1.565,-1.436,0.504,35.000
19,1,19,886.452,33.870,34.046,1891.290,38.351,33.001,1.521,1630.456,34.970,-38.515,-46.803,-63.276,-26.724,-10.619,-15.495,13.255,89.034,-0.031,1054.907,30.685,31.255,1364.174,32.836,30.014,1.425,1051.964,27.247,-53.357,-47.681,-54.133,-32.412,-4.241,0.891,8.311,109.763,-0.031,-1.533,-1.412,0.410,35.000
20,1,20,897.576,33.784,34.056,1928.432,37.701,33.016,1.538,1681.304,34.029,-38.479,-47.159,-63.414,-29.372,-10.899,-16.630,12.974,92.274,-0.035,1046.237,30.673,31.298,1382.533,32.721,29.987,1.425,1060.952,26.850,-46.526,-48.739,-54.484,-32.259,-4.121,0.178,8.171,111.671,-0.032,-1.585,-1.453,0.454,35.000
