Header Section,,,,,,,,,,,,,,,,,,,,,,,,,,,,,,,,,,,,,,,,,,,,,,,,,,,,,,,,,,,,,,,,,,,,,,,
Product,VC7584-21,,,,,,,,,,,,,,,,,,,,,,,,,,,,,,,,,,,,,,,,,,,,,,,,,,,,,,,,,,,,,,,,,,,,,,
Test Plan,Rev(-),,,,,,,,,,,,,,,,,,,,,,,,,,,,,,,,,,,,,,,,,,,,,,,,,,,,,,,,,,,,,,,,,,,,,,
Release Date,2013/8/8 17:30,,,,,,,,,,,,,,,,,,,,,,,,,,,,,,,,,,,,,,,,,,,,,,,,,,,,,,,,,,,,,,,,,,,,,,
Comment,"131~170 generate in JCET,2013/12/21, #170~199 generate in JCET 2014/2/19, VC7590E6.4.1, 201~230 generated in JCET,VC7590_21_E4.4.1",,,,,,,,,,,,,,,,,,,,,,,,,,,,,,,,,,,,,,,,,,,,,,,,,,,,,,,,,,,,,,,,,,,,,,
,,,,,,,,,,,,,,,,,,,,,,,,,,,,,,,,,,,,,,,,,,,,,,,,,,,,,,,,,,,,,,,,,,,,,,,
Data Section,,,,,,,,,,,,,,,,,,,,,,,,,,,,,,,,,,,,,,,,,,,,,,,,,,,,,,,,,,,,,,,,,,,,,,,
Device#,1,2,3,4,5,6,7,8,9,10,11,12,13,14,15,16,17,18,19,20,21,22,23,24,25,26,27,28,29,30,31,32,33,34,35,36,37,38,39,40,41,42,43,44,45,46,47,48,49,50,51,52,53,54,55,56,57,58,59,60,61,62,63,64,65,66,67,68,69,70,
Test Item,Site No,Device ID,GSM824 Idle Current,GSM824 Max Pout @ 0dBm Drive,GSM824 Max Pout,GSM824 Max Icc,GSM824 Max PAE,GSM824 Rated Pout,GSM824 Rated Vramp,GSM824 Rated Icc,GSM824 Rated PAE,GSM824 2nd har@33dBm,GSM824 3rd har@33dBm,GSM824 Fwd Isolation 1,GSM824 Fwd Isolation 2,GSM824 CMOS Pout,GSM824 Pout Slope,GSM824 Stress Delta,GSM824 Pout Leakage@RX1,GSM824 Pout Leakage@RX2,GSM824 Pout Leakage@RX3,GSM824 Pout Leakage@RX5,GSM915 Idle Current,GSM915 Max Pout @ 0dBm Drive,GSM915 Max Pout,GSM915 Max Icc,GSM915 Max PAE,GSM915 Rated Pout,GSM915 Rated Vramp,GSM915 Rated Icc,GSM915 Rated PAE,GSM915 2nd har@33dBm,GSM915 3rd har@33dBm,GSM915 Fwd Isolation 1,GSM915 Fwd Isolation 2,GSM915 CMOS Pout,GSM915 Pout Slope,GSM915 Stress Delta,GSM915 Pout Leakage@RX1,GSM915 Pout Leakage@RX2,GSM915 Pout Leakage@RX3,GSM915 Pout Leakage@RX5,DCS1910 Idle Current,DCS1910 Max Pout @ 0dBm Drive,DCS1910 Max Pout,DCS1910 Max Icc,DCS1910 Max PAE,DCS1910 Rated Pout,DCS1910 Rated Vramp,DCS1910 Rated Icc,DCS1910 Rated PAE,DCS1910 2nd har@30dBm,DCS1910 3rd har@30dBm,DCS1910 Fwd Isolation 1,DCS1910 Fwd Isolation 2,DCS1910 CMOS Pout,DCS1910 Pout Slope,DCS1910 Stress Delta,DCS1910 Pout Leakage@RX1,DCS1910 Pout Leakage@RX2,DCS1910 Pout Leakage@RX3,DCS1910 Pout Leakage@RX5,Insertion Loss Rx1,Insertion Loss Rx2,Insertion Loss Rx3,Insertion Loss Rx5,Leakage Current,Leakage Current Delay Time,Test Time,Index Time,Status
Low Tolerance,,,60,0.3,0.3,60,,,,60,,2,2,3,2,,,,3,3,3,3,60,0.3,0.3,60,,,,60,,2,2,3,2,,,,3,3,3,3,60,0.3,0.3,60,,,,60,,3,3,3,3,,,,3,3,3,3,0.3,0.3,0.3,0.3,5,,,,
High Tolerance,,,60,0.3,0.3,60,,,,60,,2,2,3,2,,,,3,3,3,3,60,0.3,0.3,60,,,,60,,2,2,3,2,,,,3,3,3,3,60,0.3,0.3,60,,,,60,,3,3,3,3,,,,3,3,3,3,0.3,0.3,0.3,0.3,5,,,,
Enable,,,1,1,1,1,0,0,0,1,0,1,1,0,1,0,0,0,0,0,0,0,1,1,1,1,0,0,0,1,0,1,1,0,1,0,0,0,0,0,0,0,0,1,1,1,0,0,0,1,0,1,1,0,1,0,0,0,0,0,0,0,1,1,1,1,1,0,0,0,
88,1,88,834.06,33.29,33.46,1816.08,34.92,32.98,1.63,1661.5,33.33,-45.64,-32.58,-76.15,-27.96,12.43,107.81,-0.09,-19.94,-18.31,-14.49,-6.1,862.92,34.01,34.06,1847.56,39.39,33.02,1.54,1595.97,35.3,-40,-41.3,-66.72,-27.68,12.79,109.98,-0.08,-18.95,-21.53,-13.8,-5.86,1030.9,31.43,31.83,1303.7,33.44,30.04,1.47,1005.4,28.88,-39.84,-43.04,-56.48,-27.08,8.22,141.14,-0.09,-6.93,0.75,-8.73,-16.52,-1.56,-1.3,-1.55,-1.74,0.22,5,2115,22262,
89,1,89,854.83,33.4,33.56,1830.13,35.42,32.99,1.61,1650.38,33.65,-45.55,-33.19,-74.82,-27.66,12.75,106.97,-0.1,-19.18,-16.47,-14.33,-6.1,872.32,33.97,34,1848.94,38.85,33.02,1.55,1601.56,35.21,-40.53,-40.53,-63.6,-27.28,13.11,109.67,-0.08,-18.55,-20.53,-13.58,-5.84,1005.21,31.19,31.55,1245.31,32.77,30.04,1.48,981.6,29.59,-40.23,-45.38,-56.15,-26.94,8.63,139.74,-0.08,-7.01,0.96,-8.3,-15.93,-1.55,-1.3,-1.56,-1.74,0.04,5,2169,13910,
90,1,90,909.62,33.3,33.46,1915.96,33.14,32.97,1.64,1734.02,31.93,-45.09,-33.78,-75.81,-28.31,12.13,110.18,-0.09,-20.65,-16.79,-14.43,-6.81,921.86,33.95,34.04,1919.37,37.75,33.03,1.55,1648.13,34.28,-39.4,-41.34,-65.61,-27.65,12.76,112.43,-0.07,-19.09,-21.47,-13.72,-6.56,1060.4,31.43,31.83,1322.01,32.96,30.03,1.46,1020.53,28.47,-39.99,-44.21,-56.31,-29.16,8.22,140.34,-0.09,-7.37,0.57,-9.11,-17.04,-1.56,-1.31,-1.58,-1.74,41100.2,5,2193,14168,
91,1,91,844.3,33.36,33.53,1816.26,35.44,32.99,1.62,1644.92,33.73,-45.22,-33.79,-75.95,-27.81,12.52,107.03,-0.09,-19.84,-18.56,-14.04,-6.43,868.02,33.95,34.05,1847.5,39.28,33.01,1.55,1599.57,35.16,-39.56,-40.97,-66.86,-27.68,12.9,109.35,-0.08,-18.94,-21.67,-13.39,-6.2,1027.26,31.29,31.68,1244.14,33.78,30.03,1.47,968.24,29.97,-43.64,-41,-55.79,-27.18,8.17,144.97,-0.08,-7.77,0.66,-9.41,-17.12,-1.56,-1.3,-1.56,-1.75,-0.01,5,2156,16483,
92,1,92,833.18,33.47,33.63,1846.95,35.7,32.98,1.59,1641.53,33.75,-44.92,-33.79,-76.8,-27.23,12.67,107.78,-0.1,-19.67,-18.12,-14.04,-6.25,854.28,34,34.1,1884.02,39.01,33.02,1.54,1619.28,34.78,-39.29,-41.01,-67.8,-27.08,13.09,109.41,-0.09,-18.64,-21.32,-13.33,-6,996.96,31.37,31.81,1281.65,33.8,30.03,1.45,990.62,29.26,-41.05,-42.37,-55.47,-26.51,8.75,138.25,-0.09,-7.96,0.77,-9.26,-16.53,-1.59,-1.31,-1.6,-1.78,0.09,5,2119,10193,
93,1,93,856.45,33.4,33.56,1801.5,36.01,32.96,1.59,1622.89,33.99,-47.53,-33.74,-76.45,-27.21,12.75,107.75,-0.1,-19.81,-18.26,-13.9,-5.86,873.12,33.97,33.96,1792.44,39.65,33.04,1.53,1567.36,36.07,-39.82,-40.72,-66.32,-27.26,13.15,108.74,-0.07,-18.69,-21.64,-13.2,-5.57,1041.7,31.38,31.79,1290.86,33.45,30.04,1.47,997.08,29.13,-39.64,-41.5,-56.19,-26.52,8.4,139.75,-0.09,-7.66,0.53,-9.57,-16.31,-1.55,-1.3,-1.54,-1.75,11494.78,5,2190,13611,
94,1,94,841.34,33.22,33.41,1870.8,33.52,32.97,1.66,1720.24,32.16,-44.8,-33.15,-75.08,-29.02,12.35,105.12,-0.11,-20.12,-16.88,-14.4,-6.9,864.06,33.88,34.05,1940.29,37.45,33.02,1.57,1680.36,33.58,-39.92,-41.6,-65.04,-28.1,12.79,107.39,-0.1,-18.97,-21.04,-13.71,-6.66,1026.42,31.32,31.71,1269.62,33.36,30.03,1.47,984.63,29.42,-39.18,-44.42,-56.28,-30.22,8.54,134.91,-0.08,-7.08,0.57,-8.98,-16.83,-1.56,-1.31,-1.56,-1.73,-0.1,5,2164,13096,
97,1,97,849.62,33.36,33.53,1848.76,34.87,32.99,1.62,1672.46,33.18,-45.18,-34.21,-75.7,-28.8,12.35,107.43,-0.1,-20.25,-17.55,-14.05,-6.53,872.55,33.99,34.05,1853.91,39.19,33.02,1.54,1601.41,35.17,-40.48,-41.24,-64.24,-27.77,12.86,109.31,-0.08,-18.92,-21,-13.39,-6.3,1035.73,31.4,31.76,1264.79,33.91,30.03,1.46,970.72,29.91,-39.03,-43.65,-55.75,-30.14,8.43,138.05,-0.08,-7.88,0.51,-9.31,-16.28,-1.55,-1.3,-1.55,-1.73,0.07,5,2147,12917,
98,1,98,853.87,33.32,33.48,1839.9,34.6,32.97,1.63,1675.71,32.97,-44.83,-32.61,-75.12,-28.21,12.58,107.63,-0.1,-19.3,-16.64,-13.94,-5.8,875.49,33.97,34.05,1870.46,38.8,33.03,1.55,1621.42,34.81,-40.1,-40.78,-64.28,-27.65,12.97,109.93,-0.09,-18.37,-20.28,-13.24,-5.53,1021.33,31.28,31.65,1256.5,33.28,30.03,1.47,977.87,29.66,-40.58,-44.82,-56.26,-27.9,8.39,140.59,-0.08,-7.14,0.85,-8.58,-15.67,-1.53,-1.3,-1.53,-1.74,0,5,2161,12721,
99,1,99,841.75,33.39,33.56,1854.59,34.98,32.98,1.62,1668.44,33.23,-45.35,-33.89,-75.48,-28.73,12.3,107.11,-0.1,-20.25,-17.27,-14.57,-6.78,868.27,34.03,34.11,1877.07,39.25,33.01,1.54,1605.95,35.03,-39.06,-41.44,-66.73,-27.49,12.9,109.89,-0.08,-19.14,-21.22,-13.89,-6.58,1027.97,31.44,31.82,1288.75,33.67,30.04,1.47,989.22,29.38,-41.27,-46.14,-55.95,-30.67,8.33,138.21,-0.08,-6.9,0.48,-8.83,-16.85,-1.56,-1.31,-1.57,-1.74,18.91,5,2121,10079,
101,1,101,845.35,33.35,33.51,1826.56,35.13,32.98,1.62,1657.82,33.42,-45.94,-32.67,-76.13,-28.38,12.83,103.49,-0.1,-19.58,-17.79,-14.33,-5.98,864.04,34.02,34.05,1839.66,39.42,33.03,1.54,1590.19,35.53,-39.5,-40.96,-66.61,-27.69,13.3,105.51,-0.08,-18.61,-21.18,-13.61,-5.72,1023.73,31.39,31.77,1274.65,33.71,30.04,1.46,982.45,29.6,-39.34,-42.34,-56.04,-29.21,8.81,133.03,-0.09,-7.29,0.6,-8.91,-16.36,-1.56,-1.31,-1.56,-1.75,0.11,5,2116,9203,
102,1,102,1106.34,33.15,33.22,2102.3,28.52,32.95,1.8,1992.51,27.73,-44.35,-33.09,-75.24,-25.5,10.57,137.21,-0.06,-19.22,-16.62,-13.97,-5.84,1112.77,33.69,33.68,2106.79,31.62,32.96,1.59,1856.5,29.98,-40.65,-40.61,-63.9,-25.83,10.53,146.82,-0.05,-18.43,-20.46,-13.35,-5.65,1252.83,31,31.41,1490.23,26.54,30.01,1.52,1250.83,23.03,-40.82,-45.41,-56.24,-22.11,5.82,181.36,-0.09,-7.45,0.93,-8.38,-15.99,-1.57,-1.31,-1.57,-1.75,120210.53,5,2148,10409,
103,1,103,826.54,33.49,33.64,1829.6,36.1,32.97,1.59,1624.03,34.04,-46.41,-33.59,-75.73,-27.4,12.35,111.53,-0.1,-19.63,-18,-14.33,-6.05,853.45,34.04,34.08,1840.9,39.73,33.03,1.54,1582.37,35.65,-39.06,-41.01,-66.46,-27.34,12.84,114.33,-0.08,-18.7,-21.42,-13.58,-5.78,1015.62,31.37,31.81,1304.12,33.24,30.03,1.48,1007.62,28.76,-38.83,-43.04,-56.39,-26.73,8.17,143.44,-0.09,-7.14,0.65,-8.9,-16.51,-1.56,-1.3,-1.55,-1.75,0.04,5,2187,9102,
104,1,104,850.81,33.35,33.52,1845.76,34.82,32.99,1.62,1673.76,33.2,-45.69,-33.78,-75.41,-27.6,12.71,105.59,-0.1,-19.59,-17.14,-14.19,-5.94,870.21,34.04,34.08,1856.29,39.36,33.03,1.53,1594.62,35.4,-39.42,-40.99,-66.41,-27.06,13.18,108.39,-0.08,-18.74,-21.18,-13.54,-5.71,1018.72,31.37,31.76,1288.29,33.28,30.04,1.47,998.23,29.11,-39.63,-43.94,-56.08,-27.86,8.5,141.27,-0.09,-7.51,0.79,-8.89,-16.06,-1.56,-1.3,-1.55,-1.76,0.02,5,2193,10937,
105,1,105,833.12,33.35,33.51,1830.76,35.04,32.99,1.63,1663.88,33.34,-45.82,-32.43,-75.6,-28.16,12.72,103.99,-0.1,-19.4,-16.78,-14.24,-5.75,859.11,33.98,34.07,1869.18,39,33.02,1.55,1616.35,34.85,-39.7,-40.54,-65.9,-27.7,13.04,106.09,-0.08,-18.33,-20.75,-13.53,-5.51,1016.49,31.31,31.7,1249.64,33.81,30.03,1.46,969.62,29.9,-41.39,-43.88,-56.02,-28.11,8.79,134.23,-0.08,-7.27,0.73,-8.61,-15.52,-1.57,-1.31,-1.58,-1.77,0.16,5,2206,8158,
106,1,106,843.93,33.39,33.56,1801.71,35.99,32.96,1.59,1623.11,33.98,-47.64,-32.86,-74.57,-28.02,12.86,105.04,-0.09,-18.99,-16.5,-14.42,-5.47,871.3,34.05,34.06,1809.42,40.19,33.04,1.52,1562.17,36.24,-39.77,-40.75,-66.86,-27.74,13.3,107.26,-0.07,-18.2,-21.26,-13.63,-5.16,1042.63,31.45,31.87,1317.11,33.35,30.03,1.46,1015.14,28.54,-40.69,-44.28,-56.51,-27.48,8.49,137.85,-0.09,-6.85,0.8,-8.66,-15.27,-1.61,-1.32,-1.61,-1.8,0.13,5,2123,9053,
107,1,107,849.8,33.37,33.54,1827.59,35.32,32.97,1.6,1649.54,33.52,-44.37,-33.56,-76.8,-28.62,12.74,103.32,-0.09,-19.97,-17.58,-14.03,-5.93,874.3,33.96,34.07,1867.18,39.05,33.03,1.53,1616.01,34.97,-39.27,-40.72,-66.37,-27.89,13.12,106.94,-0.08,-18.89,-21.35,-13.38,-5.66,1035.4,31.3,31.73,1280.83,33.21,30.03,1.47,997.01,29.11,-39.88,-42.23,-56.19,-30.1,8.56,136.66,-0.1,-7.7,0.66,-9.46,-16.25,-1.58,-1.32,-1.57,-1.77,0.13,5,2120,10891,
108,1,108,847,33.43,33.59,1819.1,35.93,32.97,1.59,1626.25,33.99,-44.95,-33.09,-75.04,-28.21,13.01,101.39,-0.1,-18.93,-17.98,-14.02,-5.85,871.8,33.99,34.06,1844.33,39.46,33.03,1.53,1592.49,35.43,-39.17,-40.6,-65.17,-27.44,13.32,103.16,-0.08,-18.52,-21.43,-13.32,-5.58,1030.61,31.27,31.71,1257.61,33.7,30.03,1.46,976.7,29.72,-42.18,-41.35,-55.84,-30.08,8.99,128.37,-0.08,-7.01,0.47,-9.41,-16.31,-1.54,-1.3,-1.54,-1.75,0.04,5,2118,9377,
109,1,109,863.46,33.33,33.49,1838.19,34.75,32.98,1.63,1673.55,33.1,-45.9,-33.59,-74.19,-28.52,12.71,105.74,-0.1,-19.78,-15.85,-14.54,-6.61,883.6,33.93,34,1847.28,38.82,33.02,1.55,1609.45,35.04,-40.79,-41.21,-63.11,-28.2,13.06,107.01,-0.09,-18.95,-20.64,-13.8,-6.36,1034.44,31.25,31.59,1242.97,33.12,30.02,1.47,973.7,29.74,-40.5,-46.86,-56.43,-27.19,8.5,138.29,-0.08,-6.73,0.74,-8.34,-16.48,-1.54,-1.31,-1.55,-1.73,0.03,5,2139,9099,
110,1,110,850.06,33.31,33.48,1834.88,34.73,32.98,1.63,1674.91,33.12,-44.7,-33.43,-75.39,-28.58,12.25,108.47,-0.1,-20.01,-19.41,-13.97,-6.39,875.09,33.94,34.05,1875.35,38.72,33.03,1.54,1627.11,34.68,-39.87,-40.67,-66.22,-27.96,12.7,111.19,-0.09,-19.03,-21.73,-13.35,-6.16,1042.14,31.33,31.75,1278.27,33.44,30.04,1.47,988.57,29.38,-43.04,-42.37,-56.17,-29.17,8.45,139.75,-0.08,-7.54,0.6,-9.48,-17.25,-1.56,-1.3,-1.55,-1.75,0.17,5,2156,8945,
111,1,111,888.21,33.39,33.55,1789.2,36.16,32.99,1.61,1617.21,34.3,-47.53,-34.46,-74.58,-28.46,12.62,108.19,-0.1,-19.31,-16.71,-13.97,-5.91,906.02,33.91,33.87,1767.7,39.36,33.04,1.55,1554.56,36.38,-40.39,-41.37,-62.58,-27.99,13.03,110.82,-0.07,-18.44,-20.35,-13.24,-5.63,1039.72,31.27,31.67,1274.43,32.92,30.03,1.48,994.49,29.18,-43.38,-44.68,-56.22,-28.45,8.28,140.8,-0.09,-7.48,0.83,-8.7,-15.81,-1.55,-1.3,-1.54,-1.74,0.18,5,2185,77767,
112,1,112,841.29,33.43,33.59,1809.12,36.13,32.98,1.59,1616.6,34.22,-48.83,-32.77,-75.14,-27.89,12.75,107.15,-0.09,-19.23,-17.77,-14.21,-5.36,866.92,34.09,34.12,1832.09,40.27,33.03,1.52,1561.07,36.16,-39.22,-40.72,-68.13,-27.2,13.21,109.5,-0.08,-18.35,-21.63,-13.49,-5.1,1022.2,31.44,31.84,1289.35,33.87,30.03,1.46,987.24,29.36,-42.25,-43.38,-55.81,-28.64,8.42,141.58,-0.08,-7.3,0.69,-8.87,-15.28,-1.59,-1.31,-1.59,-1.79,0.18,5,2123,8675,
113,1,113,843.72,33.45,33.61,1820.68,36.03,32.97,1.59,1622.72,34.02,-44.62,-33.87,-74.02,-27.35,12.66,107.96,-0.1,-20.06,-18.94,-14.29,-6.16,868.15,33.97,34,1817.06,39.5,33.03,1.54,1578.93,35.8,-39.7,-41.29,-65.9,-27.17,13.1,109.01,-0.08,-19.1,-22.05,-13.61,-5.89,1027.9,31.42,31.85,1299.56,33.67,30.04,1.46,995.27,29.19,-42.15,-41.85,-56.21,-27.23,8.27,141.63,-0.09,-7.31,0.93,-9.12,-16.8,-1.58,-1.31,-1.57,-1.77,0.19,5,2159,18863,
114,1,114,852.15,33.39,33.55,1841.23,35.11,33,1.61,1669.4,33.32,-44.92,-33.24,-74.86,-28.37,12.6,106.02,-0.1,-19.6,-16.99,-14.26,-6.24,873.38,33.98,34.04,1862.95,38.88,33.02,1.54,1616.25,34.89,-40.32,-40.95,-64.02,-27.98,12.95,109.03,-0.08,-18.8,-20.78,-13.56,-5.99,1032.58,31.29,31.65,1246.12,33.49,30.04,1.46,966.72,30.06,-40.03,-43.89,-56.24,-27.65,8.47,139.82,-0.08,-7.05,0.93,-8.48,-16.29,-1.56,-1.31,-1.56,-1.75,-0.05,5,2147,9352,
115,1,115,836.6,33.44,33.6,1815.22,36.06,32.96,1.59,1616.38,34.12,-44.89,-34.41,-75.01,-27.38,12.65,107.57,-0.1,-19.3,-19.84,-13.9,-6.34,861.23,33.98,34,1806.24,39.74,33.02,1.54,1562.74,36.06,-39.2,-41.26,-65.54,-27.3,13.07,108.99,-0.07,-18.68,-21.73,-13.21,-6.07,1027,31.32,31.75,1287.27,33.23,30.03,1.48,1002.83,28.92,-42.09,-38.85,-55.85,-27.05,8.38,141.52,-0.09,-6.77,0.46,-9.63,-17.71,-1.52,-1.29,-1.5,-1.72,0.09,5,2173,12330,
116,1,116,846.31,33.31,33.49,1823.64,35.01,32.98,1.63,1658.59,33.39,-46.15,-33.5,-75.06,-28.92,12.32,107.88,-0.09,-20.25,-16.76,-14.55,-6.47,871.82,33.99,34.12,1859.03,39.67,33.03,1.54,1599.6,35.28,-39.94,-41.28,-66.19,-28.1,12.73,110.47,-0.09,-19.1,-21.71,-13.8,-6.24,1036.89,31.44,31.81,1273.54,34.03,30.03,1.46,977.29,29.7,-40.43,-43.67,-56.21,-29.53,8.32,139.6,-0.08,-6.84,0.41,-8.8,-16.63,-1.56,-1.3,-1.58,-1.75,0.06,5,2181,9724,
117,1,117,842.52,33.45,33.61,1837.81,35.71,32.96,1.59,1636.92,33.71,-45.97,-32.36,-75.2,-27.53,12.67,104.96,-0.1,-19.55,-17.65,-14.45,-6.07,860.88,34.09,34.16,1868.24,39.81,33.02,1.53,1592.44,35.4,-38.94,-40.87,-67.12,-27.17,13.22,107.88,-0.08,-18.72,-21.48,-13.74,-5.82,986.74,31.46,31.88,1297.53,33.94,30.03,1.45,991.91,29.2,-39.14,-41.6,-56.06,-27.49,8.8,134.12,-0.08,-7.28,0.57,-8.85,-16.4,-1.57,-1.31,-1.57,-1.76,0.01,5,2127,8500,
118,1,118,862.93,33.3,33.47,1846.52,34.39,32.97,1.63,1686.82,32.79,-45.14,-33.5,-75.04,-28.12,12.55,107.74,-0.1,-20.54,-17.13,-14.33,-6.37,883.91,33.96,34.04,1866.62,38.77,33.02,1.54,1619.11,34.83,-40.7,-42.21,-63.63,-27.9,12.87,110.21,-0.09,-19.13,-20.92,-13.61,-6.12,1034.46,31.3,31.67,1272.68,33.01,30.04,1.48,992.32,29.28,-37.68,-44.3,-56.39,-27.01,8.39,141.11,-0.09,-6.74,0.58,-8.54,-16.79,-1.54,-1.31,-1.54,-1.73,0.04,5,2141,10684,
119,1,119,843.86,33.41,33.57,1793.28,36.24,32.97,1.59,1609.22,34.32,-47.05,-33.57,-74.74,-27.94,13.29,98.62,-0.09,-19.85,-16.53,-14.63,-6.45,869.23,33.96,33.98,1796.64,39.81,33.03,1.53,1557.12,36.23,-40.3,-40.33,-65.23,-27.09,13.67,100.96,-0.08,-19.03,-21.37,-13.89,-6.18,1023.24,31.34,31.7,1252.29,33.77,30.04,1.46,971.73,29.93,-40.17,-42.66,-56.19,-30.19,9.18,125.31,-0.08,-7.03,0.79,-8.51,-16.51,-1.55,-1.3,-1.55,-1.75,0.09,5,2173,9327,
120,1,120,848.96,33.28,33.45,1853.08,34.16,32.97,1.64,1697,32.61,-44.27,-31.7,-74.96,-28.83,12.49,104.04,-0.1,-19.56,-17.36,-14.19,-5.73,873.86,33.91,34.05,1898.36,38.25,33.01,1.55,1648.29,34.13,-40.47,-40.15,-64.53,-28.02,12.9,106.55,-0.1,-18.85,-21.32,-13.52,-5.49,1036.36,31.25,31.64,1269.32,32.85,30.03,1.48,995.63,29.12,-40.45,-44.38,-56.49,-29.97,8.55,135.42,-0.09,-6.73,0.7,-8.84,-16.01,-1.53,-1.3,-1.52,-1.75,0.01,5,2121,8351,
121,1,121,853.54,33.32,33.5,1848.36,34.59,32.97,1.62,1679.94,32.95,-45.39,-33.81,-76.95,-27.96,12.29,110.52,-0.1,-19.92,-17.95,-13.9,-6.03,876.56,34.02,34.08,1863.1,39.19,33.03,1.54,1607.75,35.11,-40.15,-41.13,-65.97,-27.71,12.76,113.05,-0.08,-18.71,-21.22,-13.26,-5.78,1037.61,31.41,31.81,1289.74,33.59,30.03,1.46,988.02,29.32,-42.34,-42.89,-56.36,-27.72,8.03,146.23,-0.08,-7.83,0.64,-9.35,-16.47,-1.56,-1.31,-1.55,-1.75,0.07,5,2117,9727,
122,1,122,838.93,33.36,33.53,1886.99,34.17,32.99,1.61,1710.52,32.48,-44.28,-33.34,-74.29,-28.54,12.64,105.23,-0.1,-19.47,-16.56,-14.41,-6.71,862.05,33.95,34.08,1911.08,38.22,33.02,1.54,1652.61,34.09,-40.54,-41.61,-64.5,-27.76,13.15,107,-0.1,-18.82,-20.98,-13.73,-6.49,1026.78,31.37,31.81,1310.26,33.09,30.04,1.46,1015.44,28.59,-39.11,-44.98,-56.38,-29.36,8.7,132.57,-0.1,-7.03,0.9,-8.56,-16.74,-1.56,-1.32,-1.56,-1.75,0.01,5,2160,8876,
123,1,123,830.62,33.29,33.51,1913.85,33.46,32.97,1.64,1733.27,31.93,-45.16,-34.16,-75.62,-28.76,12.25,105.48,-0.11,-20.89,-16.78,-14.6,-7.22,854.47,33.95,34.13,1955.61,37.78,33.04,1.56,1679.58,33.7,-40.28,-41.83,-66.87,-28.1,12.88,107.33,-0.1,-19.6,-21.48,-13.91,-6.99,1023.87,31.44,31.8,1272.47,33.98,30.01,1.45,971.43,29.72,-40.22,-45.01,-56.37,-28.97,8.4,139.89,-0.08,-6.88,0.51,-8.85,-17.16,-1.55,-1.3,-1.56,-1.73,0.16,5,2144,12053,
124,1,124,850.76,33.39,33.56,1799.2,36,32.97,1.59,1622.08,34.1,-46.24,-33.09,-75.58,-28.15,13.03,104.29,-0.1,-19.49,-16.64,-14.02,-5.61,872.48,33.98,34.01,1815.69,39.57,33.05,1.53,1581.75,35.84,-39.99,-40.92,-66.04,-27.56,13.35,105.58,-0.08,-18.65,-20.79,-13.31,-5.32,1022.38,31.33,31.73,1269.13,33.54,30.03,1.45,984.9,29.46,-40.8,-42.82,-56.06,-28.77,8.9,133.37,-0.09,-7.82,0.44,-9.18,-15.56,-1.55,-1.31,-1.54,-1.76,0.14,5,2141,8540,
125,1,125,840.96,33.4,33.58,1854.93,35.13,32.98,1.6,1669.03,33.16,-45.77,-33.33,-74.32,-28.29,12.7,103.98,-0.1,-19.52,-16.06,-14.73,-6.74,867.27,34.06,34.15,1879.1,39.55,33.03,1.52,1607.7,35.09,-39.83,-41.36,-66.37,-27.68,13.17,106.88,-0.08,-18.98,-21.78,-14,-6.5,1022.65,31.48,31.9,1302.38,33.99,30.04,1.46,993.1,29.28,-41.39,-44.5,-56.04,-28.55,8.59,136.97,-0.08,-6.44,0.48,-8.73,-16.89,-1.56,-1.31,-1.57,-1.75,-0.02,5,2185,18221,
126,1,126,834.78,33.46,33.61,1825.41,35.98,32.96,1.59,1623.48,33.99,-46.7,-33.43,-76.54,-27.95,12.73,104.39,-0.1,-19.69,-17.49,-14.02,-6.12,860.08,34.05,34.1,1854.05,39.61,33.02,1.54,1587.96,35.47,-38.41,-40.75,-67.93,-27.16,13.25,107.54,-0.08,-18.69,-21.64,-13.34,-5.87,1014.42,31.41,31.87,1307.05,33.65,30.03,1.47,998.54,29.06,-43.11,-42.52,-55.76,-29.22,8.64,134.92,-0.09,-7.33,0.78,-9.19,-16.66,-1.59,-1.32,-1.6,-1.79,0.1,5,2158,10961,
127,1,127,837.88,33.4,33.56,1820.95,35.6,32.99,1.62,1641.12,33.8,-45.77,-34,-75.26,-28.02,12.67,105.7,-0.09,-19.73,-17.1,-14.53,-6.32,863.95,33.99,34.05,1837.6,39.49,33.02,1.55,1584.26,35.54,-39.16,-41.53,-65.46,-27.69,13.08,108.34,-0.08,-18.81,-21.24,-13.81,-6.09,1026.18,31.33,31.75,1294.57,33.03,30.03,1.48,1008.22,28.78,-39.99,-44.83,-56.38,-27.78,8.16,141.95,-0.09,-6.92,0.64,-8.69,-16.6,-1.56,-1.31,-1.56,-1.76,0.18,5,2136,8425,
128,1,128,835.99,33.38,33.57,1911.28,33.97,32.99,1.62,1723.18,32.28,-44.04,-32.95,-74.88,-27.1,12.33,108.15,-0.1,-20.67,-17.37,-14.55,-7.26,858.42,33.95,34.14,1975.41,37.5,33.04,1.56,1685.8,33.56,-39.77,-40.62,-67.1,-27.1,12.77,110.9,-0.09,-19.43,-21.48,-13.89,-7.06,1013.49,31.42,31.81,1279.66,33.85,30.02,1.46,984.72,29.4,-40.45,-45.18,-55.97,-24.53,8.58,143.39,-0.09,-6.63,0.51,-8.87,-17.29,-1.55,-1.31,-1.55,-1.73,0.01,5,2170,9411,
129,1,129,845.56,33.38,33.54,1805.66,35.79,32.96,1.59,1625.45,33.95,-45.53,-34.13,-75.23,-27.52,12.99,105.43,-0.1,-19.47,-17.95,-13.9,-6.21,867.58,33.98,34,1815.12,39.53,33.02,1.53,1568.76,35.89,-39.09,-40.98,-65.9,-27.07,13.35,107.23,-0.08,-18.77,-21.29,-13.22,-5.94,1015.94,31.24,31.68,1266.49,33.25,30.03,1.46,987.65,29.35,-42.5,-41.73,-55.89,-28.25,9,131.23,-0.1,-7.23,0.45,-9.63,-17.06,-1.55,-1.3,-1.54,-1.75,0.05,5,2153,8336,
130,1,130,840.42,33.23,33.41,1840.95,34.07,32.96,1.65,1690.52,32.61,-45.99,-33.19,-75.42,-28.5,12.62,104.35,-0.1,-20.05,-16.84,-14.56,-6.3,867.79,33.99,34.09,1877.64,39.02,33.02,1.54,1620.97,34.78,-39.7,-42.03,-65.82,-27.96,13.05,107.51,-0.09,-19.01,-21.42,-13.84,-6.05,1030.43,31.47,31.86,1299.87,33.69,30.04,1.46,997.81,29.12,-40.8,-43.02,-56.03,-28.23,8.53,136.39,-0.09,-6.8,0.6,-8.63,-16.43,-1.56,-1.31,-1.57,-1.76,-0.02,5,2132,8569,
131,1,131,1016.68,33.68,33.83,1895.18,36.55,33.04,1.54,1599.5,35.62,-44.51,-39.81,-77.82,-27.59,13.23,108.03,-0.09,-23.24,-16.39,-12.67,-6.13,1023.23,33.53,33.46,1811.37,36.9,33.04,1.53,1528.95,36.11,-30.75,-40.9,-65.62,-27.36,13.72,107.98,-0.06,-22.06,-22.8,-12.38,-6.21,1146.2,31.37,31.64,1298.14,32.1,30.03,1.46,954.13,29.4,-41.59,-44.12,-53.5,-27.02,9.15,127.86,-0.07,-6.85,0.38,-6.37,-17.89,-1.65,-1.17,-1.4,-1.51,37.13,21,2074,99364,
132,1,132,928.97,33.86,33.96,1888.13,37.76,33.04,1.52,1555.63,36.57,-48.31,-37.4,-76.57,-27.83,13.16,108.41,-0.09,-23.04,-16.49,-12.74,-6.02,943.42,33.61,33.57,1791.61,38.22,33.02,1.51,1476.78,37.19,-38.83,-40.78,-65.63,-27.33,13.78,109.44,-0.06,-21.9,-22.74,-12.43,-6.13,1111.76,31.38,31.71,1278.49,33.13,30.03,1.45,935.55,30.02,-42.32,-44.18,-53.63,-28.88,8.59,145.08,-0.07,-7.04,0.44,-6.41,-17.67,-1.62,-1.15,-1.39,-1.5,29.26,21,2127,940,
133,1,133,944.98,33.66,33.79,1872.89,36.69,33.04,1.54,1587.71,35.86,-49.01,-34.5,-76.79,-27.82,12.99,108.26,-0.09,-23.18,-18.63,-12.8,-6.18,959.26,33.6,33.57,1785.92,38.35,33.02,1.51,1485.93,37.02,-39.24,-39.78,-65.85,-27.56,13.54,110.02,-0.06,-21.91,-22.54,-12.49,-6.26,1131.73,31.43,31.76,1296.86,33.02,30.03,1.45,948.11,29.58,-42.81,-43.48,-54.32,-28.35,8.73,140.89,-0.08,-7.29,0.37,-6.45,-17.71,-1.61,-1.13,-1.38,-1.49,30.05,21,2161,939,
134,1,134,928.07,33.76,33.87,1919.51,36.39,33.04,1.54,1612.29,35.32,-42.57,-35.13,-76.88,-26.9,12.54,114.7,-0.1,-23.16,-18.79,-12.57,-6.19,943.82,33.65,33.66,1835.02,38.08,33.03,1.52,1521.18,36.28,-39.77,-40.13,-65.78,-26.99,13.13,116.01,-0.07,-21.97,-22.31,-12.29,-6.3,1129.49,31.34,31.65,1265.37,33.01,30.02,1.45,929,30.16,-44.46,-43.39,-53.68,-25.5,8.51,149.84,-0.07,-7.36,0.46,-6.51,-17.81,-1.61,-1.14,-1.37,-1.48,29.83,21,2134,932,
135,1,135,894.39,33.67,33.8,1904.61,36.11,33.04,1.54,1627.12,35.02,-45.04,-34.36,-76.71,-27.52,12.93,108.2,-0.1,-24.85,-16.87,-13.1,-6.7,905.94,33.61,33.66,1825.19,38.31,33.02,1.51,1520.77,36.16,-38.72,-40.36,-65.48,-27.35,13.5,110.07,-0.07,-22.94,-23.62,-12.83,-6.81,1063.24,31.3,31.66,1261.73,33.25,30.03,1.45,930.04,30.2,-43.33,-43.85,-53.41,-27.41,8.8,139.72,-0.07,-7.59,0.3,-6.28,-17.97,-1.65,-1.15,-1.41,-1.52,30.21,21,2138,933,
136,1,136,941.25,33.75,33.88,1889.96,37.03,33.04,1.54,1579.67,36.07,-50.46,-35.6,-76.51,-27.72,13.07,107.73,-0.09,-23.37,-17.99,-12.7,-5.94,954.74,33.61,33.55,1788.32,38.13,33.02,1.52,1482.08,37.07,-39.86,-39.97,-65.65,-27.37,13.66,108.93,-0.06,-22.04,-21.98,-12.43,-6.06,1120.81,31.37,31.7,1289.17,32.81,30.03,1.46,947.84,29.65,-42.19,-44.41,-53.88,-28.31,8.75,139.88,-0.08,-7.19,0.38,-6.4,-17.62,-1.63,-1.15,-1.4,-1.51,29.4,21,2122,936,
137,1,137,941.19,33.71,33.82,1871.91,36.92,33.03,1.53,1570.9,36.13,-49.82,-34.8,-76.58,-28.08,13.24,106.3,-0.09,-22.87,-17.66,-12.73,-5.88,955.7,33.59,33.55,1789.57,38.1,33.02,1.51,1487.25,36.97,-38.24,-40.29,-65.82,-27.63,13.8,108.02,-0.06,-21.71,-22.15,-12.42,-5.96,1126.76,31.37,31.7,1292.44,32.69,30.02,1.45,944.98,29.61,-42.36,-43.47,-53.67,-29.26,8.83,139.04,-0.08,-7.18,0.35,-6.44,-17.6,-1.61,-1.14,-1.37,-1.49,29.82,21,2150,955,
138,1,138,944.56,33.67,33.79,1912.97,35.87,33.02,1.54,1614.51,35.14,-45.54,-33.8,-76.57,-28.22,12.98,106.76,-0.1,-23.12,-17.58,-12.63,-6.2,960.27,33.66,33.67,1841.23,38.08,33.03,1.51,1523.22,36.19,-38.95,-39.71,-65.6,-27.72,13.57,109.25,-0.08,-21.85,-21.9,-12.36,-6.3,1131.52,31.33,31.64,1270.17,32.82,30.04,1.45,934.99,30.06,-41.72,-43.74,-53.67,-29.29,8.94,138.63,-0.08,-7.54,0.4,-6.46,-17.62,-1.6,-1.14,-1.36,-1.48,29.46,21,2141,942,
139,1,139,938.43,33.75,33.87,1910.03,36.56,33.04,1.53,1600.75,35.57,-44.46,-35.19,-76.8,-28.06,13,107.92,-0.09,-23.12,-18.61,-12.83,-6.17,953.77,33.66,33.65,1829.94,38.15,33.02,1.51,1509.18,36.43,-38.85,-39.83,-65.88,-27.71,13.56,110.11,-0.07,-21.97,-22.64,-12.54,-6.26,1137.21,31.36,31.67,1268.47,33.13,30.04,1.45,930.47,30.26,-42.5,-43.53,-53.66,-28.52,9.03,138.22,-0.07,-7.35,0.49,-6.46,-17.84,-1.6,-1.13,-1.36,-1.48,30.14,21,2137,936,
140,1,140,938.75,33.68,33.81,1882.77,36.64,33.04,1.54,1592.3,35.75,-48.14,-34.96,-76.08,-27.64,12.95,109.57,-0.09,-23.01,-18.25,-12.6,-5.91,953.24,33.62,33.59,1792.65,38.36,33.03,1.51,1487.58,37.02,-40.24,-40.26,-65.55,-27.49,13.52,111.17,-0.07,-21.68,-22.34,-12.33,-6.02,1125.4,31.3,31.6,1253.41,33,30.02,1.45,922.13,30.38,-43.12,-43.35,-53.53,-27.19,8.75,142.75,-0.07,-7.36,0.5,-6.52,-17.36,-1.62,-1.14,-1.39,-1.5,29.95,21,2137,934,
141,1,141,946.28,33.72,33.84,1896.4,36.56,33.04,1.54,1590.23,35.8,-47.24,-34.34,-76.9,-27.17,12.83,112.35,-0.09,-23.3,-18.01,-12.73,-6.23,961.3,33.63,33.6,1809.67,38.14,33.03,1.52,1497.63,36.81,-38.58,-40.17,-65.76,-27.18,13.36,113.76,-0.07,-22.09,-22.28,-12.42,-6.3,1126.81,31.38,31.71,1294.09,32.71,30.02,1.45,948.63,29.56,-41.87,-44.21,-53.56,-26.83,8.66,143.84,-0.08,-7.03,0.41,-6.49,-18.08,-1.6,-1.14,-1.37,-1.49,29.42,21,2132,936,
142,1,142,940.4,33.73,33.84,1928.66,35.97,33.03,1.55,1622.85,35.05,-45.95,-34.44,-76.58,-27.49,12.69,111.02,-0.09,-22.76,-18.5,-12.54,-5.85,955.24,33.71,33.72,1857.31,38.17,33.03,1.52,1527.12,36.14,-39.76,-40.68,-65.68,-27.48,13.27,113.06,-0.07,-21.61,-22.08,-12.26,-5.95,1123.26,31.43,31.78,1309.61,32.82,30.04,1.46,954.61,29.5,-42.83,-43.54,-53.73,-27.03,8.36,146.51,-0.07,-7.1,0.37,-6.49,-17.45,-1.61,-1.14,-1.38,-1.49,29.73,21,2141,929,
143,1,143,938.38,33.71,33.83,1897.66,36.5,33.04,1.54,1596.18,35.66,-46.92,-34.96,-76.58,-27.94,12.91,109.89,-0.09,-23.24,-18.06,-12.74,-6.19,954.44,33.62,33.61,1813.87,38.11,33.01,1.51,1499.18,36.57,-39.23,-40.02,-65.76,-27.62,13.48,112.05,-0.07,-22.05,-22.55,-12.46,-6.3,1128.78,31.39,31.72,1294.3,32.81,30.02,1.45,944.87,29.62,-42.51,-43.53,-53.68,-28.6,8.39,146.14,-0.08,-7.07,0.37,-6.47,-18.08,-1.59,-1.13,-1.36,-1.48,29.71,21,2163,936,
144,1,144,942.87,33.74,33.86,1903.66,36.6,33.04,1.54,1593.06,35.71,-48.26,-35.41,-76.77,-28.21,13.08,106.78,-0.09,-23.2,-16.98,-12.6,-5.9,958.04,33.62,33.57,1807.93,37.88,33.02,1.52,1495.71,36.74,-39.42,-39.92,-65.6,-27.67,13.69,107.8,-0.06,-21.88,-22.13,-12.33,-6.01,1122.76,31.33,31.65,1272.65,32.85,30.04,1.46,941.71,29.9,-41.23,-43.45,-54.14,-28.88,8.92,137.44,-0.08,-7.36,0.3,-6.58,-17.39,-1.62,-1.15,-1.38,-1.51,29.25,21,2154,936,
145,1,145,935.19,33.79,33.9,1906.92,36.87,33.02,1.52,1588.73,35.71,-45.57,-36.19,-77.39,-27.68,13.24,105.95,-0.09,-23.81,-19.27,-12.97,-6.25,952.16,33.62,33.6,1811.53,38.04,33.02,1.51,1501.72,36.61,-39.58,-40.18,-65.99,-27.37,13.85,106.51,-0.07,-22.51,-22.95,-12.67,-6.34,1116.8,31.29,31.6,1256.89,32.87,30.02,1.45,932.62,30.01,-40.63,-44.6,-53.5,-27.9,9.16,135.63,-0.08,-6.98,0.32,-6.28,-18.08,-1.6,-1.14,-1.36,-1.49,29.27,21,2137,926,
146,1,146,882.81,33.65,33.77,1908.84,35.76,33.03,1.55,1636.04,34.74,-43.08,-34.64,-76.35,-27.73,12.9,107.8,-0.1,-23.61,-16.93,-12.81,-6.47,894,33.59,33.68,1840.75,38.12,33.03,1.52,1541.08,35.81,-39.04,-41,-65.21,-27.54,13.47,109.08,-0.08,-22.2,-22.42,-12.57,-6.58,1057.81,31.25,31.61,1245.26,33.27,30.02,1.45,921.2,30.38,-43.96,-43.9,-53.11,-27.22,8.9,136.81,-0.07,-7.64,0.45,-6.25,-17.62,-1.65,-1.16,-1.41,-1.53,30.38,21,2158,932,
147,1,147,943.82,33.69,33.81,1889.15,36.51,33.04,1.54,1598.01,35.64,-49.22,-34.75,-76.73,-27.95,13.06,107.4,-0.09,-23.37,-18.62,-12.62,-6.29,960.17,33.62,33.62,1807.72,38.3,33.02,1.51,1497.91,36.73,-38.74,-39.43,-65.92,-27.74,13.61,109.35,-0.07,-22.16,-22.25,-12.35,-6.37,1130.19,31.37,31.71,1288.18,32.85,30.03,1.45,947.55,29.66,-43.07,-44.3,-53.69,-28.64,8.81,138.91,-0.08,-7.06,0.49,-6.43,-18.06,-1.59,-1.13,-1.35,-1.48,29.85,21,2159,939,
148,1,148,936.94,33.68,33.81,1883.82,36.61,33.04,1.54,1592.71,35.78,-48.4,-34.72,-76.37,-28.04,12.97,108.92,-0.09,-22.84,-17.9,-12.57,-6,951.76,33.59,33.57,1792.74,38.21,33.02,1.51,1490.34,36.9,-39.12,-39.37,-65.45,-27.61,13.57,110.31,-0.07,-21.71,-22,-12.3,-6.12,1130.17,31.35,31.7,1308.99,32.3,30.03,1.46,967.16,29.05,-42.25,-43.3,-53.76,-29.21,8.46,143.64,-0.08,-7.24,0.33,-6.56,-17.7,-1.6,-1.14,-1.37,-1.49,30.09,21,2166,928,
149,1,149,944.03,33.75,33.88,1903.07,36.78,33.04,1.53,1590.48,35.83,-48.1,-35.06,-77.16,-28.42,13.14,106.72,-0.09,-23.22,-18.05,-12.7,-5.96,959.43,33.65,33.62,1811.12,38.29,33.02,1.51,1490.79,36.9,-39.82,-40.16,-66.12,-27.85,13.74,107.57,-0.06,-21.95,-22.42,-12.41,-6.05,1126.41,31.39,31.72,1291.36,32.9,30.03,1.45,945.22,29.7,-41.4,-43.12,-54.06,-29.91,8.77,138.58,-0.08,-6.69,0.33,-6.34,-17.72,-1.62,-1.14,-1.38,-1.5,30.12,21,2131,943,
150,1,150,949.14,33.72,33.84,1913.03,36.28,33.03,1.55,1610.72,35.28,-44.69,-34.79,-76.58,-27.78,13.01,106.37,-0.1,-23.2,-18.15,-12.61,-5.93,965.26,33.63,33.61,1824.24,37.91,33.01,1.52,1511.9,36.32,-39.54,-40.2,-65.78,-27.68,13.52,108.13,-0.07,-21.95,-22.24,-12.33,-6.05,1132.15,31.38,31.7,1282.64,32.97,30.04,1.46,939.53,29.97,-42.36,-43.49,-53.75,-27.8,8.82,138.09,-0.07,-7.16,0.49,-6.44,-17.35,-1.61,-1.14,-1.38,-1.5,29.98,21,2126,943,
151,1,151,941.59,33.79,33.89,1902.07,36.92,33.04,1.53,1586.41,35.88,-49.69,-36.71,-76.6,-28.03,13.12,106.3,-0.09,-23.18,-17.49,-12.6,-5.92,957.54,33.58,33.52,1797.49,37.64,33.02,1.52,1498.88,36.72,-38.85,-40.88,-65.74,-27.6,13.7,108.01,-0.07,-22.01,-22.13,-12.33,-6.01,1122.34,31.32,31.64,1283.28,32.49,30.01,1.45,949.07,29.46,-41.56,-44.23,-53.73,-28.73,8.96,136.26,-0.08,-7.1,0.27,-6.55,-17.66,-1.63,-1.15,-1.39,-1.51,29.19,21,2155,933,
152,1,152,931.08,33.82,33.92,1940.75,36.39,33.02,1.53,1610.84,35.22,-42.93,-35.92,-77.06,-28.1,13.03,106.48,-0.1,-23.12,-17.8,-12.66,-6.17,946.65,33.68,33.7,1851.55,38.07,33.03,1.51,1521.92,36.2,-39.87,-40.41,-65.7,-27.6,13.72,108.4,-0.07,-22,-22.31,-12.41,-6.29,1119.86,31.39,31.73,1291.62,32.92,30.03,1.45,948.38,29.63,-41.37,-44.02,-53.76,-29.1,8.97,136.43,-0.08,-6.97,0.42,-6.41,-17.92,-1.62,-1.15,-1.39,-1.51,29.37,21,2146,937,
153,1,153,939.12,33.72,33.84,1923.89,36.01,33.03,1.54,1619.61,35.06,-45.7,-34.23,-76.87,-28.42,13.03,105.8,-0.09,-23.13,-18.31,-12.77,-6.05,953.84,33.7,33.7,1847.17,38.19,33.04,1.51,1521.04,36.32,-39.77,-40.44,-65.9,-27.88,13.63,107.34,-0.07,-21.88,-22.36,-12.47,-6.11,1128.3,31.4,31.73,1289.95,32.99,30.03,1.45,942.21,29.83,-42.14,-43.27,-54.04,-29.19,8.71,139.02,-0.08,-7.31,0.37,-6.34,-17.65,-1.61,-1.14,-1.37,-1.5,29.67,21,2132,942,
154,1,154,932.15,33.71,33.83,1869.11,37.08,33.04,1.54,1569.79,36.27,-51.81,-35.72,-76.47,-27.91,12.86,110.28,-0.09,-22.89,-17.09,-12.47,-5.85,946.14,33.55,33.49,1769.92,38.05,33.01,1.52,1472.79,37.25,-39.08,-40,-65.53,-27.46,13.48,111.43,-0.06,-21.69,-21.75,-12.21,-5.98,1124.17,31.36,31.69,1284.44,32.83,30.02,1.45,941.54,29.74,-41.23,-43.47,-53.91,-29.01,8.59,142.18,-0.08,-7.1,0.31,-6.52,-17.58,-1.62,-1.15,-1.38,-1.51,29.68,21,2138,934,
155,1,155,952.32,33.69,33.81,1891.67,36.45,33.03,1.55,1593.95,35.65,-47.94,-34.83,-76.7,-28.04,13.27,105.09,-0.09,-23.7,-17.98,-12.73,-6.05,967.14,33.62,33.58,1805.8,38.04,33.01,1.52,1492.47,36.79,-39.4,-40.2,-65.83,-27.65,13.77,106.34,-0.07,-22.15,-22.73,-12.43,-6.13,1127.76,31.41,31.74,1304.39,32.7,30.02,1.46,953.46,29.39,-42.04,-44.34,-54.26,-28.74,8.76,140.18,-0.08,-7.11,0.34,-6.4,-17.84,-1.62,-1.14,-1.39,-1.51,29.64,21,2148,936,
156,1,156,941.32,33.69,33.81,1853.68,37.2,33.03,1.54,1559.91,36.43,-48.97,-35.78,-76.13,-27.65,13.06,108.21,-0.09,-22.8,-17.93,-12.44,-5.84,955.27,33.52,33.43,1748.48,37.95,33.04,1.53,1480.07,37.26,-39.44,-40.54,-65.36,-27.36,13.63,109.71,-0.06,-21.62,-21.97,-12.18,-5.94,1119.82,31.38,31.73,1306.26,32.55,30.04,1.46,964.02,29.23,-41.2,-43.55,-54.24,-28.2,8.33,144.82,-0.08,-6.92,0.44,-6.39,-17.49,-1.62,-1.15,-1.38,-1.51,29.55,21,2135,940,
157,1,157,942.26,33.83,33.92,1896.08,37.32,33.02,1.52,1569.52,36.12,-47.11,-36.52,-76.71,-28.08,12.96,109.95,-0.09,-22.96,-18.37,-12.7,-6.12,958.26,33.6,33.56,1806.81,37.84,33.03,1.51,1502.02,36.67,-38.17,-40.42,-65.71,-27.57,13.54,111.74,-0.06,-21.98,-22.18,-12.4,-6.2,1130.12,31.4,31.74,1308.01,32.63,30.04,1.46,960.53,29.32,-42.06,-43.56,-53.95,-29.11,8.51,143.05,-0.08,-7.01,0.36,-6.49,-17.95,-1.6,-1.14,-1.37,-1.49,29.85,21,2151,927,
158,1,158,942.88,33.67,33.79,1856.7,37.01,33.04,1.54,1573.87,36.16,-50.7,-35.52,-76.1,-27.72,12.91,110.97,-0.09,-23.24,-17.72,-12.74,-5.96,956.92,33.54,33.48,1762.32,38.12,33.03,1.52,1484.62,37.1,-38.75,-40.31,-65.52,-27.54,13.45,111.39,-0.06,-21.81,-22.56,-12.43,-6.07,1126.68,31.37,31.67,1267.67,33.14,30.02,1.45,923.69,30.28,-42.3,-43.05,-53.9,-28.02,8.52,143.64,-0.07,-7.36,0.39,-6.46,-17.44,-1.62,-1.14,-1.39,-1.52,30.09,21,2132,925,
159,1,159,934.28,33.69,33.82,1929.86,35.77,33.02,1.55,1625.75,34.89,-44.75,-34.34,-76.48,-27.93,12.75,111.28,-0.1,-23.12,-18.98,-12.7,-6.24,950.05,33.65,33.66,1839.53,37.96,33.03,1.52,1521.96,36.2,-40.34,-39.59,-65.87,-27.67,13.33,112.46,-0.07,-22.06,-22.26,-12.42,-6.29,1120.85,31.23,31.53,1250.26,32.56,30.01,1.46,927.11,30.16,-42.14,-44,-52.86,-28.2,8.56,144.01,-0.07,-7.01,0.5,-6.4,-18.07,-1.59,-1.14,-1.36,-1.49,29.67,21,2151,932,
160,1,160,943.84,33.82,33.93,1960.55,36.08,33.03,1.53,1632.61,34.84,-43.23,-35.76,-76.72,-28.29,12.94,107.97,-0.1,-22.82,-17.49,-12.5,-6.1,959.9,33.7,33.7,1876.35,37.61,33.03,1.52,1544.27,35.77,-40.31,-40.14,-65.6,-27.76,13.62,109.71,-0.08,-21.84,-21.93,-12.24,-6.2,1130.88,31.36,31.68,1280.03,32.88,30.01,1.44,934.41,29.89,-42.44,-43.96,-53.69,-29.3,9.08,134.7,-0.07,-7.26,0.32,-6.49,-17.76,-1.6,-1.15,-1.37,-1.49,29.54,21,2136,937,
161,1,161,948.51,33.67,33.79,1897.53,36.15,33.04,1.55,1611.24,35.33,-46.56,-34.52,-76.98,-27.95,13.15,106.51,-0.09,-24.13,-18.35,-12.86,-6.35,964.95,33.63,33.62,1821.97,38.04,33.02,1.51,1508.93,36.42,-38.66,-40.04,-65.78,-27.63,13.6,108.23,-0.07,-22.52,-23.51,-12.57,-6.45,1131.39,31.36,31.69,1295.77,32.53,30.02,1.45,952.62,29.43,-41.99,-43.73,-53.58,-28.43,8.78,138.47,-0.08,-6.97,0.43,-6.54,-18.29,-1.6,-1.14,-1.37,-1.5,29.45,21,2139,942,
162,1,162,882.51,33.69,33.81,1922,35.8,33.03,1.55,1638.21,34.68,-40.93,-34.73,-76.16,-28.21,12.93,105.86,-0.1,-23.8,-17.07,-12.61,-6.45,893.42,33.58,33.7,1854.09,38.07,33.04,1.52,1549.1,35.7,-38.88,-41.13,-65.32,-27.71,13.55,107.29,-0.08,-22.34,-22.23,-12.38,-6.56,1053.2,31.26,31.7,1285.41,32.88,30.04,1.46,952.75,29.55,-43.77,-44.54,-53.38,-28.85,8.72,135.51,-0.08,-7.46,0.34,-6.37,-17.69,-1.65,-1.16,-1.41,-1.53,30.44,21,2172,943,
163,1,163,936.31,33.69,33.81,1905.71,36.16,33.04,1.55,1608.5,35.37,-46.93,-34.4,-77.28,-28.41,13.09,105.49,-0.09,-23.35,-19.08,-12.84,-6.03,952.37,33.66,33.67,1836.65,38.13,33.05,1.52,1521.17,36.37,-39.31,-40.36,-65.95,-27.88,13.63,106.21,-0.07,-22.02,-22.51,-12.51,-6.09,1120.79,31.39,31.72,1285.74,33.03,30.01,1.45,943.18,29.65,-42.97,-43.82,-54.37,-29.79,9.06,134.22,-0.08,-7.47,0.25,-6.44,-17.54,-1.61,-1.14,-1.38,-1.5,29.66,21,2130,953,
164,1,164,934.98,33.64,33.77,1898.93,35.95,33.03,1.55,1618.19,35.12,-46.57,-34.17,-76.51,-28.28,13.11,105.63,-0.09,-22.88,-17.34,-12.68,-5.87,949.59,33.61,33.62,1821.97,37.99,33.02,1.52,1513.41,36.38,-39.18,-39.72,-65.66,-27.94,13.61,107.18,-0.07,-21.68,-21.97,-12.36,-5.97,1123.56,31.33,31.65,1269.81,32.95,30.03,1.45,935.88,30,-41.75,-43.57,-53.8,-28.83,8.83,138.48,-0.07,-7.36,0.34,-6.38,-17.35,-1.62,-1.15,-1.38,-1.51,30.02,21,2125,935,
165,1,165,944.82,33.72,33.85,1907.01,36.48,33.04,1.54,1593.78,35.7,-47.54,-35.45,-76.95,-28.27,13.13,105.36,-0.09,-23.86,-18.76,-12.87,-6.33,961.27,33.65,33.62,1814.63,38.18,33.05,1.52,1497.18,36.94,-39.97,-40.29,-65.82,-27.56,13.78,107.05,-0.07,-22.5,-22.87,-12.57,-6.39,1124.82,31.29,31.59,1257.93,32.76,30.03,1.45,925.37,30.33,-41.44,-44.46,-53.17,-30.17,8.88,138.14,-0.08,-6.94,0.37,-6.4,-18.27,-1.61,-1.15,-1.37,-1.5,29.4,21,2109,2338,
166,1,166,946.68,33.69,33.81,1894.04,36.37,33.04,1.54,1603.6,35.5,-48.05,-34.6,-76.28,-28.08,13.31,105.19,-0.09,-23.14,-18.63,-12.48,-5.88,962.09,33.63,33.61,1820.56,37.98,33.01,1.51,1509.27,36.37,-38.4,-40.15,-65.5,-27.8,13.78,106.27,-0.07,-21.83,-21.91,-12.23,-6.01,1133.61,31.42,31.78,1325.82,32.44,30.04,1.46,969.09,29.05,-42.52,-44.35,-53.87,-28.95,8.8,136.79,-0.08,-7.02,0.27,-6.51,-17.65,-1.61,-1.15,-1.38,-1.51,29.64,21,2146,936,
170,1,170,922.59,33.93,34.02,1985.17,34.59,33.03,1.55,1661,33.47,-40.21,-36.48,-72.63,-27.42,12.75,113.14,-0.09,-28.64,-17.03,-11.86,-6.88,925.96,34.08,34.15,2009.42,36.03,33.03,1.54,1652.07,34.01,-39.58,-42.62,-64.31,-27.3,13.17,115.7,-0.08,-27.89,-20.1,-11.62,-6.92,1067.89,31.67,32,1337.9,31.78,30.03,1.47,988.82,28.69,-43.2,-46.5,-56.83,-24.08,8.67,147.22,-0.09,-6.37,-0.74,-7.13,-17.04,-1.65,-1.35,-1.51,-1.57,495.97,21,2087,91348,
171,1,171,898.54,33.96,34.03,1965.7,35.02,33.04,1.54,1651.67,33.73,-43.31,-36.78,-72.93,-29.18,13.23,105.56,-0.09,-30.5,-17.77,-12.15,-6.93,906.24,34.05,34.12,1987.91,36.17,33.04,1.53,1640.11,34.34,-39.33,-43.26,-63.86,-28.46,13.75,107.38,-0.07,-28.98,-20.47,-11.89,-6.94,1076.24,31.64,31.95,1323.62,31.78,30.03,1.46,974.82,29.08,-43.18,-45.53,-55.7,-27.59,9.09,134.85,-0.08,-5.82,-0.66,-6.96,-17.17,-1.64,-1.34,-1.51,-1.57,0.04,5,2112,1290,
172,1,172,905.68,33.94,34.03,1946.15,35.33,33.03,1.54,1628.47,34.17,-42.84,-36.53,-73.01,-28.63,13.01,107.81,-0.1,-29.56,-17.07,-12.17,-7.16,914.54,34.03,34.08,1953.94,36.52,33.03,1.53,1611.61,34.88,-39.95,-42.65,-63.91,-28.18,13.43,109.33,-0.07,-28.49,-20.43,-11.91,-7.2,1082.42,31.69,32,1322.15,32.23,30.05,1.46,965.22,29.45,-42.64,-45.73,-54.94,-27.09,8.8,141.66,-0.08,-6.28,-0.61,-7,-17.07,-1.64,-1.34,-1.53,-1.57,0.04,5,2703,1278,
173,1,173,896.46,33.91,34,1939.64,35.23,33.03,1.55,1633.6,34.03,-42.06,-36.92,-72.84,-28.55,13.11,107.6,-0.1,-30.03,-17.77,-12,-6.86,905.54,33.98,34.01,1937.32,36.28,33.04,1.54,1614.85,34.87,-39.97,-42.82,-63.52,-28.04,13.54,108.68,-0.07,-28.79,-20.25,-11.71,-6.86,1071.57,31.51,31.79,1282.14,31.68,30.04,1.47,954.55,29.76,-44.74,-45.38,-55.45,-26.79,8.92,142.07,-0.07,-5.81,-0.37,-6.83,-17.14,-1.64,-1.35,-1.49,-1.56,0.04,5,3093,1266,
174,1,174,882.21,33.84,33.93,1944.6,34.61,33.03,1.56,1660.41,33.5,-40.09,-34.88,-73.06,-28.6,12.98,107.89,-0.1,-30.67,-18.52,-12.09,-7.23,887.33,34,34.11,1987.74,36.14,33.03,1.54,1655.13,33.95,-38.87,-42.28,-63.92,-28.19,13.35,110.19,-0.08,-29.13,-20.46,-11.88,-7.29,1043.86,31.67,32,1335.93,31.89,30.03,1.46,983.75,28.78,-43.29,-45.72,-55.06,-26.52,8.79,142.96,-0.08,-6.48,-0.62,-7.2,-17.18,-1.65,-1.34,-1.51,-1.57,0.04,5,2069,1242,
175,1,175,896.68,33.92,34.01,1945.28,35.21,33.03,1.55,1637.39,33.97,-41.33,-37.16,-72.99,-28.93,12.73,109.89,-0.1,-30.74,-18.43,-12.26,-6.96,906.12,34,34.04,1942.59,36.37,33.03,1.54,1612.58,34.88,-40.51,-43.04,-63.88,-28.26,13.3,112.39,-0.07,-29.12,-20.49,-11.98,-6.96,1073.54,31.57,31.85,1288.14,32,30.05,1.47,949.96,29.92,-41.9,-45.8,-55.12,-27.99,8.69,143.73,-0.07,-6.06,-0.52,-6.79,-17.09,-1.64,-1.34,-1.51,-1.58,0.04,5,3084,1317,
176,1,176,893.2,34,34.07,1960.81,35.45,33.03,1.53,1639.36,33.92,-41.82,-37.46,-73.55,-29.21,13.21,105.06,-0.09,-29.65,-17.2,-12.26,-7.31,900.75,34.03,34.11,1980.48,36.21,33.03,1.53,1635.85,34.38,-39.65,-42.48,-64.25,-28.6,13.68,106.5,-0.07,-28.54,-21.11,-12.01,-7.35,1076.92,31.71,32.02,1323.38,32.35,30.04,1.45,966.68,29.37,-43.8,-45.7,-55.56,-28.32,9.26,132.54,-0.08,-6.5,-0.71,-7.04,-17.2,-1.65,-1.35,-1.53,-1.57,0.04,5,2064,1251,
177,1,177,899.84,33.93,34.01,1959.34,34.95,33.03,1.54,1643.79,33.83,-40.72,-36.75,-72.88,-29.05,12.89,109.61,-0.1,-30.24,-18.45,-12.15,-7.07,907.55,34.05,34.13,1978.25,36.43,33.03,1.53,1628.76,34.55,-39.84,-42.81,-63.9,-28.43,13.39,110.37,-0.08,-28.95,-20.81,-11.91,-7.09,1074.18,31.56,31.84,1290.82,31.86,30.04,1.46,955.55,29.73,-42.1,-46.57,-55.26,-27.83,9.18,137.27,-0.07,-6,-0.48,-6.81,-17.38,-1.63,-1.34,-1.51,-1.57,0.04,5,2551,1304,
178,1,178,898.74,34,34.07,1971.8,35.19,33.03,1.54,1645.94,33.8,-41.44,-37.27,-73.1,-29.23,12.9,107.54,-0.1,-30.18,-16.9,-12.05,-6.93,907.75,34.01,34.1,1993.3,35.94,33.02,1.54,1645.86,34.07,-39.26,-42.47,-63.86,-28.54,13.4,109.97,-0.08,-28.86,-20.15,-11.82,-6.97,1078.72,31.64,31.94,1310.87,32.07,30.03,1.46,958.93,29.52,-43.3,-46.11,-55.16,-28.4,8.97,138.97,-0.07,-6.21,-0.56,-6.93,-16.85,-1.66,-1.35,-1.54,-1.57,0.04,5,3139,1519,
179,1,179,903.83,33.88,33.98,1933.58,35.16,33.02,1.55,1630,34.06,-41.97,-35.47,-72.73,-28.73,12.92,108.55,-0.1,-30.02,-17.54,-12.12,-6.98,911.85,34.01,34.05,1941.34,36.54,33.04,1.54,1610.56,34.95,-40.1,-42.63,-63.83,-28.28,13.37,109.58,-0.07,-28.68,-20.56,-11.84,-6.98,1077.14,31.58,31.88,1297.3,31.95,30.03,1.47,955.31,29.63,-43.6,-46.19,-54.86,-27.05,8.84,141.09,-0.07,-5.92,-0.44,-6.89,-17.25,-1.64,-1.34,-1.5,-1.57,0.04,5,2605,1228,
180,1,180,898.21,33.81,33.91,1929.96,34.71,33.03,1.57,1646.54,33.8,-42.03,-34.69,-72.78,-28.97,13.04,105.68,-0.1,-30.41,-17.21,-12.06,-7.14,905.69,34.02,34.09,1953.72,36.56,33.02,1.54,1622.01,34.6,-39.23,-42.52,-64.03,-28.49,13.43,107.76,-0.07,-28.79,-20.45,-11.82,-7.19,1069.83,31.62,31.93,1312.12,31.94,30.04,1.47,967.93,29.35,-42.26,-45.77,-55.42,-27.69,8.82,138.9,-0.07,-6.22,-0.57,-7.08,-17.01,-1.65,-1.34,-1.52,-1.57,0.04,5,2249,1340,
181,1,181,886.22,33.98,34.05,1973.51,35,33.02,1.55,1654.4,33.57,-40.96,-37.49,-73.24,-29,12.95,106.62,-0.1,-29.88,-16.46,-12.01,-6.91,894.26,34.02,34.1,1985.77,36.04,33.02,1.55,1644.83,34.14,-39.7,-42.97,-64.02,-28.36,13.41,108.36,-0.08,-28.6,-20.3,-11.72,-6.9,1051.19,31.08,31.44,1328.55,28.17,30.01,1.55,1059.02,26.66,-43.74,-36.31,-55.39,-27.6,8.51,137.09,-0.09,-5.99,-0.39,-6.98,-16.94,-1.64,-1.34,-1.53,-1.58,0.04,5,2235,1359,
182,1,182,908.38,33.97,34.06,1929.14,35.95,33.03,1.55,1602.9,34.67,-47.82,-37.06,-73.15,-29.06,12.45,111.33,-0.1,-30.17,-14.02,-10.93,-6.62,921.89,34,34,1913.37,36.63,33.04,1.54,1575.63,35.72,-41.35,-44.67,-64.06,-28.06,13.11,114.87,-0.07,-28.81,-25.83,-10.59,-6.44,1080.19,8.82,9.47,1539.73,0,3.24,1.8,693.75,0,-44.51,-46.9,-54.5,-54.97,-14.98,134.19,-0.26,-9.48,-19.6,-13.13,-20.07,-1.62,-31.6,-1.46,-1.55,0.04,5,3158,1401,
183,1,183,916.06,33.91,33.99,1940.01,35.16,33.03,1.55,1637.38,33.95,-40.76,-36.91,-73.11,-29.12,12.74,109.59,-0.1,-30.87,-17.67,-12.22,-7.3,920.12,34,34.08,1964.27,36.29,33.02,1.54,1627.66,34.48,-39.23,-43.29,-63.74,-28.4,13.26,110.98,-0.08,-29.29,-20.75,-11.96,-7.33,1062.25,31.61,31.93,1328.2,31.55,30.04,1.48,984.44,28.87,-42.16,-45.56,-55.6,-28.35,8.69,139.36,-0.08,-5.62,-0.51,-6.78,-17.4,-1.66,-1.36,-1.52,-1.58,0.04,5,2418,1252,
184,1,184,897.18,33.88,33.96,1940.06,34.87,33.03,1.55,1648.19,33.77,-42.8,-36.02,-73.28,-28.8,13.05,106.11,-0.09,-30.31,-16.85,-12.08,-7.11,905.87,33.98,34.08,1980.42,35.97,33.02,1.54,1649.43,34.04,-38.45,-42.64,-64.29,-28.35,13.42,108.21,-0.07,-28.81,-21.1,-11.83,-7.17,1068.48,31.64,31.95,1321.65,31.83,30.03,1.47,974.51,29.08,-40.83,-46.66,-56.14,-27.03,9.09,136.02,-0.08,-6.06,-0.57,-6.93,-17.27,-1.65,-1.34,-1.52,-1.58,0.04,5,2404,1550,
185,1,185,906.57,33.82,33.91,1914.42,34.97,33.02,1.56,1626.31,34.14,-43.19,-36,-72.94,-29.02,12.96,106.75,-0.1,-30.48,-17.36,-12.11,-7.32,914.28,33.98,34.06,1947.63,36.48,33.03,1.54,1619,34.72,-38.51,-42.58,-63.89,-28.51,13.36,108.75,-0.08,-29.02,-20.85,-11.84,-7.34,1072.15,31.56,31.86,1296.48,31.83,30.04,1.47,963.04,29.47,-41.16,-46.08,-55.32,-27.8,8.92,141.07,-0.07,-5.99,-0.39,-6.8,-17.27,-1.65,-1.34,-1.52,-1.58,0.04,5,2264,1284,
186,1,186,930.16,33.95,34.04,1941.13,35.53,33.02,1.54,1628.78,34.11,-41.9,-37.1,-73.31,-28.4,13.17,106.49,-0.09,-29.76,-17.81,-11.82,-6.89,934.11,33.99,34,1932.29,36.28,33.04,1.54,1609.35,35,-40.81,-42.81,-64.16,-28.02,13.61,107.48,-0.07,-28.52,-20.1,-11.59,-6.91,1075.42,31.57,31.89,1307.35,31.74,30.04,1.48,974.3,29.15,-43.7,-46.84,-55.03,-25.67,8.77,141.6,-0.08,-6,-0.54,-7.07,-17.34,-1.62,-1.34,-1.48,-1.56,0.04,5,2814,1496,
187,1,187,913.22,33.95,34.02,1966.94,34.89,33.02,1.55,1660.57,33.43,-38.8,-36.74,-72.91,-28.57,12.77,108.72,-0.09,-30.23,-17.36,-12.28,-6.88,913.86,33.96,34.08,1980.41,35.99,33.02,1.55,1652.19,33.96,-39.64,-43.11,-63.78,-28.15,13.19,109.04,-0.08,-28.86,-20.33,-11.99,-6.89,1044.56,31.56,31.87,1301.1,31.82,30.04,1.48,967.72,29.32,-42.75,-45.99,-54.91,-26.78,8.79,141.34,-0.08,-5.7,-0.48,-6.72,-16.98,-1.65,-1.34,-1.52,-1.58,0.04,5,2163,1230,
188,1,188,867.11,33.91,33.98,1945.45,34.99,33.03,1.55,1656.49,33.56,-40.37,-36.5,-72.95,-28.35,13.09,107.5,-0.09,-30.46,-18.32,-11.98,-7.16,874.02,33.95,34.07,1978.33,35.92,33.03,1.54,1660.82,33.85,-38.6,-43.07,-63.74,-28.03,13.46,108.64,-0.08,-28.99,-20.51,-11.74,-7.2,1040.33,31.59,31.95,1320.81,31.85,30.02,1.46,976.26,28.98,-42.9,-45.41,-55.11,-25.31,8.77,141.25,-0.08,-6.4,-0.59,-7.13,-17.09,-1.64,-1.34,-1.51,-1.58,0.04,5,2780,1291,
189,1,189,900.93,33.9,33.99,1919.87,35.49,33.02,1.56,1614,34.33,-40.82,-36.31,-73.78,-28.28,12.92,109.98,-0.1,-28.97,-18.41,-11.83,-6.49,908.7,34.01,34.06,1938.73,36.64,33.02,1.55,1605.67,34.95,-39.17,-42.33,-64.21,-28.1,13.29,110.05,-0.07,-27.92,-19.81,-11.54,-6.46,1076.27,31.51,31.78,1271.57,31.9,30.03,1.48,944.78,29.98,-43.69,-46.15,-55.16,-25.57,8.73,142.86,-0.07,-5.74,-0.52,-6.89,-16.86,-1.63,-1.34,-1.48,-1.57,0.04,5,2984,1268,
190,1,190,914.56,33.85,33.93,1943.26,34.62,33.03,1.56,1651.34,33.67,-41.05,-36.07,-73.29,-28.87,12.73,108.96,-0.09,-29.78,-16.43,-12.04,-7.12,916.73,33.97,34.07,1968.79,36.17,33.02,1.55,1640.55,34.23,-39.23,-42.99,-64.24,-28.3,13.17,109.46,-0.08,-28.58,-20.23,-11.8,-7.15,1060.71,31.62,31.94,1312.48,32,30.03,1.47,964.96,29.38,-42.53,-45.57,-54.94,-28.08,8.55,145.13,-0.08,-6.58,-0.67,-7.16,-17.08,-1.65,-1.35,-1.52,-1.58,0.04,5,2420,1295,
191,1,191,909.74,33.91,34.01,1910.75,35.85,33.04,1.54,1603.54,34.72,-45.3,-37.52,-73.29,-29.02,13.34,104.08,-0.1,-29.67,-17.67,-12.01,-6.94,916.47,33.96,33.97,1900.26,36.64,33.02,1.53,1576.74,35.56,-40.7,-42.34,-64.01,-28.3,13.78,105.06,-0.07,-28.44,-20.33,-11.75,-6.95,1078.33,31.59,31.89,1300.5,31.96,30.03,1.46,954.84,29.64,-42.14,-46.46,-55.77,-28.81,9.03,134.91,-0.08,-6.35,-0.5,-6.94,-16.89,-1.65,-1.34,-1.51,-1.58,0.04,5,2065,1298,
192,1,192,891.85,33.92,34,1950.12,35.06,33.04,1.55,1645.21,33.91,-40.99,-37.36,-73.11,-28.52,13.05,107.88,-0.09,-30.29,-17.33,-12.06,-7.15,905.07,34.03,34.09,1963.77,36.42,33.03,1.53,1623.32,34.62,-40.11,-42.97,-64.08,-28.18,13.51,108.97,-0.07,-28.93,-20.63,-11.84,-7.2,1062.9,31.59,31.94,1326.76,31.61,30.04,1.47,987.42,28.73,-43.07,-46.79,-55.65,-26.64,9,138.39,-0.08,-6.27,-0.59,-6.99,-17.39,-1.64,-1.34,-1.51,-1.58,0.04,5,2460,1350,
193,1,193,898.66,33.98,34.06,1939.39,35.72,33.03,1.54,1620.27,34.36,-43.75,-39.06,-72.72,-28.74,13.11,107.79,-0.1,-29.49,-15.32,-12.24,-6.96,906.14,33.97,34,1931.5,36.24,33.04,1.54,1608.85,35.02,-40.37,-42.77,-63.76,-28.09,13.53,108.9,-0.07,-28.45,-20.85,-11.92,-6.96,1056.13,31.67,31.97,1312.77,32.22,30.04,1.46,958.23,29.61,-42.59,-45.46,-55.08,-27.37,8.98,137.49,-0.08,-6.23,-0.41,-6.89,-16.98,-1.66,-1.35,-1.54,-1.6,0.04,5,2959,1298,
194,1,194,885.03,33.98,34.05,1960.71,35.27,33.02,1.55,1646.33,33.73,-41.91,-37.41,-73.27,-27.76,13.1,107.58,-0.1,-30.69,-16.67,-12.14,-7.2,892.01,34.01,34.1,1973.63,36.32,33.03,1.54,1638.43,34.31,-40,-43.1,-64.22,-27.56,13.4,108.68,-0.08,-29.08,-20.68,-11.87,-7.23,1051.52,31.66,32.01,1344.67,31.71,30.05,1.47,997.39,28.52,-41.86,-46.37,-55.45,-24.39,8.93,138.93,-0.08,-6.19,-0.64,-7.02,-17.07,-1.66,-1.35,-1.54,-1.59,0.04,5,2308,1319,
195,1,195,897.12,33.93,34,1962.8,34.81,33.03,1.54,1655.82,33.62,-41.19,-36.96,-73.29,-28.99,13.04,108.32,-0.1,-30.5,-18.58,-11.97,-7.02,905.44,34.03,34.1,1997.94,35.84,33.02,1.54,1651.86,34.01,-38.6,-43.34,-64.02,-28.47,13.48,110.55,-0.07,-28.99,-20.88,-11.73,-7.04,1063.31,31.62,31.94,1317.83,31.9,30.03,1.46,965.35,29.36,-42.97,-46.76,-56.21,-27.6,8.65,143.93,-0.07,-5.72,-0.45,-6.9,-17.3,-1.65,-1.35,-1.52,-1.6,0.04,5,2221,1298,
196,1,196,908.37,33.89,33.98,1949.53,34.88,33.03,1.55,1641.4,33.86,-42.92,-36.05,-73.15,-28.26,12.85,110.06,-0.1,-29.11,-16.54,-12,-6.93,916.03,34.03,34.08,1960.82,36.35,33.03,1.54,1619.98,34.7,-40.17,-42.61,-64.08,-28.03,13.34,111.27,-0.07,-28.33,-20.4,-11.86,-7.09,1084.21,31.6,31.89,1298.92,31.97,30.02,1.46,952.19,29.66,-41.21,-46.49,-55.3,-25.69,8.78,143.87,-0.07,-6.27,-0.51,-6.91,-17.03,-1.66,-1.35,-1.54,-1.6,0.04,5,2868,1382,
197,1,197,888.96,33.83,33.93,1910.01,35.19,33.03,1.55,1625.62,34.22,-43.96,-36.36,-73.19,-28.9,13.23,103.36,-0.1,-30.29,-17.88,-12.05,-7.25,894.46,33.95,34.01,1919.89,36.58,33.03,1.54,1606.09,34.99,-39.42,-42.88,-63.63,-28.27,13.65,105.94,-0.07,-28.91,-20.31,-11.79,-7.28,1038.67,31.59,31.91,1300.13,32.09,30.04,1.47,963.11,29.45,-43.63,-46.14,-54.54,-28.31,9.1,135.41,-0.07,-5.82,-0.52,-6.94,-17.21,-1.63,-1.35,-1.49,-1.58,0.04,5,2535,1361,
198,1,198,884.02,33.94,34.01,2007.99,34.09,33.02,1.56,1686.54,32.92,-40.21,-36.67,-73.09,-29.06,12.63,108.07,-0.1,-30.99,-16.88,-12.2,-7.04,891.87,34.01,34.14,2036.7,35.41,33.02,1.55,1676.52,33.47,-39.49,-43.64,-64,-28.35,13.17,110.68,-0.08,-29.1,-20.95,-11.96,-7.1,1054.34,31.69,32.02,1328.73,32.16,30.03,1.47,971.61,29.14,-42.84,-46.97,-54.79,-27.96,8.85,138.56,-0.08,-6.18,-0.58,-7.08,-17.09,-1.65,-1.35,-1.53,-1.58,0.04,5,2772,2037,
199,1,199,910.72,33.91,34,1930.18,35.42,33.03,1.55,1623.5,34.27,-43.6,-37.16,-72.83,-28.93,13.07,105.57,-0.1,-29.95,-17.61,-12.05,-7.03,917.03,34.01,34.04,1934.22,36.55,33.04,1.54,1604.99,35.08,-39.87,-42.76,-63.91,-28.37,13.54,107.58,-0.07,-28.63,-20.31,-11.77,-7.02,1077.39,31.67,32,1340.9,31.73,30.03,1.47,982.83,28.86,-42.66,-46.23,-55.59,-28.15,8.57,142.34,-0.08,-5.85,-0.42,-6.91,-17.27,-1.65,-1.35,-1.52,-1.59,0.04,5,2409,1245,
201,1,201,915.7,33.77,33.84,1885.64,36,33.02,1.54,1604.58,34.59,-41,-38.84,-77,-29.51,13.06,105.2,-0.09,-33.18,-18.44,-10.43,-5.38,921.74,33.78,33.84,1910.16,36.4,33.03,1.55,1588.14,34.89,-39.35,-42.63,-67.49,-28.5,13.46,106.84,-0.07,-30.22,-22.55,-10.19,-5.49,1084.9,31.32,31.61,1285.78,31.49,30.04,1.48,966.37,29.19,-40.62,-44.33,-52.33,-28.35,8.78,137.39,-0.08,-6.34,0.05,-7.13,-17.34,-1.66,-1.34,-1.53,-1.58,32.38,21,2186,90790,
202,1,202,900.86,33.83,33.9,1878.75,36.58,33.03,1.53,1587.2,35.01,-42.99,-40.31,-78.87,-29.34,13.05,107.37,-0.08,-33.67,-19.05,-10.6,-5.73,911.45,33.78,33.79,1903.15,36.13,33.03,1.55,1581.12,34.99,-38.86,-43.69,-68.18,-28.52,13.44,108.72,-0.06,-30.96,-23.64,-10.37,-5.85,1088.55,31.36,31.67,1312.45,31.27,30.02,1.48,982.51,28.63,-40.58,-43.26,-52.84,-28.27,8.77,136.7,-0.08,-6.02,0.12,-6.94,-17.82,-1.66,-1.35,-1.54,-1.59,32.34,21,2219,1737,
203,1,203,918.53,33.69,33.79,1795.49,37.39,33.03,1.54,1525.04,36.38,-40.29,-39.19,-76.39,-28.63,12.87,110.94,-0.09,-31.31,-15.7,-9.73,-4.11,926.71,33.59,33.56,1793.56,36.48,33.03,1.58,1543.12,35.8,-43.72,-43.07,-67.15,-27.82,13.23,111.69,-0.06,-28.88,-20.44,-9.43,-4.16,1097.64,31.28,31.6,1313.11,30.75,30.02,1.5,988.95,28.45,-39.7,-42.8,-52.15,-27.68,8.12,143.62,-0.09,-6.43,0.08,-7.25,-15.44,-1.67,-1.37,-1.54,-1.6,32.57,21,2183,914,
204,1,204,903.69,33.74,33.82,1867.56,36.13,33.02,1.55,1592.55,34.82,-42.64,-39.45,-78.96,-29.49,12.85,107.07,-0.08,-32.45,-17.86,-10.05,-5.88,916.11,33.71,33.72,1880.8,35.98,33.03,1.57,1576.31,35.1,-39.66,-43.24,-68.32,-28.67,13.28,108.73,-0.06,-30.1,-23.36,-9.86,-6.01,1092.93,31.39,31.71,1323.98,31.24,30.04,1.48,990.32,28.5,-39.6,-44.34,-52.36,-27.98,8.54,138.31,-0.08,-5.55,0.13,-7.17,-18.72,-1.66,-1.35,-1.54,-1.58,32.5,21,2296,889,
205,1,205,929.98,33.79,33.88,1832.11,37.35,33.03,1.53,1543.87,35.97,-47.75,-40.4,-77.12,-29.08,13.27,105.64,-0.09,-32.96,-19.04,-10.42,-4.86,935.01,33.67,33.66,1824.83,36.66,33.04,1.56,1545.33,35.85,-42.25,-43.69,-67.73,-28.13,13.63,107.26,-0.06,-30.13,-22.89,-10.16,-4.96,1072.3,31.28,31.58,1287.54,31.19,30.04,1.48,974.2,28.95,-39.36,-42.92,-52.2,-28.66,8.93,133.82,-0.09,-6.38,0.15,-7.05,-16.69,-1.66,-1.36,-1.53,-1.59,32.87,21,2327,846,
206,1,206,904,33.69,33.76,1897.27,35.12,33.02,1.56,1628.62,34.05,-40.17,-37.86,-78.9,-29.9,12.7,106.82,-0.09,-34.53,-19.76,-10.74,-6.2,916.28,33.8,33.88,1942.87,36.09,33.02,1.55,1607.66,34.34,-38.98,-43.42,-68.27,-28.93,13.14,109.62,-0.07,-31.42,-23.62,-10.54,-6.34,1106.01,31.39,31.73,1332.66,31.18,30.03,1.48,991.93,28.4,-41.84,-43.5,-52.71,-29.22,8.28,142.09,-0.09,-5.95,-0.09,-7.12,-18.51,-1.65,-1.35,-1.53,-1.58,32.72,21,2361,869,
207,1,207,937.48,33.75,33.84,1822.83,37.28,33.03,1.54,1542.64,36.03,-46.54,-39.39,-76.55,-29.13,13.25,102.87,-0.09,-30.8,-15.91,-9.49,-3.97,943.01,33.62,33.6,1815.02,36.37,33.04,1.57,1561.32,35.48,-42.35,-43.45,-67.26,-28.18,13.61,104.59,-0.06,-28.53,-20.41,-9.23,-4.04,1093.88,31.32,31.65,1320.88,30.9,30.03,1.49,990.71,28.42,-40.99,-42.65,-51.89,-29.46,8.69,132.95,-0.09,-6.55,0.15,-7.36,-15.13,-1.67,-1.37,-1.54,-1.62,32.24,21,2311,908,
208,1,208,916.7,33.75,33.84,1844.85,36.78,33.03,1.54,1561.43,35.54,-45.66,-38.6,-79.3,-29.4,13.05,106.34,-0.09,-32.19,-19.85,-10.53,-4.77,927.43,33.76,33.76,1854.34,36.82,33.03,1.54,1540.24,35.89,-40.14,-43.16,-68.8,-28.48,13.46,107.82,-0.06,-29.92,-23.33,-10.31,-4.89,1095.79,31.32,31.61,1301.46,31.06,30.04,1.49,980.93,28.76,-41.25,-43.88,-52.14,-28.61,8.79,135.71,-0.08,-5.88,0.25,-6.86,-16.78,-1.65,-1.35,-1.51,-1.59,32.43,21,2150,858,
209,1,209,912.02,33.72,33.81,1878.76,35.84,33.02,1.55,1605.92,34.56,-43.4,-38.78,-76.98,-29.51,12.77,106.85,-0.09,-33.9,-18.67,-10.56,-5.78,919.7,33.74,33.79,1887.2,36.4,33.03,1.55,1575.65,35.11,-41.16,-43.45,-67.35,-28.5,13.24,109.24,-0.07,-30.64,-22.62,-10.34,-5.9,1091.46,31.36,31.72,1328.06,31.19,30.03,1.49,993.55,28.34,-42.37,-43.79,-52.55,-28.44,8.31,140.09,-0.09,-6.18,-0.2,-7.17,-17.68,-1.67,-1.36,-1.55,-1.59,32.37,21,2473,858,
210,1,210,901.93,33.82,33.88,1886.18,36.26,33.02,1.55,1599.59,34.67,-41.26,-41.49,-78.86,-29.56,12.54,110.66,-0.09,-33.89,-18.93,-10.58,-5.64,912.93,33.74,33.76,1902.74,35.89,33.03,1.56,1585.52,34.88,-38.49,-44.42,-68.17,-28.51,13.06,111.46,-0.07,-31.09,-23.65,-10.39,-5.77,1091.46,31.38,31.71,1329.5,31.14,30.03,1.49,991.09,28.42,-41.18,-43.48,-53.13,-29.13,8.35,138.68,-0.08,-5.88,-0.02,-7.04,-17.89,-1.67,-1.36,-1.55,-1.6,32.43,21,2452,845,
211,1,211,892.64,33.78,33.84,1843.69,36.8,33.03,1.55,1575.11,35.3,-46.61,-40.19,-77.01,-28.68,12.72,108.59,-0.1,-33.01,-18.3,-10.39,-5.12,897.28,33.68,33.73,1856.31,36.54,33.03,1.56,1567.64,35.28,-40.4,-43.06,-67.57,-27.96,13.12,109.7,-0.07,-30.15,-22.38,-10.15,-5.23,1041.38,31.2,31.6,1292.24,31.26,30.02,1.5,984.93,28.56,-41.27,-44.36,-52.54,-27.43,8.56,138.67,-0.09,-6.24,0.07,-7.03,-16.9,-1.67,-1.36,-1.54,-1.6,32.78,21,2476,835,
212,1,212,902.02,33.76,33.85,1819.3,37.41,33.02,1.53,1541.37,35.96,-47.68,-40.24,-79.1,-28.72,13.1,107.74,-0.08,-32.16,-19.64,-10.38,-4.61,912.7,33.63,33.61,1821.03,36.26,33.04,1.57,1570.9,35.34,-41.98,-43.1,-68.43,-28.13,13.42,108.17,-0.06,-29.96,-23.06,-10.12,-4.69,1097.13,31.3,31.6,1306.78,30.85,30.03,1.49,988.69,28.48,-38.72,-42.92,-52.45,-27.06,8.51,140.21,-0.09,-5.94,0.28,-6.86,-16.43,-1.66,-1.35,-1.52,-1.61,33.16,21,2409,848,
213,1,213,905.16,33.83,33.9,1854.66,37.05,33.03,1.53,1569.94,35.42,-46.58,-41.13,-77.19,-28.45,12.94,110.03,-0.09,-32.6,-17.8,-10.33,-5.09,910.83,33.65,33.64,1846.45,36.03,33.04,1.57,1583.1,35.04,-42.25,-43.24,-67.53,-27.78,13.34,110.58,-0.06,-29.91,-22.16,-10.08,-5.19,1064.03,31.33,31.66,1307.11,31.32,30.04,1.48,985.77,28.61,-41.5,-44.35,-53.17,-26.81,8.65,138.67,-0.08,-6.55,0.05,-7.13,-16.93,-1.67,-1.36,-1.54,-1.6,32.4,21,2297,826,
214,1,214,888.59,33.87,33.93,1870.32,37,33.02,1.54,1576.09,35.18,-41.76,-42.09,-78.93,-29.02,13.14,104.88,-0.08,-33.35,-19.15,-10.67,-5.3,897.87,33.7,33.7,1880.81,35.77,33.04,1.57,1596.23,34.75,-39.95,-43.43,-68.25,-28.29,13.49,105.81,-0.06,-30.86,-23.29,-10.42,-5.4,1065.8,31.33,31.68,1331.31,30.82,30.03,1.49,1005.88,28,-40.59,-44.48,-53.28,-28.01,8.69,135.4,-0.09,-6,0.12,-6.93,-17.47,-1.66,-1.35,-1.53,-1.6,32.42,21,2397,856,
215,1,215,911.79,33.82,33.89,1869.38,36.69,33.03,1.54,1584.14,35.09,-41.36,-40.16,-77.23,-29.17,13.15,104.2,-0.09,-32.76,-18.44,-10.59,-4.81,917.35,33.71,33.74,1873.52,36.26,33.04,1.55,1580.09,35.1,-40.23,-43.36,-67.82,-28.21,13.55,106,-0.07,-29.96,-22.46,-10.31,-4.9,1068.93,31.28,31.64,1335.42,30.45,30.02,1.49,1011.99,27.81,-40.88,-43.35,-52.48,-29.32,8.61,135.76,-0.1,-5.93,0,-6.95,-16.65,-1.67,-1.37,-1.54,-1.61,33.16,21,2403,823,
216,1,216,916.68,33.69,33.8,1842.36,36.49,33.04,1.54,1571.71,35.39,-44.44,-38.12,-79.06,-29.35,12.86,107.55,-0.09,-32.79,-19.26,-10.43,-4.61,925.93,33.67,33.67,1839.62,36.4,33.04,1.56,1562.2,35.53,-41.72,-42.92,-68.64,-28.38,13.28,109.97,-0.06,-30.32,-23.23,-10.19,-4.71,1093.05,31.36,31.69,1346,30.58,30.03,1.49,1009.24,27.9,-39.95,-43.2,-52.33,-29.45,8.26,139.91,-0.09,-5.56,0.28,-6.79,-16.5,-1.66,-1.35,-1.52,-1.62,33.5,21,2113,848,
217,1,217,915.98,33.81,33.88,1857.95,36.84,33.03,1.54,1570.94,35.33,-45.1,-40.74,-77.18,-28.48,12.93,109.13,-0.09,-33.02,-18.94,-10.4,-4.81,921.8,33.71,33.73,1869.85,36.29,33.02,1.56,1564.28,35.3,-39.93,-43.47,-67.83,-27.93,13.28,110.96,-0.06,-30.17,-22.7,-10.16,-4.92,1071.83,31.3,31.61,1293.35,31.26,30.03,1.49,974.55,28.9,-41.48,-42.84,-52.7,-26.87,8.67,137.83,-0.08,-6.07,0.12,-7.06,-16.47,-1.66,-1.36,-1.53,-1.61,33.07,21,2406,928,
218,1,218,908.48,33.69,33.78,1829,36.59,33.03,1.55,1562.16,35.56,-44.83,-38.84,-79.02,-29.33,12.93,107.76,-0.08,-32.4,-19.71,-10.38,-4.48,920.18,33.7,33.71,1856.28,36.39,33.03,1.56,1559.37,35.47,-39.15,-42.56,-68.44,-28.53,13.29,109.83,-0.06,-30.08,-23.26,-10.17,-4.58,1095.55,31.32,31.63,1320.94,30.78,30.04,1.49,997.63,28.3,-41.17,-42.44,-52.68,-28.68,8.5,138.02,-0.09,-5.79,0.28,-6.9,-16.04,-1.66,-1.35,-1.52,-1.62,31.83,21,2404,855,
219,1,219,928.24,33.76,33.84,1827.98,37.09,33.03,1.54,1546.75,35.87,-40.19,-40.24,-76.7,-28.87,13.22,106.2,-0.09,-30.77,-15.62,-9.53,-3.72,932.92,33.72,33.71,1849.93,36.53,33.04,1.56,1556.39,35.59,-40.51,-43.88,-67.52,-28.07,13.51,107.17,-0.06,-28.5,-20.22,-9.26,-3.8,1070.83,31.37,31.7,1344.22,30.66,30.04,1.49,1012.56,27.91,-39.82,-43.08,-52.53,-28.28,8.69,136.18,-0.09,-6.47,0.09,-7.28,-14.77,-1.69,-1.37,-1.57,-1.65,33.12,21,2354,836,
220,1,220,910.57,33.81,33.88,1882.62,36.4,33.02,1.55,1591.87,34.87,-41.97,-40.28,-78.8,-29.15,12.73,109.16,-0.09,-33.6,-19.81,-10.58,-5.77,920.97,33.75,33.76,1887.53,36.19,33.02,1.56,1570.45,35.15,-40.31,-43.28,-68.33,-28.41,13.16,111.16,-0.06,-31.26,-23.55,-10.44,-5.93,1097.81,31.31,31.66,1338.47,30.57,30.04,1.5,1011.61,27.95,-40.55,-43.67,-52.59,-27.41,8.35,138.84,-0.09,-5.62,0.03,-6.86,-18.12,-1.66,-1.35,-1.53,-1.6,32.24,21,2469,862,
221,1,221,916.53,33.66,33.74,1871.07,35.41,33.03,1.56,1618.02,34.36,-40.48,-38.14,-76.26,-29.64,12.75,107.71,-0.1,-32.56,-16.07,-9.72,-5.44,922.86,33.7,33.78,1896.83,36.13,33.03,1.56,1593.82,34.7,-39.5,-43.1,-66.8,-28.65,13.17,109.5,-0.07,-29.68,-20.76,-9.53,-5.55,1086.94,31.25,31.59,1300.02,30.96,30.03,1.49,986.4,28.56,-40.24,-43.92,-51.99,-28.57,8.51,138.67,-0.09,-6.75,-0.31,-7.66,-17.22,-1.66,-1.37,-1.55,-1.61,32.97,21,2357,834,
222,1,222,910.45,33.77,33.85,1844.4,36.85,33.03,1.54,1564.26,35.49,-45.17,-40.35,-79.31,-29.22,13.12,105.66,-0.09,-32.65,-19.56,-10.43,-5.01,920.68,33.71,33.69,1853.39,36.31,33.03,1.56,1558.32,35.52,-40.36,-43.73,-68.74,-28.48,13.48,107.01,-0.06,-30.31,-23.4,-10.21,-5.11,1087.88,31.32,31.64,1330.13,30.58,30.04,1.5,1009.29,27.96,-39.28,-43.34,-52.62,-27.85,8.39,139.01,-0.09,-5.68,0.27,-6.75,-17.14,-1.65,-1.35,-1.51,-1.62,32.49,21,2289,871,
223,1,223,937.13,33.79,33.87,1842,37.08,33.03,1.55,1553.88,35.75,-46.01,-39.67,-77.2,-27.91,12.87,109.9,-0.09,-31.8,-18.26,-10.18,-4.23,942.65,33.71,33.7,1851.48,36.43,33.04,1.57,1556.56,35.63,-40.42,-43.94,-67.86,-27.47,13.17,111.61,-0.06,-29.27,-21.87,-9.9,-4.31,1086.56,31.34,31.63,1315.7,30.9,30.03,1.49,994.81,28.32,-38.73,-42.55,-52.32,-25.58,8.4,141.9,-0.09,-6.24,0.09,-7.04,-15.68,-1.68,-1.36,-1.53,-1.63,33.19,21,2265,854,
224,1,224,905.41,33.77,33.85,1888.37,35.99,33.02,1.56,1603.7,34.55,-43.68,-40.48,-78.93,-29.67,12.66,106.96,-0.09,-33.88,-19.52,-10.63,-5.89,915.51,33.75,33.77,1894.3,36.14,33.02,1.56,1569.82,35.13,-40.35,-43.6,-68.26,-28.65,13.19,108.58,-0.06,-31.12,-23.45,-10.44,-6.03,1087.62,31.35,31.67,1316.4,31.13,30.04,1.49,987.33,28.57,-41.07,-43.23,-52.57,-29.17,8.15,141.3,-0.08,-5.98,0.07,-7.01,-18.08,-1.66,-1.35,-1.54,-1.62,32.45,21,2158,862,
225,1,225,937.16,33.78,33.85,1908.86,35.64,33.02,1.55,1617.79,34.28,-42.08,-39.37,-76.31,-29.88,12.88,105.43,-0.1,-32.62,-16.15,-9.81,-5.45,945.51,33.8,33.83,1914.73,36.24,33.03,1.55,1584.59,34.95,-40.16,-43.74,-66.9,-28.73,13.37,106.62,-0.07,-29.73,-20.96,-9.59,-5.56,1103.94,31.38,31.77,1357.93,30.89,30.02,1.49,1008.85,27.9,-41.26,-43.42,-52.08,-29.55,8.48,134.94,-0.1,-6.75,-0.4,-7.77,-17.33,-1.68,-1.37,-1.57,-1.62,32.88,21,2356,903,
226,1,226,888.36,33.81,33.88,1854.04,36.89,33.04,1.53,1576.93,35.29,-43.67,-41.09,-78.99,-28.92,12.84,110.08,-0.08,-33.62,-19.1,-10.75,-5.62,899.01,33.68,33.67,1858.69,35.99,33.04,1.56,1582.31,35.05,-40.17,-43.54,-68.26,-28.03,13.32,110.9,-0.06,-30.97,-23.51,-10.53,-5.74,1065.5,31.31,31.63,1306.42,31.07,30.03,1.48,988.52,28.47,-40.87,-44.52,-52.94,-27.8,8.6,138.88,-0.08,-5.8,0.11,-6.76,-17.86,-1.67,-1.36,-1.54,-1.63,32.58,21,2230,844,
227,1,227,925.8,33.75,33.83,1838.14,36.82,33.03,1.55,1560.82,35.61,-45.9,-39.13,-76.71,-28.22,12.7,110.93,-0.09,-31.32,-15.87,-9.66,-4.16,932.75,33.68,33.67,1847.47,36.27,33.04,1.57,1560.23,35.53,-40.52,-42.83,-67.38,-27.71,13.04,113.09,-0.06,-28.94,-20.46,-9.42,-4.25,1093.84,31.3,31.65,1326.45,30.78,30.03,1.5,1003.67,28.04,-40.87,-43.18,-52.28,-26.05,8.22,142.63,-0.09,-6.62,-0.12,-7.38,-15.54,-1.66,-1.37,-1.53,-1.62,32.56,21,2249,841,
228,1,228,905.31,33.67,33.75,1810.94,36.7,33.04,1.55,1559.39,35.72,-44,-39.59,-79.21,-29.3,12.83,108.72,-0.08,-33.04,-20.41,-10.54,-4.49,916.82,33.63,33.62,1834.95,36.08,33.03,1.57,1568.81,35.26,-39.45,-43.25,-68.75,-28.33,13.24,110.42,-0.06,-30.5,-23.16,-10.34,-4.6,1081.17,31.27,31.61,1336.05,30.25,30.02,1.5,1020.7,27.57,-40.85,-44.51,-52.79,-29.27,8.31,139.45,-0.09,-5.59,0.13,-6.96,-16.31,-1.65,-1.35,-1.52,-1.63,32.52,21,2301,859,
229,1,229,909.3,33.87,33.92,1892.85,36.49,33.03,1.54,1598.94,34.75,-40.85,-41.16,-77.15,-29.06,13.04,107.14,-0.09,-33.16,-18.59,-10.4,-5.35,916.06,33.75,33.76,1908.88,35.76,33.03,1.56,1605.94,34.47,-40.19,-43.88,-67.61,-28.24,13.41,107.68,-0.07,-30.31,-22.45,-10.18,-5.47,1072.55,31.34,31.7,1331.54,30.98,30.03,1.49,1001.36,28.15,-40.7,-43.42,-53.09,-27.72,8.72,135.05,-0.09,-6.44,-0.02,-7.07,-17.34,-1.67,-1.36,-1.55,-1.62,32.36,21,2384,831,
230,1,230,921.61,33.76,33.86,1840.13,37.03,33.03,1.54,1554.42,35.71,-47.81,-39.83,-79.19,-29.16,12.97,106.83,-0.09,-32.21,-19.25,-10.5,-4.41,929.55,33.68,33.66,1838.27,36.33,33.03,1.56,1559.9,35.49,-42.14,-42.92,-68.62,-28.17,13.36,108.73,-0.06,-29.97,-23.02,-10.24,-4.5,1087.5,31.38,31.67,1325.26,30.93,30.03,1.48,994.21,28.34,-41.16,-44.32,-52.17,-29.52,8.64,134.97,-0.08,-5.78,0.35,-6.8,-16.03,-1.67,-1.36,-1.52,-1.64,33.2,21,2328,842,
231,1,231,862.31,33.52,33.67,1991.95,34.51,33.02,1.58,1716.89,32.24,-37.77,-51.54,-69.86,-29.28,12.11,109.65,-0.1,-13.77,-18.26,-13.9,-8.12,876.39,33.3,33.64,1993.13,34.39,32.98,1.59,1718.74,32.16,-40.48,-48.63,-67.47,-28.85,12.52,111.14,-0.1,-11.77,-16.93,-15.48,-8.28,1045.11,30.95,31.45,1324.52,31.57,30.02,1.49,998.58,27.73,-45.26,-43.28,-50.64,-27.19,8.64,144.09,-0.09,-3.38,0.23,-5.27,-12.92,-1.72,-1.31,-1.52,-1.6,27.7,21,2372,187845,
232,1,232,860.62,33.5,33.57,1810.56,37.13,33.05,1.53,1557.39,35.67,-45.44,-49.88,-69.56,-28.34,13.29,105.57,-0.08,-12.35,-15.64,-13.57,-6.11,877.36,33.5,33.5,1797.76,37.07,33.02,1.54,1551.01,35.87,-40.46,-44.68,-68.54,-27.83,13.63,107.5,-0.06,-10.95,-15.46,-15.08,-6.18,1057.81,31.04,31.37,1286.61,31.88,30.01,1.47,972.18,28.38,-36.16,-47,-52.03,-25.71,8.99,140.74,-0.08,-4.53,0.62,-4.6,-9.48,-1.7,-1.31,-1.5,-1.63,28.22,21,2475,853,
233,1,233,888.46,33.45,33.53,1735.53,38.35,33.03,1.53,1493.49,37.02,-41.34,-50.66,-70.07,-28.04,13.54,104.81,-0.08,-11.56,-14.48,-13.25,-5.36,900.54,33.25,33.2,1703.42,36.49,32.98,1.59,1539.51,35.81,-40.6,-45.24,-68.33,-27.87,13.69,104.22,-0.05,-10.48,-14.79,-14.84,-5.49,1053.64,30.87,31.26,1271.37,31.52,30.03,1.48,972.72,28.45,-36.75,-40.06,-51.94,-27.8,9,135.2,-0.09,-4.55,0.6,-4.66,-8.04,-1.7,-1.31,-1.5,-1.66,28.33,21,2427,822,
234,1,234,871.62,33.58,33.63,1823.58,37.38,33.03,1.53,1550.58,35.66,-46.15,-55.14,-69.58,-28,13.06,107.11,-0.09,-12.58,-16.22,-13.64,-6.75,885.94,33.5,33.48,1802.43,36.81,33.04,1.55,1554.56,35.95,-39.56,-45.41,-67.88,-27.89,13.38,106.86,-0.07,-11.1,-15.75,-15.14,-6.82,1054.15,30.77,31.13,1269.29,30.59,30.02,1.5,987.29,27.99,-38.13,-37.48,-51.68,-26.75,8.75,136.75,-0.1,-4.84,0.32,-4.75,-10.51,-1.71,-1.32,-1.52,-1.64,27.9,21,2323,775,
235,1,235,866.07,33.49,33.55,1821.25,36.76,33.04,1.55,1566.02,35.41,-42.76,-47.01,-69.71,-28.49,13.06,106.07,-0.09,-12.86,-15.99,-13.68,-6.17,882.06,33.52,33.52,1817.02,36.79,33.04,1.55,1560.35,35.78,-40.96,-44.69,-68.36,-28.01,13.43,106.84,-0.07,-10.98,-15.87,-15.24,-6.25,1060.82,31.05,31.43,1332.04,31.23,30.03,1.49,1001.76,27.69,-38.19,-44.77,-52.31,-27.4,8.57,136.22,-0.1,-3.88,0.73,-4.37,-9.54,-1.72,-1.33,-1.53,-1.67,29.71,21,2370,683,
236,1,236,861.98,33.58,33.63,1815.42,37.55,33.04,1.54,1543.81,35.88,-46.56,-52.25,-69.7,-27.41,12.75,108.22,-0.09,-12.51,-15.93,-13.75,-6.21,879.98,33.44,33.42,1791.04,36.49,33.04,1.56,1563.56,35.72,-40.04,-44.7,-68.2,-27.67,13.17,108.29,-0.07,-11.31,-15.61,-15.26,-6.26,1066.25,30.97,31.33,1289.07,31.56,30.03,1.49,978.22,28.34,-36.41,-45.4,-51.79,-26,8.54,140.57,-0.09,-4.5,0.38,-4.66,-9.47,-1.71,-1.32,-1.52,-1.66,27.76,21,2570,730,
237,1,237,876.67,33.53,33.58,1833.77,36.72,33.02,1.55,1579.46,34.94,-43.26,-54.05,-69.91,-28.27,12.99,109.84,-0.09,-12.72,-15.51,-13.51,-5.97,889.1,33.48,33.52,1832.18,36.45,33.02,1.56,1582.81,35.17,-39.32,-44.6,-68.62,-28.1,13.25,109.36,-0.07,-10.97,-15.57,-15.11,-6.07,1054.64,31,31.35,1290.2,31.66,30.02,1.48,977.75,28.29,-39.24,-46.97,-52.07,-26.85,8.77,136.75,-0.09,-4.21,0.66,-4.5,-9.12,-1.71,-1.33,-1.51,-1.66,28.95,21,2342,676,
238,1,238,854.94,33.55,33.59,1830.58,36.9,33.03,1.55,1577.06,35.09,-43.29,-59.37,-69.82,-27.84,12.84,109.39,-0.08,-12.47,-15.66,-13.66,-6.19,872.4,33.46,33.48,1820.96,36.36,33.02,1.56,1576.94,35.32,-39.49,-45.08,-68.66,-27.66,13.24,108.12,-0.07,-11.11,-15.58,-15.18,-6.26,1048.96,30.96,31.35,1306.83,31.27,30.04,1.49,997.67,27.85,-39.72,-45.14,-52.59,-25.68,8.38,142.28,-0.09,-4.3,0.49,-4.51,-9.48,-1.7,-1.31,-1.5,-1.64,28.13,21,2457,786,
239,1,239,858.42,33.54,33.59,1838.65,36.74,33.04,1.55,1572.8,35.24,-41.34,-45.83,-69.86,-28.16,13.08,107.38,-0.09,-12.46,-15.27,-13.35,-6.01,877.77,33.55,33.61,1849.54,36.87,33.04,1.55,1576.2,35.44,-39.28,-45.91,-67.91,-28.02,13.41,109.89,-0.07,-10.9,-15.45,-14.94,-6.11,1071.12,31.01,31.42,1310.84,31.68,30.02,1.48,983.77,28.1,-38.67,-40.19,-52.3,-26.31,8.93,139.9,-0.09,-4.59,0.62,-4.8,-9.46,-1.72,-1.33,-1.53,-1.67,28.05,21,2341,693,
240,1,240,865.17,33.51,33.57,1859.16,36.11,33.04,1.55,1607.46,34.55,-41.49,-47.81,-69.66,-29.15,13.09,100.8,-0.09,-12.87,-16.06,-13.66,-6.16,881.89,33.53,33.63,1884.02,36.35,33.03,1.55,1613.69,34.54,-39.54,-44.53,-68.8,-28.63,13.58,105.91,-0.08,-11.15,-15.89,-15.23,-6.24,1055.65,30.97,31.32,1281.45,31.63,30.04,1.48,974.79,28.46,-37.16,-45.58,-51.94,-28.71,9.21,134.69,-0.08,-4.47,0.61,-4.68,-9.57,-1.7,-1.32,-1.5,-1.64,28.53,21,2383,925,
241,1,241,839.89,33.55,33.66,1964.66,34.9,33.03,1.58,1698.42,32.72,-35.17,-41.69,-70.05,-28.65,12.28,108.35,-0.11,-14.17,-18.54,-14.03,-7.82,860.23,33.28,33.64,1990.9,34.45,33,1.59,1715.4,32.35,-36.66,-47.63,-67.25,-28.47,12.61,111.66,-0.1,-12.13,-17.17,-15.66,-7.97,1036.61,30.97,31.42,1307.36,31.73,30.02,1.49,983.51,28.14,-44,-43.63,-51.16,-25.17,8.57,142.85,-0.08,-3.92,-0.21,-5.21,-12.36,-1.74,-1.33,-1.55,-1.65,27.88,21,2388,704,
242,1,242,864.4,33.54,33.61,1914.66,35.43,33.03,1.57,1657.66,33.5,-36.86,-40.32,-69.45,-28.81,12.54,109.47,-0.1,-12.86,-16.29,-13.3,-6.68,880.13,33.55,33.69,1938.6,35.78,33.04,1.57,1653.54,33.83,-40.3,-47.69,-68.49,-28.58,13.04,112.8,-0.09,-11.22,-16.03,-14.92,-6.8,1056.91,31.1,31.46,1281.68,32.69,30.04,1.47,947.25,29.28,-40.39,-50.58,-51.53,-27.65,8.65,140.02,-0.08,-4.09,0.78,-4.99,-11,-1.68,-2.05,-1.49,-1.62,28.81,21,2436,658,
243,1,243,895.45,33.55,33.62,1886.01,36,33.02,1.55,1617.19,34.19,-45.04,-46.77,-70.14,-28.72,13.01,108.93,-0.08,-12.61,-16.62,-13.82,-7.02,905.31,33.56,33.67,1886.98,36.61,33.03,1.55,1606.07,34.72,-38.26,-45.65,-66.26,-28.58,13.2,106.37,-0.08,-11.22,-15.8,-15.26,-7.12,1058.72,31.01,31.34,1263.71,32.28,30.03,1.47,950.47,29.15,-37.71,-45.82,-50.75,-26.88,9.15,134.07,-0.08,-4.23,0.68,-4.47,-10.9,-1.72,-1.33,-1.53,-1.64,28.22,21,2613,710,
244,1,244,888.93,33.5,33.56,1818.98,36.89,33.03,1.55,1562.71,35.42,-44.67,-45.95,-69.48,-27.64,12.94,113.97,-0.08,-12.67,-16.09,-13.65,-6.17,900.64,33.5,33.53,1826.74,36.69,33.03,1.55,1571.9,35.51,-37.49,-43.69,-68.8,-27.83,13.17,110.62,-0.07,-11.17,-15.76,-15.15,-6.24,1063.89,31.05,31.41,1299.95,31.82,30.04,1.48,977.55,28.39,-37.58,-43.4,-52.18,-25.36,8.76,139.55,-0.09,-4.36,0.66,-4.66,-9.55,-1.71,-1.32,-1.52,-1.65,28.27,21,3087,669,
245,1,245,854.25,33.52,33.58,1822.4,36.99,33.02,1.54,1561.64,35.39,-44.53,-50.78,-70.18,-28.31,13.12,106.69,-0.09,-12.86,-16.04,-13.71,-6.16,869.93,33.46,33.49,1803.95,36.83,33.04,1.55,1562.74,35.78,-40.15,-45.44,-67.4,-28.13,13.39,105.51,-0.06,-10.98,-15.85,-15.27,-6.24,1051.92,30.93,31.37,1300.96,31.53,30.01,1.49,986.54,27.97,-36.96,-42.8,-51.55,-27.54,8.92,135.14,-0.09,-4.37,0.35,-4.69,-9.51,-1.74,-1.35,-1.54,-1.68,27.81,21,2551,597,
246,1,246,865.53,33.59,33.65,1878.24,36.46,33.01,1.55,1600.54,34.47,-44.89,-46.15,-70.08,-29.07,12.57,107.96,-0.09,-13.57,-17.61,-14.13,-7.27,878.77,33.54,33.64,1864.58,36.81,33.02,1.55,1584.07,35.14,-38.17,-46.06,-66.56,-28.41,13.08,110.31,-0.08,-11.6,-16.55,-15.62,-7.33,1024.36,30.95,31.33,1266.33,32.1,30.01,1.48,952.38,28.96,-39.99,-38.23,-50.81,-29.01,8.97,136.78,-0.09,-4.09,0.41,-4.41,-11.2,-1.74,-1.34,-1.56,-1.67,28.18,21,2687,813,
247,1,247,879.07,33.52,33.58,1842.43,36.57,33.03,1.55,1586.34,34.93,-44.64,-51.18,-70.18,-28.82,13.06,102.53,-0.09,-12.74,-15.9,-13.63,-6.28,891.68,33.46,33.51,1818.76,36.65,33.04,1.55,1581.55,35.34,-39.45,-43.92,-68.36,-28.41,13.48,105.29,-0.07,-11.13,-15.68,-15.19,-6.35,1053.44,31.01,31.38,1288.53,31.91,30.04,1.48,974.5,28.49,-37.61,-43.3,-51.85,-28.13,9.01,133.45,-0.09,-4.33,0.73,-4.64,-9.72,-1.74,-1.35,-1.54,-1.68,29.81,21,2476,892,
248,1,248,885.82,33.52,33.58,1852.71,36.31,33.03,1.56,1597.57,34.66,-42.73,-54.41,-69.69,-28.1,12.6,110.9,-0.09,-12.92,-16.29,-13.7,-6.28,901.8,33.5,33.57,1864.38,36.29,33.01,1.56,1598.58,34.76,-40.23,-44.66,-68.26,-28.06,12.97,113.52,-0.07,-11.27,-16,-15.28,-6.37,1053.75,30.92,31.3,1276.78,31.63,30.02,1.49,971.69,28.42,-36.63,-41.6,-51.47,-26.14,8.55,146.41,-0.08,-4.35,0.49,-4.58,-9.8,-1.73,-1.34,-1.54,-1.68,27.83,21,2291,858,
249,1,249,897.64,33.54,33.62,1836.87,36.98,33.04,1.54,1565.61,35.41,-47.14,-51.27,-69.82,-27.72,13.07,108.03,-0.09,-12.46,-15.97,-13.91,-6.27,912.36,33.45,33.44,1804.39,36.39,33.03,1.56,1579.95,35.28,-39.72,-44.32,-68.49,-27.36,13.34,114.28,-0.06,-11.34,-15.64,-15.34,-6.32,1065.2,31.07,31.41,1308.68,31.65,30.03,1.48,986.27,28.11,-36.88,-49.65,-52.17,-24.69,8.6,149.15,-0.09,-4.58,0.65,-4.26,-9.5,-1.75,-1.35,-1.69,-1.69,29.76,21,2369,875,
250,1,250,897.28,33.57,33.63,1856.03,36.68,33.03,1.54,1581.57,35.01,-44.15,-52.7,-69.55,-28.2,13.12,108.6,-0.09,-12.86,-16.13,-13.68,-6.18,910.52,33.51,33.51,1834.21,36.41,33.03,1.56,1574.93,35.43,-40.66,-44.25,-68.46,-27.95,13.41,107.54,-0.07,-11.33,-15.78,-15.2,-6.25,1068.98,31.05,31.4,1303.3,31.72,30.04,1.48,982.11,28.26,-38.57,-40.7,-52.34,-26.66,8.82,139.25,-0.09,-4.54,0.5,-4.71,-9.6,-1.73,-1.34,-1.54,-1.68,28.83,21,2477,666,
251,1,251,877.37,33.57,33.62,1847.14,36.8,33.03,1.54,1582.76,34.99,-43.59,-51.64,-69.79,-28.39,12.88,108.27,-0.09,-12.51,-15.3,-13.52,-6,891.71,33.48,33.56,1848.31,36.49,33.03,1.55,1592.88,35.04,-38.96,-44.19,-68.28,-28.21,13.19,110.81,-0.07,-11.05,-15.41,-15.06,-6.09,1052.13,30.97,31.32,1280.84,31.71,30.02,1.48,974.52,28.38,-38.06,-44.76,-52.2,-26.77,8.66,144.86,-0.09,-4.47,0.62,-4.65,-9.35,-1.72,-1.35,-1.53,-1.67,30.12,21,2353,653,
252,1,252,875.86,33.58,33.63,1876.56,36.31,33.03,1.55,1611.53,34.4,-40.05,-53.49,-69.61,-27.9,12.63,110.27,-0.09,-12.24,-15.49,-13.35,-6.13,892.5,33.51,33.6,1890.41,36.02,33.02,1.56,1621.5,34.32,-39.64,-45.09,-68.63,-27.78,12.89,114.28,-0.08,-11.03,-15.49,-14.91,-6.25,1062.78,30.98,31.33,1266.19,32.14,30.02,1.47,956.05,28.91,-36.96,-42.48,-51.75,-24.89,8.73,145.2,-0.08,-4.7,0.58,-4.86,-9.7,-1.72,-1.34,-1.53,-1.66,28.11,21,2492,772,
253,1,253,881.49,33.53,33.6,1858.24,36.44,33.03,1.55,1590.51,34.79,-42.63,-46.96,-70,-28.52,12.98,105.07,-0.1,-12.38,-15.46,-13.45,-6.04,895.05,33.53,33.58,1834.44,36.93,33.03,1.55,1573.4,35.46,-40.97,-44.45,-68.15,-28.21,13.39,109.87,-0.07,-10.98,-15.4,-15,-6.12,1059.27,31.05,31.38,1268.31,32.46,30.03,1.47,952.32,29.1,-36.82,-47.94,-52.29,-26.76,9.05,139.28,-0.08,-4.49,0.65,-4.69,-9.44,-1.73,-1.35,-1.54,-1.68,28.75,21,2675,623,
254,1,254,855.34,33.54,33.59,1809.24,37.33,33.02,1.54,1543.47,35.73,-45.74,-55.42,-69.77,-28.08,12.9,111.63,-0.08,-12.12,-15.26,-13.46,-6,873.09,33.47,33.46,1805.2,36.54,33.02,1.56,1561.5,35.6,-39.07,-44.85,-68.27,-27.83,13.15,112.16,-0.07,-11.09,-15.28,-14.97,-6.07,1054.45,30.97,31.4,1302.88,31.68,30.03,1.49,984.09,28.19,-37.64,-46.77,-52.07,-26.88,8.59,140.8,-0.09,-4.52,0.61,-4.72,-9.31,-1.75,-1.35,-1.55,-1.68,27.77,21,2355,697,
255,1,255,874.48,33.56,33.61,1860.62,36.46,33.02,1.54,1598.68,34.56,-43.28,-46.49,-69.97,-28.42,13.23,103.68,-0.09,-12.44,-15.64,-13.57,-6.63,888.41,33.5,33.61,1877.91,36.33,33.03,1.55,1614.67,34.6,-37.59,-45.24,-67.36,-28.49,13.48,106.27,-0.08,-11.14,-15.54,-15.11,-6.73,1054.15,30.93,31.28,1245.81,32.26,30.03,1.47,946.72,29.23,-38.38,-38.68,-51.32,-26.39,9.58,130.2,-0.08,-4.5,0.43,-4.66,-10.24,-1.73,-1.34,-1.54,-1.67,28.27,21,2303,665,
261,1,261,903.95,33.69,33.75,1850.75,37.34,33.01,1.54,1566.73,35,-47.8,-43.82,-72.1,-28.39,13.44,102.38,-0.08,-13.53,-16.13,-13.49,-5.66,915.03,33.38,33.37,1841.26,35.46,33.04,1.58,1614.18,34.72,-39.6,-44.63,-68.97,-27.95,13.77,102.79,-0.07,-11.61,-15.27,-14.85,-5.66,1055.78,30.91,31.35,1312.61,29.37,30,1.53,1022.26,26.75,-40.31,-42.97,-52.02,-28.14,9.06,131.89,-0.09,-3.35,0.4,-3.99,-8.39,-1.83,-1.36,-1.55,-1.76,29.1,21,2853,665,
262,1,262,894.76,33.62,33.66,1839.52,36.77,33.03,1.54,1576.96,34.92,-46.02,-56.1,-71.59,-28.63,13.4,103.31,-0.09,-13.62,-16.1,-13.41,-5.8,911.33,33.51,33.54,1859.99,36.52,33.03,1.55,1586.09,35.27,-39.74,-44.12,-69.25,-28.26,13.66,104.83,-0.07,-11.69,-15.39,-14.76,-5.85,1061.67,30.89,31.28,1293.75,29.3,30.01,1.52,1013.08,27.01,-39.01,-44.19,-52.38,-27.97,8.99,134.62,-0.1,-4.04,0.34,-4.36,-8.47,-1.8,-1.36,-1.53,-1.76,29.62,21,2723,621,
263,1,263,872.77,33.47,33.59,1979.86,33.63,33,1.59,1732.88,31.65,-33.02,-46.01,-72.37,-28.63,12.58,106.6,-0.12,-13.59,-16.71,-13.01,-7.07,888.3,33.3,33.64,2028.51,34.2,33.01,1.58,1751.71,31.83,-39.24,-49.04,-76.28,-28.4,12.9,108.07,-0.12,-12.32,-16.21,-14.48,-7.33,1062.42,31.11,31.61,1358.22,30.08,30.04,1.51,1023.28,26.93,-47.45,-45.12,-50.38,-26.43,8.66,136.48,-0.1,-4.03,0.68,-5.64,-11.13,-1.85,-1.37,-1.56,-1.77,28.8,21,3424,942,
264,1,264,886.16,33.62,33.65,1815.88,37.21,33.02,1.54,1558.6,35.25,-47.37,-43.51,-72.12,-28.15,13.28,106.13,-0.09,-13.5,-15.98,-13.36,-5.91,893.73,33.28,33.27,1805.06,35.39,33.01,1.58,1599.49,34.83,-38.76,-44.81,-67.32,-27.8,13.55,105.56,-0.07,-11.75,-15.29,-14.73,-6,1015.5,30.78,31.25,1287.85,29.27,30.01,1.54,1012.78,27.03,-39.7,-43.72,-51.39,-27.87,8.73,136.72,-0.1,-3.96,0.26,-4.44,-8.73,-1.8,-1.36,-1.53,-1.75,28.82,21,2956,651,
265,1,265,874.41,33.58,33.61,1782.94,37.53,33.04,1.54,1532.69,35.97,-39.99,-49.74,-72.3,-28.37,13.31,104.8,-0.09,-13.16,-15.78,-13.23,-5.46,890.17,33.37,33.35,1780.95,36.51,33.04,1.56,1568.03,35.74,-42.01,-43.99,-71.91,-27.93,13.63,105.83,-0.06,-11.38,-14.89,-14.61,-5.47,1060.83,30.96,31.36,1313,29.38,30.02,1.52,1019.54,26.91,-39.35,-45.75,-51.49,-28.13,8.55,138.4,-0.09,-3.82,0.59,-4.06,-8.07,-1.83,-1.37,-1.55,-1.79,28.85,21,3185,757,
266,1,266,892.34,33.63,33.72,1993.7,34.39,33.03,1.57,1722.87,32.11,-39.22,-50.99,-72.06,-29.29,13,102.29,-0.11,-14.76,-17.28,-13.77,-7.41,905.2,33.45,33.63,2004.81,34.54,33.03,1.58,1720.91,32.59,-40.32,-47.17,-68.54,-29.02,13.38,104.44,-0.09,-12.42,-16.66,-15.22,-7.65,1064.83,31,31.37,1275.29,30.35,30.02,1.51,981.72,27.92,-40.34,-43.78,-51.66,-26.93,9.23,127.9,-0.08,-4.01,0.18,-4.75,-11.03,-1.82,-1.36,-1.55,-1.72,28.82,21,2662,651,
267,1,267,887.17,33.58,33.62,1798.13,37.26,33.04,1.54,1553.65,35.54,-44.81,-52.3,-72.28,-27.4,13.09,110.15,-0.08,-13.3,-15.86,-13.33,-5.42,902.13,33.36,33.36,1800.25,36.16,33.02,1.57,1586.55,35.21,-39.47,-44.06,-70.68,-27.29,13.33,111.41,-0.06,-11.45,-15.03,-14.74,-5.45,1047.91,30.95,31.33,1289.44,29.72,30.01,1.52,1005.32,27.24,-37.19,-46.17,-52.18,-25.26,8.41,144.32,-0.09,-4.34,0.62,-4.16,-7.82,-1.84,-1.38,-1.57,-1.81,29.27,21,2959,785,
268,1,268,841.49,33.49,33.6,1944.93,34.31,33.02,1.58,1702.26,32.36,-33.44,-46.33,-71.62,-28.26,12.49,109.86,-0.1,-14.38,-17.47,-13.27,-7.43,861.89,33.29,33.66,1995.15,34.94,33.03,1.58,1720.84,32.56,-38.36,-47.63,-68.83,-28.35,12.86,110.92,-0.11,-12.66,-17,-14.72,-7.69,1063.59,31.13,31.61,1360.68,30.02,30.02,1.51,1026.53,26.75,-46.11,-44.01,-51.88,-26.16,8.65,137.79,-0.09,-3.73,0.45,-5.6,-11.72,-1.83,-1.37,-1.57,-1.75,29.07,21,3035,683,
269,1,269,889,33.53,33.66,1983.06,34.09,33.01,1.58,1726.36,31.86,-33.68,-48.15,-72.34,-28.88,12.26,110.63,-0.11,-14.18,-17.18,-13.21,-7.44,901.81,33.22,33.55,2005.15,33.88,32.98,1.59,1740.21,31.86,-39.08,-47.81,-69.24,-28.54,12.7,111.99,-0.11,-12.36,-16.77,-14.74,-7.76,1053.26,31.07,31.55,1342.18,30.03,30.01,1.51,1015.48,26.94,-44.66,-43.59,-51.25,-27.15,8.45,138.4,-0.09,-3.68,0.76,-5.27,-11.5,-1.84,-1.37,-1.56,-1.75,29.26,21,3384,797,
270,1,270,875.41,33.56,33.6,1749.04,38.19,33.04,1.53,1502.6,36.71,-36.87,-47.58,-71.93,-27.84,13.26,107.61,-0.08,-13.15,-15.52,-13.09,-5.15,891.99,33.25,33.2,1727.26,36.42,33.01,1.58,1551.7,35.88,-42.95,-45.3,-68.47,-27.46,13.56,109.2,-0.06,-11.37,-14.85,-14.48,-5.17,1064.78,30.99,31.41,1342.21,29.11,30.02,1.53,1040.66,26.38,-40.52,-45.73,-53.31,-26.87,8.76,134.37,-0.09,-3.91,0.35,-4.31,-7.75,-1.83,-1.37,-1.55,-1.79,28.73,21,3264,678,
271,1,271,898.46,33.58,33.63,1916.7,35.06,33.03,1.57,1666.74,33.12,-37.93,-55.67,-72.56,-28.89,12.91,103.34,-0.11,-13.69,-16.12,-13.02,-6.92,909.96,33.45,33.62,1954.9,35.31,33.04,1.57,1686.54,33.33,-38.05,-44.38,-71.12,-28.57,13.18,104.53,-0.09,-11.85,-15.57,-14.45,-7.17,1050.59,30.89,31.44,1316.66,29.86,30.02,1.53,1011.55,27.11,-42.77,-43.36,-50.4,-28.02,8.85,128.71,-0.1,-3.98,0.52,-5.28,-10.87,-1.81,-1.37,-1.55,-1.73,29.13,21,3356,724,
272,1,272,904.96,33.67,33.71,1846.91,37.06,33.03,1.54,1575.28,34.93,-46.6,-47.06,-71.77,-28.12,13.41,101.7,-0.09,-13.45,-16.03,-13.27,-5.86,916.54,33.39,33.4,1837.72,35.8,33.02,1.56,1590.6,35.09,-39.88,-45.48,-67.51,-27.97,13.7,102.88,-0.07,-11.73,-15.22,-14.65,-5.91,1045.05,30.87,31.31,1281.93,29.76,30.02,1.53,997.24,27.47,-38.98,-41.27,-52.34,-26.85,8.92,133.35,-0.09,-4.1,0.26,-4.45,-8.83,-1.81,-1.37,-1.54,-1.77,29.29,21,3334,724,
273,1,273,908.47,33.68,33.72,1893.16,36.25,33.01,1.55,1618.34,33.94,-42.11,-47.64,-72.27,-28.17,12.71,112.45,-0.1,-13.96,-16.36,-13.53,-6.29,919.4,33.45,33.49,1900.06,35.31,33.04,1.57,1645.77,34.1,-40.24,-44.52,-69.02,-28.01,13.03,111.71,-0.07,-11.74,-15.56,-14.87,-6.37,1057.05,30.96,31.32,1272.79,30.05,30.02,1.51,983.65,27.83,-39.05,-47.41,-51.51,-26.32,8.77,140.2,-0.08,-3.6,0.47,-4.35,-9.22,-1.82,-1.38,-1.54,-1.76,28.85,21,2983,659,
274,1,274,864.03,33.58,33.6,1799.3,37.13,33.03,1.55,1550.28,35.5,-42.64,-52.24,-71.57,-27.91,13,110.49,-0.08,-13.56,-15.95,-13.41,-5.64,882.53,33.39,33.39,1806.9,36.33,33.03,1.56,1573.95,35.53,-40.15,-44.3,-68.18,-27.6,13.31,111.57,-0.06,-11.68,-15.25,-14.75,-5.67,1053,30.94,31.28,1281.43,29.6,30.01,1.52,997.78,27.41,-38.07,-46.27,-52.93,-26.21,8.52,143.84,-0.08,-4.63,0.37,-4.41,-8.03,-1.83,-1.38,-1.57,-1.8,29.27,21,2982,721,
275,1,275,905.76,33.65,33.69,1853.73,36.73,33.01,1.54,1583.57,34.66,-46.73,-48.57,-72.26,-27.88,12.96,109.12,-0.09,-13.63,-16.16,-13.45,-5.88,918.39,33.44,33.48,1866.21,35.86,33.02,1.56,1606.75,34.78,-38.81,-45.08,-70.76,-27.65,13.29,110.71,-0.07,-11.61,-15.34,-14.84,-5.93,1062.05,30.87,31.34,1325.98,28.98,30.01,1.54,1036.43,26.44,-40.78,-42.61,-51.36,-26.13,8.58,140.19,-0.1,-3.6,0.53,-4.07,-8.56,-1.83,-1.38,-1.57,-1.8,29.86,21,2784,689,
276,1,276,894.13,33.58,33.68,1973.75,34.44,33.02,1.57,1712.54,32.23,-33.27,-45.18,-71.83,-28.45,12.72,107.74,-0.11,-14.02,-16.89,-13.04,-7.1,904.75,33.34,33.64,2001.69,34.61,33.03,1.57,1724.23,32.51,-39.51,-48.57,-68.33,-28.35,13.05,108.05,-0.1,-12.34,-16.48,-14.51,-7.34,1049.13,31.04,31.56,1350.47,29.94,30.02,1.51,1021.57,26.88,-45.22,-44.5,-51.62,-27.05,8.71,133.69,-0.1,-3.42,0.7,-5.27,-11.48,-1.85,-1.39,-1.58,-1.78,28.51,21,3458,722,
277,1,277,895.26,33.55,33.68,1990.14,34.14,33,1.58,1724.43,31.86,-34.04,-47.02,-72.7,-28.63,12.27,109.32,-0.11,-14.35,-17.38,-13.32,-7.5,907.83,33.31,33.63,2010.25,34.41,33.01,1.59,1728.35,32.3,-39.37,-49.22,-70.98,-28.43,12.77,111.36,-0.1,-12.33,-16.77,-14.84,-7.82,1064.28,31.06,31.58,1361.8,29.84,30.02,1.52,1025.85,26.77,-49.59,-42.95,-50.43,-26.95,8.09,144.05,-0.09,-3.62,0.55,-5.3,-11.48,-1.87,-1.39,-1.6,-1.78,28.84,21,3175,628,
278,1,278,884.08,33.53,33.61,1963.92,34.1,33.01,1.58,1712.87,32.1,-33.71,-49.05,-71.41,-28.94,12.69,104.23,-0.11,-14.07,-17.09,-13.11,-7.32,899.58,33.39,33.65,2004.39,34.67,33.02,1.58,1722.98,32.44,-39.58,-48.05,-68.16,-28.66,13.07,106.34,-0.1,-12.59,-16.64,-14.56,-7.58,1075.34,31.17,31.62,1358.05,30.18,30.02,1.51,1017.52,26.98,-45.36,-43.09,-52,-27.52,8.83,132.11,-0.09,-3.75,0.72,-5.44,-11.72,-1.84,-1.38,-1.59,-1.77,28.53,21,3321,670,
279,1,279,897.43,33.5,33.55,1887.22,34.93,33.02,1.57,1657.81,33.23,-37.76,-53.02,-72.52,-28.17,12.58,110.13,-0.09,-13.75,-16.16,-13.07,-6.85,909.96,33.44,33.59,1935.31,35.43,33.04,1.57,1673.43,33.53,-39.37,-45.83,-72.47,-28.2,12.85,110.28,-0.09,-11.93,-15.7,-14.53,-7.07,1058.54,30.95,31.44,1305.24,30.1,29.99,1.52,997.06,27.33,-42.64,-42.88,-50.76,-26.01,8.41,142.22,-0.09,-4.32,0.6,-5.2,-10.79,-1.85,-1.39,-1.57,-1.78,29.21,21,2656,644,
280,1,280,879.06,33.42,33.55,1986.91,33.23,32.98,1.59,1742.7,31.39,-33.4,-50.81,-71.37,-28.71,12.14,109.69,-0.12,-14.39,-17.29,-13.18,-7.39,893.76,33.25,33.62,2031.63,33.99,32.99,1.59,1755.18,31.62,-39.96,-47.97,-68.19,-28.48,12.52,112.41,-0.12,-12.59,-16.86,-14.66,-7.64,1065.25,31.08,31.62,1393.56,29.37,30,1.53,1051.88,26,-49.46,-42.5,-52.57,-27.27,8.06,142.61,-0.1,-3.58,0.65,-5.31,-11.81,-1.85,-1.39,-1.6,-1.78,28.89,21,2735,802,
281,1,281,917.51,33.65,33.69,1830.13,37.2,33.03,1.54,1563.64,35.21,-46.26,-48.33,-71.91,-27.08,13.18,107.53,-0.09,-13.81,-16.32,-13.47,-5.82,928.49,33.39,33.39,1814.95,36.1,33.03,1.56,1588.37,35.22,-40.98,-46.17,-68.59,-26.96,13.49,108.7,-0.07,-11.76,-15.49,-14.86,-5.84,1057.62,30.89,31.28,1279.67,29.63,30.01,1.52,1001.07,27.32,-39.93,-42.58,-51.93,-23.92,9,136.64,-0.09,-3.88,0.34,-4.26,-8.51,-1.84,-1.39,-1.58,-1.81,29.46,21,2998,982,
282,1,282,857.76,33.55,33.58,1803.98,36.8,33.03,1.55,1563.14,35.2,-42.14,-55.22,-71.45,-28.3,13.04,106.69,-0.09,-13.58,-16,-13.34,-5.62,875.78,33.45,33.48,1828.19,36.64,33.03,1.56,1576.93,35.45,-40.26,-44.46,-68.83,-27.99,13.34,108.96,-0.07,-11.65,-15.31,-14.68,-5.64,1055.09,30.95,31.34,1323.79,29.01,30.01,1.53,1029.83,26.58,-39.51,-44.87,-53.26,-27.12,8.44,139.53,-0.09,-4.1,0.38,-4.35,-8.07,-1.83,-1.38,-1.55,-1.8,29.06,21,3303,681,
283,1,283,871.45,33.54,33.57,1767.22,37.51,33.03,1.55,1527.11,36.01,-41.5,-57.8,-72,-27.55,13.05,110.88,-0.08,-13.75,-16.13,-13.47,-5.59,888.07,33.35,33.35,1782.79,36.44,33.04,1.57,1571.24,35.69,-38.7,-44.44,-69.42,-27.44,13.2,111.43,-0.06,-11.41,-15.32,-14.83,-5.57,1059.1,30.96,31.36,1313.66,29.39,30,1.53,1020.84,26.74,-40.14,-45.36,-53.14,-25.73,8.65,139.24,-0.09,-3.85,0.53,-4.08,-7.92,-1.85,-1.39,-1.57,-1.81,29.11,21,2958,671,
284,1,284,864.85,33.46,33.61,2017.56,33.16,32.97,1.6,1758.91,31.02,-32.87,-44.58,-71.53,-29.22,12.01,109.85,-0.12,-14.52,-17.49,-13.28,-7.51,880.27,33.23,33.58,2041.46,33.51,32.96,1.6,1764.89,31.29,-39.54,-49.93,-69.36,-28.73,12.47,111.68,-0.12,-12.59,-17.07,-14.78,-7.79,1063.53,31.12,31.61,1375.36,29.71,30,1.53,1035.81,26.42,-49.06,-43.43,-52.21,-27.73,8.29,137.99,-0.09,-3.81,0.51,-5.59,-11.79,-1.87,-1.4,-1.6,-1.79,28.16,21,3259,984,
285,1,285,863.11,33.53,33.61,1946.72,34.34,33.01,1.58,1698,32.38,-33.44,-44.36,-72.37,-29.31,12.33,108.38,-0.1,-14.05,-16.86,-13.06,-7.03,883.6,33.38,33.62,1985.7,34.76,33.03,1.58,1709.43,32.76,-38.56,-48.5,-76.12,-28.67,12.89,109.79,-0.1,-12.39,-16.39,-14.57,-7.26,1072.61,31.07,31.57,1354.82,29.93,30.01,1.52,1014.78,26.98,-46,-42.19,-50.53,-29.5,8.03,143.18,-0.1,-3.68,0.72,-5.47,-11.27,-1.88,-1.41,-1.6,-1.8,28.68,21,2670,674,
291,1,291,813.01,33.55,33.68,1832.53,37.76,33.03,1.53,1583.15,35.62,-42.84,-37.33,-71.74,-27.51,12.66,110.41,-0.08,-11.98,-15.92,-16.23,-9.1,823.93,33.64,33.76,1876.63,38.26,33.02,1.53,1594.69,35.32,-40.71,-47.97,-67.8,-27,12.98,114,-0.09,-10.42,-15.79,-17.51,-9.02,984.94,30.79,31.26,1307,30.07,30.01,1.52,1030.55,27.01,-45.33,-40.47,-51.54,-25.14,8.4,144.71,-0.09,-4.88,1.49,-4.1,-9.85,-1.87,-1.61,-1.93,-1.89,-0.22,21,2363,128600,
292,1,292,824.14,33.59,33.71,1819.4,38.26,33.03,1.52,1563.22,36.06,-43.91,-37.28,-70.76,-28.19,12.61,113.29,-0.08,-11.58,-15.1,-15.99,-8.9,834.36,33.62,33.74,1854.93,38.47,33.02,1.52,1572.86,35.83,-40.27,-47.92,-67.55,-27.55,12.94,114.29,-0.08,-10.19,-15.28,-17.35,-8.84,1001.62,30.72,31.19,1317.82,29.38,30.01,1.53,1044.52,26.69,-47,-38.39,-50.97,-27.2,8.03,149.96,-0.1,-4.62,1.44,-4.31,-9.79,-1.81,-1.58,-1.91,-1.87,-0.22,21,2380,2559,
293,1,293,839.48,33.59,33.7,1805.71,38.47,33.04,1.52,1552.64,36.35,-46.14,-38.12,-70.27,-27.13,12.71,111.75,-0.08,-10.93,-14.6,-15.69,-8.79,848.29,33.59,33.65,1833.14,38.2,33.02,1.53,1562.72,36.08,-40.61,-47.6,-67.78,-26.6,13.05,114.52,-0.07,-10.04,-15.16,-17.15,-8.8,1016.3,30.72,31.13,1299.7,29.35,30.01,1.53,1035.83,26.91,-52.22,-39.38,-51.06,-24.49,8.18,151.43,-0.09,-4.88,1.32,-4.39,-9.95,-1.8,-1.57,-1.89,-1.85,-0.22,21,2443,2593,
294,1,294,853.57,33.58,33.71,1794.05,38.85,33.04,1.51,1530.75,36.88,-47.56,-39.6,-69.01,-27.84,13.2,108.91,-0.08,-11.08,-14.72,-15.84,-8.93,862.86,33.55,33.56,1796.71,38.1,33.03,1.51,1534.41,36.77,-41.77,-46.93,-66.74,-27.28,13.51,111.46,-0.07,-9.98,-14.95,-17.19,-8.88,1012.18,30.76,31.23,1324.03,29.5,30.01,1.52,1049.35,26.56,-49.83,-42.48,-50.88,-26.33,8.7,138.48,-0.09,-4.53,1.44,-4.22,-10,-1.8,-1.58,-1.89,-1.85,-0.22,21,2385,2555,
295,1,295,853.69,33.58,33.7,1815.06,38.34,33.03,1.51,1549.99,36.35,-43.23,-38.77,-69.63,-28.12,13.09,107.3,-0.08,-11.42,-15.07,-15.98,-8.85,862.18,33.59,33.66,1840.16,38.13,33.04,1.52,1571.22,36.01,-40.09,-47.06,-67.24,-27.57,13.37,109.69,-0.07,-10.19,-15.13,-17.29,-8.75,1016.01,30.7,31.18,1339.31,28.83,30.01,1.53,1069.41,26.04,-47.03,-41.34,-50.76,-27.24,8.42,139.56,-0.1,-4.5,1.31,-4.46,-9.75,-1.8,-1.57,-1.9,-1.86,-0.22,21,2413,2577,
296,1,296,835.54,33.6,33.72,1797.53,38.89,33.04,1.51,1535.68,36.79,-46.81,-38.83,-70.18,-27.95,12.98,109.17,-0.08,-11.27,-15.05,-15.83,-8.6,843.7,33.6,33.63,1796.65,38.78,33.01,1.51,1523.2,36.92,-42.36,-48.31,-67.76,-27.11,13.36,110.18,-0.06,-10.22,-15.13,-17.22,-8.55,1000.84,30.76,31.26,1340.18,29.34,30.01,1.53,1062.22,26.25,-47.3,-40.97,-51.41,-26.88,8.25,144.74,-0.1,-4.62,1.46,-4.29,-9.61,-1.83,-1.59,-1.92,-1.88,-0.22,21,2481,2565,
297,1,297,840.32,33.53,33.65,1816.06,37.82,33.03,1.53,1568.88,35.95,-46.12,-37.72,-70.06,-26.94,12.72,111.99,-0.08,-11.4,-14.83,-15.88,-8.78,850,33.62,33.69,1849.25,38.21,33.02,1.53,1574.09,35.83,-41.09,-48.4,-67.64,-26.38,13.01,113.65,-0.07,-10.21,-15.11,-17.26,-8.71,1015.23,30.72,31.22,1344.12,28.98,30.01,1.55,1070.35,26.03,-46.79,-40.86,-51.18,-24.13,7.95,148.44,-0.1,-4.5,1.39,-4.39,-9.7,-1.81,-1.58,-1.91,-1.88,-0.22,21,2344,2547,
298,1,298,857.67,33.56,33.67,1795.4,38.46,33.03,1.52,1538.46,36.61,-44.98,-38.47,-69.87,-28.26,13.13,107.29,-0.08,-11.46,-15.02,-15.98,-8.75,864.05,33.6,33.67,1819.8,38.61,33.03,1.52,1548.24,36.49,-40.82,-48.22,-67.48,-27.54,13.36,108.77,-0.07,-10.11,-15.15,-17.27,-8.65,1012.44,30.81,31.3,1345.19,29.46,30.01,1.53,1057.03,26.38,-42.85,-39.91,-50.72,-27.34,8.41,143.62,-0.1,-4.78,1.43,-4.19,-9.57,-1.83,-1.59,-1.92,-1.89,-0.22,21,2456,2572,
299,1,299,809.83,33.57,33.69,1807.34,38.34,33.03,1.52,1557.74,36.14,-44.7,-37.98,-72.01,-27.33,13.03,107.81,-0.08,-11.69,-15.54,-16.05,-8.97,819.58,33.6,33.71,1833.98,38.64,33.03,1.52,1565.36,36.11,-40.97,-48.02,-67.8,-26.79,13.4,110.02,-0.08,-10.29,-15.52,-17.34,-8.87,970.04,30.71,31.14,1270.61,30.1,30.01,1.51,1008.81,27.6,-47.82,-38.57,-50.85,-24.75,8.93,139.59,-0.09,-4.92,1.6,-4.23,-9.73,-1.81,-1.58,-1.91,-1.87,-0.22,21,2448,2549,
300,1,300,844.47,33.64,33.74,1812.43,38.75,33.03,1.51,1546.12,36.44,-46.42,-39.61,-69.65,-28.49,12.78,110.19,-0.08,-11.99,-15.65,-16.21,-9.13,854.96,33.58,33.63,1833.27,38.01,33.04,1.52,1564.85,36.14,-40.63,-48.31,-67.36,-27.65,13.17,113.67,-0.07,-10.39,-15.58,-17.5,-9.02,1009.6,30.81,31.27,1310.38,30.1,30.01,1.52,1026.67,27.15,-49.47,-42.77,-50.96,-27.95,8.2,145.43,-0.09,-4.4,1.41,-4.17,-10.35,-1.82,-1.58,-1.91,-1.86,-0.22,21,2412,2565,
301,1,301,839.16,33.58,33.7,1796.15,38.73,33.03,1.5,1534.35,36.67,-46.16,-39.18,-70.56,-27.94,13.22,108.01,-0.08,-11.38,-14.88,-15.93,-8.8,849.58,33.57,33.58,1797.83,38.25,33.03,1.51,1534.9,36.74,-42.46,-47.97,-66.99,-27.2,13.52,109.43,-0.06,-10.14,-15.06,-17.27,-8.72,1009.69,30.77,31.23,1309.14,29.84,30.01,1.51,1033.26,26.97,-52.16,-40.66,-50.93,-26.36,8.68,138.27,-0.09,-4.53,1.4,-4.13,-9.9,-1.81,-1.58,-1.9,-1.86,-0.22,21,2394,2559,
302,1,302,807.39,33.61,33.72,1803.09,38.78,33.03,1.51,1548.56,36.37,-44.67,-38.56,-71.1,-27.87,13.2,107.59,-0.08,-12.1,-15.53,-16.1,-8.92,816.63,33.56,33.62,1807.93,38.44,33.02,1.51,1547.5,36.37,-40.97,-48.81,-67.49,-27.09,13.56,109.86,-0.07,-10.41,-15.52,-17.45,-8.83,965.99,30.61,31.14,1323.33,28.87,30.01,1.53,1065.19,26.14,-45.15,-39.27,-51.26,-27.05,8.53,142.74,-0.11,-4.5,1.38,-4.23,-10.03,-1.83,-1.59,-1.92,-1.88,-0.22,21,2490,2568,
303,1,303,804.61,33.59,33.71,1789.84,38.9,33.04,1.51,1540.54,36.67,-43.39,-39.25,-70.9,-27.73,13.22,106.81,-0.08,-11.61,-15.24,-15.98,-8.74,813.96,33.52,33.61,1792.47,38.68,33.04,1.52,1541.4,36.69,-40.88,-47.39,-67.55,-26.96,13.53,108.73,-0.07,-10.22,-15.23,-17.33,-8.64,952.7,30.65,31.22,1314.06,29.61,30.01,1.53,1044.57,26.64,-44.25,-38.46,-50.63,-26.66,8.62,141.08,-0.1,-4.89,1.37,-4.34,-9.86,-1.82,-1.58,-1.92,-1.88,-0.22,21,2478,2566,
304,1,304,830.73,33.58,33.7,1829.41,37.98,33.03,1.52,1574.25,35.83,-41.69,-38.19,-70.08,-28.5,13.06,106.61,-0.09,-11.83,-15.31,-16.05,-8.76,840.53,33.62,33.74,1871.69,38.14,33.04,1.53,1595.61,35.48,-40.89,-48.32,-67.63,-27.79,13.33,108.68,-0.08,-10.37,-15.42,-17.46,-8.7,1012.1,30.82,31.34,1359.33,29.41,30.01,1.52,1067.71,26.13,-45.42,-43.93,-50.91,-27.64,8.31,142.2,-0.1,-4.77,1.5,-4.08,-10.01,-1.87,-1.62,-1.96,-1.92,-0.21,21,2478,2563,
305,1,305,829.97,33.66,33.78,1837.01,38.51,33.04,1.51,1568.85,35.99,-41.44,-39.04,-71.04,-28.31,12.78,109.45,-0.08,-11.61,-15.13,-15.91,-8.75,840.89,33.6,33.69,1841.95,38.31,33.04,1.52,1568.89,36.08,-41.65,-48.52,-67.4,-27.56,13.17,110.67,-0.07,-10.27,-15.24,-17.29,-8.67,1005.23,30.81,31.34,1335.52,30,30.01,1.52,1043.45,26.67,-44.35,-42.21,-51.22,-27.21,8.17,143.98,-0.1,-4.56,1.32,-4.35,-9.9,-1.82,-1.59,-1.92,-1.87,-0.22,21,2396,2545,
306,1,306,811.61,33.62,33.74,1818.96,38.57,33.02,1.51,1557.34,36.12,-43.03,-38.77,-70.5,-27.43,13.16,107.6,-0.09,-11.82,-15.7,-16.04,-8.93,822.02,33.59,33.68,1835.18,38.35,33.04,1.52,1570.51,36.03,-41.11,-47.44,-67.61,-26.95,13.46,109.6,-0.07,-10.24,-15.57,-17.36,-8.81,981.26,30.77,31.24,1306.85,29.97,30.02,1.52,1032.88,27.01,-46.77,-39.93,-51.29,-25.36,8.56,143.32,-0.1,-4.81,1.51,-4.08,-10.07,-1.83,-1.59,-1.92,-1.88,-0.22,21,2400,2566,
307,1,307,842.29,33.57,33.7,1812.35,38.34,33.04,1.52,1553.01,36.33,-47.01,-37.85,-69.19,-27.44,13.06,108.02,-0.08,-11.17,-14.93,-15.82,-8.89,850.71,33.62,33.65,1821.05,38.43,33.04,1.52,1543.9,36.62,-42.1,-47.85,-67.07,-26.83,13.35,110.65,-0.07,-9.95,-15.09,-17.1,-8.79,1009.54,30.7,31.18,1321.54,29.19,30.02,1.53,1054.92,26.46,-49.84,-40.02,-50.84,-24.99,8.48,141.76,-0.1,-4.69,1.41,-4.31,-9.67,-1.8,-1.57,-1.89,-1.86,-0.22,21,2384,2562,
308,1,308,852.24,33.63,33.73,1777.77,39.38,33.03,1.51,1518.47,37.11,-47.27,-41.19,-71.81,-27.3,12.99,111.43,-0.08,-11.95,-15.45,-16.11,-9.08,859.47,33.52,33.52,1779.31,38.2,33.02,1.52,1522.01,36.96,-41.09,-48.11,-67.35,-26.82,13.29,113.52,-0.06,-10.42,-15.53,-17.45,-8.99,1006.91,30.74,31.19,1302.96,29.67,30.01,1.53,1033.83,26.94,-47.36,-40.39,-51.48,-25.06,8.31,147.56,-0.09,-4.91,1.33,-4.47,-10.32,-1.81,-1.58,-1.91,-1.86,-0.22,21,2314,2573,
309,1,309,831.94,33.66,33.77,1806.02,39.1,33.03,1.51,1540.21,36.57,-46.76,-39.29,-70.86,-28.47,13.14,106.64,-0.08,-11.59,-15.51,-16.05,-8.95,841.6,33.55,33.58,1798.73,38.24,33.02,1.52,1532.94,36.74,-41.31,-47.03,-67.35,-27.54,13.51,108.71,-0.07,-10.3,-15.44,-17.38,-8.86,1006.23,30.76,31.2,1292.34,29.98,30.01,1.51,1021.64,27.26,-46.62,-40.62,-51.28,-27.06,8.78,137.31,-0.09,-4.68,1.43,-4.1,-9.97,-1.82,-1.58,-1.91,-1.87,-0.22,21,2288,2597,
310,1,310,818.58,33.58,33.69,1819.71,38.13,33.03,1.53,1567.84,35.97,-42.17,-37.99,-71.15,-28.11,13.08,107.85,-0.08,-11.84,-15.28,-16.05,-8.85,827.96,33.61,33.71,1851.69,38.31,33.02,1.53,1575.78,35.76,-40.77,-48.37,-67.56,-27.4,13.35,109.39,-0.08,-10.33,-15.41,-17.42,-8.78,988.81,30.75,31.21,1304.19,29.77,30.01,1.53,1033.36,26.97,-47.13,-41.48,-51.11,-26.25,8.44,142.71,-0.09,-4.75,1.41,-4.24,-9.93,-1.83,-1.59,-1.92,-1.89,-0.22,21,2435,2607,
311,1,311,841,33.54,33.67,1787.4,38.61,33.02,1.51,1533.55,36.66,-46.09,-38.03,-69.28,-28.16,12.93,110.11,-0.08,-10.83,-14.67,-15.74,-8.69,849.02,33.57,33.63,1795.71,38.76,33.02,1.51,1530.55,36.82,-42.17,-47.49,-67.2,-27.42,13.25,112.19,-0.07,-10.25,-15.14,-17.25,-8.72,1007.15,30.8,31.25,1311.84,29.92,30.02,1.51,1030.56,27.05,-43.97,-39.24,-51.03,-26.85,8.63,140.76,-0.09,-4.84,1.55,-4.1,-9.75,-1.83,-1.6,-1.93,-1.89,-0.22,21,2447,2552,
312,1,312,840.04,33.51,33.64,1783.48,38.42,33.03,1.53,1538.61,36.64,-47.75,-37.66,-71.03,-28.62,13.3,102.59,-0.08,-11.24,-15.15,-15.93,-8.77,847.39,33.57,33.62,1797.39,38.67,33.04,1.52,1538.52,36.79,-41.12,-47.99,-67.41,-27.69,13.57,105.27,-0.07,-10.15,-15.2,-17.23,-8.67,995.92,30.76,31.22,1312.05,29.71,30.01,1.53,1040.12,26.79,-46.07,-42.11,-51.23,-28.25,8.63,137.92,-0.09,-4.7,1.51,-4.05,-9.63,-1.82,-1.58,-1.92,-1.87,-0.22,21,2371,2556,
313,1,313,838.39,33.5,33.62,1782.38,38.28,33.03,1.52,1539.51,36.57,-47.35,-37.22,-70.26,-26.06,12.9,113.36,-0.08,-11.41,-15.32,-15.99,-8.97,847.59,33.59,33.65,1812.12,38.58,33.03,1.52,1551.53,36.43,-40.61,-47.4,-67.44,-25.78,13.06,114.85,-0.07,-10.19,-15.39,-17.27,-8.86,1008.62,30.8,31.23,1298.13,30.1,30.01,1.51,1020.94,27.29,-47.98,-40.73,-50.86,-22.75,8.37,148.57,-0.09,-4.86,1.51,-4.28,-10.03,-1.81,-1.58,-1.9,-1.86,-0.22,21,2326,2565,
314,1,314,824.69,33.65,33.76,1798.68,39.17,33.03,1.51,1539.13,36.57,-46.53,-40.29,-72.14,-27.14,13.05,110.16,-0.08,-11.51,-15.05,-15.88,-8.77,831.25,33.56,33.59,1792.16,38.51,33.03,1.52,1532.41,36.84,-42.59,-49.96,-67.58,-26.54,13.47,112.46,-0.07,-10.16,-15.2,-17.23,-8.66,957.26,30.76,31.24,1284.88,30.43,30,1.51,1010.08,27.51,-44.73,-38.47,-50.67,-24.48,8.76,141.32,-0.09,-4.73,1.4,-4.32,-9.79,-1.81,-1.58,-1.9,-1.87,-0.22,21,2345,2568,
315,1,315,850.76,33.62,33.75,1811.78,38.8,33.03,1.52,1537.59,36.61,-47.04,-39.4,-70.02,-27.78,13.03,108.12,-0.08,-11.48,-14.94,-15.9,-8.85,859.02,33.6,33.61,1802.74,38.43,33.04,1.52,1528.78,36.99,-43.53,-48.85,-67.28,-27.12,13.38,110.29,-0.06,-10.21,-15.13,-17.25,-8.75,1019.13,30.68,31.1,1309.15,28.94,30,1.54,1050.41,26.48,-50.37,-40.55,-50.74,-26.15,8.28,145.69,-0.1,-4.74,1.32,-4.5,-9.99,-1.81,-1.58,-1.89,-1.84,-0.22,21,2323,9433,
316,1,316,851.13,33.54,33.65,1792.68,38.35,33.04,1.52,1543.08,36.6,-47.15,-38.31,-70.35,-27.71,13.05,108.39,-0.08,-11.4,-14.73,-15.8,-8.76,858.13,33.59,33.64,1822.1,38.3,33.03,1.52,1555.32,36.29,-40.19,-48.42,-67.11,-27.29,13.24,110.43,-0.07,-10.15,-15.04,-17.2,-8.69,1017.64,30.72,31.17,1316.11,29.22,30.02,1.53,1051.83,26.58,-45.27,-41.33,-50.8,-25.47,8.28,143.85,-0.09,-4.41,1.35,-4.36,-9.97,-1.8,-1.57,-1.89,-1.85,-0.22,21,2383,2562,
317,1,317,842.47,33.69,33.8,1844.16,38.59,33.03,1.51,1563.96,36.05,-43.54,-38.99,-71.63,-28.25,13.23,105.48,-0.08,-11.61,-14.97,-15.94,-8.55,852.83,33.65,33.69,1843.29,38.27,33.01,1.51,1553.1,36.19,-42.33,-48.24,-67.68,-27.47,13.59,107.17,-0.07,-10.28,-15.21,-17.34,-8.49,1011.77,30.87,31.33,1321.85,30.2,30.01,1.51,1028.29,27.09,-47.05,-39.19,-50.99,-27.02,8.68,139.41,-0.09,-4.92,1.25,-4.47,-9.47,-1.81,-1.57,-1.9,-1.86,-0.22,21,2329,2574,
318,1,318,836.17,33.56,33.69,1818.44,38.16,33.04,1.52,1560.33,36.18,-44.04,-36.45,-71.07,-27.94,12.74,111.74,-0.09,-11.49,-14.85,-15.81,-8.6,847.04,33.66,33.75,1840.08,38.85,33.03,1.51,1556.7,36.28,-41.45,-48.3,-67.58,-27.33,13.08,113.99,-0.07,-10.25,-15.11,-17.22,-8.53,1009.31,30.79,31.25,1316.57,29.79,30,1.52,1034.58,26.86,-43.21,-39.14,-51.35,-26.27,8.28,148.28,-0.09,-4.95,1.32,-4.33,-9.58,-1.82,-1.58,-1.92,-1.88,-0.22,21,2393,2560,
319,1,319,866.74,33.58,33.7,1788.27,38.92,33.04,1.51,1530.15,36.88,-44.22,-38.45,-70.03,-25.41,13.37,108.24,-0.08,-11.14,-14.98,-15.81,-8.7,872.81,33.58,33.58,1785.83,38.54,33.01,1.51,1522.97,36.91,-42.68,-48.02,-67.22,-25.38,13.54,110.18,-0.06,-10.08,-15.16,-17.16,-8.63,1015.7,30.75,31.17,1298.43,29.62,30.02,1.52,1031.7,27.07,-47.67,-40.06,-50.9,-22.11,8.66,144.89,-0.09,-4.77,1.54,-3.99,-9.52,-1.82,-1.6,-1.91,-1.87,-0.22,21,2356,2557,
320,1,320,845.78,33.6,33.72,1809.62,38.6,33.04,1.51,1543.63,36.58,-46.34,-39.44,-69.75,-28.44,12.91,109.37,-0.09,-11.57,-15.28,-16.04,-8.83,854.5,33.6,33.64,1815.16,38.44,33.03,1.51,1539.34,36.67,-41.81,-49.42,-67.3,-27.44,13.31,112.35,-0.07,-10.29,-15.32,-17.34,-8.74,1007.6,30.79,31.3,1335.59,29.68,30.01,1.52,1048.7,26.56,-46.3,-42.76,-50.64,-28.12,8.55,139.4,-0.1,-4.6,1.5,-4.32,-9.63,-1.81,-1.58,-1.9,-1.87,-0.22,21,2319,2554,
321,1,321,842.02,33.67,33.77,1820.81,38.83,33.03,1.52,1552.96,36.31,-43.77,-38.55,-71.8,-28.74,12.83,107.87,-0.08,-11.7,-15.13,-15.99,-8.81,851.54,33.59,33.68,1834.12,38.37,33.04,1.53,1560.11,36.25,-40.21,-48.51,-67.7,-27.72,13.22,110.32,-0.07,-10.2,-15.3,-17.31,-8.71,1004.3,30.78,31.22,1299.8,29.96,30.02,1.52,1026.16,27.23,-43.77,-42.04,-50.91,-27.95,8.15,146.59,-0.09,-4.64,1.34,-4.38,-9.68,-1.82,-1.58,-1.91,-1.87,-0.22,21,2396,2591,
322,1,322,840.46,33.62,33.73,1801.75,38.87,33.02,1.51,1534.95,36.64,-47.12,-39.39,-70.53,-28.61,13.37,103.89,-0.08,-11.6,-15.16,-15.9,-8.78,849.27,33.59,33.63,1815.3,38.36,33.04,1.52,1542.63,36.66,-41.44,-48.42,-67.19,-27.59,13.69,106.7,-0.07,-10.27,-15.23,-17.28,-8.69,1012.34,30.83,31.3,1330.27,29.79,30.02,1.51,1043.36,26.73,-44.62,-42.35,-51.16,-29.02,8.76,136.65,-0.1,-4.61,1.39,-4.33,-9.95,-1.83,-1.59,-1.92,-1.88,-0.22,21,2344,2555,
323,1,323,842.72,33.62,33.73,1803.76,38.81,33.03,1.51,1539.64,36.55,-49.83,-39.59,-70.28,-28.13,13.06,107.9,-0.08,-11.63,-15.15,-16.1,-9.08,852.9,33.57,33.6,1812.42,38.16,33.02,1.52,1546.32,36.4,-40.92,-48.02,-67.13,-27.42,13.35,109.32,-0.07,-10.29,-15.31,-17.42,-8.99,1009.81,30.7,31.16,1305.41,29.41,30.01,1.53,1042.75,26.74,-51.17,-40.44,-51.23,-26.45,8.31,144.23,-0.09,-4.47,1.32,-4.3,-10.29,-1.8,-1.58,-1.9,-1.85,-0.22,21,2424,2582,
324,1,324,843.64,33.56,33.69,1790.26,38.71,33.04,1.52,1529.66,36.91,-48.43,-38.86,-70.39,-28.35,13.02,108.64,-0.08,-11.71,-15.21,-16.05,-8.92,853.82,33.55,33.56,1794.43,38.17,33.03,1.52,1533.18,36.83,-40.65,-47.61,-66.98,-27.49,13.36,111.13,-0.06,-10.16,-15.25,-17.36,-8.82,1015.27,30.7,31.08,1272.27,29.63,30.02,1.52,1014.88,27.47,-52.98,-39.89,-50.58,-27.55,8.89,136.16,-0.08,-4.47,1.41,-4.16,-10.03,-1.8,-1.58,-1.9,-1.86,-0.22,21,2339,2558,
325,1,325,846.54,33.5,33.62,1799.31,37.93,33.01,1.52,1552.6,36.13,-45.29,-36.46,-70.69,-27.94,13.07,106.53,-0.08,-11.96,-15.47,-16.16,-9.1,855.18,33.6,33.68,1829.15,38.48,33.01,1.52,1556.98,36.12,-40.57,-48.36,-67.6,-27.46,13.31,109.58,-0.07,-10.33,-15.51,-17.48,-9.01,1013.08,30.75,31.26,1344,29.22,30.01,1.53,1063.75,26.18,-49.17,-41.54,-50.88,-26.31,8.38,139.97,-0.1,-4.3,1.3,-4.39,-10.32,-1.81,-1.58,-1.91,-1.86,-0.22,21,2328,2588,
