Header Section,,,,,,,,,,,,,,,,,,,,,,,,,,,,,,,,,,,,,,,,,,,,,,,,,,,,,,,,,,,,,,,,,,,,,,,,,
Product,VC7594,,,,,,,,,,,,,,,,,,,,,,,,,,,,,,,,,,,,,,,,,,,,,,,,,,,,,,,,,,,,,,,,,,,,,,,,
Test Plan,Rev(-),,,,,,,,,,,,,,,,,,,,,,,,,,,,,,,,,,,,,,,,,,,,,,,,,,,,,,,,,,,,,,,,,,,,,,,,
Release Date,2013/7/24 17:18,,,,,,,,,,,,,,,,,,,,,,,,,,,,,,,,,,,,,,,,,,,,,,,,,,,,,,,,,,,,,,,,,,,,,,,,
Comment,"201~230 for Rev1.0.6,141~175 Generate in GeradVC7582E4.14.1, 2014/3/6, 231~260 generated in JCETVC7594-31E1.4.1,2014/3/14,301~334 generated in JCET, VC7594E3.4.1",,,,,,,,,,,,,,,,,,,,,,,,,,,,,,,,,,,,,,,,,,,,,,,,,,,,,,,,,,,,,,,,,,,,,,,,
,,,,,,,,,,,,,,,,,,,,,,,,,,,,,,,,,,,,,,,,,,,,,,,,,,,,,,,,,,,,,,,,,,,,,,,,,
Data Section,,,,,,,,,,,,,,,,,,,,,,,,,,,,,,,,,,,,,,,,,,,,,,,,,,,,,,,,,,,,,,,,,,,,,,,,,
Device#,1,2,3,4,5,6,7,8,9,10,11,12,13,14,15,16,17,18,19,20,21,22,23,24,25,26,27,28,29,30,31,32,33,34,35,36,37,38,39,40,41,42,43,44,45,46,47,48,49,50,51,52,53,54,55,56,57,58,59,60,61,62,63,64,65,66,67,68,69,70,71,72,73
Test Item,Site No,Device ID,GSM915 Idle Current,GSM915 Max Pout @ 0dBm Drive,GSM915 Max Pout,GSM915 Max Icc,GSM915 Max PAE,GSM915 Rated Pout,GSM915 Rated Vramp,GSM915 Rated Icc,GSM915 Rated PAE,GSM915 2nd har@33dBm,GSM915 3rd har@33dBm,GSM915 Fwd Isolation 1,GSM915 Fwd Isolation 2,GSM915 CMOS Pout,GSM915 Pout Slope,GSM915 Stress Delta,GSM915 Pout Leakage@RX1,GSM915 Pout Leakage@RX2,DCS1910 Idle Current,DCS1910 Max Pout @ 0dBm Drive,DCS1910 Max Pout,DCS1910 Max Icc,DCS1910 Max PAE,DCS1910 Rated Pout,DCS1910 Rated Vramp,DCS1910 Rated Icc,DCS1910 Rated PAE,DCS1910 2nd har@30dBm,DCS1910 3rd har@30dBm,DCS1910 Fwd Isolation 1,DCS1910 Fwd Isolation 2,DCS1910 CMOS Pout,DCS1910 Pout Slope,DCS1910 Stress Delta,DCS1910 Pout Leakage@RX1,DCS1910 Pout Leakage@RX2,GSM880 Edge Idle Current,GSM880 Edge 27dBm Pout,GSM880 Edge 27dBm Pin,GSM880 Edge 27dBm Icc,GSM880 Edge 27dBm PAE,GSM880 Edge 27dBm Gain,GSM880 Edge 27dBm EVM,GSM880 Edge 27dBm ACPR (-400kHz),GSM880 Edge 27dBm ACPR (+400kHz),DCS1910 Edge Idle Current,DCS1910 Edge 26.5dBm Pout,DCS1910 Edge 26.5dBm Pin,DCS1910 Edge 26.5dBm Icc,DCS1910 Edge 26.5dBm PAE,DCS1910 Edge 26.5dBm Gain,DCS1910 Edge 26.5dBm EVM,DCS1910 Edge 26.5dBm ACPR (-400kHz),DCS1910 Edge 26.5dBm ACPR (+400kHz),TD2025 Idle Current,TD2025 25dBm Pout,TD2025 25dBm Pin,TD2025 25dBm Icc,TD2025 25dBm PAE,TD2025 25dBm Gain,TD2025 25dBm ACLR (-1.6MHz),TD2025 25dBm ACLR (+1.6MHz),TD2025 25dBm ACLR (-3.2MHz),TD2025 25dBm ACLR (+3.2MHz),TD2025 25dBm EVM,Insertion Loss Rx1,Insertion Loss Rx2,Leakage Current,Leakage Current Delay Time,Test Time,Index Time
Low Tolerance,,,60,0.3,0.3,60,,,,60,,2,2,3,2,,,,3,3,60,0.3,0.3,60,,,,60,,3,3,3,3,,,,3,3,60,0,0.5,60,,,1,2,2,60,0,0.5,60,,,1,2,2,60,,0.5,60,,,1.5,1.5,2,2,0.5,0.3,0.3,5,,,
High Tolerance,,,60,0.3,0.3,60,,,,60,,2,2,3,2,,,,3,3,60,0.3,0.3,60,,,,60,,3,3,3,3,,,,3,3,60,0,0.5,60,,,1,2,2,60,0,0.5,60,,,1,2,2,60,,0.5,60,,,1.5,1.5,2,2,0.5,0.3,0.3,5,,,
Enable,,,1,1,1,0,0,0,0,1,0,1,1,0,1,0,0,0,0,0,1,1,1,0,0,0,0,1,0,1,1,0,1,0,0,0,0,0,1,0,1,1,0,0,1,1,1,1,0,1,1,0,0,1,1,1,1,0,1,1,0,0,1,1,1,1,1,1,1,1,0,0,0
1,1,1,813.78,34.18,34.37,1888,41.35,33.02,1.5,1542.72,37.1,-40.07,-43.75,-64.35,-26.91,13.09,111.46,-0.09,-5.77,-15.54,983.3,31.74,32.03,1203.31,37.91,30.02,1.42,880.36,32.57,-45.73,-41.98,-50.63,-25.05,8.98,135.57,-0.08,-13.11,-6.29,761.74,26.93,-5.17,887.59,15.49,32.1,3.87,-65,-64.23,783.13,26.43,-5.47,806.81,15.3,31.9,2.78,-67.28,-67.13,848.93,24.92,-5.61,843.28,10.69,30.52,-41.13,-43.64,-67.53,-67.59,2.33,-1.28,-1.08,0.04,5,0,0
2,1,2,800.96,34.11,34.2,1788.06,42.01,33.03,1.49,1478.66,38.81,-41.76,-42.3,-61.29,-26.77,13.38,107.94,-0.08,-5.75,-15.45,957.28,31.58,32.03,1205.15,37.81,30.03,1.43,886.97,32.44,-48.02,-42.26,-50.57,-27.05,8.8,132.33,-0.08,-12.72,-6.39,739.8,26.93,-5.59,849.67,16.18,32.53,3.81,-65.19,-64.83,764.48,26.42,-4.86,795.99,15.48,31.28,3.08,-66.78,-66.83,828.69,24.93,-5.12,831.08,10.87,30.05,-40.42,-42.94,-68.2,-66.53,2.31,-1.28,-1.08,0.04,5,0,0
3,1,3,806,34.13,34.24,1795.72,42.23,33.02,1.49,1478.98,38.71,-40.74,-41.71,-61.14,-26.83,13.39,105.79,-0.08,-5.54,-15.4,958.07,31.58,32,1198.89,37.74,30.03,1.44,883.39,32.6,-48.64,-41.75,-50.71,-28.14,8.9,129.87,-0.08,-11.53,-6.37,741.01,26.94,-5.65,850.62,16.17,32.59,3.83,-65.38,-64.69,755.02,26.42,-4.89,786.84,15.65,31.31,3.24,-66.74,-66.71,819.02,24.93,-5.12,822.09,11,30.05,-40.05,-42.59,-67.21,-66.38,2.35,-1.28,-1.08,0.04,5,0,0
4,1,4,812.56,34.16,34.17,1757.86,42.42,33.05,1.49,1446.25,39.86,-40.94,-41.73,-61.38,-26.76,13.46,109.16,-0.06,-5.93,-15.21,969.14,31.71,32.06,1205.6,38.07,30.03,1.42,884.02,32.56,-48.25,-43.76,-51.06,-28.31,9.07,129.68,-0.08,-11.89,-6.37,745.84,26.94,-5.95,841.93,16.34,32.89,3.52,-65.86,-65.19,757.1,26.42,-5.2,787.5,15.64,31.62,3.2,-66.39,-66.03,820.19,24.91,-5.46,818.62,11.01,30.37,-40.36,-42.93,-66.54,-67.15,2.3,-1.3,-1.08,0.04,5,0,0
5,1,5,808.6,34.24,34.29,1803.42,42.55,33.02,1.47,1473.93,38.88,-40.4,-43.32,-63.87,-26.86,13.71,104.62,-0.07,-5.82,-15.41,973.89,31.76,32.12,1220.2,38.19,30.05,1.42,889.52,32.46,-46.75,-42.51,-50.82,-27.21,9.1,130.15,-0.08,-11.73,-6.1,744.82,26.93,-5.65,855.05,16.08,32.59,3.63,-65.49,-64.8,775.18,26.43,-5.26,802.58,15.37,31.69,2.87,-67.54,-66.83,839.49,24.91,-5.52,837.35,10.74,30.42,-41,-43.53,-68.45,-66.77,2.31,-1.28,-1.07,0.04,5,0,0
6,1,6,804.6,34.19,34.21,1769.11,42.57,33.03,1.49,1449.9,39.57,-41.14,-42.43,-63.44,-26.81,13.54,107.61,-0.07,-5.61,-15.36,975.24,31.74,32.03,1190.12,38.3,30.04,1.42,869.7,33.14,-45.75,-43.76,-50.59,-26.58,8.86,136.97,-0.07,-12.72,-6.25,758.86,26.94,-5.97,852.08,16.16,32.91,3.26,-66.52,-65.42,725.34,26.43,-5.58,787.87,15.68,32.01,2.97,-66.59,-66.18,826.2,24.94,-5.8,818.54,11.07,30.74,-41.36,-43.86,-68.22,-68.07,2.32,-1.28,-1.07,0.04,5,0,0
7,1,7,817.5,34.22,34.23,1784.46,42.42,33.03,1.49,1459.19,39.37,-40.36,-43.65,-61.6,-26.92,13.4,109.25,-0.07,-5.98,-15.5,975.7,31.72,32.07,1216.94,37.8,30.03,1.43,888.62,32.39,-45.43,-41.97,-50.91,-27.02,8.98,133.4,-0.08,-13.43,-6.73,752.89,26.94,-5.97,852.75,16.13,32.9,3.44,-66.18,-64.9,772.68,26.42,-5.29,800.43,15.41,31.71,2.98,-66.36,-66.57,837.17,24.93,-5.42,836.29,10.81,30.35,-40.46,-43.01,-68.59,-66.77,2.32,-1.29,-1.08,0.04,5,0,0
8,1,8,790.35,34.15,34.29,1832.97,41.9,33.04,1.5,1509.19,38.12,-41.55,-42.9,-64.19,-26.59,13.13,111.31,-0.08,-5.85,-15.68,972.42,31.79,32.13,1229.79,37.9,30.01,1.42,896.36,31.95,-49.99,-42.01,-51.24,-24.77,8.8,137.38,-0.08,-14.67,-6.3,746.84,26.94,-5.24,866.46,15.88,32.18,3.84,-65.15,-64.38,772.32,26.42,-5.3,804.13,15.33,31.72,3.08,-65.99,-65.94,837.25,24.91,-5.53,838.5,10.72,30.44,-40.19,-42.76,-68.72,-66.21,2.31,-1.29,-1.08,0.04,5,0,0
9,1,9,810.35,34.22,34.27,1797.47,42.48,33.03,1.47,1461.72,39.26,-39.59,-42.67,-63.96,-26.68,13.59,106.97,-0.07,-5.33,-15.53,989.94,31.83,32.13,1218.49,38.27,30.02,1.41,876.01,32.8,-47.19,-44.07,-50.79,-27.36,9.01,131.74,-0.07,-12.94,-5.89,761.13,26.94,-5.64,860.26,16.01,32.58,3.43,-65.82,-65.09,777.72,26.43,-5.51,800.91,15.42,31.94,2.78,-66.83,-66.8,842.32,24.94,-5.77,834.9,10.84,30.71,-41.5,-44,-67.46,-67.26,2.3,-1.3,-1.07,0.04,5,0,0
10,1,10,810.62,34.14,34.34,1890.45,41.03,33.02,1.51,1544.27,37.05,-41.26,-43.28,-63.94,-26.94,13.11,109.83,-0.09,-5.72,-15.8,976.9,31.83,32.18,1247.96,37.8,30.04,1.43,905.63,31.86,-49.43,-42.44,-51.19,-27.41,8.64,135.42,-0.08,-13.81,-6.37,760.36,26.93,-5.15,886.03,15.51,32.08,4.11,-64.43,-63.72,755.76,26.41,-5.17,793.59,15.5,31.58,3.45,-65.19,-64.5,817.77,24.93,-5.39,825.39,10.95,30.32,-39.03,-41.69,-66.8,-66.56,2.34,-1.3,-1.09,0.04,5,0,0
11,1,11,817.65,34.19,34.28,1786.32,42.83,33.02,1.49,1461.94,39.16,-41.64,-42.92,-61.33,-26.82,13.03,111.73,-0.07,-5.36,-15.26,970.13,31.74,32.14,1232,37.96,30.03,1.43,898.31,32.01,-51.76,-43.35,-51.18,-25.22,8.5,138.61,-0.08,-12.45,-6.23,750.97,26.94,-5.74,850.41,16.18,32.68,3.58,-65.75,-65.18,768.5,26.42,-5.1,801.71,15.36,31.52,3.15,-66.84,-66.4,833,24.93,-5.35,835.05,10.84,30.29,-40.19,-42.75,-67.52,-67.26,2.31,-1.3,-1.08,0.04,5,0,0
12,1,12,807.75,34.21,34.3,1819.12,42.32,33.03,1.49,1490.33,38.55,-39.76,-42.89,-63.14,-26.3,13.29,109.38,-0.08,-5.99,-15.38,965.23,31.73,32.08,1200.01,38.47,30.01,1.42,873.02,32.83,-47.6,-42.49,-50.53,-23.8,8.72,138.43,-0.07,-12.73,-6.05,746.65,26.93,-5.61,860.14,15.99,32.55,3.83,-65.11,-64.5,776.16,26.43,-5.4,802.62,15.4,31.83,2.75,-66.87,-67.45,841.77,24.92,-5.6,839.18,10.74,30.51,-41.38,-43.85,-68.02,-67.85,2.32,-1.28,-1.08,0.04,5,0,0
13,1,13,813.16,34.16,34.25,1802.96,42.14,33.03,1.49,1482.98,38.7,-41.13,-42.04,-63.22,-26.86,13.43,108.25,-0.07,-5.61,-15.58,972.64,31.77,32.11,1218.19,38.09,30.02,1.42,885.93,32.39,-48.43,-42.43,-50.73,-26.55,8.97,134.98,-0.08,-13.16,-6.27,752.24,26.93,-5.56,858.82,16,32.49,3.54,-65.94,-65.16,766.98,26.43,-5.39,797.34,15.47,31.82,3.06,-66.21,-66.48,832.66,24.92,-5.65,829.55,10.88,30.57,-40.7,-43.23,-68.45,-66.05,2.29,-1.28,-1.08,0.04,5,0,0
14,1,14,807.23,34.19,34.31,1815.9,42.44,33.03,1.5,1489.03,38.55,-41.16,-43.06,-63.89,-26.8,13.26,108.09,-0.08,-5.62,-15.39,961.83,31.82,32.18,1247.89,37.84,30.02,1.43,908.17,31.59,-49.46,-44.92,-51.08,-26.46,8.81,134.83,-0.08,-12.37,-6.08,746.16,26.93,-5.57,858.36,16.02,32.51,3.81,-65.05,-64.48,764.19,26.41,-5.18,803.53,15.31,31.59,3.37,-65.75,-65.47,829.35,24.93,-5.4,836.57,10.8,30.33,-39.35,-41.97,-66.43,-67.5,2.34,-1.28,-1.07,0.04,5,0,0
15,1,15,810.75,34.23,34.27,1787.5,42.73,33,1.46,1459.84,39.08,-40.68,-43.53,-62.03,-27.08,13.97,101.66,-0.07,-5.56,-15.45,978.33,31.71,32.04,1192.83,38.33,30.04,1.4,875.61,32.91,-45.28,-42,-51.05,-26.58,9.8,121.28,-0.07,-12.98,-6.24,748.18,26.94,-5.78,851.62,16.16,32.72,3.49,-65.85,-65.13,796.97,26.44,-5.49,815.83,15.16,31.92,2.48,-67.44,-68.69,864.22,24.92,-5.62,856.51,10.53,30.54,-42.15,-44.57,-67.93,-66.19,2.33,-1.29,-1.08,0.04,5,0,0
16,1,16,800.34,34.25,34.29,1811.02,42.41,33.04,1.48,1478.95,38.86,-39.29,-43.2,-64.59,-26.84,13.38,109.78,-0.07,-5.39,-15.38,978.17,31.82,32.16,1243.22,37.82,30.03,1.42,902.79,31.87,-48.8,-41.85,-51.4,-26.44,8.84,134.51,-0.08,-12.58,-6.14,755.28,26.94,-5.76,862.13,15.96,32.7,3.56,-65.91,-65.07,772.57,26.42,-5.25,804.43,15.31,31.67,3.21,-66.19,-65.64,836.49,24.92,-5.52,837.64,10.76,30.43,-40.01,-42.6,-67.16,-67.3,2.36,-1.29,-1.08,0.04,5,0,0
17,1,17,811.9,34.22,34.26,1802.25,42.29,33.04,1.49,1474.09,38.99,-40.72,-43.29,-63.52,-26.52,13.25,110.99,-0.07,-5.27,-15.5,982.83,31.74,32.03,1189.58,38.32,30.01,1.41,865.33,33.12,-43.73,-41.75,-50.57,-24.92,8.78,138.94,-0.07,-12,-6.09,753.07,26.94,-5.64,860.57,16.01,32.58,3.5,-65.74,-65.07,771.3,26.43,-5.54,792.15,15.59,31.97,2.79,-67.07,-66.92,835.58,24.93,-5.73,827.27,10.93,30.66,-41.52,-44.01,-68.08,-66.68,2.3,-1.29,-1.08,0.04,5,0,0
18,1,18,819.45,34.24,34.32,1818.6,42.53,33.03,1.49,1484.92,38.66,-40.64,-43.1,-62.8,-26.81,13.31,109.23,-0.08,-5.96,-15.44,978.09,31.74,32.08,1221.08,37.79,30.03,1.42,889.92,32.31,-47.89,-42.36,-50.62,-26.99,8.98,133.33,-0.08,-12.41,-6.46,754.8,26.94,-5.71,862.23,15.96,32.64,3.58,-65.87,-64.66,772.5,26.42,-5.23,800.5,15.4,31.65,2.92,-66.82,-67.14,836.9,24.93,-5.32,836.84,10.8,30.25,-40.34,-42.91,-67.62,-67.61,2.33,-1.27,-1.08,0.04,5,0,0
19,1,19,804.67,34.19,34.35,1862.24,41.77,33.03,1.49,1522.37,37.68,-39.94,-42.36,-63.67,-27.03,13.17,111.61,-0.08,-5.71,-15.54,987.82,31.85,32.16,1229.46,38.22,30.05,1.41,887,32.57,-51.73,-44.3,-50.76,-26.84,8.82,136.62,-0.07,-13.08,-5.9,763.29,26.93,-5.31,879.89,15.64,32.24,3.76,-65.24,-64.52,772.68,26.42,-5.46,799.53,15.43,31.89,2.92,-66.35,-66.71,837.26,24.93,-5.74,832.27,10.86,30.67,-40.97,-43.51,-65.78,-66.7,2.31,-1.29,-1.07,0.04,5,0,0
20,1,20,801.86,34.01,34.26,1854.37,41.05,33.03,1.51,1537.2,37.35,-40.29,-41.27,-62.59,-27.01,13.38,107.38,-0.09,-5.63,-15.53,961.31,31.71,32.08,1224.41,37.69,30.03,1.43,894.92,32.12,-46.46,-43.79,-50.69,-27.83,8.9,131.62,-0.08,-13.02,-6.13,745.5,26.93,-5.01,874.6,15.7,31.93,4.23,-64.02,-63.5,752.63,26.41,-5.09,789.72,15.57,31.51,3.41,-65.86,-65.31,815.79,24.93,-5.36,819.93,11.02,30.29,-39.66,-42.27,-67.6,-67.3,2.33,-1.29,-1.08,0.04,5,0,0
21,1,21,814.82,34.16,34.36,1895.43,41.11,33.03,1.5,1555.35,36.91,-40.01,-42.96,-63.8,-27.28,13.3,106.21,-0.09,-5.46,-14.95,987.35,31.86,32.17,1235.89,38.12,30.03,1.42,890.34,32.33,-51.37,-43.74,-50.73,-27.78,8.9,132.04,-0.07,-12.69,-5.6,759.1,26.93,-5.12,887.61,15.49,32.05,4.03,-64.75,-63.9,772.55,26.42,-5.42,800.89,15.4,31.84,3.06,-66.36,-66.45,837.04,24.92,-5.63,835.16,10.79,30.55,-40.41,-42.98,-67.01,-67.59,2.27,-1.29,-1.09,0.04,5,0,0
22,1,22,792.51,34.17,34.29,1834.95,41.83,33.03,1.5,1508.76,38.06,-40.42,-42.63,-63.76,-26.92,13.05,112.82,-0.08,-5.24,-15.6,982.52,31.86,32.19,1245.88,37.94,30.02,1.42,894.93,32.07,-48.77,-42.9,-51.26,-27.43,8.4,138.66,-0.07,-13.09,-5.77,748.67,26.93,-5.32,868.49,15.84,32.26,3.83,-64.88,-64.16,755.97,26.41,-5.26,789.71,15.58,31.68,3.36,-65.89,-65.62,819.28,24.91,-5.53,821.87,10.96,30.44,-39.62,-42.23,-67.63,-67.33,2.32,-1.27,-1.06,0.04,5,0,0
23,1,23,796.25,34.15,34.33,1836.32,42.18,33.03,1.49,1503.56,38.21,-40.22,-43.04,-64.07,-26.75,13.25,108.59,-0.09,-5.44,-15.78,955.18,31.65,32.05,1199.69,38.16,30.04,1.43,880.57,32.76,-50.18,-43.25,-50.54,-26.65,8.77,134.54,-0.08,-14.29,-6.14,744.87,26.93,-5.23,866.64,15.87,32.16,3.89,-65.1,-64.42,752.4,26.42,-5.07,785.9,15.66,31.49,3.24,-66.18,-66.34,814.86,24.93,-5.31,818.23,11.05,30.24,-40.16,-42.71,-68.52,-65.3,2.31,-1.31,-1.09,0.04,5,0,0
24,1,24,820.16,34.19,34.25,1787.59,42.51,33.01,1.49,1462.89,39.06,-40.09,-42.43,-63.4,-26.64,13.37,110.05,-0.07,-5.45,-15.42,971.8,31.86,32.19,1238.7,38.16,30.03,1.42,898.59,31.99,-48.09,-42.84,-50.95,-25.09,8.75,138.56,-0.08,-11.93,-5.83,757.43,26.94,-5.79,856.16,16.09,32.73,3.43,-65.97,-65.33,770.89,26.42,-5.4,803.3,15.35,31.82,3.1,-66.22,-65.8,835.76,24.92,-5.65,836.02,10.79,30.57,-40.26,-42.84,-66.63,-67.99,2.31,-1.3,-1.08,0.04,5,0,0
25,1,25,804.69,34.21,34.37,1868.3,41.84,33.03,1.49,1523.06,37.67,-40.56,-42.37,-63.39,-27.04,13.25,110.06,-0.09,-5.37,-15.56,987.16,31.78,32.07,1205.06,38.16,30.02,1.42,869.31,33.01,-45.69,-42.71,-50.62,-26.79,8.6,137.54,-0.07,-13.04,-5.93,759.4,26.93,-5.31,879.16,15.63,32.24,3.82,-65.2,-64.43,762.28,26.43,-5.5,785.66,15.71,31.93,2.98,-67.09,-66.72,825.48,24.93,-5.7,818.79,11.04,30.63,-41.08,-43.61,-66.6,-67.97,2.3,-1.27,-1.07,0.04,5,0,0
26,1,26,809.11,34.2,34.31,1812.78,42.51,33.03,1.49,1485.76,38.66,-40.91,-43.9,-63.58,-26.84,13.15,110.33,-0.08,-5.67,-15.57,974.74,31.81,32.14,1221.43,38.24,30.04,1.42,887.83,32.46,-47.66,-43.11,-51.02,-26.15,8.7,138.45,-0.07,-12.64,-6.24,748.74,26.93,-5.54,859.37,16,32.47,3.7,-65.39,-64.83,764.43,26.42,-5.36,794.88,15.52,31.78,3.15,-66.26,-66.17,828.4,24.91,-5.56,828.36,10.87,30.47,-40.21,-42.78,-67.06,-66.49,2.33,-1.3,-1.09,0.04,5,0,0
27,1,27,816.39,34.23,34.26,1772.14,43.02,33,1.47,1441.44,39.57,-40.57,-43.29,-62.29,-26.59,13.75,106.61,-0.07,-5.57,-15.34,980.29,31.74,32.06,1209.94,37.96,30.03,1.41,884.89,32.54,-43.45,-41.54,-50.62,-27.73,9.21,131.25,-0.08,-11.16,-6.4,753.32,26.94,-5.95,848.38,16.22,32.89,3.22,-66.27,-65.88,769.07,26.43,-5.31,795.62,15.5,31.73,3.01,-66.78,-66.63,832.93,24.92,-5.48,829.48,10.86,30.39,-40.55,-43.09,-68.19,-66.39,2.37,-1.27,-1.07,0.04,5,0,0
28,1,28,803.89,34.12,34.29,1851.34,41.43,33.03,1.49,1529.37,37.56,-41.05,-42.13,-63.34,-27.23,13.38,106.95,-0.09,-5.68,-15.92,971.18,31.74,32.04,1190.3,38.42,30.02,1.41,868.49,33.06,-45.12,-42.43,-50.88,-25.82,8.98,134.49,-0.07,-14.28,-6.5,743.58,26.93,-5.1,871.79,15.77,32.03,4.17,-64.16,-63.78,767.64,26.43,-5.54,791.01,15.62,31.97,3.03,-66.31,-66.57,832.12,24.93,-5.72,825.66,10.95,30.65,-41.14,-43.63,-68.16,-66.16,2.32,-1.29,-1.08,0.04,5,0,0
29,1,29,804.92,34.21,34.32,1821.62,42.41,33.03,1.49,1491.33,38.53,-41.12,-42.84,-64.01,-26.97,13.54,105.92,-0.08,-5.34,-15.53,983.48,31.82,32.13,1226.48,38.08,30.01,1.41,887.36,32.25,-48.13,-42.55,-51.21,-28.08,9.1,129.95,-0.07,-11.87,-6.21,757.21,26.94,-5.55,866.22,15.91,32.49,3.6,-65.63,-64.97,770.33,26.43,-5.41,797.87,15.47,31.84,3.09,-66.08,-66.04,834.52,24.92,-5.65,831.46,10.85,30.57,-40.45,-43,-67.57,-65.8,2.33,-1.31,-1.08,0.04,5,0,0
30,1,30,820.34,34.25,34.32,1828.21,42.28,33.04,1.48,1490.2,38.59,-40.49,-43.3,-64.52,-26.34,12.95,115.3,-0.07,-5.91,-15.5,992.33,31.86,32.15,1223.55,38.33,30.02,1.41,885.45,32.45,-47,-43.04,-50.38,-24.4,8.58,142.42,-0.07,-12.04,-6.03,763.61,26.94,-5.57,870.19,15.82,32.51,3.53,-65.67,-65.15,781.3,26.43,-5.54,807.26,15.3,31.98,2.77,-66.55,-66.86,846.42,24.93,-5.72,840.89,10.75,30.65,-41.1,-43.63,-68.75,-65.92,2.33,-1.3,-1.08,0.04,5,0,0
88,1,88,862.92,34.01,34.06,1847.56,39.39,33.02,1.54,1595.97,35.3,-40,-41.3,-66.72,-27.68,12.79,109.98,-0.08,-18.95,-21.53,1030.9,31.43,31.83,1303.7,33.44,30.04,1.47,1005.4,28.88,-39.84,-43.04,-56.48,-27.08,8.22,141.14,-0.09,-6.93,0.75,757.68,26.94,-5.08,872.03,15.07,32.1,3.63,-63.63,-62.07,778.51,26.4,-4.28,840.76,14.07,30.35,3.25,-64.55,-62.75,833.61,24.92,-5.02,884.22,10.04,29.36,-39.96,-42.56,-66.2,-68.33,2.61,-1.56,-1.3,0.22,5,2115,22261.66667
89,1,89,872.32,33.97,34,1848.94,38.85,33.02,1.55,1601.56,35.21,-40.53,-40.53,-63.6,-27.28,13.11,109.67,-0.08,-18.55,-20.53,1005.21,31.19,31.55,1245.31,32.77,30.04,1.48,981.6,29.59,-40.23,-45.38,-56.15,-26.94,8.63,139.74,-0.08,-7.01,0.96,744.87,26.94,-5.29,865.42,15.19,32.32,3.59,-63.29,-62.17,759.99,26.44,-4.42,821.03,14.5,30.53,3.37,-64.79,-63.56,813.09,24.92,-5.11,865.07,10.26,29.45,-40.22,-42.77,-66.79,-67.86,2.57,-1.55,-1.3,0.04,5,2168.666667,13910
90,1,90,921.86,33.95,34.04,1919.37,37.75,33.03,1.55,1648.13,34.28,-39.4,-41.34,-65.61,-27.65,12.76,112.43,-0.07,-19.09,-21.47,1060.4,31.43,31.83,1322.01,32.96,30.03,1.46,1020.53,28.47,-39.99,-44.21,-56.31,-29.16,8.22,140.34,-0.09,-7.37,0.57,791.57,26.93,-4.81,914.17,14.44,31.83,3.79,-63.46,-61.71,784.09,26.43,-4.29,847.61,14.06,30.39,3.52,-64.42,-62.26,834.61,24.92,-5.05,889.33,9.97,29.39,-39.46,-42.09,-67.59,-66.29,2.55,-1.56,-1.31,41100.2,5,2193.333333,14168
91,1,91,868.02,33.95,34.05,1847.5,39.28,33.01,1.55,1599.57,35.16,-39.56,-40.97,-66.86,-27.68,12.9,109.35,-0.08,-18.94,-21.67,1027.26,31.29,31.68,1244.14,33.78,30.03,1.47,968.24,29.97,-43.64,-41,-55.79,-27.18,8.17,144.97,-0.08,-7.77,0.66,757.38,26.93,-4.91,872.47,15.04,31.93,3.63,-63.53,-62.29,764.69,26.42,-4.33,817.75,14.49,30.42,3.39,-65.2,-63.2,817.49,24.92,-5.1,860.49,10.31,29.44,-40.38,-42.94,-67.25,-67.71,2.54,-1.56,-1.3,-0.01,5,2156.333333,16482.66667
92,1,92,854.28,34,34.1,1884.02,39.01,33.02,1.54,1619.28,34.78,-39.29,-41.01,-67.8,-27.08,13.09,109.41,-0.09,-18.64,-21.32,996.96,31.37,31.81,1281.65,33.8,30.03,1.45,990.62,29.26,-41.05,-42.37,-55.47,-26.51,8.75,138.25,-0.09,-7.96,0.77,740.46,26.93,-5.04,870.52,15.08,32.06,3.76,-63.05,-61.54,762.21,26.41,-4.34,831.05,14.23,30.42,3.09,-64.85,-63.41,816.5,24.93,-5.11,874.74,10.16,29.45,-40.31,-42.91,-65.63,-68.28,2.57,-1.59,-1.31,0.09,5,2119.333333,10193.33333
93,1,93,873.12,33.97,33.96,1792.44,39.65,33.04,1.53,1567.36,36.07,-39.82,-40.72,-66.32,-27.26,13.15,108.74,-0.07,-18.69,-21.64,1041.7,31.38,31.79,1290.86,33.45,30.04,1.47,997.08,29.13,-39.64,-41.5,-56.19,-26.52,8.4,139.75,-0.09,-7.66,0.53,763.77,26.94,-5.57,861.27,15.27,32.6,3.2,-64.72,-62.47,792.63,26.43,-4.22,845.74,14.06,30.32,2.96,-65.75,-63.79,848.23,24.92,-4.95,893.24,9.94,29.29,-40.85,-43.4,-66.83,-68.96,2.59,-1.55,-1.3,11494.78,5,2190,13611.33333
94,1,94,864.06,33.88,34.05,1940.29,37.45,33.02,1.57,1680.36,33.58,-39.92,-41.6,-65.04,-28.1,12.79,107.39,-0.1,-18.97,-21.04,1026.42,31.32,31.71,1269.62,33.36,30.03,1.47,984.63,29.42,-39.18,-44.42,-56.28,-30.22,8.54,134.91,-0.08,-7.08,0.57,757.11,26.93,-4.41,902.03,14.56,31.42,4.25,-62.41,-60.95,763.74,26.4,-4.32,823.01,14.34,30.39,3.43,-64.26,-62.55,816.58,24.92,-4.98,866.19,10.24,29.32,-39.67,-42.26,-66.44,-67.07,2.57,-1.56,-1.31,-0.1,5,2163.666667,13095.66667
97,1,97,872.55,33.99,34.05,1853.91,39.19,33.02,1.54,1601.41,35.17,-40.48,-41.24,-64.24,-27.77,12.86,109.31,-0.08,-18.92,-21,1035.73,31.4,31.76,1264.79,33.91,30.03,1.46,970.72,29.91,-39.03,-43.65,-55.75,-30.14,8.43,138.05,-0.08,-7.88,0.51,763.68,26.93,-4.97,879.52,14.94,31.99,3.53,-63.83,-62.4,766.12,26.4,-4.45,819.36,14.41,30.53,3.16,-65.53,-63.49,818.41,24.93,-5.12,864.04,10.28,29.46,-40.34,-42.95,-66.83,-68.56,2.56,-1.55,-1.3,0.07,5,2146.666667,12916.66667
98,1,98,875.49,33.97,34.05,1870.46,38.8,33.03,1.55,1621.42,34.81,-40.1,-40.78,-64.28,-27.65,12.97,109.93,-0.09,-18.37,-20.28,1021.33,31.28,31.65,1256.5,33.28,30.03,1.47,977.87,29.66,-40.58,-44.82,-56.26,-27.9,8.39,140.59,-0.08,-7.14,0.85,757.11,26.94,-5,878.94,14.96,32.02,3.71,-63.68,-62.06,755.31,26.4,-4.32,813.46,14.52,30.4,3.39,-64.66,-63.54,806.95,24.92,-5.08,853.42,10.4,29.42,-40.22,-42.78,-66.98,-68.06,2.59,-1.53,-1.3,0,5,2160.666667,12721.33333
99,1,99,868.27,34.03,34.11,1877.07,39.25,33.01,1.54,1605.95,35.03,-39.06,-41.44,-66.73,-27.49,12.9,109.89,-0.08,-19.14,-21.22,1027.97,31.44,31.82,1288.75,33.67,30.04,1.47,989.22,29.38,-41.27,-46.14,-55.95,-30.67,8.33,138.21,-0.08,-6.9,0.48,765.04,26.94,-4.91,883.16,14.89,31.93,3.54,-63.72,-62.16,746.69,26.43,-4.32,814.25,14.6,30.43,3.66,-63.96,-62.35,796.7,24.92,-5.09,851.81,10.41,29.43,-39.21,-41.83,-66.71,-67.07,2.59,-1.56,-1.31,18.91,5,2120.666667,10078.66667
101,1,101,864.04,34.02,34.05,1839.66,39.42,33.03,1.54,1590.19,35.53,-39.5,-40.96,-66.61,-27.69,13.3,105.51,-0.08,-18.61,-21.18,1023.73,31.39,31.77,1274.65,33.71,30.04,1.46,982.45,29.6,-39.34,-42.34,-56.04,-29.21,8.81,133.03,-0.09,-7.29,0.6,752.82,26.94,-5.23,868.4,15.13,32.25,3.66,-63.71,-61.76,766.92,26.4,-4.43,824.33,14.33,30.5,3.17,-65.09,-63.46,820.19,24.92,-5.1,868.55,10.21,29.43,-40.2,-42.78,-66.7,-69.21,2.6,-1.56,-1.31,0.11,5,2115.666667,9203.333333
102,1,102,1112.77,33.69,33.68,2106.79,31.62,32.96,1.59,1856.5,29.98,-40.65,-40.61,-63.9,-25.83,10.53,146.82,-0.05,-18.43,-20.46,1252.83,31,31.41,1490.23,26.54,30.01,1.52,1250.83,23.03,-40.82,-45.41,-56.24,-22.11,5.82,181.36,-0.09,-7.45,0.93,992.15,26.93,-4.87,1119.06,11.91,31.88,3.93,-62.82,-61.74,940.71,26.42,-3.46,1026.79,11.68,29.56,5.22,-62.29,-60.73,984.94,24.93,-4.21,1063.1,8.36,28.56,-36.84,-39.31,-65.89,-64.37,2.59,-1.57,-1.31,120210.53,5,2147.666667,10408.66667
103,1,103,853.45,34.04,34.08,1840.9,39.73,33.03,1.54,1582.37,35.65,-39.06,-41.01,-66.46,-27.34,12.84,114.33,-0.08,-18.7,-21.42,1015.62,31.37,31.81,1304.12,33.24,30.03,1.48,1007.62,28.76,-38.83,-43.04,-56.39,-26.73,8.17,143.44,-0.09,-7.14,0.65,747.01,26.94,-5.23,863.89,15.2,32.25,3.75,-63.47,-62.05,756.96,26.44,-4.02,827.78,14.39,30.14,3.74,-63.56,-61.56,810,24.91,-4.82,867.68,10.21,29.15,-39.02,-41.63,-66.36,-66.95,2.56,-1.56,-1.3,0.04,5,2186.666667,9102
104,1,104,870.21,34.04,34.08,1856.29,39.36,33.03,1.53,1594.62,35.4,-39.42,-40.99,-66.41,-27.06,13.18,108.39,-0.08,-18.74,-21.18,1018.72,31.37,31.76,1288.29,33.28,30.04,1.47,998.23,29.11,-39.63,-43.94,-56.08,-27.86,8.5,141.27,-0.09,-7.51,0.79,752.58,26.94,-5.22,871.28,15.09,32.24,3.4,-63.75,-62,761.02,26.45,-4.26,829.86,14.39,30.39,3.46,-64.21,-62.27,806.5,24.92,-5.03,869.11,10.21,29.36,-39.73,-42.31,-66.52,-67.05,2.57,-1.56,-1.3,0.02,5,2193.333333,10937.33333
105,1,105,859.11,33.98,34.07,1869.18,39,33.02,1.55,1616.35,34.85,-39.7,-40.54,-65.9,-27.7,13.04,106.09,-0.08,-18.33,-20.75,1016.49,31.31,31.7,1249.64,33.81,30.03,1.46,969.62,29.9,-41.39,-43.88,-56.02,-28.11,8.79,134.23,-0.08,-7.27,0.73,750.79,26.93,-4.99,873.02,15.03,32.01,3.91,-63.13,-61.7,763.95,26.42,-4.4,818.22,14.48,30.49,3.2,-65.53,-63.77,817.69,24.92,-5.11,862.57,10.29,29.45,-40.67,-43.23,-67.1,-68.63,2.58,-1.57,-1.31,0.16,5,2206,8158.333333
106,1,106,871.3,34.05,34.06,1809.42,40.19,33.04,1.52,1562.17,36.24,-39.77,-40.75,-66.86,-27.74,13.3,107.26,-0.07,-18.2,-21.26,1042.63,31.45,31.87,1317.11,33.35,30.03,1.46,1015.14,28.54,-40.69,-44.28,-56.51,-27.48,8.49,137.85,-0.09,-6.85,0.8,763.84,26.94,-5.35,861.35,15.24,32.38,3.17,-64.65,-62.56,789.45,26.44,-4.12,853.84,13.98,30.23,3.4,-64.84,-62.4,845.4,24.92,-4.92,896.9,9.89,29.26,-39.82,-42.41,-66.77,-67.85,2.55,-1.61,-1.32,0.13,5,2123,9053
107,1,107,874.3,33.96,34.07,1867.18,39.05,33.03,1.53,1616.01,34.97,-39.27,-40.72,-66.37,-27.89,13.12,106.94,-0.08,-18.89,-21.35,1035.4,31.3,31.73,1280.83,33.21,30.03,1.47,997.01,29.11,-39.88,-42.23,-56.19,-30.1,8.56,136.66,-0.1,-7.7,0.66,767.88,26.93,-4.93,880.45,14.92,31.95,3.57,-63.91,-62.17,771.12,26.45,-4,833.36,14.33,30.12,3.61,-64.39,-62.28,824.24,24.91,-4.81,874.38,10.13,29.14,-39.68,-42.24,-67.04,-66.83,2.56,-1.58,-1.32,0.13,5,2119.666667,10891
108,1,108,871.8,33.99,34.06,1844.33,39.46,33.03,1.53,1592.49,35.43,-39.17,-40.6,-65.17,-27.44,13.32,103.16,-0.08,-18.52,-21.43,1030.61,31.27,31.71,1257.61,33.7,30.03,1.46,976.7,29.72,-42.18,-41.35,-55.84,-30.08,8.99,128.37,-0.08,-7.01,0.47,761.63,26.94,-5.18,870.09,15.1,32.21,3.49,-64.18,-62.34,776.04,26.42,-4.16,828.85,14.3,30.24,3.18,-65.12,-63.4,830.3,24.93,-4.87,875.73,10.14,29.21,-40.54,-43.09,-67.21,-67.89,2.54,-1.54,-1.3,0.04,5,2118,9377
109,1,109,883.6,33.93,34,1847.28,38.82,33.02,1.55,1609.45,35.04,-40.79,-41.21,-63.11,-28.2,13.06,107.01,-0.09,-18.95,-20.64,1034.44,31.25,31.59,1242.97,33.12,30.02,1.47,973.7,29.74,-40.5,-46.86,-56.43,-27.19,8.5,138.29,-0.08,-6.73,0.74,765.62,26.94,-4.93,880.23,14.93,31.95,3.59,-64.01,-62.23,780.78,26.4,-4.48,828.86,14.26,30.56,3.11,-65.32,-64.08,835.16,24.93,-5.14,876.5,10.14,29.49,-40.76,-43.31,-67.03,-67.6,2.57,-1.54,-1.31,0.03,5,2138.666667,9098.666667
110,1,110,875.09,33.94,34.05,1875.35,38.72,33.03,1.54,1627.11,34.68,-39.87,-40.67,-66.22,-27.96,12.7,111.19,-0.09,-19.03,-21.73,1042.14,31.33,31.75,1278.27,33.44,30.04,1.47,988.57,29.38,-43.04,-42.37,-56.17,-29.17,8.45,139.75,-0.08,-7.54,0.6,769.01,26.94,-4.78,885.83,14.86,31.81,3.61,-63.74,-62.22,776.15,26.45,-4.14,831.85,14.36,30.26,3.53,-64.29,-63.15,829.55,24.93,-4.97,874.93,10.15,29.31,-40.26,-42.82,-66.3,-67.82,2.52,-1.56,-1.3,0.17,5,2156.333333,8945
111,1,111,906.02,33.91,33.87,1767.7,39.36,33.04,1.55,1554.56,36.38,-40.39,-41.37,-62.58,-27.99,13.03,110.82,-0.07,-18.44,-20.35,1039.72,31.27,31.67,1274.43,32.92,30.03,1.48,994.49,29.18,-43.38,-44.68,-56.22,-28.45,8.28,140.8,-0.09,-7.48,0.83,768.7,26.94,-5.65,856.45,15.35,32.68,2.99,-64.79,-62.57,776.47,26.45,-4.18,832.19,14.35,30.3,3.52,-64.49,-63.54,830.54,24.92,-4.83,879.81,10.07,29.16,-39.85,-42.45,-66.97,-68.1,2.55,-1.55,-1.3,0.18,5,2184.666667,77766.66667
112,1,112,866.92,34.09,34.12,1832.09,40.27,33.03,1.52,1561.07,36.16,-39.22,-40.72,-68.13,-27.2,13.21,109.5,-0.08,-18.35,-21.63,1022.2,31.44,31.84,1289.35,33.87,30.03,1.46,987.24,29.36,-42.25,-43.38,-55.81,-28.64,8.42,141.58,-0.08,-7.3,0.69,757.23,26.94,-5.43,862.62,15.23,32.45,3.29,-64.05,-62.4,755.02,26.45,-4.3,820.22,14.55,30.42,3.48,-64.36,-62.72,806.78,24.92,-5.14,857.59,10.35,29.48,-39.85,-42.47,-66.52,-68.15,2.52,-1.59,-1.31,0.18,5,2123,8674.666667
113,1,113,868.15,33.97,34,1817.06,39.5,33.03,1.54,1578.93,35.8,-39.7,-41.29,-65.9,-27.17,13.1,109.01,-0.08,-19.1,-22.05,1027.9,31.42,31.85,1299.56,33.67,30.04,1.46,995.27,29.19,-42.15,-41.85,-56.21,-27.23,8.27,141.63,-0.09,-7.31,0.93,757.34,26.94,-5.36,863.07,15.23,32.39,3.21,-64.49,-62.75,769.34,26.43,-4.13,830.39,14.33,30.24,3.25,-64.94,-62.95,822.73,24.92,-5.01,871.78,10.19,29.35,-40.27,-42.88,-66.86,-68.6,2.54,-1.58,-1.31,0.19,5,2159.333333,18863.33333
114,1,114,873.38,33.98,34.04,1862.95,38.88,33.02,1.54,1616.25,34.89,-40.32,-40.95,-64.02,-27.98,12.95,109.03,-0.08,-18.8,-20.78,1032.58,31.29,31.65,1246.12,33.49,30.04,1.46,966.72,30.06,-40.03,-43.89,-56.24,-27.65,8.47,139.82,-0.08,-7.05,0.93,747,26.93,-5.01,871.07,15.06,32.02,3.91,-62.89,-61.73,767.56,26.41,-4.54,815.61,14.49,30.62,3.15,-65.76,-64.48,820.69,24.93,-5.19,862.82,10.31,29.54,-40.71,-43.29,-66.6,-68.23,2.56,-1.56,-1.31,-0.05,5,2147.333333,9352.333333
115,1,115,861.23,33.98,34,1806.24,39.74,33.02,1.54,1562.74,36.06,-39.2,-41.26,-65.54,-27.3,13.07,108.99,-0.07,-18.68,-21.73,1027,31.32,31.75,1287.27,33.23,30.03,1.48,1002.83,28.92,-42.09,-38.85,-55.85,-27.05,8.38,141.52,-0.09,-6.77,0.46,758.93,26.94,-5.33,860.46,15.28,32.36,3.09,-64.5,-62.46,776.12,26.43,-3.96,838.86,14.2,30.07,3.34,-64.46,-62.99,830.59,24.91,-4.72,882.22,10.04,29.05,-39.85,-42.41,-67.45,-66.98,2.56,-1.52,-1.29,0.09,5,2173,12329.66667
116,1,116,871.82,33.99,34.12,1859.03,39.67,33.03,1.54,1599.6,35.28,-39.94,-41.28,-66.19,-28.1,12.73,110.47,-0.09,-19.1,-21.71,1036.89,31.44,31.81,1273.54,34.03,30.03,1.46,977.29,29.7,-40.43,-43.67,-56.21,-29.53,8.32,139.6,-0.08,-6.84,0.41,765.91,26.93,-4.7,880.04,14.93,31.72,3.6,-63.83,-62.15,771.15,26.42,-4.38,827,14.35,30.48,3.14,-65.28,-63.61,823.89,24.92,-5.05,871.69,10.18,29.39,-40.16,-42.74,-67.41,-67.75,2.56,-1.56,-1.3,0.06,5,2180.666667,9724
117,1,117,860.88,34.09,34.16,1868.24,39.81,33.02,1.53,1592.44,35.4,-38.94,-40.87,-67.12,-27.17,13.22,107.88,-0.08,-18.72,-21.48,986.74,31.46,31.88,1297.53,33.94,30.03,1.45,991.91,29.2,-39.14,-41.6,-56.06,-27.49,8.8,134.12,-0.08,-7.28,0.57,736.36,26.94,-5.18,862.71,15.23,32.21,3.85,-63.27,-61.53,751.73,26.43,-4.46,824.22,14.43,30.56,3.29,-64.43,-62.73,804.53,24.92,-5.18,867.91,10.22,29.52,-39.68,-42.31,-66.85,-68.02,2.56,-1.57,-1.31,0.01,5,2126.666667,8500
118,1,118,883.91,33.96,34.04,1866.62,38.77,33.02,1.54,1619.11,34.83,-40.7,-42.21,-63.63,-27.9,12.87,110.21,-0.09,-19.13,-20.92,1034.46,31.3,31.67,1272.68,33.01,30.04,1.48,992.32,29.28,-37.68,-44.3,-56.39,-27.01,8.39,141.11,-0.09,-6.74,0.58,767.68,26.94,-4.93,882.8,14.9,31.95,3.56,-63.79,-62.1,781.02,26.42,-4.32,836.57,14.2,30.42,3.18,-64.91,-63.57,836.1,24.93,-5,882.4,10.07,29.34,-40.34,-42.88,-67.3,-67.2,2.53,-1.54,-1.31,0.04,5,2140.666667,10684
119,1,119,869.23,33.96,33.98,1796.64,39.81,33.03,1.53,1557.12,36.23,-40.3,-40.33,-65.23,-27.09,13.67,100.96,-0.08,-19.03,-21.37,1023.24,31.34,31.7,1252.29,33.77,30.04,1.46,971.73,29.93,-40.17,-42.66,-56.19,-30.19,9.18,125.31,-0.08,-7.03,0.79,757.16,26.94,-5.33,855.28,15.35,32.36,3.25,-64.65,-62.86,766.09,26.42,-4.46,821.68,14.42,30.55,3.12,-65.16,-63.68,820.32,24.93,-5.14,866.02,10.26,29.48,-40.45,-43,-67.62,-67.53,2.53,-1.55,-1.3,0.09,5,2173.333333,9326.666667
120,1,120,873.86,33.91,34.05,1898.36,38.25,33.01,1.55,1648.29,34.13,-40.47,-40.15,-64.53,-28.02,12.9,106.55,-0.1,-18.85,-21.32,1036.36,31.25,31.64,1269.32,32.85,30.03,1.48,995.63,29.12,-40.45,-44.38,-56.49,-29.97,8.55,135.42,-0.09,-6.73,0.7,765.58,26.93,-4.64,890.92,14.75,31.65,3.82,-63.3,-62.19,770.85,26.43,-4.05,830.99,14.32,30.16,3.49,-64.73,-62.91,824.55,24.92,-4.87,872.13,10.17,29.21,-39.89,-42.42,-67.36,-66.47,2.52,-1.53,-1.3,0.01,5,2121.333333,8351.333333
121,1,121,876.56,34.02,34.08,1863.1,39.19,33.03,1.54,1607.75,35.11,-40.15,-41.13,-65.97,-27.71,12.76,113.05,-0.08,-18.71,-21.22,1037.61,31.41,31.81,1289.74,33.59,30.03,1.46,988.02,29.32,-42.34,-42.89,-56.36,-27.72,8.03,146.23,-0.08,-7.83,0.64,767.96,26.94,-5.05,882.84,14.9,32.07,3.45,-63.99,-62.12,773.73,26.42,-4.3,831.14,14.27,30.39,3.25,-64.79,-63.59,827.44,24.92,-5.06,874.9,10.14,29.39,-40.19,-42.77,-66.28,-66.88,2.55,-1.56,-1.31,0.07,5,2117.333333,9727
122,1,122,862.05,33.95,34.08,1911.08,38.22,33.02,1.54,1652.61,34.09,-40.54,-41.61,-64.5,-27.76,13.15,107,-0.1,-18.82,-20.98,1026.78,31.37,31.81,1310.26,33.09,30.04,1.46,1015.44,28.59,-39.11,-44.98,-56.38,-29.36,8.7,132.57,-0.1,-7.03,0.9,751.89,26.93,-4.65,889.08,14.77,31.66,3.96,-62.44,-61.55,771.88,26.44,-4.13,839.65,14.21,30.25,3.65,-63.98,-62.21,826.38,24.92,-4.92,881.63,10.06,29.26,-39.21,-41.83,-66.79,-67.5,2.54,-1.56,-1.32,0.01,5,2160.333333,8875.666667
123,1,123,854.47,33.95,34.13,1955.61,37.78,33.04,1.56,1679.58,33.7,-40.28,-41.83,-66.87,-28.1,12.88,107.33,-0.1,-19.6,-21.48,1023.87,31.44,31.8,1272.47,33.98,30.01,1.45,971.43,29.72,-40.22,-45.01,-56.37,-28.97,8.4,139.89,-0.08,-6.88,0.51,751.8,26.93,-4.3,904.33,14.54,31.31,4.19,-62.18,-60.84,760.13,26.42,-4.44,819.56,14.47,30.53,3.33,-64.23,-63.06,812.94,24.92,-5.23,861.81,10.3,29.57,-39.92,-42.53,-67.35,-67.51,2.56,-1.55,-1.3,0.16,5,2144.333333,12053
124,1,124,872.48,33.98,34.01,1815.69,39.57,33.05,1.53,1581.75,35.84,-39.99,-40.92,-66.04,-27.56,13.35,105.58,-0.08,-18.65,-20.79,1022.38,31.33,31.73,1269.13,33.54,30.03,1.45,984.9,29.46,-40.8,-42.82,-56.06,-28.77,8.9,133.37,-0.09,-7.82,0.44,751.07,26.94,-5.41,856.17,15.33,32.43,3.47,-64.1,-62.25,767.76,26.4,-4.27,826.28,14.3,30.34,3.16,-64.91,-63.48,822.17,24.92,-4.93,870.51,10.19,29.27,-40.18,-42.73,-66.46,-67.77,2.56,-1.55,-1.31,0.14,5,2140.666667,8540.333333
125,1,125,867.27,34.06,34.15,1879.1,39.55,33.03,1.52,1607.7,35.09,-39.83,-41.36,-66.37,-27.68,13.17,106.88,-0.08,-18.98,-21.78,1022.65,31.48,31.9,1302.38,33.99,30.04,1.46,993.1,29.28,-41.39,-44.5,-56.04,-28.55,8.59,136.97,-0.08,-6.44,0.48,756.38,26.94,-4.93,876.27,15,31.95,3.63,-63.45,-62.01,758.54,26.43,-4.33,824.02,14.43,30.43,3.5,-64.06,-62.4,810.62,24.92,-5.11,864.84,10.26,29.45,-39.51,-42.13,-66.91,-66.58,2.53,-1.56,-1.31,-0.02,5,2185,18221.33333
126,1,126,860.08,34.05,34.1,1854.05,39.61,33.02,1.54,1587.96,35.47,-38.41,-40.75,-67.93,-27.16,13.25,107.54,-0.08,-18.69,-21.64,1014.42,31.41,31.87,1307.05,33.65,30.03,1.47,998.54,29.06,-43.11,-42.52,-55.76,-29.22,8.64,134.92,-0.09,-7.33,0.78,752.72,26.93,-5.28,869.09,15.11,32.3,3.61,-63.7,-61.87,762.05,26.44,-4.17,830.16,14.37,30.29,3.5,-64.26,-62.44,814.14,24.92,-5.03,870.68,10.18,29.36,-39.71,-42.34,-67.31,-66.24,2.57,-1.59,-1.32,0.1,5,2158.333333,10961
127,1,127,863.95,33.99,34.05,1837.6,39.49,33.02,1.55,1584.26,35.54,-39.16,-41.53,-65.46,-27.69,13.08,108.34,-0.08,-18.81,-21.24,1026.18,31.33,31.75,1294.57,33.03,30.03,1.48,1008.22,28.78,-39.99,-44.83,-56.38,-27.78,8.16,141.95,-0.09,-6.92,0.64,757.83,26.93,-5.1,869.05,15.11,32.12,3.64,-63.67,-62.29,768.13,26.45,-4.05,835.31,14.3,30.17,3.62,-64.1,-62.25,821.87,24.92,-4.87,875.24,10.13,29.2,-39.48,-42.05,-66.73,-67.17,2.55,-1.56,-1.31,0.18,5,2135.666667,8425.333333
128,1,128,858.42,33.95,34.14,1975.41,37.5,33.04,1.56,1685.8,33.56,-39.77,-40.62,-67.1,-27.1,12.77,110.9,-0.09,-19.43,-21.48,1013.49,31.42,31.81,1279.66,33.85,30.02,1.46,984.72,29.4,-40.45,-45.18,-55.97,-24.53,8.58,143.39,-0.09,-6.63,0.51,741.57,26.93,-4.41,898.17,14.63,31.43,4.32,-61.61,-60.58,768.35,26.42,-4.55,828.53,14.33,30.64,3.23,-64.81,-63.07,822.83,24.92,-5.27,873.83,10.16,29.61,-40.08,-42.67,-67.25,-67.95,2.57,-1.55,-1.31,0.01,5,2170.333333,9411
129,1,129,867.58,33.98,34,1815.12,39.53,33.02,1.53,1568.76,35.89,-39.09,-40.98,-65.9,-27.07,13.35,107.23,-0.08,-18.77,-21.29,1015.94,31.24,31.68,1266.49,33.25,30.03,1.46,987.65,29.35,-42.5,-41.73,-55.89,-28.25,9,131.23,-0.1,-7.23,0.45,751.15,26.94,-5.45,855.87,15.34,32.48,3.34,-63.98,-62.39,765.9,26.45,-4.1,826.84,14.44,30.22,3.45,-64.94,-62.83,820.09,24.91,-4.89,869.6,10.19,29.22,-40.12,-42.67,-67.12,-68.02,2.57,-1.55,-1.3,0.05,5,2152.666667,8336.333333
130,1,130,867.79,33.99,34.09,1877.64,39.02,33.02,1.54,1620.97,34.78,-39.7,-42.03,-65.82,-27.96,13.05,107.51,-0.09,-19.01,-21.42,1030.43,31.47,31.86,1299.87,33.69,30.04,1.46,997.81,29.12,-40.8,-43.02,-56.03,-28.23,8.53,136.39,-0.09,-6.8,0.6,764.8,26.94,-4.81,885.66,14.86,31.84,3.76,-63.28,-61.88,777.95,26.43,-4.33,839.69,14.18,30.44,3.3,-64.88,-62.64,832.54,24.92,-5.06,882.93,10.06,29.4,-39.94,-42.53,-67.3,-66.46,2.58,-1.56,-1.31,-0.02,5,2132.333333,8569
141,1,141,837.76,33.59,33.79,1889.78,38.32,33.03,1.52,1582.07,35.1,-36.91,-42.54,-62.37,-27.7,13.15,111.87,-0.08,-3.96,-15.19,990.87,30.69,30.98,1158.44,33.6,30.03,1.45,892.6,31.53,-44.85,-44.16,-53.77,-25.42,8.95,138.04,-0.05,-14.29,-5.41,770.57,26.91,-5.35,900.9,15.38,32.29,4.14,-64.16,-62.97,782.3,26.43,-5.34,801.4,15.57,31.88,3.23,-65.92,-65.95,845.92,25,-5.64,835.51,11.22,30.89,-41.79,-44.32,-67.32,-65.29,1.82,-1.31,-1.19,0.05,5,2709,686858
142,1,142,829.42,33.46,33.79,1910.4,37.86,33.02,1.52,1607.98,34.51,-37.8,-40.57,-63.72,-27.85,13.27,108.38,-0.09,-4,-15.46,980.78,30.85,31.19,1202.28,33.89,30.02,1.44,903.06,31.13,-45.21,-44.15,-53.87,-26.37,8.94,135.27,-0.06,-14.55,-5.55,761.99,26.91,-5.03,899.75,15.4,31.96,4.35,-63.23,-61.99,771.93,26.43,-5.27,798.26,15.62,31.81,3.12,-66.55,-66.28,837.5,25.01,-5.69,831.79,11.29,30.93,-41.36,-43.93,-67.99,-67.17,1.84,-1.3,-1.18,0.05,5,2230,19528
143,1,143,833.9,33.62,33.83,1856.78,39.39,33.04,1.5,1543.14,36.09,-38,-42.07,-62.91,-27.9,13.38,108.17,-0.08,-3.95,-15.13,987.95,30.88,31.24,1208.77,34.13,30.04,1.44,915.23,30.85,-44.24,-43.45,-53.61,-27.72,9.13,132.68,-0.06,-14.46,-5.4,766.49,26.92,-5.37,884.88,15.68,32.31,3.88,-64.76,-63.71,779.51,26.43,-5.05,810.4,15.39,31.59,3.18,-65.93,-65.91,843.68,25.03,-5.38,840.47,11.21,30.65,-40.64,-43.24,-66.68,-67.42,1.79,-1.31,-1.18,0.05,5,2752,16478
144,1,144,857.99,33.59,33.9,1928.5,38.45,33.01,1.52,1593.75,34.73,-36.24,-40.9,-64.49,-28.3,12.93,111.61,-0.09,-3.99,-15.44,1009.85,30.9,31.22,1216.26,33.77,30.04,1.45,912.62,30.92,-44.07,-45.17,-53.95,-27.17,8.57,139.32,-0.06,-14.97,-5.2,798.36,26.92,-5.14,921.7,15.08,32.08,3.98,-64.54,-63.54,787.26,26.43,-5.11,813.42,15.34,31.65,2.98,-66.16,-66.36,853.2,25.02,-5.52,846.07,11.12,30.78,-41.27,-43.88,-67.53,-66.7,1.84,-1.32,-1.19,0.05,5,2734,21624
145,1,145,848.17,33.64,33.75,1812.29,39.6,33.03,1.5,1502.6,36.91,-37.68,-41.51,-63.7,-27.24,13.28,110.75,-0.06,-3.95,-15.03,1003.46,30.96,31.34,1242.97,33.89,30.04,1.45,925.49,30.5,-46.92,-45.02,-54.34,-25.68,8.58,141.74,-0.07,-13.49,-5.29,787.83,26.93,-6.01,878.45,15.82,32.96,3.2,-66.18,-65.12,791.6,26.43,-4.95,822.14,15.16,31.48,2.93,-66.57,-66.13,858.68,25.03,-5.37,854.62,11.02,30.64,-41.12,-43.71,-67.83,-65.95,1.82,-1.33,-1.19,0.05,5,2824,15298
146,1,146,835.99,33.49,33.82,1924.62,37.83,33.01,1.52,1609.48,34.43,-37.67,-41.41,-63.99,-28.39,13.04,110.95,-0.09,-4.1,-15.49,1002.82,30.74,31.06,1172.21,33.81,30.03,1.45,894.1,31.52,-44.92,-44.17,-53.46,-27.69,8.58,139.35,-0.06,-14.48,-5.38,780.81,26.91,-4.99,915.96,15.15,31.93,4.17,-64.13,-62.83,776.39,26.43,-5.18,797.39,15.63,31.71,3.26,-66.43,-66.33,842.8,25.01,-5.52,832.16,11.28,30.77,-41.61,-44.16,-67.96,-67.29,1.81,-1.32,-1.2,0.05,5,2881,11779
147,1,147,839,33.47,33.85,1923.11,38.09,33.01,1.53,1598.86,34.65,-36.18,-40.47,-63.9,-27.77,12.96,112.87,-0.1,-4.08,-15.23,978.06,30.76,31.13,1210.06,33.25,30.03,1.46,917.5,30.74,-43.95,-44.34,-54.63,-26.36,8.56,139.61,-0.07,-15.09,-5.32,765.59,26.91,-5.11,903.38,15.35,32.05,4.41,-63.08,-61.91,761.86,26.43,-4.86,796.87,15.64,31.39,3.37,-66.1,-65.87,827.11,25.03,-5.21,830.11,11.36,30.47,-40.1,-42.72,-68.21,-64.82,1.85,-1.32,-1.2,0.05,5,2511,12074
148,1,148,828.86,33.53,33.82,1923.73,37.83,33.02,1.52,1607.46,34.48,-37.21,-40.72,-63.33,-27.73,13.1,112.47,-0.08,-4.04,-15.27,990.79,30.73,31.07,1182.34,33.53,30.04,1.45,904.45,31.2,-44.28,-43.68,-53.9,-25.13,8.72,140.11,-0.06,-14.23,-5.22,765.65,26.91,-5.06,907.23,15.29,32,4.32,-63.23,-62.06,777.06,26.43,-5.09,800.4,15.59,31.63,3.25,-66.34,-66.01,842.5,25.02,-5.43,836.54,11.26,30.69,-41.03,-43.6,-68.43,-64.74,1.81,-1.32,-1.19,0.05,5,3516,21877
149,1,149,826.53,33.29,33.8,1986.78,36.42,33.01,1.54,1667.73,33.19,-37.55,-41.39,-63.76,-28.48,12.86,110.36,-0.11,-3.94,-15.16,990.41,30.89,31.26,1222.6,33.85,30.04,1.45,916.95,30.8,-45.65,-44.09,-53.38,-26.54,8.8,136.01,-0.07,-14.07,-5.43,775.33,26.91,-4.6,931,14.9,31.53,4.52,-62.75,-61.78,777.06,26.44,-5.07,807.1,15.47,31.61,3.1,-66.4,-66.04,843.76,25.02,-5.5,840.17,11.21,30.76,-40.92,-43.52,-67.7,-65.99,1.82,-1.29,-1.18,0.05,5,2250,17407
150,1,150,840.43,33.61,33.81,1861.15,39.09,33.02,1.5,1546.79,35.84,-35.8,-40.79,-64.53,-27.93,13.34,108.43,-0.08,-3.92,-14.98,992.86,30.86,31.23,1227.34,33.51,30.03,1.45,927.45,30.41,-45.34,-45.34,-53.67,-28.22,8.96,131.97,-0.06,-12.93,-5.32,773.77,26.92,-5.59,888.16,15.64,32.54,3.88,-65.05,-63.68,778.21,26.42,-4.85,811.58,15.33,31.37,3.27,-66.09,-65.87,844.59,25.03,-5.26,844.03,11.16,30.53,-40.33,-42.95,-67.7,-66.4,1.84,-1.32,-1.19,0.05,5,2455,58982
151,1,151,842.71,33.54,33.8,1884.6,38.44,33.03,1.51,1577.74,35.21,-37.77,-40.66,-63.15,-28.19,13.51,105.79,-0.09,-3.99,-15.32,994.53,30.81,31.13,1189.65,33.82,30.03,1.44,902.2,31.25,-45.77,-43.64,-53.98,-28.67,9.3,128.68,-0.06,-14.38,-5.25,772.05,26.92,-5.23,896.82,15.48,32.18,3.99,-64.44,-63.22,778.02,26.44,-5.23,801.83,15.58,31.78,3.13,-66.39,-66.03,845.4,25.01,-5.57,836.87,11.22,30.82,-41.39,-43.94,-68.11,-65.54,1.83,-1.31,-1.2,0.05,5,2337,13595
152,1,152,850.56,33.7,33.81,1822.34,39.91,33.03,1.5,1501.84,36.93,-37.27,-42.11,-65.32,-27.52,13.48,109.21,-0.07,-3.93,-14.85,998.12,30.97,31.28,1205.87,34.48,30.03,1.43,894.66,31.46,-46.21,-45.81,-53.51,-27.53,9.1,132.62,-0.06,-12.92,-5.31,781.16,26.93,-6.09,877.04,15.85,33.04,3.27,-65.94,-64.65,786.21,26.44,-5.45,810.89,15.4,31.99,2.75,-66.87,-66.09,854.1,25.02,-5.76,845.54,11.13,31.02,-41.92,-44.49,-68.28,-67.24,1.84,-1.29,-1.16,0.05,5,2567,16536
153,1,153,852.74,33.62,33.88,1895.77,39,33.02,1.52,1561.56,35.5,-36.69,-41.43,-64.13,-27.9,12.98,114.1,-0.09,-4.09,-15.3,995.86,30.95,31.28,1217.71,34.15,30.03,1.45,911.43,30.92,-44.24,-45.32,-54.63,-26.28,8.83,135.96,-0.07,-15.42,-5.32,775.94,26.92,-5.3,899.83,15.42,32.24,4,-64.23,-63.02,781.83,26.43,-5.25,812.98,15.35,31.79,2.98,-66.15,-65.9,850.42,25,-5.61,847.04,11.05,30.85,-41.04,-43.62,-68.19,-65.93,1.85,-1.33,-1.19,0.05,5,2236,19998
154,1,154,841.39,33.62,33.82,1888.95,38.59,33.02,1.51,1568.19,35.35,-38.22,-41.66,-63.44,-28.09,13.28,109.16,-0.07,-3.9,-15.21,995.47,30.75,31.09,1191.35,33.46,30.02,1.45,902.09,31.18,-46.03,-44.19,-53.8,-29.22,8.72,134.62,-0.06,-14.23,-5.17,774,26.92,-5.35,899.61,15.45,32.3,3.87,-64.44,-63.4,759.97,26.42,-4.96,787.47,15.8,31.49,3.42,-66.29,-66.09,826.76,25.02,-5.32,822.44,11.46,30.58,-40.51,-43.13,-68.17,-65.6,1.85,-1.32,-1.19,0.05,5,2585,11983
155,1,155,858.86,33.58,33.89,1914.09,38.66,33.02,1.51,1586.71,34.93,-38.04,-41.53,-62.72,-28.1,12.96,111.58,-0.1,-4.05,-15.23,1003.77,30.79,31.14,1195.13,33.69,30.03,1.46,906.51,31.08,-45.6,-44.64,-53.95,-25.92,8.76,137.02,-0.06,-15.32,-5.39,786.55,26.92,-5.14,909.73,15.26,32.09,3.87,-64.69,-63.77,794.15,26.44,-5.1,818.01,15.26,31.64,2.89,-66.68,-66.55,863.9,25.02,-5.45,855.73,10.98,30.71,-41.64,-44.19,-67.31,-66.94,1.84,-1.32,-1.19,0.05,5,2402,11315
156,1,156,840.11,33.57,33.7,1827.27,38.86,33.01,1.5,1524.66,36.27,-35.64,-41.76,-64.24,-26.96,13.42,111.63,-0.07,-3.92,-14.83,987.68,30.88,31.22,1208.99,33.91,30.04,1.44,914.41,30.9,-45.48,-43.92,-53.88,-24.89,8.96,137.97,-0.06,-13.19,-5.27,770.14,26.92,-5.84,876.92,15.82,32.78,3.8,-64.59,-63.42,786.09,26.43,-5.14,814.06,15.33,31.68,2.9,-66.81,-66.18,855.05,25.02,-5.48,849.88,11.05,30.74,-41.29,-43.87,-67.89,-66.38,1.83,-1.3,-1.17,0.05,5,2549,13927
157,1,157,851.49,33.65,33.89,1921.54,38.53,33.03,1.52,1591.39,34.91,-37.69,-40.93,-63.6,-28.21,13.27,107.61,-0.09,-3.93,-15.24,1008.41,30.85,31.18,1208.65,33.62,30.04,1.45,911.17,30.95,-44.82,-44.27,-53.9,-26.98,9.02,134.08,-0.07,-14.19,-5.3,794.08,26.92,-5.39,913.38,15.22,32.34,3.7,-64.93,-63.97,797.4,26.43,-5.16,821.51,15.18,31.7,2.76,-66.43,-66.4,866.23,25,-5.53,859.38,10.88,30.77,-41.66,-44.23,-67.54,-65.09,1.84,-1.32,-1.19,0.05,5,2329,12202
158,1,158,846.04,33.67,33.74,1806.35,39.66,33.03,1.5,1489.67,37.24,-37.88,-40.78,-64.24,-27.27,13.54,107.88,-0.06,-3.79,-14.99,998.39,30.95,31.3,1224.93,34.14,30.03,1.44,914.36,30.8,-45.87,-45.23,-53.74,-26.31,9.11,131.38,-0.07,-12.93,-5.19,781.25,26.93,-6.21,871.74,15.95,33.16,3.2,-66.29,-64.71,790.39,26.43,-5.11,819.99,15.22,31.65,2.77,-66.44,-66.34,859.71,25.03,-5.48,855.57,11.02,30.75,-41.28,-43.87,-67.76,-67.48,1.82,-1.32,-1.18,0.05,5,2167,15935
159,1,159,842.83,33.38,33.8,1945.34,37.27,33,1.53,1630.89,33.89,-37.5,-41.76,-63.96,-28.39,12.75,112.54,-0.11,-4.23,-15.41,1000.02,30.89,31.23,1213.39,33.87,30.02,1.45,909.19,30.93,-45,-45.48,-54.28,-27.38,8.69,136.99,-0.06,-15.74,-5.3,782.27,26.91,-4.75,924.86,15,31.69,4.28,-63.59,-62.45,782.27,26.43,-5.1,811.42,15.37,31.64,3.11,-66.54,-65.68,850.9,25.03,-5.42,846.38,11.13,30.69,-40.86,-43.48,-67.95,-66.03,1.85,-1.32,-1.2,0.05,5,2431,12125
160,1,160,853.77,33.64,33.87,1890.57,38.93,33.03,1.51,1565.76,35.5,-38.16,-41.67,-64.41,-27.08,12.73,117.3,-0.08,-4.06,-15.23,1006.43,30.9,31.23,1225.49,33.58,30.03,1.45,919.43,30.63,-44.09,-44.76,-53.85,-24.29,8.46,143.53,-0.07,-14.3,-5.16,791.7,26.92,-5.48,905.31,15.34,32.43,3.61,-65.24,-64.19,794.52,26.44,-5.11,822.87,15.18,31.65,2.91,-66.21,-66.12,863.98,25.03,-5.5,858.3,10.98,30.77,-41.13,-43.73,-67.85,-67.86,1.84,-1.31,-1.18,0.05,5,2560,12679
161,1,161,846.67,33.74,33.92,1888.14,39.48,33.02,1.51,1550.28,35.72,-38.7,-42.02,-64.38,-27.74,13.08,111.05,-0.09,-4.2,-15.45,1001.28,30.76,31.07,1176.77,33.73,30.03,1.46,893.33,31.5,-44.9,-44.01,-53.35,-25.64,9.09,135.34,-0.06,-14.16,-5.54,782.86,26.92,-5.65,897.18,15.48,32.59,3.52,-65.26,-64.25,794.6,26.43,-5.33,813.57,15.34,31.87,2.89,-66.75,-66.19,864.56,25.01,-5.65,853.7,10.98,30.9,-42.24,-44.76,-69.02,-66.74,1.84,-1.32,-1.2,0.05,5,2555,17520
162,1,162,842.93,33.66,33.88,1864.94,39.6,33.02,1.5,1540.8,35.99,-37.33,-41.74,-63.51,-27.69,13.54,107.53,-0.09,-3.84,-14.94,977.76,30.72,31.04,1164.45,33.85,30.03,1.45,892.41,31.58,-44.04,-43.19,-53.59,-27.06,9.36,131.46,-0.07,-14.55,-5.41,762.82,26.92,-5.54,883,15.73,32.49,3.78,-64.73,-63.51,772.5,26.44,-5.26,797.87,15.64,31.8,3.16,-66.36,-65.8,841.32,25,-5.59,835,11.23,30.84,-41.43,-43.95,-68.36,-64.47,1.83,-1.3,-1.17,0.05,5,2437,14132
163,1,163,861.37,33.7,33.77,1802.42,40.03,33,1.49,1479.94,37.24,-36.63,-41.7,-65.45,-27.28,13.57,107.96,-0.07,-3.98,-14.96,1007.01,30.91,31.28,1225.63,33.96,30.02,1.45,913.78,30.78,-45.48,-45.28,-54.08,-26.03,8.79,138.11,-0.07,-13.2,-5.37,788.17,26.92,-6.18,876.35,15.85,33.13,3.04,-66.54,-65,793.47,26.43,-4.96,820.65,15.2,31.5,2.79,-67,-66.56,862.17,25.03,-5.41,855.61,11.01,30.68,-41.55,-44.12,-68.23,-67.26,1.81,-1.31,-1.19,0.05,5,2611,12923
164,1,164,856.17,33.72,33.78,1806.33,39.98,33.02,1.49,1481.74,37.37,-37.33,-42.62,-64.45,-27.3,13.37,111.28,-0.06,-3.95,-15.02,1004.2,31.01,31.36,1248.08,33.94,30.04,1.44,919.57,30.69,-48.14,-45.13,-54.13,-28.91,8.77,137.19,-0.07,-13.59,-5.37,786.4,26.93,-6.26,876.45,15.86,33.21,2.92,-66.98,-65.2,773.41,26.43,-5.12,806.4,15.45,31.65,3.14,-65.81,-65.81,840.94,25.01,-5.59,838.12,11.2,30.84,-40.67,-43.32,-68.49,-66.55,1.85,-1.32,-1.19,0.05,5,2433,11683
165,1,165,839.92,33.59,33.81,1867.55,38.91,33.02,1.5,1555.36,35.63,-36.8,-42.08,-63.76,-27.52,13.25,110.92,-0.08,-4.14,-15.56,986.25,30.74,31.04,1165.11,33.83,30.02,1.45,893.37,31.47,-43.36,-43.48,-53.84,-25.5,9.05,136.28,-0.06,-14.47,-5.35,766.88,26.91,-5.37,891.03,15.56,32.3,3.87,-64.65,-63.32,783.5,26.43,-5.39,803.22,15.53,31.93,3.12,-66.58,-66.1,852.85,25.01,-5.66,842.34,11.14,30.91,-41.96,-44.48,-68.04,-65.48,1.86,-1.31,-1.2,0.05,5,2604,13477
166,1,166,839.88,33.58,33.86,1893.04,38.87,33.02,1.52,1567.9,35.38,-37.63,-41.79,-63.21,-27.51,13.16,110.99,-0.09,-4.02,-15.19,982.15,30.77,31.08,1167.54,34.12,30.04,1.45,887.7,31.79,-44.1,-44.92,-53.64,-25.1,9.06,135.98,-0.06,-14.6,-5.34,768.18,26.92,-5.31,894.46,15.53,32.26,4.07,-64.09,-63,779.69,26.44,-5.46,803,15.57,32.01,2.95,-66.82,-66.6,848.72,25.02,-5.75,840.34,11.19,31,-42.13,-44.64,-68.85,-66.14,1.85,-1.3,-1.18,0.05,5,2552,13263
167,1,167,850.97,33.6,33.83,1875.25,38.98,33.03,1.5,1559.85,35.58,-39.24,-41.79,-62.46,-28.35,13.25,108.01,-0.08,-3.98,-15.02,1000.17,30.66,31.01,1178.47,33.18,30.03,1.46,911.71,30.88,-44.74,-43.92,-53.12,-28.64,8.86,135.51,-0.07,-14.33,-5.55,784.55,26.92,-5.34,899.21,15.44,32.29,3.45,-65.48,-64.2,777.51,26.42,-4.97,804.59,15.47,31.5,3.38,-65.87,-65.85,846.49,25.02,-5.33,839.73,11.21,30.59,-40.73,-43.29,-67.73,-65.71,1.86,-1.32,-1.2,0.05,5,2281,12303
168,1,168,834.64,33.54,33.75,1860.25,38.58,33.04,1.51,1547.1,35.99,-36.96,-41,-61.23,-26.88,13.06,114.46,-0.07,-3.85,-15.15,969.78,30.62,31.04,1168.41,33.76,30.03,1.46,896.69,31.36,-44.92,-43.22,-52.29,-24.73,8.68,138.97,-0.06,-13.62,-5.38,761.51,26.92,-5.54,882.98,15.72,32.48,4.17,-63.85,-62.6,767.29,26.43,-4.87,797.14,15.64,31.4,3.14,-66.8,-66.5,836.45,25.03,-5.3,834.08,11.31,30.57,-41.43,-43.98,-67.3,-68.39,1.81,-1.33,-1.2,0.05,5,2549,15969
169,1,169,843.61,33.57,33.69,1784.35,39.72,33.03,1.5,1486.75,37.32,-36.17,-41.01,-64.53,-27.3,13.52,108.99,-0.06,-3.92,-15,982.97,30.93,31.3,1227.78,34,30.04,1.45,918.48,30.72,-45.27,-44.12,-54.06,-27.98,8.92,136.02,-0.07,-13.52,-5.21,764.55,26.92,-6.03,859.85,16.15,32.98,3.47,-65.61,-64.2,763.39,26.43,-4.99,799.61,15.57,31.52,3.26,-66.01,-65.59,831.12,25.03,-5.38,832.44,11.33,30.65,-40.16,-42.8,-67.34,-65.8,1.83,-1.32,-1.19,0.05,5,2554,12874
170,1,170,845.89,33.61,33.82,1882.1,38.69,33.02,1.52,1562.2,35.47,-39.4,-42.23,-62.83,-27.76,13.01,112.9,-0.08,-4.05,-15.29,1004.5,30.92,31.27,1231.28,33.72,30.03,1.45,919.91,30.63,-45.99,-45.08,-53.89,-26.54,8.45,141.21,-0.07,-14.87,-5.49,786.73,26.93,-5.45,901.55,15.42,32.4,3.46,-65.73,-64.21,780.68,26.43,-5.04,812.56,15.34,31.57,3.06,-66.3,-66,849.29,25.03,-5.37,847.99,11.11,30.64,-40.44,-43.08,-68.6,-65.71,1.82,-1.3,-1.19,0.05,5,2525,10401
171,1,171,852.08,33.52,33.57,1758.61,39.21,33.02,1.5,1475.79,37.48,-37.29,-41.11,-62.77,-27.39,13.6,108.65,-0.05,-3.77,-14.75,997.89,30.83,31.2,1209.67,33.75,30.03,1.44,911.77,30.88,-44.67,-44.87,-53.87,-27.28,9.04,133,-0.06,-13.36,-5.31,782.38,26.92,-6.17,863.35,16.09,33.12,3.24,-66.5,-64.76,787.44,26.44,-4.87,814.01,15.33,31.41,2.9,-67.11,-66.18,856.22,25.03,-5.33,849.34,11.1,30.6,-41.42,-44,-67.1,-67.25,1.81,-1.31,-1.18,0.05,5,2391,13182
172,1,172,860.16,33.64,33.79,1820.72,39.8,33.03,1.5,1501.36,36.95,-36.87,-40.44,-63.9,-27.43,13.36,109.66,-0.07,-3.95,-14.84,1003.54,30.83,31.18,1200.81,33.88,30.03,1.45,903.97,31.16,-45.18,-44.42,-53.69,-26.69,9.13,130.89,-0.07,-12.99,-5.15,790.5,26.93,-5.95,880.67,15.79,32.9,3.1,-66.3,-65.25,794.48,26.43,-5.07,819.79,15.23,31.61,2.75,-66.93,-66.99,867.01,25.03,-5.42,858.48,10.98,30.69,-41.91,-44.45,-67.84,-65.79,1.81,-1.32,-1.19,0.05,5,2562,16492
173,1,173,825.65,33.44,33.79,1907.61,37.91,33.02,1.53,1600.44,34.69,-35.9,-40.43,-63.18,-28.05,13.12,110.31,-0.1,-4.03,-15.15,974.24,30.75,31.12,1193.11,33.63,30.03,1.46,907.17,31.08,-45.41,-44.28,-53.53,-27.02,9.01,133.38,-0.07,-14.03,-5.33,760.17,26.91,-5.12,897.53,15.44,32.06,4.51,-63.19,-61.86,766.17,26.43,-5.04,795.83,15.66,31.57,3.26,-66.01,-66.3,835.2,25.03,-5.37,833.37,11.32,30.64,-40.64,-43.24,-69.05,-65.66,1.86,-1.3,-1.19,0.05,5,2539,17592
174,1,174,842.76,33.68,33.92,1907.44,39.04,33.02,1.51,1574.11,35.2,-37.49,-41.85,-64.31,-27.6,13.02,113.25,-0.09,-3.84,-14.89,987.11,30.82,31.17,1201.63,33.77,30.03,1.45,911.24,30.95,-44.62,-43.66,-53.21,-25.49,8.72,142.07,-0.07,-13.71,-5.24,768.97,26.92,-5.36,899.31,15.44,32.3,3.73,-64.86,-63.68,772.63,26.43,-5.1,804.2,15.49,31.64,3.18,-66.14,-65.76,841.81,25.04,-5.51,838.24,11.26,30.78,-40.67,-43.27,-68.7,-66.77,1.84,-1.31,-1.19,0.05,5,2675,13109
175,1,175,831.09,33.53,33.83,1880.53,38.8,33.02,1.51,1561.31,35.49,-37.1,-41.52,-64.44,-28.05,13.16,110.88,-0.09,-4.09,-15.39,984.61,30.77,31.12,1192.96,33.66,30.03,1.45,903.01,31.16,-44.64,-44.45,-53.58,-28.01,8.91,134.66,-0.07,-14.96,-5.51,766.29,26.92,-5.27,890.36,15.59,32.21,4.17,-63.95,-62.79,763.11,26.43,-5.11,792.01,15.74,31.64,3.38,-65.99,-66.29,830.78,25.01,-5.58,825.71,11.37,30.83,-40.88,-43.46,-68.71,-66.67,1.84,-1.3,-1.18,0.05,5,2286,12449
201,1,201,833.8,33.9,33.93,1729.46,39.5,33.02,1.5,1457.21,38.29,-41.03,-43.34,-62.94,-26.96,13.96,106.62,-0.06,-6.29,-13.88,1010.58,31.4,31.82,1240.69,33.79,30.02,1.45,953.61,29.99,-41.93,-47.47,-50.77,-27.43,8.92,138.49,-0.08,-9.63,-8.34,774.46,26.94,-6.64,867.92,15.93,31.98,5.14,-66.52,-65.62,785.39,26.45,-5.07,827.07,15.13,30.54,3.37,-65.62,-64.75,160.91,24.93,-4.59,597.5,14.43,28.14,-39.71,-38.88,-55.25,-59.69,2.33,-1.41,-1.13,0.04,5,0,0
202,1,202,852.43,33.98,34.02,1757.13,39.67,33.01,1.49,1462.17,38.05,-42.54,-43.37,-62.56,-27.08,13.87,107.96,-0.06,-5.73,-14.03,1026.22,31.43,31.84,1239.3,33.99,30.01,1.44,943.14,30.25,-43.12,-43.28,-50.53,-26.33,8.77,143.46,-0.08,-11.39,-8.8,786.87,26.93,-6.58,876.94,15.72,31.9,4.9,-67.55,-65.74,796.09,26.41,-5.23,830.46,14.93,30.66,2.96,-65.71,-65.44,161.27,24.93,-4.68,589.13,14.63,28.22,-40.31,-39.38,-55.34,-60.41,2.28,-1.39,-1.11,0.04,5,0,0
203,1,203,840.89,33.79,33.82,1688.72,39.35,33.04,1.5,1444.7,38.72,-41.84,-42.54,-59.92,-26.92,13.88,107.24,-0.06,-5.99,-14.08,1001.21,31.26,31.71,1205.85,33.87,30.01,1.45,930.84,30.65,-41.62,-43.37,-49.85,-26.23,8.9,137.81,-0.08,-11.69,-8.83,766.54,26.93,-6.72,851.91,16.17,32.04,4.91,-67.36,-65.95,786.4,26.41,-5.12,818.1,15.15,30.55,3.19,-66.3,-65.94,163.98,24.93,-4.26,586.2,14.69,27.8,-39.13,-38.4,-55.2,-60.04,2.31,-1.41,-1.13,0.04,5,0,0
204,1,204,848.09,33.83,33.84,1699.02,39.37,33.02,1.51,1441.66,38.69,-41.61,-42.5,-60.38,-27.17,14.03,104.56,-0.06,-5.59,-13.73,1015.76,31.33,31.77,1236.16,33.52,30.02,1.46,955.85,29.93,-40.32,-48.24,-49.94,-27.13,8.93,136.44,-0.09,-10.65,-8.63,773.79,26.9,-6.89,856.73,15.99,32.19,4.77,-67.3,-65.91,796.96,26.41,-5.09,834.63,14.85,30.52,3.1,-65.99,-64.98,167.86,24.93,-4.5,602.91,14.29,28.04,-39.74,-39.08,-55.14,-59.52,2.37,-1.37,-1.08,0.04,5,0,0
205,1,205,855.47,33.92,33.97,1713.32,40.19,33.02,1.49,1438.06,38.76,-41.15,-43.31,-61.63,-26.91,14.01,105.49,-0.06,-6.12,-13.88,989.74,31.27,31.74,1209.08,34.02,30.04,1.45,938.02,30.64,-39.78,-42.1,-49.96,-26.81,9.25,132.39,-0.09,-11.89,-8.58,765.57,26.94,-6.59,857.06,16.12,31.93,5.16,-66.96,-65.91,780.64,26.41,-5.09,816.66,15.18,30.51,3.25,-66.03,-65.09,165.56,24.93,-4.32,584.13,14.72,27.86,-38.9,-38.37,-55.4,-59.23,2.4,-1.4,-1.11,0.04,5,0,0
206,1,206,786.13,33.89,34.07,1823.28,38.63,33.03,1.51,1541.55,36.33,-40.33,-42.79,-61.86,-27.06,13.65,107.22,-0.08,-5.7,-13.66,983.01,31.09,31.63,1180.52,33.96,30.05,1.46,927.27,31.01,-42.38,-40.81,-49.13,-26.86,9.12,133.72,-0.09,-10.39,-7.6,756.73,26.93,-5.62,888.43,15.53,30.94,6.05,-65.13,-63.97,773.42,26.41,-4.7,809.13,15.32,30.13,3.26,-66.52,-66.33,165.01,24.92,-3.92,570,15.06,27.45,-39.08,-38.15,-55.62,-60.34,2.35,-1.39,-1.11,0.03,5,0,0
207,1,207,851.05,34,34.05,1781.34,39.4,33.02,1.49,1474.54,37.79,-41.36,-43.31,-63.34,-27.22,13.95,106.37,-0.06,-5.99,-14.24,1024.6,31.47,31.87,1237.51,34.23,30.02,1.43,936.05,30.57,-41.98,-43.39,-50.55,-27.02,9,137.39,-0.08,-11.3,-8.61,790.41,26.93,-6.48,886.02,15.56,31.8,4.91,-67.03,-65.85,799.28,26.42,-5.39,830.25,14.97,30.83,2.86,-66.28,-65.73,165.52,24.93,-4.78,586.72,14.69,28.32,-40.11,-39.34,-55.35,-59.39,2.32,-1.39,-1.12,0.04,5,0,0
208,1,208,831.12,34,34.17,1869.71,38.58,33.03,1.51,1556.48,35.94,-40.2,-42.27,-64.03,-27.4,13.3,113,-0.08,-5.32,-13.88,1021.5,31.32,31.72,1201.95,34.1,30.01,1.44,920.7,30.99,-41.73,-41.36,-50.31,-25.85,8.9,139.94,-0.08,-10.13,-7.57,778.91,26.93,-5.71,908.07,15.21,31.04,5.77,-65.47,-64.83,796.65,26.42,-5.24,822.5,15.09,30.68,2.87,-66.9,-66.29,166.06,24.93,-4.59,574.1,15,28.13,-39.92,-38.99,-55.37,-59.78,2.28,-1.39,-1.11,0.04,5,0,0
209,1,209,863.09,34.01,34.09,1777.95,39.81,33.03,1.5,1474.82,37.88,-39.69,-42.8,-62.94,-26.91,13.69,110.41,-0.06,-6.01,-14.53,1025.15,31.39,31.78,1225.36,33.92,30.01,1.44,935.88,30.46,-41.27,-45.53,-49.61,-25.76,8.79,142.34,-0.08,-12.16,-8.97,785.19,26.94,-6.27,885.15,15.62,31.6,5.14,-66.53,-65.36,799.82,26.42,-5.38,829.04,14.98,30.81,3.04,-66.43,-66.54,165.72,24.93,-4.79,580.79,14.84,28.33,-40.3,-39.23,-54.97,-59.81,2.3,-1.41,-1.12,0.04,5,0,0
210,1,210,841.07,34.04,34.12,1814.94,39.29,33.02,1.49,1503.65,37.14,-39.58,-42.68,-64.02,-27.07,13.97,106.77,-0.06,-5.51,-9.08,1016.74,31.45,31.87,1234.41,34.34,30.02,1.43,929.8,30.73,-42.52,-41.87,-50.96,-28.81,9.04,134.58,-0.08,-5.21,2.87,783.44,26.94,-6.26,894.43,15.46,31.59,5.24,-66.54,-65.46,774.05,26.41,-5.21,809.54,15.32,30.65,3.16,-65.94,-65.27,149.53,24.93,-4.35,582.93,14.78,27.89,-39.79,-38.63,-56.04,-61.75,2.28,-1.26,-1.09,0.04,5,0,0
211,1,211,856.01,33.77,33.79,1669.04,39.55,33.04,1.51,1440.98,38.86,-41.48,-43.67,-61.48,-26.43,13.97,107.88,-0.06,-5.87,-13.98,1000.33,31.37,31.86,1237.01,34.16,30.03,1.45,947.32,30.26,-42.81,-51.79,-50.35,-25.46,8.82,138.58,-0.08,-10.52,-8.69,770.06,26.92,-6.84,848.87,16.2,32.15,4.67,-67.68,-66.18,793.02,26.41,-5.07,828.29,14.97,30.5,3.11,-66.2,-65.35,175.49,24.93,-4.44,593.44,14.51,27.98,-39.11,-38.83,-55.24,-59.1,2.4,-1.39,-1.11,0.04,5,0,0
212,1,212,860.47,33.99,34,1746.54,39.73,33.01,1.48,1443.97,38.47,-40.76,-43,-61.89,-26.84,13.95,108.81,-0.05,-5.79,-13.89,1031.07,31.39,31.8,1226.83,34.03,30.02,1.44,945.65,30.26,-42.53,-42.58,-50.11,-25.99,9.14,137,-0.08,-11.55,-9,784.67,26.92,-6.76,870.98,15.78,32.07,4.67,-67.51,-65.97,813.03,26.41,-5.3,843.25,14.69,30.73,2.77,-66.74,-65.53,175.42,24.93,-4.8,599,14.4,28.35,-40.2,-39.58,-54.9,-58.91,2.31,-1.39,-1.1,0.04,5,0,0
213,1,213,836.99,33.85,34.15,1990.5,36.07,33.03,1.53,1631.32,34.33,-41.1,-43.49,-64.4,-27.63,13.28,109.91,-0.08,-5.81,-14.89,1020.54,31.45,31.88,1244.32,34.12,30.02,1.44,944.39,30.25,-44.19,-44.26,-49.37,-24.87,8.99,136.6,-0.08,-15.48,-8.63,789.28,26.93,-5.08,936.73,14.73,30.4,6.23,-64.51,-63.65,815.39,26.43,-5.39,842.34,14.78,30.83,2.79,-66.71,-66.5,186.07,24.93,-4.83,593.53,14.52,28.38,-39.17,-39.31,-55.13,-58.12,2.41,-1.39,-1.12,0.04,5,0,0
214,1,214,867.87,33.9,33.92,1687.33,40.38,33.03,1.49,1410.88,39.57,-41.66,-44.4,-62.59,-26.56,13.84,110.43,-0.06,-5.99,-14.26,1021.84,31.43,31.81,1233.32,33.87,30.02,1.44,941.32,30.34,-39.62,-44.3,-50.01,-26,8.84,140.39,-0.08,-9.11,-8.69,785.22,26.91,-7,857.88,15.99,32.3,4.33,-67.79,-66.46,797.12,26.42,-5.39,829.65,14.97,30.82,3.06,-65.84,-65.45,165.89,24.93,-4.78,590.02,14.6,28.32,-39.92,-39.01,-54.91,-58.8,2.31,-1.41,-1.12,0.04,5,0,0
215,1,215,834.93,33.87,33.9,1711.57,39.59,33.03,1.49,1450.97,38.49,-41.2,-43.6,-63.46,-26.84,14.13,104.23,-0.06,-5.64,-13.51,1002.34,31.37,31.78,1216.25,34.16,30.04,1.44,937.74,30.62,-42.01,-47.3,-50.46,-26.66,9.35,131.48,-0.08,-9.29,-8.31,767.36,26.94,-6.62,858.48,16.11,31.96,5.18,-66.6,-65.43,792.87,26.41,-5.24,825.7,15.01,30.67,3.07,-66.41,-65.66,174.14,24.93,-4.83,584.2,14.74,28.37,-39.67,-38.98,-54.77,-58.73,2.32,-1.35,-1.08,0.04,5,0,0
216,1,216,840.03,33.91,33.96,1718.82,39.95,33.02,1.5,1442.13,38.6,-40.55,-43.98,-62.05,-26.52,13.75,110.17,-0.05,-5.67,-14.11,998.09,31.4,31.83,1223.85,34.34,30.02,1.44,933.42,30.62,-40.81,-45.01,-50.15,-26.06,8.67,141.91,-0.08,-10.39,-8.79,771.08,26.94,-6.54,862.55,16.02,31.87,5.19,-66.99,-65.73,770.93,26.43,-5.16,810.49,15.37,30.62,3.38,-65.44,-64.81,155.84,24.93,-4.34,582.52,14.79,27.88,-39.36,-38.63,-55.56,-60.21,2.31,-1.41,-1.13,0.04,5,0,0
217,1,217,837.89,33.98,34.04,1745.59,40.07,33.02,1.49,1452.46,38.4,-40.58,-43.88,-63.23,-26.58,13.83,108.24,-0.06,-5.82,-14.05,998.23,31.34,31.72,1180.1,34.73,30.01,1.44,903.88,31.56,-39.63,-45.67,-49.57,-25.78,9.24,134.91,-0.07,-9.72,-8.09,776.57,26.92,-6.65,868.4,15.84,31.96,5.03,-67.17,-65.87,789.36,26.42,-5.54,814.26,15.27,30.98,2.79,-67.32,-66.91,171.55,24.93,-4.94,557.8,15.41,28.49,-39.92,-39.13,-55.49,-58.83,2.37,-1.37,-1.08,0.04,5,0,0
218,1,218,855.82,34.01,34.06,1798.83,39.14,33.04,1.5,1499.24,37.41,-40.77,-43.65,-62.08,-27.33,13.83,107.84,-0.06,-6.47,-14.09,1030.09,31.37,31.75,1221.87,33.79,30.04,1.45,935.18,30.69,-40.91,-47.61,-50.29,-27.03,8.91,138.87,-0.08,-11.16,-8.74,790.83,26.94,-6.44,893.65,15.48,31.77,5.17,-66.48,-65.53,802.97,26.41,-5.35,830.36,14.94,30.78,2.8,-66.87,-66.36,164.33,24.93,-4.7,579.05,14.88,28.24,-40.27,-39.24,-55.36,-60.36,2.28,-1.38,-1.11,0.04,5,0,0
219,1,219,855.46,33.99,34.05,1741.48,40.27,33.02,1.48,1447.47,38.48,-41.44,-42.75,-62.07,-27.08,14.12,104.48,-0.06,-6.31,-14.32,998.91,31.37,31.85,1226.38,34.39,30.01,1.44,938.4,30.42,-41.45,-45.18,-49.41,-25.95,9.4,131.79,-0.08,-11.62,-9.03,771.66,26.94,-6.5,864.49,15.99,31.84,5.04,-67.03,-65.69,797.34,26.41,-5.16,831.46,14.92,30.59,2.93,-66.4,-65.96,182.02,24.93,-4.54,588.13,14.63,28.08,-39.19,-38.94,-55.21,-58.36,2.37,-1.42,-1.12,0.04,5,0,0
220,1,220,851.32,34.01,34.09,1808.3,39.18,33.01,1.5,1501.28,37.11,-41.2,-43.56,-63.86,-27.28,13.77,107.34,-0.06,-5.77,-14.41,1023.21,31.39,31.78,1220.14,34.04,30.02,1.44,938.43,30.49,-41.49,-44.24,-49.92,-26.79,9.17,135.59,-0.08,-12.26,-8.81,784.8,26.94,-6.09,893.57,15.46,31.41,5.28,-66.31,-65.23,803.8,26.42,-5.43,833.95,14.9,30.86,2.98,-66.39,-65.94,172.06,24.93,-4.84,594.55,14.5,28.39,-40.05,-39.42,-55.26,-58.97,2.37,-1.39,-1.1,0.04,5,0,0
221,1,221,876.68,33.76,33.77,1695.32,38.84,33.04,1.51,1461.35,38.31,-41.23,-41.71,-59.66,-27.01,13.83,108.81,-0.06,-6.04,-14.79,1035.08,31.42,31.82,1236.26,33.88,30.02,1.45,936.15,30.53,-41.47,-47.99,-49.92,-27.24,8.75,139.2,-0.08,-11.19,-9.37,793.15,26.91,-6.76,865.28,15.85,32.06,4.22,-68.14,-67.04,799.15,26.41,-5.34,827.99,14.97,30.77,2.97,-66.68,-65.95,161.09,24.93,-4.49,586.96,14.68,28.03,-39.59,-38.8,-55.21,-60.75,2.31,-1.4,-1.09,0.04,5,0,0
222,1,222,842,33.86,33.88,1697.5,39.77,33.03,1.5,1438.98,38.83,-40.92,-43.76,-62.71,-26.67,14.07,107.16,-0.06,-5.99,-13.77,1022.48,31.43,31.85,1243.66,33.94,30.01,1.44,949.31,30.05,-41.26,-43.45,-50.03,-25.44,9.07,137.63,-0.08,-9.72,-7.63,777.45,26.91,-6.84,859.35,15.95,32.14,4.57,-67.7,-66.29,815.67,26.41,-5.23,844.35,14.69,30.66,2.72,-66.61,-66.25,181.09,24.93,-4.76,598.54,14.38,28.29,-39.28,-38.97,-55,-58.66,2.38,-1.39,-1.11,0.04,5,0,0
223,1,223,865.5,33.99,34.02,1755.61,39.69,33.01,1.48,1450.79,38.35,-41.69,-42.85,-61.93,-27.19,14.01,107.04,-0.06,-6.09,-14.45,1027.78,31.44,31.78,1201.6,34.57,30.02,1.43,911.81,31.33,-41.75,-55.3,-50.34,-27.68,9.12,137.4,-0.07,-12.01,-9.13,786.56,26.9,-6.65,875.93,15.64,31.94,4.74,-66.96,-66.07,791.29,26.42,-5.72,815.67,15.23,31.16,2.89,-66.73,-66.73,157.41,24.92,-5.01,561.67,15.28,28.55,-40.82,-39.53,-55.43,-59.98,2.28,-1.4,-1.11,0.04,5,0,0
224,1,224,855.64,33.89,33.93,1706.67,39.97,33.01,1.49,1430.9,38.88,-41.31,-42.83,-62.61,-26.65,13.85,108.52,-0.06,-5.98,-13.79,1015.55,31.41,31.82,1221.37,34.31,30.02,1.44,935.81,30.56,-41.07,-43.06,-50.23,-25.96,9.18,136.41,-0.08,-9.81,-8.43,783.72,26.92,-6.74,863.42,15.92,32.05,4.65,-68.07,-66.17,803.58,26.41,-5.34,833.29,14.89,30.77,2.85,-66.29,-66.32,175.1,24.94,-4.82,583.23,14.78,28.37,-39.78,-39.22,-54.79,-58.95,2.36,-1.4,-1.11,0.04,5,0,0
225,1,225,813.39,33.89,34.18,1960.49,36.84,33.02,1.53,1608.85,34.76,-42.8,-42.82,-61.78,-27.69,13.27,109.9,-0.08,-5.89,-14.99,1016.98,31.43,31.88,1223.95,34.73,30.02,1.44,926.4,30.87,-45.33,-41.98,-50.07,-25.31,8.92,136.29,-0.08,-14.81,-8.73,777.31,26.93,-5.14,923.16,14.95,30.46,6.22,-64.69,-63.86,806.43,26.43,-5.42,830.52,14.99,30.87,2.8,-67,-67.2,177.15,24.93,-4.55,578.31,14.88,28.09,-38.77,-38.68,-55.2,-59.27,2.38,-1.38,-1.1,0.04,5,0,0
226,1,226,842.39,33.91,33.96,1734.36,39.64,33.02,1.5,1456.55,38.24,-42.04,-42.92,-61.2,-26.89,14.08,102.79,-0.06,-6.32,-14.48,1009.58,31.33,31.75,1218.95,33.86,30.01,1.44,937.47,30.41,-40.93,-46.15,-49.93,-27.95,9.38,128.58,-0.09,-10.64,-9.28,776.9,26.94,-6.62,867.65,15.94,31.96,5.13,-67.16,-65.62,795.46,26.41,-5.28,826.67,14.99,30.7,3.1,-66.34,-65.83,169.75,24.93,-4.59,589.91,14.6,28.13,-39.36,-38.77,-55.18,-59.18,2.34,-1.39,-1.1,0.04,5,0,0
227,1,227,844.62,33.93,33.97,1763.3,39.07,33.03,1.5,1479.64,37.75,-41.8,-42.88,-61.26,-27.32,13.79,108.76,-0.06,-5.76,-14.36,1024.68,31.46,31.86,1233.28,34.31,30.02,1.43,935.49,30.56,-41.48,-44.62,-49.72,-25.88,9.08,138.19,-0.08,-12.69,-8.78,782.77,26.94,-6.39,879.62,15.72,31.72,4.99,-66.85,-65.66,807.3,26.43,-5.44,835.66,14.91,30.9,2.75,-66.48,-66.27,175.15,24.93,-4.89,583.9,14.74,28.43,-39.79,-39.35,-54.98,-59.2,2.35,-1.37,-1.08,0.04,5,0,0
228,1,228,823.23,33.98,34.2,1878.7,38.66,33.03,1.51,1564.62,35.77,-40.68,-43.65,-61.36,-27.77,13.35,109.13,-0.08,-5.61,-14.47,1004.01,31.34,31.82,1230.8,34.04,30.04,1.45,940.87,30.49,-44.05,-43.91,-50.13,-26.33,8.75,139.68,-0.08,-12.69,-8.48,767.07,26.93,-5.52,902.71,15.29,30.84,6.11,-65.21,-63.96,783.7,26.41,-5.14,817.41,15.16,30.56,3.29,-66.42,-65.71,164.13,24.93,-4.24,582.05,14.79,27.78,-38.77,-38.28,-55.7,-59.7,2.36,-1.39,-1.11,0.04,5,0,0
229,1,229,855.31,33.79,33.81,1669.22,39.74,33.03,1.5,1424.5,39.23,-42.31,-42.67,-61.99,-26.75,13.93,106.38,-0.05,-5.91,-13.79,1009.77,31.35,31.76,1207.83,34.26,30.03,1.45,928.33,30.84,-40.86,-44.64,-50.65,-25.73,8.89,139.07,-0.08,-10.39,-8.42,780.2,26.91,-7.08,850.35,16.13,32.38,4.57,-67.95,-66.6,793.24,26.41,-5.31,823.18,15.07,30.74,3,-66.45,-65.94,168.43,24.93,-4.61,583.55,14.76,28.15,-39.61,-38.83,-55.03,-59.22,2.35,-1.4,-1.11,0.03,5,0,0
230,1,230,856.72,33.92,33.94,1706.09,40.13,33.03,1.49,1423.61,39.19,-41.13,-43.39,-63.85,-26.31,13.84,110.7,-0.06,-6.17,-14.13,1019.34,31.37,31.73,1198.09,34.3,30.03,1.43,924.58,31.01,-39.45,-43.4,-49.9,-24.04,9.18,138.97,-0.08,-9.38,-8.68,780,26.91,-6.94,858.63,15.99,32.24,4.54,-67.72,-66.33,808.13,26.42,-5.5,833.4,14.92,30.94,2.72,-67.13,-66.53,179.51,24.94,-5.19,571,15.1,28.74,-40.25,-39.51,-54.89,-58.5,2.32,-1.4,-1.11,0.03,5,0,0
231,1,231,920.03,34.06,34.06,1950.08,37.23,33.04,1.52,1594.14,35.55,-39.78,-43.28,-64.35,-28.13,13.83,104.63,-0.07,-5.21,-13.78,1077.18,31.51,31.77,1295.97,31.99,30.02,1.47,954.86,29.54,-42.54,-42.71,-52.17,-28.14,8.9,134.57,-0.08,-12.35,-7.14,840.45,26.92,-6.34,939.52,14.81,33.3,2.58,-66.81,-65.51,854.03,26.45,-5.41,879.07,14.3,31.94,2.37,-67.86,-67.34,186.02,24.91,-5.14,598.98,14.47,29.99,-41.23,-41.24,-54.76,-58.24,1.69,-1.33,-1.17,0.06,5,0,0
232,1,232,902.66,34.09,34.16,1953.26,38.01,33.03,1.52,1586.7,35.62,-39.11,-44.45,-66.73,-27.62,13.41,108.62,-0.07,-4.5,-12.16,1046.4,31.42,31.77,1290.94,32.09,30.03,1.47,955.87,29.58,-42.86,-39.77,-51.21,-28.98,8.74,135.24,-0.08,-11.84,-6.15,822.1,26.95,-5.91,931.62,15.04,32.9,3.12,-65.98,-64.8,809.31,26.43,-4.96,847.47,14.76,31.47,2.86,-67.02,-66.65,162.71,24.91,-4.31,599.59,14.47,29.17,-40.98,-40.36,-55.05,-59.67,1.64,-1.33,-1.18,0.06,5,0,0
233,1,233,892.09,34.05,34.09,1928.6,37.92,33.02,1.53,1575.69,35.8,-39.78,-43.28,-64.05,-28.27,13.58,106.98,-0.07,-5.2,-14.08,1066.05,31.42,31.7,1265.42,32.27,30.04,1.48,943.26,30.04,-41.22,-42.95,-52.85,-29.01,8.81,134.95,-0.08,-12.63,-7.14,823.83,26.96,-6.13,930.51,15.07,33.13,2.76,-66.72,-65.64,827.66,26.43,-5.21,854.87,14.63,31.72,2.76,-67.21,-66.53,169.18,24.88,-4.79,595.42,14.46,29.61,-41.3,-40.76,-54.84,-59.01,1.65,-1.33,-1.18,0.06,5,0,0
234,1,234,918.04,34.05,34.08,1951.8,37.34,33.02,1.53,1596.48,35.32,-39.29,-43.99,-64.48,-27.97,13.59,106.47,-0.07,-4.8,-12.72,1066.05,31.37,31.66,1260.85,32.1,30.03,1.48,937.12,30.16,-40.84,-41.6,-52.61,-28.97,8.84,134.87,-0.08,-12.41,-6.87,825.29,26.95,-6.03,931.04,15.06,33.03,2.88,-66.29,-64.92,823.6,26.44,-5.15,847.97,14.78,31.67,2.69,-67.26,-66.57,168.44,24.92,-4.56,582.46,14.89,29.42,-40.97,-40.19,-54.89,-59.7,1.66,-1.34,-1.22,0.06,5,0,0
235,1,235,910.6,34.03,34.04,1905.43,37.97,33.03,1.51,1558.01,36.24,-39.99,-43.23,-64.17,-28,13.77,106.91,-0.07,-5.2,-13.84,1072.2,31.47,31.72,1272.31,32.21,30,1.46,941.66,29.84,-41.27,-40.9,-52.59,-26.4,9,135.83,-0.08,-12.7,-7.18,831.51,26.93,-6.53,920.78,15.12,33.5,2.34,-67.76,-66.19,857.77,26.46,-5.53,877.94,14.33,32.07,2.38,-67.53,-66.6,200.75,24.88,-5.49,586.89,14.67,30.32,-40.84,-40.97,-54.6,-57.31,1.78,-1.29,-1.14,0.06,5,0,0
236,1,236,901.35,33.97,34.06,1939.78,37.39,33.04,1.53,1616.4,35.05,-39.78,-43.66,-65.06,-28.23,13.51,107.15,-0.06,-4.78,-12.84,1056.33,31.35,31.65,1256.83,32.11,30.04,1.47,944.06,30.01,-42.05,-40.16,-51.92,-27.43,8.89,135.03,-0.07,-12.47,-6.57,819.03,26.95,-5.71,933.34,15,32.7,3.08,-66.02,-65.14,830.71,26.44,-5.15,855.34,14.64,31.67,2.69,-67.55,-67.1,187.82,24.92,-4.84,587.38,14.77,29.71,-40.6,-40.59,-54.9,-57.87,1.75,-1.34,-1.2,0.06,5,0,0
237,1,237,922.46,34.04,34.06,1949.34,37.18,33.04,1.53,1601.01,35.37,-39.28,-43.24,-63.95,-28.16,13.45,109.71,-0.07,-4.96,-13.73,1066.21,31.5,31.76,1292.02,31.99,30.02,1.47,951.95,29.64,-44.36,-42.6,-52.6,-27.18,8.48,140.9,-0.08,-12.53,-7.16,833.46,26.94,-6.26,940.76,14.86,33.24,2.79,-66.54,-65.24,830.35,26.44,-5.35,858.77,14.6,31.87,2.62,-67.01,-66.73,173.13,24.9,-4.92,597.62,14.48,29.77,-41.05,-40.84,-55,-58.47,1.68,-1.33,-1.18,0.06,5,0,0
238,1,238,902.62,34.05,34.16,1977.26,37.5,33.02,1.53,1616.55,34.9,-39.36,-43.85,-65.7,-27.82,13.41,108.23,-0.07,-4.53,-12.37,1042.23,31.35,31.66,1244.91,32.51,30.04,1.47,928.07,30.5,-41.7,-40.59,-50.9,-28.28,8.91,136.73,-0.07,-12.02,-6.17,818.87,26.95,-5.62,940.03,14.89,32.61,3.17,-66,-64.96,813.2,26.44,-5.21,842.25,14.87,31.72,2.71,-67.49,-67.47,166.54,24.91,-4.58,575.72,15.06,29.44,-41.32,-40.63,-55.14,-59.71,1.63,-1.33,-1.18,0.06,5,0,0
239,1,239,879.67,34,34.06,1946.55,37.29,33.03,1.54,1608.18,35.15,-38.33,-43.67,-64.05,-27.88,13.19,113.84,-0.07,-5.15,-14.11,1063.44,31.44,31.72,1288.78,31.78,30.03,1.48,964.24,29.33,-42.99,-40.94,-52.68,-25.58,8.48,144.97,-0.08,-12.79,-7.41,821.81,26.95,-5.99,937.92,14.94,32.98,2.96,-66.47,-65.24,839.16,26.44,-5.21,869.22,14.4,31.72,2.68,-66.82,-66.87,187.06,24.92,-4.97,612.09,14.19,29.83,-40.59,-40.64,-54.7,-57.63,1.75,-1.32,-1.17,0.06,5,0,0
240,1,240,917.6,33.99,34.01,1930.36,37.18,33.02,1.54,1583.59,35.61,-40.98,-43.98,-65.1,-27.47,13.23,112.44,-0.07,-5.23,-13.6,1063.16,31.42,31.71,1280.73,31.89,30.04,1.48,956.29,29.62,-41.65,-41.02,-52.96,-26.51,8.46,143.89,-0.08,-12.29,-7.22,830.05,26.93,-6.07,929.89,14.98,33.04,2.7,-66.56,-65.21,832.03,26.44,-5.11,860.61,14.56,31.63,2.67,-67.11,-66.51,177.69,24.92,-4.62,603.25,14.4,29.48,-40.83,-40.43,-54.57,-58.75,1.7,-1.33,-1.21,0.06,5,0,0
241,1,241,879.29,33.94,33.97,1880.46,37.86,33.02,1.52,1550.83,36.37,-41.08,-43.03,-62.03,-27.49,13.63,107.58,-0.07,-4.86,-13.53,1018.92,31.31,31.68,1272.05,31.92,30.03,1.48,959.97,29.48,-41.56,-43.3,-51.47,-27.76,8.45,140.24,-0.09,-12.16,-7.21,799.42,26.94,-6.3,903.85,15.46,33.28,2.86,-66.8,-65.6,794.9,26.43,-4.82,837.77,14.91,31.32,3.25,-66.29,-65.81,161.94,24.91,-4.14,603.26,14.37,29,-40.59,-39.83,-55.1,-59.57,1.68,-1.3,-1.15,0.06,5,0,0
242,1,242,886.28,33.95,34.07,1956.25,37.15,33.03,1.53,1625.01,34.76,-38.27,-43.9,-65.42,-27.27,13.2,111.74,-0.07,-4.44,-12.13,1035.1,31.3,31.64,1257.38,32,30.04,1.47,950.19,29.83,-41.28,-40.6,-51.25,-25.23,8.82,138.15,-0.08,-12.01,-6.33,801.68,26.95,-5.54,928.31,15.08,32.53,3.54,-64.96,-64.17,823.77,26.44,-5.02,855.77,14.65,31.54,2.76,-67.22,-66.89,188.88,24.91,-4.64,592.77,14.63,29.5,-40.4,-40.24,-54.77,-57.47,1.77,-1.32,-1.18,0.06,5,0,0
243,1,243,895.67,34.01,34.03,1951.62,36.93,33.03,1.54,1611.71,35.06,-38.71,-43.46,-64.03,-28.02,13.49,108.84,-0.07,-5.07,-13.59,1050.15,31.45,31.73,1287.51,31.92,30.04,1.48,957.36,29.57,-42.66,-42.73,-52.84,-28.14,8.68,137.01,-0.08,-12.35,-7.19,815.6,26.95,-6.18,929.53,15.08,33.17,3.08,-65.78,-64.94,820.14,26.44,-5.19,850.21,14.73,31.7,2.82,-66.68,-66.66,170.51,24.91,-4.59,600.58,14.43,29.45,-40.33,-39.78,-55.22,-58.76,1.69,-1.32,-1.17,0.06,5,0,0
244,1,244,918.31,34.04,34.15,1992.38,37.1,33.02,1.54,1630.81,34.61,-38.9,-43.84,-65.32,-28.42,13.44,106,-0.08,-4.59,-12.5,1075.2,31.39,31.68,1267.06,32.04,30.03,1.47,943.77,29.93,-41.57,-40.9,-51.73,-28.4,8.93,134.01,-0.07,-12.37,-6.43,838.51,26.95,-5.58,955.44,14.67,32.58,3.04,-66.32,-65.1,843.7,26.44,-5.19,866.31,14.46,31.7,2.56,-67.73,-67.25,182.13,24.9,-4.88,589.63,14.67,29.73,-41.24,-40.89,-54.96,-58.33,1.67,-1.35,-1.2,0.06,5,0,0
245,1,245,891.54,34.01,34.06,1958.53,37.03,33.03,1.53,1613.19,35.04,-38.5,-44.33,-64.97,-27.74,13.45,109.92,-0.07,-5.01,-13.69,1033.29,31.44,31.76,1280.23,32.28,30.03,1.47,949.75,29.77,-43.43,-40.04,-51.54,-26.86,8.78,135.9,-0.08,-12.52,-7.02,816.99,26.95,-6,933.36,15.01,32.99,3.32,-65.56,-64.5,820.11,26.44,-5.27,853.1,14.69,31.79,2.67,-67.49,-67.45,180.99,24.92,-4.75,595.91,14.57,29.62,-40.64,-40.7,-54.78,-58.44,1.72,-1.31,-1.15,0.06,5,0,0
246,1,246,918.26,33.99,34.06,1950.77,37.15,33.03,1.53,1614.81,34.97,-40.43,-43.98,-64.92,-27.58,13.22,112.12,-0.06,-4.51,-12.47,1064.91,31.33,31.66,1286.04,31.39,30.04,1.48,967.48,29.3,-42.29,-39.41,-51.43,-25.19,8.6,138.82,-0.08,-12.36,-6.45,826.57,26.95,-5.75,939.18,14.91,32.74,3.09,-65.86,-64.96,844.16,26.45,-4.96,871.71,14.39,31.49,2.68,-67.26,-66.84,201.35,24.91,-4.84,606.27,14.32,29.7,-40.28,-40.49,-54.55,-57.38,1.82,-1.34,-1.2,0.06,5,0,0
247,1,247,907.81,34.06,34.1,1961.9,37.29,33.03,1.54,1605.79,35.2,-39.64,-43.74,-65.57,-27.72,13.42,110.34,-0.07,-5.11,-13.73,1059.28,31.5,31.77,1292.75,32.02,30.04,1.47,962.65,29.42,-42.03,-42.24,-51.92,-26.06,8.85,137.72,-0.08,-12.49,-7.17,831.34,26.96,-6.05,940.73,14.91,33.04,2.97,-66.26,-65.08,844.3,26.45,-5.45,873.19,14.38,31.98,2.49,-67.63,-67.41,190.61,24.92,-5.14,609.07,14.26,30.01,-40.67,-40.72,-54.38,-57.75,1.75,-1.32,-1.16,0.06,5,0,0
248,1,248,915.13,34.01,34.06,1939.11,37.42,33.03,1.53,1599.68,35.34,-39.4,-43.64,-64.55,-27.75,13.51,109.14,-0.07,-4.55,-12.25,1054.87,31.29,31.58,1262.04,31.43,30.04,1.49,957.77,29.61,-39.77,-41.41,-51.86,-26.94,8.88,135.53,-0.08,-11.95,-6.53,821.26,26.95,-5.94,932.66,15.02,32.93,3.04,-66.05,-64.83,835.24,26.44,-5.05,860.43,14.56,31.56,2.83,-67.17,-66.69,187.41,24.91,-4.65,604,14.35,29.51,-40.21,-39.76,-54.61,-57.59,1.78,-1.34,-1.2,0.07,5,0,0
249,1,249,914.76,34.06,34.1,1982.26,36.87,33.02,1.54,1621.68,34.8,-38.65,-43.92,-64.07,-28.25,13.29,110.66,-0.07,-5.05,-13.89,1074.74,31.45,31.72,1288.43,31.79,30.03,1.47,952.1,29.67,-42.15,-40.79,-52.05,-27.39,8.57,138.64,-0.08,-12.57,-7.2,843,26.94,-6.07,952.63,14.67,33.05,2.87,-66.29,-65.14,843.78,26.45,-5.32,867.41,14.47,31.84,2.53,-67.14,-67.16,179.18,24.91,-4.94,591.9,14.66,29.8,-41.06,-40.81,-55.25,-58.53,1.67,-1.32,-1.17,0.06,5,0,0
250,1,250,912.05,34.04,34.13,1974.1,37.34,33.02,1.54,1613.78,34.98,-38.9,-43.63,-65.57,-27.78,13.28,110.39,-0.08,-4.48,-12.3,1045.62,31.31,31.6,1232.91,32.38,30.04,1.47,921.1,30.71,-40.55,-41.91,-51.23,-27.62,8.81,137.81,-0.07,-12.03,-6.08,818.4,26.95,-5.7,938.43,14.92,32.69,3.32,-65.51,-64.5,811.15,26.44,-5.24,835.14,15,31.76,2.82,-67.14,-66.97,166,24.91,-4.53,568.87,15.22,29.39,-40.99,-40.16,-55.18,-59.54,1.66,-1.33,-1.18,0.06,5,0,0
251,1,251,909.55,34.02,34.03,1940.76,37.17,33.03,1.53,1592.74,35.46,-38.8,-43.64,-63.75,-28.23,13.54,108.22,-0.07,-4.92,-13.7,1068.73,31.42,31.68,1261.82,32.17,30.03,1.47,934.63,30.2,-41.14,-41.11,-52.78,-28.92,8.63,137.06,-0.07,-12.64,-6.91,835.54,26.93,-6.24,936.33,14.89,33.21,2.76,-66.73,-65.31,822.42,26.44,-5.35,846.73,14.81,31.87,2.75,-67.26,-66.79,161.1,24.91,-4.67,588.08,14.72,29.52,-41.4,-40.58,-54.92,-60.23,1.59,-1.31,-1.16,0.06,5,0,0
252,1,252,921.51,34.05,34.11,1985.43,36.95,33.03,1.53,1624.76,34.79,-38.94,-43.99,-65.19,-28.07,13.72,104.86,-0.07,-4.47,-12.25,1074.5,31.37,31.66,1260.35,32.07,30.04,1.47,940.32,30.12,-41.4,-40.63,-51.81,-27.21,9.22,131.75,-0.07,-11.72,-6.29,836.31,26.95,-5.77,948.39,14.77,32.76,3.03,-65.94,-64.63,855.72,26.45,-5.24,874.64,14.35,31.76,2.45,-67.53,-67.31,197.54,24.92,-5,587.17,14.78,29.87,-40.86,-40.77,-54.7,-57.57,1.77,-1.34,-1.21,0.06,5,0,0
253,1,253,900.86,34.02,34.06,1939.81,37.38,33.03,1.53,1595.17,35.44,-38.76,-43.85,-65.05,-27.95,13.63,106.7,-0.07,-4.96,-13.66,1050.11,31.41,31.66,1261.86,32.01,30.03,1.47,942.52,29.96,-41.64,-41.06,-51.89,-28.12,9.02,132.48,-0.07,-12.66,-7.03,823.71,26.96,-6.14,932.15,15.05,33.14,3.06,-66.17,-65.15,825.62,26.44,-5.55,851.06,14.73,32.07,2.74,-67.34,-66.63,175.03,24.91,-5.08,588.38,14.73,29.94,-41.02,-40.56,-54.84,-58.58,1.7,-1.33,-1.17,0.06,5,0,0
254,1,254,916.05,33.97,34.03,1934.71,37.22,33.03,1.54,1601.83,35.27,-39.98,-43.98,-64.61,-27.91,13.18,112.05,-0.07,-4.73,-12.68,1067.33,31.39,31.68,1270.04,32,30.04,1.48,949.67,29.8,-41.71,-39.98,-52.03,-26.8,8.44,143.2,-0.08,-12.47,-6.43,828.08,26.95,-5.8,937.25,14.95,32.79,2.84,-66.23,-65.1,832.88,26.45,-5.04,861.36,14.56,31.56,2.69,-66.73,-66.85,177.42,24.9,-4.72,598.39,14.47,29.56,-41.13,-40.89,-54.86,-58.24,1.66,-1.35,-1.21,0.07,5,0,0
255,1,255,919.12,34.1,34.11,1956.58,37.53,33.03,1.53,1587.61,35.59,-39.24,-43.59,-64.89,-27.4,13.14,113.73,-0.07,-4.84,-13.65,1070.18,31.53,31.8,1297.01,32.16,30.04,1.48,953.08,29.73,-41.98,-39.99,-51.81,-25.38,8.34,148.2,-0.08,-12.34,-6.92,843.11,26.92,-6.3,939.88,14.8,33.26,2.59,-66.84,-65.18,832.95,26.45,-5.38,862.23,14.56,31.9,2.49,-67.07,-66.71,173.74,24.9,-4.97,595.17,14.55,29.82,-41.14,-41.03,-54.79,-58.91,1.66,-1.31,-1.14,0.06,5,0,0
256,1,256,918.56,34.01,34.08,1968.58,37,33.04,1.54,1625.05,34.84,-40.52,-43.82,-66.4,-27.83,13.38,109.49,-0.07,-4.63,-12.29,1056.76,31.38,31.63,1246.7,32.25,30.05,1.47,931.55,30.45,-41.7,-41.21,-51.4,-27.17,8.71,141.05,-0.07,-12.43,-6.05,826.65,26.95,-5.73,944.27,14.84,32.72,3.05,-65.8,-64.9,821.27,26.45,-5.38,845.36,14.85,31.9,2.68,-67.16,-66.86,168.3,24.88,-4.93,579.37,14.86,29.75,-41.6,-41.02,-54.7,-59.32,1.61,-1.33,-1.18,0.07,5,0,0
257,1,257,911.33,34.01,34.06,1970.45,36.77,33.03,1.53,1627.27,34.75,-37.58,-43.36,-63.86,-28.02,13.42,111.54,-0.07,-5.08,-13.89,1060.05,31.43,31.7,1277.21,31.95,30.04,1.47,952.17,29.75,-42.03,-43.79,-52.17,-27.48,8.78,139.08,-0.08,-12.43,-7.16,836.07,26.94,-6.09,944.44,14.8,33.07,2.99,-66.21,-64.85,831.31,26.44,-5.35,857.67,14.62,31.87,2.69,-67.15,-67.31,177.56,24.91,-4.96,593.21,14.62,29.81,-41.09,-40.59,-54.7,-58.23,1.69,-1.33,-1.17,0.06,5,0,0
258,1,258,908.06,33.97,34.03,1916.67,37.58,33.04,1.52,1589.3,35.64,-39.47,-43.76,-64.71,-28.07,13.6,107.31,-0.07,-4.51,-12.14,1052.18,31.33,31.64,1258.56,31.96,30.02,1.47,942.72,29.91,-41.97,-40.49,-51.74,-29.69,8.94,131.62,-0.08,-12.19,-6.21,823.44,26.95,-6.02,927.78,15.11,33.01,2.92,-66.52,-65.01,819.27,26.44,-5.05,849.07,14.76,31.57,2.85,-67.1,-66.33,172.2,24.92,-4.6,586.78,14.79,29.46,-41.06,-40.39,-55.1,-59.26,1.67,-1.33,-1.18,0.06,5,0,0
259,1,259,912.32,34.12,34.17,1995.4,37.25,33.03,1.53,1615.96,34.98,-38.79,-43.57,-65.91,-27.89,13.19,113.62,-0.07,-4.71,-13.61,1078.55,31.5,31.77,1289.74,32.13,30.03,1.47,949.46,29.8,-41.5,-41.05,-51.83,-26.26,8.43,143.69,-0.08,-12.32,-7,842.68,26.94,-5.98,951.95,14.68,32.96,2.87,-66.41,-65.22,833.85,26.45,-5.38,861.91,14.56,31.9,2.58,-67.36,-66.48,169.38,24.88,-4.95,594.2,14.49,29.78,-41.6,-41.09,-54.73,-59.33,1.63,-1.31,-1.15,0.06,5,0,0
260,1,260,933.08,34.03,34.05,1952.35,37.06,33.03,1.53,1598.13,35.39,-41.16,-43.72,-64.97,-27.64,13.55,109.53,-0.07,-4.51,-12.25,1078.93,31.36,31.66,1270.26,31.85,30.02,1.47,942.82,29.93,-41.06,-39.74,-51.77,-26.24,8.64,141.13,-0.08,-12.28,-6.34,847.81,26.92,-6.07,944.29,14.75,33.04,2.6,-67.03,-65.45,847.23,26.45,-5.13,868.87,14.44,31.66,2.5,-67.16,-67.03,181.35,24.91,-4.73,586.51,14.78,29.59,-41.17,-40.75,-54.92,-58.5,1.68,-1.34,-1.21,0.06,5,0,0
301,1,301,910.6,33.99,33.99,1947.54,38.35,33.03,1.52,1584.01,35.94,-39.25,-43.8,-65.06,-28.03,12.94,116.44,-30.2,-26.52,-26.2,1075.72,31.31,31.68,1279.57,32.89,30.04,1.46,945.37,29.97,-40.54,-43.85,-52.75,-26.7,8.09,153.32,-34.66,-36.9,-25.97,931.13,26.99,-5.97,987.84,14.63,33.59,3,-68.49,-67.09,913.14,26.53,-4.71,899.82,14.45,32.05,2.92,-67.32,-65.81,171.88,24.9,-4.15,589.15,14.61,29.25,-40.49,-40.18,-55.02,-59.53,1.76,-1.45,-1.17,-0.01,5,0,0
302,1,302,911.71,33.95,33.94,1899.21,38.84,33.04,1.5,1545.4,36.87,-39.35,-43.31,-64.33,-28.17,13.5,111.47,-30.35,-26.74,-26.39,1075.05,31.14,31.45,1214.49,32.9,30.03,1.45,906.22,31.16,-37.39,-42.5,-51.67,-27.89,8.85,143.05,-34.45,-37.14,-26.11,933.36,27.02,-6.29,975.02,14.91,33.93,2.81,-70.01,-68.05,918.09,26.54,-5.04,892.15,14.59,32.38,2.83,-66.79,-66.92,171.85,24.93,-4.37,557.97,15.49,29.5,-40.51,-39.6,-54.99,-59.79,1.72,-1.43,-1.16,-0.01,5,0,0
303,1,303,906.57,33.93,33.9,1871.21,39.1,33.04,1.5,1524.72,37.34,-38.38,-43.97,-65.05,-28,13.69,110.95,-30.08,-26.49,-26.1,1064.61,31.31,31.63,1247.19,33.41,30.03,1.44,924.86,30.52,-39.84,-41.97,-52.23,-27.55,9.21,139.74,-34.39,-37.97,-25.64,923.53,27.01,-6.39,963.01,15.05,34.01,2.81,-69.76,-67.77,924.47,26.54,-5.01,906.52,14.36,32.36,2.81,-67.21,-65.87,187.97,24.9,-4.65,577.55,14.89,29.75,-40.34,-40.17,-54.78,-58.32,1.82,-1.39,-1.12,-0.01,5,0,0
304,1,304,889.07,34.01,34.03,1927.51,39.09,33.03,1.5,1568.88,36.22,-39.93,-43.98,-65.06,-28.17,13.53,110.33,-30.17,-26.7,-26.3,1045.69,31.21,31.54,1229.51,33.14,30.04,1.45,917.86,30.85,-39.17,-41.3,-52.46,-27.82,8.83,142.28,-35.01,-37.59,-25.82,902.37,26.99,-6.15,967.82,14.91,33.76,3.12,-68.96,-66.84,893.97,26.54,-4.99,879.51,14.79,32.33,2.91,-67.44,-66.53,172.83,24.92,-4.36,566.77,15.24,29.48,-40.35,-39.72,-54.98,-59.42,1.75,-1.42,-1.15,-0.01,5,0,0
305,1,305,921.85,33.92,33.88,1893.8,38.48,33.04,1.51,1545.48,36.88,-41.44,-43.75,-64.47,-27.78,13.2,114.87,-30.14,-26.5,-26.2,1083.79,31.23,31.53,1227.33,33.13,30.01,1.44,906.16,30.99,-40.31,-40.95,-51.15,-26.04,8.9,143.18,-33.18,-36.07,-25.87,942.29,27.02,-6.37,980.2,14.82,34,2.74,-69.91,-68.26,946.71,26.57,-5.21,918.86,14.25,32.58,2.76,-67.28,-67.43,194.83,24.9,-4.79,564.24,15.23,29.9,-40.37,-40.3,-55.16,-58.46,1.82,-1.44,-1.15,-0.01,5,0,0
306,1,306,919.16,33.94,33.92,1911.83,38.45,33.05,1.51,1558.2,36.62,-40.17,-43.35,-64.96,-28.15,13.47,111.58,-30.17,-26.59,-26.26,1090.35,31.32,31.66,1277.44,32.84,30.03,1.45,940.37,30.08,-39.39,-42.21,-52.1,-28.36,8.77,142.45,-35.11,-37.38,-25.9,942.54,27.02,-6.27,983.19,14.77,33.9,2.74,-69.69,-68.08,933.27,26.54,-4.82,914.17,14.25,32.17,2.81,-67.06,-66.99,178.87,24.9,-4.41,585.9,14.66,29.51,-40.49,-40.13,-55.04,-59.31,1.76,-1.44,-1.16,-0.01,5,0,0
307,1,307,903.77,33.9,33.88,1859.91,39.18,33.04,1.5,1518.55,37.49,-41.13,-43.79,-64.84,-27.61,13.29,114.89,-30.08,-26.49,-26.11,1052.48,31.33,31.68,1267.59,33.25,30.03,1.44,939.65,30.08,-40.9,-43.74,-52.56,-26.96,8.71,145.75,-34.89,-37.43,-25.7,917.85,27,-6.36,957.27,15.12,33.98,2.87,-69.52,-67.98,905.48,26.54,-4.83,894.74,14.55,32.17,2.94,-66.52,-67.28,178.02,24.92,-4.3,584.55,14.77,29.42,-40.17,-39.78,-54.64,-59.03,1.8,-1.42,-1.15,-0.01,5,0,0
308,1,308,888.07,33.89,33.91,1906.89,38.45,33.04,1.51,1570.15,36.34,-38.27,-43.91,-62.88,-27.85,13.56,111.4,-30.25,-26.58,-26.23,1031.84,31.11,31.51,1232.01,32.86,30.04,1.46,925.16,30.63,-39.73,-42.73,-50.06,-27.53,8.87,141.78,-33.37,-36.21,-26.32,897.97,26.99,-6.11,961.93,15.02,33.73,3.14,-68.26,-66.38,887.8,26.53,-4.67,878.2,14.8,32.01,2.92,-67.03,-67.18,169.51,24.92,-3.87,573.86,15.05,28.99,-40.04,-39.36,-55.49,-60.12,1.73,-1.4,-1.14,-0.01,5,0,0
309,1,309,907.55,33.93,33.92,1893.83,38.77,33.03,1.51,1549.14,36.73,-40.5,-43.54,-64.8,-27.67,13.43,113.68,-30.1,-26.43,-26.06,1064.2,31.22,31.54,1220.95,33.39,30.01,1.44,907.44,30.97,-39.47,-42.33,-52.2,-25.21,8.99,144.21,-34.11,-37.23,-25.7,920.03,27,-6.25,967.84,14.97,33.88,2.89,-69.25,-67.32,936.04,26.54,-5.07,911.84,14.28,32.42,2.76,-67.15,-66.26,202.83,24.91,-4.76,563.92,15.28,29.88,-40.11,-39.9,-54.88,-58.22,1.9,-1.41,-1.14,-0.01,5,0,0
310,1,310,903.01,33.96,33.95,1900.55,38.96,33.04,1.51,1549.18,36.78,-40.16,-43.32,-65.28,-27.84,13.15,116.24,-29.97,-26.41,-26.06,1070.82,31.2,31.52,1223.83,33.16,30.02,1.45,910.57,30.94,-38.8,-42.5,-51.85,-26.15,8.64,148.2,-34.63,-39.16,-25.74,924.48,27.01,-6.29,972.48,14.92,33.92,2.87,-69.44,-67.79,923.09,26.54,-5.03,899.48,14.49,32.39,2.8,-67.2,-66.6,183.11,24.93,-4.52,566.82,15.25,29.65,-40.37,-39.94,-55.07,-58.86,1.76,-1.4,-1.14,-0.01,5,0,0
311,1,311,908.87,33.81,33.76,1860.34,38.1,33.03,1.51,1537.15,37.01,-39.47,-43.68,-64.37,-27.85,13.59,112.54,-29.94,-26.29,-25.95,1077.31,31.2,31.51,1222.24,33.16,30.02,1.44,908.14,31.01,-40.07,-42.38,-51.98,-27.36,9,142.16,-33.22,-36.91,-25.63,925.02,27.01,-6.42,963.72,15.06,34.05,2.78,-69.29,-68.1,924.64,26.54,-5.02,899.61,14.48,32.37,2.79,-67.17,-66.29,177.36,24.92,-4.47,562.76,15.32,29.59,-40.55,-39.98,-55.17,-59.45,1.74,-1.44,-1.17,-0.01,5,0,0
312,1,312,894.57,33.98,34.01,1954.84,38.32,33.03,1.52,1591.98,35.69,-39.48,-43.6,-65.31,-28.27,13.16,114.55,-30.22,-26.56,-26.18,1077.97,31.27,31.6,1247.28,33.15,30.04,1.45,923.58,30.66,-40.74,-42.51,-51.43,-27.73,8.65,146.6,-34.31,-36.75,-25.88,923.36,26.99,-5.99,984.78,14.68,33.61,3.01,-69.03,-67.29,919.2,26.54,-4.93,899.21,14.48,32.28,2.81,-67.77,-66.78,174.74,24.91,-4.41,569.36,15.11,29.52,-40.77,-40.18,-55.13,-59.57,1.7,-1.4,-1.14,-0.01,5,0,0
313,1,313,914.1,33.88,33.83,1870.66,38.54,33.04,1.51,1531.74,37.17,-40.3,-44.02,-64.27,-28.12,13.63,110.05,-30.09,-26.47,-26.16,1084.06,31.2,31.52,1237.18,32.8,30.02,1.45,922.55,30.54,-39.58,-41.84,-51.92,-27.9,8.9,143.08,-34.07,-36.97,-25.86,935.58,27.01,-6.4,970.06,14.96,34.04,2.76,-69.85,-68.15,931.28,26.54,-4.99,907.44,14.34,32.33,2.84,-68.22,-66.61,181.5,24.9,-4.43,574.27,14.98,29.53,-40.35,-39.93,-55.16,-58.96,1.8,-1.44,-1.18,-0.01,5,0,0
314,1,314,882.58,33.92,33.89,1888.22,38.68,33.03,1.5,1542.71,36.88,-39.6,-43.59,-64.93,-28.24,13.85,106.29,-29.98,-26.43,-26.07,1051.75,31.19,31.51,1213.14,33.43,30.04,1.45,907.73,31.18,-39.24,-42.11,-52.95,-28,9.2,139.3,-34.1,-37.78,-25.68,901.29,27,-6.31,956.65,15.13,33.93,3.06,-68.33,-66.71,906.27,26.54,-5.04,886.93,14.7,32.39,2.83,-67.56,-67.05,182.37,24.92,-4.51,562.72,15.35,29.64,-40.31,-39.78,-54.96,-58.89,1.77,-1.44,-1.18,-0.01,5,0,0
315,1,315,914.75,33.96,33.97,1949.72,38.08,33.03,1.51,1588.81,35.78,-38.5,-44.24,-65.21,-28.34,13.24,114.25,-30.11,-26.51,-26.16,1090.06,31.38,31.76,1307,32.8,30.02,1.45,957.61,29.46,-42.21,-43.06,-53.19,-27.86,8.56,144.44,-34.95,-36.13,-25.84,945.03,27,-6.04,996.01,14.54,33.67,2.91,-68.82,-67.13,935.01,26.54,-4.64,921.86,14.12,31.98,2.86,-66.97,-65.59,180.07,24.91,-4.21,601.67,14.32,29.32,-40.22,-40.03,-54.85,-58.92,1.77,-1.45,-1.18,-0.01,5,0,0
316,1,316,911.33,33.99,34,1939.32,38.55,33.04,1.5,1579.5,36.05,-38.88,-43.73,-64.64,-27.94,13.37,114.71,-30.32,-26.71,-26.38,1082.05,31.35,31.7,1270.15,33.28,30.03,1.44,934.88,30.19,-41.94,-41.84,-52.9,-25.47,8.89,145.14,-34.94,-37.24,-26.01,935.14,27.01,-6.16,988.29,14.66,33.79,2.93,-68.81,-66.84,943.33,26.55,-4.94,923.11,14.12,32.29,2.76,-66.73,-67.27,196.34,24.91,-4.68,590.28,14.6,29.79,-40.11,-40.21,-54.84,-57.74,1.85,-1.45,-1.18,-0.01,5,0,0
317,1,317,886.85,33.85,33.83,1918.06,37.47,33.02,1.52,1576.77,36,-38.42,-44.65,-63.68,-27.63,13.54,112.41,-30.19,-26.61,-26.27,1035.03,31.19,31.55,1253.02,32.6,30.04,1.46,928.26,30.48,-39.69,-39.45,-52.31,-26.81,8.75,141.51,-34.53,-36.46,-25.91,900.48,26.98,-6.16,966.09,14.92,33.76,3.27,-66.78,-65.56,893.04,26.53,-4.95,885.43,14.68,32.29,2.93,-66.96,-66.46,174.32,24.93,-4.32,573.39,15.08,29.45,-40.18,-39.87,-55.27,-59.06,1.76,-1.46,-1.18,-0.01,5,0,0
318,1,318,912.53,33.87,33.84,1874.15,38.55,33.03,1.51,1541.05,36.87,-39.17,-43.08,-64.21,-27.29,13.25,113.76,-29.84,-26.26,-25.92,1080.24,31.23,31.56,1238.29,33.1,30.02,1.45,922.4,30.56,-39.01,-43.53,-52.3,-24.12,8.66,148.76,-34.48,-38.37,-25.76,923.13,27.01,-6.27,963.99,15.05,33.9,2.82,-69.76,-67.85,950.02,26.55,-4.98,924.89,14.1,32.34,2.73,-67.45,-66.78,207.95,24.93,-4.67,577.12,14.99,29.8,-39.84,-39.76,-54.84,-57.91,1.93,-1.44,-1.17,-0.01,5,0,0
319,1,319,902.23,33.92,33.92,1921.35,38.21,33.03,1.51,1572.47,36.13,-38.73,-44.26,-64.97,-28.12,13.76,107.86,-30.04,-26.44,-26.13,1055.04,31.3,31.64,1260.01,33.11,30.03,1.44,929.74,30.39,-41.56,-43.64,-52.15,-28.7,9.21,136.58,-32.65,-35.72,-25.87,915.94,26.99,-6.15,975.41,14.8,33.76,3.07,-68.39,-66.59,902.98,26.54,-4.96,889.01,14.63,32.3,2.89,-67.83,-66.6,174.59,24.93,-4.38,582.36,14.87,29.52,-40.25,-39.85,-54.85,-59.53,1.78,-1.44,-1.16,-0.01,5,0,0
320,1,320,905.33,33.91,33.88,1883.23,38.7,33.04,1.5,1535.52,37.15,-39.43,-43.71,-64.45,-28.02,13.42,113.91,-30.03,-26.4,-26.09,1077.41,31.19,31.51,1236.58,32.79,30.04,1.45,913.9,31,-40.69,-41.93,-51.8,-29.6,8.58,145.99,-34.13,-37.41,-25.93,925.93,27.01,-6.44,969.02,14.98,34.07,2.84,-69.59,-67.41,891.19,26.53,-4.9,871.59,14.93,32.24,2.91,-66.35,-66.86,154.91,24.91,-4.08,561.53,15.32,29.19,-40.84,-39.83,-55.68,-61.28,1.63,-1.45,-1.17,-0.01,5,0,0
321,1,321,913.76,33.94,33.93,1913.3,38.52,33.03,1.51,1562.26,36.43,-41.07,-43.73,-64.52,-28.22,13.33,111.55,-30.35,-26.7,-26.36,1085.3,31.13,31.45,1219.07,32.75,30.02,1.46,907.88,31.03,-39.08,-41.01,-50.38,-27.13,8.72,144.74,-33.52,-35.66,-26.16,939.31,27,-6.13,982.11,14.74,33.75,2.82,-70,-67.6,927.33,26.54,-5.03,901.23,14.44,32.37,2.84,-67.11,-66.23,177.46,24.93,-4.36,559.71,15.45,29.49,-40.5,-39.85,-55.28,-59.53,1.73,-1.46,-1.18,-0.01,5,0,0
322,1,322,884.72,33.87,33.88,1875.79,38.8,33.04,1.51,1540.46,36.99,-39.09,-43.96,-63.53,-27.84,13.3,113.34,-30.16,-26.57,-26.15,1033.75,31.22,31.64,1257.33,33.18,30.02,1.46,937.15,30.07,-41.18,-43.39,-52.06,-27.67,8.42,147.42,-34.36,-37.86,-25.68,901.33,27,-6.16,954.59,15.17,33.78,3.04,-68.96,-66.88,886.89,26.53,-4.56,882.79,14.73,31.9,2.99,-66.58,-66.43,170.06,24.92,-3.81,583.71,14.81,28.94,-39.96,-39.45,-55.09,-59.5,1.75,-1.42,-1.15,-0.01,5,0,0
323,1,323,911.01,33.94,33.93,1922.21,38.27,33.04,1.51,1573.9,36.23,-38.99,-43.67,-65.06,-27.75,13.34,114.52,-30.11,-26.48,-26.13,1070.18,31.25,31.57,1243.81,33.03,30.01,1.44,920.83,30.55,-40.92,-44.99,-51.71,-25.66,8.76,147.16,-32.96,-35.93,-25.91,930.49,27,-6.12,980.99,14.77,33.75,2.92,-68.84,-66.98,928.48,26.54,-5.02,906.57,14.37,32.37,2.79,-66.84,-66.29,189.66,24.92,-4.61,573.26,15.05,29.73,-40.21,-39.87,-54.94,-58.66,1.84,-1.45,-1.17,-0.01,5,0,0
324,1,324,902.08,33.89,33.85,1874.33,38.6,33.05,1.51,1541.76,37.02,-39.75,-43.73,-64.77,-27.91,13.58,110.24,-29.82,-26.25,-25.85,1070.34,31.23,31.56,1227.99,33.35,30.02,1.45,915.69,30.75,-38.86,-44.22,-51.96,-26.42,8.91,144.45,-34.89,-39.46,-25.64,920.62,27.01,-6.39,963.58,15.07,34.03,2.83,-69.46,-67.65,927.24,26.55,-4.94,905.54,14.4,32.29,2.8,-68.51,-66.04,189.48,24.93,-4.55,571.85,15.12,29.68,-40.32,-39.88,-54.88,-58.15,1.78,-1.42,-1.15,-0.01,5,0,0
325,1,325,907.41,33.95,33.96,1942.75,38.17,33.03,1.52,1591.97,35.72,-39.3,-44.06,-64.52,-28.42,13.35,110.47,-30.23,-26.56,-26.2,1080.5,31.24,31.59,1266.02,32.59,30.04,1.46,946.46,29.94,-40.1,-42.36,-52.05,-27.6,8.7,142.53,-34.88,-37.26,-26.02,934.28,27,-5.95,990.16,14.62,33.58,3,-68.96,-66.79,931.47,26.54,-4.75,913.75,14.24,32.09,2.87,-66.85,-66.34,183.44,24.92,-4.24,591.94,14.61,29.37,-40.08,-39.7,-54.86,-58.66,1.81,-1.45,-1.19,-0.01,5,0,0
326,1,326,911,33.81,33.78,1843.03,38.61,33.01,1.5,1517.65,37.32,-39.12,-42.91,-64.45,-27.78,13.32,114.31,-30.13,-26.49,-26.13,1078.27,31.2,31.5,1225.46,33.01,30.02,1.45,912.7,30.9,-38.91,-42.06,-51.87,-26.38,8.83,145.72,-33.82,-37.96,-25.79,922.48,27.01,-6.53,956.58,15.18,34.16,2.68,-70.34,-68.75,928.74,26.54,-5.05,903.81,14.42,32.4,2.8,-67.72,-66.38,183.29,24.9,-4.62,567.84,15.14,29.73,-40.54,-40.03,-55.11,-58.86,1.76,-1.44,-1.18,-0.01,5,0,0
327,1,327,871.21,33.89,33.85,1854.47,39.03,33.04,1.5,1520.48,37.46,-41.41,-43.89,-64.83,-28.06,13.82,107.88,-29.9,-26.36,-25.99,1057.51,31.29,31.63,1242.76,33.51,30.01,1.44,916.77,30.67,-39.4,-41.99,-52.93,-27.55,9.16,137.76,-33.91,-37.98,-25.56,906.62,27,-6.41,952.01,15.21,34.04,2.92,-68.75,-67.35,926.01,26.54,-4.98,906.72,14.37,32.33,2.77,-66.94,-66.54,194.84,24.93,-4.43,580.05,14.91,29.56,-39.71,-39.66,-54.81,-58.11,1.87,-1.43,-1.16,-0.02,5,0,0
328,1,328,905.91,33.96,33.97,1947.15,38.17,33.04,1.51,1592.85,35.75,-39.89,-43.39,-65.2,-28.28,13.46,111.13,-30.08,-26.46,-26.13,1072.45,31.33,31.71,1301.63,32.53,30.02,1.45,959.79,29.38,-42.77,-42.59,-52.48,-28.31,8.7,141.74,-34.06,-36.35,-26.14,930.32,26.99,-6.06,988.9,14.6,33.67,3.03,-69.16,-66.79,920.28,26.54,-4.69,909.48,14.3,32.04,2.93,-67.74,-66.91,178.26,24.93,-4.22,603.61,14.35,29.35,-40.08,-39.8,-54.76,-58.73,1.79,-1.45,-1.18,-0.01,5,0,0
329,1,329,912.86,33.93,33.93,1915.91,38.39,33.03,1.51,1575.45,36.13,-39.28,-43.54,-64.97,-27.59,13.33,113.04,-29.86,-26.22,-25.92,1077.37,31.26,31.62,1279.43,32.5,30.02,1.46,955.76,29.5,-40.39,-42.03,-52.92,-24.86,8.5,148.15,-35,-36.9,-25.85,927.33,27,-6.07,979.59,14.78,33.7,2.95,-68.88,-67.03,939.84,26.54,-4.64,925,14.06,31.99,2.87,-67.19,-66.18,199.52,24.93,-4.29,606.78,14.27,29.42,-39.82,-39.73,-54.65,-57.79,1.88,-1.46,-1.19,-0.01,5,0,0
330,1,330,884.63,33.9,33.92,1897.71,38.68,33.04,1.52,1560.14,36.55,-38.82,-43.15,-64.41,-28.07,13.27,113.98,-30.01,-26.45,-26.07,1043.72,31.15,31.49,1208.73,33.41,30.03,1.46,902.51,31.29,-38.31,-43.71,-52.81,-27.71,8.77,146.7,-34.3,-38.15,-25.69,900.84,26.98,-6.08,961.82,15,33.68,3.12,-68.81,-66.6,895.16,26.54,-4.84,879.42,14.81,32.19,2.85,-67.97,-67.61,169.24,24.93,-4.11,558.44,15.47,29.24,-40.32,-39.58,-55.38,-59.74,1.75,-1.43,-1.16,-0.01,5,0,0
331,1,331,900.25,33.95,33.96,1908.96,38.85,33.04,1.5,1562.06,36.46,-39.57,-42.78,-65.43,-27.8,13.48,111.03,-30.02,-26.41,-26.07,1053.81,31.24,31.55,1225.49,33.35,30.03,1.44,908.8,31.04,-38.61,-43.69,-51.69,-26.18,9.04,141.68,-33,-36.49,-25.88,913.43,27,-6.19,969.28,14.93,33.81,2.95,-69.22,-66.99,909.39,26.56,-5.2,889.68,14.72,32.58,2.84,-67.41,-65.53,182.11,24.91,-4.68,564.49,15.27,29.8,-40.42,-39.86,-54.96,-59.1,1.77,-1.45,-1.17,-0.01,5,0,0
332,1,332,883.2,33.93,33.94,1898.26,38.85,33.04,1.51,1557.74,36.56,-41.65,-43.28,-64.45,-27.88,13.48,111.51,-29.81,-26.29,-25.94,1044.13,31.27,31.64,1250.99,33.4,30.03,1.45,933.64,30.27,-39.15,-44.02,-52.59,-26.46,8.72,146.74,-34.5,-39.37,-25.7,901.97,27,-6.09,961.12,15.06,33.71,3.06,-69.09,-66.69,901.79,26.53,-4.75,892.37,14.57,32.1,2.91,-67.92,-66.49,180.23,24.92,-4.18,587.99,14.7,29.31,-39.91,-39.59,-54.69,-58.57,1.81,-1.43,-1.16,-0.01,5,0,0
333,1,333,919.21,33.88,33.84,1871.4,38.6,33,1.5,1525.58,37.02,-38.05,-43.54,-64.86,-27.76,13.44,114.25,-29.98,-26.33,-25.96,1080.1,31.15,31.45,1217.25,32.84,30.02,1.45,908.19,31.05,-38.3,-42.58,-51.11,-25.98,8.69,150.42,-34.14,-37.37,-25.68,937.18,27.01,-6.42,971.72,14.94,34.06,2.7,-70.41,-68.31,928.28,26.54,-5,902.3,14.42,32.34,2.82,-66.83,-67.04,178.7,24.91,-4.47,562.43,15.29,29.58,-40.81,-40.02,-55.13,-59.25,1.72,-1.44,-1.17,-0.01,5,0,0
334,1,334,918.44,33.95,33.94,1894.01,39.02,33.04,1.5,1544.93,36.91,-40.91,-43.33,-64.46,-28.12,13.62,110.02,-29.94,-26.34,-25.97,1074.65,31.18,31.49,1241.77,32.48,30.03,1.45,925.91,30.52,-38.37,-40.8,-50.79,-28.17,8.94,140.04,-34.69,-39.93,-25.81,928.24,27.02,-6.35,973.27,14.92,33.99,2.85,-69.41,-68.22,920.32,26.54,-4.98,899.27,14.48,32.33,2.88,-67.63,-67.07,178.62,24.9,-4.45,576.61,14.89,29.55,-40.61,-40.28,-54.94,-59.72,1.74,-1.43,-1.17,-0.01,5,0,0
