Header Section,,,,,,,,,,,,,,,,,,,,,,,,,,,,,,,,,,,,,,,,,,,,
Product,VC7594,,,,,,,,,,,,,,,,,,,,,,,,,,,,,,,,,,,,,,,,,,,
Test Plan,Rev(-),,,,,,,,,,,,,,,,,,,,,,,,,,,,,,,,,,,,,,,,,,,
Release Date,2013/7/24 17:18,,,,,,,,,,,,,,,,,,,,,,,,,,,,,,,,,,,,,,,,,,,
Comment,"201~230 for Rev1.0.6,141~175 Generate in GeradVC7582E4.14.1, 2014/3/6, 231~260 generated in JCETVC7594-31E1.4.1,2014/3/14,#261~295 generated in Gerad7582E2.4.1,2014/3/21",,,,,,,,,,,,,,,,,,,,,,,,,,,,,,,,,,,,,,,,,,,
,,,,,,,,,,,,,,,,,,,,,,,,,,,,,,,,,,,,,,,,,,,,
Data Section,,,,,,,,,,,,,,,,,,,,,,,,,,,,,,,,,,,,,,,,,,,,
Device#,1,2,3,4,5,6,7,8,9,10,11,12,13,14,15,16,17,18,19,20,21,22,23,24,25,26,27,28,29,30,31,32,33,34,35,36,37,38,39,40,41,42,43,44
Test Item,Site No,Device ID,GSM915 Idle Current,GSM915 Max Pout @ 0dBm Drive,GSM915 Max Pout,GSM915 Max Icc,GSM915 Max PAE,GSM915 Rated Pout,GSM915 Rated Vramp,GSM915 Rated Icc,GSM915 Rated PAE,GSM915 2nd har@33dBm,GSM915 3rd har@33dBm,GSM915 Fwd Isolation 1,GSM915 Fwd Isolation 2,GSM915 Pout Leakage@RX1,GSM915 Pout Leakage@RX2,GSM915 CMOS Pout,GSM915 Pout Slope,GSM915 Stress Delta,DCS1910 Idle Current,DCS1910 Max Pout @ 0dBm Drive,DCS1910 Max Pout,DCS1910 Max Icc,DCS1910 Max PAE,DCS1910 Rated Pout,DCS1910 Rated Vramp,DCS1910 Rated Icc,DCS1910 Rated PAE,DCS1910 2nd har@30dBm,DCS1910 3rd har@30dBm,DCS1910 Fwd Isolation 1,DCS1910 Fwd Isolation 2,DCS1910 Pout Leakage@RX1,DCS1910 Pout Leakage@RX2,DCS1910 CMOS Pout,DCS1910 Pout Slope,DCS1910 Stress Delta,Insertion Loss Rx1,Insertion Loss Rx2,Leakage Current,Leakage Current Delay Time,Test Time,Index Time
Low Tolerance,,,60,0.3,0.3,60,,,,60,,2,2,3,2,3,3,,,,60,0.3,0.3,60,,,,60,,3,3,3,3,3,3,,,,0.3,0.3,5,,,
High Tolerance,,,60,0.3,0.3,60,,,,60,,2,2,3,2,3,3,,,,60,0.3,0.3,60,,,,60,,3,3,3,3,3,3,,,,0.3,0.3,5,,,
Enable,,,1,1,1,1,0,0,0,1,0,1,1,0,1,1,1,0,0,0,1,1,1,1,0,0,0,1,0,1,1,1,1,1,1,0,0,0,1,1,1,0,0,0
1,1,1,813.78,34.18,34.37,1888,41.35,33.02,1.5,1542.72,37.1,-40.07,-43.75,-64.35,-26.91,-5.77,-15.54,13.09,111.46,-0.09,983.3,31.74,32.03,1203.31,37.91,30.02,1.42,880.36,32.57,-45.73,-41.98,-50.63,-25.05,-13.11,-6.29,8.98,135.57,-0.08,-1.28,-1.08,0.04,5,0,0
2,1,2,800.96,34.11,34.2,1788.06,42.01,33.03,1.49,1478.66,38.81,-41.76,-42.3,-61.29,-26.77,-5.75,-15.45,13.38,107.94,-0.08,957.28,31.58,32.03,1205.15,37.81,30.03,1.43,886.97,32.44,-48.02,-42.26,-50.57,-27.05,-12.72,-6.39,8.8,132.33,-0.08,-1.28,-1.08,0.04,5,0,0
3,1,3,806,34.13,34.24,1795.72,42.23,33.02,1.49,1478.98,38.71,-40.74,-41.71,-61.14,-26.83,-5.54,-15.4,13.39,105.79,-0.08,958.07,31.58,32,1198.89,37.74,30.03,1.44,883.39,32.6,-48.64,-41.75,-50.71,-28.14,-11.53,-6.37,8.9,129.87,-0.08,-1.28,-1.08,0.04,5,0,0
4,1,4,812.56,34.16,34.17,1757.86,42.42,33.05,1.49,1446.25,39.86,-40.94,-41.73,-61.38,-26.76,-5.93,-15.21,13.46,109.16,-0.06,969.14,31.71,32.06,1205.6,38.07,30.03,1.42,884.02,32.56,-48.25,-43.76,-51.06,-28.31,-11.89,-6.37,9.07,129.68,-0.08,-1.3,-1.08,0.04,5,0,0
5,1,5,808.6,34.24,34.29,1803.42,42.55,33.02,1.47,1473.93,38.88,-40.4,-43.32,-63.87,-26.86,-5.82,-15.41,13.71,104.62,-0.07,973.89,31.76,32.12,1220.2,38.19,30.05,1.42,889.52,32.46,-46.75,-42.51,-50.82,-27.21,-11.73,-6.1,9.1,130.15,-0.08,-1.28,-1.07,0.04,5,0,0
6,1,6,804.6,34.19,34.21,1769.11,42.57,33.03,1.49,1449.9,39.57,-41.14,-42.43,-63.44,-26.81,-5.61,-15.36,13.54,107.61,-0.07,975.24,31.74,32.03,1190.12,38.3,30.04,1.42,869.7,33.14,-45.75,-43.76,-50.59,-26.58,-12.72,-6.25,8.86,136.97,-0.07,-1.28,-1.07,0.04,5,0,0
7,1,7,817.5,34.22,34.23,1784.46,42.42,33.03,1.49,1459.19,39.37,-40.36,-43.65,-61.6,-26.92,-5.98,-15.5,13.4,109.25,-0.07,975.7,31.72,32.07,1216.94,37.8,30.03,1.43,888.62,32.39,-45.43,-41.97,-50.91,-27.02,-13.43,-6.73,8.98,133.4,-0.08,-1.29,-1.08,0.04,5,0,0
8,1,8,790.35,34.15,34.29,1832.97,41.9,33.04,1.5,1509.19,38.12,-41.55,-42.9,-64.19,-26.59,-5.85,-15.68,13.13,111.31,-0.08,972.42,31.79,32.13,1229.79,37.9,30.01,1.42,896.36,31.95,-49.99,-42.01,-51.24,-24.77,-14.67,-6.3,8.8,137.38,-0.08,-1.29,-1.08,0.04,5,0,0
9,1,9,810.35,34.22,34.27,1797.47,42.48,33.03,1.47,1461.72,39.26,-39.59,-42.67,-63.96,-26.68,-5.33,-15.53,13.59,106.97,-0.07,989.94,31.83,32.13,1218.49,38.27,30.02,1.41,876.01,32.8,-47.19,-44.07,-50.79,-27.36,-12.94,-5.89,9.01,131.74,-0.07,-1.3,-1.07,0.04,5,0,0
10,1,10,810.62,34.14,34.34,1890.45,41.03,33.02,1.51,1544.27,37.05,-41.26,-43.28,-63.94,-26.94,-5.72,-15.8,13.11,109.83,-0.09,976.9,31.83,32.18,1247.96,37.8,30.04,1.43,905.63,31.86,-49.43,-42.44,-51.19,-27.41,-13.81,-6.37,8.64,135.42,-0.08,-1.3,-1.09,0.04,5,0,0
11,1,11,817.65,34.19,34.28,1786.32,42.83,33.02,1.49,1461.94,39.16,-41.64,-42.92,-61.33,-26.82,-5.36,-15.26,13.03,111.73,-0.07,970.13,31.74,32.14,1232,37.96,30.03,1.43,898.31,32.01,-51.76,-43.35,-51.18,-25.22,-12.45,-6.23,8.5,138.61,-0.08,-1.3,-1.08,0.04,5,0,0
12,1,12,807.75,34.21,34.3,1819.12,42.32,33.03,1.49,1490.33,38.55,-39.76,-42.89,-63.14,-26.3,-5.99,-15.38,13.29,109.38,-0.08,965.23,31.73,32.08,1200.01,38.47,30.01,1.42,873.02,32.83,-47.6,-42.49,-50.53,-23.8,-12.73,-6.05,8.72,138.43,-0.07,-1.28,-1.08,0.04,5,0,0
13,1,13,813.16,34.16,34.25,1802.96,42.14,33.03,1.49,1482.98,38.7,-41.13,-42.04,-63.22,-26.86,-5.61,-15.58,13.43,108.25,-0.07,972.64,31.77,32.11,1218.19,38.09,30.02,1.42,885.93,32.39,-48.43,-42.43,-50.73,-26.55,-13.16,-6.27,8.97,134.98,-0.08,-1.28,-1.08,0.04,5,0,0
14,1,14,807.23,34.19,34.31,1815.9,42.44,33.03,1.5,1489.03,38.55,-41.16,-43.06,-63.89,-26.8,-5.62,-15.39,13.26,108.09,-0.08,961.83,31.82,32.18,1247.89,37.84,30.02,1.43,908.17,31.59,-49.46,-44.92,-51.08,-26.46,-12.37,-6.08,8.81,134.83,-0.08,-1.28,-1.07,0.04,5,0,0
15,1,15,810.75,34.23,34.27,1787.5,42.73,33,1.46,1459.84,39.08,-40.68,-43.53,-62.03,-27.08,-5.56,-15.45,13.97,101.66,-0.07,978.33,31.71,32.04,1192.83,38.33,30.04,1.4,875.61,32.91,-45.28,-42,-51.05,-26.58,-12.98,-6.24,9.8,121.28,-0.07,-1.29,-1.08,0.04,5,0,0
16,1,16,800.34,34.25,34.29,1811.02,42.41,33.04,1.48,1478.95,38.86,-39.29,-43.2,-64.59,-26.84,-5.39,-15.38,13.38,109.78,-0.07,978.17,31.82,32.16,1243.22,37.82,30.03,1.42,902.79,31.87,-48.8,-41.85,-51.4,-26.44,-12.58,-6.14,8.84,134.51,-0.08,-1.29,-1.08,0.04,5,0,0
17,1,17,811.9,34.22,34.26,1802.25,42.29,33.04,1.49,1474.09,38.99,-40.72,-43.29,-63.52,-26.52,-5.27,-15.5,13.25,110.99,-0.07,982.83,31.74,32.03,1189.58,38.32,30.01,1.41,865.33,33.12,-43.73,-41.75,-50.57,-24.92,-12,-6.09,8.78,138.94,-0.07,-1.29,-1.08,0.04,5,0,0
18,1,18,819.45,34.24,34.32,1818.6,42.53,33.03,1.49,1484.92,38.66,-40.64,-43.1,-62.8,-26.81,-5.96,-15.44,13.31,109.23,-0.08,978.09,31.74,32.08,1221.08,37.79,30.03,1.42,889.92,32.31,-47.89,-42.36,-50.62,-26.99,-12.41,-6.46,8.98,133.33,-0.08,-1.27,-1.08,0.04,5,0,0
19,1,19,804.67,34.19,34.35,1862.24,41.77,33.03,1.49,1522.37,37.68,-39.94,-42.36,-63.67,-27.03,-5.71,-15.54,13.17,111.61,-0.08,987.82,31.85,32.16,1229.46,38.22,30.05,1.41,887,32.57,-51.73,-44.3,-50.76,-26.84,-13.08,-5.9,8.82,136.62,-0.07,-1.29,-1.07,0.04,5,0,0
20,1,20,801.86,34.01,34.26,1854.37,41.05,33.03,1.51,1537.2,37.35,-40.29,-41.27,-62.59,-27.01,-5.63,-15.53,13.38,107.38,-0.09,961.31,31.71,32.08,1224.41,37.69,30.03,1.43,894.92,32.12,-46.46,-43.79,-50.69,-27.83,-13.02,-6.13,8.9,131.62,-0.08,-1.29,-1.08,0.04,5,0,0
21,1,21,814.82,34.16,34.36,1895.43,41.11,33.03,1.5,1555.35,36.91,-40.01,-42.96,-63.8,-27.28,-5.46,-14.95,13.3,106.21,-0.09,987.35,31.86,32.17,1235.89,38.12,30.03,1.42,890.34,32.33,-51.37,-43.74,-50.73,-27.78,-12.69,-5.6,8.9,132.04,-0.07,-1.29,-1.09,0.04,5,0,0
22,1,22,792.51,34.17,34.29,1834.95,41.83,33.03,1.5,1508.76,38.06,-40.42,-42.63,-63.76,-26.92,-5.24,-15.6,13.05,112.82,-0.08,982.52,31.86,32.19,1245.88,37.94,30.02,1.42,894.93,32.07,-48.77,-42.9,-51.26,-27.43,-13.09,-5.77,8.4,138.66,-0.07,-1.27,-1.06,0.04,5,0,0
23,1,23,796.25,34.15,34.33,1836.32,42.18,33.03,1.49,1503.56,38.21,-40.22,-43.04,-64.07,-26.75,-5.44,-15.78,13.25,108.59,-0.09,955.18,31.65,32.05,1199.69,38.16,30.04,1.43,880.57,32.76,-50.18,-43.25,-50.54,-26.65,-14.29,-6.14,8.77,134.54,-0.08,-1.31,-1.09,0.04,5,0,0
24,1,24,820.16,34.19,34.25,1787.59,42.51,33.01,1.49,1462.89,39.06,-40.09,-42.43,-63.4,-26.64,-5.45,-15.42,13.37,110.05,-0.07,971.8,31.86,32.19,1238.7,38.16,30.03,1.42,898.59,31.99,-48.09,-42.84,-50.95,-25.09,-11.93,-5.83,8.75,138.56,-0.08,-1.3,-1.08,0.04,5,0,0
25,1,25,804.69,34.21,34.37,1868.3,41.84,33.03,1.49,1523.06,37.67,-40.56,-42.37,-63.39,-27.04,-5.37,-15.56,13.25,110.06,-0.09,987.16,31.78,32.07,1205.06,38.16,30.02,1.42,869.31,33.01,-45.69,-42.71,-50.62,-26.79,-13.04,-5.93,8.6,137.54,-0.07,-1.27,-1.07,0.04,5,0,0
26,1,26,809.11,34.2,34.31,1812.78,42.51,33.03,1.49,1485.76,38.66,-40.91,-43.9,-63.58,-26.84,-5.67,-15.57,13.15,110.33,-0.08,974.74,31.81,32.14,1221.43,38.24,30.04,1.42,887.83,32.46,-47.66,-43.11,-51.02,-26.15,-12.64,-6.24,8.7,138.45,-0.07,-1.3,-1.09,0.04,5,0,0
27,1,27,816.39,34.23,34.26,1772.14,43.02,33,1.47,1441.44,39.57,-40.57,-43.29,-62.29,-26.59,-5.57,-15.34,13.75,106.61,-0.07,980.29,31.74,32.06,1209.94,37.96,30.03,1.41,884.89,32.54,-43.45,-41.54,-50.62,-27.73,-11.16,-6.4,9.21,131.25,-0.08,-1.27,-1.07,0.04,5,0,0
28,1,28,803.89,34.12,34.29,1851.34,41.43,33.03,1.49,1529.37,37.56,-41.05,-42.13,-63.34,-27.23,-5.68,-15.92,13.38,106.95,-0.09,971.18,31.74,32.04,1190.3,38.42,30.02,1.41,868.49,33.06,-45.12,-42.43,-50.88,-25.82,-14.28,-6.5,8.98,134.49,-0.07,-1.29,-1.08,0.04,5,0,0
29,1,29,804.92,34.21,34.32,1821.62,42.41,33.03,1.49,1491.33,38.53,-41.12,-42.84,-64.01,-26.97,-5.34,-15.53,13.54,105.92,-0.08,983.48,31.82,32.13,1226.48,38.08,30.01,1.41,887.36,32.25,-48.13,-42.55,-51.21,-28.08,-11.87,-6.21,9.1,129.95,-0.07,-1.31,-1.08,0.04,5,0,0
30,1,30,820.34,34.25,34.32,1828.21,42.28,33.04,1.48,1490.2,38.59,-40.49,-43.3,-64.52,-26.34,-5.91,-15.5,12.95,115.3,-0.07,992.33,31.86,32.15,1223.55,38.33,30.02,1.41,885.45,32.45,-47,-43.04,-50.38,-24.4,-12.04,-6.03,8.58,142.42,-0.07,-1.3,-1.08,0.04,5,0,0
88,1,88,862.92,34.01,34.06,1847.56,39.39,33.02,1.54,1595.97,35.3,-40,-41.3,-66.72,-27.68,-18.95,-21.53,12.79,109.98,-0.08,1030.9,31.43,31.83,1303.7,33.44,30.04,1.47,1005.4,28.88,-39.84,-43.04,-56.48,-27.08,-6.93,0.75,8.22,141.14,-0.09,-1.56,-1.3,0.22,5,2115,22261.66667
89,1,89,872.32,33.97,34,1848.94,38.85,33.02,1.55,1601.56,35.21,-40.53,-40.53,-63.6,-27.28,-18.55,-20.53,13.11,109.67,-0.08,1005.21,31.19,31.55,1245.31,32.77,30.04,1.48,981.6,29.59,-40.23,-45.38,-56.15,-26.94,-7.01,0.96,8.63,139.74,-0.08,-1.55,-1.3,0.04,5,2168.666667,13910
90,1,90,921.86,33.95,34.04,1919.37,37.75,33.03,1.55,1648.13,34.28,-39.4,-41.34,-65.61,-27.65,-19.09,-21.47,12.76,112.43,-0.07,1060.4,31.43,31.83,1322.01,32.96,30.03,1.46,1020.53,28.47,-39.99,-44.21,-56.31,-29.16,-7.37,0.57,8.22,140.34,-0.09,-1.56,-1.31,41100.2,5,2193.333333,14168
91,1,91,868.02,33.95,34.05,1847.5,39.28,33.01,1.55,1599.57,35.16,-39.56,-40.97,-66.86,-27.68,-18.94,-21.67,12.9,109.35,-0.08,1027.26,31.29,31.68,1244.14,33.78,30.03,1.47,968.24,29.97,-43.64,-41,-55.79,-27.18,-7.77,0.66,8.17,144.97,-0.08,-1.56,-1.3,-0.01,5,2156.333333,16482.66667
92,1,92,854.28,34,34.1,1884.02,39.01,33.02,1.54,1619.28,34.78,-39.29,-41.01,-67.8,-27.08,-18.64,-21.32,13.09,109.41,-0.09,996.96,31.37,31.81,1281.65,33.8,30.03,1.45,990.62,29.26,-41.05,-42.37,-55.47,-26.51,-7.96,0.77,8.75,138.25,-0.09,-1.59,-1.31,0.09,5,2119.333333,10193.33333
93,1,93,873.12,33.97,33.96,1792.44,39.65,33.04,1.53,1567.36,36.07,-39.82,-40.72,-66.32,-27.26,-18.69,-21.64,13.15,108.74,-0.07,1041.7,31.38,31.79,1290.86,33.45,30.04,1.47,997.08,29.13,-39.64,-41.5,-56.19,-26.52,-7.66,0.53,8.4,139.75,-0.09,-1.55,-1.3,11494.78,5,2190,13611.33333
94,1,94,864.06,33.88,34.05,1940.29,37.45,33.02,1.57,1680.36,33.58,-39.92,-41.6,-65.04,-28.1,-18.97,-21.04,12.79,107.39,-0.1,1026.42,31.32,31.71,1269.62,33.36,30.03,1.47,984.63,29.42,-39.18,-44.42,-56.28,-30.22,-7.08,0.57,8.54,134.91,-0.08,-1.56,-1.31,-0.1,5,2163.666667,13095.66667
97,1,97,872.55,33.99,34.05,1853.91,39.19,33.02,1.54,1601.41,35.17,-40.48,-41.24,-64.24,-27.77,-18.92,-21,12.86,109.31,-0.08,1035.73,31.4,31.76,1264.79,33.91,30.03,1.46,970.72,29.91,-39.03,-43.65,-55.75,-30.14,-7.88,0.51,8.43,138.05,-0.08,-1.55,-1.3,0.07,5,2146.666667,12916.66667
98,1,98,875.49,33.97,34.05,1870.46,38.8,33.03,1.55,1621.42,34.81,-40.1,-40.78,-64.28,-27.65,-18.37,-20.28,12.97,109.93,-0.09,1021.33,31.28,31.65,1256.5,33.28,30.03,1.47,977.87,29.66,-40.58,-44.82,-56.26,-27.9,-7.14,0.85,8.39,140.59,-0.08,-1.53,-1.3,0,5,2160.666667,12721.33333
99,1,99,868.27,34.03,34.11,1877.07,39.25,33.01,1.54,1605.95,35.03,-39.06,-41.44,-66.73,-27.49,-19.14,-21.22,12.9,109.89,-0.08,1027.97,31.44,31.82,1288.75,33.67,30.04,1.47,989.22,29.38,-41.27,-46.14,-55.95,-30.67,-6.9,0.48,8.33,138.21,-0.08,-1.56,-1.31,18.91,5,2120.666667,10078.66667
101,1,101,864.04,34.02,34.05,1839.66,39.42,33.03,1.54,1590.19,35.53,-39.5,-40.96,-66.61,-27.69,-18.61,-21.18,13.3,105.51,-0.08,1023.73,31.39,31.77,1274.65,33.71,30.04,1.46,982.45,29.6,-39.34,-42.34,-56.04,-29.21,-7.29,0.6,8.81,133.03,-0.09,-1.56,-1.31,0.11,5,2115.666667,9203.333333
102,1,102,1112.77,33.69,33.68,2106.79,31.62,32.96,1.59,1856.5,29.98,-40.65,-40.61,-63.9,-25.83,-18.43,-20.46,10.53,146.82,-0.05,1252.83,31,31.41,1490.23,26.54,30.01,1.52,1250.83,23.03,-40.82,-45.41,-56.24,-22.11,-7.45,0.93,5.82,181.36,-0.09,-1.57,-1.31,120210.53,5,2147.666667,10408.66667
103,1,103,853.45,34.04,34.08,1840.9,39.73,33.03,1.54,1582.37,35.65,-39.06,-41.01,-66.46,-27.34,-18.7,-21.42,12.84,114.33,-0.08,1015.62,31.37,31.81,1304.12,33.24,30.03,1.48,1007.62,28.76,-38.83,-43.04,-56.39,-26.73,-7.14,0.65,8.17,143.44,-0.09,-1.56,-1.3,0.04,5,2186.666667,9102
104,1,104,870.21,34.04,34.08,1856.29,39.36,33.03,1.53,1594.62,35.4,-39.42,-40.99,-66.41,-27.06,-18.74,-21.18,13.18,108.39,-0.08,1018.72,31.37,31.76,1288.29,33.28,30.04,1.47,998.23,29.11,-39.63,-43.94,-56.08,-27.86,-7.51,0.79,8.5,141.27,-0.09,-1.56,-1.3,0.02,5,2193.333333,10937.33333
105,1,105,859.11,33.98,34.07,1869.18,39,33.02,1.55,1616.35,34.85,-39.7,-40.54,-65.9,-27.7,-18.33,-20.75,13.04,106.09,-0.08,1016.49,31.31,31.7,1249.64,33.81,30.03,1.46,969.62,29.9,-41.39,-43.88,-56.02,-28.11,-7.27,0.73,8.79,134.23,-0.08,-1.57,-1.31,0.16,5,2206,8158.333333
106,1,106,871.3,34.05,34.06,1809.42,40.19,33.04,1.52,1562.17,36.24,-39.77,-40.75,-66.86,-27.74,-18.2,-21.26,13.3,107.26,-0.07,1042.63,31.45,31.87,1317.11,33.35,30.03,1.46,1015.14,28.54,-40.69,-44.28,-56.51,-27.48,-6.85,0.8,8.49,137.85,-0.09,-1.61,-1.32,0.13,5,2123,9053
107,1,107,874.3,33.96,34.07,1867.18,39.05,33.03,1.53,1616.01,34.97,-39.27,-40.72,-66.37,-27.89,-18.89,-21.35,13.12,106.94,-0.08,1035.4,31.3,31.73,1280.83,33.21,30.03,1.47,997.01,29.11,-39.88,-42.23,-56.19,-30.1,-7.7,0.66,8.56,136.66,-0.1,-1.58,-1.32,0.13,5,2119.666667,10891
108,1,108,871.8,33.99,34.06,1844.33,39.46,33.03,1.53,1592.49,35.43,-39.17,-40.6,-65.17,-27.44,-18.52,-21.43,13.32,103.16,-0.08,1030.61,31.27,31.71,1257.61,33.7,30.03,1.46,976.7,29.72,-42.18,-41.35,-55.84,-30.08,-7.01,0.47,8.99,128.37,-0.08,-1.54,-1.3,0.04,5,2118,9377
109,1,109,883.6,33.93,34,1847.28,38.82,33.02,1.55,1609.45,35.04,-40.79,-41.21,-63.11,-28.2,-18.95,-20.64,13.06,107.01,-0.09,1034.44,31.25,31.59,1242.97,33.12,30.02,1.47,973.7,29.74,-40.5,-46.86,-56.43,-27.19,-6.73,0.74,8.5,138.29,-0.08,-1.54,-1.31,0.03,5,2138.666667,9098.666667
110,1,110,875.09,33.94,34.05,1875.35,38.72,33.03,1.54,1627.11,34.68,-39.87,-40.67,-66.22,-27.96,-19.03,-21.73,12.7,111.19,-0.09,1042.14,31.33,31.75,1278.27,33.44,30.04,1.47,988.57,29.38,-43.04,-42.37,-56.17,-29.17,-7.54,0.6,8.45,139.75,-0.08,-1.56,-1.3,0.17,5,2156.333333,8945
111,1,111,906.02,33.91,33.87,1767.7,39.36,33.04,1.55,1554.56,36.38,-40.39,-41.37,-62.58,-27.99,-18.44,-20.35,13.03,110.82,-0.07,1039.72,31.27,31.67,1274.43,32.92,30.03,1.48,994.49,29.18,-43.38,-44.68,-56.22,-28.45,-7.48,0.83,8.28,140.8,-0.09,-1.55,-1.3,0.18,5,2184.666667,77766.66667
112,1,112,866.92,34.09,34.12,1832.09,40.27,33.03,1.52,1561.07,36.16,-39.22,-40.72,-68.13,-27.2,-18.35,-21.63,13.21,109.5,-0.08,1022.2,31.44,31.84,1289.35,33.87,30.03,1.46,987.24,29.36,-42.25,-43.38,-55.81,-28.64,-7.3,0.69,8.42,141.58,-0.08,-1.59,-1.31,0.18,5,2123,8674.666667
113,1,113,868.15,33.97,34,1817.06,39.5,33.03,1.54,1578.93,35.8,-39.7,-41.29,-65.9,-27.17,-19.1,-22.05,13.1,109.01,-0.08,1027.9,31.42,31.85,1299.56,33.67,30.04,1.46,995.27,29.19,-42.15,-41.85,-56.21,-27.23,-7.31,0.93,8.27,141.63,-0.09,-1.58,-1.31,0.19,5,2159.333333,18863.33333
114,1,114,873.38,33.98,34.04,1862.95,38.88,33.02,1.54,1616.25,34.89,-40.32,-40.95,-64.02,-27.98,-18.8,-20.78,12.95,109.03,-0.08,1032.58,31.29,31.65,1246.12,33.49,30.04,1.46,966.72,30.06,-40.03,-43.89,-56.24,-27.65,-7.05,0.93,8.47,139.82,-0.08,-1.56,-1.31,-0.05,5,2147.333333,9352.333333
115,1,115,861.23,33.98,34,1806.24,39.74,33.02,1.54,1562.74,36.06,-39.2,-41.26,-65.54,-27.3,-18.68,-21.73,13.07,108.99,-0.07,1027,31.32,31.75,1287.27,33.23,30.03,1.48,1002.83,28.92,-42.09,-38.85,-55.85,-27.05,-6.77,0.46,8.38,141.52,-0.09,-1.52,-1.29,0.09,5,2173,12329.66667
116,1,116,871.82,33.99,34.12,1859.03,39.67,33.03,1.54,1599.6,35.28,-39.94,-41.28,-66.19,-28.1,-19.1,-21.71,12.73,110.47,-0.09,1036.89,31.44,31.81,1273.54,34.03,30.03,1.46,977.29,29.7,-40.43,-43.67,-56.21,-29.53,-6.84,0.41,8.32,139.6,-0.08,-1.56,-1.3,0.06,5,2180.666667,9724
117,1,117,860.88,34.09,34.16,1868.24,39.81,33.02,1.53,1592.44,35.4,-38.94,-40.87,-67.12,-27.17,-18.72,-21.48,13.22,107.88,-0.08,986.74,31.46,31.88,1297.53,33.94,30.03,1.45,991.91,29.2,-39.14,-41.6,-56.06,-27.49,-7.28,0.57,8.8,134.12,-0.08,-1.57,-1.31,0.01,5,2126.666667,8500
118,1,118,883.91,33.96,34.04,1866.62,38.77,33.02,1.54,1619.11,34.83,-40.7,-42.21,-63.63,-27.9,-19.13,-20.92,12.87,110.21,-0.09,1034.46,31.3,31.67,1272.68,33.01,30.04,1.48,992.32,29.28,-37.68,-44.3,-56.39,-27.01,-6.74,0.58,8.39,141.11,-0.09,-1.54,-1.31,0.04,5,2140.666667,10684
119,1,119,869.23,33.96,33.98,1796.64,39.81,33.03,1.53,1557.12,36.23,-40.3,-40.33,-65.23,-27.09,-19.03,-21.37,13.67,100.96,-0.08,1023.24,31.34,31.7,1252.29,33.77,30.04,1.46,971.73,29.93,-40.17,-42.66,-56.19,-30.19,-7.03,0.79,9.18,125.31,-0.08,-1.55,-1.3,0.09,5,2173.333333,9326.666667
120,1,120,873.86,33.91,34.05,1898.36,38.25,33.01,1.55,1648.29,34.13,-40.47,-40.15,-64.53,-28.02,-18.85,-21.32,12.9,106.55,-0.1,1036.36,31.25,31.64,1269.32,32.85,30.03,1.48,995.63,29.12,-40.45,-44.38,-56.49,-29.97,-6.73,0.7,8.55,135.42,-0.09,-1.53,-1.3,0.01,5,2121.333333,8351.333333
121,1,121,876.56,34.02,34.08,1863.1,39.19,33.03,1.54,1607.75,35.11,-40.15,-41.13,-65.97,-27.71,-18.71,-21.22,12.76,113.05,-0.08,1037.61,31.41,31.81,1289.74,33.59,30.03,1.46,988.02,29.32,-42.34,-42.89,-56.36,-27.72,-7.83,0.64,8.03,146.23,-0.08,-1.56,-1.31,0.07,5,2117.333333,9727
122,1,122,862.05,33.95,34.08,1911.08,38.22,33.02,1.54,1652.61,34.09,-40.54,-41.61,-64.5,-27.76,-18.82,-20.98,13.15,107,-0.1,1026.78,31.37,31.81,1310.26,33.09,30.04,1.46,1015.44,28.59,-39.11,-44.98,-56.38,-29.36,-7.03,0.9,8.7,132.57,-0.1,-1.56,-1.32,0.01,5,2160.333333,8875.666667
123,1,123,854.47,33.95,34.13,1955.61,37.78,33.04,1.56,1679.58,33.7,-40.28,-41.83,-66.87,-28.1,-19.6,-21.48,12.88,107.33,-0.1,1023.87,31.44,31.8,1272.47,33.98,30.01,1.45,971.43,29.72,-40.22,-45.01,-56.37,-28.97,-6.88,0.51,8.4,139.89,-0.08,-1.55,-1.3,0.16,5,2144.333333,12053
124,1,124,872.48,33.98,34.01,1815.69,39.57,33.05,1.53,1581.75,35.84,-39.99,-40.92,-66.04,-27.56,-18.65,-20.79,13.35,105.58,-0.08,1022.38,31.33,31.73,1269.13,33.54,30.03,1.45,984.9,29.46,-40.8,-42.82,-56.06,-28.77,-7.82,0.44,8.9,133.37,-0.09,-1.55,-1.31,0.14,5,2140.666667,8540.333333
125,1,125,867.27,34.06,34.15,1879.1,39.55,33.03,1.52,1607.7,35.09,-39.83,-41.36,-66.37,-27.68,-18.98,-21.78,13.17,106.88,-0.08,1022.65,31.48,31.9,1302.38,33.99,30.04,1.46,993.1,29.28,-41.39,-44.5,-56.04,-28.55,-6.44,0.48,8.59,136.97,-0.08,-1.56,-1.31,-0.02,5,2185,18221.33333
126,1,126,860.08,34.05,34.1,1854.05,39.61,33.02,1.54,1587.96,35.47,-38.41,-40.75,-67.93,-27.16,-18.69,-21.64,13.25,107.54,-0.08,1014.42,31.41,31.87,1307.05,33.65,30.03,1.47,998.54,29.06,-43.11,-42.52,-55.76,-29.22,-7.33,0.78,8.64,134.92,-0.09,-1.59,-1.32,0.1,5,2158.333333,10961
127,1,127,863.95,33.99,34.05,1837.6,39.49,33.02,1.55,1584.26,35.54,-39.16,-41.53,-65.46,-27.69,-18.81,-21.24,13.08,108.34,-0.08,1026.18,31.33,31.75,1294.57,33.03,30.03,1.48,1008.22,28.78,-39.99,-44.83,-56.38,-27.78,-6.92,0.64,8.16,141.95,-0.09,-1.56,-1.31,0.18,5,2135.666667,8425.333333
128,1,128,858.42,33.95,34.14,1975.41,37.5,33.04,1.56,1685.8,33.56,-39.77,-40.62,-67.1,-27.1,-19.43,-21.48,12.77,110.9,-0.09,1013.49,31.42,31.81,1279.66,33.85,30.02,1.46,984.72,29.4,-40.45,-45.18,-55.97,-24.53,-6.63,0.51,8.58,143.39,-0.09,-1.55,-1.31,0.01,5,2170.333333,9411
129,1,129,867.58,33.98,34,1815.12,39.53,33.02,1.53,1568.76,35.89,-39.09,-40.98,-65.9,-27.07,-18.77,-21.29,13.35,107.23,-0.08,1015.94,31.24,31.68,1266.49,33.25,30.03,1.46,987.65,29.35,-42.5,-41.73,-55.89,-28.25,-7.23,0.45,9,131.23,-0.1,-1.55,-1.3,0.05,5,2152.666667,8336.333333
130,1,130,867.79,33.99,34.09,1877.64,39.02,33.02,1.54,1620.97,34.78,-39.7,-42.03,-65.82,-27.96,-19.01,-21.42,13.05,107.51,-0.09,1030.43,31.47,31.86,1299.87,33.69,30.04,1.46,997.81,29.12,-40.8,-43.02,-56.03,-28.23,-6.8,0.6,8.53,136.39,-0.09,-1.56,-1.31,-0.02,5,2132.333333,8569
141,1,141,837.76,33.59,33.79,1889.78,38.32,33.03,1.52,1582.07,35.1,-36.91,-42.54,-62.37,-27.7,-3.96,-15.19,13.15,111.87,-0.08,990.87,30.69,30.98,1158.44,33.6,30.03,1.45,892.6,31.53,-44.85,-44.16,-53.77,-25.42,-14.29,-5.41,8.95,138.04,-0.05,-1.31,-1.19,0.05,5,2709,686858
142,1,142,829.42,33.46,33.79,1910.4,37.86,33.02,1.52,1607.98,34.51,-37.8,-40.57,-63.72,-27.85,-4,-15.46,13.27,108.38,-0.09,980.78,30.85,31.19,1202.28,33.89,30.02,1.44,903.06,31.13,-45.21,-44.15,-53.87,-26.37,-14.55,-5.55,8.94,135.27,-0.06,-1.3,-1.18,0.05,5,2230,19528
143,1,143,833.9,33.62,33.83,1856.78,39.39,33.04,1.5,1543.14,36.09,-38,-42.07,-62.91,-27.9,-3.95,-15.13,13.38,108.17,-0.08,987.95,30.88,31.24,1208.77,34.13,30.04,1.44,915.23,30.85,-44.24,-43.45,-53.61,-27.72,-14.46,-5.4,9.13,132.68,-0.06,-1.31,-1.18,0.05,5,2752,16478
144,1,144,857.99,33.59,33.9,1928.5,38.45,33.01,1.52,1593.75,34.73,-36.24,-40.9,-64.49,-28.3,-3.99,-15.44,12.93,111.61,-0.09,1009.85,30.9,31.22,1216.26,33.77,30.04,1.45,912.62,30.92,-44.07,-45.17,-53.95,-27.17,-14.97,-5.2,8.57,139.32,-0.06,-1.32,-1.19,0.05,5,2734,21624
145,1,145,848.17,33.64,33.75,1812.29,39.6,33.03,1.5,1502.6,36.91,-37.68,-41.51,-63.7,-27.24,-3.95,-15.03,13.28,110.75,-0.06,1003.46,30.96,31.34,1242.97,33.89,30.04,1.45,925.49,30.5,-46.92,-45.02,-54.34,-25.68,-13.49,-5.29,8.58,141.74,-0.07,-1.33,-1.19,0.05,5,2824,15298
146,1,146,835.99,33.49,33.82,1924.62,37.83,33.01,1.52,1609.48,34.43,-37.67,-41.41,-63.99,-28.39,-4.1,-15.49,13.04,110.95,-0.09,1002.82,30.74,31.06,1172.21,33.81,30.03,1.45,894.1,31.52,-44.92,-44.17,-53.46,-27.69,-14.48,-5.38,8.58,139.35,-0.06,-1.32,-1.2,0.05,5,2881,11779
147,1,147,839,33.47,33.85,1923.11,38.09,33.01,1.53,1598.86,34.65,-36.18,-40.47,-63.9,-27.77,-4.08,-15.23,12.96,112.87,-0.1,978.06,30.76,31.13,1210.06,33.25,30.03,1.46,917.5,30.74,-43.95,-44.34,-54.63,-26.36,-15.09,-5.32,8.56,139.61,-0.07,-1.32,-1.2,0.05,5,2511,12074
148,1,148,828.86,33.53,33.82,1923.73,37.83,33.02,1.52,1607.46,34.48,-37.21,-40.72,-63.33,-27.73,-4.04,-15.27,13.1,112.47,-0.08,990.79,30.73,31.07,1182.34,33.53,30.04,1.45,904.45,31.2,-44.28,-43.68,-53.9,-25.13,-14.23,-5.22,8.72,140.11,-0.06,-1.32,-1.19,0.05,5,3516,21877
149,1,149,826.53,33.29,33.8,1986.78,36.42,33.01,1.54,1667.73,33.19,-37.55,-41.39,-63.76,-28.48,-3.94,-15.16,12.86,110.36,-0.11,990.41,30.89,31.26,1222.6,33.85,30.04,1.45,916.95,30.8,-45.65,-44.09,-53.38,-26.54,-14.07,-5.43,8.8,136.01,-0.07,-1.29,-1.18,0.05,5,2250,17407
150,1,150,840.43,33.61,33.81,1861.15,39.09,33.02,1.5,1546.79,35.84,-35.8,-40.79,-64.53,-27.93,-3.92,-14.98,13.34,108.43,-0.08,992.86,30.86,31.23,1227.34,33.51,30.03,1.45,927.45,30.41,-45.34,-45.34,-53.67,-28.22,-12.93,-5.32,8.96,131.97,-0.06,-1.32,-1.19,0.05,5,2455,58982
151,1,151,842.71,33.54,33.8,1884.6,38.44,33.03,1.51,1577.74,35.21,-37.77,-40.66,-63.15,-28.19,-3.99,-15.32,13.51,105.79,-0.09,994.53,30.81,31.13,1189.65,33.82,30.03,1.44,902.2,31.25,-45.77,-43.64,-53.98,-28.67,-14.38,-5.25,9.3,128.68,-0.06,-1.31,-1.2,0.05,5,2337,13595
152,1,152,850.56,33.7,33.81,1822.34,39.91,33.03,1.5,1501.84,36.93,-37.27,-42.11,-65.32,-27.52,-3.93,-14.85,13.48,109.21,-0.07,998.12,30.97,31.28,1205.87,34.48,30.03,1.43,894.66,31.46,-46.21,-45.81,-53.51,-27.53,-12.92,-5.31,9.1,132.62,-0.06,-1.29,-1.16,0.05,5,2567,16536
153,1,153,852.74,33.62,33.88,1895.77,39,33.02,1.52,1561.56,35.5,-36.69,-41.43,-64.13,-27.9,-4.09,-15.3,12.98,114.1,-0.09,995.86,30.95,31.28,1217.71,34.15,30.03,1.45,911.43,30.92,-44.24,-45.32,-54.63,-26.28,-15.42,-5.32,8.83,135.96,-0.07,-1.33,-1.19,0.05,5,2236,19998
154,1,154,841.39,33.62,33.82,1888.95,38.59,33.02,1.51,1568.19,35.35,-38.22,-41.66,-63.44,-28.09,-3.9,-15.21,13.28,109.16,-0.07,995.47,30.75,31.09,1191.35,33.46,30.02,1.45,902.09,31.18,-46.03,-44.19,-53.8,-29.22,-14.23,-5.17,8.72,134.62,-0.06,-1.32,-1.19,0.05,5,2585,11983
155,1,155,858.86,33.58,33.89,1914.09,38.66,33.02,1.51,1586.71,34.93,-38.04,-41.53,-62.72,-28.1,-4.05,-15.23,12.96,111.58,-0.1,1003.77,30.79,31.14,1195.13,33.69,30.03,1.46,906.51,31.08,-45.6,-44.64,-53.95,-25.92,-15.32,-5.39,8.76,137.02,-0.06,-1.32,-1.19,0.05,5,2402,11315
156,1,156,840.11,33.57,33.7,1827.27,38.86,33.01,1.5,1524.66,36.27,-35.64,-41.76,-64.24,-26.96,-3.92,-14.83,13.42,111.63,-0.07,987.68,30.88,31.22,1208.99,33.91,30.04,1.44,914.41,30.9,-45.48,-43.92,-53.88,-24.89,-13.19,-5.27,8.96,137.97,-0.06,-1.3,-1.17,0.05,5,2549,13927
157,1,157,851.49,33.65,33.89,1921.54,38.53,33.03,1.52,1591.39,34.91,-37.69,-40.93,-63.6,-28.21,-3.93,-15.24,13.27,107.61,-0.09,1008.41,30.85,31.18,1208.65,33.62,30.04,1.45,911.17,30.95,-44.82,-44.27,-53.9,-26.98,-14.19,-5.3,9.02,134.08,-0.07,-1.32,-1.19,0.05,5,2329,12202
158,1,158,846.04,33.67,33.74,1806.35,39.66,33.03,1.5,1489.67,37.24,-37.88,-40.78,-64.24,-27.27,-3.79,-14.99,13.54,107.88,-0.06,998.39,30.95,31.3,1224.93,34.14,30.03,1.44,914.36,30.8,-45.87,-45.23,-53.74,-26.31,-12.93,-5.19,9.11,131.38,-0.07,-1.32,-1.18,0.05,5,2167,15935
159,1,159,842.83,33.38,33.8,1945.34,37.27,33,1.53,1630.89,33.89,-37.5,-41.76,-63.96,-28.39,-4.23,-15.41,12.75,112.54,-0.11,1000.02,30.89,31.23,1213.39,33.87,30.02,1.45,909.19,30.93,-45,-45.48,-54.28,-27.38,-15.74,-5.3,8.69,136.99,-0.06,-1.32,-1.2,0.05,5,2431,12125
160,1,160,853.77,33.64,33.87,1890.57,38.93,33.03,1.51,1565.76,35.5,-38.16,-41.67,-64.41,-27.08,-4.06,-15.23,12.73,117.3,-0.08,1006.43,30.9,31.23,1225.49,33.58,30.03,1.45,919.43,30.63,-44.09,-44.76,-53.85,-24.29,-14.3,-5.16,8.46,143.53,-0.07,-1.31,-1.18,0.05,5,2560,12679
161,1,161,846.67,33.74,33.92,1888.14,39.48,33.02,1.51,1550.28,35.72,-38.7,-42.02,-64.38,-27.74,-4.2,-15.45,13.08,111.05,-0.09,1001.28,30.76,31.07,1176.77,33.73,30.03,1.46,893.33,31.5,-44.9,-44.01,-53.35,-25.64,-14.16,-5.54,9.09,135.34,-0.06,-1.32,-1.2,0.05,5,2555,17520
162,1,162,842.93,33.66,33.88,1864.94,39.6,33.02,1.5,1540.8,35.99,-37.33,-41.74,-63.51,-27.69,-3.84,-14.94,13.54,107.53,-0.09,977.76,30.72,31.04,1164.45,33.85,30.03,1.45,892.41,31.58,-44.04,-43.19,-53.59,-27.06,-14.55,-5.41,9.36,131.46,-0.07,-1.3,-1.17,0.05,5,2437,14132
163,1,163,861.37,33.7,33.77,1802.42,40.03,33,1.49,1479.94,37.24,-36.63,-41.7,-65.45,-27.28,-3.98,-14.96,13.57,107.96,-0.07,1007.01,30.91,31.28,1225.63,33.96,30.02,1.45,913.78,30.78,-45.48,-45.28,-54.08,-26.03,-13.2,-5.37,8.79,138.11,-0.07,-1.31,-1.19,0.05,5,2611,12923
164,1,164,856.17,33.72,33.78,1806.33,39.98,33.02,1.49,1481.74,37.37,-37.33,-42.62,-64.45,-27.3,-3.95,-15.02,13.37,111.28,-0.06,1004.2,31.01,31.36,1248.08,33.94,30.04,1.44,919.57,30.69,-48.14,-45.13,-54.13,-28.91,-13.59,-5.37,8.77,137.19,-0.07,-1.32,-1.19,0.05,5,2433,11683
165,1,165,839.92,33.59,33.81,1867.55,38.91,33.02,1.5,1555.36,35.63,-36.8,-42.08,-63.76,-27.52,-4.14,-15.56,13.25,110.92,-0.08,986.25,30.74,31.04,1165.11,33.83,30.02,1.45,893.37,31.47,-43.36,-43.48,-53.84,-25.5,-14.47,-5.35,9.05,136.28,-0.06,-1.31,-1.2,0.05,5,2604,13477
166,1,166,839.88,33.58,33.86,1893.04,38.87,33.02,1.52,1567.9,35.38,-37.63,-41.79,-63.21,-27.51,-4.02,-15.19,13.16,110.99,-0.09,982.15,30.77,31.08,1167.54,34.12,30.04,1.45,887.7,31.79,-44.1,-44.92,-53.64,-25.1,-14.6,-5.34,9.06,135.98,-0.06,-1.3,-1.18,0.05,5,2552,13263
167,1,167,850.97,33.6,33.83,1875.25,38.98,33.03,1.5,1559.85,35.58,-39.24,-41.79,-62.46,-28.35,-3.98,-15.02,13.25,108.01,-0.08,1000.17,30.66,31.01,1178.47,33.18,30.03,1.46,911.71,30.88,-44.74,-43.92,-53.12,-28.64,-14.33,-5.55,8.86,135.51,-0.07,-1.32,-1.2,0.05,5,2281,12303
168,1,168,834.64,33.54,33.75,1860.25,38.58,33.04,1.51,1547.1,35.99,-36.96,-41,-61.23,-26.88,-3.85,-15.15,13.06,114.46,-0.07,969.78,30.62,31.04,1168.41,33.76,30.03,1.46,896.69,31.36,-44.92,-43.22,-52.29,-24.73,-13.62,-5.38,8.68,138.97,-0.06,-1.33,-1.2,0.05,5,2549,15969
169,1,169,843.61,33.57,33.69,1784.35,39.72,33.03,1.5,1486.75,37.32,-36.17,-41.01,-64.53,-27.3,-3.92,-15,13.52,108.99,-0.06,982.97,30.93,31.3,1227.78,34,30.04,1.45,918.48,30.72,-45.27,-44.12,-54.06,-27.98,-13.52,-5.21,8.92,136.02,-0.07,-1.32,-1.19,0.05,5,2554,12874
170,1,170,845.89,33.61,33.82,1882.1,38.69,33.02,1.52,1562.2,35.47,-39.4,-42.23,-62.83,-27.76,-4.05,-15.29,13.01,112.9,-0.08,1004.5,30.92,31.27,1231.28,33.72,30.03,1.45,919.91,30.63,-45.99,-45.08,-53.89,-26.54,-14.87,-5.49,8.45,141.21,-0.07,-1.3,-1.19,0.05,5,2525,10401
171,1,171,852.08,33.52,33.57,1758.61,39.21,33.02,1.5,1475.79,37.48,-37.29,-41.11,-62.77,-27.39,-3.77,-14.75,13.6,108.65,-0.05,997.89,30.83,31.2,1209.67,33.75,30.03,1.44,911.77,30.88,-44.67,-44.87,-53.87,-27.28,-13.36,-5.31,9.04,133,-0.06,-1.31,-1.18,0.05,5,2391,13182
172,1,172,860.16,33.64,33.79,1820.72,39.8,33.03,1.5,1501.36,36.95,-36.87,-40.44,-63.9,-27.43,-3.95,-14.84,13.36,109.66,-0.07,1003.54,30.83,31.18,1200.81,33.88,30.03,1.45,903.97,31.16,-45.18,-44.42,-53.69,-26.69,-12.99,-5.15,9.13,130.89,-0.07,-1.32,-1.19,0.05,5,2562,16492
173,1,173,825.65,33.44,33.79,1907.61,37.91,33.02,1.53,1600.44,34.69,-35.9,-40.43,-63.18,-28.05,-4.03,-15.15,13.12,110.31,-0.1,974.24,30.75,31.12,1193.11,33.63,30.03,1.46,907.17,31.08,-45.41,-44.28,-53.53,-27.02,-14.03,-5.33,9.01,133.38,-0.07,-1.3,-1.19,0.05,5,2539,17592
174,1,174,842.76,33.68,33.92,1907.44,39.04,33.02,1.51,1574.11,35.2,-37.49,-41.85,-64.31,-27.6,-3.84,-14.89,13.02,113.25,-0.09,987.11,30.82,31.17,1201.63,33.77,30.03,1.45,911.24,30.95,-44.62,-43.66,-53.21,-25.49,-13.71,-5.24,8.72,142.07,-0.07,-1.31,-1.19,0.05,5,2675,13109
175,1,175,831.09,33.53,33.83,1880.53,38.8,33.02,1.51,1561.31,35.49,-37.1,-41.52,-64.44,-28.05,-4.09,-15.39,13.16,110.88,-0.09,984.61,30.77,31.12,1192.96,33.66,30.03,1.45,903.01,31.16,-44.64,-44.45,-53.58,-28.01,-14.96,-5.51,8.91,134.66,-0.07,-1.3,-1.18,0.05,5,2286,12449
201,1,201,833.8,33.9,33.93,1729.46,39.5,33.02,1.5,1457.21,38.29,-41.03,-43.34,-62.94,-26.96,-6.29,-13.88,13.96,106.62,-0.06,1010.58,31.4,31.82,1240.69,33.79,30.02,1.45,953.61,29.99,-41.93,-47.47,-50.77,-27.43,-9.63,-8.34,8.92,138.49,-0.08,-1.41,-1.13,0.04,5,0,0
202,1,202,852.43,33.98,34.02,1757.13,39.67,33.01,1.49,1462.17,38.05,-42.54,-43.37,-62.56,-27.08,-5.73,-14.03,13.87,107.96,-0.06,1026.22,31.43,31.84,1239.3,33.99,30.01,1.44,943.14,30.25,-43.12,-43.28,-50.53,-26.33,-11.39,-8.8,8.77,143.46,-0.08,-1.39,-1.11,0.04,5,0,0
203,1,203,840.89,33.79,33.82,1688.72,39.35,33.04,1.5,1444.7,38.72,-41.84,-42.54,-59.92,-26.92,-5.99,-14.08,13.88,107.24,-0.06,1001.21,31.26,31.71,1205.85,33.87,30.01,1.45,930.84,30.65,-41.62,-43.37,-49.85,-26.23,-11.69,-8.83,8.9,137.81,-0.08,-1.41,-1.13,0.04,5,0,0
204,1,204,848.09,33.83,33.84,1699.02,39.37,33.02,1.51,1441.66,38.69,-41.61,-42.5,-60.38,-27.17,-5.59,-13.73,14.03,104.56,-0.06,1015.76,31.33,31.77,1236.16,33.52,30.02,1.46,955.85,29.93,-40.32,-48.24,-49.94,-27.13,-10.65,-8.63,8.93,136.44,-0.09,-1.37,-1.08,0.04,5,0,0
205,1,205,855.47,33.92,33.97,1713.32,40.19,33.02,1.49,1438.06,38.76,-41.15,-43.31,-61.63,-26.91,-6.12,-13.88,14.01,105.49,-0.06,989.74,31.27,31.74,1209.08,34.02,30.04,1.45,938.02,30.64,-39.78,-42.1,-49.96,-26.81,-11.89,-8.58,9.25,132.39,-0.09,-1.4,-1.11,0.04,5,0,0
206,1,206,786.13,33.89,34.07,1823.28,38.63,33.03,1.51,1541.55,36.33,-40.33,-42.79,-61.86,-27.06,-5.7,-13.66,13.65,107.22,-0.08,983.01,31.09,31.63,1180.52,33.96,30.05,1.46,927.27,31.01,-42.38,-40.81,-49.13,-26.86,-10.39,-7.6,9.12,133.72,-0.09,-1.39,-1.11,0.03,5,0,0
207,1,207,851.05,34,34.05,1781.34,39.4,33.02,1.49,1474.54,37.79,-41.36,-43.31,-63.34,-27.22,-5.99,-14.24,13.95,106.37,-0.06,1024.6,31.47,31.87,1237.51,34.23,30.02,1.43,936.05,30.57,-41.98,-43.39,-50.55,-27.02,-11.3,-8.61,9,137.39,-0.08,-1.39,-1.12,0.04,5,0,0
208,1,208,831.12,34,34.17,1869.71,38.58,33.03,1.51,1556.48,35.94,-40.2,-42.27,-64.03,-27.4,-5.32,-13.88,13.3,113,-0.08,1021.5,31.32,31.72,1201.95,34.1,30.01,1.44,920.7,30.99,-41.73,-41.36,-50.31,-25.85,-10.13,-7.57,8.9,139.94,-0.08,-1.39,-1.11,0.04,5,0,0
209,1,209,863.09,34.01,34.09,1777.95,39.81,33.03,1.5,1474.82,37.88,-39.69,-42.8,-62.94,-26.91,-6.01,-14.53,13.69,110.41,-0.06,1025.15,31.39,31.78,1225.36,33.92,30.01,1.44,935.88,30.46,-41.27,-45.53,-49.61,-25.76,-12.16,-8.97,8.79,142.34,-0.08,-1.41,-1.12,0.04,5,0,0
210,1,210,841.07,34.04,34.12,1814.94,39.29,33.02,1.49,1503.65,37.14,-39.58,-42.68,-64.02,-27.07,-5.51,-9.08,13.97,106.77,-0.06,1016.74,31.45,31.87,1234.41,34.34,30.02,1.43,929.8,30.73,-42.52,-41.87,-50.96,-28.81,-5.21,2.87,9.04,134.58,-0.08,-1.26,-1.09,0.04,5,0,0
211,1,211,856.01,33.77,33.79,1669.04,39.55,33.04,1.51,1440.98,38.86,-41.48,-43.67,-61.48,-26.43,-5.87,-13.98,13.97,107.88,-0.06,1000.33,31.37,31.86,1237.01,34.16,30.03,1.45,947.32,30.26,-42.81,-51.79,-50.35,-25.46,-10.52,-8.69,8.82,138.58,-0.08,-1.39,-1.11,0.04,5,0,0
212,1,212,860.47,33.99,34,1746.54,39.73,33.01,1.48,1443.97,38.47,-40.76,-43,-61.89,-26.84,-5.79,-13.89,13.95,108.81,-0.05,1031.07,31.39,31.8,1226.83,34.03,30.02,1.44,945.65,30.26,-42.53,-42.58,-50.11,-25.99,-11.55,-9,9.14,137,-0.08,-1.39,-1.1,0.04,5,0,0
213,1,213,836.99,33.85,34.15,1990.5,36.07,33.03,1.53,1631.32,34.33,-41.1,-43.49,-64.4,-27.63,-5.81,-14.89,13.28,109.91,-0.08,1020.54,31.45,31.88,1244.32,34.12,30.02,1.44,944.39,30.25,-44.19,-44.26,-49.37,-24.87,-15.48,-8.63,8.99,136.6,-0.08,-1.39,-1.12,0.04,5,0,0
214,1,214,867.87,33.9,33.92,1687.33,40.38,33.03,1.49,1410.88,39.57,-41.66,-44.4,-62.59,-26.56,-5.99,-14.26,13.84,110.43,-0.06,1021.84,31.43,31.81,1233.32,33.87,30.02,1.44,941.32,30.34,-39.62,-44.3,-50.01,-26,-9.11,-8.69,8.84,140.39,-0.08,-1.41,-1.12,0.04,5,0,0
215,1,215,834.93,33.87,33.9,1711.57,39.59,33.03,1.49,1450.97,38.49,-41.2,-43.6,-63.46,-26.84,-5.64,-13.51,14.13,104.23,-0.06,1002.34,31.37,31.78,1216.25,34.16,30.04,1.44,937.74,30.62,-42.01,-47.3,-50.46,-26.66,-9.29,-8.31,9.35,131.48,-0.08,-1.35,-1.08,0.04,5,0,0
216,1,216,840.03,33.91,33.96,1718.82,39.95,33.02,1.5,1442.13,38.6,-40.55,-43.98,-62.05,-26.52,-5.67,-14.11,13.75,110.17,-0.05,998.09,31.4,31.83,1223.85,34.34,30.02,1.44,933.42,30.62,-40.81,-45.01,-50.15,-26.06,-10.39,-8.79,8.67,141.91,-0.08,-1.41,-1.13,0.04,5,0,0
217,1,217,837.89,33.98,34.04,1745.59,40.07,33.02,1.49,1452.46,38.4,-40.58,-43.88,-63.23,-26.58,-5.82,-14.05,13.83,108.24,-0.06,998.23,31.34,31.72,1180.1,34.73,30.01,1.44,903.88,31.56,-39.63,-45.67,-49.57,-25.78,-9.72,-8.09,9.24,134.91,-0.07,-1.37,-1.08,0.04,5,0,0
218,1,218,855.82,34.01,34.06,1798.83,39.14,33.04,1.5,1499.24,37.41,-40.77,-43.65,-62.08,-27.33,-6.47,-14.09,13.83,107.84,-0.06,1030.09,31.37,31.75,1221.87,33.79,30.04,1.45,935.18,30.69,-40.91,-47.61,-50.29,-27.03,-11.16,-8.74,8.91,138.87,-0.08,-1.38,-1.11,0.04,5,0,0
219,1,219,855.46,33.99,34.05,1741.48,40.27,33.02,1.48,1447.47,38.48,-41.44,-42.75,-62.07,-27.08,-6.31,-14.32,14.12,104.48,-0.06,998.91,31.37,31.85,1226.38,34.39,30.01,1.44,938.4,30.42,-41.45,-45.18,-49.41,-25.95,-11.62,-9.03,9.4,131.79,-0.08,-1.42,-1.12,0.04,5,0,0
220,1,220,851.32,34.01,34.09,1808.3,39.18,33.01,1.5,1501.28,37.11,-41.2,-43.56,-63.86,-27.28,-5.77,-14.41,13.77,107.34,-0.06,1023.21,31.39,31.78,1220.14,34.04,30.02,1.44,938.43,30.49,-41.49,-44.24,-49.92,-26.79,-12.26,-8.81,9.17,135.59,-0.08,-1.39,-1.1,0.04,5,0,0
221,1,221,876.68,33.76,33.77,1695.32,38.84,33.04,1.51,1461.35,38.31,-41.23,-41.71,-59.66,-27.01,-6.04,-14.79,13.83,108.81,-0.06,1035.08,31.42,31.82,1236.26,33.88,30.02,1.45,936.15,30.53,-41.47,-47.99,-49.92,-27.24,-11.19,-9.37,8.75,139.2,-0.08,-1.4,-1.09,0.04,5,0,0
222,1,222,842,33.86,33.88,1697.5,39.77,33.03,1.5,1438.98,38.83,-40.92,-43.76,-62.71,-26.67,-5.99,-13.77,14.07,107.16,-0.06,1022.48,31.43,31.85,1243.66,33.94,30.01,1.44,949.31,30.05,-41.26,-43.45,-50.03,-25.44,-9.72,-7.63,9.07,137.63,-0.08,-1.39,-1.11,0.04,5,0,0
223,1,223,865.5,33.99,34.02,1755.61,39.69,33.01,1.48,1450.79,38.35,-41.69,-42.85,-61.93,-27.19,-6.09,-14.45,14.01,107.04,-0.06,1027.78,31.44,31.78,1201.6,34.57,30.02,1.43,911.81,31.33,-41.75,-55.3,-50.34,-27.68,-12.01,-9.13,9.12,137.4,-0.07,-1.4,-1.11,0.04,5,0,0
224,1,224,855.64,33.89,33.93,1706.67,39.97,33.01,1.49,1430.9,38.88,-41.31,-42.83,-62.61,-26.65,-5.98,-13.79,13.85,108.52,-0.06,1015.55,31.41,31.82,1221.37,34.31,30.02,1.44,935.81,30.56,-41.07,-43.06,-50.23,-25.96,-9.81,-8.43,9.18,136.41,-0.08,-1.4,-1.11,0.04,5,0,0
225,1,225,813.39,33.89,34.18,1960.49,36.84,33.02,1.53,1608.85,34.76,-42.8,-42.82,-61.78,-27.69,-5.89,-14.99,13.27,109.9,-0.08,1016.98,31.43,31.88,1223.95,34.73,30.02,1.44,926.4,30.87,-45.33,-41.98,-50.07,-25.31,-14.81,-8.73,8.92,136.29,-0.08,-1.38,-1.1,0.04,5,0,0
226,1,226,842.39,33.91,33.96,1734.36,39.64,33.02,1.5,1456.55,38.24,-42.04,-42.92,-61.2,-26.89,-6.32,-14.48,14.08,102.79,-0.06,1009.58,31.33,31.75,1218.95,33.86,30.01,1.44,937.47,30.41,-40.93,-46.15,-49.93,-27.95,-10.64,-9.28,9.38,128.58,-0.09,-1.39,-1.1,0.04,5,0,0
227,1,227,844.62,33.93,33.97,1763.3,39.07,33.03,1.5,1479.64,37.75,-41.8,-42.88,-61.26,-27.32,-5.76,-14.36,13.79,108.76,-0.06,1024.68,31.46,31.86,1233.28,34.31,30.02,1.43,935.49,30.56,-41.48,-44.62,-49.72,-25.88,-12.69,-8.78,9.08,138.19,-0.08,-1.37,-1.08,0.04,5,0,0
228,1,228,823.23,33.98,34.2,1878.7,38.66,33.03,1.51,1564.62,35.77,-40.68,-43.65,-61.36,-27.77,-5.61,-14.47,13.35,109.13,-0.08,1004.01,31.34,31.82,1230.8,34.04,30.04,1.45,940.87,30.49,-44.05,-43.91,-50.13,-26.33,-12.69,-8.48,8.75,139.68,-0.08,-1.39,-1.11,0.04,5,0,0
229,1,229,855.31,33.79,33.81,1669.22,39.74,33.03,1.5,1424.5,39.23,-42.31,-42.67,-61.99,-26.75,-5.91,-13.79,13.93,106.38,-0.05,1009.77,31.35,31.76,1207.83,34.26,30.03,1.45,928.33,30.84,-40.86,-44.64,-50.65,-25.73,-10.39,-8.42,8.89,139.07,-0.08,-1.4,-1.11,0.03,5,0,0
230,1,230,856.72,33.92,33.94,1706.09,40.13,33.03,1.49,1423.61,39.19,-41.13,-43.39,-63.85,-26.31,-6.17,-14.13,13.84,110.7,-0.06,1019.34,31.37,31.73,1198.09,34.3,30.03,1.43,924.58,31.01,-39.45,-43.4,-49.9,-24.04,-9.38,-8.68,9.18,138.97,-0.08,-1.4,-1.11,0.03,5,0,0
231,1,231,920.03,34.06,34.06,1950.08,37.23,33.04,1.52,1594.14,35.55,-39.78,-43.28,-64.35,-28.13,-5.21,-13.78,13.83,104.63,-0.07,1077.18,31.51,31.77,1295.97,31.99,30.02,1.47,954.86,29.54,-42.54,-42.71,-52.17,-28.14,-12.35,-7.14,8.9,134.57,-0.08,-1.33,-1.17,0.06,5,0,0
232,1,232,902.66,34.09,34.16,1953.26,38.01,33.03,1.52,1586.7,35.62,-39.11,-44.45,-66.73,-27.62,-4.5,-12.16,13.41,108.62,-0.07,1046.4,31.42,31.77,1290.94,32.09,30.03,1.47,955.87,29.58,-42.86,-39.77,-51.21,-28.98,-11.84,-6.15,8.74,135.24,-0.08,-1.33,-1.18,0.06,5,0,0
233,1,233,892.09,34.05,34.09,1928.6,37.92,33.02,1.53,1575.69,35.8,-39.78,-43.28,-64.05,-28.27,-5.2,-14.08,13.58,106.98,-0.07,1066.05,31.42,31.7,1265.42,32.27,30.04,1.48,943.26,30.04,-41.22,-42.95,-52.85,-29.01,-12.63,-7.14,8.81,134.95,-0.08,-1.33,-1.18,0.06,5,0,0
234,1,234,918.04,34.05,34.08,1951.8,37.34,33.02,1.53,1596.48,35.32,-39.29,-43.99,-64.48,-27.97,-4.8,-12.72,13.59,106.47,-0.07,1066.05,31.37,31.66,1260.85,32.1,30.03,1.48,937.12,30.16,-40.84,-41.6,-52.61,-28.97,-12.41,-6.87,8.84,134.87,-0.08,-1.34,-1.22,0.06,5,0,0
235,1,235,910.6,34.03,34.04,1905.43,37.97,33.03,1.51,1558.01,36.24,-39.99,-43.23,-64.17,-28,-5.2,-13.84,13.77,106.91,-0.07,1072.2,31.47,31.72,1272.31,32.21,30,1.46,941.66,29.84,-41.27,-40.9,-52.59,-26.4,-12.7,-7.18,9,135.83,-0.08,-1.29,-1.14,0.06,5,0,0
236,1,236,901.35,33.97,34.06,1939.78,37.39,33.04,1.53,1616.4,35.05,-39.78,-43.66,-65.06,-28.23,-4.78,-12.84,13.51,107.15,-0.06,1056.33,31.35,31.65,1256.83,32.11,30.04,1.47,944.06,30.01,-42.05,-40.16,-51.92,-27.43,-12.47,-6.57,8.89,135.03,-0.07,-1.34,-1.2,0.06,5,0,0
237,1,237,922.46,34.04,34.06,1949.34,37.18,33.04,1.53,1601.01,35.37,-39.28,-43.24,-63.95,-28.16,-4.96,-13.73,13.45,109.71,-0.07,1066.21,31.5,31.76,1292.02,31.99,30.02,1.47,951.95,29.64,-44.36,-42.6,-52.6,-27.18,-12.53,-7.16,8.48,140.9,-0.08,-1.33,-1.18,0.06,5,0,0
238,1,238,902.62,34.05,34.16,1977.26,37.5,33.02,1.53,1616.55,34.9,-39.36,-43.85,-65.7,-27.82,-4.53,-12.37,13.41,108.23,-0.07,1042.23,31.35,31.66,1244.91,32.51,30.04,1.47,928.07,30.5,-41.7,-40.59,-50.9,-28.28,-12.02,-6.17,8.91,136.73,-0.07,-1.33,-1.18,0.06,5,0,0
239,1,239,879.67,34,34.06,1946.55,37.29,33.03,1.54,1608.18,35.15,-38.33,-43.67,-64.05,-27.88,-5.15,-14.11,13.19,113.84,-0.07,1063.44,31.44,31.72,1288.78,31.78,30.03,1.48,964.24,29.33,-42.99,-40.94,-52.68,-25.58,-12.79,-7.41,8.48,144.97,-0.08,-1.32,-1.17,0.06,5,0,0
240,1,240,917.6,33.99,34.01,1930.36,37.18,33.02,1.54,1583.59,35.61,-40.98,-43.98,-65.1,-27.47,-5.23,-13.6,13.23,112.44,-0.07,1063.16,31.42,31.71,1280.73,31.89,30.04,1.48,956.29,29.62,-41.65,-41.02,-52.96,-26.51,-12.29,-7.22,8.46,143.89,-0.08,-1.33,-1.21,0.06,5,0,0
241,1,241,879.29,33.94,33.97,1880.46,37.86,33.02,1.52,1550.83,36.37,-41.08,-43.03,-62.03,-27.49,-4.86,-13.53,13.63,107.58,-0.07,1018.92,31.31,31.68,1272.05,31.92,30.03,1.48,959.97,29.48,-41.56,-43.3,-51.47,-27.76,-12.16,-7.21,8.45,140.24,-0.09,-1.3,-1.15,0.06,5,0,0
242,1,242,886.28,33.95,34.07,1956.25,37.15,33.03,1.53,1625.01,34.76,-38.27,-43.9,-65.42,-27.27,-4.44,-12.13,13.2,111.74,-0.07,1035.1,31.3,31.64,1257.38,32,30.04,1.47,950.19,29.83,-41.28,-40.6,-51.25,-25.23,-12.01,-6.33,8.82,138.15,-0.08,-1.32,-1.18,0.06,5,0,0
243,1,243,895.67,34.01,34.03,1951.62,36.93,33.03,1.54,1611.71,35.06,-38.71,-43.46,-64.03,-28.02,-5.07,-13.59,13.49,108.84,-0.07,1050.15,31.45,31.73,1287.51,31.92,30.04,1.48,957.36,29.57,-42.66,-42.73,-52.84,-28.14,-12.35,-7.19,8.68,137.01,-0.08,-1.32,-1.17,0.06,5,0,0
244,1,244,918.31,34.04,34.15,1992.38,37.1,33.02,1.54,1630.81,34.61,-38.9,-43.84,-65.32,-28.42,-4.59,-12.5,13.44,106,-0.08,1075.2,31.39,31.68,1267.06,32.04,30.03,1.47,943.77,29.93,-41.57,-40.9,-51.73,-28.4,-12.37,-6.43,8.93,134.01,-0.07,-1.35,-1.2,0.06,5,0,0
245,1,245,891.54,34.01,34.06,1958.53,37.03,33.03,1.53,1613.19,35.04,-38.5,-44.33,-64.97,-27.74,-5.01,-13.69,13.45,109.92,-0.07,1033.29,31.44,31.76,1280.23,32.28,30.03,1.47,949.75,29.77,-43.43,-40.04,-51.54,-26.86,-12.52,-7.02,8.78,135.9,-0.08,-1.31,-1.15,0.06,5,0,0
246,1,246,918.26,33.99,34.06,1950.77,37.15,33.03,1.53,1614.81,34.97,-40.43,-43.98,-64.92,-27.58,-4.51,-12.47,13.22,112.12,-0.06,1064.91,31.33,31.66,1286.04,31.39,30.04,1.48,967.48,29.3,-42.29,-39.41,-51.43,-25.19,-12.36,-6.45,8.6,138.82,-0.08,-1.34,-1.2,0.06,5,0,0
247,1,247,907.81,34.06,34.1,1961.9,37.29,33.03,1.54,1605.79,35.2,-39.64,-43.74,-65.57,-27.72,-5.11,-13.73,13.42,110.34,-0.07,1059.28,31.5,31.77,1292.75,32.02,30.04,1.47,962.65,29.42,-42.03,-42.24,-51.92,-26.06,-12.49,-7.17,8.85,137.72,-0.08,-1.32,-1.16,0.06,5,0,0
248,1,248,915.13,34.01,34.06,1939.11,37.42,33.03,1.53,1599.68,35.34,-39.4,-43.64,-64.55,-27.75,-4.55,-12.25,13.51,109.14,-0.07,1054.87,31.29,31.58,1262.04,31.43,30.04,1.49,957.77,29.61,-39.77,-41.41,-51.86,-26.94,-11.95,-6.53,8.88,135.53,-0.08,-1.34,-1.2,0.07,5,0,0
249,1,249,914.76,34.06,34.1,1982.26,36.87,33.02,1.54,1621.68,34.8,-38.65,-43.92,-64.07,-28.25,-5.05,-13.89,13.29,110.66,-0.07,1074.74,31.45,31.72,1288.43,31.79,30.03,1.47,952.1,29.67,-42.15,-40.79,-52.05,-27.39,-12.57,-7.2,8.57,138.64,-0.08,-1.32,-1.17,0.06,5,0,0
250,1,250,912.05,34.04,34.13,1974.1,37.34,33.02,1.54,1613.78,34.98,-38.9,-43.63,-65.57,-27.78,-4.48,-12.3,13.28,110.39,-0.08,1045.62,31.31,31.6,1232.91,32.38,30.04,1.47,921.1,30.71,-40.55,-41.91,-51.23,-27.62,-12.03,-6.08,8.81,137.81,-0.07,-1.33,-1.18,0.06,5,0,0
251,1,251,909.55,34.02,34.03,1940.76,37.17,33.03,1.53,1592.74,35.46,-38.8,-43.64,-63.75,-28.23,-4.92,-13.7,13.54,108.22,-0.07,1068.73,31.42,31.68,1261.82,32.17,30.03,1.47,934.63,30.2,-41.14,-41.11,-52.78,-28.92,-12.64,-6.91,8.63,137.06,-0.07,-1.31,-1.16,0.06,5,0,0
252,1,252,921.51,34.05,34.11,1985.43,36.95,33.03,1.53,1624.76,34.79,-38.94,-43.99,-65.19,-28.07,-4.47,-12.25,13.72,104.86,-0.07,1074.5,31.37,31.66,1260.35,32.07,30.04,1.47,940.32,30.12,-41.4,-40.63,-51.81,-27.21,-11.72,-6.29,9.22,131.75,-0.07,-1.34,-1.21,0.06,5,0,0
253,1,253,900.86,34.02,34.06,1939.81,37.38,33.03,1.53,1595.17,35.44,-38.76,-43.85,-65.05,-27.95,-4.96,-13.66,13.63,106.7,-0.07,1050.11,31.41,31.66,1261.86,32.01,30.03,1.47,942.52,29.96,-41.64,-41.06,-51.89,-28.12,-12.66,-7.03,9.02,132.48,-0.07,-1.33,-1.17,0.06,5,0,0
254,1,254,916.05,33.97,34.03,1934.71,37.22,33.03,1.54,1601.83,35.27,-39.98,-43.98,-64.61,-27.91,-4.73,-12.68,13.18,112.05,-0.07,1067.33,31.39,31.68,1270.04,32,30.04,1.48,949.67,29.8,-41.71,-39.98,-52.03,-26.8,-12.47,-6.43,8.44,143.2,-0.08,-1.35,-1.21,0.07,5,0,0
255,1,255,919.12,34.1,34.11,1956.58,37.53,33.03,1.53,1587.61,35.59,-39.24,-43.59,-64.89,-27.4,-4.84,-13.65,13.14,113.73,-0.07,1070.18,31.53,31.8,1297.01,32.16,30.04,1.48,953.08,29.73,-41.98,-39.99,-51.81,-25.38,-12.34,-6.92,8.34,148.2,-0.08,-1.31,-1.14,0.06,5,0,0
256,1,256,918.56,34.01,34.08,1968.58,37,33.04,1.54,1625.05,34.84,-40.52,-43.82,-66.4,-27.83,-4.63,-12.29,13.38,109.49,-0.07,1056.76,31.38,31.63,1246.7,32.25,30.05,1.47,931.55,30.45,-41.7,-41.21,-51.4,-27.17,-12.43,-6.05,8.71,141.05,-0.07,-1.33,-1.18,0.07,5,0,0
257,1,257,911.33,34.01,34.06,1970.45,36.77,33.03,1.53,1627.27,34.75,-37.58,-43.36,-63.86,-28.02,-5.08,-13.89,13.42,111.54,-0.07,1060.05,31.43,31.7,1277.21,31.95,30.04,1.47,952.17,29.75,-42.03,-43.79,-52.17,-27.48,-12.43,-7.16,8.78,139.08,-0.08,-1.33,-1.17,0.06,5,0,0
258,1,258,908.06,33.97,34.03,1916.67,37.58,33.04,1.52,1589.3,35.64,-39.47,-43.76,-64.71,-28.07,-4.51,-12.14,13.6,107.31,-0.07,1052.18,31.33,31.64,1258.56,31.96,30.02,1.47,942.72,29.91,-41.97,-40.49,-51.74,-29.69,-12.19,-6.21,8.94,131.62,-0.08,-1.33,-1.18,0.06,5,0,0
259,1,259,912.32,34.12,34.17,1995.4,37.25,33.03,1.53,1615.96,34.98,-38.79,-43.57,-65.91,-27.89,-4.71,-13.61,13.19,113.62,-0.07,1078.55,31.5,31.77,1289.74,32.13,30.03,1.47,949.46,29.8,-41.5,-41.05,-51.83,-26.26,-12.32,-7,8.43,143.69,-0.08,-1.31,-1.15,0.06,5,0,0
260,1,260,933.08,34.03,34.05,1952.35,37.06,33.03,1.53,1598.13,35.39,-41.16,-43.72,-64.97,-27.64,-4.51,-12.25,13.55,109.53,-0.07,1078.93,31.36,31.66,1270.26,31.85,30.02,1.47,942.82,29.93,-41.06,-39.74,-51.77,-26.24,-12.28,-6.34,8.64,141.13,-0.08,-1.34,-1.21,0.06,5,0,0
261,1,261,858.83,34.08,34.17,1958.42,36.56,33.02,1.54,1630.07,34.17,-37.25,-40.65,-64.61,-28.05,-2.55,-14.73,13.49,107.95,-0.09,991.28,31.52,31.84,1280.66,32.45,30.03,1.46,959.82,29.34,-40.62,-41.45,-51.53,-24.92,-11.9,-7.9,9.21,133.9,-0.08,-1.46,-1.25,0.05,5,2998,22413
262,1,262,864.2,34.2,34.23,1943.48,37.35,33.02,1.52,1600.02,34.79,-38.05,-41.66,-65.63,-28.6,-2.55,-14.8,13.47,107.94,-0.08,1018.31,31.51,31.8,1291.19,31.95,30.03,1.47,968.21,29.05,-40.55,-41.61,-52.55,-27.85,-12.4,-8.21,8.91,134.89,-0.09,-1.45,-1.28,0.05,5,2673,18117
263,1,263,861.67,34.14,34.11,1846.76,38.34,33.04,1.51,1526.45,36.57,-38.81,-41.73,-65.25,-27.86,-2.6,-14.36,13.58,109.7,-0.07,986.67,31.47,31.78,1274.62,32.17,30.04,1.47,959.95,29.36,-40.02,-41.49,-52.34,-27.71,-10.05,-7.95,8.77,138.26,-0.08,-1.49,-1.32,0.05,5,2572,22521
264,1,264,856.72,34.14,34.19,1946.53,36.94,33.02,1.53,1616.6,34.4,-37.5,-41.05,-67.34,-28.12,-2.7,-14.61,13.41,109.36,-0.1,1008.12,31.52,31.82,1289.97,32.05,30.03,1.46,962.2,29.22,-40.85,-39.94,-52.83,-25.29,-10.15,-8.02,8.81,139.07,-0.09,-1.49,-1.31,0.05,5,2532,12466
265,1,265,887.12,34.05,33.97,1793.09,38.23,33.04,1.51,1492.3,37.32,-39.06,-41.77,-65.51,-27.71,-2.64,-14.24,13.23,115.78,-0.06,1023.61,31.42,31.72,1280.05,31.62,30.03,1.48,973.39,28.91,-38.86,-40.85,-53.2,-27.4,-9.51,-8.26,8.21,144.95,-0.09,-1.48,-1.31,0.05,5,2824,10420
266,1,266,869.87,34.05,34.06,1902.97,36.69,33.03,1.54,1593.06,35,-37.33,-39.81,-66.32,-27.98,-2.87,-15.01,13.33,111.62,-0.07,1003.04,31.48,31.76,1276.16,32.04,30.03,1.47,965.9,29.13,-40.16,-41.5,-52.47,-25.84,-10.88,-7.9,8.65,142.13,-0.08,-1.45,-1.28,0.05,5,2459,17697
267,1,267,855.25,34.1,34.05,1845.81,37.82,33.03,1.52,1539.07,36.18,-38.31,-41.19,-67.25,-27.57,-2.65,-14.54,13.46,109.74,-0.07,1002.05,31.49,31.77,1270.6,32.22,30.04,1.47,963.68,29.26,-39.78,-42.61,-52.62,-25.97,-9.2,-7.78,8.59,143.54,-0.09,-1.49,-1.31,0.05,5,2242,10327
268,1,268,823.76,34.03,34.12,1931,36.65,33.03,1.54,1624.81,34.28,-37.54,-41.35,-64.71,-28.01,-2.8,-15.1,13.29,111.72,-0.1,989.03,31.43,31.75,1261.18,32.36,30.04,1.47,950.2,29.64,-41.98,-40.3,-51.63,-24.82,-11.35,-7.79,8.77,140.66,-0.1,-1.45,-1.29,0.05,5,2219,8658
269,1,269,846.31,34.12,34.2,1973.25,36.52,33.03,1.53,1639.76,34.02,-37.73,-41.39,-66.88,-28.24,-2.63,-15.1,13.16,112.33,-0.08,1019.99,31.57,31.88,1305.4,32.12,30.03,1.46,975.25,28.89,-41.53,-42.1,-52.5,-25.7,-10.6,-7.68,8.7,139.07,-0.09,-1.51,-1.33,0.05,5,2948,12206
270,1,270,897.84,33.99,33.89,1808.37,37.24,33.04,1.55,1527.48,36.54,-38.11,-41.66,-65.05,-27.62,-3.02,-14.76,13.5,110.75,-0.06,1013.07,31.35,31.62,1260.91,31.35,30.03,1.5,969.49,29.04,-39.07,-41.46,-52.63,-26.03,-10.26,-8.33,8.19,149.12,-0.08,-1.55,-1.38,0.06,5,2414,10775
271,1,271,851.32,34.08,34.21,1931.97,37.42,33.03,1.53,1611.27,34.58,-37.62,-41.38,-66.58,-28.46,-2.84,-15.22,13.4,107.73,-0.09,982.7,31.41,31.72,1253.69,32.32,30.04,1.47,945.95,29.78,-41.48,-41.89,-52.02,-27.14,-12.4,-7.81,8.94,135.29,-0.07,-1.48,-1.31,0.05,5,2534,8410
272,1,272,865.92,34.1,34.11,1888.73,37.47,33.03,1.52,1569.53,35.51,-38.75,-43.45,-65.43,-27.95,-2.56,-14.56,13.61,108.55,-0.08,1005.73,31.46,31.82,1318.41,31.4,30.03,1.47,994.25,28.31,-41.57,-40.22,-52.05,-26.12,-11.46,-7.97,8.75,137.91,-0.11,-1.45,-1.28,0.05,5,2463,7903
273,1,273,886.41,34.19,34.17,1882.28,38.09,33.04,1.52,1546.57,36.06,-39.02,-41.37,-66.68,-28.03,-2.8,-15.04,13.32,112.71,-0.07,1023.67,31.48,31.75,1288.88,31.58,30.03,1.48,975.71,28.84,-40.04,-40.84,-52.72,-26.71,-12.43,-8.27,8.57,141.61,-0.09,-1.49,-1.31,0.05,5,2659,7131
274,1,274,887.97,34.05,34.04,1873.4,37.14,33.04,1.53,1567.06,35.65,-39.31,-41.14,-63.98,-28.12,-2.7,-14.86,13.64,108.5,-0.07,1023.18,31.29,31.58,1263.4,31.02,30.03,1.49,976.49,28.84,-39.31,-40.62,-52.38,-26.67,-13.26,-8.02,8.69,138.7,-0.09,-1.49,-1.32,0.05,5,2453,8137
275,1,275,868.75,34.06,33.99,1808.36,38.1,33.02,1.52,1506.88,36.84,-40.06,-42.19,-66.15,-27.61,-2.89,-14.57,13.58,109.53,-0.07,1016.66,31.39,31.67,1271.26,31.48,30.04,1.48,972.7,29.01,-39.89,-40.8,-52.78,-25.85,-10.66,-8.06,8.69,140.45,-0.1,-1.5,-1.34,0.05,5,2848,6860
276,1,276,861.41,34.14,34.15,1891.28,37.72,33.03,1.52,1566.49,35.54,-36.97,-41.98,-67.93,-27.96,-2.53,-14.76,13.63,108.21,-0.07,996.75,31.44,31.71,1257.93,32.11,30.03,1.47,952.03,29.58,-39.12,-41.12,-52.32,-27.43,-9.03,-8.03,9.02,134.97,-0.08,-1.57,-1.4,0.05,5,2805,6808
277,1,277,861.22,34.14,34.22,1958.08,36.96,33.02,1.54,1626.19,34.2,-37.45,-41.96,-68.03,-28.26,-2.81,-15.04,13.05,112.95,-0.09,1029.52,31.46,31.7,1264.25,31.88,30.03,1.47,948.6,29.67,-40.55,-39.21,-52.08,-25.97,-10.24,-7.79,8.52,143.79,-0.07,-1.58,-1.4,0.05,5,3053,6573
278,1,278,893.27,34.14,34.09,1853.53,38,33.02,1.52,1526.14,36.38,-39.34,-41.71,-66.7,-27.32,-2.91,-14.83,13.31,114.61,-0.07,1031.48,31.42,31.67,1284.91,31.16,30.04,1.48,980.59,28.77,-39.67,-40.54,-52.6,-23.99,-12.09,-8.05,8.56,144.6,-0.08,-1.55,-1.37,0.05,5,2636,5718
279,1,279,878.73,34.1,34.13,1917.77,37.06,33.04,1.53,1592.15,35.08,-38.02,-41.49,-67.98,-28.34,-2.6,-14.97,13.49,109.85,-0.09,1030.36,31.41,31.67,1262.02,31.71,30.03,1.47,960.26,29.32,-39.5,-42.3,-51.39,-27.27,-12.03,-7.87,8.89,140.13,-0.09,-1.55,-1.39,0.05,5,3197,6188
280,1,280,859.01,34.18,34.2,1903.63,37.95,33.01,1.52,1563.06,35.51,-38.48,-41.24,-67.21,-27.75,-2.89,-14.96,13.56,109.21,-0.08,1012.33,31.45,31.73,1266.53,32.04,30.02,1.47,945.35,29.7,-41.18,-40.82,-51.59,-27.45,-10.52,-7.87,9.11,134.57,-0.09,-1.51,-1.33,0.05,5,3056,5728
281,1,281,892.69,33.81,33.71,1716.37,37.74,33.04,1.56,1520.95,36.65,-42.79,-42.66,-65.01,-27.36,-2.81,-14.63,13.55,109.59,-0.06,1025.72,31.2,31.49,1251.17,30.72,30.03,1.5,988.62,28.47,-37.1,-40.86,-52.41,-25.99,-9.69,-8.24,8.4,141.51,-0.09,-1.62,-1.46,0.05,5,3070,6794
282,1,282,880.22,34.11,34.13,1894.39,37.46,33.03,1.53,1566.92,35.56,-37.54,-42.31,-65.19,-28.09,-2.95,-15.05,13.47,110.02,-0.07,983.14,31.44,31.76,1297.18,31.49,30.04,1.48,978.49,28.8,-39.25,-46.82,-53,-26.88,-12.96,-8.35,8.47,141.96,-0.09,-1.68,-1.48,0.05,5,2996,7667
283,1,283,838.97,34.04,34.17,1966.31,36.43,33.02,1.54,1643.2,33.88,-38.42,-41.28,-67.5,-27.91,-2.68,-15.2,13.17,110.45,-0.09,981.28,31.41,31.76,1277.38,32,30.04,1.47,966.84,29.14,-42.21,-41.91,-52.45,-25.67,-12.36,-7.84,8.85,136.2,-0.08,-1.58,-1.39,0.05,5,2565,7554
284,1,284,835.56,34.11,34.17,1935.05,37.04,33.02,1.54,1617.62,34.37,-38.45,-41.62,-68.37,-28.1,-2.8,-14.81,13.22,109.52,-0.09,1008.52,31.47,31.79,1295.9,31.74,30.03,1.48,981.49,28.67,-41.18,-40.17,-52.93,-26.28,-9.99,-7.82,8.68,136.82,-0.09,-1.5,-1.34,0.05,5,2462,6842
285,1,285,851.99,34.09,34.14,1977.86,35.92,33.03,1.54,1654.26,33.72,-38.46,-41.08,-65.94,-28.78,-2.81,-15.03,12.94,114.27,-0.08,1027.5,31.49,31.81,1296.2,31.84,30.03,1.48,971.12,28.95,-41.74,-43.55,-52.27,-27.39,-12.23,-7.92,8.35,140.91,-0.08,-1.5,-1.34,0.05,5,2974,7420
286,1,286,834.07,34.05,34.14,1934.75,36.75,33.03,1.54,1620,34.39,-38.88,-41.87,-67.28,-27.98,-2.67,-15.4,13.28,109.84,-0.09,990.2,31.45,31.81,1299.44,31.76,30.03,1.48,983.36,28.64,-41.13,-41.57,-51.93,-25.78,-12.06,-7.95,8.52,142.29,-0.09,-1.56,-1.38,0.05,5,2242,7304
287,1,287,859.17,34.1,34.13,1899.84,37.41,33.03,1.53,1586.59,35.14,-39.91,-41.55,-64.99,-28.43,-2.76,-14.95,13.35,109.78,-0.08,1020.69,31.41,31.75,1289.2,31.58,30.03,1.48,972.68,28.94,-41.73,-39.55,-52.36,-26.97,-11.63,-7.75,8.59,137.73,-0.09,-1.64,-1.47,0.05,5,2391,7094
288,1,288,879.72,34.06,34.03,1811.87,38.36,33.03,1.52,1509.38,36.83,-39.07,-41.78,-67.29,-27.6,-2.8,-14.97,13.61,109.54,-0.07,982.6,31.31,31.57,1253.36,31.23,30.03,1.49,976.64,28.8,-38.73,-43.47,-52.36,-25.23,-13.01,-8.17,8.66,143.81,-0.09,-1.55,-1.35,0.05,5,3160,6413
289,1,289,881.69,34.13,34.12,1884.91,37.64,33.04,1.52,1561.91,35.71,-38.91,-40.88,-66.35,-27.87,-2.87,-14.8,13.44,111.86,-0.07,1028.69,31.44,31.71,1276.82,31.59,30.04,1.47,968.1,29.15,-38.64,-40.95,-52.66,-25.19,-10.69,-8.06,8.85,141.19,-0.08,-1.54,-1.34,0.05,5,2612,5923
290,1,290,865.72,34.14,34.09,1812.4,38.94,33.02,1.5,1492.01,37.16,-37.91,-42.25,-69.62,-27.64,-2.68,-14.51,13.6,108.63,-0.06,1014.98,31.52,31.79,1269.27,32.42,30.04,1.46,957.65,29.45,-38.82,-39.64,-53.26,-26.92,-8.64,-7.86,8.83,136.92,-0.08,-1.57,-1.38,0.05,5,2443,9995
291,1,291,880.65,34.07,34.01,1857.46,37.19,33.03,1.54,1550.22,35.96,-38.84,-42.12,-63.77,-27.4,-2.78,-14.67,13.3,113.2,-0.07,1020.9,31.36,31.67,1278.88,31.29,30.03,1.5,982.99,28.64,-39.34,-42.26,-52.02,-24.36,-11.14,-7.87,8.58,141.61,-0.1,-1.6,-1.44,0.05,5,2699,8095
292,1,292,867.14,34.09,34.11,1908.46,37.05,33.04,1.53,1590.27,35.13,-37.95,-42.31,-65.66,-28.3,-2.89,-14.67,13.58,108.27,-0.08,1008.29,31.43,31.74,1282.46,31.7,30.03,1.47,971.96,28.97,-40.45,-41.31,-52.45,-27.67,-10.74,-7.67,8.99,134.78,-0.09,-1.62,-1.45,0.05,5,2917,8669
293,1,293,866.15,34.14,34.19,1957.26,36.77,33.03,1.53,1625.96,34.31,-36,-42.98,-67.96,-28.52,-2.55,-14.8,13.59,106.6,-0.09,1032.91,31.52,31.81,1316.48,31.33,30.04,1.48,989.42,28.52,-39.4,-38.46,-53.05,-27.56,-8.46,-7.8,8.96,131.74,-0.09,-1.57,-1.38,0.05,5,2491,7894
294,1,294,858.2,34.14,34.14,1902.01,37.46,33.02,1.53,1577.22,35.24,-37.19,-41.59,-66.94,-27.9,-2.66,-14.57,13.22,112.57,-0.08,1018.5,31.45,31.75,1290.06,31.55,30.04,1.48,967.93,29.12,-41.82,-39.36,-52.64,-26.9,-8.24,-7.56,8.35,142.52,-0.09,-1.62,-1.45,0.05,5,2838,7203
295,1,295,845.03,34.01,34.1,1929.38,36.53,33.02,1.55,1622.16,34.29,-38.84,-40.99,-65.45,-27.6,-2.7,-14.99,13,114.06,-0.09,989.62,31.28,31.6,1252.87,31.45,30.03,1.49,964.08,29.17,-41.58,-41.94,-52.2,-24.35,-12.04,-7.86,8.54,143.27,-0.08,-1.55,-1.38,0.08,5,2752,6485
