Header Section,,,,,,,,,,,,,,,,,,,,,,,,,,,,,,,,,,,,,,,,,,,,,,,,,,,,,,,,,,,,,,,,,,,,,,,,,,,,
Product,VC7590,,,,,,,,,,,,,,,,,,,,,,,,,,,,,,,,,,,,,,,,,,,,,,,,,,,,,,,,,,,,,,,,,,,,,,,,,,,
Test Plan,Rev(-),,,,,,,,,,,,,,,,,,,,,,,,,,,,,,,,,,,,,,,,,,,,,,,,,,,,,,,,,,,,,,,,,,,,,,,,,,,
Release Date,11/13/2013 0:00,,,,,,,,,,,,,,,,,,,,,,,,,,,,,,,,,,,,,,,,,,,,,,,,,,,,,,,,,,,,,,,,,,,,,,,,,,,
Comment,,,,,,,,,,,,,,,,,,,,,,,,,,,,,,,,,,,,,,,,,,,,,,,,,,,,,,,,,,,,,,,,,,,,,,,,,,,,
,,,,,,,,,,,,,,,,,,,,,,,,,,,,,,,,,,,,,,,,,,,,,,,,,,,,,,,,,,,,,,,,,,,,,,,,,,,,
Data Section,,,,,,,,,,,,,,,,,,,,,,,,,,,,,,,,,,,,,,,,,,,,,,,,,,,,,,,,,,,,,,,,,,,,,,,,,,,,
Device#,1,2,3,4,5,6,7,8,9,10,11,12,13,14,15,16,17,18,19,20,21,22,23,24,25,26,27,28,29,30,31,32,33,34,35,36,37,38,39,40,41,42,43,44,45,46,47,48,49,50,51,52,53,54,55,56,57,58,59,60,61,62,63,64,65,66,67,68,69,70,71,72,73,74,75,76
Test Item,Site No,Device ID,GSM824 Idle Current,GSM824 Max Pout @ 0dBm Drive,GSM824 Max Pout @ 3dBm Drive,GSM824 Max Icc,GSM824 Max PAE,GSM824 Rated Pout,GSM824 Rated Vramp,GSM824 Rated Icc,GSM824 Rated PAE,GSM824 2nd har@30dBm,GSM824 3rd har@30dBm,GSM824 Fwd Isolation 1,GSM824 Fwd Isolation 2,GSM824 Pout Leakage@TRX1,GSM824 Pout Leakage@TRX2,GSM824 Pout Leakage@TRX3,GSM824 Pout Leakage@TRX4,GSM824 Pout Leakage@TRX5,GSM824 Pout Leakage@TRX6,GSM824 CMOS Pout,GSM824 Pout Slope,GSM824 Stress Delta,GSM915 Idle Current,GSM915 Max Pout @ 0dBm Drive,GSM915 Max Pout @ 3dBm Drive,GSM915 Max Icc,GSM915 Max PAE,GSM915 Rated Pout,GSM915 Rated Vramp,GSM915 Rated Icc,GSM915 Rated PAE,GSM915 2nd har@30dBm,GSM915 3rd har@30dBm,GSM915 Fwd Isolation 1,GSM915 Fwd Isolation 2,GSM915 Pout Leakage@TRX1,GSM915 Pout Leakage@TRX2,GSM915 Pout Leakage@TRX3,GSM915 Pout Leakage@TRX4,GSM915 Pout Leakage@TRX5,GSM915 Pout Leakage@TRX6,GSM915 CMOS Pout,GSM915 Pout Slope,GSM915 Stress Delta,DCS1710 Idle Current,DCS1710 Max Pout @ 0dBm Drive,DCS1710 Max Pout @ 3dBm Drive,DCS1710 Max Icc,DCS1710 Max PAE,DCS1710 Rated Pout,DCS1710 Rated Vramp,DCS1710 Rated Icc,DCS1710 Rated PAE,DCS1710 2nd har@30dBm,DCS1710 3rd har@30dBm,DCS1710 Fwd Isolation 1,DCS1710 Fwd Isolation 2,DCS1710 Pout Leakage@TRX1,DCS1710 Pout Leakage@TRX2,DCS1710 Pout Leakage@TRX3,DCS1710 Pout Leakage@TRX4,DCS1710 Pout Leakage@TRX5,DCS1710 Pout Leakage@TRX6,DCS1710 CMOS Pout,DCS1710 Pout Slope,DCS1710 Stress Delta,Insertion Loss TRX1,Insertion Loss TRX2,Insertion Loss TRX3,Insertion Loss TRX4,Insertion Loss TRX5,Insertion Loss TRX6,Leakage Current,Leakage Current Wait Time
Low Tolerance,,,60,0.3,0.3,60,,,,60,,2,2,3,2,3,3,3,3,3,3,,,,60,0.3,0.3,60,,,,60,,2,2,3,2,3,3,3,3,3,3,,,,60,0.3,0.3,60,,,,60,,3,3,3,2,3,3,3,3,3,3,,,,0.3,0.3,0.3,0.3,0.3,0.3,5,
High Tolerance,,,60,0.3,0.3,60,,,,60,,2,2,3,2,3,3,3,3,3,3,,,,60,0.3,0.3,60,,,,60,,2,2,3,2,3,3,3,3,3,3,,,,60,0.3,0.3,60,,,,60,,3,3,3,2,3,3,3,3,3,3,,,,0.3,0.3,0.3,0.3,0.3,0.3,5,
Enable,,,1,1,1,1,0,0,0,1,0,1,1,0,1,1,1,1,1,1,1,0,0,0,1,1,1,1,0,0,0,1,0,1,1,0,1,1,1,1,1,1,1,0,0,0,1,1,1,1,0,0,0,1,0,1,1,1,1,1,1,1,1,1,1,0,0,0,1,1,1,1,1,1,1,0
920,1,920,987.475,33.919,34.045,1910.094,37.427,32.957,1.538,1627.415,34.196,-44.336,-34.916,-60.517,-27.44,-14.788,-22.191,-15.24,-16.941,-6.768,-3.239,12.626,89.479,-0.028,932.017,33.773,33.806,1859.616,36.39,32.932,1.538,1603.948,34.496,-37.437,-41.993,-58.754,-25.085,-17.099,-20.616,-12.773,-16.017,-5.052,-1.121,13.13,89.568,-0.025,1118.073,31.65,31.906,1272.488,34.336,29.93,1.425,902.751,30.707,-36.063,-45.564,-48.703,-32.995,-25.182,-1.604,-14.146,-6.391,-13.412,2.607,8.055,102.481,-0.021,-1.54,-1.355,-1.533,-1.438,-1.808,-1.59,0.394,35
921,1,921,1012.841,33.905,34.007,1857.651,38.147,33.075,1.536,1608.316,35.553,-45.686,-35.245,-60.478,-26.831,-14.776,-22.093,-14.854,-16.74,-6.044,-3.022,12.768,90.092,-0.026,993.452,33.68,33.655,1786.209,36.589,32.994,1.538,1578.394,35.558,-38.039,-42.875,-59.022,-24.565,-17.101,-20.457,-12.498,-15.896,-4.404,-0.961,13.251,89.769,-0.023,1100.032,31.631,31.886,1266.042,34.347,29.973,1.425,904.927,30.939,-37.147,-44.701,-48.776,-32.607,-24.827,-1.513,-13.964,-6.447,-13.002,2.682,8.051,103.231,-0.021,-1.535,-1.343,-1.53,-1.427,-1.797,-1.577,0.394,35
922,1,922,1005.137,33.907,33.99,1838.91,38.393,32.972,1.519,1566.861,35.643,-46.054,-36.244,-60.194,-27.429,-15.259,-21.994,-14.644,-16.687,-5.901,-3.091,12.689,92.626,-0.026,986.801,33.612,33.562,1773.229,36.077,32.929,1.538,1565.491,35.321,-38.163,-42.622,-58.167,-25.932,-17.342,-20.493,-12.31,-15.822,-4.227,-0.966,13.078,91.832,-0.023,1108.468,31.588,31.825,1254.641,34.179,29.964,1.425,893.307,31.274,-37.861,-44.158,-48.685,-32.307,-24.566,-1.315,-14.251,-6.48,-12.743,2.625,7.855,107.51,-0.021,-1.5,-1.322,-1.478,-1.402,-1.761,-1.53,0.394,35
923,1,923,911.488,33.91,34.018,1885.622,37.681,33.033,1.538,1620.668,34.945,-46.786,-35.65,-60.399,-27.437,-14.642,-21.695,-15.086,-16.64,-6.312,-2.99,12.385,92.39,-0.028,1026.208,33.711,33.66,1803.196,36.286,32.996,1.538,1584.258,35.439,-37.207,-42.638,-58.693,-25.375,-16.993,-20.375,-12.663,-15.785,-4.599,-0.876,13,93.408,-0.023,1120.349,31.654,31.897,1268.825,34.365,29.984,1.425,900.841,31.152,-37.12,-42.922,-48.424,-32.656,-24.957,-1.532,-14.095,-6.326,-13.132,2.715,7.789,106.298,-0.021,-1.525,-1.324,-1.505,-1.406,-1.772,-1.558,0.394,35
924,1,924,992.688,34.02,34.125,1899.898,38.328,33.03,1.529,1615.814,35.026,-44.116,-35.911,-60.419,-28.352,-14.984,-21.956,-15.043,-16.716,-6.313,-3.102,12.761,91.822,-0.027,948.309,33.708,33.666,1812.415,36.152,32.95,1.538,1579.714,35.174,-38.376,-42.27,-58.744,-27.194,-17.248,-20.358,-12.612,-15.833,-4.648,-1.021,13.244,90.696,-0.023,1114.14,31.717,31.961,1263.787,35.006,30.062,1.425,908,31.471,-36.004,-43.163,-48.446,-32.004,-24.975,-1.498,-14.035,-6.243,-13.034,2.779,8.366,105.028,-0.021,-1.497,-1.305,-1.473,-1.387,-1.732,-1.519,0.394,35
925,1,925,1004.581,33.956,34.056,1869.498,38.337,33.036,1.538,1598.277,35.462,-45.726,-35.665,-60.444,-28.194,-14.513,-21.651,-15.134,-16.724,-6.114,-3.012,12.47,93.01,-0.027,984.325,33.685,33.636,1779.48,36.563,32.943,1.538,1553.101,35.718,-38.205,-42.375,-58.81,-26.748,-16.879,-20.412,-12.71,-15.911,-4.464,-0.951,12.962,91.825,-0.023,1116.917,31.723,31.975,1266.82,35.041,29.99,1.425,904.435,31.071,-35.226,-42.618,-47.572,-32.646,-24.887,-1.628,-14.204,-6.311,-12.803,2.66,7.838,108.136,-0.021,-1.519,-1.312,-1.506,-1.401,-1.77,-1.547,0.394,35
926,1,926,932.058,33.999,34.08,1853.618,38.883,32.914,1.5,1551.393,35.518,-46.484,-36.179,-60.329,-27.724,-14.799,-21.983,-15.021,-16.747,-5.733,-3.105,12.869,90.384,-0.026,1006.088,33.601,33.508,1749.839,36.107,33.086,1.575,1606.142,35.689,-38.11,-42.91,-58.566,-26.011,-16.518,-20.313,-12.444,-15.648,-3.865,-0.757,13.367,88.78,-0.022,1123.326,31.675,31.928,1276.403,34.406,29.988,1.425,910.626,30.844,-38.988,-43.069,-48.753,-32.686,-24.325,-1.552,-13.969,-6.305,-12.478,2.696,7.975,106.084,-0.021,-1.499,-1.299,-1.477,-1.385,-1.764,-1.52,0.394,35
927,1,927,998.759,33.959,34.08,1898.446,37.963,33.065,1.538,1634.387,34.907,-43.738,-35.757,-60.427,-28.126,-15.505,-22.132,-14.859,-16.717,-6.441,-2.997,12.73,90.802,-0.028,983.095,33.758,33.764,1839.542,36.434,32.997,1.538,1605.238,34.99,-36.408,-42.244,-58.496,-26.464,-17.642,-20.437,-12.472,-15.823,-4.766,-0.904,13.239,90.152,-0.025,1114.683,31.672,31.927,1275.907,34.407,30,1.425,911.19,30.916,-36.952,-43.811,-48.81,-32.525,-24.938,-1.549,-14.242,-6.259,-13.309,2.772,8.261,103.537,-0.022,-1.496,-1.305,-1.487,-1.387,-1.743,-1.526,0.394,35
928,1,928,942.823,33.852,34.013,1883.013,37.689,32.97,1.547,1623.631,34.384,-45.07,-34.797,-60.284,-27.162,-15.057,-22.814,-15.46,-16.785,-6.405,-3.061,12.355,90.145,-0.029,926.601,33.742,33.862,1837.369,37.301,32.927,1.538,1596.455,34.62,-36.669,-42.847,-58.683,-25.295,-17.436,-20.692,-12.894,-15.884,-4.712,-0.959,12.878,90.698,-0.028,1048.986,31.621,31.893,1230.067,35.414,30.007,1.425,888.848,31.741,-36.013,-43.967,-48.207,-32.05,-25.155,-1.355,-13.914,-6.247,-13.031,2.748,8.327,102.803,-0.022,-1.509,-1.309,-1.502,-1.395,-1.758,-1.545,0.394,35
929,1,929,1009.076,33.934,34.054,1901.412,37.681,33,1.538,1623.019,34.629,-45.563,-34.39,-60.072,-28.236,-14.971,-21.985,-15.07,-16.755,-6.184,-3.05,12.554,90.735,-0.027,957.764,33.8,33.8,1838.166,36.762,32.994,1.538,1595.995,35.171,-37.408,-42.683,-58.088,-26.491,-17.182,-20.41,-12.527,-15.817,-4.447,-0.9,13.058,90.579,-0.024,1119.374,31.651,31.89,1262.821,34.47,29.97,1.425,895.71,31.231,-36.806,-39.553,-48.627,-32.619,-24.839,-1.464,-14.113,-6.358,-12.983,2.664,7.916,106.047,-0.021,-1.495,-1.304,-1.495,-1.395,-1.77,-1.537,0.394,35
701,1,701,866.326,33.813,33.916,1832.709,37.872,32.928,1.538,1566.963,35.277,-42.93,-48.791,-61.151,-23.731,-10.865,-19.752,-12.478,-13.175,-3.651,-4.014,12.485,87.334,-0.027,825.524,33.65,33.703,1765.316,37.434,32.946,1.538,1515.749,36.623,-36.208,-45.789,-59.973,-22.175,-8.961,-17.959,-9.624,-8.823,-2.023,-2.492,13.224,87.864,-0.023,994.927,31.705,31.954,1246.223,35.447,30.004,1.406,877.001,32.147,-44.676,-41.722,-61.652,-30.967,-19.174,-1.619,-2.895,-11.84,-18.136,3.192,8.17,104.158,-0.019,-1.343,-1.17,-1.324,-1.165,-1.366,-1.395,1.412,360
702,1,702,842.371,33.788,33.9,1829.773,37.792,32.968,1.538,1575.399,35.413,-43.89,-47.917,-61.112,-25.963,-11.216,-19.184,-12.292,-12.98,-3.772,-3.948,12.271,91.283,-0.027,803.772,33.628,33.687,1758.403,37.444,32.987,1.538,1524.434,36.755,-37.248,-45.04,-59.043,-24.364,-9.166,-17.956,-9.505,-8.734,-2.154,-2.406,13.058,91.722,-0.023,983.714,31.704,31.976,1243.615,35.703,30.017,1.402,882.047,32.063,-43.399,-42.817,-61.738,-30.929,-19.463,-1.433,-3.211,-11.603,-18.216,3.264,7.884,111.764,-0.019,-1.334,-1.147,-1.296,-1.14,-1.35,-1.372,2.041,780.5
703,1,703,851.921,33.832,33.942,1844.579,37.853,32.993,1.538,1591.689,35.257,-42.392,-48.425,-62.046,-25.491,-10.964,-18.937,-12.772,-13.287,-4.557,-4.001,12.388,90.935,-0.028,991.948,33.554,33.599,1761.086,36.632,32.924,1.538,1529.931,36.099,-38.572,-44.756,-57.683,-23.947,-9.17,-17.657,-9.906,-8.935,-2.944,-2.57,13.114,91.24,-0.023,988.82,31.682,31.956,1242.472,35.566,29.952,1.393,871.981,31.95,-45.427,-39.856,-62.097,-30.904,-18.031,-1.577,-2.678,-11.817,-19.934,3.12,7.897,111.207,-0.02,-1.302,-1.145,-1.288,-1.137,-1.31,-1.354,3.96,1091.5
704,1,704,804.978,33.801,33.894,1762.655,39.174,32.996,1.519,1506.821,37.264,-46.159,-50.175,-61.414,-24.541,-10.325,-18.752,-12.52,-12.966,-2.542,-3.74,12.772,88.922,-0.027,860.55,33.446,33.456,1659.262,37.621,33.067,1.575,1520.946,37.528,-40.977,-46.78,-57.84,-23.134,-8.467,-17.394,-9.485,-8.476,-0.857,-2.134,13.33,88.876,-0.022,1017.29,31.689,31.956,1264.842,34.94,29.978,1.406,883.012,31.742,-46.342,-40.119,-61.666,-31.15,-18.555,-1.577,-2.584,-11.942,-14.628,3.217,7.726,109.893,-0.02,-1.335,-1.166,-1.313,-1.161,-1.385,-1.395,2.594,753
705,1,705,952.867,33.73,33.852,1848.127,37,33.061,1.575,1626.656,35.045,-41.168,-49.992,-61.081,-24.842,-10.763,-19.339,-12.313,-13.056,-3.95,-3.896,12.123,90.049,-0.027,943.103,33.525,33.592,1771.829,36.355,33.024,1.575,1570.143,35.993,-37.511,-44.801,-58.741,-23.501,-8.92,-17.816,-9.55,-8.748,-2.377,-2.426,12.829,91.22,-0.023,972.721,31.52,31.806,1232.578,34.638,29.974,1.425,881.826,31.751,-44.513,-42.233,-61.481,-30.812,-19.122,-1.464,-3.099,-11.71,-19.352,3.246,7.724,110.505,-0.019,-1.347,-1.17,-1.315,-1.158,-1.351,-1.385,2.267,760
401,1,401,854.1869,33.6892,33.7814,1866.4872,36.048,33.059,1.575,1641.9574,34.6988,-47.2262,-47.0458,-63.2555,-26.7692,-10.3543,-17.6885,-25.3296,-20.2882,-9.0787,-3.6246,12.4961,88.9844,-0.0265,971.5421,33.4317,33.4416,1783.0047,34.8952,32.9367,1.5824,1602.0076,34.5797,-43.297,-46.6123,-64.4673,-25.7635,-9.4101,-17.9595,-18.1618,-14.7265,-8.1637,-2.2791,13.0461,89.7521,-0.0205,1035.4174,31.4507,31.6734,1272.3467,32.547,30.0197,1.462,926.6553,30.5373,-42.3542,-35.4265,-63.4396,-31.8437,-18.0462,-0.8884,-2.6318,-10.3346,-18.424,3.6922,7.8172,109.6279,-0.0218,-1.6309,-1.3951,-1.6253,-1.3386,-1.6274,-1.6705,6.3723,35
402,1,402,855.5847,33.5778,33.6881,1883.2127,34.9689,32.9194,1.5769,1649.033,33.4569,-47.0557,-42.6536,-63.0306,-27.4961,-10.0842,-18.8913,-25.8812,-20.5502,-8.1299,-3.7228,12.1435,91.8668,-0.0269,821.1339,33.5177,33.605,1853.9866,34.8485,32.9316,1.5787,1632.3772,33.8947,-38.7514,-46.2687,-64.5984,-26.4339,-9.1519,-18.3973,-18.5568,-14.8708,-7.1693,-2.2598,12.7359,93.2953,-0.0226,1024.9111,31.5265,31.7554,1251.8571,33.7091,30.0021,1.444,905.2651,31.1315,-41.6881,-36.7054,-63.4701,-31.143,-18.9077,-0.9482,-2.3832,-10.0137,-14.6729,3.7969,7.7667,111.6287,-0.0218,-1.6268,-1.4056,-1.611,-1.3476,-1.6515,-1.6873,6.0444,35
403,1,403,876.3145,33.6236,33.7309,1894.9098,35.0977,33.0179,1.575,1666.5034,33.8643,-48.3958,-45.132,-63.5598,-25.2776,-10.1275,-18.0245,-25.398,-20.2988,-7.759,-3.6125,12.5933,86.9753,-0.0269,844.8245,33.5017,33.5247,1836.6731,34.5316,32.9564,1.575,1630.6493,34.1224,-39.4984,-46.0791,-64.8376,-24.1491,-9.205,-18.1395,-18.248,-14.7538,-6.9097,-2.2371,13.2359,88.6766,-0.0218,1049.6569,31.4706,31.7117,1269.297,32.9164,29.9917,1.444,911.7925,30.8347,-43.0347,-37.6487,-63.3679,-31.8587,-18.8202,-0.8291,-2.5526,-10.2216,-14.5106,3.7191,7.958,106.6328,-0.0224,-1.6333,-1.4184,-1.6227,-1.3559,-1.6646,-1.6895,6.0862,35
404,1,404,857.7093,33.6547,33.7447,1859.3872,35.8799,33.0108,1.575,1627.5541,34.6196,-47.4977,-45.5397,-63.8202,-28.0174,-9.811,-16.7066,-25.2422,-20.1599,-7.5219,-3.4513,12.4673,89.9569,-0.0261,964.893,33.4896,33.5039,1796.0953,35.1422,32.9227,1.575,1593.1981,34.6548,-39.9838,-46.1249,-63.4299,-27.1992,-9.0333,-17.8767,-18.118,-14.6604,-6.6971,-2.0966,12.9186,90.577,-0.0201,1043.4872,31.5427,31.759,1256.5811,33.6106,29.9857,1.444,907.133,30.9508,-43.6005,-36.8782,-63.9885,-30.8593,-18.4409,-1.3357,-2.8675,-10.2256,-13.7189,3.8056,8.0702,109.8929,-0.0212,-1.5918,-1.3766,-1.587,-1.3222,-1.6336,-1.6494,6.1891,35
405,1,405,847.9652,33.5942,33.6798,1779.2971,36.9412,32.9084,1.538,1535.5133,35.8383,-50.8034,-43.2167,-63.9799,-24.7403,-9.6098,-17.1357,-25.4685,-20.2842,-7.1645,-3.4341,12.7906,88.1023,-0.0261,808.724,33.3507,33.3518,1710.7405,35.6252,32.927,1.575,1552.1726,35.6068,-43.6154,-45.0506,-62.3737,-23.8414,-8.8188,-17.7866,-18.1485,-14.5726,-6.2264,-1.928,13.1666,88.8253,-0.0201,1055.6366,31.4124,31.6633,1250.4367,33.0387,30.0821,1.4602,916.0564,31.3388,-44.6945,-36.5227,-63.8962,-32.0584,-17.9651,-1.0056,-2.5426,-10.3892,-12.2154,3.8898,7.9214,106.3934,-0.0228,-1.5862,-1.38,-1.5788,-1.3257,-1.6435,-1.6541,6.3779,35
406,1,406,854.8305,33.6162,33.7125,1864.328,35.5206,32.9948,1.575,1638.2581,34.2667,-48.2852,-42.0907,-64.4355,-24.9696,-10.3671,-18.162,-25.2808,-20.4321,-7.329,-3.5157,12.5473,87.1301,-0.0262,918.729,33.5298,33.5845,1826.1791,35.2118,32.9609,1.575,1613.4987,34.5212,-41.3567,-45.1285,-64.1886,-23.9495,-9.3041,-18.1555,-18.164,-14.8116,-6.4933,-2.1306,13.0458,88.0014,-0.0214,1045.8207,31.5238,31.7574,1271.3987,33.2068,30.0899,1.462,930.4856,30.9068,-42.6678,-37.2396,-63.4213,-31.9424,-19.2496,-1.0112,-2.4709,-10.1079,-12.8785,3.7836,8.1213,105.1073,-0.0219,-1.6133,-1.3914,-1.6114,-1.347,-1.6604,-1.6814,5.8282,35
407,1,407,951.633,33.6199,33.7658,1919.8432,34.9204,33.0125,1.594,1694.0529,33.2732,-45.4934,-43.5974,-65.4188,-27.8725,-10.7739,-16.9008,-24.9548,-20.304,-8.5136,-3.4633,12.3226,87.984,-0.0284,940.4141,33.5314,33.5987,1854.0922,34.7952,32.9449,1.5824,1638.356,33.8754,-40.7522,-44.4742,-64.8388,-26.7416,-9.647,-17.9788,-17.9951,-14.8057,-7.6701,-2.1569,12.9156,88.5789,-0.0228,1047.5494,31.4968,31.7727,1289.6354,32.8536,30.0174,1.462,941.6688,30.0327,-41.0645,-36.4715,-63.7228,-31.7151,-18.89,-1.2983,-3.0317,-9.714,-16.5948,3.876,8.093,106.3309,-0.0228,-1.5773,-1.3644,-1.5726,-1.3177,-1.5932,-1.6366,5.9991,35
408,1,408,952.7514,33.6142,33.7264,1894.8871,35.0597,32.914,1.575,1654.8964,33.2971,-45.1961,-45.5317,-63.4508,-26.3269,-10.3274,-17.5863,-25.2009,-20.3574,-8.1944,-3.462,12.2876,87.6412,-0.0269,919.1088,33.4032,33.431,1831.5631,33.89,32.9866,1.612,1669.319,33.5649,-39.463,-44.1434,-64.4354,-25.1337,-9.1431,-18.1874,-18.0829,-14.7376,-7.2249,-1.9907,12.8669,88.5427,-0.0208,1030.8704,31.4584,31.681,1254.421,33.0687,30.0575,1.462,922.2058,30.9519,-41.9734,-35.7743,-63.5129,-32.0207,-20.0277,-1.0282,-2.7873,-9.4891,-15.5067,4.014,8.0859,104.722,-0.0213,-1.6075,-1.3844,-1.5927,-1.3332,-1.6364,-1.6644,5.6348,35
409,1,409,838.5206,33.6825,33.7809,1866.5375,36.0423,33.0038,1.5598,1629.9588,34.5137,-47.1385,-42.4853,-63.9152,-25.1275,-10.0388,-18.4117,-25.3697,-20.5827,-8.4799,-3.64,12.8789,85.066,-0.0266,912.5247,33.5657,33.6393,1829.1926,35.5997,33.0456,1.575,1629.4338,34.8567,-40.3168,-44.8507,-64.7641,-24.1232,-9.095,-18.1185,-18.1255,-14.8286,-7.4763,-2.1526,13.3928,86.4324,-0.0223,1013.3146,31.5369,31.8049,1276.0466,33.4492,29.9836,1.4364,918.7433,30.5463,-39.584,-38.3796,-63.7292,-31.8788,-18.596,-1.3138,-2.9587,-10.076,-16.355,3.6723,8.3356,105.0764,-0.023,-1.6162,-1.3743,-1.6081,-1.322,-1.6247,-1.65,5.4703,35
410,1,410,857.2657,33.6456,33.7488,1894.6363,35.2476,32.9407,1.575,1654.6138,33.5077,-48.4411,-42.7358,-64.575,-28.2071,-10.2277,-16.1413,-25.4446,-20.3964,-7.9703,-3.4711,12.1742,90.7245,-0.0268,833.9673,33.4509,33.4834,1839.7942,34.1459,33.0205,1.612,1669.0505,33.8343,-40.0898,-44.832,-62.8467,-27.0731,-9.1386,-17.6772,-18.1574,-14.6589,-6.9485,-1.9801,12.7079,91.4868,-0.0216,1055.6088,31.4909,31.7292,1249.7934,33.5617,30.074,1.462,917.443,31.2323,-44.43,-37.1083,-63.8856,-31.1345,-18.0985,-1.1729,-2.2526,-9.9622,-14.4698,3.921,7.633,111.1309,-0.0214,-1.6035,-1.3895,-1.6047,-1.3411,-1.6375,-1.6751,6.0308,35
1,1,1,870.583,33.742,33.709,1801.603,39.822,33.041,1.5,1558.61,36.92,-42.395,-37.24,-62.48,-29.273,-13.684,-15.246,-16.843,-24.021,-10.148,-2.897,12.977,89.004,-0.026,879.061,33.844,33.85,1789.587,38.741,32.973,1.5,1547.707,36.601,-39.393,-48.698,-63.224,-28.608,-10.88,-15.99,-13.993,-21.224,-8.224,-2.825,13.398,89.52,-0.025,1056.711,31.524,31.785,1322.052,36.439,29.921,1.388,924.788,30.338,-40.437,-45.018,-57.199,-33.055,-9.566,-1.412,-5.84,-9.59,-11.452,3.672,8.205,106.33,-0.026,-1.582,-1.447,-1.686,-1.507,-1.667,-1.563,0.642,35
2,1,2,866.678,33.747,33.757,1838.485,39.455,33.032,1.5,1587.418,36.178,-40.687,-38.191,-62.17,-28.097,-13.928,-16.348,-16.5,-24.172,-10.53,-3.157,12.768,89.555,-0.028,878.517,33.866,33.922,1824.025,38.644,33.001,1.5,1577.593,36.147,-39.016,-48.763,-63.313,-26.935,-10.847,-16.061,-13.655,-21.242,-8.534,-3.027,13.352,90.3,-0.028,1055.831,31.506,31.777,1327.129,36.232,29.936,1.388,925.223,30.431,-39.778,-55.234,-57.126,-33.466,-8.73,-0.826,-5.657,-9.524,-12.112,3.647,7.966,107.674,-0.026,-1.585,-1.437,-1.699,-1.506,-1.633,-1.553,0.936,35
3,1,3,954.097,33.667,33.679,1842.62,38.664,32.936,1.502,1586.213,35.414,-39.309,-37.277,-62.249,-28.62,-13.599,-15.432,-16.52,-23.924,-10.543,-3.041,12.695,90.14,-0.028,852.242,33.769,33.917,1837.135,38.33,32.998,1.521,1615.087,35.281,-39.727,-48.705,-63.14,-27.959,-10.621,-15.916,-13.591,-21.008,-8.432,-2.831,13.131,90.343,-0.031,1042.611,31.439,31.703,1320.214,35.803,29.932,1.39,931.684,30.193,-41.314,-49.529,-56.741,-33.056,-9.331,-0.406,-5.275,-10.043,-11.953,3.521,8.142,107.334,-0.025,-1.61,-1.463,-1.717,-1.535,-1.651,-1.572,0.933,35
4,1,4,860.45,33.808,33.79,1826.702,40.015,33.017,1.5,1568.435,36.491,-42.738,-35.832,-62.598,-25.734,-13.12,-14.321,-16.925,-23.578,-10.132,-2.638,12.969,86.938,-0.027,874.125,33.852,33.885,1826.915,38.259,32.946,1.508,1567.999,35.906,-38.838,-46.81,-63.417,-23.954,-10.463,-15.568,-13.997,-20.773,-8.173,-2.552,13.49,87.645,-0.027,1056.727,31.47,31.729,1316.85,36.11,29.979,1.399,926.418,30.691,-42.097,-49.149,-56.414,-33.15,-9.708,-0.276,-4.5,-9.736,-11.429,3.759,8.296,101.29,-0.026,-1.6,-1.461,-1.705,-1.527,-1.68,-1.581,0.828,35
5,1,5,867.793,33.803,33.812,1864.049,39.415,32.979,1.5,1590.037,35.675,-40.795,-37.223,-62.886,-26.375,-14.418,-15.194,-16.334,-23.922,-10.957,-2.835,12.451,90.814,-0.028,862.991,33.817,33.874,1834.152,38.01,33.008,1.519,1596.717,35.771,-38.993,-46.754,-63.944,-24.951,-10.903,-16.036,-13.542,-21.132,-8.892,-2.684,13.066,92.107,-0.027,1053.995,31.495,31.76,1316.099,36.388,29.918,1.39,913.605,30.691,-41.296,-55.909,-56.768,-33.231,-9.803,-0.963,-5.595,-9.791,-11.649,3.65,7.817,107.129,-0.026,-1.565,-1.433,-1.669,-1.49,-1.616,-1.55,0.746,35
6,1,6,867.01,33.807,33.817,1853.621,39.678,32.98,1.5,1578.177,35.961,-40.427,-37.605,-62.542,-27.862,-13.205,-15.191,-16.678,-24.1,-11.713,-3.248,12.574,90.62,-0.027,876.817,33.869,33.928,1824.034,38.7,32.944,1.5,1560.87,36.052,-39.446,-47.936,-63.643,-26.554,-10.699,-15.818,-13.794,-21.218,-9.617,-3.142,13.186,91.612,-0.027,1055.755,31.548,31.793,1303.928,37.011,29.995,1.388,909.913,31.365,-39.288,-43.682,-57.009,-33.242,-8.615,-0.671,-5.186,-9.825,-12.179,3.57,8.182,105.658,-0.025,-1.605,-1.458,-1.721,-1.53,-1.631,-1.564,0.588,35
7,1,7,873.962,33.837,33.808,1823.174,40.256,33.012,1.481,1545.721,36.985,-42.735,-37.423,-62.449,-28.162,-13.2,-14.466,-16.76,-23.986,-9.426,-2.774,13.315,87.233,-0.026,863.329,33.879,33.87,1793.763,38.826,33.062,1.5,1557.293,37.134,-39.656,-48.701,-63.132,-26.982,-10.468,-15.519,-13.734,-20.96,-7.374,-2.523,13.796,86.757,-0.025,1059.867,31.574,31.824,1331.121,36.514,30.007,1.388,930.135,30.765,-40.361,-50.78,-56.475,-33.859,-10.285,-0.843,-5.222,-9.484,-11.392,3.798,8.468,103.638,-0.026,-1.549,-1.408,-1.648,-1.466,-1.63,-1.534,0.629,35
8,1,8,850.727,33.725,33.725,1843.371,39.062,32.987,1.5,1583.407,35.895,-40.517,-36.343,-62.29,-26.171,-13.823,-14.911,-16.566,-23.779,-10.352,-2.648,12.888,88.276,-0.027,853.373,33.89,33.973,1837.939,38.81,32.959,1.5,1583.067,35.668,-39.181,-48.768,-63.188,-25.2,-10.778,-15.917,-13.746,-20.991,-8.372,-2.53,13.424,89.201,-0.028,1007.045,31.487,31.714,1283.988,36.91,30.013,1.388,903.378,31.72,-40.489,-49.647,-56.433,-32.25,-9.924,-0.646,-5.35,-9.861,-11.628,3.774,8.33,105.176,-0.025,-1.573,-1.433,-1.679,-1.491,-1.634,-1.537,0.641,35
9,1,9,848.19,33.702,33.698,1814.262,39.449,32.952,1.5,1555.444,36.244,-41.486,-37.233,-62.927,-28.136,-13.32,-14.574,-16.709,-23.855,-9.533,-2.653,12.904,88.513,-0.028,833.224,33.849,33.888,1807.328,38.699,32.928,1.502,1554.364,36.072,-38.704,-48.818,-63.412,-27.337,-10.573,-15.747,-13.813,-20.972,-7.607,-2.51,13.368,88.998,-0.027,1055.351,31.429,31.693,1325.243,35.589,30.081,1.425,943.886,30.837,-41.936,-65.254,-56.307,-33.536,-10.543,-0.714,-5.464,-9.401,-11.171,3.938,7.771,108.61,-0.025,-1.556,-1.419,-1.661,-1.476,-1.649,-1.537,0.622,35
10,1,10,851.819,33.941,33.938,1837.395,41.16,33.015,1.481,1553.149,36.833,-41.846,-35.66,-62.652,-27.385,-13.23,-14.584,-16.57,-23.711,-10.016,-2.761,13.079,88.632,-0.028,879.018,33.885,33.896,1819.179,38.522,33.002,1.5,1563.382,36.483,-40.721,-46.581,-63.285,-26.513,-10.504,-15.539,-13.643,-20.813,-8.002,-2.617,13.633,88.545,-0.025,1027.332,31.637,31.894,1337.531,36.932,29.995,1.388,934.877,30.522,-39.282,-45.382,-57.076,-32.681,-9.647,-0.788,-5.478,-9.638,-11.361,3.742,8.359,105.083,-0.026,-1.567,-1.429,-1.686,-1.495,-1.638,-1.538,0.676,35
11,1,11,868.593,33.827,33.84,1847.085,40.032,33.026,1.5,1582.858,36.232,-41.057,-36.829,-63.117,-25.916,-13.519,-14.984,-16.529,-23.667,-10.959,-2.913,13.058,86.391,-0.029,897.308,33.922,33.99,1858.783,38.519,32.944,1.5,1580.354,35.614,-39.271,-47.589,-64.096,-24.485,-10.778,-15.67,-13.705,-20.894,-8.976,-2.874,13.554,87.023,-0.028,1047.373,31.559,31.812,1319.736,36.727,30.013,1.388,919.441,31.169,-40.786,-54.625,-57.298,-32.689,-8.111,-0.816,-5.286,-9.707,-11.788,3.715,8.421,101.668,-0.026,-1.556,-1.418,-1.679,-1.483,-1.606,-1.529,0.686,35
12,1,12,864.422,33.901,33.837,1754.847,42.11,32.933,1.464,1462.954,38.37,-46.196,-36.868,-62.136,-27.179,-12.123,-14.029,-16.713,-23.633,-8.258,-2.644,12.941,90.117,-0.025,836.934,33.686,33.626,1693.243,38.89,32.948,1.504,1479.224,38.084,-40.584,-48.253,-62.356,-26.065,-9.84,-15.36,-13.669,-20.606,-6.278,-2.372,13.413,90.086,-0.023,1064.47,31.434,31.667,1284.65,36.495,29.938,1.392,895.323,31.461,-42.197,-48.133,-56.7,-33.746,-9.934,-0.608,-5.604,-9.529,-10.703,3.753,7.845,106.472,-0.025,-1.542,-1.399,-1.644,-1.453,-1.654,-1.525,0.683,35
13,1,13,877.174,33.882,33.829,1801.967,40.927,32.967,1.462,1505.352,37.585,-44.466,-37.765,-62.332,-26.319,-12.582,-15.454,-17.244,-24.165,-9.764,-2.841,13.313,87.543,-0.025,876.388,33.844,33.821,1763.663,39.047,33.067,1.5,1540.778,37.573,-39.924,-48.923,-63.206,-25.022,-10.21,-15.768,-14.056,-21.058,-7.63,-2.538,13.751,87.633,-0.024,1048.713,31.531,31.774,1314.712,36.542,30.037,1.388,919.943,31.321,-41.655,-49.451,-56.433,-33.35,-9.324,-0.849,-4.902,-9.744,-11.112,3.773,8.353,103.948,-0.026,-1.544,-1.424,-1.644,-1.483,-1.636,-1.531,0.601,35
14,1,14,839.299,33.864,33.834,1784.072,41.384,33.019,1.481,1515.234,37.785,-46.94,-36.952,-62.488,-28.29,-12.067,-14.402,-17.504,-23.835,-8.752,-2.47,12.771,93.182,-0.028,842.913,33.853,33.833,1761.505,39.206,33.02,1.5,1526.289,37.523,-39.998,-48.804,-62.838,-27.588,-9.972,-15.478,-14.27,-20.795,-6.749,-2.244,13.216,94.257,-0.025,1024.589,31.515,31.763,1307.43,36.655,29.962,1.39,916.044,30.919,-42.738,-54.293,-56.695,-32.247,-10.187,-0.732,-4.836,-9.68,-10.536,3.791,7.853,110.125,-0.026,-1.545,-1.419,-1.643,-1.476,-1.675,-1.551,0.659,35
15,1,15,888.711,33.792,33.792,1858.22,39.354,32.941,1.5,1578.24,35.633,-40.845,-36.153,-62.356,-27.915,-13.68,-14.665,-16.508,-23.699,-10.305,-2.795,12.596,90.052,-0.028,903,33.874,33.958,1849.738,38.423,32.991,1.519,1597.364,35.613,-39.199,-46.83,-63.455,-26.873,-10.603,-15.771,-13.589,-20.84,-8.227,-2.593,13.089,90.793,-0.028,1062.48,31.489,31.732,1305.467,36.453,29.924,1.39,907.797,30.925,-40.789,-51.71,-56.69,-33.76,-9.391,-0.477,-5.205,-9.956,-11.825,3.687,8.034,105.947,-0.025,-1.555,-1.418,-1.668,-1.483,-1.616,-1.542,0.815,35
16,1,16,880.983,33.815,33.756,1705.068,42.534,32.971,1.462,1429.098,39.624,-45.396,-37.681,-62.208,-27.281,-11.741,-14.725,-16.823,-23.824,-7.918,-2.482,13.299,88.468,-0.025,875.398,33.505,33.437,1619.862,38.918,33.072,1.568,1535.963,37.735,-43.83,-50.968,-62.3,-26.519,-9.561,-15.502,-13.643,-20.69,-5.883,-2.151,13.658,87.582,-0.023,1063.224,31.513,31.763,1324.281,36.19,30.041,1.406,937.391,30.769,-42.373,-43.954,-56.601,-33.605,-9.937,-0.56,-5.349,-9.534,-10.102,3.899,8.16,104.111,-0.025,-1.566,-1.434,-1.662,-1.49,-1.705,-1.551,0.608,35
17,1,17,868.31,33.793,33.743,1773.855,40.76,33.06,1.5,1527.486,37.837,-45.219,-37.513,-62.651,-25.816,-13.165,-14.673,-16.629,-23.674,-9.603,-2.783,13.16,85.896,-0.025,862.135,33.801,33.767,1760.284,38.645,32.944,1.504,1516.174,37.12,-39.303,-48.145,-63.345,-24.365,-10.56,-15.82,-13.787,-20.879,-7.731,-2.71,13.632,86.07,-0.024,1058.905,31.452,31.71,1325.472,35.72,30.002,1.414,935.862,30.544,-40.675,-47.888,-56.539,-33.408,-10.373,-0.611,-5.419,-9.508,-11.435,3.682,8.166,101.142,-0.025,-1.589,-1.437,-1.699,-1.505,-1.658,-1.545,0.535,35
18,1,18,871.514,33.887,33.847,1812.947,40.853,32.971,1.481,1520.705,37.241,-43.567,-36.221,-62.453,-25.912,-12.479,-13.127,-16.641,-23.538,-9.011,-2.425,13.198,87.184,-0.026,874.808,33.865,33.854,1778.711,39.015,32.961,1.5,1523.361,37.083,-40.553,-48.254,-62.972,-24.506,-10.081,-14.952,-13.623,-20.563,-7.02,-2.231,13.664,86.952,-0.024,1022.811,31.534,31.781,1322.816,36.381,30.009,1.406,930.487,30.769,-41.749,-42.564,-56.689,-33.231,-9.482,-0.26,-4.907,-9.649,-11.157,3.982,8.22,103.414,-0.025,-1.565,-1.436,-1.671,-1.506,-1.654,-1.558,0.504,35
19,1,19,930.637,33.74,33.768,1876.98,38.746,32.931,1.502,1597.759,35.117,-39.421,-36.104,-62.492,-27.873,-13.601,-13.781,-16.461,-23.832,-10.117,-2.786,12.798,88.744,-0.028,886.452,33.87,34.046,1891.29,38.351,33.001,1.521,1630.456,34.97,-38.515,-46.803,-63.276,-26.724,-10.619,-15.495,-13.575,-20.974,-8.078,-2.599,13.255,89.034,-0.031,1059.142,31.527,31.796,1333.53,36.213,29.964,1.39,929.896,30.475,-41.272,-45.536,-56.806,-33.701,-9.029,-0.755,-5.311,-9.761,-11.994,3.813,8.276,104.623,-0.025,-1.533,-1.412,-1.639,-1.477,-1.599,-1.532,0.41,35
20,1,20,876.386,33.546,33.695,1899.012,37.656,33.006,1.538,1659.153,34.406,-39.88,-37.669,-62.558,-30.114,-13.622,-17.294,-16.939,-24.311,-11.803,-3.251,12.434,91.256,-0.03,897.576,33.784,34.056,1928.432,37.701,33.016,1.538,1681.304,34.029,-38.479,-47.159,-63.414,-29.372,-10.899,-16.63,-14.048,-21.469,-9.683,-3.131,12.974,92.274,-0.035,1050.155,31.516,31.781,1334.289,36.066,29.963,1.388,931.1,30.422,-39.273,-47.071,-57.957,-33.522,-8.284,-1.287,-5.676,-9.638,-11.985,3.583,8.121,108.107,-0.025,-1.585,-1.453,-1.71,-1.521,-1.63,-1.557,0.454,35
