Header Section,,,,,,,,,,,,,,,,,,,,,,,,,,,,,,,,,,,,,,,,,,,,,,,,,,,,,,,,,,,,,,,,,,,,,,,,,,,,,,,,
Product,VC7582,,,,,,,,,,,,,,,,,,,,,,,,,,,,,,,,,,,,,,,,,,,,,,,,,,,,,,,,,,,,,,,,,,,,,,,,,,,,,,,
Test Plan,Rev(-),,,,,,,,,,,,,,,,,,,,,,,,,,,,,,,,,,,,,,,,,,,,,,,,,,,,,,,,,,,,,,,,,,,,,,,,,,,,,,,
Release Date,2013/9/24 18:06,,,,,,,,,,,,,,,,,,,,,,,,,,,,,,,,,,,,,,,,,,,,,,,,,,,,,,,,,,,,,,,,,,,,,,,,,,,,,,,
Comment,"1~30 generatr in Sigurd, 31~65 generate in Gerad,22013/11/27, 201~230 for Rev1.0.6 ,131~159generate in JCET 2014/2/18,VC5282E3.4.1,",,,,,,,,,,,,,,,,,,,,,,,,,,,,,,,,,,,,,,,,,,,,,,,,,,,,,,,,,,,,,,,,,,,,,,,,,,,,,,,
,,,,,,,,,,,,,,,,,,,,,,,,,,,,,,,,,,,,,,,,,,,,,,,,,,,,,,,,,,,,,,,,,,,,,,,,,,,,,,,,
Data Section,,,,,,,,,,,,,,,,,,,,,,,,,,,,,,,,,,,,,,,,,,,,,,,,,,,,,,,,,,,,,,,,,,,,,,,,,,,,,,,,
Device#,1,2,3,4,5,6,7,8,9,10,11,12,13,14,15,16,17,18,19,20,21,22,23,24,25,26,27,28,29,30,31,32,33,34,35,36,37,38,39,40,41,42,43,44,45,46,47,48,49,50,51,52,53,54,55,56,57,58,59,60,61,62,63,64,65,66,67,68,69,70,71,72,73,74,75,76,77,78,79,80
Test Item,Site No,Device ID,GSM824 Idle Current,GSM824 Max Pout @ 0dBm Drive,GSM824 Max Pout,GSM824 Max Icc,GSM824 Max PAE,GSM824 Rated Pout,GSM824 Rated Vramp,GSM824 Rated Icc,GSM824 Rated PAE,GSM824 2nd har@33dBm,GSM824 3rd har@33dBm,GSM824 Fwd Isolation 1,GSM824 Fwd Isolation 2,GSM824 CMOS Pout,GSM824 Pout Slope,GSM824 Stress Delta,GSM824 Pout Leakage@RX1,GSM824 Pout Leakage@RX2,GSM915 Idle Current,GSM915 Max Pout @ 0dBm Drive,GSM915 Max Pout,GSM915 Max Icc,GSM915 Max PAE,GSM915 Rated Pout,GSM915 Rated Vramp,GSM915 Rated Icc,GSM915 Rated PAE,GSM915 2nd har@33dBm,GSM915 3rd har@33dBm,GSM915 Fwd Isolation 1,GSM915 Fwd Isolation 2,GSM915 CMOS Pout,GSM915 Pout Slope,GSM915 Stress Delta,GSM915 Pout Leakage@RX1,GSM915 Pout Leakage@RX2,DCS1710 Idle Current,DCS1710 Max Pout @ 0dBm Drive,DCS1710 Max Pout,DCS1710 Max Icc,DCS1710 Max PAE,DCS1710 Rated Pout,DCS1710 Rated Vramp,DCS1710 Rated Icc,DCS1710 Rated PAE,DCS1710 2nd har@30dBm,DCS1710 3rd har@30dBm,DCS1710 Fwd Isolation 1,DCS1710 Fwd Isolation 2,DCS1710 CMOS Pout,DCS1710 Pout Slope,DCS1710 Stress Delta,DCS1710 Pout Leakage@RX1,DCS1710 Pout Leakage@RX2,DCS1910 Idle Current,DCS1910 Max Pout @ 0dBm Drive,DCS1910 Max Pout,DCS1910 Max Icc,DCS1910 Max PAE,DCS1910 Rated Pout,DCS1910 Rated Vramp,DCS1910 Rated Icc,DCS1910 Rated PAE,DCS1910 2nd har@30dBm,DCS1910 3rd har@30dBm,DCS1910 Fwd Isolation 1,DCS1910 Fwd Isolation 2,DCS1910 CMOS Pout,DCS1910 Pout Slope,DCS1910 Stress Delta,DCS1910 Pout Leakage@RX1,DCS1910 Pout Leakage@RX2,Insertion Loss Rx1,Insertion Loss Rx2,Leakage Current,Leakage Current Delay Time,Test Time,Index Time
Low Tolerance,,,60,0.3,0.3,60,,,,60,,2,2,3,2,,,,3,3,60,0.3,0.3,60,,,,60,,2,2,3,2,,,,3,3,60,0.3,0.3,60,,,,60,,3,3,3,2,,,,3,3,60,0.3,0.3,60,,,,60,,3,3,3,3,,,,3,3,0.3,0.3,5,,,
High Tolerance,,,60,0.3,0.3,60,,,,60,,2,2,3,2,,,,3,3,60,0.3,0.3,60,,,,60,,2,2,3,2,,,,3,3,60,0.3,0.3,60,,,,60,,3,3,3,2,,,,3,3,60,0.3,0.3,60,,,,60,,3,3,3,3,,,,3,3,0.3,0.3,5,,,
Enable,,,1,1,1,1,0,0,0,1,0,1,1,0,1,0,0,0,0,0,1,1,1,1,0,0,0,1,0,1,1,0,1,0,0,0,0,0,1,1,1,1,0,0,0,1,0,1,1,0,1,0,0,0,0,0,1,1,1,1,0,0,0,1,0,1,1,0,1,0,0,0,0,0,1,1,1,0,0,0
131,1,131,880.64,34.23,34.32,1899.85,39.73,33.02,1.47,1541.75,36.35,-52.42,-40.6,-76.22,-28.07,13.43,110.44,-0.08,-4.36,-14,887.81,34.13,34.15,1917.57,38.63,33.04,1.5,1546.38,36.67,-38.15,-45.87,-67.63,-27.31,13.84,112.67,-0.06,-3.82,-12.39,1043.49,31.96,32.16,1282.17,35.52,30.04,1.4,871.61,33.42,-41.46,-41.34,-48.72,-27.8,8.72,139.93,-0.05,-10.91,-8.44,1041.88,31.68,31.97,1316.37,33.44,30.01,1.42,944.1,29.9,-41.46,-44.49,-52.21,-26.7,8.9,146.09,-0.08,-10.17,-7.59,-1.49,-1.21,0.04,5,0,0
132,1,132,908.07,34.21,34.25,1903.85,39.05,33.02,1.48,1557.81,35.98,-48.99,-39.25,-76.54,-28.05,13.52,107.72,-0.08,-4.31,-13.8,911.08,34.16,34.17,1929.05,38.59,33.04,1.5,1557.92,36.45,-38.38,-47.09,-68.2,-27.27,13.93,109.36,-0.06,-3.73,-12.27,1041.82,31.95,32.15,1273.65,35.72,30.01,1.41,870.04,33.26,-41.6,-42.27,-47.5,-27.05,8.76,138.28,-0.05,-11.48,-8.33,1041.16,31.61,31.85,1288.44,33.31,30.02,1.43,934.22,30.24,-40.79,-43.23,-51.28,-25.85,9.01,144.98,-0.07,-10.99,-7.67,-1.44,-1.18,0.04,5,0,0
133,1,133,868.02,34.28,34.34,1928.59,39.34,33.03,1.49,1570.73,35.77,-46.75,-40.2,-76.28,-27.95,13.14,111.01,-0.08,-4.34,-14.13,877.59,34.12,34.15,1938.1,38.18,33.03,1.51,1565.25,36.16,-38.91,-46.32,-67.74,-27.31,13.63,113.38,-0.06,-3.76,-12.4,1044,32.04,32.25,1282.66,36.21,30.01,1.4,868.14,33.29,-38.19,-41.61,-46.46,-27.19,8.65,139.42,-0.05,-11.24,-8.27,1042.59,31.62,31.88,1273.85,33.9,30.02,1.43,919.79,30.71,-41.29,-44.23,-50.6,-25.84,8.97,145,-0.07,-10.7,-7.5,-1.43,-1.17,0.04,5,0,0
134,1,134,886.86,34.3,34.36,1909.41,39.92,33.04,1.47,1544.55,36.39,-52.01,-40.43,-76.89,-28.31,13.74,106.69,-0.08,-4.26,-13.39,892.96,34.1,34.08,1900.73,38.37,33.01,1.49,1529.65,36.85,-39.67,-46.45,-67.73,-27.41,14.23,106.95,-0.06,-3.74,-11.85,1048.76,31.88,32.07,1260.21,35.46,30.02,1.4,865,33.49,-44.61,-41.8,-48.87,-29.4,9.14,132.07,-0.05,-10.69,-8.01,1047.38,31.56,31.83,1293.91,32.98,30.01,1.43,940.4,30.01,-40.41,-43.97,-52.11,-27.89,9.27,137.32,-0.07,-9.81,-7.35,-1.46,-1.2,0.04,5,0,0
135,1,135,875.28,34.3,34.36,1893.06,40.24,33.01,1.46,1531.5,36.48,-56.39,-41.91,-75.94,-27.92,13.63,109.17,-0.08,-4.33,-13.92,879.92,34.05,34.04,1878.07,38.53,33.01,1.49,1515.41,37.18,-39.37,-45.86,-67.35,-27.05,14.12,110.06,-0.06,-3.76,-12.31,1019.07,31.93,32.13,1259.99,35.96,30.02,1.39,859.74,33.71,-42.27,-41.69,-48.18,-27.75,9.07,134.99,-0.05,-11.21,-8.35,1017.25,31.6,31.88,1281.85,33.67,30.02,1.42,928.01,30.46,-40.75,-44.16,-51.69,-26.47,9.3,140.26,-0.07,-10.53,-7.59,-1.44,-1.18,2.92,5,0,0
136,1,136,877.77,34.27,34.34,1888.32,40.15,33.01,1.47,1521.63,36.75,-51.38,-39.23,-77.12,-28.22,13.51,108.51,-0.09,-4.35,-13.81,882.45,34.1,34.09,1878,38.94,33.02,1.49,1508,37.47,-38.74,-45.79,-67.36,-27.3,14.02,110.52,-0.06,-3.77,-12.18,1029.17,31.94,32.15,1276.9,35.6,30.02,1.4,865.31,33.51,-42.36,-41.91,-49,-29.37,8.8,136.01,-0.05,-10.95,-8.22,1027.11,31.67,31.98,1319.67,33.44,30.02,1.43,948.95,29.82,-41.59,-43.98,-52.34,-28.07,8.98,142.78,-0.08,-10.31,-7.53,-1.44,-1.18,0.04,5,0,0
137,1,137,874.38,34.21,34.27,1855.89,40.18,33.01,1.49,1521.58,36.74,-48.41,-42.17,-75.33,-28.38,14.13,97.87,-0.08,-4.49,-13.69,879.08,33.97,33.93,1843.99,38.29,33.05,1.53,1529.89,37.13,-40.01,-45.99,-67.38,-27.75,14.44,99.88,-0.06,-3.89,-12.05,1020.7,31.92,32.12,1266.15,35.65,30.02,1.42,877.39,33.01,-43.92,-42.48,-48.58,-28.94,9.56,125.01,-0.05,-10.83,-8.47,1018.64,31.55,31.8,1277.41,33.22,30.04,1.45,945.98,30.02,-39.44,-43.44,-52.4,-27.56,9.75,128.31,-0.07,-9.8,-7.62,-1.44,-1.18,0.04,5,0,0
138,1,138,866.32,34.28,34.34,1929.38,39.33,33.03,1.47,1571.14,35.69,-50.48,-38.74,-77.63,-27.7,13.71,106.35,-0.09,-4.33,-13.71,872.45,34.17,34.23,1935.49,38.97,33.03,1.49,1558.24,36.34,-38.98,-45.56,-67.06,-27.23,14.15,109.02,-0.07,-3.77,-12.09,1020.47,31.88,32.08,1256.7,35.64,30.04,1.4,868.36,33.51,-43.54,-42.09,-48.76,-26.57,9.43,133.57,-0.05,-10.97,-8.23,1017.57,31.58,31.88,1296.05,33.28,30.02,1.42,941.18,30.02,-40.53,-43.38,-51.65,-25.73,9.49,135.62,-0.07,-10.55,-7.59,-1.45,-1.19,0.04,5,0,0
139,1,139,865.74,34.27,34.32,1881.52,40.13,33.04,1.48,1529.86,36.76,-59.69,-40.52,-75.92,-27.4,13.4,111.69,-0.08,-4.46,-14.06,871.84,34.08,34.08,1888.43,38.65,33.04,1.5,1534.21,36.94,-38.65,-45.12,-67.71,-26.84,13.8,113.11,-0.06,-3.87,-12.37,1031.7,31.99,32.2,1282.72,35.82,30.01,1.4,872.27,33.18,-41.78,-41.96,-48.3,-26.22,8.81,141.21,-0.05,-10.91,-8.32,1029.09,31.67,31.95,1303.13,33.67,30.02,1.43,939.78,30.05,-40.5,-44.06,-52.23,-25.42,9.01,144.14,-0.07,-10.03,-7.57,-1.44,-1.18,0.04,5,0,0
140,1,140,880.58,34.2,34.28,1861.29,40.15,33.03,1.48,1512.02,37.09,-57.07,-39.99,-74.99,-27.41,13.13,114.69,-0.08,-4.4,-13.67,888.39,33.98,33.94,1842.27,38.38,33.02,1.5,1500.8,37.64,-40.36,-44.56,-68.08,-26.69,13.64,116.22,-0.06,-3.82,-12.02,1042.84,31.89,32.1,1253.52,35.86,30.03,1.41,863.4,33.65,-46.43,-41.55,-47.86,-26.65,8.36,146.08,-0.05,-10.53,-8.04,1041.19,31.46,31.7,1245.88,33.26,30.03,1.44,914.48,30.94,-38.13,-43.78,-51.7,-25.53,8.76,150.21,-0.06,-9.7,-7.36,-1.48,-1.22,189.89,5,0,0
141,1,141,872.67,34.32,34.38,1920.13,39.89,33.03,1.46,1556.46,36.03,-53.69,-40.49,-76.62,-28.16,13.73,106.42,-0.08,-4.54,-14.06,877.36,34.13,34.14,1911.29,38.68,33.01,1.49,1535.7,36.72,-39.58,-45.68,-67.78,-27.3,14.24,108.1,-0.06,-3.9,-12.43,1015.8,31.91,32.12,1254.08,36.05,30.02,1.39,861.15,33.64,-42.49,-42.58,-47.6,-27.53,9.32,133.18,-0.05,-11.74,-8.49,1013.58,31.53,31.8,1264.95,33.57,30.02,1.42,921.06,30.66,-40.44,-43.39,-51.07,-26.35,9.54,136.85,-0.07,-11.07,-7.74,-1.44,-1.18,0.04,5,0,0
142,1,142,871.51,34.33,34.4,1955.84,39.25,33.02,1.48,1584.94,35.33,-48.24,-40.64,-76.65,-27.71,13.14,113.27,-0.09,-4.27,-13.71,878.25,34.11,34.14,1949.4,37.91,33.03,1.51,1572.48,35.98,-39.11,-45.48,-68.47,-27.1,13.69,115.15,-0.07,-3.73,-12.16,1039.28,31.91,32.13,1273.61,35.48,30.03,1.41,876.81,33.14,-45.63,-42.37,-48.9,-26.45,8.93,138.89,-0.05,-11.12,-8.28,1037.43,31.56,31.83,1298.82,32.87,30.04,1.44,955.11,29.72,-39.85,-43.38,-52.54,-25.54,9.12,143.04,-0.08,-10.44,-7.66,-1.45,-1.2,0.04,5,0,0
143,1,143,900.62,34.28,34.34,1853.69,40.94,33,1.45,1488.49,37.38,-41.43,-42.93,-76.26,-28.17,14.03,104.27,-0.08,-4.37,-13.92,903.34,33.97,33.94,1840.31,38.41,33.02,1.5,1502.29,37.6,-40.51,-46.87,-67.16,-27.23,14.45,105.08,-0.06,-3.78,-12.26,1031.96,31.97,32.18,1284.94,35.58,30.03,1.4,875.83,33.18,-45,-41.5,-49,-29.98,9.28,129.17,-0.05,-10.76,-8.59,1029.56,31.63,31.92,1312.29,33.16,30.02,1.43,953.31,29.65,-39.67,-44.02,-52.23,-28.39,9.43,134.63,-0.08,-9.54,-7.88,-1.44,-1.19,0.04,5,0,0
145,1,145,865.44,34.34,34.41,1957.44,39.36,33.02,1.48,1585,35.36,-46.91,-40.42,-76.5,-28.72,13.68,102.45,-0.09,-4.37,-13.73,870.79,34.18,34.24,1968.75,38.4,33.03,1.5,1580.44,35.86,-38.04,-46.49,-68.11,-27.75,14.23,103.92,-0.07,-3.81,-12.2,1017.7,31.85,32.06,1250.39,35.64,30.04,1.41,860.38,33.88,-45.27,-42.93,-48.81,-30.86,9.35,125.28,-0.05,-11.48,-8.35,1015.63,31.56,31.85,1284.56,33.35,30.01,1.43,929.67,30.31,-40.69,-44.11,-51.88,-29.22,9.48,132.17,-0.07,-11.03,-7.66,-1.44,-1.19,0.04,5,0,0
146,1,146,863.61,34.35,34.41,1916.19,40.22,33.02,1.47,1543.43,36.29,-54.4,-42.43,-75.24,-26.9,13.03,119.15,-0.08,-4.39,-13.69,870.46,34.04,34.03,1902.34,37.92,33.04,1.51,1545.18,36.67,-38.86,-47.16,-67.74,-26.35,13.58,120.11,-0.07,-3.81,-12.13,1023.83,31.88,32.09,1255.67,35.71,30.02,1.4,862.75,33.62,-46.4,-41.93,-48.95,-25.17,8.62,145.64,-0.05,-10.88,-8.48,1021.71,31.53,31.81,1278.67,33.26,30.02,1.43,933.63,30.29,-39.27,-44.13,-52.32,-23.93,8.8,152.02,-0.07,-9.83,-7.7,-1.45,-1.19,0.04,5,0,0
147,1,147,861.66,34.29,34.36,1877.44,40.53,33.03,1.47,1517.62,37.01,-64.96,-42.72,-77.01,-27.44,13.54,110.26,-0.08,-4.34,-13.76,868.69,33.95,33.92,1855.09,37.93,33.02,1.51,1526.08,36.96,-39.78,-46.12,-67.21,-26.81,14,110.64,-0.06,-3.78,-12.05,1024.49,31.83,32.03,1252.05,35.33,30.01,1.41,867.11,33.31,-44.05,-42.35,-49.36,-26.75,9.26,132.44,-0.05,-11.12,-8.18,1022.31,31.54,31.82,1288.11,33.07,30.04,1.44,946.19,30,-40.31,-43.52,-53.1,-25.49,9.34,135.81,-0.07,-10.39,-7.49,-1.45,-1.18,0.04,5,0,0
148,1,148,869.96,34.3,34.36,1930.52,39.45,33.03,1.47,1571.31,35.76,-50.57,-39.98,-76.21,-28.08,13.57,107.53,-0.08,-4.34,-13.8,876.42,34.14,34.17,1943,38.25,33.04,1.5,1569.71,36.16,-38.21,-46.71,-68.27,-27.37,14.04,109.64,-0.07,-3.76,-12.23,1032.04,31.88,32.08,1251.29,35.82,30.04,1.4,863.49,33.69,-44.1,-42.46,-48.49,-27.55,9.29,132.83,-0.05,-11.2,-8.56,1029.75,31.5,31.77,1262.53,33.35,30.04,1.43,925.05,30.66,-39.49,-44.14,-52.36,-26.29,9.52,138.2,-0.07,-10.34,-7.82,-1.45,-1.19,0.04,5,0,0
149,1,149,865.16,34.24,34.31,1878.47,40.1,33.04,1.48,1528.15,36.77,-54.09,-39.83,-76.71,-27.94,13.47,108.91,-0.09,-4.32,-13.65,870.55,34.05,34.04,1865.08,38.8,33.05,1.5,1518.72,37.4,-39.52,-45.26,-67.24,-27.18,13.94,110.4,-0.06,-3.74,-11.99,1024.51,31.89,32.1,1261.17,35.61,30.02,1.41,862.32,33.62,-43.65,-42.46,-48.78,-28.2,8.66,137.86,-0.05,-10.8,-8.11,1022.59,31.59,31.88,1295.19,33.34,30,1.43,935.12,30.11,-40.46,-43.78,-52.26,-27.15,8.86,144.54,-0.07,-10.31,-7.5,-1.45,-1.19,0.04,5,0,0
150,1,150,891.39,34.25,34.31,1882.57,39.96,33.04,1.48,1529.86,36.8,-52.94,-41.52,-75.84,-27.42,13.14,113.47,-0.08,-4.36,-14.08,897.46,34.04,34.02,1883.77,38.16,33.03,1.51,1530.58,36.94,-39.39,-45.91,-67.67,-26.85,13.6,115.34,-0.06,-3.79,-12.41,1058.61,31.94,32.15,1282.57,35.41,30.04,1.41,877.06,33.17,-44.73,-41.08,-48.8,-26.55,8.27,146.34,-0.05,-10.9,-8.39,1056.26,31.6,31.86,1304.27,32.96,30.02,1.44,947.46,29.83,-39.53,-44.5,-52.26,-25.61,8.43,151.66,-0.07,-9.85,-7.69,-1.47,-1.21,0.04,5,0,0
151,1,151,888.09,34.23,34.29,1894.69,39.59,33.03,1.48,1545.47,36.31,-56.65,-40.5,-77,-26.65,13.05,115.08,-0.08,-4.39,-14.13,895.14,34.01,33.98,1875.85,38,33.03,1.51,1533.01,36.88,-40.73,-45.46,-68.18,-26.19,13.58,116.41,-0.06,-3.82,-12.4,1054.33,31.82,32.02,1251.26,35.32,30.03,1.42,868.77,33.43,-44.11,-42.57,-48.41,-24.58,8.28,148.73,-0.05,-11.05,-8.27,1052.85,31.51,31.76,1279.78,32.86,30.01,1.45,938.1,30.09,-39.88,-44.24,-52.27,-23.77,8.51,153.71,-0.07,-10.35,-7.64,-1.48,-1.23,0.04,5,0,0
152,1,152,900.4,34.24,34.31,1869.95,40.28,33.02,1.47,1510.92,37.02,-47.08,-40.92,-76.08,-27.54,13.5,110.04,-0.08,-4.35,-14.11,904.93,33.99,33.95,1843.88,38.43,33.02,1.5,1495.14,37.74,-40.73,-45.47,-67.39,-26.92,13.95,111.07,-0.06,-3.75,-12.38,1049.97,31.84,32.04,1258.77,35.2,30.03,1.42,865.62,33.57,-43.05,-42.61,-48.78,-26.87,8.62,141.86,-0.05,-10.9,-8.34,1048.08,31.56,31.83,1293.47,32.97,30.03,1.44,940.38,30.14,-40.23,-43.25,-52.11,-26.06,8.77,145.82,-0.07,-9.96,-7.62,-1.48,-1.21,0.04,5,0,0
153,1,153,882.71,34.23,34.29,1881.56,39.85,33.02,1.48,1529.99,36.56,-59.11,-41.09,-76.7,-27.41,13,115.42,-0.08,-4.29,-13.84,889.67,34,33.98,1873.87,38.05,33.02,1.51,1524.43,37.02,-39.59,-45.47,-68.08,-26.85,13.5,116.21,-0.06,-3.72,-12.2,1053.88,31.91,32.11,1282.81,35.11,30.02,1.42,879.3,32.97,-42.09,-41.66,-48.94,-26.07,8.34,144.49,-0.06,-10.6,-8.14,1052.09,31.61,31.89,1319.05,32.75,30.01,1.45,962.09,29.34,-40.34,-44.2,-52.39,-25.46,8.49,151.09,-0.08,-9.86,-7.58,-1.49,-1.23,0.04,5,0,0
154,1,154,878.33,34.23,34.29,1869.35,40.13,33.04,1.48,1520.35,37.01,-56.45,-40.54,-75.99,-27.81,13.58,107.6,-0.08,-4.54,-13.83,886.42,34.01,33.99,1867.72,38.25,33.02,1.5,1524.66,37.04,-38.79,-45.63,-68.14,-27.24,13.96,109.77,-0.05,-3.97,-12.2,1048.13,32.01,32.23,1285.74,36.01,30.04,1.4,879.71,33.06,-44.26,-41.76,-47.14,-27.76,8.67,138.52,-0.05,-10.85,-8.14,1046.49,31.57,31.82,1273.71,33.48,30.04,1.44,931.44,30.5,-38.46,-43.41,-51.7,-26.54,9,141.79,-0.07,-9.81,-7.41,-1.46,-1.2,0.04,5,0,0
155,1,155,870.65,34.23,34.29,1903.52,39.4,33.02,1.47,1555.4,36.02,-52.56,-38.91,-77.53,-27.71,13.63,107.85,-0.09,-4.16,-13.65,874.47,34.15,34.19,1911.98,39.08,33.04,1.49,1546.41,36.72,-39.27,-46.02,-66.95,-27.1,14.03,109.96,-0.06,-3.59,-12.12,1008.22,31.84,32.05,1243.21,35.8,30.03,1.41,863,33.69,-42.54,-41.86,-48,-26.37,9.17,135.28,-0.05,-10.91,-8.31,1006.2,31.5,31.79,1268.27,33.36,30.02,1.43,925.59,30.52,-40.49,-43.06,-51.18,-25.48,9.25,139.39,-0.07,-10.46,-7.64,-1.44,-1.19,0.04,5,0,0
156,1,156,879.25,34.27,34.32,1887.85,40.02,33.05,1.48,1535.87,36.67,-60.51,-42.15,-76.18,-28.12,13.24,112.89,-0.08,-4.44,-13.79,889.64,34.01,33.99,1884.35,37.95,33.03,1.51,1538.54,36.82,-39.18,-46.06,-67.6,-27.23,13.76,113.61,-0.06,-3.88,-12.16,1041.22,31.88,32.09,1273.94,35.15,30.03,1.42,874.34,33.24,-43.69,-42.62,-49.62,-28.43,8.66,136.4,-0.05,-11.3,-8.43,1039.65,31.62,31.91,1318.14,32.94,30.02,1.44,956.78,29.54,-41.08,-43.53,-53.27,-27.41,8.81,141.17,-0.07,-10.32,-7.76,-1.46,-1.2,0.04,5,0,0
157,1,157,875.37,34.3,34.36,1898.73,40.14,33.04,1.48,1539.58,36.56,-59.41,-40.79,-76.52,-27.61,13.51,108.95,-0.09,-4.25,-13.85,879.43,34.1,34.09,1887.18,38.78,33.04,1.5,1525.8,37.21,-39.92,-45.97,-67.66,-26.86,13.96,110.98,-0.06,-3.69,-12.14,1014.13,31.98,32.19,1280.91,35.83,30.03,1.41,875.31,33.19,-40.24,-42.7,-48.12,-26.59,8.86,137.64,-0.05,-10.87,-8.2,1011.83,31.65,31.95,1306.07,33.55,30,1.43,942.7,29.87,-41.98,-43.49,-51.8,-25.64,9.03,142.68,-0.07,-10.33,-7.66,-1.45,-1.19,0.04,5,0,0
158,1,158,890.02,34.26,34.31,1873.23,40.25,33.03,1.47,1513.94,37.09,-54.34,-41.36,-76.51,-28.06,13.26,111.32,-0.08,-4.52,-14.03,896.55,34.02,33.98,1861.69,38.32,33.01,1.5,1504.71,37.41,-39.95,-45.34,-67.99,-27.07,13.79,112.17,-0.06,-3.96,-12.34,1047.5,31.91,32.11,1262.64,35.7,30.03,1.41,866.1,33.51,-43.28,-41.56,-47.78,-28.87,8.72,136.9,-0.05,-11,-8.24,1044.85,31.54,31.79,1269.78,33.35,30.03,1.43,923.42,30.66,-39.83,-44.27,-51.49,-27.58,8.99,141.94,-0.07,-9.98,-7.45,-1.46,-1.2,0.04,5,0,0
159,1,159,879.27,34.27,34.33,1904.66,39.68,33.02,1.47,1549.54,36.16,-59.56,-41.99,-76.49,-28.34,13.42,110.52,-0.08,-4.45,-13.65,884.77,34.01,34,1894.33,37.83,33.03,1.51,1548.58,36.54,-39.58,-45.9,-67.86,-27.42,13.92,111.85,-0.06,-3.88,-11.99,1032.44,31.89,32.09,1264.7,35.43,30.04,1.41,870.51,33.47,-42.2,-42.22,-48.19,-29.36,8.83,137.25,-0.05,-10.73,-7.99,1031.17,31.56,31.83,1287.96,33.17,30.03,1.43,937.45,30.19,-39.81,-43.26,-51.92,-27.76,9.05,143.67,-0.07,-10.29,-7.4,-1.47,-1.21,0.04,5,0,0
291,1,291,813.01,33.55,33.68,1832.53,37.76,33.03,1.53,1583.15,35.62,-42.84,-37.33,-71.74,-27.51,12.66,110.41,-0.08,-11.98,-15.92,823.93,33.64,33.76,1876.63,38.26,33.02,1.53,1594.69,35.32,-40.71,-47.97,-67.8,-27,12.98,114,-0.09,-10.42,-15.79,984.74,31.7,31.91,1285.66,35.44,30.03,1.43,922.6,30.83,-39.28,-38.99,-57.69,-25.83,8.31,139.91,-0.05,-6.67,-0.41,984.94,30.79,31.26,1307,30.07,30.01,1.52,1030.55,27.01,-45.33,-40.47,-51.54,-25.14,8.4,144.71,-0.09,-4.88,1.49,-1.87,-1.61,-0.22,21,2363,128600
292,1,292,824.14,33.59,33.71,1819.4,38.26,33.03,1.52,1563.22,36.06,-43.91,-37.28,-70.76,-28.19,12.61,113.29,-0.08,-11.58,-15.1,834.36,33.62,33.74,1854.93,38.47,33.02,1.52,1572.86,35.83,-40.27,-47.92,-67.55,-27.55,12.94,114.29,-0.08,-10.19,-15.28,1001.94,31.7,31.91,1293.65,35.19,30.04,1.44,925.52,30.75,-40.34,-40.6,-57.4,-28.1,7.99,145.34,-0.05,-6.46,-0.42,1001.62,30.72,31.19,1317.82,29.38,30.01,1.53,1044.52,26.69,-47,-38.39,-50.97,-27.2,8.03,149.96,-0.1,-4.62,1.44,-1.81,-1.58,-0.22,21,2380,2559
293,1,293,839.48,33.59,33.7,1805.71,38.47,33.04,1.52,1552.64,36.35,-46.14,-38.12,-70.27,-27.13,12.71,111.75,-0.08,-10.93,-14.6,848.29,33.59,33.65,1833.14,38.2,33.02,1.53,1562.72,36.08,-40.61,-47.6,-67.78,-26.6,13.05,114.52,-0.07,-10.04,-15.16,1017.38,31.7,31.89,1288.92,35.21,30.01,1.43,921.44,30.71,-40.55,-39.15,-57.48,-24.95,8.04,149.33,-0.05,-6.75,-0.59,1016.3,30.72,31.13,1299.7,29.35,30.01,1.53,1035.83,26.91,-52.22,-39.38,-51.06,-24.49,8.18,151.43,-0.09,-4.88,1.32,-1.8,-1.57,-0.22,21,2443,2593
294,1,294,853.57,33.58,33.71,1794.05,38.85,33.04,1.51,1530.75,36.88,-47.56,-39.6,-69.01,-27.84,13.2,108.91,-0.08,-11.08,-14.72,862.86,33.55,33.56,1796.71,38.1,33.03,1.51,1534.41,36.77,-41.77,-46.93,-66.74,-27.28,13.51,111.46,-0.07,-9.98,-14.95,1012.8,31.69,31.9,1304.3,34.84,30.03,1.43,933.1,30.48,-40.12,-38.67,-57.25,-27.58,8.59,134.96,-0.05,-6.38,-0.43,1012.18,30.76,31.23,1324.03,29.5,30.01,1.52,1049.35,26.56,-49.83,-42.48,-50.88,-26.33,8.7,138.48,-0.09,-4.53,1.44,-1.8,-1.58,-0.22,21,2385,2555
295,1,295,853.69,33.58,33.7,1815.06,38.34,33.03,1.51,1549.99,36.35,-43.23,-38.77,-69.63,-28.12,13.09,107.3,-0.08,-11.42,-15.07,862.18,33.59,33.66,1840.16,38.13,33.04,1.52,1571.22,36.01,-40.09,-47.06,-67.24,-27.57,13.37,109.69,-0.07,-10.19,-15.13,1016.82,31.68,31.88,1310.24,34.52,30.02,1.43,936.54,30.28,-40.63,-38.45,-57.22,-28.27,8.42,136.37,-0.06,-6.42,-0.54,1016.01,30.7,31.18,1339.31,28.83,30.01,1.53,1069.41,26.04,-47.03,-41.34,-50.76,-27.24,8.42,139.56,-0.1,-4.5,1.31,-1.8,-1.57,-0.22,21,2413,2577
296,1,296,835.54,33.6,33.72,1797.53,38.89,33.04,1.51,1535.68,36.79,-46.81,-38.83,-70.18,-27.95,12.98,109.17,-0.08,-11.27,-15.05,843.7,33.6,33.63,1796.65,38.78,33.01,1.51,1523.2,36.92,-42.36,-48.31,-67.76,-27.11,13.36,110.18,-0.06,-10.22,-15.13,1001.1,31.68,31.88,1301.76,34.78,30.04,1.44,932.97,30.51,-40.26,-39.53,-57.44,-27.42,8.23,139.81,-0.05,-6.48,-0.41,1000.84,30.76,31.26,1340.18,29.34,30.01,1.53,1062.22,26.25,-47.3,-40.97,-51.41,-26.88,8.25,144.74,-0.1,-4.62,1.46,-1.83,-1.59,-0.22,21,2481,2565
297,1,297,840.32,33.53,33.65,1816.06,37.82,33.03,1.53,1568.88,35.95,-46.12,-37.72,-70.06,-26.94,12.72,111.99,-0.08,-11.4,-14.83,850,33.62,33.69,1849.25,38.21,33.02,1.53,1574.09,35.83,-41.09,-48.4,-67.64,-26.38,13.01,113.65,-0.07,-10.21,-15.11,1016.2,31.64,31.84,1304.16,34.38,30.03,1.45,939.5,30.22,-40.35,-37.67,-57.56,-24.41,7.92,146.21,-0.05,-6.36,-0.47,1015.23,30.72,31.22,1344.12,28.98,30.01,1.55,1070.35,26.03,-46.79,-40.86,-51.18,-24.13,7.95,148.44,-0.1,-4.5,1.39,-1.81,-1.58,-0.22,21,2344,2547
298,1,298,857.67,33.56,33.67,1795.4,38.46,33.03,1.52,1538.46,36.61,-44.98,-38.47,-69.87,-28.26,13.13,107.29,-0.08,-11.46,-15.02,864.05,33.6,33.67,1819.8,38.61,33.03,1.52,1548.24,36.49,-40.82,-48.22,-67.48,-27.54,13.36,108.77,-0.07,-10.11,-15.15,1012.96,31.7,31.88,1300.77,34.78,30.02,1.43,927.08,30.56,-38.63,-40.85,-57.29,-28.3,8.39,137,-0.05,-6.64,-0.45,1012.44,30.81,31.3,1345.19,29.46,30.01,1.53,1057.03,26.38,-42.85,-39.91,-50.72,-27.34,8.41,143.62,-0.1,-4.78,1.43,-1.83,-1.59,-0.22,21,2456,2572
299,1,299,809.83,33.57,33.69,1807.34,38.34,33.03,1.52,1557.74,36.14,-44.7,-37.98,-72.01,-27.33,13.03,107.81,-0.08,-11.69,-15.54,819.58,33.6,33.71,1833.98,38.64,33.03,1.52,1565.36,36.11,-40.97,-48.02,-67.8,-26.79,13.4,110.02,-0.08,-10.29,-15.52,969.32,31.64,31.84,1260.51,35.62,30.02,1.42,908.61,31.19,-39.24,-39.72,-57.47,-25.53,8.76,136.25,-0.05,-6.75,-0.34,970.04,30.71,31.14,1270.61,30.1,30.01,1.51,1008.81,27.6,-47.82,-38.57,-50.85,-24.75,8.93,139.59,-0.09,-4.92,1.6,-1.81,-1.58,-0.22,21,2448,2549
300,1,300,844.47,33.64,33.74,1812.43,38.75,33.03,1.51,1546.12,36.44,-46.42,-39.61,-69.65,-28.49,12.78,110.19,-0.08,-11.99,-15.65,854.96,33.58,33.63,1833.27,38.01,33.04,1.52,1564.85,36.14,-40.63,-48.31,-67.36,-27.65,13.17,113.67,-0.07,-10.39,-15.58,1010,31.61,31.8,1279.68,34.74,30.04,1.44,916.36,31.1,-40.88,-38.5,-57.21,-29.29,8.08,139.43,-0.05,-6.24,-0.46,1009.6,30.81,31.27,1310.38,30.1,30.01,1.52,1026.67,27.15,-49.47,-42.77,-50.96,-27.95,8.2,145.43,-0.09,-4.4,1.41,-1.82,-1.58,-0.22,21,2412,2565
301,1,301,839.16,33.58,33.7,1796.15,38.73,33.03,1.5,1534.35,36.67,-46.16,-39.18,-70.56,-27.94,13.22,108.01,-0.08,-11.38,-14.88,849.58,33.57,33.58,1797.83,38.25,33.03,1.51,1534.9,36.74,-42.46,-47.97,-66.99,-27.2,13.52,109.43,-0.06,-10.14,-15.06,1010.25,31.68,31.88,1287.93,35.12,30.02,1.42,921.87,30.78,-39.99,-39.39,-57.5,-27.13,8.59,135.54,-0.05,-6.37,-0.47,1009.69,30.77,31.23,1309.14,29.84,30.01,1.51,1033.26,26.97,-52.16,-40.66,-50.93,-26.36,8.68,138.27,-0.09,-4.53,1.4,-1.81,-1.58,-0.22,21,2394,2559
302,1,302,807.39,33.61,33.72,1803.09,38.78,33.03,1.51,1548.56,36.37,-44.67,-38.56,-71.1,-27.87,13.2,107.59,-0.08,-12.1,-15.53,816.63,33.56,33.62,1807.93,38.44,33.02,1.51,1547.5,36.37,-40.97,-48.81,-67.49,-27.09,13.56,109.86,-0.07,-10.41,-15.52,965.3,31.65,31.88,1296.83,34.92,30.03,1.43,936.52,30.35,-40.6,-38.94,-57.58,-28.02,8.49,137.05,-0.06,-6.36,-0.47,965.99,30.61,31.14,1323.33,28.87,30.01,1.53,1065.19,26.14,-45.15,-39.27,-51.26,-27.05,8.53,142.74,-0.11,-4.5,1.38,-1.83,-1.59,-0.22,21,2490,2568
303,1,303,804.61,33.59,33.71,1789.84,38.9,33.04,1.51,1540.54,36.67,-43.39,-39.25,-70.9,-27.73,13.22,106.81,-0.08,-11.61,-15.24,813.96,33.52,33.61,1792.47,38.68,33.04,1.52,1541.4,36.69,-40.88,-47.39,-67.55,-26.96,13.53,108.73,-0.07,-10.22,-15.23,951.94,31.64,31.88,1279.15,35.41,30.03,1.43,922.37,30.85,-39.18,-40.81,-57.28,-28.05,8.54,137.22,-0.06,-6.73,-0.48,952.7,30.65,31.22,1314.06,29.61,30.01,1.53,1044.57,26.64,-44.25,-38.46,-50.63,-26.66,8.62,141.08,-0.1,-4.89,1.37,-1.82,-1.58,-0.22,21,2478,2566
304,1,304,830.73,33.58,33.7,1829.41,37.98,33.03,1.52,1574.25,35.83,-41.69,-38.19,-70.08,-28.5,13.06,106.61,-0.09,-11.83,-15.31,840.53,33.62,33.74,1871.69,38.14,33.04,1.53,1595.61,35.48,-40.89,-48.32,-67.63,-27.79,13.33,108.68,-0.08,-10.37,-15.42,1012.92,31.68,31.88,1314.68,34.39,30.04,1.43,939.14,30.34,-40.11,-39.36,-57.24,-28.67,8.3,136.69,-0.05,-6.59,-0.38,1012.1,30.82,31.34,1359.33,29.41,30.01,1.52,1067.71,26.13,-45.42,-43.93,-50.91,-27.64,8.31,142.2,-0.1,-4.77,1.5,-1.87,-1.62,-0.21,21,2478,2563
305,1,305,829.97,33.66,33.78,1837.01,38.51,33.04,1.51,1568.85,35.99,-41.44,-39.04,-71.04,-28.31,12.78,109.45,-0.08,-11.61,-15.13,840.89,33.6,33.69,1841.95,38.31,33.04,1.52,1568.89,36.08,-41.65,-48.52,-67.4,-27.56,13.17,110.67,-0.07,-10.27,-15.24,1005.8,31.6,31.81,1281.44,34.72,30.03,1.44,918.68,30.92,-39.41,-39.51,-57.41,-27.97,8.16,138.65,-0.05,-6.42,-0.52,1005.23,30.81,31.34,1335.52,30,30.01,1.52,1043.45,26.67,-44.35,-42.21,-51.22,-27.21,8.17,143.98,-0.1,-4.56,1.32,-1.82,-1.59,-0.22,21,2396,2545
306,1,306,811.61,33.62,33.74,1818.96,38.57,33.02,1.51,1557.34,36.12,-43.03,-38.77,-70.5,-27.43,13.16,107.6,-0.09,-11.82,-15.7,822.02,33.59,33.68,1835.18,38.35,33.04,1.52,1570.51,36.03,-41.11,-47.44,-67.61,-26.95,13.46,109.6,-0.07,-10.24,-15.57,981.05,31.69,31.89,1286.98,35.28,30.04,1.43,924.84,30.8,-39.38,-40.76,-57.58,-26.19,8.45,140.33,-0.05,-6.67,-0.4,981.26,30.77,31.24,1306.85,29.97,30.02,1.52,1032.88,27.01,-46.77,-39.93,-51.29,-25.36,8.56,143.32,-0.1,-4.81,1.51,-1.83,-1.59,-0.22,21,2400,2566
307,1,307,842.29,33.57,33.7,1812.35,38.34,33.04,1.52,1553.01,36.33,-47.01,-37.85,-69.19,-27.44,13.06,108.02,-0.08,-11.17,-14.93,850.71,33.62,33.65,1821.05,38.43,33.04,1.52,1543.9,36.62,-42.1,-47.85,-67.07,-26.83,13.35,110.65,-0.07,-9.95,-15.09,1010.01,31.63,31.84,1293.46,34.66,30.03,1.44,933.44,30.47,-40.92,-38.49,-57.38,-25.41,8.39,138.43,-0.05,-6.5,-0.46,1009.54,30.7,31.18,1321.54,29.19,30.02,1.53,1054.92,26.46,-49.84,-40.02,-50.84,-24.99,8.48,141.76,-0.1,-4.69,1.41,-1.8,-1.57,-0.22,21,2384,2562
308,1,308,852.24,33.63,33.73,1777.77,39.38,33.03,1.51,1518.47,37.11,-47.27,-41.19,-71.81,-27.3,12.99,111.43,-0.08,-11.95,-15.45,859.47,33.52,33.52,1779.31,38.2,33.02,1.52,1522.01,36.96,-41.09,-48.11,-67.35,-26.82,13.29,113.52,-0.06,-10.42,-15.53,1007.33,31.68,31.89,1285.51,35.28,30.03,1.44,923.45,30.81,-40.19,-39.46,-57.51,-25.9,8.16,142.93,-0.05,-6.71,-0.53,1006.91,30.74,31.19,1302.96,29.67,30.01,1.53,1033.83,26.94,-47.36,-40.39,-51.48,-25.06,8.31,147.56,-0.09,-4.91,1.33,-1.81,-1.58,-0.22,21,2314,2573
309,1,309,831.94,33.66,33.77,1806.02,39.1,33.03,1.51,1540.21,36.57,-46.76,-39.29,-70.86,-28.47,13.14,106.64,-0.08,-11.59,-15.51,841.6,33.55,33.58,1798.73,38.24,33.02,1.52,1532.94,36.74,-41.31,-47.03,-67.35,-27.54,13.51,108.71,-0.07,-10.3,-15.44,1006.78,31.65,31.85,1278.7,35.16,30.04,1.43,918.78,31.02,-40.58,-39.21,-57.65,-28.87,8.62,133.21,-0.05,-6.48,-0.46,1006.23,30.76,31.2,1292.34,29.98,30.01,1.51,1021.64,27.26,-46.62,-40.62,-51.28,-27.06,8.78,137.31,-0.09,-4.68,1.43,-1.82,-1.58,-0.22,21,2288,2597
310,1,310,818.58,33.58,33.69,1819.71,38.13,33.03,1.53,1567.84,35.97,-42.17,-37.99,-71.15,-28.11,13.08,107.85,-0.08,-11.84,-15.28,827.96,33.61,33.71,1851.69,38.31,33.02,1.53,1575.78,35.76,-40.77,-48.37,-67.56,-27.4,13.35,109.39,-0.08,-10.33,-15.41,988.95,31.65,31.85,1281.29,35.06,30.03,1.44,919.87,30.87,-40.23,-38.81,-57.6,-27.23,8.38,137.43,-0.05,-6.6,-0.48,988.81,30.75,31.21,1304.19,29.77,30.01,1.53,1033.36,26.97,-47.13,-41.48,-51.11,-26.25,8.44,142.71,-0.09,-4.75,1.41,-1.83,-1.59,-0.22,21,2435,2607
311,1,311,841,33.54,33.67,1787.4,38.61,33.02,1.51,1533.55,36.66,-46.09,-38.03,-69.28,-28.16,12.93,110.11,-0.08,-10.83,-14.67,849.02,33.57,33.63,1795.71,38.76,33.02,1.51,1530.55,36.82,-42.17,-47.49,-67.2,-27.42,13.25,112.19,-0.07,-10.25,-15.14,1007.62,31.71,31.9,1290.62,35.25,30.03,1.43,923.01,30.82,-38.79,-40.82,-57.42,-28.02,8.48,135.46,-0.05,-6.67,-0.34,1007.15,30.8,31.25,1311.84,29.92,30.02,1.51,1030.56,27.05,-43.97,-39.24,-51.03,-26.85,8.63,140.76,-0.09,-4.84,1.55,-1.83,-1.6,-0.22,21,2447,2552
312,1,312,840.04,33.51,33.64,1783.48,38.42,33.03,1.53,1538.61,36.64,-47.75,-37.66,-71.03,-28.62,13.3,102.59,-0.08,-11.24,-15.15,847.39,33.57,33.62,1797.39,38.67,33.04,1.52,1538.52,36.79,-41.12,-47.99,-67.41,-27.69,13.57,105.27,-0.07,-10.15,-15.2,996.1,31.63,31.82,1283.33,34.77,30.02,1.44,923.41,30.72,-40.26,-38.53,-57.71,-29.71,8.48,131.91,-0.05,-6.53,-0.39,995.92,30.76,31.22,1312.05,29.71,30.01,1.53,1040.12,26.79,-46.07,-42.11,-51.23,-28.25,8.63,137.92,-0.09,-4.7,1.51,-1.82,-1.58,-0.22,21,2371,2556
313,1,313,838.39,33.5,33.62,1782.38,38.28,33.03,1.52,1539.51,36.57,-47.35,-37.22,-70.26,-26.06,12.9,113.36,-0.08,-11.41,-15.32,847.59,33.59,33.65,1812.12,38.58,33.03,1.52,1551.53,36.43,-40.61,-47.4,-67.44,-25.78,13.06,114.85,-0.07,-10.19,-15.39,1008.94,31.65,31.84,1275.25,35.14,30.04,1.43,917.92,31.06,-39.84,-38.87,-57.32,-23.4,8.22,145.72,-0.05,-6.67,-0.39,1008.62,30.8,31.23,1298.13,30.1,30.01,1.51,1020.94,27.29,-47.98,-40.73,-50.86,-22.75,8.37,148.57,-0.09,-4.86,1.51,-1.81,-1.58,-0.22,21,2326,2565
314,1,314,824.69,33.65,33.76,1798.68,39.17,33.03,1.51,1539.13,36.57,-46.53,-40.29,-72.14,-27.14,13.05,110.16,-0.08,-11.51,-15.05,831.25,33.56,33.59,1792.16,38.51,33.03,1.52,1532.41,36.84,-42.59,-49.96,-67.58,-26.54,13.47,112.46,-0.07,-10.16,-15.2,956.13,31.66,31.87,1265.15,35.7,30.05,1.43,912.57,31.26,-38.35,-41.33,-57.33,-25.44,8.62,139.06,-0.05,-6.53,-0.44,957.26,30.76,31.24,1284.88,30.43,30,1.51,1010.08,27.51,-44.73,-38.47,-50.67,-24.48,8.76,141.32,-0.09,-4.73,1.4,-1.81,-1.58,-0.22,21,2345,2568
315,1,315,850.76,33.62,33.75,1811.78,38.8,33.03,1.52,1537.59,36.61,-47.04,-39.4,-70.02,-27.78,13.03,108.12,-0.08,-11.48,-14.94,859.02,33.6,33.61,1802.74,38.43,33.04,1.52,1528.78,36.99,-43.53,-48.85,-67.28,-27.12,13.38,110.29,-0.06,-10.21,-15.13,1019.71,31.73,31.93,1307.8,35.03,30.04,1.44,935.11,30.44,-40.42,-38.94,-57.36,-26.86,8.18,142.12,-0.05,-6.57,-0.52,1019.13,30.68,31.1,1309.15,28.94,30,1.54,1050.41,26.48,-50.37,-40.55,-50.74,-26.15,8.28,145.69,-0.1,-4.74,1.32,-1.81,-1.58,-0.22,21,2323,9433
316,1,316,851.13,33.54,33.65,1792.68,38.35,33.04,1.52,1543.08,36.6,-47.15,-38.31,-70.35,-27.71,13.05,108.39,-0.08,-11.4,-14.73,858.13,33.59,33.64,1822.1,38.3,33.03,1.52,1555.32,36.29,-40.19,-48.42,-67.11,-27.29,13.24,110.43,-0.07,-10.15,-15.04,1018.35,31.65,31.84,1294.38,34.61,30.04,1.44,930.32,30.62,-40.7,-38.35,-57.49,-26.23,8.19,141.46,-0.05,-6.32,-0.52,1017.64,30.72,31.17,1316.11,29.22,30.02,1.53,1051.83,26.58,-45.27,-41.33,-50.8,-25.47,8.28,143.85,-0.09,-4.41,1.35,-1.8,-1.57,-0.22,21,2383,2562
317,1,317,842.47,33.69,33.8,1844.16,38.59,33.03,1.51,1563.96,36.05,-43.54,-38.99,-71.63,-28.25,13.23,105.48,-0.08,-11.61,-14.97,852.83,33.65,33.69,1843.29,38.27,33.01,1.51,1553.1,36.19,-42.33,-48.24,-67.68,-27.47,13.59,107.17,-0.07,-10.28,-15.21,1012.35,31.73,31.92,1291.32,35.34,30.04,1.42,917.04,31.04,-38.5,-39.99,-57.54,-28.16,8.6,134.89,-0.05,-6.72,-0.57,1011.77,30.87,31.33,1321.85,30.2,30.01,1.51,1028.29,27.09,-47.05,-39.19,-50.99,-27.02,8.68,139.41,-0.09,-4.92,1.25,-1.81,-1.57,-0.22,21,2329,2574
318,1,318,836.17,33.56,33.69,1818.44,38.16,33.04,1.52,1560.33,36.18,-44.04,-36.45,-71.07,-27.94,12.74,111.74,-0.09,-11.49,-14.85,847.04,33.66,33.75,1840.08,38.85,33.03,1.51,1556.7,36.28,-41.45,-48.3,-67.58,-27.33,13.08,113.99,-0.07,-10.25,-15.11,1009.54,31.73,31.95,1298.21,35.42,30.04,1.43,926.29,30.73,-39.18,-39.29,-57.68,-27.08,8.14,142.73,-0.05,-6.75,-0.52,1009.31,30.79,31.25,1316.57,29.79,30,1.52,1034.58,26.86,-43.21,-39.14,-51.35,-26.27,8.28,148.28,-0.09,-4.95,1.32,-1.82,-1.58,-0.22,21,2393,2560
319,1,319,866.74,33.58,33.7,1788.27,38.92,33.04,1.51,1530.15,36.88,-44.22,-38.45,-70.03,-25.41,13.37,108.24,-0.08,-11.14,-14.98,872.81,33.58,33.58,1785.83,38.54,33.01,1.51,1522.97,36.91,-42.68,-48.02,-67.22,-25.38,13.54,110.18,-0.06,-10.08,-15.16,1016.43,31.66,31.84,1284.52,34.95,30.04,1.43,927.53,30.73,-39.46,-40.56,-57.49,-22.3,8.49,141.99,-0.05,-6.61,-0.38,1015.7,30.75,31.17,1298.43,29.62,30.02,1.52,1031.7,27.07,-47.67,-40.06,-50.9,-22.11,8.66,144.89,-0.09,-4.77,1.54,-1.82,-1.6,-0.22,21,2356,2557
320,1,320,845.78,33.6,33.72,1809.62,38.6,33.04,1.51,1543.63,36.58,-46.34,-39.44,-69.75,-28.44,12.91,109.37,-0.09,-11.57,-15.28,854.5,33.6,33.64,1815.16,38.44,33.03,1.51,1539.34,36.67,-41.81,-49.42,-67.3,-27.44,13.31,112.35,-0.07,-10.29,-15.32,1008.27,31.64,31.83,1295.62,34.56,30.04,1.43,926.42,30.75,-40.26,-39.97,-57.17,-29.22,8.44,134.06,-0.06,-6.47,-0.36,1007.6,30.79,31.3,1335.59,29.68,30.01,1.52,1048.7,26.56,-46.3,-42.76,-50.64,-28.12,8.55,139.4,-0.1,-4.6,1.5,-1.81,-1.58,-0.22,21,2319,2554
321,1,321,842.02,33.67,33.77,1820.81,38.83,33.03,1.52,1552.96,36.31,-43.77,-38.55,-71.8,-28.74,12.83,107.87,-0.08,-11.7,-15.13,851.54,33.59,33.68,1834.12,38.37,33.04,1.53,1560.11,36.25,-40.21,-48.51,-67.7,-27.72,13.22,110.32,-0.07,-10.2,-15.3,1005.11,31.66,31.86,1281.21,35.13,30.03,1.44,913.6,31.09,-40.24,-38.53,-57.44,-29.51,8.05,140.03,-0.05,-6.49,-0.51,1004.3,30.78,31.22,1299.8,29.96,30.02,1.52,1026.16,27.23,-43.77,-42.04,-50.91,-27.95,8.15,146.59,-0.09,-4.64,1.34,-1.82,-1.58,-0.22,21,2396,2591
322,1,322,840.46,33.62,33.73,1801.75,38.87,33.02,1.51,1534.95,36.64,-47.12,-39.39,-70.53,-28.61,13.37,103.89,-0.08,-11.6,-15.16,849.27,33.59,33.63,1815.3,38.36,33.04,1.52,1542.63,36.66,-41.44,-48.42,-67.19,-27.59,13.69,106.7,-0.07,-10.27,-15.23,1013.21,31.68,31.86,1295.43,34.81,30.03,1.43,924.13,30.77,-39.83,-39.07,-57.54,-30.45,8.65,129.83,-0.05,-6.48,-0.48,1012.34,30.83,31.3,1330.27,29.79,30.02,1.51,1043.36,26.73,-44.62,-42.35,-51.16,-29.02,8.76,136.65,-0.1,-4.61,1.39,-1.83,-1.59,-0.22,21,2344,2555
323,1,323,842.72,33.62,33.73,1803.76,38.81,33.03,1.51,1539.64,36.55,-49.83,-39.59,-70.28,-28.13,13.06,107.9,-0.08,-11.63,-15.15,852.9,33.57,33.6,1812.42,38.16,33.02,1.52,1546.32,36.4,-40.92,-48.02,-67.13,-27.42,13.35,109.32,-0.07,-10.29,-15.31,1010.07,31.65,31.85,1286.8,34.93,30.03,1.44,926.23,30.71,-41.4,-38.19,-57.48,-27.65,8.2,139.32,-0.05,-6.34,-0.54,1009.81,30.7,31.16,1305.41,29.41,30.01,1.53,1042.75,26.74,-51.17,-40.44,-51.23,-26.45,8.31,144.23,-0.09,-4.47,1.32,-1.8,-1.58,-0.22,21,2424,2582
324,1,324,843.64,33.56,33.69,1790.26,38.71,33.04,1.52,1529.66,36.91,-48.43,-38.86,-70.39,-28.35,13.02,108.64,-0.08,-11.71,-15.21,853.82,33.55,33.56,1794.43,38.17,33.03,1.52,1533.18,36.83,-40.65,-47.61,-66.98,-27.49,13.36,111.13,-0.06,-10.16,-15.25,1016.37,31.68,31.87,1281.74,35.25,30.04,1.43,918.58,30.99,-41.3,-38.43,-57.23,-28.91,8.72,131.71,-0.05,-6.34,-0.47,1015.27,30.7,31.08,1272.27,29.63,30.02,1.52,1014.88,27.47,-52.98,-39.89,-50.58,-27.55,8.89,136.16,-0.08,-4.47,1.41,-1.8,-1.58,-0.22,21,2339,2558
325,1,325,846.54,33.5,33.62,1799.31,37.93,33.01,1.52,1552.6,36.13,-45.29,-36.46,-70.69,-27.94,13.07,106.53,-0.08,-11.96,-15.47,855.18,33.6,33.68,1829.15,38.48,33.01,1.52,1556.98,36.12,-40.57,-48.36,-67.6,-27.46,13.31,109.58,-0.07,-10.33,-15.51,1013.66,31.63,31.83,1299.01,34.41,30.02,1.43,931.6,30.44,-40.89,-37.57,-57.41,-26.98,8.36,136.58,-0.05,-6.2,-0.56,1013.08,30.75,31.26,1344,29.22,30.01,1.53,1063.75,26.18,-49.17,-41.54,-50.88,-26.31,8.38,139.97,-0.1,-4.3,1.3,-1.81,-1.58,-0.22,21,2328,2588
341,1,341,877.01,34.06,34.06,2037.53,35.62,33.02,1.54,1731.63,32.45,-41.69,-37.62,-73.8,-29.35,12.52,104.67,-0.03,-3.18,-28.41,883.21,34.01,34.04,2026.83,34.91,33.02,1.56,1697.38,32.43,-42.16,-45.61,-66.31,-28.39,13.21,105.87,-0.01,-2.2,-24.48,1053.05,32.03,32.23,1254.94,36.83,30.01,1.39,859.31,33.73,-41,-45.95,-43.85,-28.62,8.91,127.48,-0.04,-21.63,-7.62,1047.61,31.55,31.91,1300.82,33.12,30.02,1.45,957.65,28.78,-43.44,-40.33,-48.95,-27.45,8.98,134.71,-0.08,-17.93,-6.55,-1.43,-1.15,-0.01,21,0,0
342,1,342,865.94,34.01,34.07,2027.51,35.85,33.02,1.55,1720.33,32.65,-41.1,-37.81,-74.28,-29.13,12.59,103.84,-0.08,-3.33,-28.35,878.22,34.03,34.1,2026.78,35.33,33,1.55,1682.12,32.59,-41.76,-46.27,-66.06,-28.29,13.25,105.7,-0.04,-2.39,-24.21,1043.98,32.01,32.2,1242.39,36.99,30.01,1.39,857.09,33.83,-38.96,-44.53,-42.67,-27.47,8.93,129.45,-0.04,-21.25,-7.37,1042.96,31.49,31.8,1263.75,33.25,30.02,1.45,937.99,29.37,-42.43,-40.76,-48.19,-26.34,9.04,135.76,-0.07,-15.89,-6.32,-1.39,-1.13,-0.01,21,0,0
343,1,343,900.4,34.11,34.17,1906.19,39,33.04,1.49,1585.65,35.52,-58.79,-40.74,-73.95,-28.94,13.37,99.9,-0.09,-3.88,-27.46,911.21,34.04,33.99,1872.72,37.33,33.05,1.51,1542.45,35.79,-41.71,-45.84,-65.06,-27.8,14.01,101.57,-0.07,-2.86,-22.25,1050.36,31.83,32.02,1202.45,36.75,30.02,1.39,839.8,34.6,-42.87,-44.06,-44.18,-29.13,9.21,122.65,-0.04,-16.55,-7.5,1049.06,31.42,31.69,1225.67,33.42,30.03,1.44,912.97,30.22,-39.13,-42.57,-49.92,-27.73,9.39,129.34,-0.07,-15.03,-6.11,-1.39,-1.12,-0.01,21,0,0
344,1,344,875.2,34.09,34.16,2019.11,36.72,33.02,1.53,1697.26,33.12,-42.59,-39.69,-74.11,-29.04,12.73,102.91,-0.09,-2.94,-28.26,887.2,34.04,34.13,2011.01,35.88,33.02,1.55,1661.26,33.12,-41.89,-45.27,-65.92,-28.22,13.39,104.37,-0.08,-1.97,-24.52,1052.66,31.99,32.19,1230.3,37.22,30.01,1.39,850.21,34.08,-38.29,-46.23,-41.74,-27.24,8.94,129.25,-0.04,-20.96,-7.35,1051.42,31.47,31.76,1237.25,33.64,30.03,1.45,917.98,30.06,-40.94,-39.97,-47.86,-26.38,9.16,134.4,-0.07,-15.65,-6.27,-1.4,-1.14,-0.01,21,0,0
345,1,345,884.05,34.02,34.08,1924.12,37.87,33.04,1.51,1621.39,34.74,-47,-36.79,-73.77,-28.29,13.35,100.75,-0.09,-3.41,-27.12,893.22,34.12,34.12,1915.08,37.58,33.03,1.51,1571.12,35.01,-41.28,-45.43,-65.22,-27.62,13.9,102.07,-0.07,-2.42,-22.33,1045.25,31.93,32.13,1227.95,36.83,30.03,1.39,858.3,33.93,-41.93,-45.2,-44.93,-26.21,9.07,128.77,-0.04,-16.73,-7.46,1044.3,31.43,31.76,1257.14,33.09,30.04,1.45,945.58,29.28,-41.24,-41.52,-50.39,-25.64,9.18,134.17,-0.08,-15.29,-6.14,-1.38,-1.12,-0.01,21,0,0
346,1,346,850.48,34.12,34.16,1962.2,37.85,33.04,1.52,1639.87,34.36,-48.79,-39.68,-73.69,-29.52,12.8,104.01,-0.09,-2.92,-27.63,866.09,34.05,34.06,1954.51,36.34,33.03,1.54,1605.6,34.3,-40.96,-45.47,-66.15,-28.25,13.44,105.88,-0.08,-1.94,-24.23,1073.54,31.87,32.06,1234.14,36.06,30.02,1.41,850.24,34.17,-45.36,-47.3,-45.87,-28.77,8.69,130.5,-0.04,-16.84,-8.19,1071.92,31.5,31.77,1271.13,32.83,30.03,1.46,942.26,29.32,-40.05,-41.87,-49.94,-27.55,8.76,139.57,-0.07,-15.24,-6.82,-1.39,-1.11,-0.02,21,0,0
347,1,347,882.43,34.04,34.05,2037.5,35.49,33.02,1.54,1732.59,32.41,-41.23,-38.31,-74.12,-29.51,12.42,105.38,-0.04,-3.11,-28.34,893.62,34,34,2026.87,34.59,33.01,1.56,1702.21,32.3,-42.46,-45.56,-65.79,-28.56,13.11,107.18,0,-2.13,-24.51,1067.13,31.89,32.09,1227.15,36.51,30.04,1.4,850.62,34.31,-42.55,-45.25,-43.78,-27.76,8.87,129.82,-0.04,-21.62,-7.4,1065.45,31.47,31.77,1263.22,33.02,30.03,1.45,938.35,29.43,-40.84,-41.17,-48.56,-26.8,8.96,136.19,-0.07,-18.16,-6.3,-1.4,-1.14,-0.01,21,0,0
348,1,348,903.51,33.94,34,1963.63,36.45,33.02,1.54,1661.47,33.8,-43.79,-36.23,-74.33,-28.55,12.38,110.57,-0.09,-3.77,-28.27,914.37,34.13,34.19,1978.86,37.01,33.01,1.54,1621.44,33.87,-40.92,-45.93,-65.49,-27.94,13,112.6,-0.08,-2.79,-23.37,1068.93,31.9,32.1,1225.72,36.65,30.01,1.4,846.37,34.28,-42.12,-43.63,-42.78,-25.84,8.45,140.18,-0.04,-19.62,-7.46,1067.7,31.46,31.73,1241.69,33.27,30.02,1.45,914.07,30.11,-39.23,-42.34,-48.27,-25.08,8.54,147.27,-0.07,-18.5,-6.33,-1.38,-1.13,-0.01,21,0,0
349,1,349,864.96,33.8,33.76,2037.46,33.21,33,1.59,1801.86,31.08,-38.21,-37.2,-74.1,-30.09,12.07,105.83,-0.02,-3.48,-28.81,876.68,33.66,33.74,2026.87,32.51,32.98,1.6,1780.38,30.67,-41.72,-45.57,-66.37,-28.98,12.74,107.32,0,-2.54,-25.11,1054.06,31.9,32.09,1233.29,36.35,30.05,1.41,852.23,34.3,-39.1,-43.87,-43.72,-29.4,8.58,129.39,-0.04,-22,-7.23,1052.64,31.52,31.85,1288.77,33.01,30.03,1.46,953.05,29,-46.61,-42.17,-48.34,-28.12,8.61,139.37,-0.07,-16.3,-6.13,-1.43,-1.16,-0.01,21,0,0
350,1,350,858.61,34.03,34.01,2037.57,35.22,33.01,1.54,1742.09,32.2,-41.02,-38.19,-73.86,-29.36,12.51,103.45,-0.02,-3.34,-28.54,870.56,33.96,34.01,2026.82,34.66,33.01,1.56,1710.53,32.17,-42.07,-45.29,-66.74,-28.19,13.24,105.74,0,-2.35,-24.7,1033.46,31.92,32.12,1222.57,36.91,30.02,1.39,848.5,34.26,-39.47,-45.18,-43,-29.23,9.1,123.42,-0.04,-20.76,-7.55,1032.2,31.48,31.8,1256.05,33.47,30.03,1.44,929.5,29.72,-39.46,-41.33,-48.6,-27.76,9.23,131.8,-0.07,-15.81,-6.38,-1.42,-1.14,-0.01,21,0,0
351,1,351,909.73,34.07,34.12,1909.88,38.45,33.04,1.51,1594.98,35.35,-47.68,-39.04,-73.82,-28.89,12.91,104.94,-0.08,-3.57,-27.78,919.36,34.09,34.08,1904.16,37.44,33.03,1.52,1556.47,35.34,-40.78,-45.15,-64.85,-27.84,13.5,106.64,-0.07,-2.64,-23.02,1059.83,31.87,32.06,1233.66,36.06,30.03,1.41,847.56,34.35,-43.43,-45.4,-47.55,-29.34,8.88,127.78,-0.04,-13.42,-7.52,1058.41,31.54,31.86,1297.84,32.84,30.03,1.46,960.19,28.82,-40.72,-41.83,-51.75,-28.02,8.89,136.27,-0.08,-10.07,-5.88,-1.4,-1.12,-0.01,21,0,0
352,1,352,879.83,33.92,33.89,2037.57,34.2,33.01,1.56,1771.75,31.63,-40.96,-38.27,-74.18,-28.87,12.7,102.25,-0.02,-3.3,-28.6,891.86,33.84,33.87,2026.88,33.54,33.02,1.58,1753.43,31.47,-41.53,-45.14,-66.16,-28.34,13.21,103.58,0.01,-2.31,-24.74,1072.6,31.97,32.17,1248.25,36.54,30.02,1.4,862.44,33.72,-37.98,-44.05,-42.37,-25.16,8.93,130.73,-0.04,-20.94,-7.26,1070.85,31.54,31.83,1275.64,33.22,30.04,1.45,945.17,29.28,-42.56,-42.44,-47.63,-24.75,9.08,134.93,-0.07,-13.49,-6.19,-1.4,-1.14,-0.01,21,0,0
353,1,353,852.75,34.07,34.12,1946.98,37.76,33.05,1.51,1637.98,34.48,-45.7,-38.59,-73.96,-29.06,13.02,104.86,-0.09,-3.62,-27.96,869.89,34.06,34.1,1952.77,36.71,33.03,1.53,1606.25,34.32,-40.14,-45.77,-65.64,-28.15,13.55,105.95,-0.08,-2.68,-23.52,1071.11,31.95,32.13,1241.72,36.42,30.03,1.39,854.71,34.04,-40.02,-46.84,-44.67,-27.48,8.97,129.16,-0.04,-15.62,-7.7,1069.54,31.52,31.78,1266.26,33.05,30.02,1.44,936.43,29.43,-41.08,-41.35,-49.54,-26.55,9.14,136.54,-0.07,-12.86,-6.34,-1.39,-1.12,-0.02,21,0,0
354,1,354,886.38,33.99,34.05,1956.87,37,33.03,1.53,1644.05,34.21,-45.46,-35.89,-73.98,-28.36,12.68,108.81,-0.09,-3.68,-27.71,900.9,34.17,34.19,1970.54,37.08,33.02,1.53,1604.25,34.29,-40.27,-46.16,-66.33,-27.81,13.3,110.61,-0.08,-2.7,-22.74,1079.06,31.98,32.19,1249.63,36.65,30.01,1.4,857.46,33.83,-40.78,-41.02,-42.02,-25.39,8.64,135.18,-0.04,-17.48,-7.15,1077.44,31.53,31.78,1254.11,33.33,30.01,1.45,919.49,29.89,-39.81,-42.99,-48.55,-24.73,8.87,140.77,-0.06,-15.44,-5.85,-1.39,-1.13,-0.01,21,0,0
355,1,355,893.01,34.02,34.07,1937.37,37.49,33.03,1.52,1628.63,34.5,-44.99,-37.05,-73.94,-28.68,12.38,111.14,-0.09,-3.99,-27.41,904.04,34.12,34.13,1950.78,36.99,33.02,1.53,1594.29,34.45,-40.43,-45.7,-65.81,-27.89,13.03,112.99,-0.08,-3.02,-22.18,1062.74,31.86,32.07,1224.07,36.47,30.02,1.41,848.22,34.26,-45.77,-41.73,-44.09,-26.68,8.32,138.67,-0.04,-17.52,-7.15,1061.53,31.42,31.69,1243.75,32.96,30.03,1.46,928.04,29.76,-37.92,-43.56,-49.79,-26.07,8.41,148.18,-0.07,-16.41,-5.83,-1.4,-1.14,-0.01,21,0,0
356,1,356,896.65,34.12,34.18,1895.19,39.29,33.01,1.5,1566.28,35.71,-51.68,-40.35,-73.51,-27.97,13,106.02,-0.09,-3.83,-27.42,907,33.98,33.92,1847.3,37.22,33.04,1.52,1526.46,36.08,-41,-45.38,-65.51,-27.25,13.64,107.08,-0.07,-2.76,-22.15,1048.78,31.88,32.08,1210.41,36.98,30.02,1.4,848.73,34.26,-47.42,-45.61,-44.37,-25.93,8.9,133.63,-0.04,-15.98,-7.65,1048,31.35,31.62,1210.89,33.31,30.04,1.46,914.42,30.27,-37,-41.6,-50.26,-25.11,9.11,139.16,-0.07,-13.78,-6.17,-1.38,-1.12,-0.01,21,0,0
357,1,357,849.12,34.01,34.05,2037.13,35.54,33.02,1.55,1732.5,32.42,-42.48,-38.3,-73.86,-28.51,12.18,108.24,-0.07,-2.77,-27.84,863.35,33.95,34.03,2026.8,34.76,33.04,1.57,1709.66,32.35,-41.21,-45.12,-66.39,-27.94,12.87,110.91,-0.03,-1.77,-24.94,1036.14,31.83,32.02,1198.42,36.82,30.03,1.41,839.29,34.7,-39.53,-45.04,-42.29,-25.78,8.73,133.41,-0.04,-20.82,-7.29,1034.97,31.41,31.68,1220.39,33.49,30.03,1.45,910.61,30.32,-40.67,-41.79,-48.2,-24.92,8.92,138.87,-0.07,-13.92,-6.14,-1.41,-1.15,-0.01,21,0,0
358,1,358,878.15,34.01,34.07,1888.6,38.46,33.03,1.51,1586.25,35.45,-52.7,-37.93,-73.9,-28.17,12.96,105.4,-0.08,-3.66,-27.03,889.82,34.1,34.09,1887.57,37.83,33.03,1.52,1544.79,35.62,-40.36,-45.74,-65.13,-27.5,13.52,107.05,-0.07,-2.67,-22.15,1038.49,31.97,32.18,1235.84,36.98,30.01,1.4,863.36,33.57,-42.85,-46.16,-45.37,-26.48,8.72,133.36,-0.04,-16.53,-7.52,1037.43,31.4,31.74,1258.69,32.91,30.04,1.46,953.09,29.1,-41.48,-41.18,-50.61,-25.61,8.86,140.35,-0.08,-14.86,-6.11,-1.39,-1.13,-0.01,21,0,0
359,1,359,872.44,33.95,33.91,2037.61,34.38,33.02,1.56,1767.43,31.81,-40.36,-36.87,-73.95,-29.5,12.49,103.64,-0.02,-3.49,-28.37,883.12,33.88,33.87,2026.87,33.57,33.03,1.57,1752.24,31.51,-41.62,-45.93,-66,-28.54,13.12,105.08,0.01,-2.52,-24.25,1044.51,31.94,32.14,1226.16,36.96,30.01,1.39,846.46,34.22,-39.32,-43.79,-42.92,-28.42,9.02,125.93,-0.04,-20.9,-7.26,1043.2,31.49,31.79,1253.36,33.43,30.03,1.45,928.99,29.75,-42.68,-41.14,-48.23,-27.06,9.13,134.37,-0.07,-14.92,-6.14,-1.41,-1.15,-0.01,21,0,0
360,1,360,884.37,33.99,34.06,2013.55,36,33.01,1.54,1708.04,32.81,-42.19,-37.45,-74.02,-29.46,12.76,103.49,-0.09,-2.85,-27.65,896.09,34.03,34.1,2026.84,35.39,33.01,1.55,1680.69,32.67,-40.69,-45.15,-65.72,-28.6,13.34,104.75,-0.04,-1.88,-24.15,1074.65,31.83,32.04,1217.08,36.41,30.03,1.41,848.24,34.37,-43.15,-44.24,-43.07,-27.24,8.94,128.93,-0.04,-20.63,-7.67,1072.95,31.42,31.71,1245.82,33.01,30.03,1.45,926.43,29.79,-39.54,-41.93,-48.38,-26.41,9.07,135.15,-0.07,-17.39,-6.55,-1.39,-1.13,-0.01,21,0,0
361,1,361,897.23,34.01,34.07,1942.15,37.4,33.03,1.53,1633.77,34.43,-46.47,-37.74,-74.49,-29.06,12.58,108.01,-0.09,-3.84,-27.75,912.55,34.08,34.05,1926.6,36.73,33.03,1.53,1583.23,34.78,-40.76,-46.56,-65.17,-28.01,13.32,110.56,-0.07,-2.84,-22.72,1074.56,31.89,32.09,1230.17,36.46,30.05,1.41,853.7,34.24,-40.82,-42.49,-42.61,-27.82,8.5,134.62,-0.04,-18.44,-7.15,1075.05,31.47,31.72,1245.62,33.13,30.05,1.46,924.01,29.99,-39.58,-43.06,-49.04,-26.51,8.64,141.87,-0.07,-16.69,-5.88,-1.4,-1.14,-0.01,21,0,0
362,1,362,907.67,34.03,34.09,1974.43,36.97,33.03,1.54,1661.91,33.87,-45.55,-38.04,-74.5,-27.71,12.57,108.84,-0.09,-3.56,-27.45,916.84,34.1,34.1,1954.44,36.66,33.02,1.54,1607.11,34.21,-42.12,-45.96,-65.3,-27.32,13.19,110.28,-0.08,-2.58,-22.91,1074.05,31.85,32.04,1224.74,36.19,30.02,1.41,854.32,34.04,-43.73,-45.75,-44.51,-23.69,8.57,137.49,-0.04,-18.64,-7.51,1072.77,31.46,31.74,1261.41,32.84,30.04,1.46,942.88,29.36,-40.69,-41.48,-49.37,-23.48,8.67,143.66,-0.07,-20.11,-6.25,-1.4,-1.14,-0.01,21,0,0
363,1,363,839.61,34.07,34.13,1936.12,38.07,33.03,1.52,1628.85,34.55,-49.34,-38.99,-74.04,-27.76,12.59,107.72,-0.09,-3.62,-28.12,853.3,34.03,34.11,1929,37.21,33.03,1.53,1587.13,34.67,-40.15,-46.19,-65.5,-27.36,13.17,109.47,-0.08,-2.62,-23.89,1040.2,31.94,32.15,1226.82,37.05,30.03,1.4,855.76,34.07,-42.07,-44.77,-43.93,-24.58,8.43,140.29,-0.04,-17.55,-7.89,1038.38,31.41,31.72,1240.52,33.25,30.05,1.46,933.31,29.7,-40.19,-42.09,-48.79,-24.27,8.56,147.09,-0.07,-14.54,-6.7,-1.41,-1.13,-0.01,21,0,0
364,1,364,893.05,34.09,34.15,2014.51,36.77,33.01,1.54,1687.4,33.17,-43.24,-38.42,-74.14,-29.53,12.72,104.17,-0.09,-3.66,-27.97,903,34.01,34.1,2000.18,35.83,33.01,1.55,1651.46,33.27,-41.65,-45.3,-65.92,-28.37,13.36,104.87,-0.08,-2.67,-23.59,1070.21,31.91,32.11,1240.5,36.26,30.03,1.41,854.04,34.12,-46.33,-44.55,-45.32,-29.66,8.75,128.28,-0.04,-17.67,-8.04,1068.81,31.47,31.75,1264.28,32.86,30.04,1.46,938.84,29.47,-38.82,-42.89,-49.6,-27.93,8.9,135.6,-0.07,-15.81,-6.86,-1.39,-1.13,-0.01,21,0,0
365,1,365,904.81,34.05,34.11,1958.02,37.43,33.04,1.52,1638.69,34.39,-48.32,-36.63,-74.4,-28.92,12.55,108.98,-0.09,-3.59,-27.6,916.34,34.16,34.15,1949.95,37.15,33.02,1.53,1581.85,34.7,-42.07,-45.85,-66.37,-27.89,13.25,110.9,-0.08,-2.63,-22.79,1076.6,32,32.2,1249.39,36.78,30.03,1.4,857.83,33.98,-42.52,-42.25,-42.95,-26.86,8.54,138.7,-0.04,-16.75,-7.27,1075.05,31.51,31.77,1261.74,33.11,30.04,1.46,934.92,29.64,-39.38,-41.49,-48.48,-25.98,8.7,145.63,-0.07,-15.43,-6,-1.39,-1.13,-0.01,21,0,0
366,1,366,885.72,34.08,34.15,1979.22,37.4,33.03,1.53,1663.6,33.79,-44.96,-39.47,-73.93,-28.53,12.62,105.62,-0.09,-2.8,-27.5,896.05,34.02,34.1,1962.52,36.48,33.01,1.54,1614.87,33.96,-41.49,-46.05,-65.36,-27.78,13.25,106.69,-0.08,-1.82,-24.42,1045.79,31.86,32.07,1215.46,36.69,30.02,1.41,847.79,34.29,-43.91,-44.44,-44.64,-26.47,8.7,132.01,-0.04,-18.51,-8.17,1043.79,31.39,31.7,1231.87,33.31,30.02,1.46,920.43,29.92,-39.71,-42.81,-48.6,-25.61,8.88,138.74,-0.07,-16.69,-6.96,-1.4,-1.13,-0.01,21,0,0
367,1,367,866.71,33.93,33.89,2037.63,34.21,33.03,1.57,1776.91,31.74,-39.29,-38.15,-73.81,-29.15,12.37,103.58,-0.02,-2.7,-27.97,882.28,33.8,33.81,2026.97,33.06,32.99,1.59,1757.07,31.16,-41.49,-44.5,-66.55,-28.62,12.89,105.32,0.01,-1.79,-25.06,1073.58,31.96,32.15,1255.37,36.1,30.02,1.41,865.04,33.55,-40.01,-45.13,-43.87,-26.2,8.62,132.98,-0.04,-21.48,-7.26,1071.63,31.51,31.82,1299.14,32.51,30.03,1.47,968.32,28.56,-43.45,-41.45,-48.36,-25.42,8.65,139.16,-0.07,-15.33,-6.15,-1.42,-1.15,-0.01,21,0,0
368,1,368,892.7,33.97,33.94,2037.67,34.64,33.05,1.57,1766.07,32.02,-41.11,-38.45,-74.37,-29.71,12.43,103.59,-0.02,-3.5,-28.13,902.56,33.85,33.93,2026.78,33.99,33.02,1.58,1728.85,31.88,-42.15,-45.35,-66.44,-28.71,13.1,105.66,0.01,-2.56,-23.85,1067.25,31.97,32.16,1243.19,36.64,30.01,1.4,855.9,33.85,-37.63,-44.53,-42.16,-28.03,8.99,126.17,-0.04,-21.69,-7.03,1065.75,31.52,31.81,1270.48,33.18,30.04,1.45,941.01,29.41,-43.64,-41.35,-47.25,-27.01,9.12,131.97,-0.07,-14.42,-5.93,-1.41,-1.15,-0.01,21,0,0
369,1,369,872.07,33.98,33.97,2037.47,34.86,33.03,1.56,1755.78,32.08,-39.84,-38.76,-74.07,-28.46,12.17,107.66,-0.03,-3.38,-28.8,884.4,33.89,33.95,2026.84,34.13,33.03,1.57,1730.4,31.89,-41.76,-45.44,-66.69,-28.13,12.81,109.13,0.01,-2.4,-25.01,1060.21,31.92,32.12,1224.99,36.8,30.01,1.4,846.7,34.28,-38.43,-44.66,-42.08,-25.21,8.67,133.19,-0.04,-21.35,-6.98,1058.36,31.5,31.8,1256.75,33.46,30.03,1.45,928.46,29.76,-42.63,-40.75,-47.86,-24.41,8.84,139.38,-0.07,-14.68,-5.86,-1.43,-1.16,-0.01,21,0,0
370,1,370,893.65,33.97,34.03,2019.26,35.68,33.01,1.56,1716.28,32.62,-42.94,-36.97,-74.28,-29.47,12.09,110.09,-0.09,-3.38,-28.22,905.04,34.02,34.04,2026.71,34.91,33.03,1.57,1691.45,32.63,-42.35,-46.36,-65.96,-28.46,12.82,111.94,-0.05,-2.38,-23.99,1064.77,31.79,31.98,1215.55,35.94,30.02,1.42,842.66,34.51,-42.84,-45.01,-44.63,-27.98,8.39,135.93,-0.04,-21.49,-7.43,1063.52,31.43,31.73,1262.12,32.75,30.03,1.47,939.64,29.4,-40.86,-42.12,-48.67,-26.75,8.42,144.84,-0.07,-24.48,-6.35,-1.4,-1.14,-0.01,21,0,0
371,1,371,863.27,33.98,34.05,1957.03,37,33.02,1.52,1658.39,33.87,-45.67,-37.67,-74.43,-28.78,12.8,102.86,-0.09,-3.01,-27.71,875.43,34.06,34.18,1980.77,36.88,33.02,1.53,1629.56,33.77,-40.36,-45.5,-65.2,-27.89,13.37,104.64,-0.09,-2.03,-24.31,1046.03,31.89,32.11,1221.15,36.91,30,1.4,853.16,33.92,-44.35,-45.05,-44.51,-27.83,8.98,128.17,-0.04,-17.26,-7.8,1043.58,31.34,31.72,1252.86,32.91,30.03,1.46,946.02,29.19,-40.42,-41.29,-48.35,-26.56,8.99,135.1,-0.08,-14.87,-6.49,-1.41,-1.14,-0.01,21,0,0
372,1,372,872.81,34.03,34.09,1962.12,37.2,33.04,1.53,1647.07,34.22,-46.63,-37.45,-74.04,-28.75,12.53,107.75,-0.09,-3.64,-28.27,890.14,34.1,34.14,1967.88,36.78,33.02,1.54,1608.39,34.18,-41.18,-45.93,-65.85,-28.02,13.13,109.65,-0.08,-2.66,-23.96,1078.25,31.99,32.19,1265.18,36.18,30.03,1.41,862.62,33.76,-43.66,-45.33,-44.84,-26.79,8.39,136.85,-0.04,-16.63,-8.19,1076.83,31.57,31.85,1292.97,32.91,30.05,1.46,953.91,29.09,-40.38,-43.3,-49.52,-26.01,8.52,143.24,-0.07,-14.52,-6.92,-1.4,-1.13,-0.01,21,0,0
373,1,373,907.04,34.02,34.08,1924.41,37.9,33.03,1.52,1615.15,34.84,-48.24,-38.11,-73.79,-28.4,12.7,107.04,-0.09,-3.48,-27.3,916.52,34.08,34.06,1907.88,37.24,33.03,1.53,1567.78,35.12,-41.78,-45.28,-65.59,-27.75,13.31,108.78,-0.07,-2.48,-22.55,1064.41,31.9,32.1,1236.97,36.31,30.02,1.41,857.41,33.91,-45.77,-42.67,-45.88,-26.49,8.63,133.26,-0.04,-16.7,-7.55,1063.17,31.46,31.79,1285,32.65,30.02,1.47,961.31,28.72,-40.75,-41.81,-50.37,-25.94,8.68,139.14,-0.08,-15.77,-6.23,-1.4,-1.13,-0.01,21,0,0
374,1,374,879.08,33.94,34.01,2018.06,35.51,33.03,1.57,1727.92,32.6,-40.08,-37.6,-74.71,-29.17,12.02,111.28,-0.09,-3.48,-28.41,891.66,33.98,34.02,2026.92,34.75,33.02,1.58,1701.34,32.36,-41.15,-46.11,-65.89,-28.38,12.64,113.04,-0.02,-2.55,-23.82,1070.16,31.84,32.05,1230.28,36.05,30.01,1.41,850.28,34.1,-44.29,-42.6,-44.09,-26.57,8.43,134.47,-0.04,-21.48,-7.67,1068.54,31.46,31.75,1266.48,32.8,30.04,1.47,942.78,29.36,-40.34,-42.86,-48.6,-25.86,8.52,141.16,-0.07,-22.81,-6.59,-1.4,-1.15,-0.01,21,0,0
375,1,375,870.01,34,33.97,2037.49,34.86,33.01,1.55,1752.1,32.02,-41.72,-38.57,-74.31,-29.2,12.47,103.82,-0.02,-3.18,-28.39,884.9,33.95,33.93,2026.75,33.98,33.04,1.57,1729.98,32,-42.3,-45.92,-66.14,-28.45,13.11,106.35,0.01,-2.19,-24.39,1066.52,31.91,32.12,1236.65,36.46,30.02,1.4,853.86,34,-41.4,-44.79,-43.1,-26.43,8.76,130.92,-0.04,-22.24,-7.44,1064.99,31.48,31.79,1267.86,33.04,30.03,1.46,942.28,29.34,-41.23,-42.83,-47.97,-25.62,8.85,137.22,-0.07,-18.21,-6.44,-1.41,-1.16,-0.01,21,0,0
526,1,526,848.29,33.95,34.18,1952.33,37.75,33.03,1.51,1623.13,34.81,-48.78,-38.13,-77.24,-31.93,12.58,105.8,-0.09,-3.45,-30.25,862.2,33.76,33.78,1848.06,37.54,33.02,1.5,1518.97,35.89,-43.16,-44.89,-72.48,-29.95,13.42,106.81,-0.06,-2.04,-27.66,664.35,31.98,32.04,1413,30.64,30.02,1.4,940.02,30.61,-40.83,-42.73,-53.78,-26.11,8.41,106.34,-0.07,-20.84,-8.06,663.15,31.25,31.36,1397.94,28.18,30.02,1.5,1014.83,27.03,-35.25,-38.99,-51.33,-25.05,9.57,109.43,-0.11,-18.62,-6.59,-1.37,-1.18,-0.13,21,0,0
527,1,527,913.25,34.12,34.31,2009.02,37.74,33.04,1.5,1636.44,34.58,-46.02,-42.19,-76.84,-30.97,12.89,106.46,-0.09,-3.75,-30.56,920.11,33.93,33.95,1929.03,37.41,33.02,1.49,1553.24,35.15,-43.03,-47.38,-72.2,-29.49,13.57,107.98,-0.06,-2.34,-27.61,682.21,31.97,32.01,1449.5,29.65,30.02,1.39,962.99,29.84,-41.02,-44.76,-54.34,-24.99,8.91,104.22,-0.08,-19.71,-8.22,681.62,31.29,31.38,1415.03,28.02,30.04,1.49,1029.53,26.78,-34.67,-36.55,-52.93,-24.25,9.91,105.45,-0.13,-17.09,-6.75,-1.37,-1.18,-0.13,21,0,0
528,1,528,919.3,34.04,34.22,1997.83,37.23,33.03,1.51,1629.44,34.63,-46.77,-39.95,-76.88,-31.71,12.4,109.91,-0.09,-3.27,-30.06,926.19,33.93,33.97,1933.17,37.51,33.03,1.5,1556.41,35.11,-43.38,-46.73,-71.89,-29.69,13.2,111.97,-0.07,-1.88,-27.21,689.72,31.98,32.03,1441.64,29.94,30.01,1.4,955.76,30.04,-39.65,-43.91,-53.58,-26.34,8.63,106.13,-0.08,-19.56,-7.71,689.38,31.22,31.29,1402.98,27.64,30.03,1.5,1008.97,27.25,-34.77,-36.77,-51.77,-24.75,9.79,107.56,-0.11,-16.96,-6.03,-1.36,-1.17,-0.13,21,0,0
529,1,529,922.86,34.09,34.27,1995.19,37.73,33.04,1.51,1625.68,34.82,-45.7,-43.01,-76.94,-30.25,12.65,111,-0.09,-3.27,-30.08,927.47,33.95,33.97,1927.69,37.67,33.03,1.5,1549.88,35.31,-42.55,-49,-72.09,-29.01,13.33,112.49,-0.07,-1.86,-27.58,686.09,32.09,32.14,1464.54,30.22,30.02,1.4,962.45,29.87,-38.27,-41.8,-53.98,-24.11,8.29,109.13,-0.08,-19.58,-7.85,686.12,31.34,31.43,1418.45,28.22,30.04,1.49,1022.51,26.97,-34.48,-38.86,-51.96,-23.63,9.56,112.18,-0.12,-16.78,-6.3,-1.38,-1.19,-0.12,21,0,0
530,1,530,882.34,34.07,34.26,2046.5,36.64,33.02,1.52,1676.47,33.66,-41.49,-41.32,-76.89,-31.39,12.55,109.18,-0.09,-3.1,-29.62,899.31,33.9,33.95,1986.65,36.3,33.02,1.52,1612.28,33.92,-41.17,-45.42,-71.78,-29.72,13.26,110.26,-0.07,-1.71,-27.2,692.49,31.89,31.93,1444.67,29.23,30.02,1.41,961.68,29.91,-41.65,-47.32,-52.73,-25.21,8.36,108.63,-0.08,-20.84,-8.37,691.68,31.17,31.24,1407.05,27.27,30.03,1.51,1023.67,26.9,-33.94,-35.88,-52.12,-24.46,9.46,110.81,-0.12,-18.5,-6.85,-1.36,-1.18,-0.13,21,0,0
531,1,531,908.49,34.05,34.23,2009.49,37.07,33.04,1.52,1656,34.17,-43.6,-42.15,-77.02,-29.39,12.43,111.47,-0.09,-2.86,-29.72,923.84,33.82,33.81,1929.09,36.26,33.04,1.52,1579.08,34.72,-43.07,-46.83,-72.27,-28.38,13.16,111.63,-0.06,-1.47,-27.56,707.33,31.96,31.99,1461.37,29.28,30.02,1.41,973.82,29.54,-40.88,-44.65,-53.17,-22.74,8.42,110.62,-0.08,-19.49,-7.73,706.14,31.18,31.23,1421.25,26.92,30.03,1.51,1028.62,26.77,-33.52,-36.48,-50.96,-22.68,9.41,112.93,-0.11,-16.59,-6.04,-1.37,-1.18,-0.12,21,0,0
532,1,532,882.65,34.09,34.29,1993.74,37.85,33.04,1.5,1635.56,34.62,-47.71,-42.16,-76.85,-30.16,12.63,112.92,-0.09,-3.26,-30.22,893.72,33.87,33.89,1905.06,37.39,33.02,1.49,1547.94,35.22,-43.02,-46.02,-72.26,-29,13.35,113.1,-0.06,-1.87,-27.61,686.97,32.04,32.08,1464.51,29.79,30.02,1.39,967.3,29.75,-41.05,-43.69,-54.4,-24.27,8.35,109.3,-0.07,-19.45,-8.2,686.15,31.34,31.46,1441.33,27.98,30.03,1.49,1050.33,26.26,-35.8,-35.7,-52.82,-23.84,9.5,112.61,-0.14,-16.86,-6.66,-1.38,-1.18,-0.13,21,0,0
533,1,533,917.72,34.08,34.25,1999.96,37.38,33.04,1.52,1634.9,34.61,-44.95,-43.54,-77.06,-31.26,12.55,110.18,-0.08,-3.62,-30.31,931.85,33.85,33.85,1929.78,36.52,33.04,1.52,1564.56,35.02,-40.78,-48.05,-72.15,-29.58,13.27,110.27,-0.06,-2.2,-27.2,706.93,31.87,31.9,1459.13,28.73,30.02,1.42,973.5,29.55,-41.79,-43.52,-53.44,-25.22,8.51,105.29,-0.08,-20.49,-7.98,706.22,31.26,31.35,1438.11,27.33,30.03,1.52,1051.19,26.22,-34.76,-36.55,-52.04,-24.67,9.47,108.17,-0.13,-18.52,-6.46,-1.38,-1.19,-0.12,21,0,0
534,1,534,916.56,34.04,34.21,1980.21,37.46,33.04,1.51,1621.75,34.91,-44.42,-40.49,-77.04,-30.93,12.79,107.83,-0.08,-3.3,-30.32,920.21,33.89,33.91,1914.94,37.39,33.04,1.51,1549.58,35.33,-40.75,-46.58,-72.18,-29.33,13.44,108.91,-0.07,-1.91,-27.3,686.82,31.92,31.96,1440.15,29.51,30.02,1.41,963.6,29.87,-41.23,-44.14,-53.91,-25.05,8.71,104.16,-0.07,-19.38,-8.06,686.66,31.2,31.28,1404.61,27.55,30.03,1.51,1028,26.8,-33.93,-36.27,-52.45,-24.27,9.73,105.98,-0.12,-17.08,-6.6,-1.36,-1.18,-0.12,21,0,0
535,1,535,906.35,34.1,34.28,2006.64,37.57,33.03,1.51,1633.41,34.6,-47.46,-41.06,-77.05,-30.6,12.53,110.55,-0.09,-3.79,-30.7,916.53,33.95,33.97,1946.35,37.29,33.03,1.51,1566.17,34.96,-41.41,-47.62,-72.26,-29.25,13.2,110.02,-0.07,-2.42,-26.82,681.33,31.95,31.99,1439.8,29.72,30.01,1.41,962.4,29.85,-41.85,-42.37,-54.03,-24.62,8.53,106.61,-0.07,-18.86,-7.96,680.76,31.23,31.29,1405.68,27.6,30.04,1.5,1022.09,27.01,-33.73,-38.44,-51.78,-23.79,9.7,108.39,-0.11,-16.42,-6.34,-1.37,-1.17,-0.12,21,0,0
536,1,536,914.03,34.13,34.3,1990.74,38.03,33.03,1.51,1622.77,34.8,-46.67,-46.44,-76.98,-29.07,12.59,112.44,-0.08,-3.35,-30.25,925.58,33.86,33.85,1910.55,36.9,33.04,1.52,1550.29,35.36,-41.56,-47.87,-72.17,-28.19,13.2,112.34,-0.06,-1.97,-27.25,689.95,31.99,32.03,1447.48,29.79,30.02,1.41,969.74,29.69,-40.67,-42.94,-53.89,-22.87,8.42,110.32,-0.07,-18.62,-7.92,689.57,31.24,31.33,1414.82,27.68,30.03,1.51,1032.53,26.65,-34.07,-36.02,-52.59,-22.72,9.42,112.66,-0.12,-15.9,-6.29,-1.37,-1.18,-0.12,21,0,0
537,1,537,911.96,34.1,34.28,1993.62,37.8,33.04,1.51,1630.03,34.74,-46.17,-42.71,-76.99,-30.2,12.58,112.23,-0.09,-3.39,-30,924.06,33.89,33.89,1912.17,37.26,33.03,1.51,1546.24,35.39,-43.07,-47.11,-72.04,-29,13.27,112.97,-0.06,-1.99,-27.1,693.07,31.88,31.92,1431.4,29.42,30.03,1.42,956.35,30.15,-40.28,-47.24,-54.77,-23.78,8.35,110.34,-0.07,-19.42,-8.26,692.68,31.21,31.26,1408.33,27.36,30.03,1.51,1016.13,27.09,-34.18,-36.31,-52.47,-23.46,9.39,111.49,-0.11,-16.63,-6.87,-1.37,-1.18,-0.12,21,0,0
538,1,538,939.72,34.09,34.25,1983.15,37.75,33.04,1.51,1611.23,35.13,-46.11,-41.79,-77.04,-30.8,12.72,108.61,-0.08,-4.34,-30.86,946.33,33.91,33.89,1903.08,37.42,33.04,1.51,1529.03,35.8,-42.57,-48.18,-72.43,-29.3,13.4,110.03,-0.06,-2.95,-26.89,700.86,32.01,32.05,1463.46,29.59,30.02,1.41,969,29.72,-38.96,-45.66,-54.26,-24.64,8.31,107.95,-0.07,-19.56,-7.95,701.05,31.25,31.3,1422.56,27.34,30.03,1.51,1029.19,26.73,-34.82,-37.78,-52.34,-23.99,9.47,111.48,-0.11,-16.78,-6.54,-1.38,-1.19,-0.13,21,0,0
539,1,539,906.12,33.93,34.11,1937.07,37.48,33.01,1.5,1595.08,35.24,-46.8,-38.55,-76.75,-31.61,12.86,105.68,-0.09,-3.59,-30.25,919.17,33.82,33.82,1872.92,37.42,33.02,1.5,1524.09,35.74,-41.64,-47.02,-72.26,-29.96,13.44,106.73,-0.06,-2.24,-27.47,705.37,32.03,32.08,1470.52,29.63,30.02,1.4,960.92,29.95,-38.68,-41.98,-53.4,-25.77,8.37,107.87,-0.08,-18.04,-7.61,704.08,31.26,31.34,1438.15,27.24,30.04,1.5,1033.17,26.7,-34.74,-38.42,-50.45,-25.02,9.48,109.46,-0.12,-14.95,-5.63,-1.42,-1.2,-0.13,21,0,0
540,1,540,948.78,34.1,34.27,1997.51,37.61,33.03,1.51,1620.28,34.85,-48.81,-42.08,-77.05,-30.41,12.51,113.02,-0.08,-36.64,-27.48,961.28,33.93,33.93,1925.96,37.34,33.03,1.51,1545.7,35.37,-41.81,-48.14,-72.25,-29.23,13.15,113.21,-0.06,-33.03,-20.64,717.84,31.99,32.03,1466.76,29.4,30.01,1.41,965.1,29.77,-40.09,-44.56,-52.92,-24.12,8.24,110.77,-0.08,-30.42,-8.51,716.95,31.23,31.27,1427.81,27.04,30.03,1.51,1017.88,27.06,-35.43,-38.11,-53.31,-23.78,9.43,112.74,-0.11,-24.27,-7.14,-21.92,-1.23,-0.12,21,0,0
541,1,541,890.78,34.04,34.25,1998.64,37.43,33.04,1.5,1640.34,34.5,-44.2,-38.44,-76.81,-29.69,12.86,106.95,-0.09,-3.83,-30.36,900.91,33.93,33.97,1923.85,37.73,33.04,1.5,1559.51,35.16,-42.59,-45.84,-72.34,-28.65,13.5,108.08,-0.07,-2.43,-27.03,672.4,32.04,32.08,1446.91,30.2,30.01,1.39,964.13,29.8,-39.63,-43.31,-53.85,-23.51,8.58,107.6,-0.07,-19.02,-7.76,671.89,31.26,31.36,1403.86,28.07,30.03,1.49,1024.95,26.88,-36.19,-36.76,-51.73,-23.28,9.65,109.26,-0.13,-16.41,-6.13,-1.39,-1.19,-0.13,21,0,0
542,1,542,932.96,34.09,34.25,1975.3,37.9,33.03,1.49,1605.8,35.13,-48.33,-43.55,-76.92,-31.57,13.11,106.45,-0.08,-3.5,-30.03,946.3,33.82,33.78,1887.18,36.77,33.02,1.5,1523,35.79,-43.22,-46.91,-72.22,-29.84,13.73,107,-0.05,-2.1,-26.97,719.89,31.93,31.97,1480.2,28.71,30.02,1.41,974.93,29.51,-41.84,-42.21,-53.53,-25.38,8.76,106.02,-0.08,-18.06,-7.79,719.53,31.18,31.23,1441.91,26.49,30.04,1.5,1037.62,26.6,-33.41,-37.69,-52.07,-24.53,9.82,107.45,-0.12,-15.18,-6.02,-1.39,-1.19,-0.13,21,0,0
543,1,543,902.01,34.13,34.31,1995.18,38.04,33.04,1.51,1625.86,34.79,-46.06,-43.51,-76.72,-29.38,12.66,110.96,-0.09,-3.28,-30.16,913.67,33.89,33.89,1913.69,37.19,33.04,1.51,1551.76,35.33,-41.71,-48.46,-72.22,-28.43,13.29,110.52,-0.06,-1.87,-27.77,688.94,31.95,31.99,1457.02,29.37,30.01,1.42,966.15,29.73,-41.69,-44.01,-54.51,-23.03,8.23,109.86,-0.08,-18.82,-8.3,688.63,31.28,31.37,1427.31,27.66,30.04,1.51,1041.08,26.51,-34.38,-38.17,-52.67,-22.93,9.3,113.58,-0.12,-16.09,-6.75,-1.37,-1.19,-0.12,21,0,0
544,1,544,919.33,33.96,34.14,2024.15,36.03,33.03,1.52,1669.78,33.82,-42.12,-37.47,-77.04,-32.05,13.03,103.68,-0.09,-3.19,-29.92,932.7,33.92,33.98,1973.01,36.8,33.03,1.51,1602.24,34.19,-42.32,-47.68,-72.39,-30.26,13.63,104.47,-0.08,-1.8,-27.56,709.77,31.92,31.96,1466.28,28.97,30.02,1.4,976.97,29.45,-41.35,-46.94,-53.31,-25.99,8.97,103.17,-0.08,-20.32,-8.11,708.87,31.23,31.32,1439.78,27.13,30.02,1.51,1054.86,26.07,-34.93,-35.51,-52.1,-25.08,9.88,104.72,-0.13,-17.67,-6.52,-1.38,-1.19,-0.13,21,0,0
545,1,545,923.58,34.04,34.2,1992.16,37.19,33.03,1.51,1632.34,34.62,-49.13,-41.42,-76.9,-30.2,12.61,111.07,-0.09,-3.57,-30.23,936.16,33.85,33.84,1913.02,36.81,33.04,1.51,1552.35,35.28,-40.94,-46.91,-72.35,-28.92,13.3,110.93,-0.06,-2.16,-26.88,709.6,31.99,32.03,1469.83,29.34,30.02,1.41,974.37,29.55,-39.46,-42.13,-53.82,-23.95,8.37,109.38,-0.08,-20.24,-7.78,708.85,31.24,31.31,1429.62,27.25,30.03,1.51,1032.22,26.68,-34.95,-37.09,-52.09,-23.58,9.48,111.43,-0.12,-17.83,-6.26,-1.38,-1.19,-0.12,21,0,0
546,1,546,904.34,34.15,34.33,2011.77,37.93,33.04,1.51,1638.85,34.56,-46.02,-41.79,-76.88,-28.89,12.65,110.47,-0.09,-3.27,-30.04,911.83,33.94,33.96,1926.45,37.54,33.03,1.51,1552,35.21,-43.13,-46.88,-72.21,-28.17,13.29,111.47,-0.06,-1.89,-26.97,679.4,32.03,32.08,1453.45,30.02,30.01,1.41,970.88,29.6,-40.28,-43.03,-53.7,-22.8,8.27,109.87,-0.07,-19.21,-7.68,678.91,31.32,31.43,1419.74,28.19,30.03,1.51,1033.77,26.63,-35.36,-37.24,-52.17,-22.75,9.4,112.69,-0.13,-16.77,-6.07,-1.38,-1.19,-0.12,21,0,0
547,1,547,938.06,34.06,34.23,1974.27,37.77,33.04,1.51,1608.24,35.18,-47.49,-41.23,-77,-29.87,12.53,111.77,-0.08,-3.43,-30.1,944.84,33.9,33.9,1893.72,37.69,33.04,1.51,1527.5,35.85,-42.59,-46.76,-72.24,-28.83,13.2,112.76,-0.06,-2.02,-27.56,699.62,31.94,31.98,1459.25,29.21,30.02,1.42,970.14,29.62,-39.39,-46.3,-54.67,-23.63,8.5,107.97,-0.08,-18.97,-8.19,698.91,31.28,31.34,1429.66,27.46,30.03,1.51,1038.23,26.53,-34.57,-36.65,-52.71,-23.36,9.49,109.97,-0.12,-16.28,-6.71,-1.37,-1.18,-0.12,21,0,0
548,1,548,911.98,34.11,34.28,2013.94,37.45,33.03,1.51,1645.12,34.34,-44.99,-42.83,-76.87,-30.63,12.75,107.51,-0.09,-3.7,-30.4,924.84,33.91,33.92,1944.89,36.83,33.04,1.51,1573.44,34.82,-43.24,-47.43,-72.36,-29.11,13.41,107.98,-0.06,-2.3,-26.96,699.33,32,32.04,1462.32,29.59,30.01,1.41,975.17,29.46,-39.92,-43.86,-53.28,-24.53,8.68,105.7,-0.08,-19.91,-7.74,699.14,31.26,31.35,1421.52,27.66,30.03,1.51,1034.21,26.63,-34.32,-35.86,-51.82,-23.9,9.64,107.43,-0.12,-17.45,-6.12,-1.37,-1.19,-0.12,21,0,0
549,1,549,895.13,34.09,34.29,1998.87,37.77,33.02,1.49,1635.07,34.5,-42.33,-40.61,-76.94,-30.09,13.23,104.67,-0.09,-3.62,-30.76,902.73,33.89,33.92,1911.21,37.53,33.04,1.5,1557.94,35.22,-41.96,-47.01,-72.32,-28.97,13.79,104.77,-0.07,-2.18,-27.87,678.07,32.03,32.08,1455.38,29.96,30.02,1.39,972.86,29.55,-39.65,-41.64,-54.66,-23.77,9.12,103.72,-0.07,-20.19,-8.22,677.44,31.29,31.39,1413.61,28.06,30.02,1.48,1030.35,26.68,-34.78,-37.9,-52.34,-23.28,10.02,105.31,-0.13,-17.82,-6.98,-1.38,-1.19,-0.13,21,0,0
550,1,550,944.37,34.04,34.21,2011.89,36.85,33.03,1.51,1654.31,34.17,-45.6,-41.42,-76.91,-30.78,13.02,105.03,-0.09,-3.41,-29.67,945.65,33.86,33.87,1936.15,36.57,33.03,1.51,1578.9,34.66,-40.24,-47.45,-72.13,-29.51,13.58,105.78,-0.07,-1.99,-27.03,711.08,31.88,31.92,1458.71,28.81,30.01,1.41,976.48,29.41,-40.49,-47.46,-52.74,-24.33,8.81,105.36,-0.08,-21.07,-7.9,710.22,31.15,31.2,1419.24,26.79,30.04,1.51,1034.28,26.66,-33.82,-36.04,-52.22,-23.91,9.74,107.66,-0.11,-18.7,-6.35,-1.39,-1.2,-0.13,21,0,0
