Header Section,,,,,,,,,,,,,,,,,,,,,,,,,,,,,,,,,,,,,,,,,,,,,,,,,,,,,,,,,,,,,,
Product,VC7582,,,,,,,,,,,,,,,,,,,,,,,,,,,,,,,,,,,,,,,,,,,,,,,,,,,,,,,,,,,,,
Test Plan,Rev(-),,,,,,,,,,,,,,,,,,,,,,,,,,,,,,,,,,,,,,,,,,,,,,,,,,,,,,,,,,,,,
Release Date,2013/9/24 18:06,,,,,,,,,,,,,,,,,,,,,,,,,,,,,,,,,,,,,,,,,,,,,,,,,,,,,,,,,,,,,
Comment,"1~30 generatr in Sigurd, 31~65 generate in Gerad,22013/11/27, 201~230 for Rev1.0.6 ,101~140 generate in JCET,2014/1/24, 141~175 Generate in GeradVC7582E4.14.1, 2014/3/6, #261~295 generated in Gerad7582E2.4.1,2014/3/21",,,,,,,,,,,,,,,,,,,,,,,,,,,,,,,,,,,,,,,,,,,,,,,,,,,,,,,,,,,,,
,,,,,,,,,,,,,,,,,,,,,,,,,,,,,,,,,,,,,,,,,,,,,,,,,,,,,,,,,,,,,,
Data Section,,,,,,,,,,,,,,,,,,,,,,,,,,,,,,,,,,,,,,,,,,,,,,,,,,,,,,,,,,,,,,
Device#,1,2,3,4,5,6,7,8,9,10,11,12,13,14,15,16,17,18,19,20,21,22,23,24,25,26,27,28,29,30,31,32,33,34,35,36,37,38,39,40,41,42,43,44,45,46,47,48,49,50,51,52,53,54,55,56,57,58,59,60,61,62
Test Item,Site No,Device ID,GSM824 Idle Current,GSM824 Max Pout @ 0dBm Drive,GSM824 Max Pout,GSM824 Max Icc,GSM824 Max PAE,GSM824 Rated Pout,GSM824 Rated Vramp,GSM824 Rated Icc,GSM824 Rated PAE,GSM824 2nd har@33dBm,GSM824 3rd har@33dBm,GSM824 Fwd Isolation 1,GSM824 Fwd Isolation 2,GSM824 Pout Leakage@RX1,GSM824 Pout Leakage@RX2,GSM824 CMOS Pout,GSM824 Pout Slope,GSM824 Stress Delta,GSM915 Idle Current,GSM915 Max Pout @ 0dBm Drive,GSM915 Max Pout,GSM915 Max Icc,GSM915 Max PAE,GSM915 Rated Pout,GSM915 Rated Vramp,GSM915 Rated Icc,GSM915 Rated PAE,GSM915 2nd har@33dBm,GSM915 3rd har@33dBm,GSM915 Fwd Isolation 1,GSM915 Fwd Isolation 2,GSM915 Pout Leakage@RX1,GSM915 Pout Leakage@RX2,GSM915 CMOS Pout,GSM915 Pout Slope,GSM915 Stress Delta,DCS1910 Idle Current,DCS1910 Max Pout @ 0dBm Drive,DCS1910 Max Pout,DCS1910 Max Icc,DCS1910 Max PAE,DCS1910 Rated Pout,DCS1910 Rated Vramp,DCS1910 Rated Icc,DCS1910 Rated PAE,DCS1910 2nd har@30dBm,DCS1910 3rd har@30dBm,DCS1910 Fwd Isolation 1,DCS1910 Fwd Isolation 2,DCS1910 Pout Leakage@RX1,DCS1910 Pout Leakage@RX2,DCS1910 CMOS Pout,DCS1910 Pout Slope,DCS1910 Stress Delta,Insertion Loss Rx1,Insertion Loss Rx2,Leakage Current,Leakage Current Delay Time,Test Time,Index Time
Low Tolerance,,,60,0.3,0.3,60,,,,60,,2,2,3,2,3,3,,,,60,0.3,0.3,60,,,,60,,2,2,3,2,3,3,,,,60,0.3,0.3,60,,,,60,,3,3,3,3,3,3,,,,0.3,0.3,5,,,
High Tolerance,,,60,0.3,0.3,60,,,,60,,2,2,3,2,3,3,,,,60,0.3,0.3,60,,,,60,,2,2,3,2,3,3,,,,60,0.3,0.3,60,,,,60,,3,3,3,3,3,3,,,,0.3,0.3,5,,,
Enable,,,1,1,1,1,0,0,0,1,0,1,1,0,1,1,1,0,0,0,1,1,1,1,0,0,0,1,0,1,1,0,1,1,1,0,0,0,1,1,1,1,0,0,0,1,0,1,1,1,1,1,1,0,0,0,1,1,1,0,0,0
1,1,1,805.49,34.16,34.33,1956.58,39.55,33.03,1.51,1610.92,35.62,-43.4,-34.75,-74,-27.16,-6.75,-17.41,12.28,110.29,-0.09,813.78,34.18,34.37,1888,41.35,33.02,1.5,1542.72,37.1,-40.07,-43.75,-64.35,-26.91,-5.77,-15.54,13.09,111.46,-0.09,983.3,31.74,32.03,1203.31,37.91,30.02,1.42,880.36,32.57,-45.73,-41.98,-50.63,-25.05,-13.11,-6.29,8.98,135.57,-0.08,-1.28,-1.08,0.04,5,0,0
2,1,2,792.76,34.23,34.37,1885.02,41.49,33.04,1.48,1554.33,37.01,-44.46,-35.23,-74.39,-27.15,-6.78,-17.41,12.62,106.93,-0.09,800.96,34.11,34.2,1788.06,42.01,33.03,1.49,1478.66,38.81,-41.76,-42.3,-61.29,-26.77,-5.75,-15.45,13.38,107.94,-0.08,957.28,31.58,32.03,1205.15,37.81,30.03,1.43,886.97,32.44,-48.02,-42.27,-50.57,-27.05,-12.72,-6.39,8.8,132.33,-0.08,-1.28,-1.08,0.04,5,0,0
3,1,3,798.19,34.14,34.28,1852.12,41.31,33.04,1.5,1541.44,37.32,-47.31,-33.01,-74.15,-27.42,-6.53,-17.26,12.69,104.94,-0.08,806,34.13,34.24,1795.72,42.23,33.02,1.5,1478.98,38.71,-40.74,-41.71,-61.14,-26.83,-5.54,-15.4,13.39,105.79,-0.08,958.07,31.58,32,1198.89,37.75,30.04,1.44,883.39,32.6,-48.64,-41.75,-50.71,-28.14,-11.53,-6.37,8.9,129.88,-0.08,-1.28,-1.08,0.04,5,0,0
4,1,4,806.35,34.31,34.43,1848.93,42.81,33.03,1.48,1506.85,38.12,-47.31,-35.53,-74.16,-27.42,-7.01,-17.3,12.66,108.39,-0.09,812.57,34.16,34.17,1757.86,42.42,33.05,1.49,1446.25,39.87,-40.94,-41.73,-61.38,-26.76,-5.93,-15.21,13.46,109.16,-0.07,969.14,31.71,32.06,1205.6,38.07,30.03,1.42,884.02,32.56,-48.25,-43.76,-51.06,-28.31,-11.89,-6.37,9.07,129.69,-0.08,-1.3,-1.08,0.04,5,0,0
5,1,5,799.78,34.27,34.42,1908.32,41.41,33.03,1.48,1560.34,36.81,-45.1,-35.67,-74.08,-27.33,-6.83,-17.32,12.88,103.19,-0.09,808.6,34.24,34.29,1803.42,42.55,33.02,1.47,1473.93,38.88,-40.4,-43.32,-63.87,-26.86,-5.82,-15.41,13.71,104.62,-0.07,973.89,31.76,32.12,1220.2,38.19,30.05,1.42,889.52,32.46,-46.75,-42.51,-50.82,-27.21,-11.73,-6.1,9.1,130.15,-0.08,-1.28,-1.07,0.04,5,0,0
6,1,6,794.42,34.24,34.37,1857.6,42.02,33.04,1.48,1522.83,37.82,-47.59,-35.4,-73.94,-27.17,-6.63,-17.33,12.78,106.55,-0.09,804.6,34.19,34.21,1769.11,42.57,33.03,1.49,1449.9,39.57,-41.14,-42.43,-63.44,-26.81,-5.61,-15.36,13.54,107.62,-0.07,975.24,31.74,32.03,1190.12,38.3,30.04,1.42,869.7,33.14,-45.75,-43.76,-50.59,-26.58,-12.72,-6.25,8.86,136.97,-0.07,-1.28,-1.07,0.04,5,0,0
7,1,7,810.52,34.24,34.37,1871.69,41.71,33.04,1.49,1536.14,37.46,-44.58,-35.14,-74.18,-27.32,-7.04,-17.46,12.65,108.56,-0.09,817.5,34.22,34.23,1784.46,42.42,33.03,1.49,1459.19,39.37,-40.36,-43.65,-61.6,-26.92,-5.98,-15.5,13.4,109.25,-0.07,975.7,31.73,32.07,1216.94,37.8,30.03,1.43,888.62,32.39,-45.43,-41.97,-50.91,-27.02,-13.43,-6.73,8.98,133.41,-0.08,-1.29,-1.08,0.04,5,0,0
8,1,8,778.62,34.19,34.35,1920.77,40.52,33.03,1.51,1583.25,36.23,-44.19,-35.73,-74.1,-26.85,-6.93,-17.66,12.3,110.36,-0.09,790.35,34.15,34.3,1832.97,41.91,33.04,1.5,1509.19,38.12,-41.55,-42.9,-64.19,-26.59,-5.85,-15.69,13.13,111.31,-0.08,972.42,31.79,32.13,1229.79,37.9,30.01,1.42,896.36,31.95,-49.99,-42.01,-51.24,-24.77,-14.67,-6.3,8.8,137.38,-0.08,-1.29,-1.08,0.04,5,0,0
9,1,9,800.57,34.27,34.41,1884.16,41.83,33.03,1.48,1537.16,37.34,-43.66,-35.46,-74.15,-27.24,-6.34,-17.59,12.76,106.18,-0.09,810.35,34.22,34.27,1797.47,42.48,33.03,1.47,1461.72,39.26,-39.59,-42.67,-63.96,-26.68,-5.33,-15.53,13.59,106.97,-0.07,989.94,31.83,32.13,1218.49,38.27,30.02,1.41,876.01,32.8,-47.19,-44.07,-50.79,-27.36,-12.94,-5.89,9.02,131.74,-0.07,-1.3,-1.07,0.04,5,0,0
10,1,10,802.42,34.27,34.45,1990.04,39.97,33.02,1.5,1606.79,35.67,-42.35,-35.96,-73.92,-27.46,-6.74,-17.7,12.24,109.48,-0.1,810.62,34.14,34.34,1890.45,41.03,33.02,1.51,1544.27,37.05,-41.26,-43.28,-63.94,-26.94,-5.72,-15.8,13.11,109.83,-0.09,976.9,31.83,32.18,1247.96,37.8,30.04,1.43,905.63,31.86,-49.43,-42.44,-51.19,-27.41,-13.81,-6.37,8.64,135.43,-0.08,-1.3,-1.09,0.04,5,0,0
11,1,11,810.01,34.19,34.32,1847.36,41.86,33.04,1.49,1525.88,37.72,-47.64,-33.76,-74.49,-26.95,-6.41,-17.21,12.35,111.65,-0.08,817.65,34.19,34.28,1786.32,42.83,33.02,1.49,1461.94,39.16,-41.64,-42.92,-61.33,-26.82,-5.36,-15.26,13.03,111.73,-0.08,970.13,31.74,32.14,1232,37.96,30.03,1.43,898.31,32.01,-51.76,-43.35,-51.18,-25.22,-12.45,-6.23,8.5,138.61,-0.08,-1.3,-1.08,0.04,5,0,0
12,1,12,799.02,34.21,34.35,1892.46,41.13,33.02,1.49,1559.99,36.74,-43.93,-34.28,-74.16,-26.52,-7.04,-17.44,12.55,108.46,-0.09,807.75,34.21,34.31,1819.12,42.32,33.03,1.49,1490.33,38.55,-39.76,-42.89,-63.14,-26.3,-5.99,-15.38,13.29,109.38,-0.08,965.23,31.73,32.08,1200.01,38.47,30.01,1.42,873.03,32.83,-47.6,-42.49,-50.53,-23.8,-12.73,-6.05,8.72,138.43,-0.07,-1.28,-1.08,0.04,5,0,0
13,1,13,805.46,34.22,34.36,1896.1,41.14,33.04,1.49,1558.57,36.9,-42.99,-34.74,-74,-27.17,-6.66,-17.59,12.65,107.45,-0.09,813.16,34.16,34.25,1802.96,42.14,33.03,1.49,1482.98,38.7,-41.13,-42.04,-63.22,-26.86,-5.61,-15.58,13.43,108.25,-0.07,972.65,31.77,32.11,1218.19,38.09,30.02,1.42,885.93,32.39,-48.43,-42.43,-50.73,-26.55,-13.16,-6.27,8.98,134.98,-0.08,-1.28,-1.08,0.04,5,0,0
14,1,14,799.66,34.21,34.35,1883.88,41.25,33.04,1.5,1554.23,37.01,-44.96,-34.63,-74.26,-27.15,-6.61,-17.39,12.49,107.72,-0.09,807.23,34.19,34.31,1815.9,42.44,33.03,1.5,1489.03,38.55,-41.16,-43.06,-63.89,-26.8,-5.62,-15.4,13.26,108.09,-0.08,961.83,31.82,32.18,1247.89,37.84,30.02,1.43,908.17,31.59,-49.46,-44.92,-51.08,-26.46,-12.37,-6.08,8.81,134.83,-0.08,-1.28,-1.07,0.04,5,0,0
15,1,15,802.39,34.24,34.38,1884.12,41.57,33.04,1.47,1550.3,37.14,-44.81,-35.47,-74.25,-27.42,-6.57,-17.37,13.24,101.21,-0.09,810.75,34.23,34.27,1787.5,42.73,33,1.46,1459.84,39.08,-40.68,-43.53,-62.03,-27.08,-5.56,-15.45,13.97,101.66,-0.07,978.33,31.71,32.04,1192.84,38.33,30.04,1.4,875.61,32.92,-45.29,-42,-51.05,-26.59,-12.98,-6.24,9.8,121.28,-0.07,-1.29,-1.08,0.04,5,0,0
16,1,16,789.55,34.2,34.33,1883.69,41.14,33.03,1.49,1552.14,37.01,-45.06,-34.11,-73.69,-27.2,-6.41,-17.3,12.53,108.06,-0.09,800.34,34.25,34.29,1811.02,42.41,33.04,1.49,1478.96,38.86,-39.29,-43.2,-64.59,-26.84,-5.39,-15.38,13.38,109.78,-0.07,978.17,31.82,32.16,1243.22,37.82,30.03,1.42,902.79,31.88,-48.8,-41.85,-51.4,-26.44,-12.58,-6.14,8.84,134.51,-0.08,-1.29,-1.08,0.04,5,0,0
17,1,17,804.22,34.26,34.39,1903.44,41.28,33.04,1.49,1558.59,36.88,-43.69,-35.36,-74.03,-26.6,-6.29,-17.49,12.38,110.76,-0.09,811.9,34.22,34.26,1802.25,42.29,33.04,1.49,1474.09,38.99,-40.72,-43.29,-63.52,-26.52,-5.27,-15.5,13.25,110.99,-0.07,982.83,31.74,32.03,1189.58,38.32,30.01,1.41,865.33,33.12,-43.73,-41.75,-50.57,-24.92,-12,-6.09,8.78,138.94,-0.07,-1.29,-1.08,0.04,5,0,0
18,1,18,813.24,34.13,34.27,1874.56,40.76,33.04,1.5,1551.53,37.08,-45.32,-33.4,-73.99,-27.16,-6.97,-17.44,12.6,108.14,-0.09,819.45,34.24,34.33,1818.6,42.53,33.03,1.49,1484.92,38.66,-40.64,-43.1,-62.8,-26.81,-5.96,-15.45,13.31,109.23,-0.08,978.09,31.74,32.08,1221.08,37.79,30.03,1.42,889.92,32.31,-47.89,-42.36,-50.62,-26.99,-12.41,-6.46,8.98,133.33,-0.08,-1.27,-1.08,0.04,5,0,0
19,1,19,792.64,34.18,34.34,1916.78,40.45,33.03,1.5,1581.65,36.33,-43.25,-34.5,-73.96,-27.4,-6.72,-17.52,12.35,109.33,-0.09,804.67,34.19,34.35,1862.24,41.77,33.03,1.49,1522.37,37.68,-39.94,-42.37,-63.68,-27.03,-5.71,-15.54,13.17,111.61,-0.08,987.82,31.85,32.16,1229.46,38.22,30.05,1.41,887,32.57,-51.73,-44.3,-50.76,-26.84,-13.08,-5.9,8.82,136.62,-0.07,-1.29,-1.07,0.04,5,0,0
20,1,20,792.76,34.16,34.35,1942.77,40.02,33.03,1.5,1602.91,35.78,-42.25,-34.74,-74.09,-27.63,-6.62,-17.47,12.55,105.68,-0.09,801.86,34.01,34.26,1854.37,41.05,33.03,1.51,1537.2,37.35,-40.29,-41.27,-62.59,-27.01,-5.63,-15.53,13.38,107.38,-0.09,961.31,31.71,32.08,1224.41,37.69,30.03,1.43,894.92,32.12,-46.46,-43.79,-50.69,-27.83,-13.02,-6.13,8.9,131.62,-0.08,-1.29,-1.08,0.04,5,0,0
21,1,21,807.87,34.14,34.3,1944.26,39.52,33.04,1.51,1610.09,35.71,-42.48,-33.91,-74.28,-27.79,-6.45,-16.83,12.54,105,-0.09,814.82,34.16,34.36,1895.43,41.11,33.03,1.5,1555.35,36.91,-40.01,-42.96,-63.8,-27.29,-5.46,-14.95,13.3,106.21,-0.09,987.35,31.86,32.17,1235.89,38.12,30.03,1.42,890.34,32.33,-51.37,-43.74,-50.73,-27.78,-12.69,-5.6,8.9,132.04,-0.07,-1.29,-1.09,0.04,5,0,0
22,1,22,781.09,34.17,34.32,1910.72,40.45,33.03,1.5,1580.88,36.3,-43.29,-35.26,-74.04,-27.47,-6.23,-17.7,12.14,110.76,-0.09,792.51,34.17,34.29,1834.95,41.83,33.03,1.5,1508.76,38.06,-40.42,-42.63,-63.76,-26.92,-5.24,-15.6,13.05,112.82,-0.08,982.52,31.86,32.19,1245.88,37.94,30.02,1.42,894.93,32.07,-48.77,-42.9,-51.26,-27.43,-13.09,-5.77,8.41,138.66,-0.07,-1.27,-1.06,0.04,5,0,0
23,1,23,786.87,34.15,34.33,1921.3,40.33,33.02,1.51,1587.06,36.11,-46.86,-35.41,-74.34,-27.37,-6.47,-17.58,12.34,107.4,-0.09,796.25,34.15,34.33,1836.32,42.18,33.03,1.49,1503.56,38.21,-40.22,-43.04,-64.07,-26.75,-5.44,-15.78,13.25,108.59,-0.09,955.18,31.65,32.05,1199.69,38.16,30.04,1.43,880.58,32.76,-50.18,-43.25,-50.54,-26.65,-14.29,-6.14,8.77,134.54,-0.08,-1.31,-1.09,0.04,5,0,0
24,1,24,813.12,34.24,34.37,1868.42,41.85,33.02,1.48,1528.83,37.42,-43.63,-35.17,-74.17,-26.73,-6.5,-17.62,12.67,109.59,-0.08,820.16,34.19,34.25,1787.59,42.51,33.01,1.49,1462.89,39.06,-40.09,-42.43,-63.4,-26.64,-5.45,-15.42,13.37,110.05,-0.07,971.8,31.86,32.19,1238.71,38.16,30.03,1.42,898.59,31.99,-48.09,-42.85,-50.95,-25.09,-11.93,-5.83,8.75,138.56,-0.08,-1.3,-1.08,0.04,5,0,0
25,1,25,798.15,34.2,34.35,1933.31,40.25,33.04,1.5,1591.53,36.15,-43.39,-34.35,-73.91,-27.44,-6.35,-17.57,12.42,109.03,-0.09,804.69,34.21,34.37,1868.3,41.84,33.03,1.49,1523.06,37.68,-40.56,-42.37,-63.39,-27.04,-5.37,-15.56,13.25,110.06,-0.09,987.16,31.78,32.07,1205.06,38.16,30.02,1.42,869.31,33.01,-45.69,-42.71,-50.62,-26.79,-13.04,-5.93,8.6,137.54,-0.07,-1.27,-1.07,0.04,5,0,0
26,1,26,801.73,34.15,34.3,1874.71,40.98,33.03,1.5,1552.08,37.02,-44.89,-34.89,-73.98,-27.22,-6.7,-17.56,12.41,109.67,-0.09,809.12,34.2,34.31,1812.78,42.52,33.03,1.49,1485.76,38.67,-40.91,-43.9,-63.58,-26.84,-5.67,-15.57,13.15,110.33,-0.08,974.74,31.81,32.14,1221.43,38.25,30.04,1.42,887.83,32.46,-47.66,-43.11,-51.02,-26.15,-12.64,-6.24,8.7,138.45,-0.07,-1.3,-1.09,0.04,5,0,0
27,1,27,809.51,34.25,34.38,1861.36,42.06,33.03,1.47,1519.76,37.76,-45.72,-34.8,-73.75,-27.18,-6.55,-17.34,12.99,105.1,-0.08,816.4,34.23,34.26,1772.14,43.02,33,1.47,1441.44,39.57,-40.57,-43.29,-62.29,-26.59,-5.57,-15.34,13.75,106.61,-0.07,980.3,31.74,32.06,1209.94,37.96,30.03,1.41,884.89,32.54,-43.45,-41.54,-50.62,-27.73,-11.16,-6.4,9.21,131.25,-0.08,-1.27,-1.07,0.04,5,0,0
28,1,28,795.69,34.17,34.35,1939.49,40.13,33.04,1.5,1602,35.88,-43.71,-35.07,-73.82,-27.46,-6.74,-17.89,12.58,106.25,-0.09,803.9,34.12,34.29,1851.34,41.43,33.03,1.49,1529.37,37.56,-41.05,-42.13,-63.34,-27.23,-5.68,-15.92,13.38,106.95,-0.09,971.18,31.74,32.04,1190.3,38.42,30.02,1.41,868.49,33.06,-45.12,-42.43,-50.88,-25.82,-14.28,-6.5,8.99,134.49,-0.07,-1.29,-1.08,0.04,5,0,0
29,1,29,794.22,34.18,34.32,1884.74,40.97,33.04,1.49,1558.66,36.9,-46.19,-34.24,-73.99,-27.59,-6.33,-17.35,12.74,104.69,-0.08,804.92,34.21,34.32,1821.62,42.41,33.04,1.49,1491.33,38.53,-41.12,-42.84,-64.01,-26.97,-5.34,-15.53,13.54,105.92,-0.08,983.48,31.82,32.13,1226.48,38.08,30.01,1.41,887.36,32.25,-48.13,-42.55,-51.21,-28.08,-11.87,-6.21,9.1,129.95,-0.07,-1.31,-1.08,0.04,5,0,0
30,1,30,811.93,34.27,34.41,1914.41,41.19,33.04,1.49,1562.78,36.8,-44.03,-35.53,-73.43,-26.37,-6.95,-17.61,12.08,114.5,-0.09,820.34,34.25,34.32,1828.21,42.28,33.04,1.48,1490.2,38.59,-40.49,-43.3,-64.52,-26.34,-5.91,-15.5,12.95,115.31,-0.08,992.33,31.86,32.15,1223.55,38.33,30.03,1.41,885.45,32.45,-47,-43.04,-50.38,-24.4,-12.04,-6.03,8.58,142.42,-0.07,-1.3,-1.08,0.04,5,0,0
31,1,31,858.91,34.06,34.17,1930.08,36.95,33.03,1.52,1615.4,34.66,-38.96,-38.27,-84.96,-29.08,-3.99,-16.17,12.56,110.25,-0.09,872.3,33.85,34.02,1904.69,38.24,33.03,1.52,1576.32,35.39,-40.88,-39.84,-64.52,-28.9,-3.05,-14.55,13.11,111.79,-0.09,1010.32,31.38,31.7,1246.09,32.71,30.04,1.46,929.13,30.39,-40.1,-42.43,-53.16,-26.53,-13.38,-7.28,8.74,139.59,-0.08,-1.4,-1.43,0.05,5,0,0
32,1,32,858.74,33.96,34.1,1883.82,37.24,33.04,1.51,1572.7,35.66,-42.73,-34.98,-84.99,-27.85,-4.01,-15.75,12.83,112.33,-0.09,872.57,33.92,33.96,1851.85,38.8,33.01,1.49,1520.55,36.5,-40.51,-39.11,-62.97,-27.95,-3.08,-14.05,13.29,114.2,-0.07,1049.86,31.5,31.81,1322.84,31.56,30.04,1.46,972.5,29.02,-39.23,-37.26,-54.13,-25.39,-9.36,-7.33,8,148.54,-0.08,-1.42,-1.42,0.05,5,0,0
33,1,33,899.73,34.04,34.17,1862.19,38.31,33.03,1.5,1532.83,36.48,-41.35,-36.6,-89.93,-27.63,-3.91,-15.81,12.95,111.08,-0.08,874.86,33.82,33.81,1804.23,38.53,33.03,1.5,1492.05,37.3,-41.44,-38.49,-61.53,-27.79,-3,-14,13.43,112.16,-0.06,1055.01,31.52,31.85,1334.99,31.51,30.03,1.46,980.95,28.77,-39.41,-38.78,-54.55,-24.92,-9.35,-7.19,8.14,144.44,-0.09,-1.38,-1.38,0.05,5,0,0
34,1,34,824.99,33.83,33.97,1854.96,36.69,33.03,1.52,1575.35,35.56,-40.61,-34.51,-90.79,-28.95,-3.74,-15.82,12.75,109.72,-0.08,838.91,33.81,33.85,1809.35,38.75,33.01,1.5,1509.53,36.79,-40.46,-38.76,-62.19,-28.76,-2.89,-14.1,13.31,112.03,-0.06,1021.74,31.32,31.63,1279.16,31.31,30.03,1.47,952.32,29.58,-39.37,-37.36,-54.33,-27.94,-9.64,-7.07,8.34,136.74,-0.08,-1.39,-1.39,0.06,5,0,0
35,1,35,858.36,33.99,34.1,1953.3,35.87,33.03,1.53,1642.41,34.07,-38.89,-36.92,-90.49,-29.46,-3.77,-16.2,12.5,109.68,-0.1,870.26,33.93,34.02,1922.87,37.9,33.04,1.52,1587.96,35.2,-41.02,-40.8,-62.39,-29.25,-2.85,-14.47,13.13,111.73,-0.08,1050.87,31.53,31.85,1298.93,32.45,30.02,1.45,951.7,29.53,-39.73,-43.79,-52.88,-27.41,-12.39,-7.25,8.48,140.95,-0.08,-1.4,-1.41,0.06,5,0,0
36,1,36,849.94,33.87,33.99,1962.8,34.81,33.03,1.54,1687.23,33.25,-37.8,-35.07,-86.11,-29.82,-3.92,-16.37,12.45,109.54,-0.08,861.72,33.82,34.03,1968.37,37.02,33.02,1.52,1646.06,33.88,-41.05,-39.03,-63.57,-29.6,-2.99,-14.76,13.02,112.03,-0.09,1040.92,31.54,31.85,1276.88,33.02,30.03,1.44,935.35,30.14,-40.73,-44.09,-53.47,-27.35,-13.37,-7.36,8.62,140.36,-0.07,-1.41,-1.42,0.05,5,0,0
37,1,37,914.57,33.84,33.99,1870.04,36.57,33.04,1.53,1581.82,35.49,-40.42,-35.13,-82.1,-28.27,-4.04,-15.75,12.75,111.37,-0.09,918.71,33.82,33.88,1826.71,38.64,33.02,1.51,1516.62,36.64,-40.47,-39.33,-63.14,-28.23,-3.12,-14.04,13.24,113.68,-0.07,1046.42,31.27,31.57,1267.94,31.2,30.02,1.47,943.83,29.79,-39.38,-37.2,-53.95,-26.07,-9.76,-6.95,8.51,139.14,-0.07,-1.4,-1.4,0.05,5,0,0
38,1,38,871.63,33.92,34.06,1886.47,36.88,33.04,1.52,1578.95,35.52,-41.85,-35.46,-84.41,-28.89,-3.69,-15.7,12.87,108.7,-0.09,882.68,33.89,33.93,1834.12,38.94,33.02,1.49,1502.35,37.02,-40.39,-39.52,-63.5,-28.61,-2.86,-14.12,13.49,110.36,-0.07,1055.29,31.39,31.71,1299.26,31.41,30.02,1.46,957.83,29.35,-39.34,-36.83,-53.8,-27.47,-10.31,-7.01,8.58,136.2,-0.08,-1.4,-1.41,0.05,5,0,0
39,1,39,847.85,33.87,33.99,1923.62,35.5,33.04,1.54,1646.57,34.08,-38.08,-35.11,-89.53,-27.26,-3.99,-16.2,12.19,116.44,-0.08,860.15,33.88,34.01,1919.41,37.9,33.04,1.51,1601,34.97,-40.69,-39.77,-60.8,-27.32,-3.09,-14.57,12.75,118.57,-0.08,1040.01,31.54,31.83,1279.66,32.83,30.05,1.45,949.16,29.79,-40.21,-46.76,-52.94,-23.49,-11.94,-7.4,8.32,149.25,-0.07,-1.39,-1.42,0.05,5,0,0
40,1,40,836.29,33.86,34,1782.74,38.56,33.01,1.51,1497.7,37.14,-48.54,-36.11,-80.91,-27.69,-3.94,-15.63,13.04,107.89,-0.08,841.65,33.68,33.72,1719.02,39.7,33.02,1.51,1458.29,38.11,-41.45,-39.42,-66.42,-27.56,-2.97,-13.8,13.43,109.74,-0.06,971.84,31.28,31.63,1249.08,32.15,30.04,1.47,940.2,30.05,-38.79,-37.23,-53.32,-25.76,-9.41,-7.12,8.51,137.93,-0.08,-1.41,-1.4,0.05,5,0,0
41,1,41,854.8,33.76,33.91,1876.31,35.82,33.03,1.55,1602.85,34.91,-40.86,-34.05,-83.98,-28.34,-3.88,-15.75,12.5,112.49,-0.09,867.37,33.87,33.93,1851.26,38.59,33.02,1.51,1533.96,36.24,-40.63,-39.25,-63.94,-28.36,-3,-14.12,13.03,114.31,-0.07,1048.11,31.35,31.69,1310.68,30.98,30.03,1.48,971.16,29.01,-40.94,-36.41,-54.66,-25.87,-10.39,-7.08,7.94,145.38,-0.08,-1.4,-1.4,0.06,5,0,0
42,1,42,867.65,33.88,34.02,1882.49,36.61,33.04,1.53,1584.33,35.4,-41.9,-34.6,-81.81,-28.79,-3.76,-15.61,12.62,111.99,-0.09,878.31,33.9,33.95,1844.32,38.93,33.03,1.5,1515.43,36.78,-40.32,-38.35,-65.16,-28.55,-2.91,-14.01,13.23,114.71,-0.07,1051.25,31.37,31.71,1301.06,31.36,30.05,1.47,959.97,29.46,-40.09,-37.37,-54.14,-27.11,-10.12,-7.01,8.24,140.83,-0.08,-1.39,-1.4,0.06,5,0,0
43,1,43,846.37,33.94,34.06,1874.04,37.08,33,1.51,1569.61,35.44,-39.92,-36.61,-82.28,-28.45,-3.86,-15.73,12.65,112.26,-0.08,860.78,33.8,33.83,1827.79,38.22,33.02,1.5,1525.57,36.5,-40.29,-39.08,-64.19,-28.28,-2.95,-14.07,13.22,114.77,-0.06,1042.78,31.34,31.67,1284.88,31.46,30.05,1.47,952.42,29.7,-39.7,-35.93,-53.57,-26.35,-10.03,-6.91,8.24,143.16,-0.08,-1.41,-1.41,0.06,5,0,0
44,1,44,859.5,33.94,34.08,1908.19,36.58,33.03,1.52,1590,35.18,-41.15,-34.45,-88.93,-29.58,-3.87,-15.85,12.86,107.63,-0.1,872.18,33.99,34.06,1883.47,39.02,33.04,1.49,1535.59,36.44,-40.35,-38.58,-63.63,-29.12,-2.98,-14.2,13.48,110.82,-0.07,1055.17,31.51,31.83,1315.42,31.86,30.02,1.45,951.12,29.56,-40.77,-37.97,-54.42,-29.35,-10.09,-6.91,8.45,135.69,-0.08,-1.4,-1.39,0.05,5,0,0
45,1,45,854.04,33.89,34.01,1965.2,34.94,33.02,1.55,1678.54,33.36,-38.23,-34.96,-81.15,-28.09,-4.06,-16.22,12.18,112.8,-0.09,864.35,33.89,34.1,1977.35,37.48,33.01,1.52,1638.18,33.98,-41.14,-40.18,-69.4,-28.21,-3.18,-14.66,12.71,115.77,-0.09,1044.33,31.58,31.89,1285.19,33.14,30.02,1.45,935.96,30.01,-41.4,-44.18,-52.89,-24.58,-13.35,-7.2,8.52,145.78,-0.07,-1.38,-1.4,0.06,5,0,0
46,1,46,853.19,33.99,34.11,1989.52,35.29,33.03,1.55,1678.48,33.37,-38.28,-35.19,-79.88,-27.28,-3.96,-16.06,12.11,114.29,-0.1,862.22,33.92,34.09,1967.8,37.57,33.03,1.53,1627.28,34.3,-41.17,-39.13,-68.42,-27.12,-3.06,-14.53,12.75,116.66,-0.09,1043.4,31.61,31.93,1290.75,33.25,30.02,1.45,944.69,29.76,-41.6,-44.8,-53.03,-23.31,-13.21,-6.88,8.31,149.11,-0.08,-1.37,-1.4,0.06,5,0,0
47,1,47,830.74,33.94,34.06,1951.78,35.6,33.04,1.53,1666.05,33.73,-38.82,-37.19,-82.26,-28.05,-3.81,-16.26,12.15,115.31,-0.09,839.14,33.78,33.91,1898.27,37.46,33.03,1.52,1602.06,34.85,-41.45,-39.42,-66.64,-28.09,-2.9,-14.68,12.85,116.74,-0.08,997.98,31.41,31.71,1234.22,33.18,30.03,1.45,919.91,30.61,-39.83,-45.13,-53.65,-24.54,-12.97,-7.13,8.4,149.52,-0.07,-1.41,-1.42,0.05,5,0,0
48,1,48,851.71,34.07,34.19,1976.57,36.2,33.03,1.53,1652.07,33.89,-38.38,-37.09,-82.9,-29.4,-3.82,-16.39,12.28,112.2,-0.1,857.74,33.92,34.05,1925.69,38.1,33.03,1.52,1590.94,35.09,-40.68,-39.76,-66.86,-29.06,-2.88,-14.73,13.01,113.41,-0.08,1016.74,31.55,31.89,1288.89,33.02,30.03,1.45,945.43,29.81,-40.29,-46,-53.85,-27.41,-12.46,-7.37,8.65,141.77,-0.08,-1.43,-1.44,0.05,5,0,0
49,1,49,831.5,33.91,34.03,1928.42,35.73,33.03,1.53,1641.74,34.13,-38.69,-35.82,-89.78,-27.94,-3.95,-15.92,12.53,113.03,-0.07,847.54,33.84,33.93,1893.81,37.64,33.03,1.51,1585.36,35.23,-41.76,-39.28,-62.79,-28,-3.02,-14.27,13.13,115.31,-0.07,1033.18,31.42,31.71,1254.26,32.62,30.03,1.45,938.82,30.03,-39.12,-45.87,-53.48,-24.26,-11.95,-7.16,8.48,147.24,-0.07,-1.38,-1.39,0.05,5,0,0
50,1,50,862.32,34.09,34.19,1958.59,36.56,33.03,1.51,1630.97,34.36,-39.66,-37.36,-91.48,-29.64,-3.97,-16.12,12.59,109.21,-0.09,872.61,33.96,34.03,1917.44,38.1,33.02,1.5,1570.69,35.47,-40.74,-39.72,-62.46,-29.26,-3.05,-14.49,13.26,111.52,-0.07,1052.3,31.55,31.85,1284.14,32.85,30.03,1.44,938.95,29.99,-39.61,-48.17,-53.15,-28,-12.46,-7.2,8.68,140.09,-0.07,-1.41,-1.42,0.06,5,0,0
51,1,51,857.62,33.97,34.09,1962.97,35.63,33.03,1.53,1652.79,33.92,-39.41,-35.7,-82.09,-29.79,-4.03,-16.01,12.75,106.28,-0.1,869.03,34,34.08,1924.15,38.36,33.04,1.5,1578.68,35.42,-41.04,-40.49,-65.43,-29.32,-3.12,-14.43,13.41,108.59,-0.08,1048.83,31.49,31.83,1286.79,32.64,30.03,1.45,945.1,29.82,-40.42,-46.95,-53.18,-28.23,-11.86,-7.04,8.61,138.34,-0.08,-1.39,-1.41,0.05,5,0,0
52,1,52,856.11,33.82,33.97,1882.92,36.13,33.04,1.53,1603.44,35.01,-39.31,-34.47,-90.65,-28.33,-3.81,-15.75,12.63,111.79,-0.09,850.2,33.86,33.95,1854.02,38.66,33.04,1.5,1540.35,36.25,-40.57,-38.83,-62.79,-28.36,-2.94,-14.18,13.19,113.95,-0.07,1043.58,31.45,31.75,1286.58,32,30.03,1.46,947.64,29.73,-39.64,-37.79,-54.01,-25.69,-9.82,-6.9,8.43,141.18,-0.07,-1.4,-1.39,0.05,5,0,0
53,1,53,888.26,33.93,34.05,1909.32,36.31,33.04,1.52,1612.66,34.78,-38.04,-35.43,-87.78,-28.18,-3.73,-16.06,12.51,112.95,-0.07,894.86,33.85,33.9,1854.65,38.21,33.04,1.51,1545.98,36.14,-40.67,-38.84,-62.43,-28.3,-2.82,-14.32,13.15,114.48,-0.06,1033.14,31.36,31.64,1262.95,31.83,30.05,1.47,935.71,30.21,-38.71,-37.78,-54.63,-25.49,-10.14,-7.03,8.2,147.65,-0.07,-1.38,-1.39,0.05,5,0,0
54,1,54,847.18,33.83,33.96,1882.39,36.09,33.03,1.54,1602.67,34.96,-38.61,-35.04,-84.16,-29.02,-3.68,-15.85,12.35,113.33,-0.08,861.58,33.83,33.93,1862.92,38.34,33.04,1.52,1552.35,36.03,-40.58,-39.11,-63.72,-28.87,-2.81,-14.26,12.91,116.15,-0.07,1046.04,31.42,31.76,1314.32,31.39,30.04,1.47,970.04,29.15,-39.71,-37.26,-54.46,-27.34,-10.18,-7.11,7.88,144.5,-0.09,-1.41,-1.39,0.05,5,0,0
55,1,55,829.38,33.94,34.07,1856.32,37.59,33.04,1.52,1557.1,36.05,-40.42,-36.02,-81.95,-28.48,-3.75,-15.87,12.76,111.49,-0.09,839.99,33.85,33.89,1803.76,39.3,33.01,1.5,1493.38,37.17,-40.58,-39.75,-64.33,-28.36,-2.84,-14.09,13.32,113.72,-0.06,1000.33,31.4,31.71,1271.41,32.16,30.02,1.46,934.77,30.07,-39.76,-37.33,-54.39,-27.25,-10,-6.97,8.29,142.51,-0.08,-1.39,-1.38,0.06,5,0,0
56,1,56,828.36,33.85,34,1828.61,37.53,33.04,1.52,1544.14,36.31,-41.65,-35.21,-83.5,-28.41,-3.83,-15.59,13.02,105.79,-0.09,836.18,33.81,33.86,1768.25,39.81,33.02,1.5,1472.59,37.7,-40.91,-40.04,-63.42,-28.28,-2.92,-13.86,13.5,107.34,-0.06,985.82,31.33,31.69,1282.7,31.67,30.04,1.47,957.27,29.51,-39.27,-37.55,-53.57,-27,-9.82,-7.15,8.55,136,-0.09,-1.39,-1.39,0.06,5,0,0
57,1,57,824.52,33.87,33.99,1869.92,36.62,33.02,1.55,1579.84,35.37,-39.6,-34.32,-85.02,-28.31,-3.83,-15.73,12.3,113.6,-0.09,836.98,33.92,34.02,1865.01,39.05,33.03,1.52,1542.49,36.14,-40.38,-39.18,-65.2,-28.51,-2.91,-13.97,12.8,115.79,-0.08,1021.38,31.42,31.7,1274.81,31.93,30.03,1.48,938.09,30.01,-39.12,-37.44,-54.39,-25.94,-9.76,-6.94,8.03,145.05,-0.08,-1.38,-1.39,0.06,5,0,0
58,1,58,873.97,33.87,34.03,1843.63,37.44,33.03,1.51,1534.66,36.44,-46.5,-34.52,-88.98,-28.75,-4.47,-15.6,13.12,108.64,-0.08,885.86,33.88,33.91,1802.34,39.48,33.02,1.49,1474.91,37.66,-40.9,-38.96,-60.71,-28.66,-3.53,-13.91,13.56,110.24,-0.06,1055.2,31.39,31.68,1292.15,31.38,30.03,1.46,951.17,29.59,-41.94,-35.95,-54.65,-27.48,-10.87,-7.14,8.6,136.87,-0.08,-1.4,-1.41,0.05,5,0,0
59,1,59,850.3,33.88,34.02,1864.76,36.94,33.04,1.53,1565.99,35.78,-40.76,-33.99,-83.02,-28.49,-3.71,-15.53,12.81,110.32,-0.09,861.31,33.9,33.95,1830.38,39.23,33.04,1.5,1506.29,37.07,-40.68,-38.25,-66.32,-28.35,-2.84,-13.91,13.33,111.62,-0.07,1040.16,31.46,31.78,1310.99,31.65,30.05,1.47,965.01,29.32,-39.69,-38.86,-54.5,-26.74,-9.7,-6.93,8.36,141.19,-0.08,-1.39,-1.38,0.05,5,0,0
60,1,60,855.29,34.06,34.16,1874.32,37.97,33.04,1.5,1553.44,36.06,-41.12,-37.2,-81.27,-28.73,-3.62,-15.53,12.61,113.58,-0.08,867.12,33.81,33.82,1830.61,38.06,33.02,1.51,1518.4,36.63,-39.98,-38.14,-65.4,-28.49,-2.73,-13.84,13.21,115.32,-0.06,1040.9,31.39,31.71,1290.14,31.66,30.02,1.46,949.05,29.59,-39.23,-40.42,-54.5,-27.1,-9.52,-6.69,8.14,143.32,-0.08,-1.4,-1.39,0.05,5,0,0
61,1,61,870.54,33.95,34.1,1860.45,37.71,33.04,1.51,1540.5,36.4,-42.67,-35.68,-83.47,-28.89,-3.9,-15.8,12.73,113.63,-0.09,882.38,33.84,33.84,1792.69,39.06,33.02,1.49,1475.29,37.69,-41.45,-39.29,-62.64,-28.55,-2.99,-14.06,13.26,115.24,-0.06,1053.95,31.5,31.83,1328.88,31.55,30.03,1.46,967.16,29.16,-39.89,-37.15,-54,-27.82,-9.56,-7.06,8.12,143.16,-0.09,-1.4,-1.39,0.05,5,0,0
62,1,62,925.46,33.89,34.05,1844.16,37.6,33.01,1.51,1534.29,36.25,-42.89,-35.37,-83.8,-28.61,-4.04,-15.95,12.83,111.74,-0.08,924.98,33.8,33.81,1780.72,39.11,33.03,1.5,1483.35,37.53,-41.54,-39.32,-62.17,-28.42,-3.02,-14.12,13.33,113.18,-0.07,1039.24,31.4,31.7,1284.57,31.72,30.04,1.46,947.84,29.76,-39.28,-36.07,-54.17,-27.37,-9.98,-7.47,8.35,141,-0.08,-1.4,-1.41,0.05,5,0,0
63,1,63,880.49,34,34.12,1929.31,36.52,33.03,1.52,1604.76,34.89,-40.27,-36.44,-82.02,-29.3,-3.78,-15.67,12.54,111.46,-0.1,887.97,33.94,33.98,1872.98,38.57,33.04,1.51,1536.11,36.4,-40.86,-40.16,-68.2,-28.81,-2.86,-14.1,13.23,113,-0.07,1048.9,31.47,31.84,1310.52,32.04,30.03,1.46,969.46,29.08,-40.45,-44.63,-53.12,-27.64,-11.49,-6.85,8.17,145.67,-0.09,-1.41,-1.43,0.05,5,0,0
64,1,64,856.72,33.91,34.05,1884.46,36.8,33.03,1.53,1581.57,35.42,-43.06,-35.38,-78.74,-28.09,-3.98,-16.5,12.53,113.56,-0.09,869.54,33.88,33.94,1835.37,38.99,33.02,1.51,1522.42,36.58,-46.82,-41.4,-63.29,-28.26,-2.81,-14.09,13.08,116.03,-0.07,1032.49,31.46,31.78,1293.6,32.03,30.03,1.46,944.61,29.82,-45.03,-37.59,-57.71,-26.58,-11.05,-6.87,8.14,145.95,-0.08,-1.4,-1.41,0.06,5,0,0
65,1,65,868.04,33.86,34.01,1881.54,36.55,33.04,1.54,1575.91,35.56,-43.75,-34.25,-82.28,-28.95,-4.07,-15.78,12.78,108.36,-0.09,886.54,33.98,34.03,1863.27,39.26,33.02,1.5,1511.79,36.79,-40,-39.64,-66.48,-28.62,-3.12,-14.07,13.29,111.41,-0.07,1064.96,31.45,31.75,1303.02,31.58,30.05,1.47,957.81,29.54,-38.33,-36.85,-54.05,-27.63,-9.77,-7.42,8.26,139.87,-0.08,-1.41,-1.41,0.05,5,0,0
101,1,101,872.08,34.3,34.36,1944.08,38.75,33.02,1.48,1597.76,36.07,-49.3,-40.41,-75.62,-28.1,-4.77,-15.18,13.28,110.5,-0.07,883.57,34,34.03,1899.49,37.74,33.02,1.5,1550.87,35.98,-38.3,-45,-67.2,-27.22,-4.28,-13.29,13.86,112.53,-0.04,1027.15,31.73,32,1297.47,33.47,30.01,1.42,936.34,29.81,-40.61,-43.86,-52.19,-26.54,-9.79,-8.07,9.02,144.7,-0.14,-1.43,-1.26,0.04,5,752.4256667,94217.66667
102,1,102,902.17,34.29,34.33,1953.95,38.24,33.02,1.49,1611.79,35.69,-46.23,-38.88,-75.53,-28.15,-4.72,-14.99,13.36,107.4,-0.08,910.87,34.06,34.09,1919.23,37.85,33.01,1.5,1558.85,35.76,-38.3,-46.67,-67.82,-27.27,-4.24,-13.2,13.96,109.68,-0.05,1031.09,31.68,31.9,1275.42,33.3,30.01,1.43,928.36,30.06,-41.08,-42.35,-51.65,-25.89,-11.25,-7.99,9.13,144.08,-0.12,-1.38,-1.23,0.04,5,745.382,632.227
103,1,103,861.04,34.34,34.39,1975.03,38.31,33.03,1.49,1623.26,35.52,-44.42,-40,-76.02,-27.98,-4.74,-15.31,13.03,111.73,-0.08,874.83,33.99,34.02,1919.73,37.29,33.02,1.52,1573.9,35.51,-39.32,-45.33,-67.15,-27.26,-4.25,-13.31,13.67,112.57,-0.05,1029.68,31.7,31.93,1258.07,34.03,30.04,1.43,913.88,30.68,-40.75,-43.57,-51.09,-25.83,-10.67,-7.88,9.13,143.43,-0.12,-1.37,-1.21,0.04,5,784.5676667,983.0823333
104,1,104,879.71,34.36,34.41,1954.34,38.98,33.01,1.47,1591.18,36.11,-49.69,-40.34,-75.3,-28.32,-4.72,-14.65,13.6,106.67,-0.08,890.67,34,34,1884.83,37.82,33.02,1.49,1537.68,36.33,-39.61,-45.25,-67.11,-27.31,-4.22,-12.78,14.28,108.15,-0.05,1034.73,31.62,31.87,1277.38,33.02,30.04,1.43,936.27,29.99,-39.97,-43.21,-52.14,-27.79,-9.66,-7.7,9.44,136.74,-0.12,-1.4,-1.25,0.04,5,805.1263333,897.092
105,1,105,867.38,34.37,34.41,1941.66,39.28,33.01,1.47,1584.46,36.25,-53.87,-41.95,-75.38,-27.92,-4.72,-15.09,13.51,108.64,-0.07,876.06,33.94,33.95,1863.19,37.87,33.01,1.5,1524.08,36.54,-39.51,-45.85,-66.63,-26.96,-4.22,-13.23,14.13,110.31,-0.04,1004.2,31.66,31.92,1264.52,33.79,30.02,1.42,918.88,30.39,-39.96,-43.96,-51.82,-26.38,-10.45,-7.97,9.45,139.71,-0.12,-1.37,-1.22,0.04,5,786.036,891.091
106,1,106,872.02,34.36,34.4,1936.23,39.31,33.02,1.47,1577.03,36.54,-48.73,-38.9,-76.06,-28.24,-4.71,-14.91,13.41,108.84,-0.07,881.45,34.03,34.02,1867.21,38.42,33.02,1.49,1514.52,36.89,-38.9,-45.41,-66.66,-27.19,-4.2,-13.01,14.05,110.73,-0.04,1016.56,31.73,32.02,1303.51,33.44,30.02,1.43,941.37,29.71,-41.23,-43.52,-52.36,-28,-10.27,-7.85,9.14,142.04,-0.13,-1.38,-1.22,0.04,5,814.5126667,910.2863333
107,1,107,865.06,34.28,34.33,1905.09,39.28,33.02,1.5,1573.96,36.55,-46.44,-41.91,-75.54,-28.39,-4.88,-14.85,14.02,97.81,-0.07,873.57,33.88,33.86,1828.38,37.81,33.04,1.54,1534.89,36.55,-40.21,-44.97,-66.89,-27.64,-4.36,-12.95,14.47,99.7,-0.04,1004.31,31.6,31.84,1260.25,33.28,30.03,1.45,936.75,29.91,-38.79,-42.62,-52.38,-27.37,-9.6,-8.01,9.86,127.19,-0.12,-1.38,-1.22,0.04,5,807.861,897.0873333
108,1,108,861.09,34.34,34.39,1974.85,38.38,33.03,1.47,1623,35.53,-47.82,-38.58,-75.1,-27.84,-4.69,-14.78,13.6,106.32,-0.08,871.71,34.07,34.12,1920.29,38.13,33.02,1.49,1559.73,35.81,-39.06,-44.42,-66.25,-27.13,-4.2,-12.89,14.18,108.66,-0.06,1007.83,31.63,31.91,1280.2,33.29,30.01,1.42,933.65,29.86,-39.85,-42.77,-51.83,-25.86,-10.69,-7.88,9.64,135.71,-0.12,-1.38,-1.23,0.04,5,784.8946667,885.2533333
109,1,109,857.84,34.34,34.38,1927.65,39.27,33.02,1.48,1578.47,36.48,-57.15,-40.42,-75.07,-27.42,-4.87,-15.25,13.28,111.6,-0.07,868.23,33.98,33.99,1872.35,38.01,33.02,1.5,1536.68,36.35,-38.77,-45.1,-67.22,-26.77,-4.37,-13.3,13.83,112.76,-0.04,1016.23,31.72,32,1285.86,33.77,30.01,1.43,930.62,29.97,-39.3,-43.68,-52.3,-25.14,-9.91,-7.94,9.14,143.12,-0.13,-1.38,-1.21,0.04,5,791.8466667,935.369
110,1,110,879.41,34.31,34.37,1915.66,39.42,33.01,1.48,1566.14,36.72,-54.6,-39.66,-76.2,-27.43,-4.82,-14.88,13.01,113.74,-0.07,891.61,33.93,33.91,1836.42,38.04,33.04,1.5,1507.09,37.16,-40.86,-44.06,-67.62,-26.69,-4.27,-12.91,13.68,116.18,-0.04,1033.51,31.55,31.76,1233.96,33.36,30.04,1.44,908.71,30.87,-37.51,-43.14,-51.83,-25.28,-9.59,-7.75,8.84,149.98,-0.11,-1.41,-1.25,0.04,5,802.0113333,873.775
111,1,111,866.5,34.39,34.44,1967.84,38.94,33.01,1.47,1605.41,35.79,-50.53,-40.32,-75.12,-28.14,-4.95,-15.25,13.62,106.88,-0.08,875.91,34.03,34.04,1895.34,38,33.03,1.49,1543.38,36.24,-39.54,-45.15,-67.07,-27.27,-4.42,-13.32,14.23,107.67,-0.05,1003.52,31.61,31.86,1250.31,33.69,30.03,1.42,913.99,30.63,-39.93,-42.68,-51.42,-26.35,-10.99,-8.09,9.66,135.78,-0.12,-1.38,-1.22,0.04,5,779.9376667,903.0806667
112,1,112,865.83,34.38,34.44,2001.02,38.24,33.03,1.49,1638.44,35.21,-45.32,-40.42,-75.83,-27.93,-4.65,-14.84,13,112.7,-0.08,877.74,33.99,34.03,1931.77,37.09,33.03,1.51,1581.11,35.38,-39.44,-44.96,-68.3,-27.05,-4.16,-12.99,13.72,115.4,-0.05,1026.45,31.62,31.87,1284.67,32.85,30.02,1.44,946.33,29.54,-39.04,-42.8,-52.54,-25.49,-10.47,-8.01,9.22,143.24,-0.12,-1.39,-1.24,0.04,5,788.0183333,913.014
113,1,113,891.89,34.36,34.41,1900.59,40.11,33.01,1.46,1543.02,37.27,-39.21,-43.01,-76.01,-28.15,-4.75,-15.07,13.91,103.94,-0.07,897.92,33.9,33.88,1825.54,38.04,33.03,1.5,1512.81,37.02,-40.51,-45.78,-66.04,-27.14,-4.24,-13.15,14.47,104.85,-0.04,1016.02,31.68,31.96,1294.47,33.23,30.01,1.43,944.42,29.53,-38.41,-43.06,-52.22,-28.21,-9.32,-8.26,9.57,133.64,-0.14,-1.38,-1.23,0.04,5,825.749,918.163
114,1,114,335.24,32.18,32.27,1513.57,31.36,29.3,1.8,1042.52,23.52,-59.73,-44.61,-75.25,5.95,-8.79,-19.1,26.33,-0.48,-0.2,326.97,31.68,31.81,1401.81,31.22,29.22,1.8,961.65,23.87,-40.01,-51.94,-69.07,6.15,-8.08,-16.83,26.58,-0.45,-0.18,317.95,29.41,29.8,914.25,28.98,29.48,1.8,851.19,28.9,-40.57,-43.74,-56.34,6.48,-11.48,-8.42,24.34,-0.36,-0.12,-1.39,-1.22,2229.04,5,750.3696667,858.604
115,1,115,856.42,34.37,34.43,1995.77,38.27,33.02,1.48,1637.16,35.2,-43.95,-40,-76.03,-28.58,-4.85,-15.11,13.59,102.56,-0.08,866.39,34.03,34.09,1943.37,37.4,33.02,1.5,1585.24,35.22,-38.04,-45.94,-67.62,-27.58,-4.37,-13.31,14.28,104.07,-0.06,1001.9,31.62,31.89,1265.94,33.5,30.04,1.43,924.48,30.36,-40.4,-43.04,-51.91,-29.05,-10.91,-8.08,9.67,131.05,-0.13,-1.38,-1.22,0.04,5,824.1003333,956.004
116,1,116,858.07,34.42,34.46,1964.66,39.22,33.04,1.47,1600.31,36.12,-52.2,-42.23,-75.61,-26.99,-4.63,-14.51,12.91,119.33,-0.07,868.88,33.93,33.94,1886.73,37.29,33.02,1.5,1551.78,36,-39.24,-46.25,-67.17,-26.33,-4.15,-12.71,13.58,120.01,-0.05,1009.75,31.59,31.84,1263.26,33.2,30.01,1.43,926.51,30.11,-38.29,-43.24,-52.36,-24.17,-9.77,-7.89,8.94,151.04,-0.12,-1.39,-1.23,0.04,5,788.913,846.97
117,1,117,855.43,34.36,34.41,1921.39,39.68,33.05,1.47,1572.02,36.88,-57.87,-42.19,-75.6,-27.39,-4.84,-15.19,13.45,109.54,-0.07,866.13,33.86,33.84,1836.31,37.51,33.03,1.51,1536.28,36.42,-40.15,-45.12,-66.42,-26.66,-4.35,-13.2,14.07,110.6,-0.04,1008.43,31.6,31.87,1270.03,33.21,30.02,1.43,935.5,29.89,-39.95,-42.62,-52.81,-25.64,-10.32,-7.98,9.57,135.55,-0.13,-1.38,-1.22,0.04,5,788.6613333,896.2566667
118,1,118,862.73,34.36,34.4,1976.81,38.45,33.02,1.47,1622.08,35.48,-48.41,-39.67,-75.12,-28.19,-4.62,-14.72,13.46,107.68,-0.08,873.07,34.01,34.04,1924.68,37.35,33.02,1.5,1572.8,35.49,-38.22,-46.28,-67.87,-27.31,-4.14,-12.9,14.09,109.46,-0.05,1016.3,31.55,31.79,1246.09,33.28,30.02,1.42,917.1,30.47,-38.63,-43.19,-52.43,-26.47,-10.27,-8.02,9.64,136.93,-0.12,-1.39,-1.24,0.04,5,791.2486667,893.4353333
119,1,119,858.33,34.32,34.37,1922.73,39.27,33.02,1.48,1574.82,36.57,-51.15,-39.58,-75.34,-27.95,-4.86,-15.1,13.36,108.08,-0.07,868,33.97,33.97,1850.41,38.32,33.02,1.5,1515.48,36.83,-39.53,-44.34,-66.56,-27.06,-4.36,-13.17,13.98,110.25,-0.04,1010.57,31.66,31.93,1278.82,33.47,30.03,1.44,929.57,30.14,-39.71,-43.23,-52.14,-27.17,-10.17,-8.01,9.06,142.54,-0.12,-1.38,-1.22,0.04,5,802.5936667,924.4596667
120,1,120,884.22,34.34,34.37,1930.83,39.15,33.04,1.48,1582.53,36.54,-50.62,-41.15,-75.79,-27.65,-4.61,-14.93,13.01,113.9,-0.07,894.19,33.95,33.94,1871.76,37.59,33.02,1.51,1537.41,36.33,-39.42,-45.14,-66.7,-26.87,-4.12,-12.99,13.64,115.91,-0.04,1042.72,31.65,31.89,1288.62,32.9,30.01,1.44,940.61,29.63,-38.52,-43.8,-52.45,-25.62,-9.75,-7.89,8.61,151.31,-0.13,-1.42,-1.26,0.04,5,794.0296667,874.4233333
121,1,121,880.56,34.3,34.35,1938.91,38.77,33.02,1.49,1595.2,36.14,-52.05,-40.34,-74.85,-26.98,-4.92,-15.6,12.98,113.82,-0.07,891.98,33.92,33.91,1859.59,37.56,33.02,1.51,1538.48,36.31,-40.36,-44.3,-67.8,-26.21,-4.41,-13.56,13.65,115.49,-0.05,1039.44,31.59,31.83,1263.58,33.06,30.02,1.44,929.53,30.1,-39.52,-43.98,-52.19,-23.84,-10.24,-8.14,8.7,152.03,-0.12,-1.42,-1.26,0.04,5,807.6296667,932.224
122,1,122,893.21,34.33,34.38,1919.09,39.43,33.01,1.47,1562.49,36.76,-44.57,-40.29,-76.89,-27.64,-4.61,-14.97,13.35,110.1,-0.07,901.66,33.93,33.9,1833.63,38.06,33.03,1.5,1502.27,37.25,-40.73,-44.71,-66.64,-26.82,-4.07,-12.95,13.97,111.77,-0.04,1035,31.62,31.86,1278.31,32.96,30.03,1.44,934.85,30,-39.35,-42.76,-52.25,-25.96,-9.97,-7.79,8.89,146.1,-0.12,-1.43,-1.26,0.04,5,797.4913333,876.643
123,1,123,875.61,34.31,34.35,1926.91,39.04,33.01,1.48,1579.72,36.4,-55.26,-40.93,-75.38,-27.54,-4.82,-15.31,12.92,114.79,-0.07,887.02,33.92,33.91,1859.43,37.54,33.02,1.51,1530.5,36.47,-39.66,-45.22,-67.44,-26.76,-4.3,-13.38,13.59,116.06,-0.04,1038.75,31.67,31.93,1301.24,32.84,30.01,1.44,954.26,29.24,-39.53,-43.59,-52.25,-25.31,-9.8,-8.13,8.69,149.21,-0.13,-1.43,-1.26,0.04,5,794.2236667,932.39
124,1,124,874.26,34.34,34.38,1921.67,39.37,33.03,1.48,1573.37,36.72,-54.23,-40.46,-75.62,-27.93,-4.82,-14.75,13.45,107.67,-0.07,885.59,33.94,33.93,1858.79,37.74,33.03,1.5,1533.59,36.48,-39.06,-44.88,-67.41,-27.12,-4.31,-12.82,13.99,109.23,-0.04,1035.2,31.62,31.86,1260.36,33.43,30.02,1.43,924.06,30.25,-37.71,-42.44,-52.02,-26.5,-9.7,-7.68,9.13,143.74,-0.12,-1.41,-1.25,0.04,5,788.799,894.206
125,1,125,863.11,34.29,34.35,1947.19,38.54,33.02,1.48,1606.07,35.84,-48.95,-38.82,-75.31,-27.91,-4.67,-15.08,13.52,107.46,-0.08,871.65,34.05,34.08,1895.33,38.35,33.02,1.49,1541.56,36.19,-39.01,-45.17,-66.08,-27.1,-4.19,-13.3,14.07,109.8,-0.05,994.53,31.58,31.85,1251.99,33.56,30.03,1.43,918.09,30.52,-39.56,-42.55,-51.4,-25.62,-10.43,-8.11,9.46,137.8,-0.12,-1.38,-1.22,0.04,5,802.882,934.424
126,1,126,875.87,34.37,34.41,1941.67,39.2,33.02,1.48,1583.03,36.35,-59.13,-42.25,-75.69,-28.17,-4.72,-14.65,13.1,111.97,-0.07,886.88,33.93,33.92,1876.14,37.35,33.03,1.51,1544.41,36.23,-39.33,-45.13,-66.8,-27.17,-4.2,-12.73,13.76,114.05,-0.04,1029.21,31.67,31.95,1303.7,32.91,30.03,1.44,951.91,29.42,-40.85,-42.93,-53.13,-27.37,-10.28,-7.92,8.94,143.55,-0.13,-1.41,-1.25,0.04,5,790.1916667,887.898
127,1,127,868.22,34.36,34.41,1941.41,39.25,33.02,1.48,1585.59,36.29,-56.06,-40.6,-74.8,-27.59,-4.81,-15.35,13.4,108.63,-0.07,876.13,34,34.01,1868,38.23,33.01,1.5,1520.29,36.64,-39.87,-45.32,-67.01,-26.85,-4.31,-13.36,14,110.12,-0.04,999.87,31.71,31.99,1289.85,33.64,30.03,1.43,938.61,29.84,-41.84,-42.65,-51.77,-25.55,-10.28,-8.19,9.22,141.31,-0.13,-1.38,-1.23,0.04,5,810.081,926.5036667
128,1,128,884.25,34.35,34.39,1922.23,39.46,33.02,1.47,1565.85,36.8,-51.75,-40.95,-75.81,-28.02,-4.8,-14.93,13.13,111.58,-0.07,894.22,33.95,33.92,1849.76,37.88,33.03,1.5,1517.96,36.84,-40.04,-44.05,-67.49,-26.97,-4.29,-12.93,13.83,113.28,-0.04,1032.82,31.6,31.82,1255.36,33.26,30.03,1.44,918.31,30.49,-38.93,-43.54,-51.88,-27.29,-9.92,-7.63,9.1,143.25,-0.11,-1.41,-1.25,0.04,5,819.7626667,875.2933333
129,1,129,875.41,34.36,34.4,1955.28,38.89,33,1.47,1596.08,35.95,-57.41,-42.09,-75.44,-28.35,-5.02,-15.16,13.3,109.77,-0.08,886.14,33.93,33.94,1884.14,37.28,33.02,1.51,1551.25,35.99,-39.75,-45.21,-67.38,-27.3,-4.5,-13.19,13.96,111.32,-0.04,1022.75,31.65,31.9,1275.62,33.33,30.01,1.43,927.12,30.08,-38.93,-42.76,-51.89,-27.63,-10.28,-8,9.21,142.41,-0.13,-1.41,-1.24,0.04,5,833.6856667,896.192
130,1,130,884.13,34.3,34.34,1898.07,39.56,33.02,1.47,1553,37.05,-47.65,-40.21,-75.55,-28.22,-4.74,-14.79,13.83,102.78,-0.07,892.21,33.95,33.93,1838.56,38.18,33.02,1.5,1507.19,37.06,-39.24,-44.76,-67.24,-27.32,-4.22,-12.8,14.36,104.28,-0.03,1012.85,31.63,31.88,1263.56,33.47,30.03,1.43,925.73,30.25,-39.22,-42.89,-52.53,-28.02,-10.11,-7.75,9.72,132.88,-0.12,-1.4,-1.23,0.04,5,781.6943333,848.2796667
131,1,131,874.02,34.36,34.41,1971.31,38.6,33.04,1.47,1619.16,35.75,-49.73,-40.97,-75.33,-28.22,-4.76,-15.04,13.47,107.56,-0.08,883.03,33.99,34,1899.31,37.52,33.02,1.49,1554.87,35.9,-40.12,-44.57,-67.1,-27.23,-4.3,-13.19,14.17,110.01,-0.05,1022.61,31.62,31.87,1273.9,33.15,30,1.42,929.77,29.95,-40.58,-43.43,-52,-27.26,-10.47,-8.1,9.34,140.17,-0.13,-1.38,-1.23,0.04,5,786.843,945.2303333
132,1,132,861.74,33.88,33.98,1814.74,39.32,33.05,1.47,1580,36.48,-47.67,-40.42,-76.99,-27.85,-2.68,-11.77,13.74,106.99,-0.07,860.06,33.73,33.78,1791.55,38.08,33.02,1.49,1570.64,36.42,-40.7,-46.06,-64.96,-27.01,-1.99,-8.94,14.15,108.8,-0.04,967.37,31.27,31.61,1238.59,33.45,30.01,1.42,927.92,30.02,-38.64,-43.34,-52.08,-26.23,-10.12,-7.82,9.46,139.88,-0.13,-1.4,-1.24,0.04,5,815.3096667,899.0726667
133,1,133,864.67,33.8,33.89,1797.75,38.92,33.04,1.49,1575.68,36.5,-51.77,-40.12,-75.81,-28.25,-2.96,-12.16,13.07,111.88,-0.07,865.55,33.67,33.72,1785,37.69,33.02,1.51,1574.3,36.4,-40.5,-45.83,-65.87,-27.23,-2.22,-9.25,13.56,113.57,-0.04,987.02,31.21,31.53,1216.2,33.38,30.01,1.44,915.46,30.47,-38.95,-42.83,-51.99,-27.14,-9.86,-7.89,8.99,143.41,-0.12,-1.41,-1.25,0.04,5,816.3666667,900.5596667
134,1,134,861.06,33.84,33.93,1818.41,38.84,33.02,1.49,1584.59,36.13,-53.77,-40.17,-76.09,-27.27,-3.05,-11.97,12.78,117.93,-0.07,863.21,33.66,33.7,1791.94,37.34,33.02,1.52,1585.47,36.09,-41.1,-45.65,-65.33,-26.53,-2.3,-9.03,13.29,119.71,-0.04,997.32,31.17,31.49,1228.59,32.76,30.01,1.44,930.49,29.97,-37.43,-42.78,-52.22,-24.44,-10.31,-7.94,8.8,149.62,-0.12,-1.44,-1.27,0.04,5,823.805,878.408
135,1,135,835.93,33.84,33.95,1863.02,38.05,33.01,1.49,1628.81,35.12,-44.77,-39.65,-75.43,-28.26,-3.01,-12.06,13.24,108.53,-0.08,836.33,33.72,33.81,1835.74,37.45,33.05,1.52,1616.73,35.64,-39.95,-45.38,-65.07,-27.28,-2.28,-9.24,13.76,110.78,-0.05,959.81,31.23,31.57,1221.61,33.58,30.05,1.44,923.52,30.44,-39.31,-44,-51.86,-26.57,-10.48,-7.93,9.33,139.46,-0.13,-1.38,-1.22,0.04,5,783.0476667,893.6803333
136,1,136,860.3,33.85,33.95,1813.83,39.11,33.02,1.48,1573.94,36.36,-59.47,-39.38,-76.1,-27.25,-2.88,-11.83,13.04,114.09,-0.07,862.37,33.71,33.74,1782.76,37.94,33.02,1.5,1562.08,36.67,-41.33,-45.4,-65.59,-26.53,-2.13,-8.87,13.5,115.49,-0.04,986.48,31.25,31.58,1233.6,33.29,30.03,1.44,926.6,30.2,-39.21,-44.41,-52.22,-24.83,-10.04,-7.97,8.85,149.09,-0.12,-1.41,-1.25,0.04,5,810.1006667,908.179
137,1,137,839.93,33.82,33.93,1836.08,38.43,33.02,1.48,1606.46,35.64,-44.15,-38.49,-75.56,-27.44,-2.87,-12.35,13.24,110.77,-0.08,841.48,33.77,33.85,1814.76,38.19,33.02,1.49,1587.54,36.04,-40.53,-44.96,-65.21,-26.75,-2.14,-9.41,13.7,112.34,-0.05,959.93,31.25,31.61,1237.82,33.44,30.01,1.43,929.18,30.04,-41.62,-43.02,-51.7,-24.76,-10.65,-8.01,9.14,144.8,-0.12,-1.38,-1.22,0.04,5,793.0233333,894.854
138,1,138,856.07,33.88,33.98,1851.66,38.56,33.03,1.5,1610.3,35.68,-48.34,-41.44,-76.8,-27.94,-2.75,-11.83,13.04,111.69,-0.08,860.61,33.62,33.66,1814.25,36.62,33.02,1.53,1611.56,35.5,-41.28,-44.82,-64.63,-27.12,-2.04,-8.91,13.52,112.16,-0.05,993.85,31.3,31.66,1272.29,32.91,30.02,1.45,954.42,29.31,-40.07,-42.45,-52.75,-26.63,-10.27,-7.95,8.53,149.06,-0.13,-1.38,-1.22,0.04,5,802.6183333,892.5336667
139,1,139,850.35,33.84,33.94,1801.64,39.3,33,1.47,1567.87,36.39,-49.98,-40.71,-76.53,-26.29,-3.04,-12.1,13.25,113.93,-0.07,849.44,33.67,33.71,1773.43,37.88,33.03,1.5,1572.74,36.46,-40.83,-45.78,-65.26,-25.78,-2.28,-9.17,13.63,115.41,-0.04,967.35,31.21,31.53,1219,33.37,30.03,1.43,919.2,30.46,-38.38,-42.31,-52.3,-22.75,-9.76,-8.13,9.01,150.08,-0.12,-1.39,-1.23,0.04,5,819.0776667,913.7163333
140,1,140,866.76,33.84,33.95,1825.73,38.88,33.02,1.48,1585.34,36.15,-56.04,-39.44,-76.18,-28.04,-2.76,-11.82,13.35,108.83,-0.07,867.21,33.76,33.8,1801.06,38.06,33.01,1.49,1565.51,36.49,-41.27,-44.75,-65.55,-27.14,-2.04,-8.98,13.83,110.14,-0.05,989.76,31.28,31.61,1261.48,32.79,30.02,1.44,948.25,29.48,-40.59,-43.47,-51.98,-26.83,-10.31,-7.76,9.03,143.77,-0.13,-1.41,-1.26,0.04,5,831.337,4184.333333
141,1,141,827.68,33.54,33.67,1898.6,35.35,33.04,1.54,1632.53,34.06,-43.33,-34.83,-75.42,-27.24,-4.98,-17.07,12.53,109.61,-0.08,837.76,33.59,33.79,1889.78,38.32,33.03,1.52,1582.07,35.1,-36.91,-42.54,-62.37,-27.7,-3.96,-15.19,13.15,111.87,-0.08,990.87,30.69,30.98,1158.44,33.6,30.03,1.45,892.6,31.53,-44.85,-44.16,-53.77,-25.42,-14.29,-5.41,8.95,138.04,-0.05,-1.31,-1.19,0.05,5,2709,686858
142,1,142,821.31,33.53,33.67,1912.58,35.15,33.03,1.54,1649.5,33.72,-41.48,-34.42,-75.43,-27.35,-4.97,-17.46,12.68,106.42,-0.1,829.42,33.46,33.79,1910.4,37.86,33.02,1.52,1607.98,34.51,-37.8,-40.57,-63.72,-27.85,-4,-15.46,13.27,108.38,-0.09,980.78,30.85,31.19,1202.28,33.89,30.02,1.44,903.06,31.13,-45.21,-44.15,-53.87,-26.37,-14.55,-5.55,8.94,135.27,-0.06,-1.3,-1.18,0.05,5,2230,19528
143,1,143,824.69,33.71,33.85,1908.54,36.67,33.03,1.52,1598.71,34.72,-42.19,-35.5,-76.42,-27.69,-5.06,-17.33,12.71,106.6,-0.09,833.9,33.62,33.83,1856.78,39.39,33.04,1.5,1543.14,36.09,-38,-42.07,-62.91,-27.9,-3.95,-15.13,13.38,108.17,-0.08,987.95,30.88,31.24,1208.77,34.13,30.04,1.44,915.23,30.85,-44.24,-43.45,-53.61,-27.72,-14.46,-5.4,9.13,132.68,-0.06,-1.31,-1.18,0.05,5,2752,16478
144,1,144,846.17,33.49,33.66,1918.82,34.89,33.02,1.56,1645.34,33.69,-43.67,-32.94,-75.28,-28.11,-4.98,-17.37,12.28,108.52,-0.09,857.99,33.59,33.9,1928.5,38.45,33.01,1.52,1593.75,34.73,-36.24,-40.9,-64.49,-28.3,-3.99,-15.44,12.93,111.61,-0.09,1009.85,30.9,31.22,1216.26,33.77,30.04,1.45,912.62,30.92,-44.07,-45.17,-53.95,-27.17,-14.97,-5.2,8.57,139.32,-0.06,-1.32,-1.19,0.05,5,2734,21624
145,1,145,835.48,33.7,33.81,1859.32,37.33,33.04,1.52,1554.65,35.76,-43.99,-35.32,-76.94,-26.5,-5.01,-17.25,12.75,109.59,-0.09,848.17,33.64,33.75,1812.29,39.6,33.03,1.5,1502.6,36.91,-37.68,-41.51,-63.7,-27.24,-3.95,-15.03,13.28,110.75,-0.06,1003.46,30.96,31.34,1242.97,33.89,30.04,1.45,925.49,30.5,-46.92,-45.02,-54.34,-25.68,-13.49,-5.29,8.58,141.74,-0.07,-1.33,-1.19,0.05,5,2824,15298
146,1,146,823.21,33.6,33.78,1947.93,35.31,33.03,1.53,1656.29,33.56,-42.05,-35.11,-75.15,-28.29,-5.1,-17.44,12.31,108.21,-0.1,835.99,33.49,33.82,1924.62,37.83,33.01,1.52,1609.48,34.43,-37.67,-41.41,-63.99,-28.39,-4.1,-15.49,13.04,110.95,-0.09,1002.82,30.74,31.06,1172.21,33.81,30.03,1.45,894.1,31.52,-44.92,-44.17,-53.46,-27.69,-14.48,-5.38,8.58,139.35,-0.06,-1.32,-1.2,0.05,5,2881,11779
147,1,147,831.6,33.73,33.89,1941.84,36.37,33.02,1.53,1624.89,34.09,-42.24,-35.6,-76.33,-27.39,-5.13,-17.25,12.35,111.15,-0.1,839,33.47,33.85,1923.11,38.09,33.01,1.53,1598.86,34.65,-36.18,-40.47,-63.9,-27.77,-4.08,-15.23,12.96,112.87,-0.1,978.06,30.76,31.13,1210.06,33.25,30.03,1.46,917.5,30.74,-43.95,-44.34,-54.63,-26.36,-15.09,-5.32,8.56,139.61,-0.07,-1.32,-1.2,0.05,5,2511,12074
148,1,148,816.52,33.61,33.78,1951.77,35.26,33.04,1.54,1661.38,33.51,-42.6,-35.04,-75.38,-27.17,-5.05,-17.22,12.38,110.08,-0.09,828.86,33.53,33.82,1923.73,37.83,33.02,1.52,1607.46,34.48,-37.21,-40.72,-63.33,-27.73,-4.04,-15.27,13.1,112.47,-0.08,990.79,30.73,31.07,1182.34,33.53,30.04,1.45,904.45,31.2,-44.28,-43.68,-53.9,-25.13,-14.23,-5.22,8.72,140.11,-0.06,-1.32,-1.19,0.05,5,3516,21877
149,1,149,813.25,33.46,33.68,1964.12,34.2,33.01,1.56,1688.4,32.78,-39.55,-33.73,-75.95,-27.91,-4.89,-17.05,12.24,109.01,-0.1,826.53,33.29,33.8,1986.78,36.42,33.01,1.54,1667.73,33.19,-37.55,-41.39,-63.76,-28.48,-3.94,-15.16,12.86,110.36,-0.11,990.41,30.89,31.26,1222.6,33.85,30.04,1.45,916.95,30.8,-45.65,-44.09,-53.38,-26.54,-14.07,-5.43,8.8,136.01,-0.07,-1.29,-1.18,0.05,5,2250,17407
150,1,150,828.62,33.59,33.7,1867.95,36.28,33.04,1.52,1589.99,34.95,-41.84,-33.8,-75.3,-27.85,-4.91,-17.03,12.78,106.02,-0.09,840.43,33.61,33.81,1861.15,39.09,33.02,1.5,1546.79,35.84,-35.8,-40.79,-64.53,-27.93,-3.92,-14.98,13.34,108.43,-0.08,992.86,30.86,31.23,1227.34,33.51,30.03,1.45,927.45,30.41,-45.34,-45.34,-53.67,-28.22,-12.93,-5.32,8.96,131.97,-0.06,-1.32,-1.19,0.05,5,2455,58982
151,1,151,832.59,33.63,33.77,1910.58,35.95,33.04,1.53,1625.56,34.24,-42.64,-35.15,-76.31,-28.34,-5.01,-17.35,12.88,103.63,-0.09,842.71,33.54,33.8,1884.6,38.44,33.03,1.51,1577.74,35.21,-37.77,-40.66,-63.15,-28.19,-3.99,-15.32,13.51,105.79,-0.09,994.53,30.81,31.13,1189.65,33.82,30.03,1.44,902.2,31.25,-45.77,-43.64,-53.98,-28.67,-14.38,-5.25,9.3,128.68,-0.06,-1.31,-1.2,0.05,5,2337,13595
152,1,152,839.02,33.71,33.82,1861.33,37.38,33.03,1.51,1548.42,35.78,-44.77,-34.92,-76.42,-27.36,-5.01,-17.15,12.91,106.38,-0.08,850.56,33.7,33.81,1822.34,39.91,33.03,1.5,1501.84,36.93,-37.27,-42.11,-65.32,-27.52,-3.93,-14.85,13.48,109.21,-0.07,998.12,30.97,31.28,1205.87,34.48,30.03,1.43,894.66,31.46,-46.21,-45.81,-53.51,-27.53,-12.92,-5.31,9.1,132.62,-0.06,-1.29,-1.16,0.05,5,2567,16536
153,1,153,843.76,33.72,33.86,1924.98,36.47,33.03,1.53,1611.19,34.44,-44.36,-35.52,-76.48,-27.57,-5.18,-17.36,12.28,111.41,-0.09,852.74,33.62,33.88,1895.77,39,33.02,1.52,1561.56,35.5,-36.69,-41.43,-64.13,-27.9,-4.09,-15.3,12.98,114.1,-0.09,995.86,30.95,31.28,1217.71,34.15,30.03,1.45,911.43,30.92,-44.24,-45.32,-54.63,-26.28,-15.42,-5.32,8.83,135.96,-0.07,-1.33,-1.19,0.05,5,2236,19998
154,1,154,831.04,33.59,33.74,1926.03,35.39,33.04,1.54,1640.1,33.93,-43.65,-35.63,-75.45,-28.45,-4.91,-17.21,12.5,106.51,-0.09,841.39,33.62,33.82,1888.95,38.59,33.02,1.51,1568.19,35.35,-38.22,-41.66,-63.44,-28.09,-3.9,-15.21,13.28,109.16,-0.07,995.47,30.75,31.09,1191.35,33.46,30.02,1.45,902.09,31.18,-46.03,-44.19,-53.8,-29.22,-14.23,-5.17,8.72,134.62,-0.06,-1.32,-1.19,0.05,5,2585,11983
155,1,155,849.38,33.52,33.67,1913.88,35.12,33.03,1.55,1639.98,33.86,-43.41,-33.9,-76.2,-27.55,-5.14,-17.27,12.39,109.37,-0.1,858.86,33.58,33.89,1914.09,38.66,33.02,1.51,1586.71,34.93,-38.04,-41.53,-62.72,-28.1,-4.05,-15.23,12.96,111.58,-0.1,1003.77,30.79,31.14,1195.13,33.69,30.03,1.46,906.51,31.08,-45.6,-44.64,-53.95,-25.92,-15.32,-5.39,8.76,137.02,-0.06,-1.32,-1.19,0.05,5,2402,11315
156,1,156,830.25,33.78,33.88,1869,37.76,33.04,1.5,1557.39,35.67,-42.89,-36.9,-76.4,-26.17,-4.98,-17.05,12.87,109.95,-0.08,840.11,33.57,33.7,1827.27,38.86,33.01,1.5,1524.66,36.27,-35.64,-41.76,-64.24,-26.96,-3.92,-14.83,13.42,111.63,-0.07,987.68,30.88,31.22,1208.99,33.91,30.04,1.44,914.41,30.9,-45.48,-43.92,-53.88,-24.89,-13.19,-5.27,8.96,137.97,-0.06,-1.3,-1.17,0.05,5,2549,13927
157,1,157,839.75,33.49,33.64,1914.6,34.83,33.03,1.56,1643.08,33.82,-44.02,-33.33,-75.17,-27.83,-4.99,-17.3,12.69,105.57,-0.1,851.49,33.65,33.89,1921.54,38.53,33.03,1.52,1591.39,34.91,-37.69,-40.93,-63.6,-28.21,-3.93,-15.24,13.27,107.61,-0.09,1008.41,30.85,31.18,1208.65,33.62,30.04,1.45,911.17,30.95,-44.82,-44.27,-53.9,-26.98,-14.19,-5.3,9.02,134.08,-0.07,-1.32,-1.19,0.05,5,2329,12202
158,1,158,833.08,33.78,33.89,1866.1,37.86,33.03,1.51,1539.12,36.05,-44.63,-35.46,-75.36,-26.85,-4.88,-17.3,13,105.95,-0.09,846.04,33.67,33.74,1806.35,39.66,33.03,1.5,1489.67,37.24,-37.88,-40.78,-64.24,-27.27,-3.79,-14.99,13.54,107.88,-0.06,998.39,30.95,31.3,1224.93,34.14,30.03,1.44,914.36,30.8,-45.87,-45.23,-53.74,-26.31,-12.93,-5.19,9.11,131.38,-0.07,-1.32,-1.18,0.05,5,2167,15935
159,1,159,832.22,33.49,33.7,1953.45,34.62,33.02,1.55,1674.99,33.11,-41.88,-34.37,-76.57,-28.26,-5.27,-17.31,12.02,110.24,-0.11,842.83,33.38,33.8,1945.34,37.27,33,1.53,1630.89,33.89,-37.5,-41.76,-63.96,-28.39,-4.23,-15.41,12.75,112.54,-0.11,1000.02,30.89,31.23,1213.39,33.87,30.02,1.45,909.19,30.93,-45,-45.48,-54.28,-27.38,-15.74,-5.3,8.69,136.99,-0.06,-1.32,-1.2,0.05,5,2431,12125
160,1,160,840.78,33.55,33.68,1899.12,35.46,33.03,1.55,1620.21,34.25,-44.02,-33.92,-76.31,-26.36,-5.09,-17.28,12.13,114.63,-0.09,853.77,33.64,33.87,1890.57,38.93,33.03,1.51,1565.76,35.5,-38.16,-41.67,-64.41,-27.08,-4.06,-15.23,12.73,117.3,-0.08,1006.43,30.9,31.23,1225.49,33.58,30.03,1.45,919.43,30.63,-44.09,-44.76,-53.85,-24.29,-14.3,-5.16,8.46,143.53,-0.07,-1.31,-1.18,0.05,5,2560,12679
161,1,161,835.91,33.46,33.62,1893.18,35.05,33.01,1.56,1621.85,34.1,-44.73,-33.04,-75.84,-27.23,-5.25,-17.48,12.56,108.12,-0.1,846.67,33.74,33.92,1888.14,39.48,33.02,1.51,1550.28,35.72,-38.7,-42.02,-64.38,-27.74,-4.2,-15.45,13.08,111.05,-0.09,1001.28,30.76,31.07,1176.77,33.73,30.03,1.46,893.33,31.5,-44.9,-44.01,-53.35,-25.64,-14.16,-5.54,9.09,135.34,-0.06,-1.32,-1.2,0.05,5,2555,17520
162,1,162,834.99,33.62,33.76,1892.99,36.21,33.03,1.53,1600.88,34.69,-43.87,-34.08,-76.41,-27.5,-4.92,-17.11,12.88,105.23,-0.1,842.93,33.66,33.88,1864.94,39.6,33.02,1.5,1540.8,35.99,-37.33,-41.74,-63.51,-27.69,-3.84,-14.94,13.54,107.53,-0.09,977.76,30.72,31.04,1164.45,33.85,30.03,1.45,892.41,31.58,-44.04,-43.19,-53.59,-27.06,-14.55,-5.41,9.36,131.46,-0.07,-1.3,-1.17,0.05,5,2437,14132
163,1,163,850.27,33.61,33.74,1843.23,37.06,33.03,1.52,1548.89,35.8,-47.32,-34.14,-75.89,-26.8,-5.02,-17.11,13.03,105.29,-0.09,861.37,33.7,33.77,1802.42,40.03,33,1.49,1479.94,37.24,-36.63,-41.7,-65.45,-27.28,-3.98,-14.96,13.57,107.96,-0.07,1007.01,30.91,31.28,1225.63,33.96,30.02,1.45,913.78,30.78,-45.48,-45.28,-54.08,-26.03,-13.2,-5.37,8.79,138.11,-0.07,-1.31,-1.19,0.05,5,2611,12923
164,1,164,845.04,33.61,33.74,1859.81,36.73,33.04,1.52,1560.39,35.63,-45,-34.6,-76.84,-27.42,-5.09,-17.49,12.7,107.89,-0.09,856.17,33.72,33.78,1806.33,39.98,33.02,1.49,1481.74,37.37,-37.33,-42.62,-64.45,-27.3,-3.95,-15.02,13.37,111.28,-0.06,1004.2,31.01,31.36,1248.08,33.94,30.04,1.44,919.57,30.69,-48.14,-45.13,-54.13,-28.91,-13.59,-5.37,8.77,137.19,-0.07,-1.32,-1.19,0.05,5,2433,11683
165,1,165,830.93,33.57,33.71,1893.43,35.8,33.03,1.53,1617.58,34.29,-43.38,-35.39,-76.3,-27.07,-5.18,-17.66,12.58,108.88,-0.09,839.92,33.59,33.81,1867.55,38.91,33.02,1.5,1555.36,35.63,-36.8,-42.08,-63.76,-27.52,-4.14,-15.56,13.25,110.92,-0.08,986.25,30.74,31.04,1165.11,33.83,30.02,1.45,893.37,31.47,-43.36,-43.48,-53.84,-25.5,-14.47,-5.35,9.05,136.28,-0.06,-1.31,-1.2,0.05,5,2604,13477
166,1,166,831.02,33.74,33.87,1925.67,36.52,33.03,1.53,1613.19,34.42,-43.33,-35.93,-76.86,-26.87,-5.08,-17.29,12.56,109.06,-0.1,839.88,33.58,33.86,1893.04,38.87,33.02,1.52,1567.9,35.38,-37.63,-41.79,-63.21,-27.51,-4.02,-15.19,13.16,110.99,-0.09,982.15,30.77,31.08,1167.54,34.12,30.04,1.45,887.7,31.79,-44.1,-44.92,-53.64,-25.1,-14.6,-5.34,9.06,135.98,-0.06,-1.3,-1.18,0.05,5,2552,13263
167,1,167,841.3,33.44,33.6,1894.54,34.86,33.02,1.56,1636.49,33.9,-43.07,-33.56,-76.5,-28.39,-5.05,-16.99,12.63,105.86,-0.1,850.97,33.6,33.83,1875.25,38.98,33.03,1.5,1559.85,35.58,-39.24,-41.79,-62.46,-28.35,-3.98,-15.02,13.25,108.01,-0.08,1000.17,30.66,31.01,1178.47,33.18,30.03,1.46,911.71,30.88,-44.74,-43.92,-53.12,-28.64,-14.33,-5.55,8.86,135.51,-0.07,-1.32,-1.2,0.05,5,2281,12303
168,1,168,825.81,33.78,33.93,1913.63,37.3,33.03,1.51,1593.05,34.87,-44.82,-37.26,-74.84,-26.4,-4.89,-17.23,12.36,113.24,-0.09,834.64,33.54,33.75,1860.25,38.58,33.04,1.51,1547.1,35.99,-36.96,-41,-61.23,-26.88,-3.85,-15.15,13.06,114.46,-0.07,969.78,30.62,31.04,1168.41,33.76,30.03,1.46,896.69,31.36,-44.92,-43.22,-52.29,-24.73,-13.62,-5.38,8.68,138.97,-0.06,-1.33,-1.2,0.05,5,2549,15969
169,1,169,834,33.78,33.85,1831.18,38.33,33.03,1.5,1518.29,36.47,-44.67,-36.05,-77.38,-27.04,-5,-17.25,12.99,107.01,-0.07,843.61,33.57,33.69,1784.35,39.72,33.03,1.5,1486.75,37.32,-36.17,-41.01,-64.53,-27.3,-3.92,-15,13.52,108.99,-0.06,982.97,30.93,31.3,1227.78,34,30.04,1.45,918.48,30.72,-45.27,-44.12,-54.06,-27.98,-13.52,-5.21,8.92,136.02,-0.07,-1.32,-1.19,0.05,5,2554,12874
170,1,170,833.94,33.66,33.79,1918.99,35.93,33.02,1.54,1616.55,34.3,-42.54,-35.39,-76.07,-27.39,-5.08,-17.33,12.37,110.81,-0.09,845.89,33.61,33.82,1882.1,38.69,33.02,1.52,1562.2,35.47,-39.4,-42.23,-62.83,-27.76,-4.05,-15.29,13.01,112.9,-0.08,1004.5,30.92,31.27,1231.28,33.72,30.03,1.45,919.91,30.63,-45.99,-45.08,-53.89,-26.54,-14.87,-5.49,8.45,141.21,-0.07,-1.3,-1.19,0.05,5,2525,10401
171,1,171,840.88,33.74,33.83,1821.37,38.33,33,1.5,1507.62,36.52,-44.8,-36.53,-76.84,-27.08,-4.85,-17.03,13.06,106.91,-0.08,852.08,33.52,33.57,1758.61,39.21,33.02,1.5,1475.79,37.48,-37.29,-41.11,-62.77,-27.39,-3.77,-14.75,13.6,108.65,-0.05,997.89,30.83,31.2,1209.67,33.75,30.03,1.44,911.77,30.88,-44.67,-44.87,-53.87,-27.28,-13.36,-5.31,9.04,133,-0.06,-1.31,-1.18,0.05,5,2391,13182
172,1,172,848.91,33.68,33.79,1848.71,37.41,33.04,1.52,1543.02,36.04,-44.59,-34.39,-75.58,-26.97,-4.97,-16.9,12.85,107.67,-0.08,860.16,33.64,33.79,1820.72,39.8,33.03,1.5,1501.36,36.95,-36.87,-40.44,-63.9,-27.43,-3.95,-14.84,13.36,109.66,-0.07,1003.54,30.83,31.18,1200.81,33.88,30.03,1.45,903.97,31.16,-45.18,-44.42,-53.69,-26.69,-12.99,-5.15,9.13,130.89,-0.07,-1.32,-1.19,0.05,5,2562,16492
173,1,173,815.39,33.67,33.81,1919.46,36.15,33.03,1.53,1624.01,34.2,-40.89,-35.4,-76.04,-27.71,-5.02,-17.09,12.53,109.15,-0.1,825.65,33.44,33.79,1907.61,37.91,33.02,1.53,1600.44,34.69,-35.9,-40.43,-63.18,-28.05,-4.03,-15.15,13.12,110.31,-0.1,974.24,30.75,31.12,1193.11,33.63,30.03,1.46,907.17,31.08,-45.41,-44.28,-53.53,-27.02,-14.03,-5.33,9.01,133.38,-0.07,-1.3,-1.19,0.05,5,2539,17592
174,1,174,835.23,33.46,33.62,1910.28,34.72,33.03,1.56,1646.81,33.74,-44.1,-33.65,-75.7,-27.09,-4.84,-16.83,12.35,110.65,-0.1,842.76,33.68,33.92,1907.44,39.04,33.02,1.51,1574.11,35.2,-37.49,-41.85,-64.31,-27.6,-3.84,-14.89,13.02,113.25,-0.09,987.11,30.82,31.17,1201.63,33.77,30.03,1.45,911.24,30.95,-44.62,-43.66,-53.21,-25.49,-13.71,-5.24,8.72,142.07,-0.07,-1.31,-1.19,0.05,5,2675,13109
175,1,175,819.08,33.73,33.87,1914.08,36.76,33.03,1.52,1602.91,34.64,-42.78,-36.31,-76.05,-28.01,-5.13,-17.47,12.49,109.61,-0.09,831.09,33.53,33.83,1880.53,38.8,33.02,1.51,1561.31,35.49,-37.1,-41.52,-64.44,-28.05,-4.09,-15.39,13.16,110.88,-0.09,984.61,30.77,31.12,1192.96,33.66,30.03,1.45,903.01,31.16,-44.64,-44.45,-53.58,-28.01,-14.96,-5.51,8.91,134.66,-0.07,-1.3,-1.18,0.05,5,2286,12449
201,1,201,830.76,33.96,34.1,1823.13,39.22,33.02,1.5,1532.68,37.28,-42.24,-36.07,-78.41,-28.14,-7.21,-15.48,13.24,105.51,-0.09,833.58,33.9,33.93,1729.46,39.5,33.02,1.5,1457.21,38.29,-41.03,-43.34,-62.94,-26.96,-6.29,-13.88,13.96,106.62,-0.06,1010.59,31.4,31.82,1240.69,33.79,30.02,1.45,953.61,29.99,-41.93,-47.47,-50.77,-27.43,-9.63,-8.34,8.93,138.49,-0.08,-1.41,-1.14,0.04,5,0,0
202,1,202,846.04,33.92,34.08,1826.08,38.91,33.02,1.49,1528.22,37.39,-42.44,-35.25,-79.45,-27.99,-6.71,-15.68,13.29,107.3,-0.08,852.63,33.98,34.02,1757.13,39.67,33.01,1.49,1462.18,38.05,-42.54,-43.37,-62.56,-27.08,-5.73,-14.03,13.87,107.96,-0.06,1026.22,31.43,31.84,1239.3,33.99,30.01,1.44,943.14,30.25,-43.12,-43.28,-50.53,-26.33,-11.39,-8.8,8.77,143.46,-0.08,-1.39,-1.12,0.04,5,0,0
203,1,203,834.64,33.91,34.06,1798.8,39.41,33.04,1.49,1517.93,37.76,-43.04,-36.33,-80.14,-27.72,-6.94,-15.66,13.25,106.67,-0.08,840.73,33.79,33.82,1688.72,39.35,33.04,1.5,1444.7,38.72,-41.84,-42.54,-59.92,-26.93,-5.99,-14.08,13.88,107.24,-0.06,1001.21,31.26,31.71,1205.85,33.87,30.01,1.45,930.84,30.65,-41.62,-43.38,-49.85,-26.23,-11.69,-8.83,8.9,137.81,-0.08,-1.41,-1.13,0.04,5,0,0
204,1,204,841.66,33.92,34.07,1802.06,39.43,33.02,1.5,1511.61,37.75,-42.5,-35.94,-78.59,-28.05,-6.53,-15.34,13.44,103.8,-0.08,848.21,33.83,33.84,1699.02,39.37,33.02,1.51,1441.66,38.69,-41.61,-42.5,-60.38,-27.17,-5.59,-13.73,14.03,104.56,-0.06,1015.76,31.33,31.77,1236.16,33.52,30.02,1.46,955.85,29.93,-40.32,-48.24,-49.94,-27.13,-10.65,-8.63,8.93,136.44,-0.09,-1.37,-1.08,0.04,5,0,0
205,1,205,849.71,33.92,34.08,1805.74,39.42,33.02,1.49,1518.56,37.57,-42.89,-35.87,-78.73,-27.89,-7.09,-15.42,13.35,104.96,-0.09,855.51,33.92,33.97,1713.32,40.19,33.02,1.49,1438.06,38.76,-41.15,-43.31,-61.63,-26.92,-6.12,-13.88,14.01,105.49,-0.06,989.74,31.27,31.74,1209.08,34.02,30.04,1.45,938.02,30.64,-39.78,-42.1,-49.96,-26.81,-11.89,-8.58,9.25,132.4,-0.09,-1.4,-1.11,0.04,5,0,0
206,1,206,792.89,33.87,34.03,1913.61,36.73,33.03,1.52,1625.53,35.2,-38.48,-35.75,-79.45,-27.79,-6.45,-14.85,12.78,105.87,-0.1,787.29,33.89,34.07,1823.28,38.63,33.03,1.51,1541.55,36.33,-40.34,-42.79,-61.86,-27.07,-5.7,-13.66,13.65,107.22,-0.08,983.01,31.09,31.63,1180.52,33.96,30.05,1.46,927.27,31.01,-42.38,-40.81,-49.13,-26.86,-10.39,-7.6,9.12,133.72,-0.09,-1.39,-1.11,0.04,5,0,0
207,1,207,844.13,33.93,34.09,1866.99,38.18,33.01,1.5,1556.05,36.61,-41.4,-35.46,-79.2,-28.3,-6.89,-15.77,13.24,104.43,-0.09,851.41,34,34.05,1781.34,39.4,33.02,1.49,1474.54,37.79,-41.36,-43.31,-63.35,-27.22,-5.99,-14.25,13.95,106.37,-0.06,1024.6,31.47,31.87,1237.51,34.23,30.02,1.43,936.05,30.57,-41.98,-43.39,-50.55,-27.02,-11.3,-8.61,9,137.39,-0.08,-1.39,-1.12,0.04,5,0,0
208,1,208,824.38,33.75,33.9,1899.44,35.93,33.03,1.54,1632.31,35.06,-38.81,-33.7,-78.55,-28.24,-6.03,-15.05,12.47,110.4,-0.09,831.48,34,34.17,1869.71,38.58,33.03,1.51,1556.48,35.94,-40.2,-42.27,-64.03,-27.4,-5.32,-13.88,13.3,113,-0.08,1021.5,31.32,31.72,1201.95,34.1,30.01,1.44,920.7,30.99,-41.73,-41.36,-50.31,-25.85,-10.13,-7.57,8.9,139.94,-0.08,-1.39,-1.11,0.04,5,0,0
209,1,209,857.23,33.93,34.08,1861.84,38.18,33.04,1.51,1566.49,36.64,-41.4,-35.54,-78.71,-27.87,-6.88,-16.06,12.91,108.81,-0.09,862.63,34.02,34.09,1777.95,39.81,33.03,1.5,1474.82,37.88,-39.69,-42.81,-62.94,-26.91,-6.01,-14.53,13.69,110.41,-0.06,1025.15,31.39,31.78,1225.36,33.92,30.01,1.44,935.88,30.46,-41.27,-45.53,-49.61,-25.76,-12.16,-8.97,8.79,142.34,-0.08,-1.41,-1.12,0.04,5,0,0
210,1,210,833.95,33.88,34.03,1890.39,37.21,33.05,1.51,1594.76,36.01,-40.14,-35.8,-78.36,-28.28,-6.38,-9.56,13.05,104.53,-0.09,841.41,34.04,34.12,1814.94,39.29,33.02,1.49,1503.65,37.14,-39.58,-42.68,-64.02,-27.07,-5.51,-9.08,13.97,106.77,-0.06,1016.74,31.45,31.87,1234.41,34.35,30.02,1.43,929.8,30.73,-42.52,-41.87,-50.96,-28.81,-5.21,2.87,9.04,134.58,-0.08,-1.26,-1.09,0.04,5,0,0
211,1,211,850.61,33.93,34.1,1793.19,39.84,33.02,1.49,1504.94,37.96,-44.93,-36.93,-78.86,-27.39,-6.85,-15.65,13.26,107.74,-0.08,855.69,33.77,33.79,1669.04,39.55,33.04,1.51,1440.98,38.87,-41.48,-43.67,-61.48,-26.43,-5.87,-13.98,13.97,107.89,-0.06,1000.33,31.37,31.86,1237.01,34.16,30.03,1.45,947.32,30.26,-42.81,-51.79,-50.35,-25.46,-10.52,-8.69,8.82,138.58,-0.08,-1.39,-1.11,0.04,5,0,0
212,1,212,854.39,34.02,34.18,1845.45,39.43,33.03,1.48,1528.85,37.44,-43,-36.13,-78.92,-27.68,-6.75,-15.43,13.2,107.93,-0.08,861.07,33.99,34,1746.54,39.73,33.01,1.48,1443.97,38.47,-40.76,-43,-61.89,-26.84,-5.79,-13.89,13.95,108.81,-0.05,1031.07,31.39,31.8,1226.83,34.03,30.03,1.44,945.66,30.26,-42.53,-42.59,-50.12,-25.99,-11.55,-9,9.14,137,-0.08,-1.39,-1.11,0.04,5,0,0
213,1,213,829.89,33.69,33.86,1993.4,33.89,33.02,1.56,1694.57,33.7,-37.76,-34.8,-79.68,-28.17,-6.61,-16.2,12.56,107.47,-0.09,837.18,33.85,34.15,1990.5,36.07,33.03,1.53,1631.32,34.33,-41.1,-43.49,-64.4,-27.63,-5.81,-14.89,13.28,109.91,-0.08,1020.54,31.45,31.88,1244.32,34.12,30.02,1.44,944.39,30.25,-44.19,-44.26,-49.37,-24.87,-15.48,-8.63,8.99,136.6,-0.08,-1.39,-1.12,0.04,5,0,0
214,1,214,862,33.95,34.12,1792.55,40.06,33.05,1.49,1495.68,38.4,-48.09,-35.87,-78.01,-27.5,-6.94,-15.99,13.1,108.43,-0.09,868.06,33.9,33.92,1687.33,40.38,33.03,1.49,1410.88,39.57,-41.66,-44.4,-62.59,-26.56,-5.99,-14.26,13.84,110.43,-0.06,1021.84,31.43,31.81,1233.32,33.87,30.02,1.44,941.32,30.34,-39.62,-44.3,-50.01,-26,-9.11,-8.69,8.84,140.39,-0.08,-1.41,-1.12,0.04,5,0,0
215,1,215,828.56,33.95,34.1,1798.5,39.7,33.03,1.49,1516.95,37.73,-44.69,-36.71,-78.89,-27.93,-6.55,-15.06,13.47,102.88,-0.08,835.01,33.87,33.9,1711.57,39.59,33.03,1.49,1450.97,38.49,-41.2,-43.6,-63.46,-26.84,-5.64,-13.51,14.13,104.23,-0.06,1002.34,31.37,31.78,1216.25,34.16,30.04,1.44,937.74,30.62,-42.01,-47.3,-50.46,-26.66,-9.29,-8.32,9.35,131.48,-0.08,-1.36,-1.08,0.04,5,0,0
216,1,216,832.99,33.94,34.1,1808.81,39.47,33.04,1.5,1524.62,37.58,-44.13,-36.12,-77.9,-27.53,-6.64,-15.8,13.03,108.93,-0.08,840.28,33.91,33.96,1718.82,39.95,33.02,1.5,1442.13,38.6,-40.55,-43.98,-62.05,-26.53,-5.67,-14.11,13.75,110.17,-0.05,998.09,31.4,31.83,1223.85,34.34,30.02,1.44,933.42,30.62,-40.82,-45.01,-50.15,-26.06,-10.4,-8.79,8.67,141.91,-0.08,-1.41,-1.13,0.04,5,0,0
217,1,217,830.52,33.91,34.08,1825.88,38.95,33.03,1.5,1534.81,37.32,-43.94,-35.45,-79.53,-27.57,-6.7,-15.59,13.09,106.67,-0.09,838.05,33.98,34.04,1745.59,40.07,33.02,1.49,1452.46,38.4,-40.58,-43.88,-63.23,-26.58,-5.82,-14.05,13.83,108.24,-0.06,998.23,31.34,31.72,1180.1,34.73,30.01,1.44,903.88,31.56,-39.63,-45.67,-49.57,-25.78,-9.72,-8.09,9.24,134.91,-0.07,-1.37,-1.08,0.04,5,0,0
218,1,218,849.48,33.87,34.02,1864.73,37.61,33.01,1.51,1569.41,36.27,-41.26,-34.77,-79.31,-28.39,-7.41,-15.57,13.14,105.14,-0.09,855.64,34.01,34.06,1798.83,39.14,33.04,1.5,1499.24,37.41,-40.77,-43.65,-62.08,-27.33,-6.47,-14.09,13.83,107.84,-0.06,1030.09,31.37,31.75,1221.87,33.79,30.04,1.45,935.18,30.69,-40.91,-47.61,-50.3,-27.03,-11.16,-8.74,8.91,138.87,-0.08,-1.38,-1.11,0.04,5,0,0
219,1,219,849.89,33.98,34.15,1838.05,39.34,33.03,1.49,1531.72,37.32,-43.85,-35.83,-78.8,-27.93,-7.26,-15.87,13.44,102.36,-0.09,854.65,33.99,34.05,1741.48,40.27,33.02,1.48,1447.47,38.48,-41.44,-42.75,-62.07,-27.08,-6.31,-14.32,14.12,104.48,-0.06,998.91,31.37,31.85,1226.38,34.39,30.02,1.44,938.41,30.42,-41.46,-45.18,-49.41,-25.95,-11.62,-9.03,9.4,131.79,-0.08,-1.42,-1.12,0.04,5,0,0
220,1,220,844.89,33.93,34.08,1900.36,37.43,33.04,1.51,1593.27,36.01,-39.85,-35.69,-76.17,-28.32,-6.67,-16,12.97,105.11,-0.09,851.19,34.01,34.09,1808.3,39.18,33.01,1.5,1501.28,37.11,-41.2,-43.56,-63.86,-27.28,-5.77,-14.41,13.77,107.34,-0.06,1023.21,31.39,31.78,1220.14,34.04,30.02,1.44,938.44,30.49,-41.49,-44.24,-49.92,-26.79,-12.26,-8.81,9.17,135.59,-0.08,-1.39,-1.11,0.04,5,0,0
221,1,221,872.16,33.88,34.04,1802.81,39.13,33.04,1.5,1519.26,37.75,-41.83,-35.86,-79.33,-28.12,-6.97,-16.49,13.21,108.45,-0.08,876.03,33.76,33.78,1695.32,38.84,33.04,1.51,1461.35,38.31,-41.23,-41.71,-59.66,-27.01,-6.04,-14.79,13.83,108.81,-0.06,1035.08,31.42,31.82,1236.26,33.88,30.02,1.45,936.15,30.53,-41.47,-47.99,-49.92,-27.24,-11.19,-9.37,8.75,139.2,-0.08,-1.4,-1.09,0.04,5,0,0
222,1,222,835.19,33.92,34.08,1812.41,39.27,33.02,1.49,1519.25,37.57,-41.95,-36.46,-79.48,-27.34,-6.83,-15.22,13.36,106.56,-0.08,842.62,33.86,33.88,1697.5,39.77,33.03,1.5,1438.98,38.83,-40.93,-43.76,-62.71,-26.67,-5.99,-13.77,14.07,107.16,-0.06,1022.48,31.43,31.85,1243.66,33.94,30.01,1.44,949.31,30.05,-41.26,-43.45,-50.03,-25.44,-9.72,-7.63,9.07,137.63,-0.08,-1.39,-1.11,0.04,5,0,0
223,1,223,858.64,33.99,34.14,1846.85,39.06,33.02,1.48,1534,37.2,-45.37,-35.83,-79.33,-28.25,-7.11,-16.14,13.24,105.11,-0.08,865.39,33.99,34.02,1755.61,39.69,33.01,1.48,1450.79,38.35,-41.69,-42.85,-61.93,-27.19,-6.09,-14.45,14.02,107.04,-0.06,1027.78,31.44,31.78,1201.6,34.57,30.02,1.43,911.81,31.33,-41.75,-55.3,-50.34,-27.68,-12.01,-9.13,9.13,137.4,-0.07,-1.4,-1.11,0.04,5,0,0
224,1,224,849.82,33.95,34.11,1802.99,39.68,33.05,1.49,1513.22,37.94,-43.02,-35.57,-77.45,-27.53,-6.92,-15.39,13.19,107.81,-0.08,855.48,33.89,33.93,1706.67,39.97,33.01,1.49,1430.9,38.88,-41.31,-42.83,-62.61,-26.65,-5.98,-13.79,13.85,108.52,-0.06,1015.55,31.41,31.82,1221.37,34.31,30.02,1.44,935.81,30.56,-41.07,-43.06,-50.23,-25.96,-9.81,-8.43,9.18,136.41,-0.08,-1.4,-1.11,0.04,5,0,0
225,1,225,804.47,33.81,33.98,2030.58,34.15,33.03,1.54,1685.75,33.92,-38.4,-35.81,-82.11,-28.51,-6.66,-16.29,12.48,108.56,-0.09,813.93,33.9,34.18,1960.49,36.84,33.02,1.53,1608.85,34.76,-42.8,-42.82,-61.78,-27.69,-5.89,-14.99,13.27,109.9,-0.08,1016.98,31.43,31.88,1223.95,34.73,30.02,1.44,926.4,30.87,-45.33,-41.99,-50.07,-25.31,-14.81,-8.73,8.92,136.29,-0.08,-1.38,-1.1,0.04,5,0,0
226,1,226,835.95,33.89,34.05,1808.39,39.04,33.04,1.5,1526.87,37.54,-44.08,-35.21,-81.54,-27.73,-7.24,-16.1,13.53,102.33,-0.09,842.62,33.91,33.96,1734.36,39.64,33.02,1.5,1456.55,38.24,-42.04,-42.92,-61.2,-26.89,-6.32,-14.48,14.08,102.79,-0.06,1009.58,31.33,31.75,1218.95,33.86,30.01,1.45,937.47,30.41,-40.93,-46.15,-49.93,-27.95,-10.65,-9.28,9.38,128.58,-0.09,-1.39,-1.1,0.04,5,0,0
227,1,227,838.82,33.95,34.09,1848.18,38.59,33.03,1.5,1551.66,36.9,-40.16,-35.93,-79.56,-28.05,-6.67,-15.91,13.15,107.3,-0.09,844.5,33.93,33.97,1763.3,39.07,33.03,1.5,1479.64,37.75,-41.8,-42.88,-61.26,-27.32,-5.76,-14.36,13.79,108.76,-0.06,1024.68,31.46,31.86,1233.29,34.31,30.02,1.43,935.49,30.56,-41.48,-44.62,-49.72,-25.88,-12.69,-8.78,9.08,138.19,-0.08,-1.37,-1.09,0.04,5,0,0
228,1,228,815.26,33.82,33.98,1931.31,36,33.03,1.53,1641.19,34.85,-38.97,-35.04,-80.05,-28.35,-6.47,-15.95,12.62,107.59,-0.09,823.42,33.98,34.2,1878.7,38.66,33.03,1.51,1564.62,35.77,-40.68,-43.65,-61.36,-27.77,-5.61,-14.47,13.35,109.13,-0.08,1004.01,31.34,31.82,1230.8,34.04,30.04,1.45,940.87,30.49,-44.05,-43.91,-50.13,-26.33,-12.69,-8.48,8.76,139.68,-0.08,-1.39,-1.12,0.04,5,0,0
229,1,229,848.36,33.9,34.06,1765.67,40.12,33.03,1.49,1481.8,38.58,-48.03,-35.73,-79.94,-27.61,-6.89,-15.35,13.39,105.3,-0.08,855.68,33.79,33.81,1669.22,39.74,33.03,1.5,1424.5,39.23,-42.31,-42.67,-61.99,-26.75,-5.91,-13.79,13.93,106.38,-0.06,1009.77,31.35,31.76,1207.83,34.26,30.03,1.45,928.33,30.84,-40.87,-44.64,-50.65,-25.73,-10.39,-8.42,8.89,139.07,-0.08,-1.4,-1.11,0.03,5,0,0
230,1,230,851.54,33.98,34.14,1807.18,39.92,33.03,1.48,1502.34,38.09,-45.47,-35.74,-80.05,-26.98,-7.07,-15.66,13.17,110,-0.09,856.43,33.92,33.94,1706.09,40.13,33.03,1.49,1423.61,39.19,-41.13,-43.39,-63.85,-26.31,-6.17,-14.13,13.84,110.7,-0.06,1019.34,31.37,31.73,1198.09,34.3,30.03,1.44,924.58,31.01,-39.45,-43.4,-49.9,-24.04,-9.38,-8.68,9.18,138.97,-0.08,-1.4,-1.11,0.03,5,0,0
261,1,261,853.32,34.02,34.16,1961.59,35.92,33.03,1.53,1652.39,33.76,-41.22,-38.2,-77.37,-28.31,-3.44,-16.32,12.95,105.99,-0.1,858.83,34.08,34.17,1958.42,36.56,33.02,1.54,1630.07,34.17,-37.25,-40.65,-64.61,-28.05,-2.55,-14.73,13.49,107.95,-0.09,991.28,31.52,31.84,1280.66,32.45,30.03,1.46,959.82,29.34,-40.62,-41.45,-51.53,-24.92,-11.9,-7.9,9.21,133.9,-0.08,-1.46,-1.25,0.05,5,0,0
262,1,262,857.51,33.97,34.1,1947.42,35.73,33.03,1.54,1644.67,33.94,-41.41,-36.76,-78.3,-29.2,-3.48,-16.52,12.78,106.32,-0.1,864.2,34.2,34.23,1943.48,37.35,33.02,1.52,1600.02,34.79,-38.05,-41.66,-65.63,-28.6,-2.55,-14.8,13.47,107.94,-0.08,1018.31,31.51,31.8,1291.19,31.95,30.03,1.47,968.21,29.05,-40.55,-41.61,-52.55,-27.85,-12.4,-8.21,8.91,134.89,-0.09,-1.45,-1.28,0.05,5,0,0
263,1,263,856.72,33.98,34.11,1858.78,37.53,33.04,1.52,1557.55,35.85,-45.87,-36.93,-77.31,-28.4,-3.61,-16.13,12.99,107.19,-0.09,861.67,34.14,34.11,1846.76,38.34,33.04,1.51,1526.45,36.57,-38.81,-41.73,-65.25,-27.86,-2.6,-14.36,13.58,109.7,-0.07,986.67,31.47,31.78,1274.62,32.17,30.04,1.47,959.95,29.36,-40.02,-41.49,-52.34,-27.71,-10.05,-7.95,8.77,138.26,-0.08,-1.49,-1.32,0.05,5,0,0
264,1,264,850.23,33.96,34.08,1941.46,35.68,33.02,1.54,1647.61,33.85,-39.65,-36.66,-77.69,-28.41,-3.52,-16.07,12.81,107.98,-0.11,856.72,34.14,34.19,1946.53,36.94,33.02,1.53,1616.6,34.4,-37.5,-41.05,-67.34,-28.12,-2.7,-14.61,13.41,109.36,-0.1,1008.12,31.52,31.82,1289.97,32.05,30.03,1.46,962.2,29.22,-40.85,-39.94,-52.83,-25.29,-10.15,-8.02,8.81,139.07,-0.09,-1.49,-1.31,0.05,5,0,0
265,1,265,880.56,33.99,34.12,1831.44,38.21,33.01,1.51,1521.4,36.48,-52.18,-37.37,-77.35,-28.2,-3.66,-16.06,12.59,112.82,-0.1,887.12,34.05,33.97,1793.09,38.23,33.04,1.51,1492.3,37.32,-39.06,-41.77,-65.51,-27.71,-2.64,-14.24,13.23,115.78,-0.06,1023.61,31.42,31.72,1280.05,31.62,30.03,1.48,973.39,28.91,-38.86,-40.85,-53.2,-27.4,-9.51,-8.26,8.21,144.95,-0.09,-1.48,-1.31,0.05,5,0,0
266,1,266,864.02,34.05,34.17,1921.76,36.79,33.03,1.53,1614.74,34.53,-41.39,-38.61,-77.73,-28.4,-3.67,-16.32,12.69,109.99,-0.09,869.87,34.05,34.06,1902.97,36.69,33.03,1.54,1593.06,35,-37.33,-39.81,-66.32,-27.98,-2.87,-15.01,13.33,111.62,-0.07,1003.04,31.48,31.76,1276.16,32.04,30.03,1.47,965.9,29.13,-40.16,-41.5,-52.47,-25.84,-10.88,-7.9,8.65,142.13,-0.08,-1.45,-1.28,0.05,5,0,0
267,1,267,847.19,33.99,34.1,1871.75,37.23,33.03,1.52,1577.55,35.37,-45.04,-36.76,-77.66,-28.16,-3.41,-15.81,12.81,107.61,-0.1,855.25,34.1,34.05,1845.81,37.82,33.03,1.52,1539.07,36.18,-38.31,-41.19,-67.25,-27.57,-2.65,-14.54,13.46,109.74,-0.07,1002.05,31.49,31.77,1270.6,32.22,30.04,1.47,963.68,29.26,-39.78,-42.61,-52.62,-25.97,-9.2,-7.78,8.59,143.54,-0.09,-1.49,-1.31,0.05,5,0,0
268,1,268,814.59,33.92,34.06,1936.7,35.6,33.02,1.54,1653.89,33.67,-38.88,-38.33,-77.48,-28.19,-3.57,-16.46,12.67,109.44,-0.11,823.76,34.03,34.12,1931,36.65,33.03,1.54,1624.81,34.28,-37.54,-41.35,-64.71,-28.01,-2.8,-15.1,13.29,111.72,-0.1,989.03,31.43,31.75,1261.18,32.36,30.04,1.47,950.2,29.64,-41.98,-40.3,-51.63,-24.82,-11.35,-7.79,8.77,140.66,-0.1,-1.45,-1.29,0.05,5,0,0
269,1,269,835.92,33.96,34.1,1971.41,35.29,33.03,1.54,1671.44,33.39,-39.57,-37.4,-78.41,-28.63,-3.35,-16.4,12.43,109.89,-0.1,846.31,34.12,34.2,1973.25,36.52,33.03,1.53,1639.76,34.02,-37.73,-41.39,-66.88,-28.24,-2.63,-15.1,13.16,112.33,-0.08,1019.99,31.57,31.88,1305.4,32.12,30.03,1.46,975.25,28.89,-41.53,-42.1,-52.5,-25.7,-10.6,-7.68,8.7,139.07,-0.09,-1.51,-1.33,0.05,5,0,0
270,1,270,892,33.99,34.09,1834.94,37.87,33.02,1.53,1529.88,36.38,-51.7,-38.1,-78.03,-28.06,-4.01,-16.51,12.97,108.72,-0.09,897.84,33.99,33.89,1808.37,37.24,33.04,1.55,1527.48,36.54,-38.11,-41.66,-65.05,-27.62,-3.02,-14.76,13.5,110.75,-0.06,1013.07,31.35,31.62,1260.91,31.35,30.03,1.5,969.49,29.04,-39.07,-41.46,-52.63,-26.03,-10.26,-8.33,8.19,149.12,-0.08,-1.55,-1.38,0.06,5,0,0
271,1,271,846.94,33.82,33.96,1922.12,35.05,33.02,1.56,1656.5,33.62,-41.77,-35.57,-79.98,-29.08,-3.6,-16.58,12.73,105.18,-0.1,851.32,34.08,34.21,1931.97,37.42,33.03,1.53,1611.27,34.58,-37.62,-41.38,-66.58,-28.46,-2.84,-15.22,13.4,107.73,-0.09,982.7,31.41,31.72,1253.69,32.32,30.04,1.47,945.95,29.78,-41.48,-41.89,-52.02,-27.14,-12.4,-7.81,8.94,135.29,-0.07,-1.48,-1.31,0.05,5,0,0
272,1,272,859.81,33.94,34.05,1897.55,36.28,33.04,1.53,1606.43,34.83,-41.93,-38.21,-78.54,-28.28,-3.37,-16.11,13.07,106.81,-0.11,865.92,34.1,34.11,1888.73,37.47,33.03,1.52,1569.53,35.51,-38.75,-43.45,-65.43,-27.95,-2.56,-14.56,13.61,108.55,-0.08,1005.73,31.46,31.82,1318.41,31.4,30.03,1.47,994.25,28.31,-41.57,-40.22,-52.05,-26.12,-11.46,-7.97,8.75,137.91,-0.11,-1.45,-1.28,0.05,5,0,0
273,1,273,881.11,33.93,34.06,1901.92,36.24,33.03,1.54,1603.51,34.79,-44.63,-35.51,-78.34,-28.59,-3.7,-16.71,12.65,109.86,-0.1,886.41,34.19,34.17,1882.28,38.09,33.04,1.52,1546.57,36.06,-39.02,-41.37,-66.68,-28.03,-2.8,-15.04,13.32,112.71,-0.07,1023.67,31.48,31.75,1288.88,31.58,30.03,1.48,975.71,28.84,-40.04,-40.84,-52.72,-26.71,-12.43,-8.27,8.57,141.61,-0.09,-1.49,-1.31,0.05,5,0,0
274,1,274,882.05,34.06,34.16,1886.68,37.38,33.03,1.52,1572.37,35.47,-43.88,-38.43,-78.44,-28.43,-3.6,-16.61,13.16,106.93,-0.09,887.97,34.05,34.04,1873.4,37.14,33.04,1.53,1567.06,35.65,-39.31,-41.14,-63.98,-28.12,-2.7,-14.86,13.64,108.5,-0.07,1023.18,31.29,31.58,1263.4,31.02,30.03,1.49,976.49,28.84,-39.31,-40.62,-52.38,-26.67,-13.26,-8.02,8.69,138.7,-0.09,-1.49,-1.32,0.05,5,0,0
275,1,275,862.65,33.9,34.03,1842.93,37.22,33.05,1.53,1554.51,35.99,-47.93,-36.45,-78.17,-28.05,-3.74,-16.13,13.03,107.36,-0.11,868.75,34.06,33.99,1808.36,38.1,33.02,1.52,1506.88,36.84,-40.06,-42.19,-66.15,-27.61,-2.89,-14.57,13.58,109.53,-0.07,1016.66,31.39,31.67,1271.26,31.48,30.04,1.48,972.7,29.01,-39.89,-40.8,-52.78,-25.85,-10.66,-8.06,8.69,140.45,-0.1,-1.5,-1.34,0.05,5,0,0
276,1,276,854.79,33.95,34.06,1888.25,36.53,33.03,1.53,1598.13,34.88,-44.1,-36.45,-78.57,-28.64,-3.33,-16.34,13.01,106.01,-0.09,861.41,34.14,34.15,1891.28,37.72,33.03,1.52,1566.49,35.54,-36.97,-41.98,-67.93,-27.96,-2.53,-14.76,13.63,108.21,-0.07,996.75,31.44,31.71,1257.93,32.11,30.03,1.47,952.03,29.58,-39.12,-41.12,-52.32,-27.43,-9.03,-8.03,9.02,134.97,-0.08,-1.57,-1.4,0.05,5,0,0
277,1,277,851.76,33.81,33.95,1939.04,34.62,33.03,1.56,1669.25,33.43,-39.75,-35.05,-78.37,-28.68,-3.47,-16.33,12.43,110.68,-0.1,861.22,34.14,34.22,1958.08,36.96,33.02,1.54,1626.19,34.2,-37.45,-41.96,-68.03,-28.26,-2.81,-15.04,13.05,112.95,-0.09,1029.52,31.46,31.7,1264.25,31.88,30.03,1.47,948.6,29.67,-40.55,-39.21,-52.08,-25.97,-10.24,-7.79,8.52,143.79,-0.07,-1.58,-1.4,0.05,5,0,0
278,1,278,887.07,33.89,34.03,1885.73,36.33,33.03,1.54,1590.77,35.05,-45.62,-35.45,-79.4,-27.63,-3.79,-16.45,12.67,112.23,-0.1,893.27,34.14,34.09,1853.53,38,33.02,1.52,1526.14,36.38,-39.34,-41.71,-66.7,-27.32,-2.91,-14.83,13.31,114.61,-0.07,1031.48,31.42,31.67,1284.91,31.16,30.04,1.48,980.59,28.77,-39.67,-40.54,-52.6,-23.99,-12.09,-8.05,8.56,144.6,-0.08,-1.55,-1.37,0.05,5,0,0
279,1,279,870.44,34.01,34.13,1930.44,36.28,33.02,1.53,1626.19,34.28,-42.55,-37.48,-78.39,-29.11,-3.42,-16.49,12.78,107.83,-0.1,878.73,34.1,34.13,1917.77,37.06,33.04,1.53,1592.15,35.08,-38.02,-41.49,-67.98,-28.34,-2.6,-14.97,13.49,109.85,-0.09,1030.36,31.41,31.67,1262.02,31.71,30.03,1.47,960.26,29.32,-39.5,-42.3,-51.39,-27.27,-12.03,-7.87,8.89,140.13,-0.09,-1.55,-1.39,0.05,5,0,0
280,1,280,851.06,33.88,34.01,1910.4,35.69,33.03,1.54,1615.84,34.5,-40.93,-35.02,-78.73,-28.44,-3.64,-16.42,12.89,106.7,-0.1,859.01,34.18,34.2,1903.63,37.95,33.01,1.52,1563.06,35.51,-38.48,-41.24,-67.21,-27.75,-2.89,-14.96,13.56,109.21,-0.08,1012.33,31.45,31.73,1266.53,32.04,30.02,1.47,945.35,29.7,-41.18,-40.82,-51.59,-27.45,-10.52,-7.87,9.11,134.57,-0.09,-1.51,-1.33,0.05,5,0,0
281,1,281,886.86,33.89,34.02,1778.52,38.54,33.03,1.51,1493.8,37.25,-51.14,-37.02,-79.34,-27.64,-3.78,-16.59,13.1,107.95,-0.08,892.69,33.81,33.71,1716.37,37.74,33.04,1.56,1520.95,36.65,-42.79,-42.66,-65.01,-27.36,-2.81,-14.63,13.55,109.59,-0.06,1025.72,31.2,31.49,1251.17,30.72,30.03,1.5,988.62,28.47,-37.1,-40.86,-52.41,-25.99,-9.69,-8.24,8.4,141.51,-0.09,-1.62,-1.46,0.05,5,0,0
282,1,282,877.58,34.04,34.14,1907.03,36.81,33.03,1.53,1600.07,34.85,-45.09,-38.07,-78.29,-28.67,-3.79,-16.56,12.93,108.02,-0.09,880.22,34.11,34.13,1894.39,37.46,33.03,1.53,1566.92,35.56,-37.54,-42.31,-65.19,-28.09,-2.95,-15.05,13.47,110.02,-0.07,983.14,31.44,31.76,1297.18,31.49,30.04,1.48,978.49,28.8,-39.25,-46.82,-53,-26.88,-12.96,-8.35,8.47,141.96,-0.09,-1.68,-1.48,0.05,5,0,0
283,1,283,833.87,33.98,34.13,1991.53,35.16,33.01,1.54,1680.59,33.11,-40.83,-37.99,-80.06,-28.31,-3.43,-16.67,12.46,108.5,-0.11,838.97,34.04,34.17,1966.31,36.43,33.02,1.54,1643.2,33.88,-38.42,-41.28,-67.5,-27.91,-2.68,-15.2,13.17,110.45,-0.09,981.28,31.41,31.76,1277.38,32,30.04,1.47,966.84,29.14,-42.21,-41.91,-52.45,-25.67,-12.36,-7.84,8.85,136.2,-0.08,-1.58,-1.39,0.05,5,0,0
284,1,284,825.09,33.83,33.96,1933.29,34.81,33.02,1.56,1664.96,33.46,-40.23,-34.97,-79.45,-28.34,-3.51,-16.1,12.58,106.73,-0.1,835.56,34.11,34.17,1935.05,37.04,33.02,1.54,1617.62,34.37,-38.45,-41.62,-68.37,-28.1,-2.8,-14.81,13.22,109.52,-0.09,1008.52,31.47,31.79,1295.9,31.74,30.03,1.48,981.49,28.67,-41.18,-40.17,-52.93,-26.28,-9.99,-7.82,8.68,136.82,-0.09,-1.5,-1.34,0.05,5,0,0
285,1,285,841.08,33.97,34.09,1984.68,34.95,33.01,1.55,1681,33.1,-41.01,-37.12,-79.81,-29.32,-3.56,-16.36,12.23,112.33,-0.1,851.99,34.09,34.14,1977.86,35.92,33.03,1.54,1654.26,33.72,-38.46,-41.08,-65.94,-28.78,-2.81,-15.03,12.94,114.27,-0.08,1027.5,31.49,31.81,1296.2,31.84,30.03,1.48,971.12,28.95,-41.74,-43.55,-52.27,-27.39,-12.23,-7.92,8.35,140.91,-0.08,-1.5,-1.34,0.05,5,0,0
286,1,286,826.54,33.99,34.15,1978.85,35.49,33.01,1.54,1670.5,33.3,-40.68,-38.48,-81.54,-28.36,-3.39,-16.79,12.51,108.52,-0.11,834.07,34.05,34.14,1934.75,36.75,33.03,1.54,1620,34.39,-38.88,-41.87,-67.28,-27.98,-2.67,-15.4,13.28,109.84,-0.09,990.2,31.45,31.81,1299.44,31.76,30.03,1.48,983.36,28.64,-41.13,-41.57,-51.93,-25.78,-12.06,-7.95,8.52,142.29,-0.09,-1.56,-1.38,0.05,5,0,0
287,1,287,851.49,33.84,33.96,1910.48,35.3,33.02,1.55,1637.87,34.03,-41.45,-36.24,-78.86,-28.84,-3.47,-16.34,12.69,107.2,-0.1,859.17,34.1,34.13,1899.84,37.41,33.03,1.53,1586.59,35.14,-39.91,-41.55,-64.99,-28.43,-2.76,-14.95,13.35,109.78,-0.08,1020.69,31.41,31.75,1289.2,31.58,30.03,1.48,972.68,28.94,-41.73,-39.55,-52.36,-26.97,-11.63,-7.75,8.59,137.73,-0.09,-1.64,-1.47,0.05,5,0,0
288,1,288,875.29,33.89,34.01,1830.61,37.31,33.05,1.53,1551.82,36.05,-50.47,-36.15,-79.36,-28.04,-3.75,-16.71,13.11,107.85,-0.1,879.72,34.06,34.03,1811.87,38.36,33.03,1.52,1509.38,36.83,-39.07,-41.78,-67.29,-27.6,-2.8,-14.97,13.61,109.54,-0.07,982.6,31.31,31.57,1253.36,31.23,30.03,1.49,976.64,28.8,-38.73,-43.47,-52.36,-25.23,-13.01,-8.17,8.66,143.81,-0.09,-1.55,-1.35,0.05,5,0,0
289,1,289,874.12,33.95,34.07,1889.73,36.55,33.04,1.53,1592.51,35.09,-44.03,-35.89,-78.88,-28.15,-3.69,-16.32,12.89,109.41,-0.09,881.69,34.13,34.12,1884.91,37.64,33.04,1.52,1561.91,35.71,-38.91,-40.88,-66.35,-27.87,-2.87,-14.8,13.44,111.86,-0.07,1028.69,31.44,31.71,1276.82,31.59,30.04,1.47,968.1,29.15,-38.64,-40.95,-52.66,-25.19,-10.69,-8.06,8.85,141.19,-0.08,-1.54,-1.34,0.05,5,0,0
290,1,290,857.31,33.9,34.04,1843.81,37.3,33.04,1.52,1557.64,35.89,-48.34,-35.62,-78.88,-28.19,-3.4,-15.92,12.94,106.54,-0.09,865.72,34.14,34.09,1812.4,38.94,33.02,1.5,1492.01,37.16,-37.91,-42.25,-69.62,-27.64,-2.68,-14.51,13.6,108.63,-0.06,1014.98,31.52,31.79,1269.27,32.42,30.04,1.46,957.65,29.45,-38.82,-39.64,-53.26,-26.92,-8.64,-7.86,8.83,136.92,-0.08,-1.57,-1.38,0.05,5,0,0
291,1,291,872.71,34.01,34.13,1903.45,36.85,33.02,1.53,1589.9,35.04,-47.33,-37.69,-79.86,-27.45,-3.81,-16.61,12.7,110.62,-0.11,880.65,34.07,34.01,1857.46,37.19,33.03,1.54,1550.22,35.96,-38.84,-42.12,-63.77,-27.4,-2.78,-14.67,13.3,113.2,-0.07,1020.9,31.36,31.67,1278.88,31.29,30.03,1.5,982.99,28.64,-39.34,-42.26,-52.02,-24.36,-11.14,-7.87,8.58,141.61,-0.1,-1.6,-1.44,0.05,5,0,0
292,1,292,860.78,34.01,34.12,1936.9,36.1,33.03,1.53,1633.12,34.16,-41.68,-37.79,-79.98,-28.87,-3.86,-16.44,12.9,106.22,-0.1,867.14,34.09,34.11,1908.46,37.05,33.04,1.53,1590.27,35.13,-37.95,-42.31,-65.66,-28.3,-2.89,-14.67,13.58,108.27,-0.08,1008.29,31.43,31.74,1282.46,31.7,30.03,1.47,971.96,28.97,-40.45,-41.31,-52.45,-27.67,-10.74,-7.67,8.99,134.78,-0.09,-1.62,-1.45,0.05,5,0,0
293,1,293,857.12,33.97,34.08,1944.86,35.56,33.02,1.54,1651.77,33.76,-39.87,-36.29,-78.63,-29.08,-3.44,-16.51,12.96,103.65,-0.1,866.15,34.14,34.19,1957.26,36.77,33.03,1.53,1625.96,34.31,-36,-42.98,-67.96,-28.52,-2.55,-14.8,13.59,106.6,-0.09,1032.91,31.52,31.81,1316.48,31.33,30.04,1.48,989.42,28.52,-39.4,-38.46,-53.05,-27.56,-8.46,-7.8,8.96,131.74,-0.09,-1.57,-1.38,0.05,5,0,0
294,1,294,849.67,33.88,33.99,1900.01,35.72,33.02,1.55,1615.13,34.49,-40.82,-35.43,-79,-28.29,-3.5,-16.15,12.55,109.05,-0.1,858.2,34.14,34.14,1902.01,37.46,33.02,1.53,1577.22,35.24,-37.19,-41.59,-66.94,-27.9,-2.66,-14.57,13.22,112.57,-0.08,1018.5,31.45,31.75,1290.06,31.55,30.04,1.48,967.93,29.12,-41.82,-39.36,-52.64,-26.9,-8.24,-7.56,8.35,142.52,-0.09,-1.62,-1.45,0.05,5,0,0
295,1,295,838.89,33.92,34.05,1950.25,35.26,33.02,1.56,1665.34,33.48,-41.4,-37.08,-80.15,-27.73,-3.64,-16.72,12.32,111.95,-0.1,845.03,34.01,34.1,1929.38,36.53,33.02,1.55,1622.16,34.29,-38.84,-40.99,-65.45,-27.6,-2.7,-14.99,13,114.06,-0.09,989.62,31.28,31.6,1252.87,31.45,30.03,1.49,964.08,29.17,-41.58,-41.94,-52.2,-24.35,-12.04,-7.86,8.54,143.27,-0.08,-1.55,-1.38,0.08,5,0,0
