Header Section,,,,,,,,,,,,,,,,,,,,,,,,,,,,,,,,,,,,,,,,,,,,,,,,,,,,,,,,,,,,,,,,,,,,
Product,VC7593,,,,,,,,,,,,,,,,,,,,,,,,,,,,,,,,,,,,,,,,,,,,,,,,,,,,,,,,,,,,,,,,,,,
Test Plan,Rev(-),,,,,,,,,,,,,,,,,,,,,,,,,,,,,,,,,,,,,,,,,,,,,,,,,,,,,,,,,,,,,,,,,,,
Release Date,8/8/2013 17:30,,,,,,,,,,,,,,,,,,,,,,,,,,,,,,,,,,,,,,,,,,,,,,,,,,,,,,,,,,,,,,,,,,,
Comment,901~909 was for JCET E3.14.1,,,,,,,,,,,,,,,,,,,,,,,,,,,,,,,,,,,,,,,,,,,,,,,,,,,,,,,,,,,,,,,,,,,
,,,,,,,,,,,,,,,,,,,,,,,,,,,,,,,,,,,,,,,,,,,,,,,,,,,,,,,,,,,,,,,,,,,,
Data Section,,,,,,,,,,,,,,,,,,,,,,,,,,,,,,,,,,,,,,,,,,,,,,,,,,,,,,,,,,,,,,,,,,,,
Device#,1,2,3,4,5,6,7,8,9,10,11,12,13,14,15,16,17,18,19,20,21,22,23,24,25,26,27,28,29,30,31,32,33,34,35,36,37,38,39,40,41,42,43,44,45,46,47,48,49,50,51,52,53,54,55,56,57,58,59,60,61,62,63,64,65,66,67,68
Test Item,Site No,Device ID,GSM824 Idle Current,GSM824 Max Pout @ 0dBm Drive,GSM824 Max Pout @ 3dBm Drive,GSM824 Max Icc,GSM824 Max PAE,GSM824 Rated Pout,GSM824 Rated Vramp,GSM824 Rated Icc,GSM824 Rated PAE,GSM824 2nd har@30dBm,GSM824 3rd har@30dBm,GSM824 Fwd Isolation 1,GSM824 Fwd Isolation 2,GSM824 Pout Leakage@TRX1,GSM824 Pout Leakage@TRX2,GSM824 Pout Leakage@TRX3,GSM824 Pout Leakage@TRX5,GSM824 CMOS Pout,GSM824 Pout Slope,GSM824 Stress Delta,GSM915 Idle Current,GSM915 Max Pout @ 0dBm Drive,GSM915 Max Pout @ 3dBm Drive,GSM915 Max Icc,GSM915 Max PAE,GSM915 Rated Pout,GSM915 Rated Vramp,GSM915 Rated Icc,GSM915 Rated PAE,GSM915 2nd har@30dBm,GSM915 3rd har@30dBm,GSM915 Fwd Isolation 1,GSM915 Fwd Isolation 2,GSM915 Pout Leakage@TRX1,GSM915 Pout Leakage@TRX2,GSM915 Pout Leakage@TRX3,GSM915 Pout Leakage@TRX5,GSM915 CMOS Pout,GSM915 Pout Slope,GSM915 Stress Delta,DCS1710 Idle Current,DCS1710 Max Pout @ 0dBm Drive,DCS1710 Max Pout @ 3dBm Drive,DCS1710 Max Icc,DCS1710 Max PAE,DCS1710 Rated Pout,DCS1710 Rated Vramp,DCS1710 Rated Icc,DCS1710 Rated PAE,DCS1710 2nd har@30dBm,DCS1710 3rd har@30dBm,DCS1710 Fwd Isolation 1,DCS1710 Fwd Isolation 2,DCS1710 Pout Leakage@TRX1,DCS1710 Pout Leakage@TRX2,DCS1710 Pout Leakage@TRX3,DCS1710 Pout Leakage@TRX5,DCS1710 CMOS Pout,DCS1710 Pout Slope,DCS1710 Stress Delta,Insertion Loss TRX1,Insertion Loss TRX2,Insertion Loss TRX3,Insertion Loss TRX5,Leakage Current,Leakage Current Wait Time
Low Tolerance,,,60,0.3,0.3,60,,,,60,,2,2,3,2,3,3,3,3,,,,60,0.3,0.3,60,,,,60,,2,2,3,2,3,3,3,3,,,,60,0.3,0.3,60,,,,60,,3,3,3,2,3,3,3,3,,,,0.3,0.3,0.3,0.3,5,
High Tolerance,,,60,0.3,0.3,60,,,,60,,2,2,3,2,3,3,3,3,,,,60,0.3,0.3,60,,,,60,,2,2,3,2,3,3,3,3,,,,60,0.3,0.3,60,,,,60,,3,3,3,2,3,3,3,3,,,,0.3,0.3,0.3,0.3,5,
Enable,,,1,1,1,1,0,0,0,1,0,1,1,0,1,1,1,1,1,0,0,0,1,1,1,1,0,0,0,1,0,1,1,0,1,1,1,1,1,0,0,0,1,1,1,1,0,0,0,1,0,1,1,1,1,1,1,1,1,0,0,0,1,1,1,1,1,0
901,1,901,986.863,33.938,34.038,1888.512,37.795,33.051,1.538,1622.47,35.049,-46.961,-34.085,-61.913,-28.269,-15.223,-23.699,-15.074,-6.027,12.784,90.338,-0.027,1011.814,33.714,33.675,1803.912,36.395,32.973,1.538,1580.365,35.346,-38.622,-41.405,-57.927,-26.232,-17.413,-20.232,-11.787,-4.052,13.319,90.202,-0.023,1122.12,31.862,32.098,1261.446,36.196,29.918,1.388,871.073,31.737,-37.331,-41.393,-48.141,-32.472,-24.905,-1.274,-14.076,-12.921,8.358,105.092,-0.021,-1.617,-1.208,-1.397,-1.664,0.394,35
902,1,902,1018.081,33.893,33.987,1857.513,37.98,33.06,1.538,1601.511,35.581,-47.774,-33.791,-62.294,-26.159,-14.807,-24.345,-15.22,-5.591,12.895,89.401,-0.027,1000.109,33.662,33.635,1792.139,36.296,32.951,1.538,1569.104,35.413,-37.941,-40.794,-58.211,-23.637,-17.189,-20.526,-12.021,-3.723,13.369,90.762,-0.024,1118.046,31.888,32.143,1270.236,36.321,29.919,1.388,875.879,31.568,-39.591,-40.804,-48.56,-32.173,-24.397,-1.498,-13.838,-12.509,8.421,102.997,-0.022,-1.605,-1.201,-1.375,-1.656,0.394,35
903,1,903,987.244,33.863,33.974,1896.874,37.077,32.984,1.538,1636.464,34.219,-46.724,-33.703,-61.756,-27.873,-15.325,-23.524,-15.174,-6.141,12.768,89.424,-0.028,994.594,33.762,33.781,1850.103,36.365,32.973,1.538,1615.286,34.577,-37.115,-41.021,-58.064,-25.795,-17.616,-20.363,-11.906,-4.139,13.314,89.812,-0.025,1119.618,31.925,32.169,1276.19,36.369,29.933,1.388,881.698,31.458,-37.538,-43.58,-47.733,-32.634,-24.843,-1.427,-14.202,-13.011,8.41,102.795,-0.021,-1.64,-1.223,-1.415,-1.687,0.394,35
904,1,904,969.616,33.882,34.003,1904.568,37.175,32.928,1.54,1625.926,33.999,-45.638,-33.783,-61.608,-28.067,-15.462,-23.571,-15.036,-6.354,12.482,92.907,-0.028,920.943,33.733,33.773,1845.177,36.392,32.982,1.551,1617.566,34.603,-38.6,-41.032,-58.216,-26.378,-17.685,-20.194,-11.732,-4.277,13.053,93.194,-0.026,1086.08,31.853,32.089,1259.851,36.172,30.024,1.406,881.087,32.15,-37.026,-41.872,-48.547,-31.882,-24.752,-1.287,-13.93,-13.149,8.263,107.272,-0.021,-1.622,-1.203,-1.389,-1.659,0.394,35
905,1,905,990.337,33.917,34.035,1915.057,37.251,33.005,1.538,1645.26,34.202,-44.47,-34.556,-61.891,-27.31,-15.275,-24.026,-15.564,-6.462,13.026,87.739,-0.027,961.39,33.736,33.801,1858.999,36.353,32.946,1.538,1615.875,34.354,-36.859,-41.147,-58.361,-25.211,-17.828,-20.505,-12.213,-4.473,13.512,87.208,-0.026,1115.223,31.869,32.109,1266.072,36.157,29.947,1.388,878.752,31.669,-37.162,-46.022,-48.439,-32.472,-24.88,-1.491,-14,-13.348,8.681,101.004,-0.022,-1.634,-1.217,-1.401,-1.658,0.394,35
906,1,906,889.817,33.949,34.038,1865.328,38.265,33.09,1.538,1613.912,35.554,-46.846,-35.722,-62.047,-28.198,-15.602,-23.191,-14.84,-6.324,12.882,90.132,-0.027,1024.72,33.628,33.57,1769.547,36.213,32.927,1.538,1557.239,35.493,-38.202,-41.313,-58.699,-26.63,-17.952,-20.31,-11.747,-4.424,13.438,90.393,-0.023,1101.336,31.854,32.095,1263.505,36.115,29.929,1.39,879.336,31.515,-37.184,-43.407,-48.298,-32.039,-24.931,-1.386,-14.134,-13.208,8.403,104.319,-0.022,-1.623,-1.213,-1.401,-1.666,0.394,35
907,1,907,960.694,33.933,34.041,1875.928,38.077,33.018,1.538,1611.447,35.02,-45.474,-34.577,-61.515,-27.084,-15.288,-23.52,-15.279,-6.246,12.622,92.074,-0.028,939.348,33.652,33.668,1788.618,36.647,32.924,1.538,1566.617,35.258,-38.583,-41.141,-58.174,-24.789,-17.767,-20.276,-12.003,-4.3,13.205,92.14,-0.025,1064.285,31.845,32.097,1240.813,36.791,30.035,1.406,872.833,32.534,-36.483,-48.944,-48.164,-31.72,-24.83,-1.36,-13.812,-13.035,8.185,106.576,-0.022,-1.632,-1.215,-1.401,-1.661,0.394,35
908,1,908,971.587,33.923,34.033,1886.854,37.789,33.021,1.538,1622.929,34.796,-45.436,-34.026,-62.114,-27.969,-15.366,-23.337,-15.19,-6.13,12.651,91.002,-0.028,944.907,33.658,33.677,1802.999,36.435,32.939,1.538,1584.342,34.983,-39.78,-40.779,-58.558,-26.382,-17.696,-20.139,-11.906,-4.181,13.173,90.952,-0.025,1092.937,31.905,32.158,1251.53,36.993,29.947,1.388,867.726,32.069,-37.3,-42.894,-48.109,-31.962,-24.972,-1.412,-13.802,-12.976,8.302,105.722,-0.022,-1.613,-1.197,-1.376,-1.647,0.394,35
909,1,909,912.154,33.964,34.058,1883.88,38.063,33.068,1.538,1618.085,35.287,-48.435,-34.677,-62.025,-28.393,-15.023,-24.318,-15.475,-6.16,12.554,93.259,-0.027,1032.811,33.727,33.687,1809.72,36.382,32.978,1.538,1578.255,35.431,-38.016,-41.138,-58.615,-26.54,-17.652,-20.501,-12.153,-4.205,13.094,93.699,-0.023,1123.036,31.897,32.135,1273.069,36.175,29.908,1.388,873.049,31.589,-39.718,-45.915,-48.477,-32.17,-24.701,-1.325,-13.73,-13.259,8.053,108.333,-0.022,-1.638,-1.211,-1.411,-1.666,0.394,35
401,1,401,854.187,33.689,33.781,1866.487,36.048,33.059,1.575,1641.957,34.699,-47.226,-47.046,-63.256,-26.769,-10.354,-17.689,-25.33,-9.079,12.496,88.984,-0.027,971.542,33.432,33.442,1783.005,34.895,32.937,1.582,1602.008,34.58,-43.297,-46.612,-64.467,-25.764,-9.41,-17.96,-18.162,-8.164,13.046,89.752,-0.021,1035.417,31.451,31.673,1272.347,32.547,30.02,1.462,926.655,30.537,-42.354,-35.427,-63.44,-31.844,-18.046,-0.888,-2.632,-18.424,7.817,109.628,-0.022,-1.631,-1.395,-1.625,-1.627,6.372,35
402,1,402,855.585,33.578,33.688,1883.213,34.969,32.919,1.577,1649.033,33.457,-47.056,-42.654,-63.031,-27.496,-10.084,-18.891,-25.881,-8.13,12.144,91.867,-0.027,821.134,33.518,33.605,1853.987,34.849,32.932,1.579,1632.377,33.895,-38.751,-46.269,-64.598,-26.434,-9.152,-18.397,-18.557,-7.169,12.736,93.295,-0.023,1024.911,31.527,31.755,1251.857,33.709,30.002,1.444,905.265,31.132,-41.688,-36.705,-63.47,-31.143,-18.908,-0.948,-2.383,-14.673,7.767,111.629,-0.022,-1.627,-1.406,-1.611,-1.652,6.044,35
403,1,403,876.315,33.624,33.731,1894.91,35.098,33.018,1.575,1666.503,33.864,-48.396,-45.132,-63.56,-25.278,-10.128,-18.025,-25.398,-7.759,12.593,86.975,-0.027,844.825,33.502,33.525,1836.673,34.532,32.956,1.575,1630.649,34.122,-39.498,-46.079,-64.838,-24.149,-9.205,-18.14,-18.248,-6.91,13.236,88.677,-0.022,1049.657,31.471,31.712,1269.297,32.916,29.992,1.444,911.793,30.835,-43.035,-37.649,-63.368,-31.859,-18.82,-0.829,-2.553,-14.511,7.958,106.633,-0.022,-1.633,-1.418,-1.623,-1.665,6.086,35
404,1,404,857.709,33.655,33.745,1859.387,35.88,33.011,1.575,1627.554,34.62,-47.498,-45.54,-63.82,-28.017,-9.811,-16.707,-25.242,-7.522,12.467,89.957,-0.026,964.893,33.49,33.504,1796.095,35.142,32.923,1.575,1593.198,34.655,-39.984,-46.125,-63.43,-27.199,-9.033,-17.877,-18.118,-6.697,12.919,90.577,-0.02,1043.487,31.543,31.759,1256.581,33.611,29.986,1.444,907.133,30.951,-43.601,-36.878,-63.989,-30.859,-18.441,-1.336,-2.868,-13.719,8.07,109.893,-0.021,-1.592,-1.377,-1.587,-1.634,6.189,35
405,1,405,847.965,33.594,33.68,1779.297,36.941,32.908,1.538,1535.513,35.838,-50.803,-43.217,-63.98,-24.74,-9.61,-17.136,-25.469,-7.165,12.791,88.102,-0.026,808.724,33.351,33.352,1710.741,35.625,32.927,1.575,1552.173,35.607,-43.615,-45.051,-62.374,-23.841,-8.819,-17.787,-18.149,-6.226,13.167,88.825,-0.02,1055.637,31.412,31.663,1250.437,33.039,30.082,1.46,916.056,31.339,-44.695,-36.523,-63.896,-32.058,-17.965,-1.006,-2.543,-12.215,7.921,106.393,-0.023,-1.586,-1.38,-1.579,-1.644,6.378,35
406,1,406,854.831,33.616,33.713,1864.328,35.521,32.995,1.575,1638.258,34.267,-48.285,-42.091,-64.436,-24.97,-10.367,-18.162,-25.281,-7.329,12.547,87.13,-0.026,918.729,33.53,33.585,1826.179,35.212,32.961,1.575,1613.499,34.521,-41.357,-45.129,-64.189,-23.95,-9.304,-18.156,-18.164,-6.493,13.046,88.001,-0.021,1045.821,31.524,31.757,1271.399,33.207,30.09,1.462,930.486,30.907,-42.668,-37.24,-63.421,-31.942,-19.25,-1.011,-2.471,-12.879,8.121,105.107,-0.022,-1.613,-1.391,-1.611,-1.66,5.828,35
407,1,407,951.633,33.62,33.766,1919.843,34.92,33.013,1.594,1694.053,33.273,-45.493,-43.597,-65.419,-27.873,-10.774,-16.901,-24.955,-8.514,12.323,87.984,-0.028,940.414,33.531,33.599,1854.092,34.795,32.945,1.582,1638.356,33.875,-40.752,-44.474,-64.839,-26.742,-9.647,-17.979,-17.995,-7.67,12.916,88.579,-0.023,1047.549,31.497,31.773,1289.635,32.854,30.017,1.462,941.669,30.033,-41.065,-36.472,-63.723,-31.715,-18.89,-1.298,-3.032,-16.595,8.093,106.331,-0.023,-1.577,-1.364,-1.573,-1.593,5.999,35
408,1,408,952.751,33.614,33.726,1894.887,35.06,32.914,1.575,1654.896,33.297,-45.196,-45.532,-63.451,-26.327,-10.327,-17.586,-25.201,-8.194,12.288,87.641,-0.027,919.109,33.403,33.431,1831.563,33.89,32.987,1.612,1669.319,33.565,-39.463,-44.143,-64.435,-25.134,-9.143,-18.187,-18.083,-7.225,12.867,88.543,-0.021,1030.87,31.458,31.681,1254.421,33.069,30.058,1.462,922.206,30.952,-41.973,-35.774,-63.513,-32.021,-20.028,-1.028,-2.787,-15.507,8.086,104.722,-0.021,-1.608,-1.384,-1.593,-1.636,5.635,35
409,1,409,838.521,33.683,33.781,1866.538,36.042,33.004,1.56,1629.959,34.514,-47.139,-42.485,-63.915,-25.128,-10.039,-18.412,-25.37,-8.48,12.879,85.066,-0.027,912.525,33.566,33.639,1829.193,35.6,33.046,1.575,1629.434,34.857,-40.317,-44.851,-64.764,-24.123,-9.095,-18.119,-18.126,-7.476,13.393,86.432,-0.022,1013.315,31.537,31.805,1276.047,33.449,29.984,1.436,918.743,30.546,-39.584,-38.38,-63.729,-31.879,-18.596,-1.314,-2.959,-16.355,8.336,105.076,-0.023,-1.616,-1.374,-1.608,-1.625,5.47,35
410,1,410,857.266,33.646,33.749,1894.636,35.248,32.941,1.575,1654.614,33.508,-48.441,-42.736,-64.575,-28.207,-10.228,-16.141,-25.445,-7.97,12.174,90.725,-0.027,833.967,33.451,33.483,1839.794,34.146,33.021,1.612,1669.051,33.834,-40.09,-44.832,-62.847,-27.073,-9.139,-17.677,-18.157,-6.949,12.708,91.487,-0.022,1055.609,31.491,31.729,1249.793,33.562,30.074,1.462,917.443,31.232,-44.43,-37.108,-63.886,-31.135,-18.099,-1.173,-2.253,-14.47,7.633,111.131,-0.021,-1.604,-1.39,-1.605,-1.638,6.031,35
1,1,1,870.58,33.74,33.71,1801.6,39.82,33.04,1.5,1558.61,36.92,-42.4,-37.24,-62.48,-29.27,-13.68,-15.25,-16.84,-10.15,12.98,89,-0.03,879.06,33.84,33.85,1789.59,38.74,32.97,1.5,1547.71,36.6,-39.39,-48.7,-63.22,-28.61,-10.88,-15.99,-13.99,-8.22,13.4,89.52,-0.03,1056.71,31.52,31.79,1322.05,36.44,29.92,1.39,924.79,30.34,-40.44,-45.02,-57.2,-33.06,-9.57,-1.41,-5.84,-11.45,8.21,106.33,-0.03,-1.58,-1.45,-1.69,-1.67,0.64,35
2,1,2,866.68,33.75,33.76,1838.49,39.46,33.03,1.5,1587.42,36.18,-40.69,-38.19,-62.17,-28.1,-13.93,-16.35,-16.5,-10.53,12.77,89.56,-0.03,878.52,33.87,33.92,1824.03,38.64,33,1.5,1577.59,36.15,-39.02,-48.76,-63.31,-26.94,-10.85,-16.06,-13.66,-8.53,13.35,90.3,-0.03,1055.83,31.51,31.78,1327.13,36.23,29.94,1.39,925.22,30.43,-39.78,-55.23,-57.13,-33.47,-8.73,-0.83,-5.66,-12.11,7.97,107.67,-0.03,-1.59,-1.44,-1.7,-1.63,0.94,35
3,1,3,954.1,33.67,33.68,1842.62,38.66,32.94,1.5,1586.21,35.41,-39.31,-37.28,-62.25,-28.62,-13.6,-15.43,-16.52,-10.54,12.7,90.14,-0.03,852.24,33.77,33.92,1837.14,38.33,33,1.52,1615.09,35.28,-39.73,-48.71,-63.14,-27.96,-10.62,-15.92,-13.59,-8.43,13.13,90.34,-0.03,1042.61,31.44,31.7,1320.21,35.8,29.93,1.39,931.68,30.19,-41.31,-49.53,-56.74,-33.06,-9.33,-0.41,-5.28,-11.95,8.14,107.33,-0.03,-1.61,-1.46,-1.72,-1.65,0.93,35
4,1,4,860.45,33.81,33.79,1826.7,40.02,33.02,1.5,1568.44,36.49,-42.74,-35.83,-62.6,-25.73,-13.12,-14.32,-16.93,-10.13,12.97,86.94,-0.03,874.13,33.85,33.89,1826.92,38.26,32.95,1.51,1568,35.91,-38.84,-46.81,-63.42,-23.95,-10.46,-15.57,-14,-8.17,13.49,87.65,-0.03,1056.73,31.47,31.73,1316.85,36.11,29.98,1.4,926.42,30.69,-42.1,-49.15,-56.41,-33.15,-9.71,-0.28,-4.5,-11.43,8.3,101.29,-0.03,-1.6,-1.46,-1.71,-1.68,0.83,35
5,1,5,867.79,33.8,33.81,1864.05,39.42,32.98,1.5,1590.04,35.68,-40.8,-37.22,-62.89,-26.38,-14.42,-15.19,-16.33,-10.96,12.45,90.81,-0.03,862.99,33.82,33.87,1834.15,38.01,33.01,1.52,1596.72,35.77,-38.99,-46.75,-63.94,-24.95,-10.9,-16.04,-13.54,-8.89,13.07,92.11,-0.03,1054,31.5,31.76,1316.1,36.39,29.92,1.39,913.61,30.69,-41.3,-55.91,-56.77,-33.23,-9.8,-0.96,-5.6,-11.65,7.82,107.13,-0.03,-1.57,-1.43,-1.67,-1.62,0.75,35
6,1,6,867.01,33.81,33.82,1853.62,39.68,32.98,1.5,1578.18,35.96,-40.43,-37.61,-62.54,-27.86,-13.21,-15.19,-16.68,-11.71,12.57,90.62,-0.03,876.82,33.87,33.93,1824.03,38.7,32.94,1.5,1560.87,36.05,-39.45,-47.94,-63.64,-26.55,-10.7,-15.82,-13.79,-9.62,13.19,91.61,-0.03,1055.76,31.55,31.79,1303.93,37.01,30,1.39,909.91,31.37,-39.29,-43.68,-57.01,-33.24,-8.62,-0.67,-5.19,-12.18,8.18,105.66,-0.03,-1.61,-1.46,-1.72,-1.63,0.59,35
7,1,7,873.96,33.84,33.81,1823.17,40.26,33.01,1.48,1545.72,36.99,-42.74,-37.42,-62.45,-28.16,-13.2,-14.47,-16.76,-9.43,13.32,87.23,-0.03,863.33,33.88,33.87,1793.76,38.83,33.06,1.5,1557.29,37.13,-39.66,-48.7,-63.13,-26.98,-10.47,-15.52,-13.73,-7.37,13.8,86.76,-0.03,1059.87,31.57,31.82,1331.12,36.51,30.01,1.39,930.14,30.77,-40.36,-50.78,-56.48,-33.86,-10.29,-0.84,-5.22,-11.39,8.47,103.64,-0.03,-1.55,-1.41,-1.65,-1.63,0.63,35
8,1,8,850.73,33.73,33.73,1843.37,39.06,32.99,1.5,1583.41,35.9,-40.52,-36.34,-62.29,-26.17,-13.82,-14.91,-16.57,-10.35,12.89,88.28,-0.03,853.37,33.89,33.97,1837.94,38.81,32.96,1.5,1583.07,35.67,-39.18,-48.77,-63.19,-25.2,-10.78,-15.92,-13.75,-8.37,13.42,89.2,-0.03,1007.05,31.49,31.71,1283.99,36.91,30.01,1.39,903.38,31.72,-40.49,-49.65,-56.43,-32.25,-9.92,-0.65,-5.35,-11.63,8.33,105.18,-0.03,-1.57,-1.43,-1.68,-1.63,0.64,35
9,1,9,848.19,33.7,33.7,1814.26,39.45,32.95,1.5,1555.44,36.24,-41.49,-37.23,-62.93,-28.14,-13.32,-14.57,-16.71,-9.53,12.9,88.51,-0.03,833.22,33.85,33.89,1807.33,38.7,32.93,1.5,1554.36,36.07,-38.7,-48.82,-63.41,-27.34,-10.57,-15.75,-13.81,-7.61,13.37,89,-0.03,1055.35,31.43,31.69,1325.24,35.59,30.08,1.43,943.89,30.84,-41.94,-65.25,-56.31,-33.54,-10.54,-0.71,-5.46,-11.17,7.77,108.61,-0.03,-1.56,-1.42,-1.66,-1.65,0.62,35
10,1,10,851.82,33.94,33.94,1837.4,41.16,33.02,1.48,1553.15,36.83,-41.85,-35.66,-62.65,-27.39,-13.23,-14.58,-16.57,-10.02,13.08,88.63,-0.03,879.02,33.89,33.9,1819.18,38.52,33,1.5,1563.38,36.48,-40.72,-46.58,-63.29,-26.51,-10.5,-15.54,-13.64,-8,13.63,88.55,-0.03,1027.33,31.64,31.89,1337.53,36.93,30,1.39,934.88,30.52,-39.28,-45.38,-57.08,-32.68,-9.65,-0.79,-5.48,-11.36,8.36,105.08,-0.03,-1.57,-1.43,-1.69,-1.64,0.68,35
11,1,11,868.59,33.83,33.84,1847.09,40.03,33.03,1.5,1582.86,36.23,-41.06,-36.83,-63.12,-25.92,-13.52,-14.98,-16.53,-10.96,13.06,86.39,-0.03,897.31,33.92,33.99,1858.78,38.52,32.94,1.5,1580.35,35.61,-39.27,-47.59,-64.1,-24.49,-10.78,-15.67,-13.71,-8.98,13.55,87.02,-0.03,1047.37,31.56,31.81,1319.74,36.73,30.01,1.39,919.44,31.17,-40.79,-54.63,-57.3,-32.69,-8.11,-0.82,-5.29,-11.79,8.42,101.67,-0.03,-1.56,-1.42,-1.68,-1.61,0.69,35
12,1,12,864.42,33.9,33.84,1754.85,42.11,32.93,1.46,1462.95,38.37,-46.2,-36.87,-62.14,-27.18,-12.12,-14.03,-16.71,-8.26,12.94,90.12,-0.03,836.93,33.69,33.63,1693.24,38.89,32.95,1.5,1479.22,38.08,-40.58,-48.25,-62.36,-26.07,-9.84,-15.36,-13.67,-6.28,13.41,90.09,-0.02,1064.47,31.43,31.67,1284.65,36.5,29.94,1.39,895.32,31.46,-42.2,-48.13,-56.7,-33.75,-9.93,-0.61,-5.6,-10.7,7.85,106.47,-0.03,-1.54,-1.4,-1.64,-1.65,0.68,35
13,1,13,877.17,33.88,33.83,1801.97,40.93,32.97,1.46,1505.35,37.59,-44.47,-37.77,-62.33,-26.32,-12.58,-15.45,-17.24,-9.76,13.31,87.54,-0.03,876.39,33.84,33.82,1763.66,39.05,33.07,1.5,1540.78,37.57,-39.92,-48.92,-63.21,-25.02,-10.21,-15.77,-14.06,-7.63,13.75,87.63,-0.02,1048.71,31.53,31.77,1314.71,36.54,30.04,1.39,919.94,31.32,-41.66,-49.45,-56.43,-33.35,-9.32,-0.85,-4.9,-11.11,8.35,103.95,-0.03,-1.54,-1.42,-1.64,-1.64,0.6,35
14,1,14,839.3,33.86,33.83,1784.07,41.38,33.02,1.48,1515.23,37.79,-46.94,-36.95,-62.49,-28.29,-12.07,-14.4,-17.5,-8.75,12.77,93.18,-0.03,842.91,33.85,33.83,1761.51,39.21,33.02,1.5,1526.29,37.52,-40,-48.8,-62.84,-27.59,-9.97,-15.48,-14.27,-6.75,13.22,94.26,-0.03,1024.59,31.52,31.76,1307.43,36.66,29.96,1.39,916.04,30.92,-42.74,-54.29,-56.7,-32.25,-10.19,-0.73,-4.84,-10.54,7.85,110.13,-0.03,-1.55,-1.42,-1.64,-1.68,0.66,35
15,1,15,888.71,33.79,33.79,1858.22,39.35,32.94,1.5,1578.24,35.63,-40.85,-36.15,-62.36,-27.92,-13.68,-14.67,-16.51,-10.31,12.6,90.05,-0.03,903,33.87,33.96,1849.74,38.42,32.99,1.52,1597.36,35.61,-39.2,-46.83,-63.46,-26.87,-10.6,-15.77,-13.59,-8.23,13.09,90.79,-0.03,1062.48,31.49,31.73,1305.47,36.45,29.92,1.39,907.8,30.93,-40.79,-51.71,-56.69,-33.76,-9.39,-0.48,-5.21,-11.83,8.03,105.95,-0.03,-1.56,-1.42,-1.67,-1.62,0.82,35
16,1,16,880.98,33.82,33.76,1705.07,42.53,32.97,1.46,1429.1,39.62,-45.4,-37.68,-62.21,-27.28,-11.74,-14.73,-16.82,-7.92,13.3,88.47,-0.03,875.4,33.51,33.44,1619.86,38.92,33.07,1.57,1535.96,37.74,-43.83,-50.97,-62.3,-26.52,-9.56,-15.5,-13.64,-5.88,13.66,87.58,-0.02,1063.22,31.51,31.76,1324.28,36.19,30.04,1.41,937.39,30.77,-42.37,-43.95,-56.6,-33.61,-9.94,-0.56,-5.35,-10.1,8.16,104.11,-0.03,-1.57,-1.43,-1.66,-1.71,0.61,35
17,1,17,868.31,33.79,33.74,1773.86,40.76,33.06,1.5,1527.49,37.84,-45.22,-37.51,-62.65,-25.82,-13.17,-14.67,-16.63,-9.6,13.16,85.9,-0.03,862.14,33.8,33.77,1760.28,38.65,32.94,1.5,1516.17,37.12,-39.3,-48.15,-63.35,-24.37,-10.56,-15.82,-13.79,-7.73,13.63,86.07,-0.02,1058.91,31.45,31.71,1325.47,35.72,30,1.41,935.86,30.54,-40.68,-47.89,-56.54,-33.41,-10.37,-0.61,-5.42,-11.44,8.17,101.14,-0.03,-1.59,-1.44,-1.7,-1.66,0.54,35
18,1,18,871.51,33.89,33.85,1812.95,40.85,32.97,1.48,1520.71,37.24,-43.57,-36.22,-62.45,-25.91,-12.48,-13.13,-16.64,-9.01,13.2,87.18,-0.03,874.81,33.87,33.85,1778.71,39.02,32.96,1.5,1523.36,37.08,-40.55,-48.25,-62.97,-24.51,-10.08,-14.95,-13.62,-7.02,13.66,86.95,-0.02,1022.81,31.53,31.78,1322.82,36.38,30.01,1.41,930.49,30.77,-41.75,-42.56,-56.69,-33.23,-9.48,-0.26,-4.91,-11.16,8.22,103.41,-0.03,-1.57,-1.44,-1.67,-1.65,0.5,35
19,1,19,930.64,33.74,33.77,1876.98,38.75,32.93,1.5,1597.76,35.12,-39.42,-36.1,-62.49,-27.87,-13.6,-13.78,-16.46,-10.12,12.8,88.74,-0.03,886.45,33.87,34.05,1891.29,38.35,33,1.52,1630.46,34.97,-38.52,-46.8,-63.28,-26.72,-10.62,-15.5,-13.58,-8.08,13.26,89.03,-0.03,1059.14,31.53,31.8,1333.53,36.21,29.96,1.39,929.9,30.48,-41.27,-45.54,-56.81,-33.7,-9.03,-0.76,-5.31,-11.99,8.28,104.62,-0.03,-1.53,-1.41,-1.64,-1.6,0.41,35
20,1,20,876.39,33.55,33.7,1899.01,37.66,33.01,1.54,1659.15,34.41,-39.88,-37.67,-62.56,-30.11,-13.62,-17.29,-16.94,-11.8,12.43,91.26,-0.03,897.58,33.78,34.06,1928.43,37.7,33.02,1.54,1681.3,34.03,-38.48,-47.16,-63.41,-29.37,-10.9,-16.63,-14.05,-9.68,12.97,92.27,-0.04,1050.16,31.52,31.78,1334.29,36.07,29.96,1.39,931.1,30.42,-39.27,-47.07,-57.96,-33.52,-8.28,-1.29,-5.68,-11.99,8.12,108.11,-0.03,-1.59,-1.45,-1.71,-1.63,0.45,35
