Header Section,,,,,,,,,,,,,,,,,,,,,,,,,,,,,,,,,,,,,,,,,,,,,,,,,,,,,,,
Product,VC7578,,,,,,,,,,,,,,,,,,,,,,,,,,,,,,,,,,,,,,,,,,,,,,,,,,,,,,
Test Plan,Rev(-),,,,,,,,,,,,,,,,,,,,,,,,,,,,,,,,,,,,,,,,,,,,,,,,,,,,,,
Release Date,12/1/2014,,,,,,,,,,,,,,,,,,,,,,,,,,,,,,,,,,,,,,,,,,,,,,,,,,,,,,
Comment,#31-60 for A5E2.17.1,,,,,,,,,,,,,,,,,,,,,,,,,,,,,,,,,,,,,,,,,,,,,,,,,,,,,,
,,,,,,,,,,,,,,,,,,,,,,,,,,,,,,,,,,,,,,,,,,,,,,,,,,,,,,,
Data Section,,,,,,,,,,,,,,,,,,,,,,,,,,,,,,,,,,,,,,,,,,,,,,,,,,,,,,,
Device#,1,2,3,4,5,6,7,8,9,10,11,12,13,14,15,16,17,18,19,20,21,22,23,24,25,26,27,28,29,30,31,32,33,34,35,36,37,38,39,40,41,42,43,44,45,46,47,48,49,50,51,52,53,54,55
Test Item,Site No,Device ID,Idle_B38_Vbat,Idle_B38_Vcc,Idle_B38_Total,Pin_B38_2496,Pout_B38_2496,Gain_B38_2496,Icc_B38_Vbat_2496,Icc_B38_Vcc_2496,Icc_B38_Total_2496,PAE_B38_Total_2496,E-UTRA_ACP_L_B38_2496,UTRA_ACP1_L_B38_2496,UTRA_ACP2_L_B38_2496,EVM_B38_2496,Pin_B38_2690,Pout_B38_2690,Gain_B38_2690,Icc_B38_Vbat_2690,Icc_B38_Vcc_2690,Icc_B38_Total_2690,PAE_B38_Total_2690,E-UTRA_ACP_L_B38_2690,UTRA_ACP1_L_B38_2690,UTRA_ACP2_L_B38_2690,EVM_B38_2690,Idle_B40_Vbat,Idle_B40_Vcc,Idle_B40_Total,Pin_B40_2300,Pout_B40_2300,Gain_B40_2300,Icc_B40_Vbat_2300,Icc_B40_Vcc_2300,Icc_B40_Total_2300,PAE_B40_Total_2300,E-UTRA_ACP_L_B40_2300,UTRA_ACP1_L_B40_2300,UTRA_ACP2_L_B40_2300,EVM_B40_2300,Pin_B40_2400,Pout_B40_2400,Gain_B40_2400,Icc_B40_Vbat_2400,Icc_B40_Vcc_2400,Icc_B40_Total_2400,PAE_B40_Total_2400,E-UTRA_ACP_L_B40_2400,UTRA_ACP1_L_B40_2400,UTRA_ACP2_L_B40_2400,EVM_B40_2400,Leakage Current,Test Time,Index Time
Low Tolerance,,,5,10,10,0.3,,,1,30,30,,1.5,1.5,1.5,0.5,0.3,,,1,30,30,,1.5,1.5,1.5,0.5,5,10,10,0.3,,,1,30,30,,1.5,1.5,1.5,0.5,0.3,,,1,30,30,,1.5,1.5,1.5,0.5,5,,
High Tolerance,,,5,10,10,0.3,,,1,30,30,,1.5,1.5,1.5,0.5,0.3,,,1,30,30,,1.5,1.5,1.5,0.5,5,10,10,0.3,,,1,30,30,,1.5,1.5,1.5,0.5,0.3,,,1,30,30,,1.5,1.5,1.5,0.5,5,,
Enable,,,1,1,1,1,0,0,0,1,1,,1,1,1,1,1,0,0,0,1,1,,1,1,1,1,1,1,1,1,0,0,0,1,1,,1,1,1,1,1,0,0,0,1,1,,1,1,1,1,1,,
31,1,31,4.014,141.168,145.182,-1.237,27.001,28.238,8.456,496.83,505.286,22.642,-40.866,-40.334,-51.846,2.182,2.169,26.971,24.802,8.28,500.723,509.003,25.002,-39.721,-39.196,-50.097,3.298,3.986,138.643,142.628,-1.743,27.014,28.757,8.445,476.266,484.71,23.904,-40.067,-39.077,-52.697,2.417,0.007,27.035,27.028,8.343,469.109,477.452,23.309,-40.779,-39.846,-52.535,1.863,6.955,1879,150196.333
32,1,32,3.947,137.84,141.787,-1.474,27.011,28.485,8.326,495.061,503.387,22.777,-40.947,-40.333,-52.094,2.271,2.132,26.962,24.83,8.767,501.538,510.305,24.887,-39.188,-38.417,-50.034,3.949,4.374,154.763,159.137,-1.783,27.016,28.799,8.849,486.542,495.391,23.435,-39.593,-38.375,-52.8,2.835,0.047,27.034,26.987,9.017,482.58,491.596,22.686,-40.566,-39.424,-52.729,2.159,6.855,1889.333,14107
33,1,33,3.927,137.007,140.934,-0.643,26.983,27.626,8.986,499.156,508.142,22.43,-41.127,-40.588,-52.206,2.245,2.57,26.984,24.414,8.396,511.494,519.89,24.561,-39.184,-38.383,-50.018,4.057,4.016,137.797,141.813,-1.219,27.033,28.252,8.412,482.186,490.598,23.738,-40.101,-39.149,-52.591,2.476,0.68,27.093,26.413,8.896,484.865,493.762,22.896,-40.519,-39.47,-52.556,2.346,6.865,1978,5283
34,1,34,4.135,145.68,149.815,0.137,26.993,26.856,8.886,507.369,516.255,22.141,-40.36,-39.495,-51.691,2.638,3.451,26.965,23.514,8.952,512.572,521.523,24.378,-39.25,-38.445,-50.296,3.913,4.195,140.168,144.363,1.222,27.047,25.825,8.92,491.518,500.438,23.376,-38.34,-37.183,-50.774,3.686,2.667,27.071,24.404,9.736,516.92,526.656,21.51,-39.665,-38.632,-51.32,2.708,7.056,1991.333,6369.333
35,1,35,4.048,141.886,145.934,-0.002,27.003,27.005,9.131,511.997,521.128,21.99,-40.364,-39.492,-51.811,2.636,3.421,26.995,23.574,8.763,520.237,529,24.208,-38.931,-38.043,-50.083,4.219,4.005,134.37,138.375,0.894,26.977,26.083,9.022,483.206,492.228,23.365,-38.793,-37.69,-51.325,3.229,2.345,27.044,24.699,8.828,484.116,492.944,22.678,-40.176,-39.17,-51.868,2.316,7.086,1991.333,2092.667
36,1,36,4.003,139.91,143.912,0.176,27.003,26.827,8.896,508.221,517.117,22.155,-40.441,-39.714,-51.603,2.547,3.506,26.967,23.461,8.549,512.768,521.317,24.4,-39.255,-38.481,-50.191,3.888,4.104,139.743,143.847,0.875,26.995,26.12,8.871,487.394,496.265,23.28,-38.38,-37.165,-51.18,3.562,2.268,27.046,24.778,9.074,489.149,498.223,22.461,-39.748,-38.629,-51.682,2.644,7.185,1967.333,2320.333
37,1,37,3.899,135.116,139.016,-1.363,27.003,28.366,8.896,498.84,507.736,22.547,-40.84,-40.308,-51.88,2.232,2.038,26.967,24.929,8.501,502.388,510.889,24.886,-39.521,-38.96,-49.986,3.47,4.042,140.406,144.448,-1.645,27.043,28.688,8.544,477.588,486.131,23.998,-40.02,-38.958,-52.856,2.476,0.068,27.027,26.959,8.34,470.001,478.341,23.226,-40.858,-39.885,-52.693,1.845,7.054,1828.667,2121.333
38,1,38,3.839,130.233,134.072,-0.083,26.985,27.068,8.685,499.732,508.417,22.429,-40.499,-39.984,-51.422,2.399,3.356,26.973,23.617,8.791,507.814,516.605,24.653,-39.194,-38.467,-49.89,3.911,3.779,126.865,130.644,3.214,23.589,20.375,7.344,375.338,382.682,17.607,-39.151,-39.992,-50.602,2.161,3.481,21.975,18.494,7.08,353.525,360.605,16.161,-38.739,-40.636,-49.252,1.292,7.077,1828.667,2108
39,1,39,4.059,142.577,146.635,-1.11,27.01,28.12,8.605,499.193,507.798,22.583,-40.789,-40.095,-52.009,2.347,2.207,26.968,24.761,8.552,504.409,512.961,24.791,-39.436,-38.739,-50.249,3.785,4.083,142.449,146.532,-1.452,27.019,28.471,8.886,480.81,489.695,23.704,-39.952,-38.868,-52.839,2.544,0.141,27.017,26.876,9.114,473.235,482.349,22.996,-40.959,-39.999,-52.737,1.786,7.09,1861,2097.667
40,1,40,3.916,134.649,138.564,-0.212,26.998,27.21,8.902,505.346,514.248,22.251,-40.248,-39.574,-51.401,2.538,3.218,26.963,23.745,8.427,512.185,520.612,24.409,-39.494,-38.882,-50.095,3.551,4.034,135.646,139.68,0.832,26.997,26.165,9.008,488.965,497.973,23.214,-38.501,-37.391,-50.976,3.373,2.248,27.048,24.8,9.026,491.711,500.737,22.368,-40.136,-39.188,-51.672,2.257,7.224,1962,2117.667
41,1,41,3.957,138.094,142.051,-1.038,27.01,28.048,8.663,499.974,508.638,22.545,-41.05,-40.421,-52.235,2.298,2.348,26.977,24.629,8.727,508.516,517.243,24.645,-39.116,-38.311,-49.959,4.065,4.025,139.533,143.558,-1.944,27.03,28.974,8.794,477.971,486.765,23.898,-40.173,-39.128,-52.929,2.449,-0.112,27.016,27.128,8.717,466.875,475.592,23.295,-41.075,-40.162,-52.738,1.712,6.642,1899.333,2111
42,1,42,4.099,146.453,150.553,-1.01,27.006,28.016,8.993,500.302,509.295,22.498,-40.988,-40.215,-52.319,2.372,2.386,26.985,24.599,8.409,506.638,515.047,24.791,-39.109,-38.25,-50.165,4.12,4.185,147.047,151.232,-1.868,27.026,28.894,8.614,481.592,490.206,23.719,-39.953,-38.8,-52.998,2.617,-0.162,26.987,27.149,8.788,475.611,484.399,22.746,-40.919,-39.913,-52.756,1.85,6.808,1897.667,2110.667
43,1,43,4.218,148.474,152.692,-0.248,27.025,27.273,8.845,503.962,512.807,22.446,-40.105,-39.12,-51.703,2.79,3.239,26.968,23.729,8.992,509.801,518.793,24.519,-39.115,-38.258,-50.317,4.07,4.349,148.825,153.174,0.65,26.979,26.329,9.05,489.939,498.988,23.077,-38.289,-37.035,-51.205,3.646,2.19,27.051,24.861,9.471,492.521,501.992,22.331,-39.953,-38.819,-51.813,2.516,7.232,1980.667,10451
44,1,44,3.984,138.409,142.393,-0.327,27.006,27.333,9.364,508.175,517.539,22.157,-40.196,-39.394,-51.47,2.645,3.195,26.955,23.76,8.167,508.988,517.154,24.524,-39.312,-38.578,-50.158,3.795,4.131,141.142,145.273,0.92,26.978,26.058,8.821,483.811,492.632,23.349,-38.447,-37.297,-51.025,3.44,2.394,27.056,24.662,9.307,488.732,498.04,22.524,-39.885,-38.84,-51.573,2.514,7.114,1940,2117.667
45,1,45,3.969,141.844,145.813,-1.206,27.018,28.224,8.327,506.607,514.934,22.324,-40.795,-39.983,-52.214,2.473,2.11,26.963,24.853,8.333,509.385,517.718,24.542,-39.317,-38.59,-50.121,3.794,3.991,141.312,145.303,-1.87,27.026,28.896,8.464,476.147,484.611,23.977,-40.145,-39.095,-52.89,2.446,-0.219,26.978,27.197,8.259,464.85,473.108,23.205,-41.295,-40.43,-52.857,1.56,6.874,1887.667,24060.333
46,1,46,3.833,131.817,135.651,-1.427,26.992,28.419,8.754,496.231,504.985,22.607,-40.889,-40.434,-51.833,2.175,2.077,26.972,24.895,8.382,500.046,508.427,25.032,-39.394,-38.777,-49.885,3.638,4.054,142.165,146.22,-1.676,27.004,28.68,8.421,478.215,486.636,23.762,-39.887,-38.83,-52.735,2.541,0.099,27.037,26.938,8.606,472.795,481.401,23.147,-40.744,-39.773,-52.58,1.946,6.883,1882.667,5651.333
47,1,47,4.152,145.639,149.791,-0.284,27.005,27.289,9.402,506.542,515.944,22.214,-40.238,-39.322,-51.697,2.715,3.2,26.988,23.788,8.422,509.508,517.93,24.675,-39.18,-38.367,-50.216,3.954,4.352,147.103,151.454,0.593,26.994,26.401,9.358,488.816,498.174,23.193,-38.21,-36.919,-51.205,3.757,2.077,27.043,24.966,9.325,490.674,499.999,22.374,-39.714,-38.515,-51.776,2.73,7.271,2003.667,10810
48,1,48,4.081,145.459,149.54,-1.166,27.001,28.167,9.175,503.498,512.673,22.329,-41.049,-40.344,-52.313,2.306,2.151,26.963,24.812,8.406,514.74,523.146,24.293,-39.489,-38.784,-50.269,3.648,3.914,135.683,139.597,-1.569,27.037,28.606,8.041,478.461,486.502,23.948,-40.362,-39.439,-52.789,2.271,0.174,27.024,26.85,8.629,468.663,477.292,23.259,-41.301,-40.513,-52.702,1.523,6.727,1827.333,6434
49,1,49,4.045,141.385,145.43,-0.162,26.995,27.157,9.184,506.347,515.532,22.18,-40.253,-39.392,-51.68,2.663,3.266,26.96,23.694,8.576,514.89,523.466,24.259,-39.14,-38.339,-50.084,3.989,4.151,140.364,144.515,0.853,26.98,26.127,8.736,483.119,491.855,23.397,-38.539,-37.361,-51.197,3.462,2.34,27.052,24.712,8.989,490.655,499.643,22.438,-39.901,-38.811,-51.707,2.574,7.195,1961,2109.333
50,1,50,3.985,139.312,143.297,-1.093,26.988,28.081,8.753,496.824,505.577,22.565,-41.087,-40.504,-52.239,2.245,2.337,26.959,24.622,8.164,504.348,512.512,24.764,-39.09,-38.278,-49.91,4.084,4.142,145.527,149.669,-1.774,27.019,28.793,8.785,480.651,489.436,23.717,-39.931,-38.828,-52.859,2.547,-0.125,26.987,27.112,8.942,470.653,479.595,22.959,-40.794,-39.799,-52.668,1.889,6.992,1844.333,13882
51,1,51,4.068,142.148,146.215,-0.061,27.009,27.07,9.076,504.775,513.851,22.322,-40.205,-39.42,-51.451,2.661,3.481,26.964,23.483,8.54,509.266,517.806,24.544,-39.079,-38.23,-50.148,4.105,4.287,146.641,150.929,0.718,26.999,26.281,8.731,491.773,500.504,23.119,-38.083,-36.816,-50.993,3.812,2.238,27.052,24.814,9.783,498.689,508.472,22.073,-39.647,-38.502,-51.544,2.724,7.129,2018,2103.667
52,1,52,3.873,132.995,136.867,-0.391,26.99,27.381,9.15,505.829,514.979,22.18,-40.213,-39.477,-51.578,2.648,3.153,26.966,23.813,8.848,516.801,525.65,24.197,-38.93,-38.132,-49.752,4.174,4.238,144.495,148.733,1.02,27.004,25.984,8.739,485.94,494.678,23.402,-38.432,-37.252,-51.088,3.547,2.46,27.056,24.596,9.495,496.148,505.643,22.209,-39.997,-38.916,-51.725,2.514,7.236,1964,4862
53,1,53,3.958,138.782,142.74,-0.045,27.006,27.051,8.758,502.533,511.291,22.417,-40.379,-39.666,-51.558,2.581,3.475,26.967,23.492,8.608,514.061,522.669,24.337,-38.94,-38.065,-49.984,4.24,4.157,140.486,144.643,0.986,27.008,26.022,9.252,487.627,496.879,23.326,-38.344,-37.163,-50.938,3.57,2.393,27.056,24.663,9.235,487.8,497.035,22.565,-39.727,-38.644,-51.48,2.636,7.069,1989,2097
54,1,54,3.835,130.89,134.725,0.011,26.971,26.96,9.252,502.694,511.946,22.205,-40.498,-39.907,-51.602,2.498,3.455,26.975,23.52,8.717,511.866,520.583,24.479,-38.799,-37.936,-49.688,4.351,4.154,140.369,144.523,1.016,26.982,25.966,8.768,482.362,491.129,23.443,-38.607,-37.473,-51.172,3.372,2.45,27.055,24.605,9.167,489.655,498.822,22.486,-39.939,-38.841,-51.783,2.56,7.294,1981.667,2125
55,1,55,4.069,141.273,145.342,-0.026,27.012,27.038,9.255,504.794,514.049,22.328,-40.291,-39.527,-51.549,2.61,3.538,26.971,23.433,8.832,510.736,519.568,24.497,-39.182,-38.373,-50.179,3.994,4.293,145.383,149.676,0.832,26.999,26.167,8.675,490.285,498.96,23.182,-38.248,-37.008,-51.112,3.731,2.366,27.056,24.69,9.403,493.148,502.551,22.334,-39.744,-38.585,-51.647,2.708,7.246,2002.333,2106.667
56,1,56,4.057,142.121,146.178,-1.113,26.986,28.099,8.346,501.704,510.05,22.36,-41.051,-40.383,-52.277,2.281,2.372,26.984,24.612,8.418,507.733,516.152,24.734,-39.133,-38.319,-50.054,4.059,4.252,149.685,153.937,-1.765,27.021,28.786,8.62,482.925,491.545,23.63,-39.721,-38.529,-52.835,2.737,-0.074,26.987,27.061,8.592,476.961,485.553,22.697,-40.774,-39.704,-52.746,1.949,6.872,1886.667,2095.667
57,1,57,4.067,143.183,147.25,-0.943,26.975,27.918,8.594,496.777,505.371,22.502,-41.012,-40.361,-52.185,2.283,2.442,26.96,24.518,8.439,503.448,511.887,24.801,-39.245,-38.453,-50.167,3.944,4.283,150.333,154.616,-1.642,27.046,28.688,8.857,487.505,496.362,23.549,-39.728,-38.578,-52.734,2.711,0.048,26.964,26.916,8.708,476.275,484.983,22.603,-41.051,-40.078,-52.79,1.751,6.983,1771.667,2312
58,1,58,3.916,136.341,140.257,-0.059,27.025,27.084,9.284,505.162,514.446,22.377,-40.198,-39.451,-51.451,2.672,3.464,26.963,23.499,8.535,511.246,519.781,24.443,-39.144,-38.373,-49.985,3.989,4.213,143.301,147.514,0.775,26.995,26.22,8.872,490.838,499.709,23.133,-38.232,-36.986,-51.1,3.732,2.268,27.05,24.782,9.288,495.094,504.382,22.228,-39.666,-38.517,-51.591,2.734,7.189,2026,2097.667
59,1,59,4.092,142.552,146.644,-0.109,26.959,27.068,9.257,502.016,511.273,22.175,-40.597,-39.925,-51.644,2.437,3.45,26.959,23.509,8.648,509.213,517.861,24.51,-39.362,-38.619,-50.275,3.773,4.312,147.192,151.504,0.635,26.983,26.348,9.226,487.93,497.156,23.177,-38.303,-37.026,-51.267,3.684,2.175,27.048,24.873,9.638,489.444,499.082,22.439,-39.798,-38.627,-51.759,2.666,7.15,1921.667,23654.333
60,1,60,3.913,136.374,140.287,-0.15,27.019,27.169,8.937,499.62,508.557,22.594,-41.027,-40.461,-52.105,2.345,2.878,26.99,24.112,8.202,509.002,517.204,24.718,-39.027,-38.162,-49.947,4.29,4.162,146.174,150.336,-0.433,27.027,27.46,8.653,484.949,493.602,23.571,-40.123,-39.06,-52.88,2.54,1.127,27.045,25.918,8.891,485.4,494.291,22.628,-40.613,-39.509,-52.706,2.216,6.777,1909,12675.333
