Header Section,,,,,,,,,,,,,,,,,,,,,,,,,,,,,,,,,,,,,,,,,,,,,,,,,,,,,,,
Product,VC7578,,,,,,,,,,,,,,,,,,,,,,,,,,,,,,,,,,,,,,,,,,,,,,,,,,,,,,
Test Plan,Rev(-),,,,,,,,,,,,,,,,,,,,,,,,,,,,,,,,,,,,,,,,,,,,,,,,,,,,,,
Release Date,2016/1/14,,,,,,,,,,,,,,,,,,,,,,,,,,,,,,,,,,,,,,,,,,,,,,,,,,,,,,
Comment,"#11~20 generate in JCET , #31-60 for A5E9.17.1 , #61-90 for A5E9.17.1£¬#91-115 for Dargon Qual",,,,,,,,,,,,,,,,,,,,,,,,,,,,,,,,,,,,,,,,,,,,,,,,,,,,,,
,,,,,,,,,,,,,,,,,,,,,,,,,,,,,,,,,,,,,,,,,,,,,,,,,,,,,,,
Data Section,,,,,,,,,,,,,,,,,,,,,,,,,,,,,,,,,,,,,,,,,,,,,,,,,,,,,,,
Device#,1,2,3,4,5,6,7,8,9,10,11,12,13,14,15,16,17,18,19,20,21,22,23,24,25,26,27,28,29,30,31,32,33,34,35,36,37,38,39,40,41,42,43,44,45,46,47,48,49,50,51,52,53,54,55
Test Item,Site No,Device ID,Idle_B40_Vbat,Idle_B40_Vcc,Idle_B40_Total,Pin_B40_2300,Pout_B40_2300,Gain_B40_2300,Icc_B40_Vbat_2300,Icc_B40_Vcc_2300,Icc_B40_Total_2300,PAE_B40_Total_2300,E-UTRA_ACP_L_B40_2300,UTRA_ACP1_L_B40_2300,UTRA_ACP2_L_B40_2300,EVM_B40_2300,Pin_B40_2400,Pout_B40_2400,Gain_B40_2400,Icc_B40_Vbat_2400,Icc_B40_Vcc_2400,Icc_B40_Total_2400,PAE_B40_Total_2400,E-UTRA_ACP_L_B40_2400,UTRA_ACP1_L_B40_2400,UTRA_ACP2_L_B40_2400,EVM_B40_2400,Idle_B38_Vbat,Idle_B38_Vcc,Idle_B38_Total,Pin_B38_2496,Pout_B38_2496,Gain_B38_2496,Icc_B38_Vbat_2496,Icc_B38_Vcc_2496,Icc_B38_Total_2496,PAE_B38_Total_2496,E-UTRA_ACP_L_B38_2496,UTRA_ACP1_L_B38_2496,UTRA_ACP2_L_B38_2496,EVM_B38_2496,Pin_B38_2690,Pout_B38_2690,Gain_B38_2690,Icc_B38_Vbat_2690,Icc_B38_Vcc_2690,Icc_B38_Total_2690,PAE_B38_Total_2690,E-UTRA_ACP_L_B38_2690,UTRA_ACP1_L_B38_2690,UTRA_ACP2_L_B38_2690,EVM_B38_2690,Leakage Current,Test Time,Index Time
Low Tolerance,,,5,10,10,0.3,,,1,30,30,,1.5,1.5,1.5,0.5,0.3,,,1,30,30,,1.5,1.5,1.5,0.5,5,10,10,0.3,,,1,30,30,,1.5,1.5,1.5,0.5,0.3,,,1,30,30,,1.5,1.5,1.5,0.5,5,,
High Tolerance,,,5,10,10,0.5,,,1,30,30,,1.5,1.5,1.5,1,0.5,,,1,30,30,,1.5,1.5,1.5,1,5,10,10,0.5,,,1,30,30,,1.5,1.5,1.5,1,0.5,,,1,30,30,,1.5,1.5,1.5,1,5,,
Enable,,,1,1,1,1,0,0,0,1,1,,1,1,1,1,1,0,0,0,1,1,,1,1,1,1,1,1,1,1,0,0,0,1,1,,1,1,1,1,1,0,0,0,1,1,,1,1,1,1,1,,
11,1,11,3.92,151.96,155.88,2.19,27.01,25.44,4.16,524.28,528.44,23.85,-36.2,-34.68,-51.03,4.27,3.33,26.99,22.38,4.45,550.96,555.41,22.66,-37.01,-35.68,-50.44,3.46,3.94,147.29,151.22,-0.16,26.97,26.42,4.35,573.17,577.52,22.24,-38.89,-37.79,-52.95,2.63,3.37,26.96,23.59,4.21,561.41,565.62,23.07,-38.48,-36.75,-51.89,3.41,5.84,4431,270161.67
12,1,12,4.15,160.82,164.97,1.56,26.99,26.05,4.36,521.3,525.66,23.86,-37.61,-36.05,-52.63,3.37,2.84,26.98,22.85,4.3,550.61,554.91,22.63,-37.48,-36,-51.44,3.5,4.11,155.38,159.49,-0.44,26.99,26.73,4.42,571.53,575.95,22.42,-39.25,-38,-53.66,2.66,2.59,27.01,24.42,4.43,561.08,565.51,23.37,-38.43,-36.63,-52.01,3.68,5.84,4295.67,1364
13,1,13,3.76,144.18,147.94,1.57,27.01,26.06,3.91,514.33,518.24,24.33,-37.5,-36.13,-51.93,3.36,3.15,27.03,22.6,3.9,542.62,546.51,23.24,-37.56,-36.19,-51.13,3.27,3.88,142.71,146.59,0.37,27,25.93,4.13,573.58,577.7,22.43,-39.32,-38.27,-53.34,2.53,3.88,26.96,23.08,4.09,558.22,562.31,23.2,-38.51,-36.79,-51.93,4.4,5.82,5264.67,731.96
14,1,14,3.83,151.22,155.05,1.02,26.99,26.59,4.01,510.85,514.86,24.36,-38.04,-36.61,-52.67,3.11,2.35,26.98,23.35,4.07,541.54,545.61,23.02,-37.57,-36.19,-51.26,3.31,4.01,150.31,154.32,-0.63,26.98,26.91,4.23,571.82,576.05,22.39,-39.25,-38.15,-53.34,2.55,2.27,26.97,24.7,4.25,559.8,564.05,23.23,-38.7,-37.01,-51.92,3.08,5.83,4046.33,744.23
15,1,15,3.8,148.91,152.72,0.75,26.99,26.87,3.91,509.45,513.36,24.49,-38.05,-36.64,-52.59,3.08,2.14,26.98,23.55,3.99,541.01,545,23.02,-37.82,-36.56,-51.24,3.14,3.93,146.61,150.53,-0.81,26.98,27.08,4.18,571.88,576.06,22.37,-39.49,-38.4,-53.59,2.46,2.04,26.98,24.94,4.15,556.23,560.38,23.43,-38.73,-37.08,-51.82,3.14,5.82,4115.67,728.99
16,1,16,3.84,151.43,155.27,1.13,26.97,26.47,3.92,518.85,522.77,23.92,-37.79,-36.43,-52.3,3.15,2.46,26.99,23.24,3.95,552.05,556,22.63,-37.19,-35.71,-50.93,3.64,3.93,148.77,152.7,-0.7,26.97,26.97,4.28,568.28,572.56,22.48,-39.45,-38.39,-53.49,2.45,2,26.98,24.98,4.17,550.82,554.99,23.65,-38.88,-37.28,-51.88,2.96,5.83,3902.33,733.06
17,1,17,3.77,151.25,155.02,0.89,26.96,26.7,3.91,510.43,514.34,24.26,-38.14,-36.82,-52.53,3.03,2.23,26.98,23.46,4.2,541.35,545.54,23.01,-37.62,-36.22,-51.28,3.34,4.12,150.34,154.46,-0.77,26.98,27.04,4.25,565.85,570.1,22.59,-39.63,-38.57,-53.67,2.38,2.22,26.99,24.77,4.3,552.79,557.09,23.63,-38.8,-37.15,-51.97,2.94,5.81,3860,735.04
18,1,18,3.75,144.25,148,1.21,26.98,26.39,3.85,510.72,514.57,24.34,-38.03,-36.73,-52.3,3,2.7,27.01,23.03,3.88,545.41,549.29,23.05,-37.16,-35.71,-50.77,3.73,4.11,154.34,158.44,-0.29,27,26.58,4.37,579.18,583.55,22.18,-39.03,-37.74,-53.59,2.73,2.45,27,24.55,4.35,562.57,566.92,23.22,-38.15,-36.32,-51.74,3.7,5.84,4170,734.51
19,1,19,3.96,151.46,155.42,1.77,26.98,25.84,4.13,523.12,527.25,23.78,-36.37,-34.94,-50.99,4.16,3.11,26.97,22.58,4.12,550.71,554.83,22.6,-36.67,-35.21,-50.21,3.84,4.07,150.46,154.53,-0.29,26.97,26.55,4.38,573.33,577.71,22.26,-38.96,-37.81,-53.15,2.62,3.29,27,23.71,4.3,562.13,566.43,23.24,-38.07,-36.24,-51.6,3.72,5.86,4373.33,725.43
20,1,20,4.01,158.03,162.04,1.35,27,26.27,4.26,520.11,524.37,23.97,-37.55,-36.09,-52.34,3.37,3.02,26.96,22.66,4.28,549.26,553.53,22.62,-37.03,-35.47,-51.05,3.82,4.07,152.99,157.06,-0.24,26.98,26.51,4.44,579.26,583.7,22.05,-39.11,-37.91,-53.45,2.64,2.7,26.97,24.27,4.33,570.07,574.41,22.79,-38.44,-36.67,-51.92,3.84,5.84,4237,729.92
21,1,21,3.87,150.4,154.27,1.19,27.02,26.45,4.11,509.72,513.83,24.59,-37.99,-36.63,-52.49,3.09,2.9,27.01,22.82,4.01,540.86,544.87,23.22,-37.35,-35.82,-51.26,3.79,4.22,156.05,160.27,-0.34,27,26.63,4.51,577.54,582.05,22.23,-39.21,-37.98,-53.58,2.72,3.74,27.03,23.29,4.47,574.52,578.99,22.9,-37.96,-36.07,-51.83,4.21,5.84,4238.33,723.78
22,1,22,3.74,145.14,148.88,1.43,26.99,26.19,3.86,510.93,514.79,24.42,-37.8,-36.44,-52.26,3.11,2.92,27.02,22.82,3.97,545.96,549.92,23.03,-36.88,-35.33,-50.67,3.91,3.89,149.38,153.26,-0.19,26.97,26.46,4.27,571.43,575.7,22.33,-39.37,-38.18,-53.69,2.58,2.24,26.98,24.74,4.23,565.5,569.72,23.03,-38.34,-36.56,-51.7,3.41,5.83,4308.67,737.19
23,1,23,3.75,146.09,149.84,0.89,26.96,26.7,3.85,501.52,505.37,24.67,-38.34,-37.07,-52.55,2.88,2.29,26.97,23.4,3.86,532.13,535.99,23.38,-37.83,-36.54,-51.26,3.16,3.99,149.89,153.88,-0.62,26.98,26.9,4.28,572.37,576.65,22.35,-39.43,-38.31,-53.6,2.48,2.21,26.96,24.75,4.23,559.1,563.33,23.18,-38.54,-36.82,-51.79,3.21,5.82,3918,721.89
24,1,24,3.74,148.9,152.64,1.62,27,26,3.94,517.69,521.63,24.12,-37.96,-36.69,-52.29,2.98,2.71,26.97,22.98,3.94,549.12,553.05,22.68,-37.47,-36.01,-51.17,3.53,3.97,148.05,152.02,-0.68,26.98,26.96,4.13,567.36,571.49,22.57,-39.41,-38.35,-53.41,2.42,2.14,26.96,24.82,4.36,552.23,556.59,23.46,-38.93,-37.33,-51.95,2.95,5.82,3645.33,734.84
25,1,25,3.76,147.67,151.43,1.02,27,26.6,3.92,518.11,522.03,24.08,-38.15,-36.86,-52.43,2.95,2.32,26.98,23.37,3.96,547.18,551.14,22.77,-37.61,-36.26,-51.1,3.3,3.85,145.86,149.71,-0.95,26.96,27.21,4.08,564.78,568.86,22.56,-39.65,-38.66,-53.58,2.35,2.07,27,24.93,4.1,550.6,554.7,23.75,-38.64,-36.99,-51.66,3.16,5.81,4316.33,730.88
26,1,26,3.9,150.93,154.83,1.31,26.99,26.31,4.01,511.06,515.07,24.37,-37.99,-36.62,-52.5,3.07,2.62,26.98,23.07,4.1,541.72,545.82,23.02,-37.48,-36.04,-51.26,3.45,4.05,152.01,156.05,-0.51,26.98,26.78,4.36,572.05,576.41,22.38,-38.98,-37.69,-53.5,2.73,2.26,26.97,24.71,4.31,559.18,563.49,23.22,-38.25,-36.44,-51.75,3.53,5.84,4162,732.21
27,1,27,4.01,153.94,157.95,0.89,26.99,26.73,4.15,521.19,525.34,23.91,-37.64,-36.15,-52.48,3.35,2.54,27.06,23.24,4.2,555.85,560.06,22.84,-37.26,-35.8,-51.04,3.63,4.23,158.52,162.75,-0.52,26.97,26.78,4.53,583.15,587.68,21.86,-38.88,-37.49,-53.63,2.86,3.03,27.08,24.05,4.55,581.8,586.35,22.9,-37.95,-36.06,-51.85,4.27,5.84,4739,735.29
28,1,28,3.88,152.85,156.73,1.3,27.02,26.35,4.13,519.07,523.21,24.19,-37.48,-35.97,-52.3,3.34,2.65,27.01,23.08,4.11,549.04,553.15,22.88,-37.45,-36.06,-51.05,3.29,4.12,156.9,161.02,-0.09,26.98,26.37,4.43,574.02,578.44,22.26,-38.94,-37.56,-53.69,2.79,2.25,27,24.75,4.32,558.68,563,23.42,-38.51,-36.75,-52.12,3.33,5.84,3843.33,734.57
29,1,29,3.87,147.89,151.76,0.92,27,26.7,3.96,516.21,520.17,24.18,-37.69,-36.24,-52.38,3.29,2.29,26.99,23.42,4.03,542.87,546.9,23.02,-37.4,-36.05,-50.96,3.42,4.22,156.67,160.88,-0.62,26.99,26.9,4.58,578.1,582.68,22.14,-38.98,-37.63,-53.62,2.79,2.56,27.1,24.54,4.51,568.46,572.97,23.52,-37.82,-35.92,-51.57,4.03,5.83,4822.33,726.29
31,1,31,3.986,138.643,142.628,-1.743,27.014,28.757,8.445,476.266,484.71,23.904,-40.067,-39.077,-52.697,2.417,-0.593,27.035,27.628,8.343,469.109,477.452,23.309,-39.779,-38.846,-52.035,2.863,4.014,141.168,145.182,-1.937,27.001,28.938,8.456,496.83,505.286,22.642,-40.866,-40.334,-51.846,2.182,1.669,26.971,25.302,8.28,500.723,509.003,25.002,-38.221,-37.196,-50.097,3.298,6.955,1879,150196.333
32,1,32,4.374,154.763,159.137,-1.783,27.016,28.799,8.849,486.542,495.391,23.435,-39.593,-38.375,-52.8,2.835,-0.553,27.034,27.587,9.017,482.58,491.596,22.686,-39.566,-38.424,-52.229,3.159,3.947,137.84,141.787,-2.174,27.011,29.185,8.326,495.061,503.387,22.777,-40.947,-40.333,-52.094,2.271,1.632,26.962,25.33,8.767,501.538,510.305,24.887,-37.688,-36.417,-50.034,3.949,6.855,1889.333,14107
33,1,33,4.016,137.797,141.813,-1.219,27.033,28.252,8.412,482.186,490.598,23.738,-40.101,-39.149,-52.591,2.476,0.08,27.093,27.013,8.896,484.865,493.762,22.896,-39.519,-38.47,-52.056,3.346,3.927,137.007,140.934,-1.343,26.983,28.326,8.986,499.156,508.142,22.43,-41.127,-40.588,-52.206,2.245,2.07,26.984,24.914,8.396,511.494,519.89,24.561,-37.684,-36.383,-50.018,4.057,6.865,1978,5283
34,1,34,4.195,140.168,144.363,1.222,27.047,25.825,8.92,491.518,500.438,23.376,-38.34,-37.183,-50.774,3.686,2.067,27.071,25.004,9.736,516.92,526.656,21.51,-38.665,-37.632,-50.82,3.708,4.135,145.68,149.815,-0.563,26.993,27.556,8.886,507.369,516.255,22.141,-40.36,-39.495,-51.691,2.638,2.951,26.965,24.014,8.952,512.572,521.523,24.378,-37.75,-36.445,-50.296,3.913,7.056,1991.333,6369.333
35,1,35,4.005,134.37,138.375,0.894,26.977,26.083,9.022,483.206,492.228,23.365,-38.793,-37.69,-51.325,3.229,1.745,27.044,25.299,8.828,484.116,492.944,22.678,-39.176,-38.17,-51.368,3.316,4.048,141.886,145.934,-0.702,27.003,27.705,9.131,511.997,521.128,21.99,-40.364,-39.492,-51.811,2.636,2.921,26.995,24.074,8.763,520.237,529,24.208,-37.431,-36.043,-50.083,4.219,7.086,1991.333,2092.667
36,1,36,4.104,139.743,143.847,0.875,26.995,26.12,8.871,487.394,496.265,23.28,-38.38,-37.165,-51.18,3.562,1.668,27.046,25.378,9.074,489.149,498.223,22.461,-38.748,-37.629,-51.182,3.644,4.003,139.91,143.912,-0.524,27.003,27.527,8.896,508.221,517.117,22.155,-40.441,-39.714,-51.603,2.547,3.006,26.967,23.961,8.549,512.768,521.317,24.4,-37.755,-36.481,-50.191,3.888,7.185,1967.333,2320.333
37,1,37,4.042,140.406,144.448,-1.645,27.043,28.688,8.544,477.588,486.131,23.998,-40.02,-38.958,-52.856,2.476,-0.532,27.027,27.559,8.34,470.001,478.341,23.226,-39.858,-38.885,-52.193,2.845,3.899,135.116,139.016,-2.063,27.003,29.066,8.896,498.84,507.736,22.547,-40.84,-40.308,-51.88,2.232,1.538,26.967,25.429,8.501,502.388,510.889,24.886,-38.021,-36.96,-49.986,3.47,7.054,1828.667,2121.333
38,1,38,3.779,126.865,130.644,3.214,23.589,20.375,7.344,375.338,382.682,17.607,-39.151,-39.992,-50.602,2.161,2.881,21.975,19.094,7.08,353.525,360.605,16.161,-37.739,-39.636,-48.752,2.292,3.839,130.233,134.072,-0.783,26.985,27.768,8.685,499.732,508.417,22.429,-40.499,-39.984,-51.422,2.399,2.856,26.973,24.117,8.791,507.814,516.605,24.653,-37.694,-36.467,-49.89,3.911,7.077,1828.667,2108
39,1,39,4.083,142.449,146.532,-1.452,27.019,28.471,8.886,480.81,489.695,23.704,-39.952,-38.868,-52.839,2.544,-0.459,27.017,27.476,9.114,473.235,482.349,22.996,-39.959,-38.999,-52.237,2.786,4.059,142.577,146.635,-1.81,27.01,28.82,8.605,499.193,507.798,22.583,-40.789,-40.095,-52.009,2.347,1.707,26.968,25.261,8.552,504.409,512.961,24.791,-37.936,-36.739,-50.249,3.785,7.09,1861,2097.667
40,1,40,4.034,135.646,139.68,0.832,26.997,26.165,9.008,488.965,497.973,23.214,-38.501,-37.391,-50.976,3.373,1.648,27.048,25.4,9.026,491.711,500.737,22.368,-39.136,-38.188,-51.172,3.257,3.916,134.649,138.564,-0.912,26.998,27.91,8.902,505.346,514.248,22.251,-40.248,-39.574,-51.401,2.538,2.718,26.963,24.245,8.427,512.185,520.612,24.409,-37.994,-36.882,-50.095,3.551,7.224,1962,2117.667
41,1,41,4.025,139.533,143.558,-1.944,27.03,28.974,8.794,477.971,486.765,23.898,-40.173,-39.128,-52.929,2.449,-0.712,27.016,27.728,8.717,466.875,475.592,23.295,-40.075,-39.162,-52.238,2.712,3.957,138.094,142.051,-1.738,27.01,28.748,8.663,499.974,508.638,22.545,-41.05,-40.421,-52.235,2.298,1.848,26.977,25.129,8.727,508.516,517.243,24.645,-37.616,-36.311,-49.959,4.065,6.642,1899.333,2111
42,1,42,4.185,147.047,151.232,-1.868,27.026,28.894,8.614,481.592,490.206,23.719,-39.953,-38.8,-52.998,2.617,-0.762,26.987,27.749,8.788,475.611,484.399,22.746,-39.919,-38.913,-52.256,2.85,4.099,146.453,150.553,-1.71,27.006,28.716,8.993,500.302,509.295,22.498,-40.988,-40.215,-52.319,2.372,1.886,26.985,25.099,8.409,506.638,515.047,24.791,-37.609,-36.25,-50.165,4.12,6.808,1897.667,2110.667
43,1,43,4.349,148.825,153.174,0.65,26.979,26.329,9.05,489.939,498.988,23.077,-38.289,-37.035,-51.205,3.646,1.59,27.051,25.461,9.471,492.521,501.992,22.331,-38.953,-37.819,-51.313,3.516,4.218,148.474,152.692,-0.948,27.025,27.973,8.845,503.962,512.807,22.446,-40.105,-39.12,-51.703,2.79,2.739,26.968,24.229,8.992,509.801,518.793,24.519,-37.615,-36.258,-50.317,4.07,7.232,1980.667,10451
44,1,44,4.131,141.142,145.273,0.92,26.978,26.058,8.821,483.811,492.632,23.349,-38.447,-37.297,-51.025,3.44,1.794,27.056,25.262,9.307,488.732,498.04,22.524,-38.885,-37.84,-51.073,3.514,3.984,138.409,142.393,-1.027,27.006,28.033,9.364,508.175,517.539,22.157,-40.196,-39.394,-51.47,2.645,2.695,26.955,24.26,8.167,508.988,517.154,24.524,-37.812,-36.578,-50.158,3.795,7.114,1940,2117.667
45,1,45,3.991,141.312,145.303,-1.87,27.026,28.896,8.464,476.147,484.611,23.977,-40.145,-39.095,-52.89,2.446,-0.819,26.978,27.797,8.259,464.85,473.108,23.205,-40.295,-39.43,-52.357,2.56,3.969,141.844,145.813,-1.906,27.018,28.924,8.327,506.607,514.934,22.324,-40.795,-39.983,-52.214,2.473,1.61,26.963,25.353,8.333,509.385,517.718,24.542,-37.817,-36.59,-50.121,3.794,6.874,1887.667,24060.333
46,1,46,4.054,142.165,146.22,-1.676,27.004,28.68,8.421,478.215,486.636,23.762,-39.887,-38.83,-52.735,2.541,-0.501,27.037,27.538,8.606,472.795,481.401,23.147,-39.744,-38.773,-52.08,2.946,3.833,131.817,135.651,-2.127,26.992,29.119,8.754,496.231,504.985,22.607,-40.889,-40.434,-51.833,2.175,1.577,26.972,25.395,8.382,500.046,508.427,25.032,-37.894,-36.777,-49.885,3.638,6.883,1882.667,5651.333
47,1,47,4.352,147.103,151.454,0.593,26.994,26.401,9.358,488.816,498.174,23.193,-38.21,-36.919,-51.205,3.757,1.477,27.043,25.566,9.325,490.674,499.999,22.374,-38.714,-37.515,-51.276,3.73,4.152,145.639,149.791,-0.984,27.005,27.989,9.402,506.542,515.944,22.214,-40.238,-39.322,-51.697,2.715,2.7,26.988,24.288,8.422,509.508,517.93,24.675,-37.68,-36.367,-50.216,3.954,7.271,2003.667,10810
48,1,48,3.914,135.683,139.597,-1.569,27.037,28.606,8.041,478.461,486.502,23.948,-40.362,-39.439,-52.789,2.271,-0.426,27.024,27.45,8.629,468.663,477.292,23.259,-40.301,-39.513,-52.202,2.523,4.081,145.459,149.54,-1.866,27.001,28.867,9.175,503.498,512.673,22.329,-41.049,-40.344,-52.313,2.306,1.651,26.963,25.312,8.406,514.74,523.146,24.293,-37.989,-36.784,-50.269,3.648,6.727,1827.333,6434
49,1,49,4.151,140.364,144.515,0.853,26.98,26.127,8.736,483.119,491.855,23.397,-38.539,-37.361,-51.197,3.462,1.74,27.052,25.312,8.989,490.655,499.643,22.438,-38.901,-37.811,-51.207,3.574,4.045,141.385,145.43,-0.862,26.995,27.857,9.184,506.347,515.532,22.18,-40.253,-39.392,-51.68,2.663,2.766,26.96,24.194,8.576,514.89,523.466,24.259,-37.64,-36.339,-50.084,3.989,7.195,1961,2109.333
50,1,50,4.142,145.527,149.669,-1.774,27.019,28.793,8.785,480.651,489.436,23.717,-39.931,-38.828,-52.859,2.547,-0.725,26.987,27.712,8.942,470.653,479.595,22.959,-39.794,-38.799,-52.168,2.889,3.985,139.312,143.297,-1.793,26.988,28.781,8.753,496.824,505.577,22.565,-41.087,-40.504,-52.239,2.245,1.837,26.959,25.122,8.164,504.348,512.512,24.764,-37.59,-36.278,-49.91,4.084,6.992,1844.333,13882
51,1,51,4.287,146.641,150.929,0.718,26.999,26.281,8.731,491.773,500.504,23.119,-38.083,-36.816,-50.993,3.812,1.638,27.052,25.414,9.783,498.689,508.472,22.073,-38.647,-37.502,-51.044,3.724,4.068,142.148,146.215,-0.761,27.009,27.77,9.076,504.775,513.851,22.322,-40.205,-39.42,-51.451,2.661,2.981,26.964,23.983,8.54,509.266,517.806,24.544,-37.579,-36.23,-50.148,4.105,7.129,2018,2103.667
52,1,52,4.238,144.495,148.733,1.02,27.004,25.984,8.739,485.94,494.678,23.402,-38.432,-37.252,-51.088,3.547,1.86,27.056,25.196,9.495,496.148,505.643,22.209,-38.997,-37.916,-51.225,3.514,3.873,132.995,136.867,-1.091,26.99,28.081,9.15,505.829,514.979,22.18,-40.213,-39.477,-51.578,2.648,2.653,26.966,24.313,8.848,516.801,525.65,24.197,-37.43,-36.132,-49.752,4.174,7.236,1964,4862
53,1,53,4.157,140.486,144.643,0.986,27.008,26.022,9.252,487.627,496.879,23.326,-38.344,-37.163,-50.938,3.57,1.793,27.056,25.263,9.235,487.8,497.035,22.565,-38.727,-37.644,-50.98,3.636,3.958,138.782,142.74,-0.745,27.006,27.751,8.758,502.533,511.291,22.417,-40.379,-39.666,-51.558,2.581,2.975,26.967,23.992,8.608,514.061,522.669,24.337,-37.44,-36.065,-49.984,4.24,7.069,1989,2097
54,1,54,4.154,140.369,144.523,1.016,26.982,25.966,8.768,482.362,491.129,23.443,-38.607,-37.473,-51.172,3.372,1.85,27.055,25.205,9.167,489.655,498.822,22.486,-38.939,-37.841,-51.283,3.56,3.835,130.89,134.725,-0.689,26.971,27.66,9.252,502.694,511.946,22.205,-40.498,-39.907,-51.602,2.498,2.955,26.975,24.02,8.717,511.866,520.583,24.479,-37.299,-35.936,-49.688,4.351,7.294,1981.667,2125
55,1,55,4.293,145.383,149.676,0.832,26.999,26.167,8.675,490.285,498.96,23.182,-38.248,-37.008,-51.112,3.731,1.766,27.056,25.29,9.403,493.148,502.551,22.334,-38.744,-37.585,-51.147,3.708,4.069,141.273,145.342,-0.726,27.012,27.738,9.255,504.794,514.049,22.328,-40.291,-39.527,-51.549,2.61,3.038,26.971,23.933,8.832,510.736,519.568,24.497,-37.682,-36.373,-50.179,3.994,7.246,2002.333,2106.667
56,1,56,4.252,149.685,153.937,-1.765,27.021,28.786,8.62,482.925,491.545,23.63,-39.721,-38.529,-52.835,2.737,-0.674,26.987,27.661,8.592,476.961,485.553,22.697,-39.774,-38.704,-52.246,2.949,4.057,142.121,146.178,-1.813,26.986,28.799,8.346,501.704,510.05,22.36,-41.051,-40.383,-52.277,2.281,1.872,26.984,25.112,8.418,507.733,516.152,24.734,-37.633,-36.319,-50.054,4.059,6.872,1886.667,2095.667
57,1,57,4.283,150.333,154.616,-1.642,27.046,28.688,8.857,487.505,496.362,23.549,-39.728,-38.578,-52.734,2.711,-0.552,26.964,27.516,8.708,476.275,484.983,22.603,-40.051,-39.078,-52.29,2.751,4.067,143.183,147.25,-1.643,26.975,28.618,8.594,496.777,505.371,22.502,-41.012,-40.361,-52.185,2.283,1.942,26.96,25.018,8.439,503.448,511.887,24.801,-37.745,-36.453,-50.167,3.944,6.983,1771.667,2312
58,1,58,4.213,143.301,147.514,0.775,26.995,26.22,8.872,490.838,499.709,23.133,-38.232,-36.986,-51.1,3.732,1.668,27.05,25.382,9.288,495.094,504.382,22.228,-38.666,-37.517,-51.091,3.734,3.916,136.341,140.257,-0.759,27.025,27.784,9.284,505.162,514.446,22.377,-40.198,-39.451,-51.451,2.672,2.964,26.963,23.999,8.535,511.246,519.781,24.443,-37.644,-36.373,-49.985,3.989,7.189,2026,2097.667
59,1,59,4.312,147.192,151.504,0.635,26.983,26.348,9.226,487.93,497.156,23.177,-38.303,-37.026,-51.267,3.684,1.575,27.048,25.473,9.638,489.444,499.082,22.439,-38.798,-37.627,-51.259,3.666,4.092,142.552,146.644,-0.809,26.959,27.768,9.257,502.016,511.273,22.175,-40.597,-39.925,-51.644,2.437,2.95,26.959,24.009,8.648,509.213,517.861,24.51,-37.862,-36.619,-50.275,3.773,7.15,1921.667,23654.333
60,1,60,4.162,146.174,150.336,-0.433,27.027,27.46,8.653,484.949,493.602,23.571,-40.123,-39.06,-52.88,2.54,0.527,27.045,26.518,8.891,485.4,494.291,22.628,-39.613,-38.509,-52.206,3.216,3.913,136.374,140.287,-0.85,27.019,27.869,8.937,499.62,508.557,22.594,-41.027,-40.461,-52.105,2.345,2.378,26.99,24.612,8.202,509.002,517.204,24.718,-37.527,-36.162,-49.947,4.29,6.777,1909,12675.333
61,1,61,3.661,138.667,142.328,-1.326,26.954,29.539,8.457,515.061,523.517,27.862,-41.424,-40.438,-52.947,1.932,0.072,26.923,26.851,8.295,507.991,516.286,28.049,-41.114,-40.298,-51.956,1.896,3.799,143.44,147.239,-1.902,27.052,29.042,8.306,517.909,526.216,28.351,-41.225,-40.478,-52.568,2.357,1.782,26.92,25.138,8.652,515.44,524.093,27.61,-39.211,-38.293,-50.383,3.149,6.939,1027.915,86508.83
62,1,62,3.501,133.785,137.286,-1.517,26.977,29.753,8.477,520.476,528.954,27.721,-41.28,-40.307,-52.747,2.008,-0.189,26.931,27.121,7.951,504.791,512.741,28.3,-41.123,-40.333,-51.907,1.826,3.788,143.266,147.054,-1.721,27.012,28.82,8.57,528.425,536.996,27.527,-41.43,-40.728,-52.571,2.187,1.777,26.925,25.148,8.788,526.089,534.877,27.088,-39.646,-38.805,-50.702,2.721,6.932,1059.248,967.129
63,1,63,3.551,134.108,137.659,-1.437,26.971,29.667,8.266,517.141,525.407,27.87,-41.259,-40.227,-53.033,2.045,-0.097,26.931,27.028,8.291,505.179,513.47,28.258,-40.871,-40.05,-51.749,1.99,3.658,139.621,143.279,-1.568,27.034,28.69,8.507,522.703,531.21,27.969,-41.56,-41.074,-52.268,2.001,2.104,26.936,24.832,8.274,524.899,533.174,27.245,-39.479,-38.639,-50.435,2.85,6.947,1041.915,1411.497
64,1,64,3.728,140.134,143.862,-1.09,26.999,29.349,8.355,523.945,532.3,27.688,-41.388,-40.298,-53.225,2.086,0.151,26.928,26.777,8.549,515.158,523.708,27.684,-41.063,-40.132,-52.156,2.059,3.913,148.372,152.285,-1.36,26.99,28.438,8.532,520.778,529.31,27.788,-41.757,-41.066,-52.743,2.023,2.06,26.93,24.87,8.652,527.781,536.433,27.046,-39.504,-38.609,-50.651,2.889,6.983,1066.915,1284.164
65,1,65,3.594,134.985,138.579,-1.609,26.997,29.864,8.653,519.874,528.527,27.868,-41.219,-40.148,-53.112,2.135,-0.297,26.922,27.219,8.016,510.593,518.609,27.921,-40.914,-40.055,-51.854,1.994,3.763,142.903,146.666,-1.747,27.02,28.855,8.637,521.629,530.265,27.929,-41.342,-40.703,-52.445,2.185,1.803,26.928,25.125,8.345,521.369,529.714,27.368,-39.573,-38.736,-50.651,2.748,7,1057.248,1287.164
66,1,66,3.539,133.098,136.637,-1.221,27.001,29.481,8.19,516.639,524.828,28.093,-41.281,-40.327,-52.757,1.959,0.056,26.933,26.877,8.167,504.831,512.998,28.299,-40.801,-39.952,-51.858,2.09,3.6,137.003,140.603,-1.489,26.995,28.572,8.339,523.134,531.473,27.708,-41.462,-41,-52.157,1.99,2.031,26.931,24.9,8.655,523.358,532.014,27.273,-39.795,-39.015,-50.602,2.546,6.975,1052.915,1270.83
67,1,67,3.6,137.067,140.667,-1.689,27.007,29.956,8.57,519.99,528.56,27.936,-41.06,-39.959,-53.043,2.206,-0.419,26.919,27.338,7.902,505.166,513.068,28.2,-40.903,-40.021,-51.934,1.989,3.761,143.307,147.068,-1.669,27.012,28.769,8.758,529.649,538.407,27.457,-41.451,-40.893,-52.257,2.06,1.833,26.915,25.082,8.547,526.093,534.64,27.035,-40.25,-39.569,-51.064,2.046,6.99,1043.652,1206.164
68,1,68,3.492,132.801,136.293,-1.549,26.977,29.785,8.363,518.989,527.352,27.804,-41.247,-40.245,-52.828,2.048,-0.214,26.93,27.143,7.842,504.052,511.894,28.335,-41.082,-40.282,-51.919,1.844,3.535,132.073,135.608,-1.247,26.988,28.323,8.273,514.108,522.381,28.144,-41.582,-41.155,-52.229,1.986,2.256,26.929,24.673,8.196,516.883,525.079,27.622,-39.22,-38.33,-50.007,3.162,6.963,1066.915,1206.83
69,1,69,3.838,143.66,147.498,-0.434,26.927,28.62,8.605,516.697,525.302,27.594,-40.955,-39.854,-52.608,2.391,0.842,26.962,26.121,8.936,509.481,518.417,28.189,-45.213,-44.35,-55.272,0.219,3.823,143.653,147.477,-1.236,26.986,28.31,8.733,520.35,529.082,27.771,-41.783,-41.212,-52.585,1.951,2.026,26.929,24.903,8.407,526.222,534.629,27.124,-39.511,-38.642,-50.533,2.849,7.092,1031.4,1203.83
70,1,70,3.651,138.206,141.858,-1.409,26.953,29.621,8.21,514.719,522.93,27.889,-41.483,-40.415,-53.281,2.001,-0.032,26.927,26.958,7.954,505.629,513.582,28.225,-41.079,-40.176,-52.113,2.015,3.708,140.237,143.945,-1.639,27.016,28.743,8.342,524.355,532.697,27.776,-41.457,-40.858,-52.348,2.079,1.855,26.929,25.074,8.598,528.297,536.895,27.012,-39.899,-39.128,-50.737,2.442,6.975,1042.915,1314.164
71,1,71,3.719,141.137,144.856,-1.715,27.007,29.982,8.414,524.84,533.254,27.688,-40.901,-39.761,-52.88,2.375,-0.254,26.924,27.178,8.433,508.639,517.072,28.016,-41.052,-40.17,-51.916,1.939,3.771,143.316,147.087,-1.458,26.995,28.54,8.525,518.917,527.442,27.913,-41.71,-41.195,-52.408,1.954,2.145,26.93,24.785,8.32,523.056,531.376,27.301,-39.623,-38.766,-50.749,2.74,6.996,1020.582,1219.497
72,1,72,3.656,139.822,143.478,-1.383,26.949,29.592,8.432,519.03,527.462,27.621,-41.388,-40.37,-53.064,1.953,-0.06,26.925,26.985,8.425,509.504,517.929,27.975,-41.02,-40.156,-52.026,1.974,3.73,141.134,144.863,-1.464,27.003,28.555,8.726,521.251,529.977,27.833,-41.539,-40.976,-52.443,2.054,1.994,26.932,24.938,8.548,527.84,536.388,27.057,-39.497,-38.643,-50.485,2.865,6.962,1028.915,7676.497
73,1,73,3.593,135.808,139.401,-1.592,26.993,29.844,8.434,520.214,528.648,27.84,-41.172,-40.109,-53.029,2.136,-0.272,26.923,27.195,8.117,505.29,513.407,28.212,-40.837,-39.976,-51.845,2.048,3.636,137.955,141.591,-1.864,27.033,28.985,8.206,507.265,515.471,28.814,-41.316,-40.745,-52.253,2.155,1.786,26.913,25.127,8.243,507.216,515.459,28.035,-39.613,-38.797,-50.565,2.709,6.964,1042.582,1243.497
74,1,74,3.701,139.712,143.413,-1.358,26.968,29.587,8.479,523.21,531.689,27.524,-41.374,-40.226,-53.391,2.134,-0.14,26.923,27.063,8.135,507.817,515.952,28.068,-41.177,-40.258,-52.154,1.935,3.932,149.352,153.283,-1.299,26.961,28.348,8.67,519.276,527.946,27.676,-42.01,-41.354,-52.84,1.894,2.164,26.925,24.761,8.897,495.842,504.739,28.934,-39.511,-38.593,-50.802,2.901,7.005,1028.915,1189.164
75,1,75,3.605,136.08,139.685,-1.53,26.98,29.769,8.512,518.709,527.221,27.829,-41.251,-40.197,-53.06,2.082,-0.161,26.924,27.085,8.327,509.849,518.176,27.954,-40.841,-39.976,-51.832,2.071,3.881,148.201,152.082,-1.761,27.023,28.872,8.664,522.831,531.494,27.883,-41.569,-40.867,-52.676,2.136,1.89,26.933,25.043,8.662,526.86,535.522,27.104,-39.547,-38.676,-50.794,2.803,6.991,1032.248,1354.164
76,1,76,3.832,147.651,151.483,-1.283,27.011,29.554,8.661,528.601,537.262,27.508,-41.115,-39.92,-53.303,2.345,0.017,26.923,26.906,8.385,516.392,524.778,27.6,-41.34,-40.369,-52.436,1.933,3.742,140.516,144.258,-1.41,26.997,28.496,8.329,518.275,526.604,27.976,-41.689,-41.151,-52.327,1.949,2.068,26.923,24.855,8.355,519.86,528.215,27.416,-39.7,-38.856,-50.596,2.689,6.997,1020.493,1214.497
77,1,77,3.48,132.466,135.947,-1.36,26.966,29.585,8.389,518.218,526.607,27.772,-41.351,-40.416,-52.78,1.92,-0.047,26.922,26.969,8.291,508.216,516.507,28.032,-40.864,-40.09,-51.686,1.955,3.686,141.871,145.556,-1.484,27,28.571,8.525,525.166,533.692,27.617,-41.717,-41.297,-52.342,1.898,2.117,26.933,24.816,8.275,527.242,535.517,27.106,-39.618,-38.798,-50.623,2.712,6.982,1045.582,1457.497
78,1,78,3.54,134.645,138.185,-1.193,27.011,29.463,8.453,527.075,535.528,27.595,-41.296,-40.284,-52.947,2.031,0.023,26.92,26.897,8.154,509.47,517.624,27.957,-41.031,-40.18,-52.023,1.962,3.554,135.001,138.555,-1.373,26.985,28.446,8.352,518.844,527.196,27.869,-41.595,-41.217,-52.07,1.884,2.014,26.92,24.906,8.219,518.106,526.325,27.5,-40.04,-39.32,-50.754,2.284,6.964,1017.582,1404.164
79,1,79,3.576,135.638,139.213,-1.408,26.968,29.635,8.24,515.399,523.639,27.944,-41.341,-40.33,-52.999,1.988,-0.126,26.921,27.047,7.846,501.813,509.659,28.406,-40.815,-39.963,-51.84,2.061,3.72,141.92,145.64,-1.692,27.009,28.789,8.631,524.662,533.293,27.699,-41.472,-40.927,-52.246,2.035,1.85,26.923,25.073,8.275,520.986,529.261,27.361,-40.095,-39.381,-50.971,2.201,7.034,1025.015,1238.164
80,1,80,3.454,129.989,133.443,-1.237,27.007,29.503,8.341,517.717,526.058,28.066,-41.368,-40.452,-52.716,1.894,-0.006,26.927,26.933,8.243,504.961,513.204,28.246,-40.971,-40.177,-51.867,1.939,3.606,136.591,140.198,-1.435,26.997,28.52,8.437,519.896,528.333,27.882,-41.545,-41.069,-52.245,1.982,2.074,26.968,24.894,8.455,522.387,530.842,27.567,-39.619,-38.81,-50.439,2.724,6.964,1027.248,1212.164
81,1,81,3.564,134.004,137.569,-1.396,26.96,29.616,8.414,518.327,526.741,27.733,-41.354,-40.354,-52.925,2.003,-0.025,26.925,26.95,8.343,505.721,514.064,28.187,-40.94,-40.116,-51.827,1.982,3.829,143.613,147.442,-1.473,27.003,28.564,8.704,526.868,535.572,27.544,-41.634,-41.047,-52.5,2.03,2.055,26.934,24.879,8.611,528.691,537.302,27.022,-39.546,-38.71,-50.538,2.782,6.991,1021.582,1230.83
82,1,82,3.699,142.399,146.098,-1.045,26.994,29.299,8.606,520.381,528.987,27.829,-41.216,-40.142,-53.032,2.116,0.176,26.923,26.747,8.521,509.114,517.635,27.976,-41.101,-40.184,-52.2,1.991,3.865,145.765,149.63,-1.149,26.975,28.212,8.566,518.09,526.656,27.827,-41.779,-41.154,-52.642,1.97,2.275,26.922,24.647,8.362,525.701,534.063,27.113,-39.306,-38.381,-50.402,3.088,6.994,1022.248,1208.83
83,1,83,3.623,135.525,139.148,-1.541,26.981,29.782,8.323,525.787,534.11,27.479,-41.22,-40.22,-52.815,2.068,-0.123,26.929,27.052,8.212,507.048,515.26,28.146,-41.005,-40.201,-51.832,1.917,3.696,140.797,144.492,-1.586,27.023,28.697,8.513,522.097,530.61,27.929,-41.517,-40.942,-52.39,2.093,2.01,26.949,24.939,8.203,521.955,530.158,27.478,-39.514,-38.673,-50.499,2.819,7.04,1009.064,1230.497
84,1,84,3.517,132.337,135.854,-1.377,26.963,29.6,8.345,515.528,523.873,27.903,-41.387,-40.43,-52.951,1.932,-0.057,26.923,26.98,7.952,504.594,512.547,28.258,-40.867,-40.049,-51.812,2.025,3.758,141.169,144.927,-1.334,26.995,28.417,8.873,523.947,532.821,27.636,-41.576,-40.969,-52.554,2.073,2.137,26.928,24.791,8.571,524.126,532.697,27.218,-39.368,-38.465,-50.467,3.025,6.957,1051.248,1242.497
85,1,85,3.651,136.651,140.302,-1.435,26.974,29.669,8.562,520.987,529.549,27.673,-41.343,-40.248,-53.245,2.085,-0.124,26.921,27.045,7.916,506.211,514.128,28.156,-40.929,-40.039,-51.979,2.026,3.728,139.539,143.267,-1.373,26.984,28.444,8.779,520.887,529.666,27.726,-41.65,-41.215,-52.221,1.922,2.202,26.937,24.735,8.594,524.03,532.624,27.28,-39.597,-38.789,-50.492,2.715,6.975,1040.582,1216.83
86,1,86,3.654,139.488,143.142,-1.243,27.008,29.511,8.587,525.058,533.645,27.677,-41.178,-40.134,-52.94,2.115,0.024,26.921,26.897,8.095,511.346,519.44,27.868,-41.241,-40.383,-52.164,1.852,3.661,137.503,141.165,-1.264,26.976,28.327,8.494,523.493,531.987,27.556,-41.791,-41.401,-52.268,1.827,2.227,26.934,24.707,8.502,531.001,539.503,26.912,-39.724,-38.933,-50.53,2.621,6.985,1031.248,1214.497
87,1,87,3.698,141.011,144.71,-1.562,26.987,29.809,8.2,524.257,532.457,27.604,-41.132,-39.981,-53.296,2.226,-0.266,26.924,27.19,8.512,509.901,518.413,27.941,-40.821,-39.876,-51.997,2.124,3.633,139.122,142.755,-1.653,27.02,28.76,8.383,523.374,531.757,27.851,-41.533,-41.022,-52.291,2.028,1.847,26.916,25.069,8.189,524.327,532.516,27.15,-39.891,-39.139,-50.778,2.407,6.981,1013.145,1336.164
88,1,88,3.599,135.937,139.537,-1.282,27.001,29.542,8.48,524.511,532.992,27.663,-41.281,-40.206,-53.14,2.12,-0.012,26.92,26.932,7.966,510.733,518.699,27.899,-41.108,-40.227,-52.092,1.947,3.706,139.267,142.973,-1.578,27.007,28.672,8.692,523.885,532.577,27.722,-41.477,-40.902,-52.331,2.04,1.826,26.93,25.104,8.419,522.938,531.357,27.301,-39.811,-39.032,-50.69,2.515,6.968,1025.248,1327.83
89,1,89,3.565,134.076,137.641,-1.519,26.977,29.756,8.236,517.01,525.246,27.922,-41.371,-40.389,-52.915,1.962,-0.197,26.942,27.139,8.211,502.058,510.269,28.512,-41.156,-40.37,-51.913,1.81,3.724,143.744,147.468,-1.834,27.025,28.946,8.359,526.062,534.421,27.74,-41.406,-40.753,-52.48,2.147,1.624,26.916,25.292,8.34,520.489,528.829,27.339,-40.086,-39.364,-51.013,2.208,6.996,1006.582,1437.497
90,1,90,3.554,136.073,139.627,-1.486,26.981,29.727,8.194,517.621,525.815,27.915,-41.145,-40.127,-52.812,2.091,-0.193,26.92,27.113,8.259,506.098,514.357,28.138,-40.948,-40.101,-51.914,1.968,3.795,142.379,146.174,-1.523,27.009,28.619,8.622,521.123,529.745,27.881,-41.539,-40.896,-52.581,2.101,1.957,26.927,24.97,8.76,522.029,530.788,27.309,-39.54,-38.676,-50.621,2.835,6.967,1031.248,1210.497
91,1,91,3.419,122.531,125.950,-1.821,26.989,28.810,8.144,498.922,507.067,28.980,-40.421,-39.594,-53.693,1.818,-0.390,27.005,27.395,8.157,490.959,499.116,29.528,-40.819,-40.229,-51.750,1.982,3.317,115.812,119.129,-2.099,26.963,29.061,8.163,502.287,510.450,28.609,-40.643,-40.415,-50.905,1.977,2.287,26.946,24.659,8.292,502.649,510.941,28.387,-39.698,-39.663,-49.985,2.199,1.761,0.249,626.530
92,1,92,3.496,118.368,121.864,-1.769,26.985,28.754,8.454,497.973,506.427,28.987,-39.594,-38.987,-51.951,2.048,-0.490,26.956,27.445,8.429,485.807,494.236,29.479,-40.468,-39.900,-51.593,2.111,3.348,118.304,121.652,-1.761,26.954,28.715,8.247,506.514,514.761,28.311,-41.276,-41.098,-51.370,1.757,2.437,26.982,24.545,8.521,513.673,522.193,28.002,-39.516,-39.416,-49.865,2.263,1.777,0.254,11.317
93,1,93,3.416,122.834,126.250,-2.288,27.011,29.299,8.140,500.452,508.593,29.039,-40.059,-39.278,-53.220,1.933,-0.806,26.979,27.785,8.097,488.843,496.940,29.482,-40.606,-39.947,-51.891,2.067,3.385,123.188,126.573,-1.990,26.965,28.955,8.078,502.844,510.923,28.598,-41.542,-41.554,-51.031,1.773,2.262,27.052,24.791,8.251,509.777,518.028,28.695,-39.538,-39.164,-50.151,2.419,1.821,0.253,11.916
94,1,94,3.274,110.372,113.646,-1.038,26.950,27.988,8.425,487.798,496.223,29.343,-40.652,-40.121,-52.633,1.431,-0.063,26.974,27.037,8.181,477.893,486.075,30.096,-40.712,-40.322,-51.626,1.803,3.203,116.783,119.986,-2.001,26.956,28.956,8.076,507.599,515.675,28.274,-40.195,-40.007,-50.136,2.144,2.296,26.919,24.623,8.152,507.918,516.070,27.931,-39.605,-39.737,-49.876,2.201,1.904,0.250,10.585
95,1,95,3.216,113.275,116.491,-1.520,26.951,28.471,7.987,496.213,504.201,28.885,-40.344,-39.728,-52.777,1.570,-0.371,27.021,27.392,8.112,491.805,499.917,29.582,-40.331,-39.928,-51.251,1.937,3.377,121.253,124.631,-1.782,26.930,28.712,8.082,501.318,509.399,28.449,-41.848,-41.866,-51.525,1.656,2.432,26.947,24.515,8.418,508.812,517.229,28.046,-39.713,-39.474,-50.210,2.306,1.823,0.234,9.030
96,1,96,3.335,113.092,116.427,-1.261,26.954,28.215,8.344,497.676,506.020,28.798,-39.844,-39.522,-51.123,1.606,-0.371,26.958,27.329,8.304,487.014,495.318,29.431,-40.172,-39.774,-51.420,1.957,3.147,104.517,107.664,-1.603,26.919,28.522,8.110,487.534,495.644,29.164,-40.043,-39.834,-50.388,2.083,2.575,26.963,24.388,8.317,492.990,501.307,29.038,-38.835,-38.661,-49.346,2.445,1.873,0.245,44.758
97,1,97,3.273,104.372,107.645,-1.393,26.944,28.337,8.407,485.258,493.665,29.454,-40.418,-40.138,-51.469,1.396,-0.679,26.967,27.647,8.420,475.857,484.277,30.168,-39.881,-39.538,-51.122,2.004,3.241,109.591,112.833,-1.839,26.952,28.791,8.350,493.719,502.069,29.012,-40.853,-41.028,-50.719,1.830,2.469,26.966,24.497,8.477,497.019,505.496,28.820,-39.331,-39.203,-49.932,2.307,1.820,0.250,52.376
98,1,98,3.352,115.191,118.543,-2.123,26.996,29.119,8.258,497.949,506.207,29.073,-40.508,-39.827,-53.025,1.686,-0.933,26.971,27.904,8.228,487.017,495.245,29.528,-40.209,-39.621,-51.615,2.174,3.404,124.286,127.691,-2.517,26.968,29.485,8.161,506.934,515.094,28.390,-40.863,-40.925,-50.169,1.950,1.837,26.987,25.151,8.289,507.005,515.295,28.425,-39.953,-40.027,-50.108,2.117,1.837,0.255,8.719
99,1,99,3.432,118.679,122.111,-2.073,26.978,29.051,8.293,501.172,509.465,28.771,-40.549,-39.691,-54.017,1.817,-0.584,26.998,27.582,8.323,493.863,502.186,29.301,-40.831,-40.169,-51.994,2.044,3.449,123.235,126.684,-2.024,26.945,28.969,8.341,505.331,513.672,28.313,-41.727,-41.919,-50.973,1.669,2.110,26.957,24.847,8.487,509.026,517.512,28.102,-39.955,-39.970,-50.082,2.121,1.862,0.251,9.000
100,1,100,3.267,106.929,110.196,-0.980,26.950,27.929,8.253,488.051,496.303,29.337,-40.607,-40.159,-52.106,1.386,-0.105,26.957,27.062,8.227,478.922,487.149,29.913,-40.520,-40.251,-51.190,1.807,3.308,113.148,116.456,-2.015,26.952,28.967,8.247,496.894,505.142,28.839,-40.655,-40.584,-50.763,1.871,2.422,26.949,24.526,8.447,500.380,508.827,28.517,-39.418,-39.275,-49.902,2.291,1.822,0.255,11.889
101,1,101,3.215,100.587,103.802,-1.052,26.943,27.995,8.383,484.481,492.863,29.494,-40.920,-40.766,-51.274,1.140,-0.544,27.008,27.552,8.377,475.474,483.850,30.482,-39.978,-39.745,-50.943,1.892,3.296,117.129,120.426,-2.086,26.941,29.027,8.138,498.981,507.119,28.655,-40.830,-40.700,-50.973,1.893,2.352,26.949,24.596,8.307,503.248,511.555,28.369,-39.510,-39.335,-50.088,2.290,1.836,0.251,11.757
102,1,102,3.312,112.650,115.962,-1.063,26.950,28.013,8.310,494.393,502.703,28.965,-40.452,-39.949,-52.324,1.480,-0.158,26.973,27.131,8.306,484.915,493.221,29.653,-40.615,-40.200,-51.575,1.862,3.201,105.465,108.666,-2.017,26.968,28.985,8.208,494.188,502.396,29.101,-39.994,-39.788,-50.144,2.195,2.451,26.962,24.510,8.435,496.467,504.901,28.826,-39.098,-39.150,-49.442,2.284,1.827,0.248,10.541
103,1,103,3.474,115.801,119.275,-1.649,26.977,28.626,8.402,493.599,502.001,29.185,-40.220,-39.706,-52.112,1.716,-0.893,26.978,27.870,8.347,481.731,490.078,29.885,-40.241,-39.641,-51.762,2.187,3.327,115.854,119.181,-1.842,26.929,28.771,8.265,494.311,502.577,28.831,-41.947,-42.183,-51.457,1.615,2.337,26.989,24.652,8.476,504.789,513.265,28.540,-39.025,-38.530,-49.835,2.584,1.908,0.247,9.127
104,1,104,3.262,113.607,116.869,-1.407,26.999,28.406,8.011,491.793,499.804,29.463,-40.395,-39.776,-52.497,1.563,0.118,26.997,26.879,8.047,482.232,490.279,29.995,-40.891,-40.633,-51.486,1.671,3.300,117.261,120.561,-2.091,26.942,29.033,8.187,506.198,514.385,28.258,-40.463,-40.426,-50.094,2.045,2.121,26.962,24.841,8.346,507.646,515.991,28.216,-39.602,-39.629,-49.855,2.227,1.829,0.249,8.757
105,1,105,3.381,117.882,121.263,-1.791,26.976,28.767,8.186,499.840,508.026,28.832,-40.504,-39.739,-53.442,1.684,-0.353,27.066,27.419,8.242,495.587,503.830,29.664,-40.734,-40.218,-51.580,1.939,3.384,120.743,124.128,-2.003,26.967,28.970,7.973,500.371,508.344,28.755,-41.178,-41.149,-50.811,1.815,2.279,26.944,24.665,8.175,501.622,509.796,28.436,-39.880,-39.930,-50.196,2.162,1.884,0.233,11.828
106,1,106,3.317,112.477,115.793,-1.512,27.025,28.537,8.112,496.949,505.061,29.335,-40.326,-39.689,-52.610,1.621,-0.353,27.005,27.358,8.129,487.805,495.934,29.714,-40.555,-40.176,-51.361,1.881,3.312,115.961,119.274,-1.861,26.934,28.794,8.139,499.367,507.507,28.584,-40.727,-40.521,-50.749,1.961,2.279,27.002,24.723,8.321,505.642,513.964,28.585,-39.766,-39.748,-49.962,2.183,1.860,0.236,8.333
107,1,107,3.329,118.582,121.911,-1.695,26.968,28.663,8.152,493.935,502.087,29.121,-40.262,-39.573,-52.898,1.708,-0.536,26.970,27.505,8.132,482.602,490.734,29.787,-40.594,-40.096,-51.630,1.910,3.331,121.293,124.624,-2.043,26.956,29.000,8.046,502.019,510.065,28.587,-40.668,-40.450,-50.440,1.949,2.438,26.951,24.513,8.211,504.894,513.105,28.291,-39.883,-39.811,-50.158,2.200,1.823,0.255,16.514
108,1,108,3.331,109.291,112.622,-1.516,26.928,28.444,8.165,483.692,491.857,29.450,-40.580,-40.203,-51.883,1.369,-0.402,27.058,27.460,8.200,479.294,487.494,30.601,-40.494,-40.251,-51.158,1.815,3.330,110.682,114.012,-2.051,26.951,29.002,8.490,492.354,500.844,29.080,-40.664,-40.678,-50.899,1.847,2.322,27.000,24.678,8.666,496.682,505.347,29.057,-39.111,-38.870,-49.723,2.420,1.855,0.242,11.593
109,1,109,3.240,113.965,117.206,-1.551,26.994,28.545,7.968,492.909,500.878,29.370,-40.337,-39.650,-53.203,1.671,-0.402,26.967,27.369,7.948,481.848,489.796,29.822,-40.684,-40.184,-51.772,1.868,3.299,115.227,118.526,-2.005,27.002,29.007,8.138,499.547,507.686,29.028,-40.703,-40.497,-51.105,1.913,2.363,26.933,24.570,8.324,499.920,508.244,28.450,-39.645,-39.491,-50.179,2.283,1.761,0.233,11.619
110,1,110,3.197,113.294,116.492,-1.740,26.979,28.718,8.103,498.245,506.348,28.948,-40.042,-39.385,-52.664,1.785,-0.402,26.964,27.366,8.091,488.260,496.351,29.405,-40.346,-39.776,-51.662,2.041,3.247,115.199,118.446,-2.005,27.003,29.008,8.196,512.714,520.910,28.296,-40.509,-40.326,-50.486,1.983,2.161,26.965,24.803,8.442,514.521,522.963,27.856,-39.828,-39.966,-49.970,2.102,1.833,0.238,12.352
111,1,111,3.197,106.541,109.738,-1.173,26.958,28.131,8.240,487.239,495.479,29.441,-40.252,-39.809,-51.779,1.497,-0.134,26.969,27.103,8.186,475.982,484.169,30.183,-40.502,-40.229,-51.256,1.788,3.197,113.648,116.846,-1.570,26.955,28.525,8.012,496.019,504.031,28.920,-40.922,-40.687,-51.125,1.910,2.554,26.972,24.418,8.229,501.690,509.919,28.603,-39.502,-39.305,-49.939,2.294,1.886,0.247,11.523
112,1,112,3.512,124.027,127.540,-1.910,26.992,28.902,8.335,499.362,507.696,28.960,-40.434,-39.574,-54.137,1.945,-0.763,26.975,27.739,8.317,490.039,498.356,29.370,-40.717,-39.876,-52.335,2.278,3.487,123.044,126.531,-2.098,26.947,29.046,8.337,504.976,513.314,28.350,-41.753,-41.895,-51.093,1.678,2.315,27.036,24.721,8.544,512.469,521.014,28.420,-40.041,-40.087,-50.151,2.094,1.947,0.250,10.598
113,1,113,3.339,117.117,120.456,-1.740,26.961,28.701,8.116,498.182,506.298,28.832,-40.833,-40.109,-53.467,1.518,-0.411,26.931,27.341,8.040,487.911,495.952,29.208,-41.062,-40.596,-51.966,1.757,3.264,116.530,119.794,-1.947,26.992,28.939,8.223,504.592,512.815,28.672,-41.312,-41.282,-50.982,1.865,2.002,26.960,24.958,8.320,504.718,513.039,28.370,-39.680,-39.686,-49.892,2.188,1.860,0.249,9.320
114,1,114,3.465,122.141,125.606,-2.140,27.011,29.151,8.284,500.242,508.527,29.044,-39.745,-38.935,-53.002,2.157,-0.968,26.967,27.935,8.247,488.123,496.370,29.434,-40.122,-39.366,-51.842,2.350,3.375,114.804,118.179,-2.482,26.946,29.428,8.507,501.790,510.297,28.513,-40.842,-40.841,-50.697,1.896,1.787,26.976,25.189,8.627,500.405,509.031,28.698,-39.939,-39.951,-50.141,2.120,1.722,0.253,9.028
115,1,115,3.159,99.430,102.589,-0.870,26.937,27.807,8.491,482.353,490.845,29.573,-40.871,-40.627,-51.606,1.198,-0.269,26.972,27.241,8.443,472.212,480.655,30.422,-39.994,-39.727,-51.106,1.892,3.194,113.017,116.210,-2.141,26.959,29.100,8.085,496.652,504.737,28.909,-40.278,-40.080,-50.317,2.035,2.388,26.979,24.591,8.258,500.558,508.816,28.722,-39.365,-39.331,-49.715,2.284,1.810,0.256,9.688
116,1,116,3.252,106.624,109.877,-1.319,26.970,28.289,8.295,488.558,496.853,29.443,-40.664,-40.244,-52.081,1.357,-0.497,26.971,27.468,8.187,476.132,484.319,30.193,-40.489,-40.185,-51.370,1.827,3.460,129.212,132.672,-1.938,26.920,28.858,8.077,495.044,503.120,28.741,-41.283,-40.980,-51.420,1.731,2.482,26.960,24.478,8.370,501.377,509.746,28.541,-39.838,-39.393,-50.431,2.335,1.801,0.243,7.932
117,1,117,3.312,115.348,118.659,-1.939,26.997,28.936,8.187,498.943,507.130,29.031,-39.536,-38.871,-52.320,2.049,-0.758,26.958,27.716,8.143,488.435,496.579,29.359,-39.864,-39.300,-51.169,2.255,3.210,107.832,111.041,-2.330,26.965,29.295,8.404,502.056,510.460,28.629,-40.096,-40.152,-49.648,2.255,1.441,26.994,25.552,8.419,498.956,507.376,28.921,-39.536,-39.668,-49.688,2.167,1.785,0.257,10.318
118,1,118,3.357,111.770,115.127,-1.845,26.976,28.821,8.352,495.289,503.641,29.089,-40.478,-39.900,-52.517,1.597,-0.713,26.967,27.680,8.357,484.603,492.959,29.632,-40.553,-40.100,-51.468,1.942,3.373,118.439,121.813,-1.651,26.955,28.607,8.250,499.867,508.116,28.690,-41.358,-41.183,-51.485,1.767,2.431,26.984,24.552,8.499,505.405,513.903,28.465,-39.581,-39.352,-49.977,2.287,1.794,0.252,10.694
119,1,119,3.331,119.263,122.594,-1.710,27.012,28.723,8.034,498.032,506.067,29.191,-40.574,-39.811,-53.457,1.635,-0.607,26.920,27.527,7.914,482.929,490.843,29.439,-40.931,-40.418,-52.021,1.818,3.252,112.906,116.158,-2.142,26.953,29.094,8.172,505.817,513.990,28.349,-40.239,-40.030,-50.205,2.135,2.153,27.085,24.932,8.412,515.309,523.721,28.601,-39.692,-39.806,-49.911,2.131,1.838,0.242,11.481
120,1,120,3.485,125.940,129.425,-1.681,27.053,28.734,8.147,505.590,513.736,29.024,-39.722,-38.764,-53.670,2.275,-0.108,26.976,27.084,8.217,495.322,503.539,29.067,-41.178,-40.519,-52.016,1.928,3.284,114.831,118.114,-2.041,26.923,28.964,8.074,494.108,502.182,28.816,-40.785,-40.488,-51.224,1.893,2.367,26.976,24.609,8.384,502.768,511.152,28.570,-39.326,-39.099,-49.784,2.381,1.774,0.243,8.645
