Header Section,,,,,,,,,,,,,,,,,,,,,,,,,,,,,,,,,,,,,,,,,,,,,,,,,,,,,,,,,,,,,,,,,,,,,,,,,,,,,,,,
Product,VC7582,,,,,,,,,,,,,,,,,,,,,,,,,,,,,,,,,,,,,,,,,,,,,,,,,,,,,,,,,,,,,,,,,,,,,,,,,,,,,,,
Test Plan,Rev(-),,,,,,,,,,,,,,,,,,,,,,,,,,,,,,,,,,,,,,,,,,,,,,,,,,,,,,,,,,,,,,,,,,,,,,,,,,,,,,,
Release Date,2013/9/24 18:06,,,,,,,,,,,,,,,,,,,,,,,,,,,,,,,,,,,,,,,,,,,,,,,,,,,,,,,,,,,,,,,,,,,,,,,,,,,,,,,
Comment,"1~30 generatr in Sigurd, 31~65 generate in Gerad,2013/11/27,change for E4.14.1,2013/12/17",,,,,,,,,,,,,,,,,,,,,,,,,,,,,,,,,,,,,,,,,,,,,,,,,,,,,,,,,,,,,,,,,,,,,,,,,,,,,,,
,,,,,,,,,,,,,,,,,,,,,,,,,,,,,,,,,,,,,,,,,,,,,,,,,,,,,,,,,,,,,,,,,,,,,,,,,,,,,,,,
Data Section,,,,,,,,,,,,,,,,,,,,,,,,,,,,,,,,,,,,,,,,,,,,,,,,,,,,,,,,,,,,,,,,,,,,,,,,,,,,,,,,
Device#,1,2,3,4,5,6,7,8,9,10,11,12,13,14,15,16,17,18,19,20,21,22,23,24,25,26,27,28,29,30,31,32,33,34,35,36,37,38,39,40,41,42,43,44,45,46,47,48,49,50,51,52,53,54,55,56,57,58,59,60,61,62,63,64,65,66,67,68,69,70,71,72,73,74,75,76,77,78,79,80
Test Item,Site No,Device ID,GSM824 Idle Current,GSM824 Max Pout @ 0dBm Drive,GSM824 Max Pout,GSM824 Max Icc,GSM824 Max PAE,GSM824 Rated Pout,GSM824 Rated Vramp,GSM824 Rated Icc,GSM824 Rated PAE,GSM824 2nd har@33dBm,GSM824 3rd har@33dBm,GSM824 Fwd Isolation 1,GSM824 Fwd Isolation 2,GSM824 Pout Leakage@RX1,GSM824 Pout Leakage@RX2,GSM824 CMOS Pout,GSM824 Pout Slope,GSM824 Stress Delta,GSM915 Idle Current,GSM915 Max Pout @ 0dBm Drive,GSM915 Max Pout,GSM915 Max Icc,GSM915 Max PAE,GSM915 Rated Pout,GSM915 Rated Vramp,GSM915 Rated Icc,GSM915 Rated PAE,GSM915 2nd har@33dBm,GSM915 3rd har@33dBm,GSM915 Fwd Isolation 1,GSM915 Fwd Isolation 2,GSM915 Pout Leakage@RX1,GSM915 Pout Leakage@RX2,GSM915 CMOS Pout,GSM915 Pout Slope,GSM915 Stress Delta,DCS1710 Idle Current,DCS1710 Max Pout @ 0dBm Drive,DCS1710 Max Pout,DCS1710 Max Icc,DCS1710 Max PAE,DCS1710 Rated Pout,DCS1710 Rated Vramp,DCS1710 Rated Icc,DCS1710 Rated PAE,DCS1710 2nd har@30dBm,DCS1710 3rd har@30dBm,DCS1710 Fwd Isolation 1,DCS1710 Fwd Isolation 2,DCS1710 Pout Leakage@RX1,DCS1710 Pout Leakage@RX2,DCS1710 CMOS Pout,DCS1710 Pout Slope,DCS1710 Stress Delta,DCS1910 Idle Current,DCS1910 Max Pout @ 0dBm Drive,DCS1910 Max Pout,DCS1910 Max Icc,DCS1910 Max PAE,DCS1910 Rated Pout,DCS1910 Rated Vramp,DCS1910 Rated Icc,DCS1910 Rated PAE,DCS1910 2nd har@30dBm,DCS1910 3rd har@30dBm,DCS1910 Fwd Isolation 1,DCS1910 Fwd Isolation 2,DCS1910 Pout Leakage@RX1,DCS1910 Pout Leakage@RX2,DCS1910 CMOS Pout,DCS1910 Pout Slope,DCS1910 Stress Delta,Insertion Loss Rx1,Insertion Loss Rx2,Leakage Current,Leakage Current Delay Time,Test Time,Index Time
Low Tolerance,,,60,0.3,0.3,60,,,,60,,2,2,3,2,3,3,,,,60,0.3,0.3,60,,,,60,,2,2,3,2,3,3,,,,60,0.3,0.3,60,,,,60,,3,3,3,2,3,3,,,,60,0.3,0.3,60,,,,60,,3,3,3,3,3,3,,,,0.3,0.3,5,,,
High Tolerance,,,60,0.3,0.3,60,,,,60,,2,2,3,2,3,3,,,,60,0.3,0.3,60,,,,60,,2,2,3,2,3,3,,,,60,0.3,0.3,60,,,,60,,3,3,3,2,3,3,,,,60,0.3,0.3,60,,,,60,,3,3,3,3,3,3,,,,0.3,0.3,5,,,
Enable,,,1,1,1,1,0,0,0,1,0,1,1,0,1,1,1,0,0,0,1,1,1,1,0,0,0,1,0,1,1,0,1,1,1,0,0,0,1,1,1,1,0,0,0,1,0,1,1,1,1,1,1,0,0,0,1,1,1,1,0,0,0,1,0,1,1,1,1,1,1,0,0,0,1,1,1,0,0,0
1,1,1,805.489,34.155,34.327,1956.579,39.553,33.028,1.508,1610.921,35.617,-43.403,-34.749,-74.004,-27.158,-6.75,-17.41,12.282,110.292,-0.092,813.775,34.183,34.365,1888.004,41.347,33.017,1.498,1542.722,37.097,-40.068,-43.753,-64.348,-26.914,-5.766,-15.543,13.09,111.462,-0.09,985.443,32.16,32.382,1214.1,40.723,30.012,1.367,836.947,34.232,-38.802,-41.412,-44.739,-25.823,-13.063,-6.802,8.594,131.009,-0.047,983.302,31.736,32.032,1203.307,37.914,30.015,1.418,880.361,32.566,-45.731,-41.981,-50.626,-25.046,-13.106,-6.292,8.978,135.566,-0.076,-1.281,-1.078,0.041,5,0,0
2,1,2,792.763,34.228,34.373,1885.02,41.488,33.039,1.484,1554.329,37.01,-44.456,-35.234,-74.386,-27.152,-6.782,-17.405,12.624,106.929,-0.09,800.96,34.108,34.198,1788.06,42.008,33.029,1.486,1478.659,38.809,-41.758,-42.299,-61.287,-26.774,-5.748,-15.446,13.375,107.94,-0.075,958.242,32.011,32.25,1185.147,40.472,30.012,1.377,824.433,34.749,-40.07,-40.648,-45.333,-27.977,-12.718,-7.005,8.577,127.838,-0.042,957.283,31.58,32.027,1205.15,37.809,30.03,1.432,886.972,32.438,-48.022,-42.265,-50.574,-27.05,-12.722,-6.389,8.803,132.328,-0.083,-1.28,-1.08,0.039,5,0,0
3,1,3,798.189,34.139,34.277,1852.117,41.305,33.039,1.499,1541.444,37.32,-47.31,-33.013,-74.149,-27.424,-6.53,-17.261,12.69,104.941,-0.083,806.003,34.126,34.24,1795.722,42.232,33.019,1.495,1478.975,38.714,-40.737,-41.707,-61.143,-26.831,-5.541,-15.4,13.391,105.787,-0.08,958.464,31.98,32.212,1174.7,40.479,30.023,1.385,820.303,35.013,-40.006,-38.809,-45.579,-29.697,-11.904,-6.908,8.696,124.705,-0.046,958.069,31.583,31.997,1198.892,37.745,30.035,1.437,883.392,32.602,-48.637,-41.746,-50.705,-28.143,-11.532,-6.365,8.9,129.875,-0.079,-1.28,-1.077,0.041,5,0,0
4,1,4,806.353,34.312,34.426,1848.929,42.814,33.033,1.477,1506.845,38.121,-47.306,-35.534,-74.158,-27.421,-7.008,-17.295,12.664,108.385,-0.085,812.565,34.156,34.166,1757.859,42.42,33.049,1.49,1446.249,39.865,-40.939,-41.732,-61.376,-26.764,-5.928,-15.212,13.458,109.164,-0.065,970.432,32.153,32.372,1212.811,40.679,30.016,1.368,837.433,34.246,-40.148,-39.365,-45.474,-29.922,-12.056,-6.97,8.672,124.857,-0.047,969.141,31.705,32.058,1205.599,38.066,30.032,1.421,884.015,32.557,-48.252,-43.755,-51.064,-28.31,-11.887,-6.37,9.07,129.685,-0.078,-1.304,-1.081,0.041,5,0,0
5,1,5,799.78,34.272,34.418,1908.323,41.411,33.033,1.475,1560.344,36.814,-45.103,-35.666,-74.079,-27.328,-6.83,-17.322,12.876,103.189,-0.091,808.602,34.237,34.29,1803.423,42.546,33.023,1.471,1473.934,38.882,-40.398,-43.315,-63.868,-26.858,-5.819,-15.409,13.71,104.619,-0.072,975.058,32.124,32.353,1209.391,40.612,30.014,1.366,831.63,34.47,-39.832,-40.429,-45.617,-28.536,-12.022,-6.75,8.755,126.054,-0.046,973.885,31.761,32.124,1220.195,38.186,30.046,1.415,889.519,32.462,-46.752,-42.512,-50.824,-27.206,-11.732,-6.099,9.103,130.148,-0.077,-1.283,-1.072,0.038,5,0,0
6,1,6,794.421,34.241,34.365,1857.601,42.02,33.044,1.484,1522.834,37.819,-47.594,-35.396,-73.936,-27.173,-6.626,-17.33,12.782,106.546,-0.085,804.597,34.192,34.209,1769.108,42.566,33.028,1.487,1449.895,39.573,-41.138,-42.429,-63.438,-26.808,-5.606,-15.364,13.539,107.615,-0.067,976.924,32.135,32.353,1208.6,40.639,30.036,1.376,834.122,34.536,-39.828,-39.505,-44.656,-27.844,-12.8,-6.906,8.378,132.193,-0.047,975.24,31.74,32.029,1190.118,38.301,30.038,1.419,869.697,33.138,-45.746,-43.759,-50.594,-26.576,-12.717,-6.25,8.861,136.967,-0.073,-1.275,-1.074,0.04,5,0,0
7,1,7,810.522,34.241,34.365,1871.686,41.707,33.04,1.491,1536.141,37.457,-44.579,-35.136,-74.176,-27.315,-7.039,-17.463,12.651,108.556,-0.089,817.497,34.218,34.232,1784.462,42.421,33.033,1.489,1459.188,39.366,-40.364,-43.65,-61.597,-26.922,-5.977,-15.503,13.399,109.254,-0.07,976.944,32.101,32.317,1204.723,40.433,30.01,1.375,829.22,34.535,-38.553,-39.817,-45.418,-27.815,-13.501,-7.239,8.621,127.368,-0.043,975.696,31.725,32.068,1216.94,37.795,30.032,1.428,888.62,32.39,-45.43,-41.973,-50.91,-27.021,-13.425,-6.727,8.983,133.405,-0.076,-1.286,-1.084,0.041,5,0,0
8,1,8,778.618,34.186,34.352,1920.769,40.523,33.026,1.505,1583.254,36.226,-44.192,-35.726,-74.096,-26.846,-6.927,-17.655,12.298,110.359,-0.092,790.347,34.153,34.295,1832.966,41.905,33.04,1.5,1509.189,38.123,-41.548,-42.895,-64.187,-26.592,-5.846,-15.685,13.125,111.305,-0.081,973.671,32.155,32.369,1214.671,40.582,30.022,1.374,838.941,34.229,-39.263,-40.477,-45.518,-25.471,-14.158,-6.936,8.44,132.367,-0.045,972.421,31.787,32.125,1229.79,37.897,30.01,1.419,896.358,31.946,-49.987,-42.011,-51.238,-24.766,-14.67,-6.302,8.802,137.382,-0.078,-1.291,-1.083,0.041,5,0,0
9,1,9,800.573,34.272,34.407,1884.159,41.833,33.03,1.475,1537.156,37.343,-43.658,-35.463,-74.154,-27.244,-6.335,-17.592,12.762,106.182,-0.085,810.349,34.215,34.27,1797.467,42.484,33.029,1.474,1461.721,39.259,-39.586,-42.67,-63.957,-26.675,-5.325,-15.529,13.587,106.965,-0.07,991.831,32.154,32.378,1221.361,40.443,30.035,1.37,832.992,34.577,-37.922,-39.22,-45.079,-29.005,-12.584,-6.572,8.561,127.05,-0.047,989.941,31.831,32.127,1218.486,38.269,30.024,1.409,876.006,32.796,-47.194,-44.074,-50.792,-27.356,-12.938,-5.894,9.015,131.742,-0.073,-1.295,-1.072,0.041,5,0,0
10,1,10,802.424,34.269,34.446,1990.044,39.965,33.023,1.502,1606.786,35.67,-42.347,-35.958,-73.924,-27.464,-6.74,-17.698,12.24,109.476,-0.095,810.617,34.135,34.337,1890.451,41.029,33.016,1.506,1544.268,37.049,-41.259,-43.281,-63.942,-26.938,-5.719,-15.797,13.105,109.83,-0.089,978.484,32.181,32.398,1227,40.446,30.005,1.375,837.715,34.143,-40.332,-39.662,-45.591,-28.892,-13.716,-6.988,8.3,128.704,-0.048,976.903,31.833,32.178,1247.96,37.801,30.042,1.43,905.633,31.858,-49.434,-42.443,-51.188,-27.413,-13.81,-6.37,8.644,135.425,-0.08,-1.296,-1.091,0.041,5,0,0
11,1,11,810.009,34.194,34.324,1847.357,41.856,33.042,1.493,1525.877,37.721,-47.638,-33.756,-74.485,-26.953,-6.406,-17.214,12.352,111.647,-0.083,817.653,34.191,34.278,1786.324,42.831,33.018,1.488,1461.937,39.156,-41.641,-42.924,-61.328,-26.819,-5.36,-15.257,13.03,111.727,-0.075,971.072,32.136,32.364,1216.759,40.469,30.022,1.379,839.965,34.188,-39.408,-39.177,-45.599,-25.802,-12.611,-6.878,8.205,133.782,-0.046,970.127,31.737,32.14,1232.002,37.957,30.028,1.429,898.311,32.011,-51.761,-43.353,-51.176,-25.222,-12.447,-6.225,8.498,138.611,-0.08,-1.298,-1.08,0.041,5,0,0
12,1,12,799.016,34.206,34.352,1892.457,41.126,33.023,1.492,1559.988,36.74,-43.932,-34.284,-74.155,-26.518,-7.037,-17.443,12.552,108.459,-0.086,807.748,34.21,34.305,1819.12,42.321,33.034,1.489,1490.332,38.552,-39.759,-42.891,-63.142,-26.296,-5.986,-15.384,13.289,109.378,-0.077,965.978,32.139,32.37,1204.318,40.94,30.012,1.374,832.69,34.41,-38.421,-40.385,-44.038,-24.322,-12.991,-6.628,8.378,135.032,-0.044,965.227,31.728,32.083,1200.007,38.467,30.014,1.418,873.025,32.833,-47.599,-42.494,-50.527,-23.802,-12.729,-6.046,8.724,138.427,-0.073,-1.28,-1.077,0.04,5,0,0
13,1,13,805.458,34.222,34.362,1896.096,41.138,33.038,1.49,1558.567,36.895,-42.994,-34.737,-73.998,-27.172,-6.659,-17.585,12.65,107.45,-0.087,813.161,34.157,34.248,1802.959,42.144,33.029,1.488,1482.981,38.696,-41.132,-42.042,-63.219,-26.857,-5.613,-15.576,13.433,108.253,-0.074,974.281,32.156,32.375,1214.1,40.66,30.019,1.369,834.301,34.393,-40.825,-40.82,-45.158,-27.457,-13.241,-6.922,8.586,130.467,-0.046,972.645,31.77,32.106,1218.192,38.094,30.018,1.416,885.926,32.387,-48.432,-42.43,-50.726,-26.548,-13.163,-6.268,8.975,134.975,-0.077,-1.28,-1.082,0.04,5,0,0
14,1,14,799.66,34.207,34.345,1883.878,41.246,33.039,1.499,1554.227,37.013,-44.955,-34.629,-74.264,-27.15,-6.605,-17.391,12.485,107.72,-0.085,807.227,34.189,34.309,1815.903,42.438,33.03,1.495,1489.027,38.553,-41.164,-43.06,-63.892,-26.803,-5.616,-15.395,13.257,108.086,-0.082,962.719,32.194,32.423,1231.405,40.538,30.018,1.377,848.208,33.827,-38.41,-38.892,-45.319,-27.411,-12.525,-6.649,8.49,128.459,-0.047,961.827,31.816,32.182,1247.888,37.838,30.018,1.427,908.17,31.591,-49.46,-44.921,-51.075,-26.461,-12.368,-6.08,8.813,134.829,-0.083,-1.278,-1.069,0.04,5,0,0
15,1,15,802.389,34.242,34.38,1884.117,41.572,33.043,1.471,1550.304,37.138,-44.809,-35.472,-74.253,-27.416,-6.568,-17.366,13.24,101.21,-0.086,810.749,34.231,34.271,1787.498,42.734,33.003,1.461,1459.841,39.077,-40.677,-43.528,-62.027,-27.078,-5.564,-15.454,13.97,101.663,-0.069,978.941,32.111,32.331,1196.16,40.854,30.009,1.356,827.497,34.599,-38.653,-39.995,-44.71,-27.58,-13.02,-7.01,9.467,117.394,-0.042,978.328,31.708,32.042,1192.835,38.329,30.038,1.404,875.606,32.915,-45.285,-41.998,-51.054,-26.585,-12.983,-6.244,9.803,121.277,-0.07,-1.292,-1.084,0.037,5,0,0
16,1,16,789.546,34.201,34.334,1883.692,41.143,33.033,1.49,1552.138,37.009,-45.061,-34.108,-73.686,-27.196,-6.412,-17.301,12.532,108.061,-0.088,800.342,34.254,34.294,1811.019,42.406,33.035,1.485,1478.955,38.858,-39.287,-43.196,-64.587,-26.838,-5.385,-15.379,13.382,109.779,-0.07,980.045,32.125,32.338,1210.495,40.432,30.021,1.371,833.389,34.447,-39.987,-40.701,-46.102,-27.226,-12.862,-6.829,8.525,129.556,-0.047,978.165,31.824,32.163,1243.223,37.817,30.031,1.42,902.789,31.875,-48.8,-41.852,-51.402,-26.442,-12.582,-6.138,8.838,134.512,-0.078,-1.29,-1.078,0.041,5,0,0
17,1,17,804.217,34.256,34.394,1903.442,41.282,33.036,1.491,1558.587,36.884,-43.693,-35.364,-74.031,-26.603,-6.293,-17.492,12.379,110.764,-0.089,811.902,34.222,34.262,1802.254,42.293,33.035,1.487,1474.085,38.989,-40.724,-43.287,-63.519,-26.52,-5.266,-15.504,13.254,110.989,-0.071,984.435,32.131,32.348,1203.636,40.763,30.015,1.37,831.575,34.474,-39.081,-39.844,-44.396,-25.604,-12.141,-6.797,8.388,134.785,-0.046,982.833,31.742,32.029,1189.584,38.319,30.013,1.413,865.331,33.117,-43.733,-41.746,-50.574,-24.924,-12.002,-6.088,8.776,138.936,-0.069,-1.289,-1.084,0.041,5,0,0
18,1,18,813.235,34.131,34.272,1874.557,40.757,33.04,1.5,1551.531,37.08,-45.32,-33.404,-73.988,-27.159,-6.968,-17.437,12.595,108.139,-0.093,819.454,34.238,34.325,1818.596,42.525,33.03,1.487,1484.915,38.657,-40.639,-43.101,-62.8,-26.811,-5.955,-15.445,13.313,109.229,-0.08,979.251,32.133,32.356,1213.185,40.516,30.019,1.371,833.263,34.439,-39.806,-40.547,-45.036,-28.159,-12.569,-6.884,8.633,126.733,-0.049,978.091,31.744,32.082,1221.083,37.791,30.027,1.423,889.924,32.306,-47.885,-42.364,-50.62,-26.991,-12.413,-6.457,8.976,133.331,-0.079,-1.272,-1.077,0.041,5,0,0
19,1,19,792.644,34.183,34.335,1916.776,40.445,33.034,1.499,1581.651,36.326,-43.251,-34.496,-73.963,-27.403,-6.719,-17.519,12.347,109.325,-0.094,804.674,34.187,34.35,1862.244,41.772,33.027,1.494,1522.368,37.68,-39.939,-42.365,-63.675,-27.033,-5.71,-15.542,13.17,111.606,-0.082,990.293,32.163,32.381,1223.267,40.415,30.011,1.366,832.368,34.415,-38.264,-40.049,-45.147,-27.913,-12.93,-6.668,8.355,130.262,-0.045,987.822,31.854,32.161,1229.46,38.22,30.049,1.414,887.002,32.574,-51.729,-44.298,-50.758,-26.842,-13.079,-5.899,8.82,136.616,-0.073,-1.289,-1.07,0.041,5,0,0
20,1,20,792.757,34.155,34.347,1942.771,40.018,33.027,1.504,1602.914,35.784,-42.252,-34.738,-74.09,-27.63,-6.615,-17.473,12.549,105.681,-0.094,801.859,34.007,34.256,1854.365,41.054,33.031,1.507,1537.201,37.348,-40.288,-41.265,-62.594,-27.009,-5.629,-15.529,13.384,107.384,-0.092,962.59,32.108,32.339,1215.349,40.286,30.012,1.372,837.651,34.203,-39.669,-39.433,-45.224,-29.511,-13.056,-6.814,8.568,126.498,-0.044,961.313,31.71,32.082,1224.407,37.689,30.027,1.426,894.922,32.123,-46.462,-43.791,-50.69,-27.826,-13.016,-6.129,8.903,131.619,-0.078,-1.286,-1.078,0.041,5,0,0
21,1,21,807.873,34.135,34.297,1944.256,39.523,33.037,1.507,1610.093,35.709,-42.484,-33.911,-74.275,-27.792,-6.445,-16.829,12.543,104.995,-0.094,814.823,34.157,34.357,1895.428,41.107,33.03,1.501,1555.353,36.906,-40.012,-42.963,-63.804,-27.285,-5.464,-14.954,13.298,106.209,-0.092,989.751,32.202,32.421,1236.107,40.365,30.018,1.37,841.115,34.112,-33.785,-38.709,-44.704,-29.44,-12.249,-6.18,8.439,125.853,-0.051,987.349,31.861,32.172,1235.885,38.121,30.032,1.417,890.341,32.325,-51.373,-43.739,-50.734,-27.78,-12.692,-5.604,8.896,132.041,-0.073,-1.294,-1.093,0.042,5,0,0
22,1,22,781.093,34.172,34.322,1910.718,40.452,33.028,1.502,1580.883,36.297,-43.293,-35.257,-74.042,-27.474,-6.231,-17.704,12.138,110.755,-0.09,792.514,34.172,34.292,1834.947,41.827,33.031,1.495,1508.756,38.058,-40.421,-42.634,-63.762,-26.917,-5.241,-15.603,13.048,112.815,-0.079,984.468,32.108,32.329,1218.213,40.099,30.019,1.378,833.325,34.439,-38.062,-37.716,-45.514,-28.577,-12.835,-6.448,8.03,131.794,-0.045,982.516,31.86,32.187,1245.881,37.943,30.019,1.422,894.927,32.066,-48.767,-42.897,-51.262,-27.426,-13.087,-5.769,8.405,138.662,-0.074,-1.273,-1.064,0.041,5,0,0
23,1,23,786.866,34.147,34.333,1921.298,40.328,33.023,1.505,1587.063,36.111,-46.857,-35.413,-74.336,-27.374,-6.465,-17.584,12.34,107.403,-0.094,796.251,34.148,34.331,1836.315,42.18,33.034,1.493,1503.557,38.21,-40.221,-43.043,-64.069,-26.747,-5.437,-15.778,13.249,108.594,-0.086,955.55,32.098,32.339,1201.575,40.748,30.01,1.376,832.335,34.409,-36.209,-40.089,-44.423,-27.725,-13.702,-6.806,8.445,129.047,-0.048,955.178,31.652,32.048,1199.694,38.162,30.042,1.428,880.575,32.762,-50.183,-43.252,-50.54,-26.653,-14.291,-6.144,8.773,134.54,-0.076,-1.307,-1.092,0.041,5,0,0
24,1,24,813.116,34.244,34.373,1868.422,41.853,33.016,1.483,1528.825,37.423,-43.632,-35.173,-74.172,-26.732,-6.504,-17.62,12.67,109.593,-0.084,820.159,34.191,34.248,1787.594,42.509,33.01,1.485,1462.891,39.059,-40.086,-42.434,-63.4,-26.636,-5.451,-15.423,13.37,110.054,-0.07,973.185,32.203,32.426,1231.036,40.572,30.018,1.371,845.045,33.954,-39.366,-38.009,-45.215,-25.639,-12.397,-6.498,8.348,134.055,-0.048,971.8,31.86,32.186,1238.705,38.16,30.026,1.418,898.589,31.989,-48.094,-42.845,-50.95,-25.094,-11.927,-5.828,8.749,138.557,-0.077,-1.301,-1.082,0.04,5,0,0
25,1,25,798.149,34.203,34.352,1933.307,40.254,33.04,1.5,1591.533,36.153,-43.393,-34.347,-73.907,-27.439,-6.354,-17.567,12.419,109.032,-0.092,804.689,34.212,34.371,1868.302,41.841,33.028,1.493,1523.059,37.675,-40.561,-42.37,-63.393,-27.043,-5.368,-15.557,13.249,110.063,-0.085,992.636,32.102,32.322,1204.62,40.486,30.016,1.373,822.476,34.864,-39.825,-40.162,-44.864,-27.83,-12.738,-6.591,8.178,132.237,-0.048,987.164,31.78,32.067,1205.057,38.162,30.019,1.416,869.311,33.008,-45.69,-42.71,-50.621,-26.786,-13.041,-5.928,8.6,137.54,-0.068,-1.271,-1.068,0.041,5,0,0
26,1,26,801.727,34.152,34.295,1874.707,40.977,33.034,1.5,1552.079,37.018,-44.893,-34.888,-73.983,-27.224,-6.697,-17.563,12.407,109.673,-0.087,809.115,34.203,34.31,1812.779,42.515,33.033,1.492,1485.761,38.665,-40.907,-43.897,-63.578,-26.84,-5.665,-15.57,13.154,110.33,-0.081,975.898,32.201,32.421,1222.968,40.795,30.014,1.375,838.467,34.183,-36.295,-40.418,-44.659,-27.313,-12.83,-6.856,8.266,131.645,-0.046,974.744,31.806,32.135,1221.428,38.245,30.037,1.424,887.827,32.457,-47.662,-43.108,-51.015,-26.152,-12.64,-6.239,8.696,138.452,-0.074,-1.304,-1.086,0.041,5,0,0
27,1,27,809.505,34.248,34.378,1861.355,42.064,33.029,1.469,1519.763,37.759,-45.718,-34.804,-73.753,-27.178,-6.552,-17.342,12.992,105.1,-0.084,816.395,34.226,34.262,1772.142,43.018,33.003,1.466,1441.435,39.573,-40.568,-43.29,-62.29,-26.594,-5.57,-15.338,13.749,106.606,-0.066,981.897,32.144,32.37,1213.405,40.634,30.014,1.36,834.939,34.333,-39.396,-38.682,-44.907,-29.252,-11.68,-6.988,8.803,125.627,-0.05,980.295,31.74,32.062,1209.942,37.964,30.034,1.412,884.888,32.544,-43.45,-41.537,-50.617,-27.731,-11.162,-6.398,9.207,131.249,-0.079,-1.273,-1.066,0.038,5,0,0
28,1,28,795.694,34.174,34.352,1939.491,40.125,33.036,1.496,1601.998,35.884,-43.705,-35.068,-73.815,-27.46,-6.744,-17.893,12.584,106.249,-0.093,803.895,34.117,34.288,1851.337,41.425,33.033,1.494,1529.371,37.559,-41.048,-42.134,-63.336,-27.23,-5.681,-15.918,13.382,106.949,-0.085,972.074,32.154,32.371,1206.678,40.876,30.015,1.366,832.535,34.437,-38.479,-39.791,-44.179,-27.058,-13.865,-7.151,8.516,129.32,-0.043,971.183,31.736,32.042,1190.296,38.416,30.022,1.412,868.487,33.062,-45.121,-42.429,-50.881,-25.824,-14.279,-6.498,8.985,134.493,-0.066,-1.294,-1.081,0.041,5,0,0
29,1,29,794.224,34.18,34.318,1884.744,40.972,33.038,1.493,1558.659,36.896,-46.191,-34.24,-73.99,-27.591,-6.325,-17.345,12.74,104.692,-0.084,804.919,34.214,34.32,1821.615,42.409,33.035,1.487,1491.33,38.532,-41.123,-42.842,-64.013,-26.97,-5.336,-15.533,13.536,105.921,-0.076,985.098,32.126,32.344,1213.405,40.391,30.014,1.369,834.815,34.338,-38.096,-36.63,-45.219,-29.342,-12.129,-6.867,8.708,124.056,-0.044,983.479,31.822,32.134,1226.478,38.078,30.007,1.411,887.355,32.253,-48.13,-42.546,-51.21,-28.079,-11.869,-6.21,9.101,129.947,-0.072,-1.306,-1.084,0.041,5,0,0
30,1,30,811.929,34.268,34.409,1914.406,41.191,33.038,1.486,1562.779,36.796,-44.026,-35.525,-73.434,-26.367,-6.951,-17.605,12.084,114.497,-0.087,820.34,34.246,34.322,1828.212,42.279,33.037,1.484,1490.201,38.585,-40.487,-43.297,-64.524,-26.341,-5.914,-15.502,12.948,115.305,-0.075,994.442,32.252,32.473,1239.019,40.749,30.019,1.362,846.132,33.918,-39.018,-40.105,-43.933,-24.819,-12.338,-6.697,8.081,138.772,-0.047,992.332,31.856,32.152,1223.547,38.328,30.025,1.407,885.454,32.451,-46.996,-43.042,-50.377,-24.397,-12.041,-6.027,8.58,142.417,-0.072,-1.302,-1.077,0.038,5,0,0
31,1,31,858.909,34.061,34.174,1930.083,36.946,33.028,1.523,1615.401,34.658,-33.964,-38.271,-84.959,-29.083,-3.99,-16.171,12.561,110.25,-0.086,872.297,33.852,34.019,1904.694,38.244,33.028,1.522,1576.322,35.385,-35.878,-39.837,-64.524,-28.897,-3.05,-14.547,13.108,111.793,-0.086,1009.645,31.694,31.916,1220.999,36.344,30.036,1.408,860.743,33.785,-31.307,-39.975,-48.501,-27.279,-12.758,-9.077,8.55,135.315,-0.051,1010.322,31.378,31.697,1246.09,32.709,30.042,1.461,929.132,30.394,-40.095,-42.433,-53.159,-26.53,-13.378,-7.28,8.741,139.587,-0.077,-1.404,-1.426,0.051,5,0,0
32,1,32,858.739,33.959,34.1,1883.816,37.241,33.039,1.505,1572.7,35.66,-42.729,-34.98,-84.994,-27.852,-4.007,-15.746,12.831,112.332,-0.086,872.574,33.921,33.956,1851.847,38.797,33.01,1.489,1520.549,36.498,-35.514,-39.108,-62.974,-27.95,-3.075,-14.05,13.288,114.201,-0.066,1055.168,31.836,32.057,1257.679,36.377,30.018,1.414,896.974,32.278,-32.653,-36.56,-49.577,-26.308,-10.31,-9.061,8.08,145.323,-0.052,1049.864,31.497,31.813,1322.839,31.563,30.035,1.458,972.502,29.021,-39.228,-37.263,-54.132,-25.394,-9.359,-7.334,8.003,148.539,-0.084,-1.423,-1.417,0.054,5,0,0
33,1,33,899.729,34.042,34.171,1862.194,38.314,33.029,1.496,1532.834,36.478,-41.352,-36.598,-89.934,-27.625,-3.912,-15.812,12.948,111.079,-0.08,874.863,33.82,33.81,1804.228,38.534,33.025,1.499,1492.054,37.303,-36.435,-38.491,-61.528,-27.789,-2.997,-14.002,13.432,112.16,-0.057,1059.484,31.809,32.045,1265.39,36.04,30.038,1.422,900.951,32.278,-31.385,-36.612,-50.014,-26.021,-10.24,-8.998,8.223,141.685,-0.055,1055.007,31.519,31.846,1334.993,31.505,30.033,1.463,980.954,28.765,-39.414,-38.782,-54.546,-24.924,-9.346,-7.186,8.144,144.44,-0.086,-1.375,-1.377,0.053,5,0,0
34,1,34,824.986,33.825,33.966,1854.955,36.692,33.033,1.524,1575.349,35.555,-40.609,-34.513,-90.785,-28.95,-3.736,-15.815,12.752,109.716,-0.077,838.907,33.806,33.846,1809.35,38.749,33.014,1.501,1509.527,36.789,-35.462,-38.761,-62.194,-28.764,-2.891,-14.098,13.307,112.032,-0.064,1026.231,31.669,31.874,1207.156,36.438,30.008,1.425,874.577,33.038,-30.308,-37.751,-49.773,-29.081,-10.35,-8.912,8.485,134.902,-0.048,1021.744,31.319,31.625,1279.157,31.308,30.029,1.47,952.317,29.579,-39.366,-37.363,-54.33,-27.944,-9.636,-7.07,8.341,136.741,-0.078,-1.389,-1.394,0.056,5,0,0
35,1,35,858.355,33.993,34.1,1953.295,35.874,33.025,1.532,1642.406,34.072,-38.893,-36.924,-90.485,-29.464,-3.772,-16.2,12.5,109.676,-0.095,870.257,33.931,34.022,1922.868,37.898,33.036,1.518,1587.961,35.2,-36.021,-40.804,-62.393,-29.252,-2.849,-14.467,13.132,111.726,-0.082,1055.455,31.755,31.983,1258.139,35.75,30.026,1.411,871.856,33.277,-33.133,-38.829,-48.344,-28.524,-12.204,-9.084,8.382,135.768,-0.048,1050.867,31.528,31.85,1298.931,32.449,30.018,1.454,951.696,29.525,-39.731,-43.785,-52.877,-27.409,-12.385,-7.249,8.478,140.952,-0.078,-1.396,-1.407,0.056,5,0,0
36,1,36,849.935,33.868,33.991,1962.804,34.809,33.033,1.54,1687.234,33.249,-37.802,-35.071,-86.108,-29.824,-3.919,-16.374,12.448,109.542,-0.083,861.72,33.815,34.025,1968.373,37.018,33.022,1.521,1646.062,33.88,-36.047,-39.03,-63.567,-29.602,-2.985,-14.764,13.02,112.033,-0.086,1044.782,31.754,31.996,1243.305,36.311,30.021,1.393,865.845,33.467,-35.803,-38.871,-48.013,-28.455,-12.967,-9.184,8.497,136.13,-0.048,1040.915,31.541,31.848,1276.884,33.016,30.034,1.439,935.353,30.139,-40.729,-44.085,-53.469,-27.349,-13.371,-7.363,8.617,140.36,-0.07,-1.408,-1.421,0.053,5,0,0
37,1,37,914.567,33.84,33.987,1870.04,36.569,33.042,1.531,1581.819,35.486,-40.417,-35.125,-82.095,-28.27,-4.038,-15.746,12.753,111.371,-0.088,918.705,33.819,33.876,1826.712,38.635,33.016,1.506,1516.62,36.638,-35.465,-39.333,-63.138,-28.226,-3.124,-14.041,13.241,113.684,-0.068,1050.805,31.658,31.873,1210.133,36.334,30.028,1.423,876.943,33.094,-29.794,-37.762,-49.366,-27.007,-10.451,-8.765,8.543,137.396,-0.046,1046.416,31.272,31.57,1267.935,31.196,30.022,1.468,943.832,29.791,-39.38,-37.199,-53.949,-26.073,-9.756,-6.949,8.51,139.138,-0.073,-1.395,-1.395,0.054,5,0,0
38,1,38,871.63,33.924,34.063,1886.473,36.876,33.038,1.52,1578.951,35.518,-41.853,-35.461,-84.406,-28.886,-3.689,-15.695,12.872,108.704,-0.09,882.684,33.893,33.928,1834.121,38.937,33.02,1.493,1502.352,37.017,-35.39,-39.522,-63.502,-28.613,-2.862,-14.124,13.488,110.36,-0.068,1060.025,31.806,32.026,1244.592,36.525,30.033,1.414,892.072,32.57,-30.395,-38.013,-49.615,-28.343,-10.876,-8.775,8.634,135.211,-0.051,1055.286,31.387,31.711,1299.259,31.414,30.019,1.459,957.832,29.35,-39.339,-36.829,-53.8,-27.469,-10.305,-7.012,8.578,136.198,-0.082,-1.399,-1.405,0.053,5,0,0
39,1,39,847.851,33.867,33.986,1923.622,35.503,33.037,1.537,1646.573,34.084,-38.079,-35.112,-89.53,-27.259,-3.994,-16.204,12.194,116.436,-0.08,860.151,33.875,34.014,1919.409,37.896,33.042,1.514,1600.995,34.972,-35.692,-39.773,-60.804,-27.321,-3.089,-14.572,12.747,118.569,-0.083,1046.121,31.802,32.033,1259.026,36.128,30.011,1.397,878.469,32.913,-34.893,-38.214,-47.54,-24.399,-12.252,-9.303,8.229,147.118,-0.045,1040.007,31.538,31.833,1279.66,32.831,30.046,1.452,949.16,29.792,-40.211,-46.757,-52.942,-23.485,-11.939,-7.401,8.322,149.251,-0.069,-1.393,-1.417,0.054,5,0,0
40,1,40,836.293,33.857,34.002,1782.738,38.557,33.008,1.511,1497.704,37.136,-48.542,-36.108,-80.91,-27.692,-3.944,-15.63,13.042,107.891,-0.084,841.653,33.683,33.722,1719.02,39.699,33.021,1.511,1458.292,38.105,-36.445,-39.422,-66.417,-27.564,-2.966,-13.797,13.434,109.742,-0.061,977.615,31.746,31.983,1216.285,37.065,30.025,1.423,885.653,32.745,-31.286,-36.922,-48.377,-26.611,-10.455,-8.985,8.518,136.14,-0.051,971.841,31.28,31.632,1249.081,32.149,30.043,1.47,940.2,30.051,-38.792,-37.227,-53.323,-25.756,-9.41,-7.12,8.507,137.927,-0.079,-1.413,-1.4,0.053,5,0,0
41,1,41,854.797,33.764,33.913,1876.313,35.821,33.027,1.548,1602.851,34.907,-40.862,-34.048,-83.984,-28.336,-3.876,-15.752,12.498,112.487,-0.091,867.372,33.866,33.931,1851.26,38.593,33.016,1.509,1533.96,36.242,-35.628,-39.248,-63.942,-28.36,-3.002,-14.123,13.034,114.308,-0.072,1053.082,31.642,31.856,1222.145,35.811,30.029,1.436,887.147,32.724,-31.9,-38.494,-50.497,-26.849,-10.899,-8.943,8.07,142.117,-0.046,1048.113,31.346,31.69,1310.683,30.982,30.028,1.477,971.156,29.014,-40.941,-36.412,-54.656,-25.871,-10.392,-7.08,7.939,145.382,-0.083,-1.395,-1.403,0.055,5,0,0
42,1,42,867.649,33.882,34.022,1882.485,36.611,33.038,1.529,1584.332,35.404,-41.904,-34.596,-81.809,-28.794,-3.762,-15.606,12.624,111.987,-0.094,878.311,33.901,33.952,1844.32,38.931,33.029,1.5,1515.428,36.781,-35.317,-38.351,-65.159,-28.548,-2.911,-14.008,13.229,114.709,-0.07,1056.074,31.749,31.968,1237.643,36.256,30.033,1.419,886.361,32.776,-31.404,-37.169,-49.738,-27.898,-10.719,-8.833,8.344,139.679,-0.05,1051.251,31.369,31.709,1301.06,31.356,30.045,1.465,959.971,29.457,-40.088,-37.371,-54.135,-27.112,-10.115,-7.006,8.237,140.832,-0.081,-1.389,-1.396,0.055,5,0,0
43,1,43,846.366,33.936,34.057,1874.042,37.083,33.004,1.508,1569.612,35.441,-39.919,-36.613,-82.275,-28.447,-3.859,-15.727,12.647,112.26,-0.08,860.778,33.801,33.832,1827.794,38.221,33.024,1.503,1525.568,36.501,-35.293,-39.082,-64.193,-28.284,-2.945,-14.07,13.221,114.771,-0.064,1047.156,31.754,31.972,1232.52,36.447,30.022,1.419,885.997,32.711,-31.213,-37.989,-49.358,-27.214,-10.71,-8.809,8.212,141.225,-0.044,1042.781,31.34,31.666,1284.879,31.459,30.046,1.465,952.419,29.695,-39.702,-35.934,-53.567,-26.352,-10.032,-6.907,8.238,143.159,-0.075,-1.411,-1.405,0.056,5,0,0
44,1,44,859.502,33.942,34.079,1908.187,36.575,33.026,1.517,1589.995,35.178,-41.15,-34.451,-88.93,-29.583,-3.866,-15.845,12.861,107.626,-0.097,872.176,33.985,34.056,1883.469,39.016,33.044,1.493,1535.592,36.436,-35.35,-38.581,-63.633,-29.116,-2.978,-14.202,13.481,110.815,-0.072,1060.454,31.811,32.042,1250.779,36.458,30.027,1.411,883.191,32.851,-33.226,-36.974,-49.66,-30.603,-10.628,-8.821,8.53,132.921,-0.053,1055.166,31.511,31.828,1315.42,31.858,30.021,1.448,951.119,29.56,-40.768,-37.968,-54.423,-29.352,-10.086,-6.913,8.451,135.686,-0.081,-1.4,-1.394,0.053,5,0,0
45,1,45,854.039,33.889,34.013,1965.197,34.943,33.024,1.546,1678.542,33.355,-38.234,-34.963,-81.145,-28.087,-4.06,-16.218,12.184,112.797,-0.087,864.354,33.894,34.098,1977.348,37.477,33.014,1.522,1638.184,33.982,-36.137,-40.184,-69.402,-28.211,-3.183,-14.663,12.706,115.766,-0.091,1049.345,31.839,32.07,1260.54,36.39,30.008,1.397,869.138,33.247,-32.919,-38.956,-47.773,-25.669,-12.906,-9.041,8.283,142.173,-0.046,1044.328,31.583,31.893,1285.187,33.139,30.017,1.445,935.961,30.006,-41.399,-44.179,-52.889,-24.578,-13.349,-7.203,8.518,145.775,-0.072,-1.378,-1.401,0.055,5,0,0
46,1,46,853.186,33.99,34.111,1989.516,35.29,33.026,1.545,1678.479,33.366,-38.283,-35.185,-79.882,-27.281,-3.96,-16.058,12.113,114.287,-0.096,862.219,33.922,34.088,1967.799,37.573,33.026,1.526,1627.275,34.295,-36.171,-39.132,-68.417,-27.12,-3.063,-14.527,12.747,116.66,-0.087,1048.667,31.929,32.167,1280.931,36.585,30.036,1.402,885.755,32.823,-34.16,-38.721,-47.634,-24.103,-12.821,-8.751,8.079,144.862,-0.052,1043.403,31.61,31.927,1290.745,33.246,30.021,1.451,944.693,29.761,-41.6,-44.795,-53.03,-23.314,-13.21,-6.884,8.314,149.111,-0.077,-1.373,-1.396,0.056,5,0,0
47,1,47,830.743,33.939,34.063,1951.781,35.597,33.042,1.531,1666.054,33.732,-38.823,-37.194,-82.257,-28.052,-3.811,-16.255,12.151,115.309,-0.092,839.137,33.78,33.914,1898.273,37.456,33.03,1.52,1602.062,34.848,-36.445,-39.42,-66.638,-28.085,-2.899,-14.679,12.846,116.737,-0.084,1002.6,31.742,31.969,1227.136,36.597,30.016,1.395,863.118,33.538,-33.563,-38.529,-47.599,-25.321,-12.518,-8.997,8.101,145.626,-0.046,997.982,31.409,31.714,1234.219,33.177,30.031,1.447,919.906,30.611,-39.829,-45.129,-53.65,-24.544,-12.967,-7.133,8.403,149.515,-0.069,-1.413,-1.424,0.053,5,0,0
48,1,48,851.71,34.073,34.192,1976.571,36.198,33.026,1.526,1652.07,33.885,-38.38,-37.094,-82.901,-29.398,-3.82,-16.386,12.277,112.2,-0.096,857.743,33.919,34.051,1925.688,38.096,33.03,1.517,1590.941,35.09,-35.683,-39.764,-66.855,-29.057,-2.881,-14.725,13.007,113.413,-0.083,1021.799,31.839,32.067,1260.532,36.367,30.023,1.397,871.434,33.27,-32.131,-38.118,-48.628,-28.044,-12.443,-9.186,8.41,135.973,-0.054,1016.744,31.55,31.89,1288.89,33.016,30.031,1.448,945.431,29.807,-40.291,-46.004,-53.851,-27.414,-12.462,-7.365,8.645,141.765,-0.08,-1.425,-1.435,0.054,5,0,0
49,1,49,831.504,33.909,34.025,1928.424,35.733,33.031,1.525,1641.739,34.132,-38.694,-35.819,-89.78,-27.939,-3.952,-15.918,12.53,113.028,-0.07,847.543,33.84,33.925,1893.814,37.642,33.033,1.511,1585.359,35.231,-36.759,-39.282,-62.788,-27.996,-3.023,-14.266,13.133,115.314,-0.067,1037.924,31.699,31.934,1232.48,36.132,30.021,1.4,871.916,33.239,-30.79,-38.423,-48.436,-25.146,-11.804,-9.01,8.354,142.933,-0.044,1033.182,31.418,31.714,1254.258,32.62,30.033,1.452,938.821,30.028,-39.118,-45.87,-53.475,-24.255,-11.95,-7.16,8.48,147.239,-0.071,-1.381,-1.39,0.052,5,0,0
50,1,50,862.323,34.091,34.194,1958.585,36.555,33.032,1.513,1630.969,34.36,-39.656,-37.36,-91.483,-29.639,-3.972,-16.123,12.588,109.21,-0.09,872.607,33.961,34.033,1917.444,38.102,33.023,1.503,1570.689,35.47,-35.741,-39.724,-62.463,-29.264,-3.045,-14.487,13.259,111.524,-0.068,1056.961,31.798,32.028,1256.939,36.158,30.004,1.392,867.907,33.26,-33.916,-37.963,-47.933,-29.002,-12.418,-9.106,8.474,133.487,-0.051,1052.299,31.547,31.852,1284.144,32.848,30.028,1.443,938.95,29.987,-39.606,-48.173,-53.153,-27.996,-12.459,-7.199,8.675,140.092,-0.074,-1.407,-1.415,0.057,5,0,0
51,1,51,857.617,33.968,34.092,1962.971,35.626,33.032,1.532,1652.791,33.924,-39.412,-35.695,-82.094,-29.789,-4.03,-16.007,12.747,106.276,-0.096,869.029,33.997,34.077,1924.146,38.36,33.038,1.504,1578.681,35.421,-36.04,-40.49,-65.432,-29.323,-3.116,-14.429,13.413,108.588,-0.077,1053.676,31.78,32.013,1252.517,36.161,30.033,1.404,873.301,33.277,-32.119,-37.893,-48.522,-29.183,-11.977,-8.96,8.504,133.906,-0.051,1048.834,31.493,31.833,1286.785,32.644,30.031,1.453,945.102,29.816,-40.416,-46.952,-53.183,-28.225,-11.862,-7.039,8.606,138.336,-0.079,-1.391,-1.411,0.052,5,0,0
52,1,52,856.111,33.822,33.965,1882.92,36.125,33.041,1.533,1603.442,35.012,-39.311,-34.469,-90.65,-28.33,-3.813,-15.751,12.627,111.793,-0.085,850.202,33.86,33.946,1854.015,38.664,33.035,1.503,1540.345,36.254,-35.571,-38.828,-62.793,-28.36,-2.943,-14.177,13.185,113.947,-0.073,1048.48,31.801,32.036,1244.299,36.612,30.034,1.412,891.679,32.589,-31.751,-36.815,-48.843,-26.565,-10.424,-8.789,8.373,139.736,-0.05,1043.582,31.446,31.746,1286.575,31.995,30.03,1.455,947.642,29.729,-39.644,-37.792,-54.01,-25.692,-9.815,-6.897,8.43,141.18,-0.073,-1.403,-1.394,0.051,5,0,0
53,1,53,888.262,33.925,34.05,1909.324,36.312,33.037,1.523,1612.655,34.782,-38.035,-35.433,-87.783,-28.181,-3.729,-16.064,12.509,112.951,-0.071,894.856,33.845,33.896,1854.647,38.212,33.037,1.508,1545.984,36.135,-35.673,-38.842,-62.427,-28.296,-2.82,-14.315,13.15,114.475,-0.059,1036.784,31.721,31.94,1221.934,36.512,30.024,1.42,875.806,33.106,-29.945,-37.693,-49.116,-26.768,-10.696,-8.975,8.086,143.076,-0.049,1033.141,31.363,31.639,1262.949,31.83,30.045,1.465,935.707,30.207,-38.709,-37.779,-54.634,-25.489,-10.138,-7.034,8.203,147.645,-0.073,-1.382,-1.385,0.054,5,0,0
54,1,54,847.176,33.83,33.959,1882.387,36.086,33.033,1.539,1602.671,34.963,-38.61,-35.035,-84.164,-29.018,-3.682,-15.85,12.349,113.333,-0.084,861.579,33.829,33.931,1862.917,38.338,33.041,1.516,1552.346,36.026,-35.582,-39.109,-63.724,-28.87,-2.81,-14.261,12.912,116.149,-0.073,1051.116,31.77,32.008,1253.413,36.095,30.023,1.429,895.74,32.363,-31.852,-36.492,-49.878,-28.355,-10.725,-8.913,7.918,141.81,-0.052,1046.042,31.416,31.759,1314.32,31.389,30.044,1.473,970.042,29.149,-39.712,-37.262,-54.461,-27.338,-10.179,-7.105,7.884,144.504,-0.085,-1.408,-1.393,0.053,5,0,0
55,1,55,829.379,33.939,34.073,1856.321,37.585,33.044,1.515,1557.104,36.053,-40.424,-36.018,-81.953,-28.478,-3.748,-15.866,12.763,111.485,-0.087,839.994,33.849,33.894,1803.764,39.302,33.013,1.497,1493.378,37.173,-35.576,-39.747,-64.327,-28.359,-2.838,-14.086,13.317,113.722,-0.063,1005.04,31.795,32.005,1221.193,37.09,30.017,1.416,875.602,33.062,-33.045,-36.483,-49.391,-27.857,-10.674,-8.795,8.32,139.647,-0.05,1000.331,31.398,31.714,1271.414,32.157,30.021,1.456,934.768,30.068,-39.759,-37.333,-54.39,-27.247,-10.002,-6.973,8.291,142.514,-0.079,-1.392,-1.382,0.055,5,0,0
56,1,56,828.364,33.852,33.999,1828.609,37.527,33.039,1.524,1544.143,36.308,-41.654,-35.21,-83.5,-28.412,-3.827,-15.588,13.022,105.79,-0.091,836.179,33.805,33.86,1768.252,39.807,33.015,1.498,1472.585,37.699,-35.908,-40.04,-63.424,-28.281,-2.919,-13.855,13.496,107.343,-0.064,991.352,31.762,31.979,1222.337,36.831,30.017,1.423,886.166,32.668,-30.809,-36.422,-49.219,-28.004,-10.752,-8.936,8.674,134.647,-0.054,985.815,31.333,31.688,1282.701,31.673,30.04,1.471,957.272,29.506,-39.271,-37.545,-53.572,-27.002,-9.822,-7.147,8.549,135.995,-0.088,-1.391,-1.389,0.058,5,0,0
57,1,57,824.517,33.87,33.993,1869.922,36.617,33.022,1.548,1579.835,35.37,-39.596,-34.316,-85.02,-28.309,-3.83,-15.733,12.302,113.602,-0.092,836.976,33.922,34.016,1865.009,39.053,33.027,1.524,1542.489,36.135,-35.378,-39.175,-65.198,-28.51,-2.914,-13.974,12.798,115.791,-0.075,1026.252,31.8,31.999,1227.744,36.829,30.029,1.436,879.552,33.007,-30.329,-36.784,-49.581,-26.909,-10.331,-8.821,8.006,142.538,-0.049,1021.381,31.42,31.695,1274.81,31.933,30.028,1.479,938.089,30.01,-39.124,-37.438,-54.393,-25.944,-9.762,-6.942,8.027,145.045,-0.075,-1.381,-1.388,0.062,5,0,0
58,1,58,873.966,33.868,34.026,1843.633,37.444,33.028,1.513,1534.657,36.437,-46.496,-34.521,-88.977,-28.753,-4.469,-15.602,13.115,108.639,-0.081,885.859,33.881,33.91,1802.342,39.48,33.018,1.487,1474.908,37.66,-35.899,-38.963,-60.71,-28.664,-3.534,-13.912,13.557,110.242,-0.062,1060.492,31.691,31.902,1216.441,36.371,30.037,1.419,877.236,33.155,-31.51,-38.938,-49.962,-28.508,-11.619,-8.921,8.716,134.047,-0.045,1055.196,31.388,31.681,1292.154,31.38,30.026,1.459,951.174,29.591,-41.941,-35.954,-54.646,-27.476,-10.872,-7.141,8.601,136.866,-0.078,-1.4,-1.41,0.054,5,0,0
59,1,59,850.295,33.876,34.018,1864.763,36.936,33.035,1.526,1565.989,35.78,-40.755,-33.991,-83.021,-28.486,-3.706,-15.534,12.806,110.323,-0.092,861.314,33.9,33.951,1830.381,39.226,33.038,1.499,1506.293,37.074,-35.679,-38.253,-66.319,-28.35,-2.84,-13.913,13.334,111.624,-0.066,1045.065,31.737,31.958,1238.101,36.158,30.034,1.422,884.597,32.853,-31.616,-37.144,-50.406,-27.411,-10.309,-8.784,8.419,136.565,-0.046,1040.16,31.456,31.783,1310.988,31.647,30.047,1.465,965.01,29.32,-39.689,-38.855,-54.496,-26.742,-9.698,-6.93,8.356,141.189,-0.083,-1.391,-1.38,0.054,5,0,0
60,1,60,855.294,34.064,34.161,1874.315,37.969,33.035,1.503,1553.442,36.061,-41.121,-37.195,-81.266,-28.734,-3.618,-15.534,12.609,113.578,-0.08,867.124,33.809,33.82,1830.609,38.056,33.02,1.508,1518.4,36.631,-34.975,-38.136,-65.398,-28.489,-2.732,-13.844,13.206,115.323,-0.064,1045.927,31.731,31.954,1232.231,36.302,30.039,1.42,880.323,33.054,-30.905,-36.692,-50.187,-28.014,-10.032,-8.523,8.122,138.84,-0.051,1040.895,31.394,31.712,1290.14,31.656,30.015,1.462,949.045,29.585,-39.233,-40.424,-54.5,-27.102,-9.519,-6.691,8.137,143.322,-0.077,-1.395,-1.388,0.054,5,0,0
61,1,61,870.537,33.945,34.098,1860.449,37.712,33.04,1.507,1540.495,36.396,-42.667,-35.675,-83.468,-28.892,-3.903,-15.803,12.726,113.625,-0.087,882.382,33.836,33.839,1792.687,39.055,33.022,1.493,1475.29,37.69,-36.452,-39.285,-62.643,-28.55,-2.985,-14.056,13.261,115.237,-0.061,1059.036,31.787,32.007,1248.332,36.245,30.035,1.417,885.38,32.834,-33.382,-37.353,-49.928,-28.537,-10.357,-8.876,8.198,139.597,-0.052,1053.948,31.498,31.832,1328.879,31.554,30.032,1.457,967.158,29.155,-39.89,-37.152,-54.003,-27.822,-9.555,-7.06,8.122,143.155,-0.086,-1.398,-1.394,0.053,5,0,0
62,1,62,925.458,33.892,34.045,1844.162,37.599,33.005,1.505,1534.294,36.246,-42.889,-35.368,-83.796,-28.61,-4.041,-15.945,12.826,111.739,-0.079,924.976,33.799,33.814,1780.722,39.107,33.026,1.496,1483.345,37.527,-36.54,-39.319,-62.167,-28.415,-3.017,-14.12,13.33,113.18,-0.066,1044.965,31.836,32.048,1241.903,36.787,30.033,1.412,890.378,32.629,-32.542,-37.474,-49.028,-28.241,-10.8,-9.182,8.367,140.319,-0.051,1039.24,31.402,31.701,1284.574,31.721,30.035,1.456,947.836,29.76,-39.283,-36.069,-54.174,-27.368,-9.975,-7.468,8.347,140.998,-0.078,-1.404,-1.405,0.052,5,0,0
63,1,63,880.493,33.998,34.122,1929.305,36.517,33.029,1.524,1604.76,34.887,-40.274,-36.443,-82.019,-29.303,-3.782,-15.673,12.536,111.46,-0.1,887.966,33.938,33.981,1872.981,38.573,33.041,1.507,1536.11,36.4,-35.856,-40.157,-68.196,-28.812,-2.862,-14.099,13.225,112.997,-0.072,1054.33,31.749,31.978,1266.316,35.461,30.031,1.41,882.213,32.925,-31.765,-38.762,-49.557,-28.291,-11.642,-8.679,8.086,140.586,-0.056,1048.902,31.47,31.836,1310.523,32.044,30.03,1.462,969.461,29.077,-40.45,-44.626,-53.121,-27.641,-11.492,-6.851,8.168,145.668,-0.089,-1.414,-1.425,0.053,5,0,0
64,1,64,856.72,33.906,34.05,1884.462,36.803,33.032,1.525,1581.572,35.415,-43.061,-35.38,-78.735,-28.09,-3.981,-16.498,12.534,113.564,-0.092,869.536,33.879,33.937,1835.367,38.986,33.024,1.507,1522.416,36.576,-41.822,-41.404,-63.292,-28.262,-2.806,-14.09,13.076,116.03,-0.069,1032.521,31.75,32.011,1238.118,36.6,30.02,1.423,883.686,32.78,-41.161,-37.192,-53.267,-27.638,-10.774,-8.36,8.086,142.17,-0.053,1032.489,31.456,31.775,1293.6,32.033,30.029,1.46,944.614,29.816,-45.026,-37.591,-57.706,-26.575,-11.046,-6.872,8.137,145.947,-0.081,-1.4,-1.412,0.056,5,0,0
65,1,65,868.043,33.856,34.012,1881.543,36.549,33.036,1.535,1575.907,35.563,-43.754,-34.254,-82.282,-28.945,-4.066,-15.775,12.775,108.357,-0.087,886.541,33.983,34.034,1863.27,39.257,33.02,1.498,1511.787,36.794,-34.998,-39.635,-66.482,-28.621,-3.118,-14.074,13.29,111.411,-0.072,1066.283,31.862,32.081,1253.272,36.713,30.039,1.42,892.829,32.587,-29.22,-36.642,-49.604,-28.784,-10.74,-9.19,8.282,137.968,-0.05,1064.961,31.448,31.747,1303.021,31.581,30.047,1.466,957.811,29.537,-38.331,-36.853,-54.047,-27.634,-9.772,-7.419,8.259,139.866,-0.081,-1.406,-1.411,0.054,5,0,0
