Header Section,,,,,,,,,,,,,,,,,,,,,,,,,,,,,,,,,,,,,,,,,,,,,,,,,,,,,,,,,,,,,,,,,,,,,,,,,,,,,,,,,,,,,,,,,,,,,,,,,,,,,,,,,,,,,,,,,,,,,,,,,,,,,,,,,,,,,,
Product,VC7645-12,,,,,,,,,,,,,,,,,,,,,,,,,,,,,,,,,,,,,,,,,,,,,,,,,,,,,,,,,,,,,,,,,,,,,,,,,,,,,,,,,,,,,,,,,,,,,,,,,,,,,,,,,,,,,,,,,,,,,,,,,,,,,,,,,,,,,
Test Plan,Rev(D),,,,,,,,,,,,,,,,,,,,,,,,,,,,,,,,,,,,,,,,,,,,,,,,,,,,,,,,,,,,,,,,,,,,,,,,,,,,,,,,,,,,,,,,,,,,,,,,,,,,,,,,,,,,,,,,,,,,,,,,,,,,,,,,,,,,,
Release Date,2019/7/31,,,,,,,,,,,,,,,,,,,,,,,,,,,,,,,,,,,,,,,,,,,,,,,,,,,,,,,,,,,,,,,,,,,,,,,,,,,,,,,,,,,,,,,,,,,,,,,,,,,,,,,,,,,,,,,,,,,,,,,,,,,,,,,,,,,,,
Comment,#31-55/VC7645-12YA8E1.36.1£¬#61-85/VC7645-12YA8E2.36.1,,,,,,,,,,,,,,,,,,,,,,,,,,,,,,,,,,,,,,,,,,,,,,,,,,,,,,,,,,,,,,,,,,,,,,,,,,,,,,,,,,,,,,,,,,,,,,,,,,,,,,,,,,,,,,,,,,,,,,,,,,,,,,,,,,,,,
,,,,,,,,,,,,,,,,,,,,,,,,,,,,,,,,,,,,,,,,,,,,,,,,,,,,,,,,,,,,,,,,,,,,,,,,,,,,,,,,,,,,,,,,,,,,,,,,,,,,,,,,,,,,,,,,,,,,,,,,,,,,,,,,,,,,,,
Data Section,,,,,,,,,,,,,,,,,,,,,,,,,,,,,,,,,,,,,,,,,,,,,,,,,,,,,,,,,,,,,,,,,,,,,,,,,,,,,,,,,,,,,,,,,,,,,,,,,,,,,,,,,,,,,,,,,,,,,,,,,,,,,,,,,,,,,,
Device#,1,2,3,4,5,6,7,8,9,10,11,12,13,14,15,16,17,18,19,20,21,22,23,24,25,26,27,28,29,30,31,32,33,34,35,36,37,38,39,40,41,42,43,44,45,46,47,48,49,50,51,52,53,54,55,56,57,58,59,60,61,62,63,64,65,66,67,68,69,70,71,72,73,74,75,76,77,78,79,80,81,82,83,84,85,86,87,88,89,90,91,92,93,94,95,96,97,98,99,100,101,102,103,104,105,106,107,108,109,110,111,112,113,114,115,116,117,118,119,120,121,122,123,124,125,126,127,128,129,130,131,132,133,134
Test Item,Site No,Device ID,MIPI_FUNCTION,Idle_B40_Vbat,Idle_B40_Vcc2,Idle_B40_Total,Pin_B40_2655,Pout_B40_2655,Gain_B40_2655,Idle_B7_Vbat,Idle_B7_Vcc2,Idle_B7_Total,Pin_B7_2570,Pout_B7_2570,Gain_B7_2570,Idle_B38_Vbat,Idle_B38_Vcc2,Idle_B38_Total,Pin_B38_2300,Pout_B38_2300,Gain_B38_2300,Icc_Vbat_B38_2300,Icc_Vcc2_B38_2300,Icc_Total_B38_2300,PAE_Total_B38_2300,E-UTRA_ACP_L_B38_2300,UTRA_ACP1_L_B38_2300,UTRA_ACP2_L_B38_2300,EVM_B38_2300,Idle_MB1_Vbat,Idle_MB1_Vcc1,Idle_MB1_Vcc2-2,Idle_MB1_Total,Pin_MB1_1710,Pout_MB1_1710,Gain_MB1_1710,Icc_Vbat_MB1_1710,Icc_Vcc1_MB1_1710,Icc_Vcc2-2_MB1_1710,Icc_Total_MB1_1710,PAE_Total_MB1_1710,E-UTRA_ACP_L_MB1_1710,UTRA_ACP1_L_MB1_1710,UTRA_ACP2_L_MB1_1710,Pin_MB1_1980,Pout_MB1_1980,Gain_MB1_1980,Icc_Vbat_MB1_1980,Icc_Vcc1_MB1_1980,Icc_Vcc2-2_MB1_1980,Icc_Total_MB1_1980,PAE_Total_MB1_1980,E-UTRA_ACP_L_MB1_1980,UTRA_ACP1_L_MB1_1980,UTRA_ACP2_L_MB1_1980,EVM_MB1_1980,Pin_MB2_1980,Pout_MB2_1980,Gain_MB2_1980,Pin_MB3_1980,Pout_MB3_1980,Gain_MB3_1980,Pin_MB4_1710,Pout_MB4_1710,Gain_MB4_1710,Idle_LB1_Vbat,Idle_LB1_Vcc1,Idle_LB1_Vcc2-2,Idle_LB1_Total,Pin_LB1_699,Pout_LB1_699,Gain_LB1_699,Icc_Vbat_LB1_699,Icc_Vcc1_LB1_699,Icc_Vcc2-2_LB1_699,Icc_Total_LB1_699,PAE_Total_LB1_699,E-UTRA_ACP_L_LB1_699,UTRA_ACP1_L_LB1_699,UTRA_ACP2_L_LB1_699,Pin_LB1_915,Pout_LB1_915,Gain_LB1_915,Icc_Vbat_LB1_915,Icc_Vcc1_LB1_915,Icc_Vcc2-2_LB1_915,Icc_Total_LB1_915,PAE_Total_LB1_915,E-UTRA_ACP_L_LB1_915,UTRA_ACP1_L_LB1_915,UTRA_ACP2_L_LB1_915,EVM_LB1_915,Pin_LB2_915,Pout_LB2_915,Gain_LB2_915,Pin_LB5_915,Pout_LB5_915,Gain_LB5_915,Gain_LB1_LPM_699_Normal,Gain_LB1_LPM_699_Verify,IL_RX1_B40_2496,IL_RX2_B7_2496,IL_RX2_B38_2496,IL2_RX1_B40_2496,IL2_RX2_B7_2496,IL2_RX2_B38_2496,R_VBAT,R_VIO,R_CLK,R_DATA,2fo_LB1(RFIN_L1)_699,2fo_LB1(RFIN_L1)_915,2fo_MB1_1710,2fo_MB1_1980,2fo_B7_2570,Mosfet_Vbat,Mosfet_VCC1,Mosfet_VCC2,Mosfet_VCC2-2,Leakage_Vdd,Leakage_Ctrl1,Leakage_Ctrl2,Leakage_Vbat,Leakage VCC1,Leakage VCC2,Leakage VCC2-2,Leakage_VCC1_5V,Leakage_VCC2_5V,Leakage_VCC2-2_5V,Leakage2_VIO,Leakage2_CLK,Leakage2_DATA,Test_Time,Index_Time
Low Tolerance,,,0,1,10,10,0.3,0,0,1,10,10,0.3,0,0,1,10,10,0.3,0,0,1,25,25,0,1.5,1.5,1.5,0.5,1,5,10,10,0.3,0,0,1,5,25,25,0,1.5,1.5,1.5,0.3,0,0,1,5,25,25,0,1.5,1.5,1.5,0.5,0.3,0,0,0.3,0,0,0.3,0,0,1,5,10,10,0.3,0,0,1,5,25,25,0,1.5,1.5,1.5,0.3,0,0,1,5,25,25,0,1.5,1.5,1.5,0.5,0.3,0,0,0.3,0,0,1.5,1.5,0.2,0.2,0.2,0.2,0.2,0.2,0,0,0,0,1.5,1.5,1.5,1.5,1.5,0,0,0,0,0.1,0.1,0.1,0.9,0.9,0.9,0.9,0.9,0.9,0.9,0.9,0.9,0.9,0,0
High Tolerance,,,0,1,10,10,0.3,0,0,1,10,10,0.3,0,0,1,10,10,0.3,0,0,1,25,25,0,1.5,1.5,1.5,0.5,1,5,10,10,0.3,0,0,1,5,25,25,0,1.5,1.5,1.5,0.3,0,0,1,5,25,25,0,1.5,1.5,1.5,0.5,0.3,0,0,0.3,0,0,0.3,0,0,1,5,10,10,0.3,0,0,1,5,25,25,0,1.5,1.5,1.5,0.3,0,0,1,5,25,25,0,1.5,1.5,1.5,0.5,0.3,0,0,0.3,0,0,1.5,1.5,0.2,0.2,0.2,0.2,0.2,0.2,0,0,0,0,1.5,1.5,1.5,1.5,1.5,0,0,0,0,0.1,0.1,0.1,0.9,0.9,0.9,0.9,0.9,0.9,0.9,0.9,0.9,0.9,0,0
Enable,,,0,1,1,1,1,0,0,1,1,1,1,0,0,1,1,1,1,0,0,1,1,1,0,1,1,1,1,1,1,1,1,1,0,0,1,1,1,1,0,1,1,1,1,0,0,1,1,1,1,0,1,1,1,1,1,0,0,1,0,0,1,0,0,1,1,1,1,1,0,0,1,1,1,1,0,1,1,1,1,0,0,1,1,1,1,0,1,1,1,1,1,0,0,1,0,0,1,1,1,1,1,1,1,1,0,0,0,0,1,1,1,1,1,0,0,0,0,1,1,1,1,1,1,1,1,1,1,1,1,1,0,0
31,1,31,0,3.081,81.358,84.438,-2.939,27.471,29.634,3.059,84.276,87.335,-2.912,27.471,29.709,3.203,86.266,89.469,-2.821,27.481,29.408,7.02,528.032,535.052,30.745,-41.962,-40.668,-55.483,2.269,2.942,18.876,104.283,126.101,-1.119,27.733,28.439,6.662,30.583,507.772,545.017,30.185,-41.476,-42.046,-61.582,-2.794,27.469,30.705,6.226,32.603,444.936,483.765,33.916,-40.019,-40.504,-60.418,1.806,-2.529,27.501,30.203,-2.198,27.498,30.041,-1.139,27.495,28.534,2.152,18.768,67.857,88.777,-2.433,27.49,29.652,6.328,27.235,512.154,545.717,30.202,-39.267,-39.633,-64.133,-3.659,28.031,31.48,6.079,30.505,472.637,509.222,32.692,-40.694,-41.08,-61.826,1.902,-3.755,27.745,31.397,-3.581,28.131,31.398,-38.76,-50.662,-0.549,-0.612,-0.611,-0.549,-0.612,-0.611,999,274.264,999,999,0.432,-10.698,-15.796,-18.463,-9.532,3.404,3.403,3.404,3.404,0.752,0.719,0.7,0.683,0.178,0.281,0.27,0.234,2.046,0.701,0.057,0.124,0.053,871.219,20.628
32,1,32,0,3.034,78.897,81.931,-2.963,27.475,29.662,3.007,81.929,84.936,-2.944,27.474,29.743,3.109,83.744,86.853,-2.823,27.484,29.413,6.886,516.423,523.309,31.457,-42.164,-40.961,-55.268,2.221,3,20.07,103.833,126.903,-1.438,27.732,28.758,6.574,30.647,493.145,530.367,31.017,-41.795,-42.365,-61.834,-3.174,27.503,31.119,6.248,32.698,441.538,480.484,34.417,-39.691,-40.184,-60.306,1.998,-2.886,27.524,30.584,-2.552,27.529,30.427,-1.463,27.492,28.854,2.228,18.763,68.869,89.86,-2.512,27.507,29.747,6.305,26.947,512.504,545.756,30.318,-39.392,-39.758,-64.06,-3.864,28.018,31.671,6.091,30.165,469.682,505.938,32.803,-40.725,-41.111,-61.649,1.931,-3.958,27.734,31.591,-3.769,28.138,31.593,-38.76,-50.87,-0.541,-0.607,-0.611,-0.541,-0.607,-0.611,999,288.009,999,999,0.215,-10.286,-17.265,-17.017,-9.367,3.404,3.403,3.404,3.404,0.756,0.723,0.702,0.584,0.176,0.292,0.269,0.239,2.127,0.692,0.057,0.124,0.053,864.188,8.426
33,1,33,0,3.13,82.292,85.422,-3.044,27.47,29.739,3.095,85.231,88.327,-2.973,27.469,29.766,3.156,87.15,90.306,-2.836,27.48,29.422,7.031,521.531,528.562,31.11,-42.205,-40.832,-55.767,2.252,2.898,18.683,102.126,123.707,-1.189,27.737,28.514,6.716,30.304,504.66,541.68,30.401,-41.414,-41.982,-61.64,-2.87,27.496,30.809,6.213,31.624,436.558,474.396,34.804,-39.509,-39.984,-60.552,2.015,-2.639,27.499,30.312,-2.311,27.506,30.162,-1.199,27.491,28.589,2.309,18.708,74.332,95.348,-2.507,27.534,29.77,6.315,26.775,516.247,549.337,30.309,-39.51,-39.887,-64.052,-3.851,28.017,31.658,6.144,30.269,475.271,511.683,32.427,-41.066,-41.48,-61.586,1.891,-3.943,27.736,31.577,-3.746,28.139,31.571,-38.746,-50.68,-0.554,-0.608,-0.609,-0.554,-0.608,-0.609,999,285.413,999,999,-0.241,-10.816,-15.342,-17.438,-9.41,3.404,3.403,3.404,3.404,0.766,0.732,0.712,0.539,0.168,0.296,0.253,0.227,2.177,0.698,0.057,0.124,0.053,878.885,6.034
34,1,34,0,3.049,75.096,78.145,-2.98,27.451,29.656,2.942,77.796,80.737,-2.894,27.476,29.694,2.959,79.912,82.871,-2.824,27.489,29.419,6.837,514.182,521.019,31.628,-42.281,-41.314,-54.681,2.158,2.872,18.917,100.97,122.76,-1.092,27.736,28.415,6.59,30.959,499.674,537.223,30.644,-41.102,-41.662,-61.561,-2.756,27.459,30.657,6.223,33.079,441.704,481.007,34.03,-39.825,-40.299,-60.383,1.825,-2.511,27.495,30.181,-2.167,27.502,30.014,-1.086,27.494,28.479,2.096,18.443,68.527,89.067,-2.522,27.485,29.736,6.136,26.775,510.779,543.69,30.282,-39.539,-39.908,-64.182,-3.679,28.026,31.494,6.029,30.5,476.443,512.972,32.411,-40.808,-41.2,-61.703,1.89,-3.779,27.731,31.408,-3.624,28.067,31.376,-38.747,-50.446,-0.544,-0.606,-0.611,-0.544,-0.606,-0.611,999,258.122,999,999,-0.461,-10.591,-15.644,-18.274,-9.053,3.404,3.403,3.404,3.404,0.751,0.718,0.697,0.553,0.177,0.31,0.279,0.236,2.212,0.693,0.057,0.124,0.053,859.764,6.64
35,1,35,0,3.072,78.942,82.014,-2.895,27.473,29.593,3.008,81.746,84.754,-2.787,27.472,29.584,3.06,83.585,86.646,-2.61,27.485,29.201,7.043,533.867,540.909,30.438,-42.395,-41.337,-55.19,2.138,2.896,18.791,100.711,122.398,-1.359,27.728,28.674,6.6,30.324,497.307,534.231,30.761,-41.405,-41.967,-61.85,-3.032,27.459,30.932,6.169,31.984,445.138,483.291,33.871,-39.801,-40.27,-60.548,1.81,-2.751,27.507,30.432,-2.405,27.514,30.263,-1.343,27.491,28.734,2.19,18.783,69.842,90.815,-2.49,27.542,29.762,6.386,26.908,516.437,549.73,30.346,-39.332,-39.7,-64.104,-3.673,28.028,31.49,6.129,30.649,479.088,515.867,32.245,-41.014,-41.412,-61.819,1.859,-3.765,27.745,31.408,-3.601,28.101,31.387,-38.774,-50.318,-0.566,-0.628,-0.619,-0.566,-0.628,-0.619,999,272.639,999,999,-0.714,-10.677,-16.676,-17.938,-8.536,3.404,3.403,3.404,3.404,0.743,0.711,0.69,0.578,0.178,0.274,0.283,0.241,1.991,0.696,0.057,0.124,0.053,859.959,8.26
36,1,36,0,2.896,71.993,74.889,-2.699,27.516,29.439,2.806,74.707,77.513,-2.733,27.463,29.52,2.912,76.872,79.784,-2.614,27.456,29.175,6.796,524.351,531.147,30.785,-42.15,-41.577,-53.891,2.088,2.898,18.455,99.343,120.697,-1.139,27.732,28.458,6.6,30.352,502.094,539.046,30.514,-41.295,-41.856,-61.732,-2.814,27.485,30.742,6.189,32.15,439.174,477.513,34.492,-39.624,-40.101,-60.35,1.939,-2.571,27.499,30.244,-2.241,27.505,30.092,-1.168,27.492,28.559,2.115,17.646,68.194,87.954,-2.375,27.49,29.595,6.243,26.192,508.874,541.308,30.455,-39.159,-39.525,-63.977,-3.543,28.04,31.373,6.082,29.832,474.041,509.955,32.713,-40.589,-40.983,-61.852,1.899,-3.691,27.718,31.307,-3.523,28.068,31.276,-38.654,-50.546,-0.562,-0.626,-0.64,-0.562,-0.626,-0.64,999,289.393,999,999,0.646,-10.888,-15.885,-17.598,-10.029,3.404,3.403,3.404,3.404,0.742,0.709,0.689,0.553,0.177,0.297,0.274,0.234,2.23,0.704,0.057,0.124,0.053,869.272,6.628
37,1,37,0,2.926,74.676,77.602,-3.039,27.466,29.73,2.883,77.535,80.417,-2.913,27.479,29.717,2.989,79.456,82.445,-2.739,27.492,29.337,6.824,521.961,528.785,31.183,-42.366,-41.663,-54.234,2.079,2.86,18.352,100.44,121.653,-1.26,27.733,28.58,6.48,29.89,490.873,527.242,31.204,-41.739,-42.311,-61.917,-3.078,27.505,31.025,6.146,31.675,436.755,474.576,34.864,-39.404,-39.883,-60.223,2.04,-2.783,27.532,30.489,-2.466,27.519,30.329,-1.272,27.497,28.668,2.107,17.9,67.502,87.509,-2.586,27.507,29.822,6.137,26.253,512.507,544.898,30.37,-39.453,-39.809,-64.186,-3.869,28.02,31.679,5.968,29.757,469.579,505.304,32.861,-40.49,-40.873,-61.821,1.944,-3.958,27.735,31.591,-3.797,28.088,31.571,-38.826,-50.674,-0.553,-0.603,-0.61,-0.553,-0.603,-0.61,999,256.501,999,999,0.033,-10.282,-18.367,-16.204,-9.256,3.404,3.403,3.404,3.403,0.745,0.712,0.692,0.576,0.184,0.294,0.276,0.243,2.153,0.695,0.057,0.124,0.053,863.218,6.236
38,1,38,0,3.13,81.426,84.556,-2.715,27.475,29.415,3.085,84.314,87.398,-2.663,27.477,29.465,3.14,86.47,89.609,-2.525,27.479,29.109,7.121,535.609,542.729,30.288,-42.057,-40.855,-55.139,2.254,2.919,17.721,100.247,120.887,-1.147,27.739,28.472,6.51,29.837,496.181,532.527,30.934,-41.034,-41.593,-61.739,-2.72,27.488,30.65,6.255,32.074,445.182,483.511,34.081,-39.725,-40.191,-60.402,1.789,-2.485,27.501,30.16,-2.143,27.497,29.985,-1.125,27.494,28.518,2.155,18.953,68.909,90.017,-2.593,27.493,29.816,6.153,27.057,505.673,538.882,30.615,-39.625,-39.994,-64.223,-3.808,28.019,31.617,6.043,30.813,471.805,508.661,32.632,-40.8,-41.189,-61.676,1.932,-3.896,27.737,31.53,-3.719,28.111,31.515,-38.711,-50.506,-0.537,-0.602,-0.6,-0.537,-0.602,-0.6,999,266.413,999,999,-0.794,-10.52,-16.292,-17.906,-10.502,3.404,3.403,3.404,3.404,0.74,0.708,0.688,0.551,0.182,0.301,0.283,0.246,2.232,0.706,0.057,0.124,0.053,867.214,6.883
39,1,39,0,2.995,77.397,80.392,-3.019,27.47,29.714,3.048,80.32,83.368,-2.914,27.473,29.712,3.1,82.248,85.349,-2.687,27.488,29.281,7.028,535.185,542.213,30.384,-42.472,-41.487,-54.983,2.126,2.878,18.365,100.655,121.899,-1.248,27.732,28.567,6.587,29.983,504.025,540.595,30.422,-41.367,-41.929,-61.777,-2.886,27.46,30.789,6.19,31.58,444.146,481.916,33.979,-39.865,-40.333,-60.511,1.769,-2.606,27.513,30.292,-2.286,27.505,30.136,-1.265,27.488,28.652,2.182,18.404,67.002,87.588,-2.437,27.492,29.658,6.216,26.928,505.065,538.209,30.638,-39.21,-39.576,-64.103,-3.57,28.034,31.394,6.087,30.513,478.191,514.791,32.359,-40.747,-41.136,-61.781,1.848,-3.682,27.731,31.311,-3.523,28.084,31.293,-38.618,-50.335,-0.553,-0.613,-0.616,-0.553,-0.613,-0.616,999,283.295,999,999,-0.059,-10.716,-15.82,-18.301,-9.309,3.404,3.403,3.405,3.404,0.746,0.714,0.694,0.586,0.166,0.294,0.271,0.225,2.163,0.69,0.057,0.124,0.053,861.867,8.453
40,1,40,0,2.945,72.807,75.751,-2.752,27.477,29.453,2.875,76.583,79.457,-2.766,27.48,29.571,2.96,78.908,81.868,-2.755,27.493,29.353,6.719,510.986,517.705,31.857,-41.959,-41.039,-54.458,2.192,2.886,18.406,97.298,118.59,-1.082,27.732,28.401,6.694,30.565,501.854,539.113,30.509,-41.32,-41.884,-61.737,-2.831,27.472,30.744,6.193,32.123,440.429,478.744,34.293,-39.731,-40.197,-60.454,1.843,-2.582,27.506,30.262,-2.265,27.505,30.115,-1.152,27.496,28.548,2.205,18.224,68.054,88.483,-2.428,27.509,29.667,6.354,26.593,509.216,542.163,30.538,-39.333,-39.707,-64.161,-3.542,28.04,31.372,6.122,30.353,475.797,512.271,32.561,-40.962,-41.368,-61.824,1.861,-3.711,27.715,31.324,-3.532,28.087,31.305,-38.731,-50.469,-0.545,-0.6,-0.607,-0.545,-0.6,-0.607,999,280.277,999,999,0.083,-10.825,-15.812,-18.257,-9.009,3.404,3.403,3.404,3.404,0.738,0.705,0.685,0.573,0.179,0.282,0.276,0.243,2.063,0.704,0.057,0.124,0.053,872.429,6.234
41,1,41,0,3.068,82.065,85.132,-3.146,27.471,29.842,3.076,85.05,88.126,-3.01,27.47,29.805,3.111,86.935,90.046,-2.824,27.485,29.416,7.018,525.806,532.824,30.903,-42.644,-41.561,-55.308,2.098,2.904,19.532,100.626,123.063,-1.333,27.728,28.648,6.653,30.794,501.121,538.568,30.51,-41.552,-42.116,-61.945,-3.06,27.507,31.009,6.195,32.26,439.476,477.931,34.633,-39.577,-40.05,-60.596,1.963,-2.766,27.544,30.485,-2.473,27.515,30.333,-1.349,27.487,28.736,2.153,18.641,67.452,88.246,-2.586,27.507,29.823,6.202,26.737,514.086,547.026,30.254,-39.326,-39.686,-64.279,-3.765,28.029,31.583,6.047,30.486,476.111,512.643,32.455,-40.927,-41.312,-61.902,1.845,-3.858,27.742,31.498,-3.688,28.083,31.457,-38.834,-50.503,-0.551,-0.613,-0.611,-0.551,-0.613,-0.611,999,284.769,999,999,0.016,-10.606,-15.696,-17.589,-8.295,3.404,3.403,3.404,3.404,0.759,0.725,0.705,0.564,0.183,0.296,0.28,0.242,2.147,0.699,0.057,0.124,0.053,862.19,6.793
42,1,42,0,3.172,81.044,84.216,-3.087,27.475,29.786,3.143,84.323,87.466,-3.004,27.474,29.802,3.143,86.236,89.379,-2.86,27.487,29.453,7.013,522.094,529.108,31.133,-42.349,-41.14,-55.347,2.188,2.921,19.167,99.917,122.004,-1.288,27.729,28.604,6.69,30.67,496.513,533.873,30.791,-41.407,-41.97,-61.767,-2.997,27.499,30.938,6.221,32.318,438.045,476.584,34.668,-39.606,-40.082,-60.398,1.953,-2.72,27.521,30.414,-2.394,27.52,30.259,-1.298,27.492,28.689,2.196,18.858,70.084,91.139,-2.509,27.536,29.774,6.382,26.901,523.84,557.123,29.903,-39.368,-39.734,-64.252,-3.911,28.018,31.719,6.081,30.221,471.282,507.584,32.702,-41.137,-41.524,-61.74,1.866,-4.014,27.73,31.642,-3.825,28.132,31.643,-38.816,-50.765,-0.55,-0.603,-0.613,-0.55,-0.603,-0.613,999,269.746,999,999,0.612,-10.572,-15.92,-17.837,-9.29,3.404,3.403,3.405,3.404,0.765,0.732,0.712,0.571,0.183,0.295,0.288,0.241,2.181,0.7,0.057,0.124,0.053,874.148,6.059
43,1,43,0,2.923,76.613,79.536,-2.859,27.473,29.557,2.993,79.532,82.525,-2.834,27.477,29.636,2.988,81.536,84.525,-2.777,27.487,29.369,6.797,516.802,523.599,31.455,-42.178,-41.21,-54.593,2.175,2.856,18.978,99.492,121.327,-1.181,27.73,28.499,6.585,30.765,500.794,538.145,30.552,-41.346,-41.912,-61.718,-2.889,27.456,30.786,6.158,32.47,441.499,480.127,34.07,-39.838,-40.31,-60.359,1.816,-2.613,27.501,30.288,-2.271,27.503,30.119,-1.182,27.492,28.573,2.183,18.175,67.829,88.188,-2.429,27.484,29.643,6.193,26.662,513.458,546.314,30.134,-39.347,-39.714,-64.097,-3.645,28.028,31.463,6.076,30.19,473.813,510.079,32.614,-40.818,-41.206,-61.801,1.854,-3.746,27.746,31.389,-3.591,28.085,31.362,-38.68,-50.526,-0.529,-0.601,-0.602,-0.529,-0.601,-0.602,999,261.014,999,999,0.487,-10.655,-16.424,-17.677,-9.724,3.404,3.403,3.404,3.404,0.746,0.714,0.694,0.584,0.183,0.292,0.281,0.242,2.177,0.697,0.057,0.124,0.053,858.734,6.154
44,1,44,0,2.909,74.094,77.003,-2.806,27.486,29.517,2.945,76.943,79.888,-2.755,27.478,29.557,2.989,79.035,82.024,-2.635,27.489,29.231,6.938,530.795,537.734,30.646,-42.319,-41.43,-54.647,2.128,2.817,18.269,100.14,121.225,-1.137,27.732,28.456,6.573,30.52,501.737,538.83,30.524,-41.387,-41.95,-61.828,-2.839,27.48,30.761,6.151,32.165,441.723,480.039,34.266,-39.764,-40.238,-60.263,1.842,-2.581,27.502,30.256,-2.251,27.505,30.1,-1.13,27.49,28.52,2.205,18.068,70.472,90.745,-2.472,27.489,29.69,6.164,26.621,511.458,544.243,30.282,-39.578,-39.952,-64.152,-3.628,28.031,31.448,6.057,30.261,477.547,513.864,32.394,-40.89,-41.293,-61.628,1.877,-3.732,27.743,31.373,-3.59,28.055,31.33,-38.675,-50.445,-0.545,-0.612,-0.605,-0.545,-0.612,-0.605,999,265.797,999,999,-0.198,-10.599,-16.273,-17.136,-9.156,3.404,3.403,3.404,3.404,0.743,0.711,0.691,0.571,0.184,0.302,0.282,0.242,2.212,0.689,0.057,0.124,0.053,866.6,6.347
45,1,45,0,3.041,78.12,81.161,-2.941,27.478,29.644,2.967,80.829,83.796,-2.813,27.47,29.608,3.023,82.898,85.92,-2.559,27.49,29.154,7.023,536.339,543.362,30.329,-42.363,-41.366,-55.023,2.139,2.984,18.285,105.527,126.796,-1.37,27.732,28.689,6.595,30.005,500.935,537.535,30.602,-41.671,-42.238,-61.843,-3.074,27.49,31.006,6.13,31.236,440.814,478.18,34.481,-39.692,-40.17,-60.496,1.921,-2.791,27.529,30.494,-2.46,27.534,30.34,-1.384,27.49,28.774,2.252,19.007,71.044,92.303,-2.498,27.51,29.737,6.279,27.093,515.622,548.994,30.167,-39.384,-39.756,-64.237,-3.713,28.027,31.529,6.099,30.589,477.795,514.484,32.321,-41.259,-41.658,-61.639,1.819,-3.81,27.742,31.45,-3.657,28.089,31.432,-38.728,-50.397,-0.562,-0.621,-0.628,-0.562,-0.621,-0.628,999,270.175,999,999,-0.082,-10.798,-15.451,-18.136,-8.903,3.404,3.403,3.404,3.404,0.746,0.713,0.693,0.568,0.184,0.279,0.253,0.247,2.07,0.71,0.057,0.124,0.053,867.021,7.163
46,1,46,0,2.94,73.873,76.813,-2.89,27.466,29.58,2.88,76.524,79.403,-2.807,27.477,29.609,2.962,78.647,81.609,-2.664,27.493,29.262,6.92,522.554,529.474,31.149,-42.448,-41.592,-54.696,2.084,2.882,19.209,100.429,122.52,-1.235,27.731,28.553,6.628,30.654,501.933,539.215,30.494,-41.373,-41.935,-61.664,-2.865,27.503,30.809,6.275,32.634,443.649,482.558,34.268,-39.8,-40.277,-60.376,1.868,-2.607,27.504,30.286,-2.275,27.507,30.127,-1.222,27.494,28.615,2.249,19.11,71.211,92.57,-2.541,27.523,29.794,6.352,27.176,515.152,548.68,30.276,-39.571,-39.945,-64.286,-3.81,28.021,31.62,6.13,30.849,475.053,512.031,32.431,-41.083,-41.487,-61.59,1.881,-3.898,27.739,31.535,-3.71,28.138,31.534,-38.705,-50.337,-0.541,-0.611,-0.612,-0.541,-0.611,-0.612,999,276.084,999,999,-0.549,-10.495,-15.826,-18.209,-8.659,3.404,3.403,3.405,3.404,0.744,0.712,0.691,0.568,0.172,0.298,0.274,0.227,2.216,0.699,0.057,0.124,0.053,874.618,6.165
47,1,47,0,2.995,76.877,79.872,-2.891,27.459,29.575,2.954,79.662,82.616,-2.745,27.476,29.546,2.98,81.711,84.691,-2.503,27.483,29.092,6.99,535.967,542.958,30.308,-42.451,-41.422,-55.16,2.133,2.964,19.234,100.914,123.111,-1.128,27.733,28.449,6.61,31.039,501.081,538.73,30.54,-41.219,-41.783,-61.708,-2.897,27.473,30.813,6.169,32.881,437.213,476.263,34.486,-39.661,-40.137,-60.379,1.933,-2.627,27.503,30.303,-2.296,27.502,30.143,-1.155,27.492,28.547,2.232,18.462,70.406,91.099,-2.493,27.488,29.71,6.229,26.888,510.194,543.311,30.322,-39.385,-39.756,-64.135,-3.57,28.036,31.395,6.086,30.494,478.748,515.328,32.333,-41.108,-41.511,-61.64,1.828,-3.673,27.747,31.318,-3.53,28.071,31.286,-38.635,-49.841,-0.558,-0.612,-0.613,-0.558,-0.612,-0.613,999,287.042,999,999,-0.036,-10.829,-15.661,-17.973,-9.069,3.404,3.403,3.404,3.404,0.753,0.72,0.701,0.59,0.183,0.284,0.282,0.243,2.106,0.708,0.057,0.124,0.053,872.646,7.628
48,1,48,0,2.877,70.25,73.127,-2.87,27.486,29.58,2.797,73.069,75.865,-2.745,27.481,29.551,2.854,75.278,78.132,-2.555,27.455,29.116,6.845,528.882,535.727,30.517,-42.664,-42.147,-54.237,1.976,2.74,18.215,94.267,115.222,-1.002,27.729,28.318,6.595,30.612,501.543,538.749,30.509,-40.692,-41.251,-61.817,-2.628,27.48,30.55,6.126,32.552,438.008,476.686,34.507,-39.438,-39.889,-60.619,1.857,-2.424,27.497,30.096,-2.093,27.502,29.94,-1.02,27.492,28.412,2.25,19.313,68.552,90.115,-2.523,27.546,29.797,6.257,27.236,513.248,546.74,30.537,-39.21,-39.574,-64.201,-3.71,28.026,31.525,6.128,31.012,479.16,516.301,32.203,-41.088,-41.477,-61.843,1.831,-3.805,27.74,31.443,-3.605,28.144,31.434,-38.739,-50.301,-0.551,-0.61,-0.616,-0.551,-0.61,-0.616,999,255.635,999,999,-0.651,-10.825,-15.8,-17.574,-8.397,3.404,3.403,3.404,3.404,0.745,0.713,0.693,0.577,0.181,0.302,0.286,0.242,2.215,0.7,0.057,0.124,0.053,867.439,7.025
49,1,49,0,3.034,77.971,81.005,-3.015,27.476,29.715,2.995,81.049,84.044,-2.92,27.471,29.716,3.088,83.042,86.13,-2.734,27.485,29.324,7.12,533.267,540.386,30.464,-42.526,-41.396,-55.371,2.149,2.912,19.013,101.192,123.117,-1.313,27.735,28.635,6.64,30.26,501.214,538.113,30.588,-41.349,-41.911,-61.634,-2.977,27.502,30.922,6.175,32.035,439.912,478.123,34.583,-39.625,-40.099,-60.516,1.961,-2.698,27.533,30.405,-2.377,27.53,30.252,-1.332,27.497,28.729,2.247,20.045,70.982,93.274,-2.534,27.516,29.779,6.343,28.136,512.746,547.224,30.303,-39.166,-39.543,-64.173,-3.866,28.013,31.669,6.167,31.387,476.222,513.777,32.264,-41.425,-41.824,-61.543,1.807,-3.959,27.732,31.589,-3.758,28.136,31.58,-38.653,-50.382,-0.545,-0.612,-0.612,-0.545,-0.612,-0.612,999,284.157,999,999,0.191,-10.914,-15.467,-17.798,-8.81,3.404,3.404,3.404,3.405,0.765,0.732,0.712,0.583,0.17,0.301,0.265,0.232,2.207,0.701,0.057,0.124,0.053,867.936,5.899
50,1,50,0,3.049,78.212,81.261,-2.766,27.482,29.472,3.025,80.866,83.891,-2.813,27.481,29.618,3.031,83.047,86.078,-2.804,27.483,29.393,6.834,520.644,527.478,31.196,-42.109,-41.051,-54.796,2.198,2.876,18.55,101.281,122.707,-1.295,27.731,28.613,6.592,29.982,502.489,539.062,30.504,-41.477,-42.043,-61.842,-2.921,27.471,30.834,6.221,31.66,443.943,481.824,34.069,-39.88,-40.352,-60.509,1.796,-2.657,27.499,30.33,-2.319,27.5,30.164,-1.304,27.489,28.693,2.135,18.99,66.295,87.419,-2.41,27.488,29.627,6.24,27.514,509.029,542.784,30.356,-39.263,-39.629,-64.183,-3.662,28.03,31.482,6.044,30.905,473.778,510.726,32.587,-40.814,-41.198,-61.913,1.867,-3.76,27.748,31.406,-3.592,28.13,31.408,-38.566,-50.455,-0.528,-0.599,-0.603,-0.528,-0.599,-0.603,999,294.273,999,999,0.069,-10.699,-16.01,-17.69,-9.598,3.403,3.403,3.404,3.404,0.746,0.714,0.694,0.57,0.172,0.285,0.264,0.236,2.113,0.7,0.057,0.124,0.053,865.747,13.561
51,1,51,0,3.136,79.518,82.654,-2.978,27.474,29.677,3.096,82.802,85.897,-2.943,27.471,29.738,3.091,84.716,87.808,-2.838,27.482,29.425,7.045,527.506,534.55,30.776,-42.351,-41.082,-55.576,2.194,2.945,19.685,101.26,123.89,-1.316,27.731,28.633,6.676,30.846,503.846,541.368,30.372,-41.311,-41.871,-61.72,-2.919,27.485,30.846,6.223,32.66,443.383,482.266,34.151,-39.84,-40.314,-60.572,1.844,-2.661,27.501,30.336,-2.324,27.502,30.172,-1.33,27.493,28.722,2.258,18.901,71.376,92.534,-2.41,27.488,29.627,6.309,27.358,512.926,546.593,30.141,-39.259,-39.636,-63.983,-3.596,28.039,31.424,6.179,30.619,477.787,514.585,32.408,-41.05,-41.45,-61.667,1.845,-3.737,27.714,31.349,-3.536,28.132,31.353,-38.741,-50.488,-0.541,-0.605,-0.603,-0.541,-0.605,-0.603,999,283.245,999,999,0.487,-10.698,-15.259,-18.67,-9.284,3.404,3.403,3.404,3.405,0.764,0.73,0.71,0.561,0.176,0.296,0.275,0.234,2.17,0.7,0.057,0.124,0.053,878.081,6.529
52,1,52,0,3.083,76.439,79.522,-2.971,27.484,29.68,3.033,80.06,83.093,-2.933,27.48,29.738,3.084,82.548,85.633,-2.772,27.487,29.364,6.918,528.612,535.531,30.755,-42.327,-41.296,-55.069,2.147,3.011,19.157,102.024,124.192,-1.307,27.74,28.634,6.665,30.471,494.731,531.867,30.985,-41.496,-42.06,-61.694,-3.062,27.505,31.009,6.229,32.282,437.079,475.59,34.789,-39.546,-40.035,-60.426,2.046,-2.82,27.518,30.512,-2.509,27.512,30.366,-1.413,27.494,28.806,2.172,18.492,65.762,86.426,-2.471,27.487,29.687,6.286,26.859,507.885,541.03,30.447,-39.313,-39.678,-64.104,-3.693,28.033,31.516,6.106,30.228,470.065,506.398,32.889,-40.664,-41.049,-61.886,1.909,-3.838,27.728,31.463,-3.673,28.115,31.474,-38.796,-50.634,-0.553,-0.611,-0.615,-0.553,-0.611,-0.615,999,278.859,999,999,0.446,-10.467,-15.629,-18.56,-9.304,3.403,3.403,3.404,3.404,0.746,0.713,0.694,0.582,0.177,0.282,0.28,0.245,2.081,0.699,0.057,0.124,0.053,861.304,8.478
53,1,53,0,3.045,77.932,80.977,-3.089,27.473,29.786,2.981,81.074,84.056,-2.982,27.475,29.782,3.032,83.059,86.091,-2.823,27.484,29.414,7.023,526.791,533.814,30.838,-42.547,-41.433,-55.254,2.137,3.006,19.507,103.238,125.751,-1.229,27.733,28.549,6.623,31.066,503.763,541.452,30.383,-41.61,-42.181,-61.731,-2.944,27.497,30.883,6.244,32.882,440.946,480.073,34.402,-39.781,-40.267,-60.295,1.933,-2.661,27.534,30.37,-2.343,27.533,30.22,-1.241,27.498,28.638,2.166,18.809,66.929,87.904,-2.559,27.484,29.772,6.202,27.066,509.069,542.337,30.351,-39.434,-39.793,-64.208,-3.759,28.027,31.575,5.989,30.591,473.238,509.818,32.621,-40.736,-41.119,-61.863,1.899,-3.859,27.738,31.494,-3.706,28.082,31.473,-38.788,-50.505,-0.547,-0.609,-0.603,-0.547,-0.609,-0.603,999,277.444,999,999,-0.058,-10.646,-16.253,-17.232,-8.825,3.404,3.404,3.404,3.404,0.749,0.716,0.695,0.566,0.183,0.294,0.28,0.241,2.152,0.695,0.057,0.124,0.053,858.443,6.429
54,1,54,0,2.953,77.49,80.443,-3.143,27.475,29.843,2.987,80.58,83.567,-3.058,27.47,29.853,3.003,82.39,85.393,-2.895,27.49,29.49,6.858,519.444,526.302,31.317,-42.511,-41.507,-55.029,2.115,2.916,18.097,99.87,120.883,-1.09,27.739,28.415,6.518,29.982,491.243,527.743,31.214,-41.133,-41.689,-61.756,-2.782,27.468,30.691,6.085,32.284,439.569,477.938,34.32,-39.684,-40.157,-60.253,1.852,-2.537,27.5,30.211,-2.186,27.502,30.033,-1.119,27.495,28.514,2.114,18.49,65.198,85.802,-2.61,27.485,29.824,6.164,26.624,509.732,542.519,30.352,-39.263,-39.615,-64.274,-3.824,28.025,31.639,5.939,30.143,471.036,507.117,32.784,-40.538,-40.909,-61.956,1.908,-3.914,27.739,31.551,-3.741,28.115,31.542,-38.811,-50.644,-0.555,-0.61,-0.606,-0.555,-0.61,-0.606,999,275.575,999,999,0.235,-10.311,-16.604,-17.944,-8.437,3.404,3.403,3.404,3.404,0.746,0.713,0.693,0.567,0.181,0.29,0.279,0.242,2.118,0.687,0.057,0.124,0.053,866.321,25.996
55,1,55,0,2.991,77.988,80.98,-3.017,27.47,29.712,2.954,80.927,83.881,-2.897,27.471,29.694,2.961,83.094,86.055,-2.665,27.482,29.253,7.05,541.103,548.152,30.016,-42.597,-41.418,-55.501,2.147,2.872,18.807,103.34,125.019,-1.474,27.731,28.793,6.629,29.949,493.98,530.558,31,-41.552,-42.115,-61.836,-3.095,27.505,31.041,6.254,31.4,443.059,480.713,34.416,-39.63,-40.105,-60.497,1.916,-2.795,27.545,30.514,-2.479,27.532,30.355,-1.448,27.494,28.842,2.099,17.591,66.165,85.855,-2.484,27.489,29.702,6.158,26.207,502.868,535.233,30.789,-39.404,-39.761,-64.234,-3.531,28.041,31.361,6.061,30.063,476.608,512.733,32.537,-40.431,-40.823,-61.76,1.929,-3.671,27.712,31.281,-3.488,28.059,31.233,-38.73,-50.223,-0.558,-0.615,-0.618,-0.558,-0.615,-0.618,999,274.04,999,999,-1.098,-10.386,-16.287,-17.669,-9.215,3.404,3.403,3.404,3.404,0.745,0.712,0.692,0.572,0.173,0.294,0.268,0.23,2.14,0.695,0.057,0.124,0.053,859.824,6.444
61,1,61,0,2.883,78.732,81.615,-3.171,27.476,29.759,3.016,81.946,84.962,-3.004,27.681,30.148,3.064,83.889,86.954,-2.601,27.69,29.695,6.697,506.132,512.83,32.147,-42.688,-41.285,-56.327,2.045,2.746,18.794,93.784,115.325,-1.618,27.692,28.936,6.215,30.728,483.588,520.531,31.674,-40.788,-41.381,-62.068,-3.47,27.5,31.353,5.655,30.996,412.526,449.177,36.793,-38.769,-39.178,-60.643,2.292,-3.117,27.483,30.995,-2.868,27.487,30.849,-1.641,27.486,29.148,2.072,18.736,69.617,90.424,-2.583,27.924,30.49,5.92,26.705,503.983,536.609,30.96,-38.287,-38.613,-64.397,-3.657,27.81,31.848,5.762,30.686,471.566,508.014,32.61,-40.031,-40.373,-61.532,2.248,-4.153,27.619,31.935,-4.004,28.062,31.959,-38.357,-52.521,-0.405,-0.52,-0.542,-0.402,-0.513,-0.542,999,999,999,999,1.687,-10.8,-17.612,-18.439,-7.373,3.404,3.403,3.404,3.404,0.714,0.686,0.666,0.629,0.134,0.32,0.215,0.19,1.946,0.57,0.073,0.122,0.057,1222.891,17.385
62,1,62,0,2.99,81.557,84.546,-3.329,27.477,29.919,3.014,84.552,87.565,-3.221,27.675,30.359,3.104,86.47,89.574,-2.869,27.69,29.964,6.508,492.999,499.506,33.005,-41.978,-40.51,-56.088,2.198,2.725,17.564,96.201,116.491,-1.424,27.693,28.743,6.354,30.418,493.415,530.186,31.107,-40.763,-41.364,-61.818,-3.372,27.49,31.246,5.698,29.71,404.274,439.682,37.503,-38.451,-38.875,-60.487,2.533,-3.069,27.462,30.926,-2.846,27.468,30.809,-1.456,27.495,28.973,2.146,18.924,70.148,91.218,-2.68,27.922,30.585,5.941,26.561,501.118,533.62,31.126,-38.883,-39.209,-64.471,-3.98,27.792,32.153,5.747,30.254,465.648,501.648,32.889,-39.994,-40.334,-61.458,2.334,-4.52,27.564,32.247,-4.355,28.074,32.322,-38.198,-52.405,-0.408,-0.505,-0.532,-0.399,-0.51,-0.528,999,999,999,999,0.86,-10.568,-16.623,-18.156,-7.665,3.404,3.403,3.404,3.404,0.721,0.693,0.672,0.624,0.128,0.335,0.229,0.18,1.907,0.584,0.048,0.134,0.02,1199.806,6.820666667
63,1,63,0,3.007,81.364,84.371,-3.387,27.476,29.974,3.052,84.528,87.58,-3.202,27.675,30.34,3.165,86.486,89.651,-2.726,27.69,29.821,6.677,502.752,509.429,32.359,-42.494,-41.082,-56.213,2.095,2.77,18.415,95.164,116.349,-1.49,27.694,28.809,6.238,30.906,480.078,517.222,31.892,-40.851,-41.442,-62.155,-3.373,27.497,31.253,5.792,30.909,413.816,450.516,36.66,-38.848,-39.25,-60.747,2.223,-2.998,27.484,30.878,-2.762,27.489,30.745,-1.467,27.494,28.983,2.13,18.647,67.428,88.205,-2.824,27.91,30.717,5.758,25.792,496.047,527.597,31.392,-38.811,-39.137,-64.616,-3.765,27.805,31.951,5.799,30.65,472.612,509.061,32.504,-39.701,-40.031,-61.608,2.356,-4.265,27.596,32.024,-4.113,28.065,32.072,-38.217,-52.265,-0.407,-0.521,-0.542,-0.392,-0.516,-0.538,999,999,999,999,-0.459,-10.491,-18.307,-18.883,-7.685,3.404,3.403,3.404,3.404,0.721,0.692,0.672,0.643,0.131,0.331,0.219,0.182,1.95,0.575,0.085,0.134,0.057,1214.45,6.675
64,1,64,0,3.015,81.021,84.036,-3.095,27.475,29.682,3.036,84.129,87.165,-2.934,27.674,30.071,3.09,85.985,89.076,-2.523,27.686,29.613,6.662,498.976,505.638,32.572,-42.722,-41.368,-56.146,2.024,2.654,17.508,95.978,116.141,-1.601,27.696,28.923,6.12,29.711,479.08,514.911,32.054,-40.775,-41.365,-62.031,-3.474,27.491,31.349,5.643,29.417,407.215,442.275,37.291,-38.537,-38.944,-60.772,2.414,-3.137,27.472,31.005,-2.893,27.478,30.865,-1.622,27.487,29.13,2.047,18.067,69.125,89.24,-2.525,27.939,30.447,5.767,26.106,494.996,526.869,31.646,-38.3,-38.626,-64.333,-3.617,27.81,31.808,5.754,30.206,472.254,508.214,32.595,-39.696,-40.039,-61.623,2.33,-4.107,27.622,31.893,-3.972,28.061,31.926,-38.053,-52.303,-0.398,-0.508,-0.534,-0.394,-0.516,-0.535,999,999,999,999,0.992,-10.823,-17.041,-19.05,-6.869,3.404,3.403,3.405,3.404,0.707,0.678,0.659,0.737,0.132,0.348,0.214,0.182,1.972,0.567,0.097,0.11,0.07,1218.912667,7.169333333
65,1,65,0,2.897,78.631,81.528,-3.142,27.486,29.74,3.014,82.081,85.095,-2.984,27.681,30.128,2.969,83.827,86.797,-2.573,27.69,29.667,6.646,503.657,510.303,32.3,-42.93,-41.648,-56.134,1.992,2.731,18.423,95.086,116.24,-1.587,27.682,28.894,6.303,30.763,490,527.066,31.21,-40.902,-41.508,-62.032,-3.514,27.497,31.395,5.724,30.696,408.276,444.696,37.143,-38.671,-39.091,-60.595,2.393,-3.185,27.476,31.057,-2.938,27.485,30.918,-1.613,27.492,29.125,2.104,17.983,69.996,90.083,-2.487,27.939,30.409,5.985,26.259,504.803,537.046,31.044,-38.476,-38.807,-64.295,-3.628,27.815,31.824,5.749,29.996,467.461,503.206,32.962,-39.914,-40.26,-61.513,2.273,-4.153,27.599,31.915,-3.998,28.065,31.955,-38.301,-52.547,-0.4,-0.5,-0.521,-0.39,-0.51,-0.522,999,999,999,999,1.808,-10.673,-17.318,-18.123,-7.555,3.404,3.403,3.404,3.404,0.715,0.687,0.667,0.895,0.132,0.348,0.218,0.185,1.965,0.577,0.06,0.11,0.057,1236.319,7.801666667
66,1,66,0,2.92,79.643,82.563,-3.32,27.472,29.903,3.026,82.774,85.8,-3.174,27.676,30.314,3.065,84.567,87.632,-2.778,27.692,29.874,6.617,494.179,500.796,32.932,-42.675,-41.235,-56.512,2.053,2.717,17.903,98.012,118.632,-1.436,27.687,28.749,6.289,30.336,490.346,526.97,31.245,-41.273,-41.878,-61.937,-3.317,27.495,31.195,5.731,30.102,412.556,448.39,36.819,-39.04,-39.449,-60.749,2.186,-2.952,27.495,30.843,-2.724,27.494,30.712,-1.457,27.488,28.966,2.122,19.091,70.867,92.08,-2.742,27.899,30.625,5.932,26.307,505.215,537.454,30.738,-38.778,-39.108,-64.392,-3.909,27.8,32.089,5.797,30.541,466.297,502.635,32.882,-40.088,-40.43,-61.433,2.288,-4.447,27.559,32.169,-4.282,28.07,32.245,-38.386,-52.659,-0.374,-0.503,-0.534,-0.372,-0.502,-0.512,999,999,999,999,1.607,-11.063,-17.308,-18.468,-6.844,3.404,3.403,3.404,3.404,0.716,0.688,0.667,0.722,0.133,0.338,0.222,0.177,1.948,0.565,0.06,0.06,0.082,1204.760333,9.129333333
67,1,67,0,2.999,80.822,83.821,-3.088,27.477,29.677,3.025,83.834,86.858,-2.938,27.681,30.082,3.116,85.976,89.092,-2.538,27.692,29.633,6.779,504.43,511.209,32.257,-42.847,-41.458,-56.368,2.009,2.642,17.791,93.689,114.122,-1.528,27.686,28.84,6.185,30.14,480.082,516.406,31.886,-40.712,-41.3,-62.175,-3.367,27.499,31.249,5.639,30.139,407.455,443.232,37.277,-38.7,-39.103,-60.747,2.313,-3.02,27.493,30.908,-2.766,27.497,30.757,-1.535,27.488,29.045,2.087,18.209,70.326,90.62,-2.629,27.917,30.53,5.88,25.974,497.35,529.204,31.351,-38.655,-38.981,-64.556,-3.766,27.806,31.954,5.853,29.866,467.169,502.888,32.918,-39.779,-40.121,-61.449,2.325,-4.308,27.555,32.026,-4.125,28.066,32.084,-38.267,-52.443,-0.391,-0.5,-0.528,-0.39,-0.501,-0.513,999,999,999,999,1.209,-10.773,-16.676,-19.198,-7.558,3.404,3.403,3.404,3.404,0.713,0.685,0.665,0.704,0.137,0.33,0.221,0.185,1.975,0.584,0.048,0.11,0.033,1228.022333,8.348333333
68,1,68,0,3.001,80.853,83.854,-3.325,27.475,29.912,3.07,83.944,87.014,-3.179,27.678,30.319,3.105,85.816,88.921,-2.786,27.691,29.881,6.593,491.152,497.744,33.127,-42.839,-41.498,-56.216,2.011,2.755,17.728,96.305,116.788,-1.312,27.689,28.627,6.29,30.681,485.791,522.763,31.514,-41.005,-41.602,-61.885,-3.197,27.496,31.076,5.736,30.533,406.577,442.847,37.282,-38.867,-39.289,-60.516,2.313,-2.859,27.485,30.74,-2.643,27.476,30.613,-1.345,27.493,28.86,2.123,19.413,70.396,91.932,-2.761,27.9,30.644,5.955,26.819,500.789,533.563,30.968,-38.704,-39.031,-64.462,-3.88,27.801,32.063,5.764,30.724,468.67,505.158,32.728,-40.265,-40.604,-61.524,2.234,-4.427,27.56,32.15,-4.262,28.072,32.227,-38.343,-52.573,-0.383,-0.502,-0.52,-0.383,-0.497,-0.527,999,999,999,999,1.283,-10.916,-17.012,-18.825,-7.358,3.404,3.403,3.404,3.403,0.709,0.681,0.661,0.672,0.134,0.318,0.217,0.177,1.937,0.533,0.048,0.085,-0.016,1204.517667,9.695333333
69,1,69,0,3.035,81.321,84.356,-3.253,27.476,29.841,3.035,84.56,87.595,-3.088,27.678,30.229,3.087,86.37,89.457,-2.667,27.691,29.762,6.628,498.227,504.855,32.659,-42.918,-41.512,-56.469,2.018,2.762,19.618,99.074,121.454,-1.743,27.688,29.057,6.363,31.201,486.054,523.617,31.461,-41.271,-41.872,-61.885,-3.569,27.498,31.45,5.845,31.65,417.871,455.366,36.28,-39.293,-39.712,-60.732,2.118,-3.203,27.478,31.077,-2.957,27.479,30.93,-1.767,27.487,29.275,2.135,19.16,72.945,94.241,-2.561,27.924,30.469,6.036,27.09,508.781,541.907,30.664,-38.549,-38.882,-64.369,-3.844,27.803,32.028,5.756,30.467,465.566,501.789,32.959,-40.304,-40.654,-61.591,2.245,-4.397,27.554,32.114,-4.225,28.065,32.184,-38.303,-52.652,-0.394,-0.508,-0.532,-0.399,-0.506,-0.539,999,999,999,999,2.277,-11.017,-17.397,-19.181,-7.97,3.404,3.403,3.404,3.404,0.72,0.691,0.672,0.708,0.137,0.318,0.222,0.188,1.945,0.585,0.06,0.122,0.082,1207.048,7.052666667
70,1,70,0,3.093,82.728,85.822,-2.992,27.485,29.589,3.092,86.192,89.284,-3.112,27.676,30.251,3.198,87.989,91.188,-2.784,27.688,29.876,6.76,494.747,501.508,32.857,-42.201,-40.662,-56.281,2.164,2.763,18.484,98.197,119.444,-1.708,27.687,29.021,6.252,30.31,480.431,516.992,31.855,-40.921,-41.524,-61.929,-3.541,27.496,31.42,5.75,30.883,417.58,454.213,36.354,-39.081,-39.494,-60.605,2.143,-3.186,27.487,31.068,-2.923,27.491,30.908,-1.71,27.489,29.22,2.104,18.73,71.511,92.344,-2.631,27.914,30.528,5.879,26.627,500.173,532.68,31.12,-38.487,-38.814,-64.225,-3.783,27.808,31.973,5.781,30.23,470.905,506.916,32.671,-40.323,-40.664,-61.447,2.194,-4.293,27.594,32.051,-4.13,28.065,32.088,-38.307,-52.71,-0.519,-0.494,-0.537,-0.499,-0.504,-0.523,999,999,999,999,1.43,-10.896,-18.057,-18.854,-8.171,3.404,3.404,3.404,3.403,0.716,0.688,0.668,0.742,0.137,0.352,0.23,0.182,2.009,0.577,0.06,0.134,0.045,1231.426333,16.24566667
71,1,71,0,3.044,83.281,86.325,-3.389,27.474,29.976,3.046,86.218,89.265,-3.207,27.676,30.346,3.139,88.181,91.32,-2.735,27.689,29.828,6.754,501.398,508.152,32.432,-42.328,-40.832,-56.306,2.14,2.746,18.7,94.973,116.419,-1.552,27.694,28.871,6.255,30.845,485.215,522.315,31.578,-40.957,-41.545,-62.109,-3.333,27.498,31.214,5.751,30.74,414.541,451.032,36.625,-39.082,-39.478,-60.785,2.105,-2.959,27.494,30.849,-2.724,27.497,30.715,-1.558,27.491,29.071,2.094,18.809,69.815,90.718,-2.629,27.925,30.537,5.908,26.673,502.007,534.588,31.093,-38.364,-38.689,-64.481,-3.855,27.802,32.039,5.772,30.183,468.978,504.934,32.754,-40.171,-40.504,-61.595,2.242,-4.401,27.555,32.118,-4.233,28.07,32.196,-38.244,-52.547,-0.394,-0.504,-0.526,-0.397,-0.508,-0.521,999,999,999,999,1.586,-11.056,-17.373,-19.657,-7.995,3.404,3.403,3.404,3.405,0.714,0.685,0.665,0.672,0.137,0.299,0.223,0.188,1.877,0.57,0.036,0.122,0.07,1203.536667,8.153333333
72,1,72,0,2.931,79.182,82.114,-3.496,27.472,30.08,3.019,82.035,85.054,-3.291,27.677,30.431,2.983,83.998,86.981,-2.816,27.691,29.91,6.586,499.883,506.47,32.551,-42.733,-41.318,-56.498,2.06,2.754,18.277,98.517,119.548,-1.393,27.693,28.711,6.337,30.78,491.656,528.774,31.183,-41.114,-41.717,-62.042,-3.258,27.497,31.138,5.692,30.773,409.205,445.671,37.058,-38.888,-39.315,-60.622,2.322,-2.931,27.481,30.807,-2.715,27.481,30.689,-1.43,27.495,28.946,2.083,18.584,68.965,89.632,-2.598,27.924,30.505,5.901,26.381,502.899,535.18,31.049,-38.624,-38.951,-64.39,-3.813,27.801,31.996,5.745,30.321,465.417,501.483,32.969,-39.843,-40.178,-61.627,2.319,-4.335,27.575,32.072,-4.182,28.067,32.143,-38.262,-52.676,-0.401,-0.51,-0.544,-0.385,-0.502,-0.526,999,999,999,999,1.476,-10.851,-17.29,-18.275,-7.078,3.404,3.403,3.405,3.403,0.717,0.689,0.669,0.731,0.126,0.303,0.223,0.185,1.884,0.571,0.085,0.11,0.07,1205.797333,8.014
73,1,73,0,2.95,80.014,82.964,-3.17,27.478,29.76,3.005,83.169,86.173,-3.028,27.684,30.175,3.107,85.117,88.225,-2.638,27.692,29.734,6.691,501.948,508.64,32.421,-42.643,-41.353,-55.926,2.04,2.745,18.593,95.534,116.872,-1.685,27.691,29.001,6.217,30.489,483.993,520.698,31.657,-41.057,-41.654,-62.043,-3.499,27.498,31.381,5.775,30.902,418.563,455.24,36.29,-39.184,-39.589,-60.789,2.078,-3.114,27.49,30.999,-2.863,27.498,30.855,-1.69,27.49,29.202,2.05,18.488,70.436,90.974,-2.549,27.923,30.456,5.887,26.558,501.372,533.818,31.122,-38.348,-38.678,-64.229,-3.66,27.812,31.854,5.743,30.309,468.483,504.535,32.851,-39.944,-40.287,-61.5,2.282,-4.162,27.617,31.942,-4.02,28.062,31.974,-38.357,-52.723,-0.392,-0.507,-0.538,-0.381,-0.518,-0.532,999,999,999,999,1.982,-10.807,-18.101,-18.913,-8.039,3.404,3.403,3.404,3.404,0.707,0.679,0.659,0.703,0.144,0.32,0.218,0.189,1.971,0.575,0.073,0.147,0.082,1220.380667,8.364
74,1,74,0,2.975,80.203,83.178,-3.404,27.471,29.987,2.978,83.187,86.165,-3.288,27.673,30.424,3.1,85.087,88.188,-2.887,27.69,29.981,6.526,489.639,496.165,33.224,-42.32,-40.848,-56.274,2.13,2.702,18.748,96.949,118.399,-1.53,27.695,28.85,6.313,30.976,485.175,522.464,31.578,-40.957,-41.555,-62.09,-3.492,27.493,31.368,5.709,30.421,405.684,441.814,37.348,-38.467,-38.897,-60.472,2.532,-3.181,27.455,31.03,-2.949,27.455,30.898,-1.555,27.492,29.068,2.202,19.689,70.304,92.195,-2.777,27.904,30.665,5.884,26.847,498.145,530.876,31.16,-38.808,-39.14,-64.369,-3.851,27.803,32.035,5.841,31.181,469.603,506.624,32.647,-39.974,-40.312,-61.556,2.334,-4.392,27.552,32.107,-4.226,28.068,32.187,-38.217,-52.529,-0.383,-0.509,-0.52,-0.377,-0.505,-0.532,999,999,999,999,0.345,-10.627,-17.839,-17.584,-7.276,3.404,3.403,3.405,3.404,0.723,0.694,0.674,0.676,0.13,0.316,0.217,0.178,1.924,0.551,0.048,0.097,0.045,1208.402,7.395333333
75,1,75,0,2.973,80.931,83.904,-3.522,27.475,30.108,2.987,83.887,86.875,-3.268,27.673,30.404,3.075,85.823,88.898,-2.711,27.688,29.803,6.728,511.671,518.399,31.781,-42.796,-41.376,-56.586,2.033,2.743,18.393,96.43,117.566,-1.458,27.698,28.782,6.265,30.745,479.147,516.157,31.987,-40.884,-41.475,-61.892,-3.255,27.499,31.138,5.796,31.144,415.781,452.721,36.501,-39.163,-39.563,-60.743,2.072,-2.88,27.508,30.784,-2.639,27.504,30.637,-1.465,27.49,28.976,2.134,18.091,72.433,92.658,-2.718,27.902,30.604,5.901,25.934,497.228,529.063,31.252,-38.569,-38.896,-64.312,-3.755,27.809,31.946,5.808,29.899,470.206,505.913,32.743,-40.012,-40.359,-61.401,2.295,-4.267,27.599,32.029,-4.109,28.068,32.07,-38.36,-52.537,-0.404,-0.514,-0.54,-0.394,-0.514,-0.519,999,999,999,999,1.12,-11.046,-17.275,-19.754,-7.177,3.404,3.403,3.404,3.404,0.716,0.687,0.667,0.689,0.129,0.308,0.232,0.187,1.925,0.578,0.073,0.122,0.045,1225.882333,7.06
76,1,76,0,3.027,80.652,83.679,-3.297,27.478,29.887,2.968,83.667,86.635,-3.127,27.676,30.266,3.055,85.598,88.653,-2.683,27.694,29.781,6.596,494.433,501.028,32.93,-42.934,-41.594,-56.295,1.997,2.809,18.415,100.174,121.398,-1.516,27.686,28.828,6.342,30.455,490.936,527.734,31.2,-41.377,-41.978,-61.837,-3.296,27.498,31.178,5.757,30.7,416.9,453.357,36.437,-39.333,-39.745,-60.805,2.066,-2.922,27.498,30.815,-2.671,27.499,30.665,-1.532,27.494,29.048,2.155,18.349,71.9,92.404,-2.671,27.911,30.566,5.842,26.186,498.181,530.209,31.247,-38.529,-38.857,-64.295,-3.718,27.812,31.911,5.757,30.13,471.786,507.673,32.646,-40.066,-40.416,-61.443,2.258,-4.257,27.573,31.993,-4.084,28.065,32.042,-38.395,-52.717,-0.382,-0.496,-0.521,-0.368,-0.495,-0.519,999,999,999,999,0.994,-10.729,-16.554,-19.554,-7.647,3.405,3.403,3.404,3.404,0.713,0.685,0.665,0.696,0.133,0.313,0.214,0.186,1.948,0.583,0.048,0.11,0.02,1225.884667,7.42
77,1,77,0,2.93,79.006,81.937,-3.057,27.479,29.648,2.988,82.464,85.451,-2.945,27.676,30.084,3.065,84.535,87.6,-2.633,27.686,29.723,6.67,506.295,512.965,32.106,-42.277,-40.843,-56.033,2.141,2.833,17.794,100.351,120.978,-1.623,27.69,28.939,6.21,30.029,476.821,513.06,32.122,-41.047,-41.648,-61.953,-3.491,27.502,31.376,5.843,30.432,421.558,457.834,36.113,-39.236,-39.65,-60.492,2.076,-3.105,27.49,30.992,-2.842,27.501,30.838,-1.589,27.493,29.104,2.041,18.38,66.703,87.125,-2.83,27.906,30.72,5.9,25.809,499.604,531.314,31.149,-38.708,-39.029,-64.584,-3.573,27.818,31.772,5.867,30.458,475.032,511.357,32.46,-39.914,-40.242,-61.561,2.247,-4.067,27.622,31.852,-3.922,28.061,31.876,-38.528,-52.327,-0.382,-0.495,-0.529,-0.375,-0.5,-0.525,999,999,999,999,-0.604,-10.173,-18.949,-18.882,-8.993,3.404,3.403,3.404,3.404,0.71,0.682,0.662,0.697,0.127,0.319,0.221,0.172,1.901,0.572,0.06,0.085,0.008,1219.096,7.177666667
78,1,78,0,2.862,76.604,79.466,-3.239,27.477,29.828,2.933,79.718,82.65,-3.117,27.68,30.259,2.953,81.614,84.568,-2.816,27.688,29.907,6.423,492.225,498.649,33.042,-42.131,-40.835,-55.621,2.141,2.68,18.093,94.052,114.825,-1.444,27.692,28.762,6.207,30.525,485.577,522.309,31.566,-40.609,-41.208,-61.862,-3.263,27.497,31.144,5.663,30.93,410.429,447.023,36.947,-38.801,-39.214,-60.717,2.281,-2.925,27.497,30.817,-2.688,27.499,30.682,-1.463,27.493,28.977,2.082,18.529,68.253,88.863,-2.81,27.911,30.704,5.902,25.873,495.286,527.061,31.43,-38.728,-39.051,-64.579,-3.742,27.811,31.934,5.821,30.499,473.111,509.431,32.524,-39.716,-40.05,-61.586,2.315,-4.271,27.572,32.006,-4.1,28.062,32.055,-38.339,-52.308,-0.375,-0.49,-0.507,-0.376,-0.487,-0.525,999,999,999,999,-0.044,-10.47,-16.923,-18.61,-8.045,3.404,3.403,3.404,3.404,0.71,0.681,0.661,0.701,0.126,0.303,0.23,0.171,1.882,0.575,0.036,0.11,0.02,1222.194333,7.352666667
79,1,79,0,2.988,83.099,86.087,-3.317,27.472,29.901,3.055,86.318,89.373,-3.204,27.673,30.34,3.137,88.361,91.498,-2.844,27.69,29.937,6.633,500.851,507.484,32.483,-42.083,-40.579,-56.121,2.199,2.766,18.137,96.783,117.686,-1.585,27.689,28.899,6.192,30.509,479.361,516.062,31.93,-40.893,-41.488,-61.95,-3.382,27.501,31.266,5.773,30.948,420.982,457.703,36.118,-39.32,-39.721,-60.785,1.996,-2.985,27.505,30.885,-2.729,27.511,30.735,-1.574,27.486,29.082,2.118,18.5,69.126,89.744,-2.817,27.916,30.716,5.865,25.92,496.386,528.171,31.403,-38.68,-39.009,-64.271,-3.677,27.812,31.87,5.805,30.664,474.481,510.95,32.438,-39.968,-40.306,-61.475,2.273,-4.161,27.62,31.943,-4.018,28.061,31.972,-38.405,-52.371,-0.379,-0.492,-0.523,-0.374,-0.493,-0.526,999,999,999,999,-0.019,-10.51,-17.594,-19.674,-8.976,3.404,3.403,3.404,3.404,0.714,0.686,0.666,0.687,0.131,0.3,0.228,0.174,1.881,0.577,0.048,0.134,0.057,1212.163667,7.373
80,1,80,0,2.945,80.007,82.952,-3.139,27.477,29.728,3.061,83.421,86.482,-3.025,27.681,30.17,3.109,85.38,88.488,-2.722,27.691,29.817,6.624,489.653,496.277,33.223,-42.603,-41.282,-55.971,2.051,2.754,18.039,96.415,117.208,-1.584,27.693,28.902,6.244,30.153,480.97,517.367,31.873,-41.159,-41.751,-62.169,-3.438,27.5,31.321,5.817,30.042,415.155,451.014,36.644,-39.008,-39.408,-60.791,2.153,-3.068,27.486,30.949,-2.821,27.492,30.807,-1.578,27.49,29.089,2.062,18.148,65.713,85.923,-2.648,27.923,30.554,5.77,25.859,489.518,521.146,31.878,-38.414,-38.731,-64.573,-3.635,27.811,31.828,5.781,30.103,471.051,506.935,32.69,-39.803,-40.126,-61.838,2.268,-4.133,27.62,31.916,-3.99,28.061,31.944,-38.14,-52.28,-0.382,-0.487,-0.512,-0.371,-0.497,-0.499,999,999,999,999,0.273,-10.616,-18.046,-18.849,-7.835,3.404,3.403,3.405,3.404,0.711,0.682,0.662,0.684,0.131,0.311,0.224,0.182,1.944,0.574,0.036,0.159,0.033,1216.483667,7.110333333
81,1,81,0,2.934,78.458,81.392,-3.252,27.479,29.842,2.966,81.637,84.603,-3.084,27.677,30.224,2.995,83.562,86.557,-2.664,27.695,29.762,6.545,493.134,499.679,33.023,-42.969,-41.674,-56.262,1.971,2.634,17.74,95.758,116.133,-1.456,27.688,28.77,6.314,30.076,494.485,530.875,31.029,-41.228,-41.829,-62.178,-3.201,27.502,31.086,5.768,30.027,418.791,454.587,36.371,-39.277,-39.669,-60.892,1.989,-2.806,27.517,30.718,-2.577,27.516,30.587,-1.465,27.491,28.977,2.137,18.339,70.723,91.198,-2.588,27.915,30.486,5.877,26.371,496.875,529.123,31.334,-38.278,-38.607,-64.238,-3.633,27.817,31.831,5.809,30.286,471.712,507.808,32.677,-40.029,-40.374,-61.625,2.256,-4.143,27.621,31.927,-3.996,28.063,31.952,-38.327,-52.613,-0.376,-0.496,-0.526,-0.394,-0.498,-0.522,999,999,999,999,1.815,-11.129,-16.792,-19.118,-6.923,3.404,3.403,3.405,3.404,0.71,0.681,0.661,0.69,0.13,0.308,0.216,0.18,1.95,0.58,0.023,0.159,0.045,1229.550333,6.714
82,1,82,0,2.892,76.042,78.934,-3.299,27.479,29.89,2.892,79.033,81.925,-3.068,27.679,30.21,2.992,81.052,84.044,-2.561,27.69,29.654,6.598,501.062,507.66,32.467,-43.267,-42.169,-56.063,1.887,2.817,17.489,96.697,117.003,-1.404,27.69,28.72,6.231,29.946,487.338,523.516,31.482,-41.16,-41.76,-61.91,-3.186,27.504,31.073,5.703,30.227,415.491,451.421,36.64,-39.207,-39.607,-60.865,2.059,-2.795,27.518,30.708,-2.54,27.526,30.559,-1.411,27.493,28.925,2.096,18.366,65.009,85.471,-2.569,27.905,30.457,5.748,26.391,493.482,525.62,31.476,-38.16,-38.479,-64.387,-3.54,27.82,31.742,5.742,30.432,470.408,506.581,32.779,-39.821,-40.146,-61.917,2.231,-4.08,27.578,31.821,-3.903,28.069,31.864,-38.252,-52.452,-0.382,-0.505,-0.534,-0.379,-0.496,-0.531,999,999,999,999,1.373,-10.907,-16.965,-19.501,-7.154,3.404,3.403,3.404,3.404,0.71,0.682,0.662,0.663,0.134,0.308,0.232,0.183,1.966,0.588,0.036,0.134,0.082,1233.393333,6.651
83,1,83,0,2.95,79.946,82.896,-3.247,27.478,29.837,3.048,83.27,86.318,-3.051,27.675,30.19,3.1,85.236,88.336,-2.546,27.686,29.636,6.775,508.459,515.234,31.963,-42.875,-41.493,-56.545,1.994,2.733,17.532,99.075,119.339,-1.665,27.687,28.977,6.284,29.912,485.539,521.735,31.566,-40.947,-41.555,-62.036,-3.637,27.496,31.517,5.68,29.522,408.181,443.383,37.242,-38.535,-38.965,-60.574,2.485,-3.304,27.465,31.165,-3.063,27.468,31.026,-1.683,27.486,29.191,2.089,19.049,68.529,89.667,-2.656,27.909,30.548,5.949,26.918,495.958,528.824,31.316,-38.48,-38.806,-64.387,-3.776,27.808,31.965,5.842,30.699,470.795,507.337,32.639,-40.134,-40.471,-61.654,2.236,-4.335,27.554,32.051,-4.132,28.084,32.11,-38.179,-52.426,-0.389,-0.493,-0.511,-0.39,-0.497,-0.523,999,999,999,999,1.246,-10.606,-17.7,-17.815,-7.356,3.404,3.403,3.404,3.404,0.714,0.686,0.666,0.869,0.137,0.312,0.22,0.18,1.955,0.583,0.048,0.134,0.07,1220.695333,7.601666667
84,1,84,0,2.959,81.017,83.975,-3.301,27.478,29.89,2.997,84.122,87.119,-3.095,27.678,30.236,3.061,86.118,89.179,-2.619,27.69,29.713,6.706,506.582,513.289,32.115,-43.293,-42.054,-56.393,1.898,2.669,18.392,94.573,115.634,-1.398,27.694,28.717,6.33,31.053,488.961,526.343,31.336,-41.12,-41.716,-62.001,-3.285,27.498,31.166,5.785,30.796,415.171,451.752,36.567,-39.078,-39.479,-60.821,2.141,-2.911,27.494,30.801,-2.689,27.493,30.677,-1.398,27.491,28.91,2.127,19.164,69.079,90.369,-2.88,27.891,30.755,5.9,26.438,503.871,536.209,30.757,-38.847,-39.176,-64.484,-3.757,27.809,31.947,5.841,31.045,478.329,515.215,32.146,-40.286,-40.619,-61.676,2.215,-4.305,27.554,32.022,-4.129,28.064,32.087,-38.484,-52.378,-0.385,-0.5,-0.521,-0.377,-0.5,-0.529,999,999,999,999,0.015,-11.049,-17.994,-18.467,-7.28,3.404,3.403,3.404,3.404,0.71,0.681,0.662,0.801,0.131,0.294,0.228,0.181,1.903,0.59,0.085,0.159,0.094,1204.258,7.498333333
85,1,85,0,2.943,81.551,84.494,-3.314,27.474,29.9,3.038,84.732,87.77,-3.148,27.675,30.286,3.017,86.73,89.747,-2.757,27.686,29.847,6.605,504.233,510.838,32.24,-42.48,-41.008,-56.398,2.108,2.74,18.55,101.226,122.516,-1.48,27.686,28.792,6.292,30.913,491.13,528.335,31.164,-41.212,-41.826,-61.859,-3.424,27.499,31.306,5.704,30.869,412.552,449.125,36.788,-38.957,-39.393,-60.661,2.315,-3.079,27.473,30.947,-2.849,27.472,30.815,-1.49,27.49,29.001,2.079,18.327,69.774,90.181,-2.73,27.912,30.625,5.968,26.009,500.673,532.65,31.111,-38.932,-39.265,-64.468,-3.648,27.813,31.842,5.864,30.369,474.528,510.761,32.457,-40.034,-40.374,-61.36,2.246,-4.144,27.621,31.929,-3.993,28.061,31.947,-38.236,-52.113,-0.384,-0.503,-0.517,-0.386,-0.505,-0.528,999,999,999,999,-0.566,-10.112,-16.907,-18.715,-8.582,3.404,3.403,3.404,3.404,0.715,0.687,0.667,0.801,0.123,0.296,0.228,0.166,1.875,0.569,0.06,0.208,0.094,1212.973667,6.984333333
