Header Section,,,,,,,,,,,,,,,,,,,,,,,,,,,,,,,,,,,,,,,,,,,,,,,,,,,,,,,,,,,,,,,,,,,,,,,,,,,,,,,,,,,,,,,,,,,,,,,,,,,,,,,,,,,,,,,,,,,,,,,,,,,,,,,,,,,,,,,,,,,,,,,,,,,,,,,,,,,,,,,,,,,,,
Product,VC7643-12,,,,,,,,,,,,,,,,,,,,,,,,,,,,,,,,,,,,,,,,,,,,,,,,,,,,,,,,,,,,,,,,,,,,,,,,,,,,,,,,,,,,,,,,,,,,,,,,,,,,,,,,,,,,,,,,,,,,,,,,,,,,,,,,,,,,,,,,,,,,,,,,,,,,,,,,,,,,,,,,,,,,
Test Plan,Rev(D),,,,,,,,,,,,,,,,,,,,,,,,,,,,,,,,,,,,,,,,,,,,,,,,,,,,,,,,,,,,,,,,,,,,,,,,,,,,,,,,,,,,,,,,,,,,,,,,,,,,,,,,,,,,,,,,,,,,,,,,,,,,,,,,,,,,,,,,,,,,,,,,,,,,,,,,,,,,,,,,,,,,
Release Date,2019/7/31,,,,,,,,,,,,,,,,,,,,,,,,,,,,,,,,,,,,,,,,,,,,,,,,,,,,,,,,,,,,,,,,,,,,,,,,,,,,,,,,,,,,,,,,,,,,,,,,,,,,,,,,,,,,,,,,,,,,,,,,,,,,,,,,,,,,,,,,,,,,,,,,,,,,,,,,,,,,,,,,,,,,
Comment,#41-65/VC7643-12YA8E1.36.1,,,,,,,,,,,,,,,,,,,,,,,,,,,,,,,,,,,,,,,,,,,,,,,,,,,,,,,,,,,,,,,,,,,,,,,,,,,,,,,,,,,,,,,,,,,,,,,,,,,,,,,,,,,,,,,,,,,,,,,,,,,,,,,,,,,,,,,,,,,,,,,,,,,,,,,,,,,,,,,,,,,,
,,,,,,,,,,,,,,,,,,,,,,,,,,,,,,,,,,,,,,,,,,,,,,,,,,,,,,,,,,,,,,,,,,,,,,,,,,,,,,,,,,,,,,,,,,,,,,,,,,,,,,,,,,,,,,,,,,,,,,,,,,,,,,,,,,,,,,,,,,,,,,,,,,,,,,,,,,,,,,,,,,,,,
Data Section,,,,,,,,,,,,,,,,,,,,,,,,,,,,,,,,,,,,,,,,,,,,,,,,,,,,,,,,,,,,,,,,,,,,,,,,,,,,,,,,,,,,,,,,,,,,,,,,,,,,,,,,,,,,,,,,,,,,,,,,,,,,,,,,,,,,,,,,,,,,,,,,,,,,,,,,,,,,,,,,,,,,,
Device#,1,2,3,4,5,6,7,8,9,10,11,12,13,14,15,16,17,18,19,20,21,22,23,24,25,26,27,28,29,30,31,32,33,34,35,36,37,38,39,40,41,42,43,44,45,46,47,48,49,50,51,52,53,54,55,56,57,58,59,60,61,62,63,64,65,66,67,68,69,70,71,72,73,74,75,76,77,78,79,80,81,82,83,84,85,86,87,88,89,90,91,92,93,94,95,96,97,98,99,100,101,102,103,104,105,106,107,108,109,110,111,112,113,114,115,116,117,118,119,120,121,122,123,124,125,126,127,128,129,130,131,132,133,134,135,136,137,138,139,140,141,142,143,144,145,146,147,148,149,150,151,152,153,154,155,156,157,158,159,160,161,162,163,164,165
Test Item,Site No,Device ID,MIPI_FUNCTION,Idle_HB_Vbat,Idle_HB_Vcc2,Idle_HB_Total,Pin_B40_2655,Pout_B40_2655,Gain_B40_2655,Pin_B41_2655,Pout_B41_2655,Gain_B41_2655,Icc_Vbat_B41_2655,Icc_Vcc2_B41_2655,Icc_Total_B41_2655,PAE_Total_B41_2655,E-UTRA_ACP_L_B41_2655,UTRA_ACP1_L_B41_2655,UTRA_ACP2_L_B41_2655,EVM_B41_2655,Idle_B7_Vbat,Idle_B7_Vcc2,Idle_B7_Total,Pin_B7_2570,Pout_B7_2570,Gain_B7_2570,Pin_B38_2300,Pout_B38_2300,Gain_B38_2300,Icc_Vbat_B38_2300,Icc_Vcc2_B38_2300,Icc_Total_B38_2300,PAE_Total_B38_2300,E-UTRA_ACP_L_B38_2300,UTRA_ACP1_L_B38_2300,UTRA_ACP2_L_B38_2300,EVM_B38_2300,Idle_MB_Vbat,Idle_MB_Vcc1,Idle_MB_Vcc2-2,Idle_MB_Total,Pin_MB1_1710,Pout_MB1_1710,Gain_MB1_1710,Icc_Vbat_MB1_1710,Icc_Vcc1_MB1_1710,Icc_Vcc2-2_MB1_1710,Icc_Total_MB1_1710,PAE_Total_MB1_1710,E-UTRA_ACP_L_MB1_1710,UTRA_ACP1_L_MB1_1710,UTRA_ACP2_L_MB1_1710,EVM_MB1_1710,Pin_MB1_1980,Pout_MB1_1980,Gain_MB1_1980,Icc_Vbat_MB1_1980,Icc_Vcc1_MB1_1980,Icc_Vcc2-2_MB1_1980,Icc_Total_MB1_1980,PAE_Total_MB1_1980,E-UTRA_ACP_L_MB1_1980,UTRA_ACP1_L_MB1_1980,UTRA_ACP2_L_MB1_1980,EVM_MB1_1980,Pin_MB2_1980,Pout_MB2_1980,Gain_MB2_1980,Pin_MB3_1980,Pout_MB3_1980,Gain_MB3_1980,Pin_MB4_1710,Pout_MB4_1710,Gain_MB4_1710,Idle_LB_Vbat,Idle_LB_Vcc1,Idle_LB_Vcc2-2,Idle_LB_Total,Pin_LB1_699,Pout_LB1_699,Gain_LB1_699,Icc_Vbat_LB1_699,Icc_Vcc1_LB1_699,Icc_Vcc2-2_LB1_699,Icc_Total_LB1_699,PAE_Total_LB1_699,E-UTRA_ACP_L_LB1_699,UTRA_ACP1_L_LB1_699,UTRA_ACP2_L_LB1_699,EVM_LB1_699,Pin_LB1_915,Pout_LB1_915,Gain_LB1_915,Icc_Vbat_LB1_915,Icc_Vcc1_LB1_915,Icc_Vcc2-2_LB1_915,Icc_Total_LB1_915,PAE_Total_LB1_915,E-UTRA_ACP_L_LB1_915,UTRA_ACP1_L_LB1_915,UTRA_ACP2_L_LB1_915,EVM_LB1_915,Pin_LB2_915,Pout_LB2_915,Gain_LB2_915,Pin_LB3_915,Pout_LB3_915,Gain_LB3_915,Pin_LB4_915,Pout_LB4_915,Gain_LB4_915,Pin_LB5_915,Pout_LB5_915,Gain_LB5_915,Pin_B34/39_TDS_2025,Pout_B34/39_TDS_2025,Gain_B34/39_TDS_2025,Icc_Vbat_B34/39_TDS_2025,Icc_Vcc1_B34/39_TDS_2025,Icc_Vcc2-2_B34/39_TDS_2025,Icc_Total_B34/39_TDS_2025,PAE_Total_B34/39_TDS_2025,ACLR (-1.6MHz)_B34/39_TDS_2025,ACLR (+1.6MHz)_B34/39_TDS_2025,ACLR (-3.2MHz)_B34/39_TDS_2025,ACLR (+3.2MHz)_B34/39_TDS_2025,EVM_B34/39_TDS_2025,Gain_LB1_LPM_699_Normal,Gain_LB1_LPM_699_Verify,IL_RX1_B40_2496,IL_RX2_B41_2496,IL_RX2_B7_2496,IL_RX2_B38_2496,IL2_RX1_B40_2496,IL2_RX2_B41_2496,IL2_RX2_B7_2496,IL2_RX2_B38_2496,R_VBAT,R_VIO,R_CLK,R_DATA,2fo_LB1_699,2fo_LB1_915,2fo_MB1_1710,2fo_MB1_1980,2fo_B7_2570,Mosfet_Vbat,Mosfet_VCC1,Mosfet_VCC2,Mosfet_VCC2-2,Leakage_Vdd,Leakage_Ctrl1,Leakage_Ctrl2,Leakage_Vbat,Leakage_VCC1,Leakage_VCC2,Leakage_VCC2-2,Leakage_VCC1_5V,Leakage_VCC2_5V,Leakage_VCC2-2_5V,Leakage2_VIO,Leakage2_CLK,Leakage2_DATA,TestTimes,IndexTimes
Low Tolerance,,,0,1,10,10,0.3,0,0,0.3,0,0,1,25,25,0,1.5,1.5,1.5,0.5,1,10,10,0.3,0,0,0.3,0,0,1,25,25,0,1.5,1.5,1.5,0.5,1,5,10,10,0.3,0,0,1,5,25,25,0,1.5,1.5,1.5,0.5,0.3,0,0,1,5,25,25,0,1.5,1.5,1.5,0.5,0.3,0,0,0.3,0,0,0.3,0,0,1,5,10,10,0.3,0,0,1,5,25,25,0,1.5,1.5,1.5,0.5,0.3,0,0,1,5,25,25,0,1.5,1.5,1.5,0.5,0.3,0,0,0.3,0,0,0.3,0,0,0.3,0,0,0.3,0,0,1,5,25,25,0,1.5,1.5,1.5,1.5,0.5,1.5,1.5,0.2,0.2,0.2,0.2,0.2,0.2,0.2,0.2,0,0,0,0,1.5,1.5,1.5,1.5,1.5,0,0,0,0,0.1,0.1,0.1,0.9,0.9,0.9,0.9,0.9,0.9,0.9,0.9,0.9,0.9,0,0
High Tolerance,,,0,1,10,10,0.3,0,0,0.3,0,0,1,25,25,0,1.5,1.5,1.5,0.5,1,10,10,0.3,0,0,0.3,0,0,1,25,25,0,1.5,1.5,1.5,0.5,1,5,10,10,0.3,0,0,1,5,25,25,0,1.5,1.5,1.5,0.5,0.3,0,0,1,5,25,25,0,1.5,1.5,1.5,0.5,0.3,0,0,0.3,0,0,0.3,0,0,1,5,10,10,0.3,0,0,1,5,25,25,0,1.5,1.5,1.5,0.5,0.3,0,0,1,5,25,25,0,1.5,1.5,1.5,0.5,0.3,0,0,0.3,0,0,0.3,0,0,0.3,0,0,0.3,0,0,1,5,25,25,0,1.5,1.5,1.5,1.5,0.5,1.5,1.5,0.2,0.2,0.2,0.2,0.2,0.2,0.2,0.2,0,0,0,0,1.5,1.5,1.5,1.5,1.5,0,0,0,0,0.1,0.1,0.1,0.9,0.9,0.9,0.9,0.9,0.9,0.9,0.9,0.9,0.9,0,0
Enable,,,0,1,1,1,1,0,0,1,0,0,1,1,1,0,1,1,1,1,1,1,1,1,0,0,1,0,0,1,1,1,0,1,1,1,1,1,1,1,1,1,0,0,1,1,1,1,0,1,1,1,1,1,0,0,1,1,1,1,0,1,1,1,1,1,0,0,1,0,0,1,0,0,1,1,1,1,1,0,0,1,1,1,1,0,1,1,1,1,1,0,0,1,1,1,1,0,1,1,1,1,1,0,0,1,0,0,1,0,0,1,0,0,1,0,0,1,1,1,1,0,1,1,1,1,1,1,1,1,1,1,1,1,1,1,1,0,0,0,0,1,1,1,1,1,0,0,0,0,1,1,1,1,1,1,1,1,1,1,1,1,1,0,0
41,1,41,0,2.934,80.507,83.44,-3.08,27.477,29.875,-3.314,27.481,29.955,6.476,485.472,491.948,33.44,-42.695,-43.169,-50.906,1.638,3.006,85.007,88.013,-2.665,27.677,30.095,-2.503,27.791,29.746,6.803,515.034,521.837,31.592,-42.116,-40.708,-55.77,2.34,2.63,18.073,97.574,118.278,-0.951,27.495,28.31,6.291,31.629,497.216,535.137,30.829,-40.375,-40.96,-61.517,1.991,-2.925,27.5,31.059,5.719,31.98,418.579,456.277,36.22,-38.789,-39.128,-60.217,2.461,-2.672,27.531,30.703,-2.279,27.535,30.544,-0.998,27.493,28.668,1.991,18.421,61.192,81.605,-2.58,27.592,30.177,6.072,26.982,498.637,531.691,31.021,-37.364,-37.631,-64.021,3.068,-3.498,28.027,31.695,5.789,30.12,466.923,502.833,33.075,-40.878,-41.165,-61.948,2.022,-3.733,27.725,31.607,-3.727,27.633,31.532,-3.87,27.532,31.617,-3.484,28.237,31.608,-2.484,27.441,30.795,5.812,32.155,441.121,479.087,34.025,-43.865,-42.944,-62.818,-63.618,1.208,-38.393,-51.8,-0.572,-0.613,-0.613,-0.701,-0.555,-0.573,-0.614,-0.679,999,999,999,999,0.857,-11.193,-18.111,-19.083,-9.983,3.404,3.403,3.404,3.404,0.71,0.681,0.66,0.533,0.133,0.275,0.23,0.181,1.973,0.595,0.097,0.159,0.07,1411.007,12077.794
42,1,42,0,3.032,80.43,83.462,-3.071,27.467,29.856,-3.299,27.475,29.934,6.541,487.454,493.994,33.251,-42.81,-43.101,-51.37,1.654,3.009,85.409,88.418,-2.718,27.675,30.146,-2.659,27.79,29.902,6.796,502.024,508.82,32.399,-41.681,-40.044,-56.122,2.466,2.778,18.211,99.924,120.914,-0.967,27.497,28.327,6.527,32.02,502.915,541.461,30.478,-40.831,-41.419,-61.479,1.959,-2.978,27.502,31.113,5.795,31.861,414.701,452.358,36.553,-38.846,-39.21,-60.246,2.591,-2.789,27.499,30.788,-2.434,27.494,30.657,-1.062,27.491,28.73,2.183,18.914,68.076,89.173,-2.718,27.595,30.319,6.243,26.918,504.912,538.073,30.676,-37.49,-37.79,-63.648,3.154,-3.586,28.015,31.772,6.035,30.296,473.322,509.653,32.542,-41.603,-41.926,-61.254,1.995,-3.831,27.722,31.702,-3.838,27.626,31.636,-3.975,27.524,31.714,-3.595,28.232,31.714,-2.615,27.501,30.987,5.814,31.979,435.176,472.969,34.95,-45.782,-45.04,-62.447,-63.895,1.051,-38.375,-51.483,-0.546,-0.599,-0.61,-0.699,-0.553,-0.57,-0.605,-0.673,999,999,999,999,0.667,-11.357,-17.322,-19.207,-10.242,3.404,3.403,3.404,3.404,0.717,0.688,0.668,0.551,0.131,0.277,0.221,0.184,1.977,0.599,0.036,0.085,0.045,1419.965333,16309.522
43,1,43,0,2.943,78.648,81.591,-3.121,27.472,29.912,-3.364,27.481,30.006,6.452,482.859,489.311,33.617,-42.656,-43.026,-51.075,1.679,2.967,83.462,86.43,-2.764,27.681,30.198,-2.692,27.793,29.938,6.658,499.282,505.939,32.607,-41.992,-40.501,-55.959,2.366,2.759,18.3,97.349,118.407,-0.869,27.497,28.23,6.528,32.1,512.412,551.041,29.951,-40.785,-41.371,-61.535,1.9,-2.865,27.503,31.002,5.787,32.135,416.235,454.158,36.415,-38.962,-39.315,-60.345,2.504,-2.678,27.517,30.696,-2.348,27.497,30.575,-1.002,27.495,28.674,2.133,18.216,65.288,85.637,-2.621,27.594,30.22,6.217,26.49,503.768,536.475,30.758,-37.087,-37.373,-63.583,3.233,-3.589,28.019,31.778,5.947,29.387,467.029,502.364,33.044,-41.146,-41.453,-61.683,2.019,-3.849,27.723,31.722,-3.871,27.628,31.67,-4.04,27.521,31.777,-3.639,28.227,31.753,-2.568,27.482,30.92,5.795,32.124,434.668,472.587,34.822,-45.379,-44.475,-62.464,-63.877,1.074,-38.63,-52.025,-0.548,-0.601,-0.604,-0.687,-0.559,-0.578,-0.619,-0.675,999,999,999,999,1.773,-11.641,-16.452,-19.459,-9.765,3.404,3.403,3.404,3.404,0.709,0.68,0.66,0.56,0.131,0.28,0.237,0.181,1.98,0.596,0.06,0.159,0.07,1408.854667,14281.73433
44,1,44,0,2.934,81.967,84.901,-3.069,27.474,29.862,-3.315,27.481,29.956,6.366,471.705,478.071,34.408,-42.001,-42.147,-51.247,1.897,2.997,86.466,89.463,-2.679,27.678,30.109,-2.416,27.792,29.661,6.81,516.279,523.088,31.528,-42.254,-40.742,-56.244,2.329,2.816,17.571,99.473,119.861,-0.979,27.499,28.341,6.531,31.341,506.927,544.799,30.305,-41.014,-41.601,-61.521,1.906,-2.885,27.5,31.019,5.774,30.743,418.797,455.314,36.296,-38.9,-39.252,-60.286,2.522,-2.684,27.504,30.688,-2.318,27.503,30.552,-1.063,27.492,28.733,2.131,19.167,68.483,89.782,-2.418,27.575,29.999,6.04,26.848,510.242,543.129,30.25,-38.312,-38.585,-64.135,2.772,-3.561,27.976,31.707,5.823,30.656,467.864,504.342,32.591,-40.952,-41.271,-61.751,2.039,-3.787,27.732,31.669,-3.8,27.633,31.604,-3.957,27.53,31.702,-3.613,28.203,31.703,-2.476,27.478,30.825,5.939,31.148,439.542,476.629,34.498,-45.03,-44.327,-62.343,-64.103,1.101,-37.938,-52.021,-0.578,-0.628,-0.633,-0.711,-0.573,-0.603,-0.634,-0.701,999,999,999,999,0.526,-11.515,-17.194,-18.064,-9.064,3.404,3.403,3.404,3.404,0.708,0.68,0.66,0.554,0.132,0.28,0.229,0.177,1.994,0.591,0.11,0.196,0.082,1400.979667,14732.268
45,1,45,0,2.961,81.69,84.651,-2.953,27.473,29.744,-3.169,27.48,29.81,6.356,471.987,478.343,34.385,-42.131,-42.476,-50.808,1.813,3.046,86.28,89.326,-2.559,27.683,29.995,-2.404,27.785,29.641,6.723,505.136,511.859,32.163,-42.343,-40.894,-55.923,2.312,2.717,17.006,96.275,115.999,-0.759,27.507,28.129,6.477,31.575,493.573,531.625,31.113,-40.539,-41.12,-61.478,2.07,-2.74,27.5,30.873,5.858,31.196,414.075,451.129,36.633,-38.642,-38.985,-60.136,2.597,-2.53,27.515,30.546,-2.158,27.521,30.409,-0.844,27.499,28.52,2.074,17.753,68.463,88.29,-2.495,27.575,30.076,5.954,25.859,503.73,535.542,30.68,-38.382,-38.652,-64.119,2.741,-3.705,27.961,31.836,5.677,29.552,462.809,498.038,32.888,-40.462,-40.786,-61.382,2.153,-3.918,27.723,31.791,-3.927,27.628,31.726,-4.087,27.523,31.825,-3.755,28.2,31.842,-2.36,27.453,30.684,5.875,31.516,437.943,475.334,34.391,-44.201,-43.461,-62.284,-63.848,1.168,-37.991,-52.146,-0.567,-0.611,-0.617,-0.693,-0.569,-0.59,-0.622,-0.689,999,999,999,999,0.632,-11.045,-19.045,-17.927,-9.954,3.404,3.403,3.405,3.404,0.706,0.678,0.658,0.566,0.145,0.294,0.237,0.199,2.083,0.596,0.06,0.134,0.094,1402.360333,12247.90233
46,1,46,0,2.793,73.409,76.202,-2.87,27.477,29.665,-3.129,27.483,29.772,6.336,483.376,489.712,33.605,-42.661,-43.338,-50.683,1.579,2.805,78.034,80.839,-2.525,27.665,29.944,-2.424,27.792,29.668,6.648,504.067,510.715,32.287,-41.955,-40.672,-55.383,2.335,2.644,18.176,91.587,112.408,-0.877,27.498,28.239,6.37,31.935,501.854,540.158,30.558,-40.32,-40.897,-61.604,1.947,-2.817,27.486,30.936,5.7,32.309,417.947,455.956,36.127,-38.934,-39.259,-60.396,2.365,-2.584,27.528,30.612,-2.229,27.528,30.487,-0.993,27.491,28.661,2.133,17.986,67.453,87.571,-2.662,27.596,30.264,6.199,26.237,504.406,536.842,30.755,-37.718,-38.005,-63.852,3.017,-3.612,28.015,31.798,5.981,29.334,468.845,504.159,32.895,-41.426,-41.75,-61.332,1.993,-3.853,27.727,31.729,-3.861,27.627,31.661,-4.011,27.523,31.749,-3.63,28.233,31.748,-2.46,27.434,30.766,5.852,32.536,439.904,478.292,34.034,-43.747,-42.843,-63.127,-63.875,1.223,-38.496,-51.841,-0.56,-0.626,-0.607,-0.691,-0.545,-0.587,-0.613,-0.677,999,999,999,999,0.68,-10.943,-17.145,-19.761,-9.506,3.404,3.403,3.404,3.404,0.707,0.678,0.657,0.564,0.132,0.271,0.234,0.178,1.98,0.602,0.085,0.11,0.07,1399.633333,13059.82533
47,1,47,0,2.946,80.083,83.03,-2.891,27.469,29.679,-3.138,27.479,29.779,6.295,472.129,478.424,34.372,-42.165,-42.483,-50.86,1.814,2.986,84.749,87.734,-2.551,27.682,29.986,-2.446,27.788,29.685,6.709,503.409,510.118,32.297,-41.826,-40.29,-55.673,2.446,2.671,17.521,92.978,113.17,-0.974,27.503,28.34,6.401,31.467,497.77,535.638,30.853,-40.514,-41.091,-61.596,2.018,-2.954,27.501,31.088,5.742,30.658,411.183,447.583,36.932,-38.367,-38.714,-60.318,2.74,-2.78,27.493,30.773,-2.411,27.497,30.637,-1.071,27.498,28.745,2.143,18.513,73.213,93.869,-2.682,27.591,30.278,5.937,26.13,495.534,527.601,31.254,-38.586,-38.861,-64.256,2.687,-3.853,27.955,31.979,5.722,29.566,463.972,499.261,32.767,-40.96,-41.293,-61.427,2.097,-4.057,27.716,31.923,-4.062,27.618,31.852,-4.208,27.52,31.943,-3.875,28.201,31.962,-2.561,27.488,30.919,5.827,31.006,433.862,470.695,35.014,-44.602,-43.555,-62.205,-63.582,1.124,-37.924,-51.625,-0.571,-0.622,-0.626,-0.702,-0.579,-0.597,-0.612,-0.679,999,999,999,999,-0.316,-10.84,-18.38,-17.006,-11.165,3.404,3.403,3.404,3.404,0.708,0.679,0.658,0.554,0.131,0.288,0.224,0.183,2.079,0.595,0.06,0.159,0.107,1404.313667,13416.82133
48,1,48,0,2.927,79.931,82.858,-3.023,27.476,29.818,-3.282,27.487,29.93,6.423,478.342,484.765,33.982,-42.479,-42.918,-50.822,1.696,2.968,84.654,87.622,-2.667,27.678,30.098,-2.543,27.794,29.789,6.668,501.566,508.233,32.464,-42.148,-40.744,-55.829,2.322,2.683,17.706,93.928,114.317,-0.998,27.5,28.362,6.305,31.568,499.147,537.021,30.757,-40.515,-41.093,-61.592,1.942,-2.935,27.494,31.063,5.692,31.773,420.695,458.161,36.024,-39.018,-39.349,-60.324,2.333,-2.711,27.531,30.743,-2.338,27.527,30.596,-1.093,27.495,28.765,2.111,18.364,65.228,85.703,-2.647,27.593,30.246,6.258,26.557,505.352,538.167,30.654,-37.45,-37.733,-63.863,3.1,-3.597,27.997,31.765,5.971,29.56,467.379,502.91,32.843,-41.35,-41.659,-61.552,1.991,-3.846,27.728,31.724,-3.865,27.626,31.662,-4.028,27.521,31.764,-3.632,28.225,31.744,-2.555,27.437,30.863,5.857,32.042,444.012,481.911,33.797,-43.723,-43.016,-62.982,-64.014,1.222,-38.654,-52.124,-0.551,-0.605,-0.616,-0.701,-0.545,-0.59,-0.618,-0.686,999,999,999,999,1.172,-11.299,-18.066,-19.376,-9.823,3.403,3.403,3.404,3.404,0.71,0.681,0.661,0.543,0.131,0.276,0.223,0.182,1.978,0.603,0.036,0.06,0.057,1413.108333,12001.87567
49,1,49,0,2.806,75.489,78.295,-3.178,27.467,29.963,-3.42,27.484,30.064,6.193,469.83,476.023,34.583,-42.239,-42.892,-50.418,1.69,2.858,80,82.858,-2.742,27.675,30.17,-2.512,27.791,29.756,6.707,511.04,517.747,31.847,-42.667,-41.569,-55.538,2.189,2.664,18.128,93.034,113.826,-0.91,27.499,28.271,6.441,31.975,502.826,541.242,30.503,-40.424,-41.007,-61.502,1.984,-2.927,27.505,31.065,5.697,31.95,411.284,448.931,36.856,-38.671,-39.015,-60.308,2.588,-2.739,27.515,30.754,-2.384,27.513,30.627,-1.045,27.495,28.716,2.146,17.526,68.631,88.302,-2.663,27.596,30.264,6.134,26.03,504.571,536.735,30.759,-37.635,-37.919,-63.75,3.026,-3.672,27.955,31.798,5.887,29.01,467.573,502.47,32.556,-41.541,-41.877,-61.222,1.945,-3.893,27.725,31.768,-3.916,27.629,31.717,-4.084,27.523,31.822,-3.676,28.226,31.788,-2.597,27.481,30.949,5.795,32.025,431.616,469.437,35.054,-44.84,-43.685,-62.514,-63.501,1.116,-38.545,-51.878,-0.562,-0.608,-0.613,-0.691,-0.567,-0.586,-0.609,-0.682,999,999,999,999,1.22,-11.199,-17.1,-19.177,-8.751,3.404,3.403,3.404,3.404,0.711,0.681,0.66,0.563,0.13,0.278,0.233,0.176,1.998,0.592,0.073,0.11,0.082,1393.225,16237.242
50,1,50,0,2.871,76.075,78.947,-2.697,27.506,29.521,-2.97,27.483,29.613,6.515,495.201,501.716,32.799,-42.859,-43.797,-50.364,1.458,2.936,81.31,84.246,-2.428,27.66,29.84,-2.382,27.792,29.626,6.641,504.496,511.137,32.263,-41.76,-40.458,-55.186,2.369,2.7,18.327,90.547,111.573,-0.866,27.497,28.227,6.539,32.963,501.465,540.966,30.508,-40.461,-41.043,-61.588,1.988,-3.018,27.497,31.148,5.767,32.186,409.42,447.374,36.915,-38.543,-38.891,-60.265,2.668,-2.822,27.498,30.82,-2.474,27.495,30.699,-0.936,27.498,28.61,2.159,17.919,67.924,88.003,-2.802,27.595,30.401,6.215,25.965,508.917,541.097,30.5,-38.027,-38.32,-63.935,2.942,-3.378,28.026,31.574,6.113,30.093,479.607,515.813,32.232,-41.549,-41.877,-61.359,1.966,-3.633,27.731,31.514,-3.617,27.639,31.428,-3.723,27.532,31.47,-3.381,28.242,31.509,-2.681,27.507,31.059,5.813,32.262,429.305,467.381,35.419,-45.344,-44.046,-62.355,-63.288,1.091,-38.449,-51.164,-0.54,-0.592,-0.613,-0.691,-0.536,-0.564,-0.616,-0.685,999,999,999,999,-0.695,-11.303,-18.468,-18.184,-10.179,3.404,3.403,3.404,3.404,0.715,0.686,0.665,0.533,0.13,0.282,0.237,0.178,2.019,0.614,0.036,0.097,0.045,1403.024333,13140.18933
51,1,51,0,2.958,79.37,82.328,-3.18,27.481,29.978,-3.434,27.469,30.064,6.398,475.84,482.238,34.021,-42.49,-42.754,-51.051,1.741,2.943,83.823,86.766,-2.816,27.681,30.25,-2.565,27.792,29.809,6.607,495.844,502.451,32.822,-42.345,-40.776,-56.331,2.335,2.706,17.327,92.662,112.695,-0.845,27.505,28.212,6.448,31.308,500.266,538.022,30.727,-40.398,-40.981,-61.551,2.059,-2.829,27.5,30.963,5.717,30.653,403.757,440.127,37.55,-38.167,-38.523,-60.264,2.878,-2.691,27.492,30.683,-2.337,27.489,30.556,-1.01,27.496,28.684,2.045,18.934,69.978,90.957,-2.681,27.584,30.27,6.059,26.941,512.893,545.892,30.16,-38.385,-38.656,-64.021,2.718,-3.985,27.965,32.12,5.725,30.242,458.705,494.672,33.143,-40.576,-40.9,-61.542,2.174,-4.209,27.712,32.071,-4.238,27.617,32.028,-4.456,27.507,32.178,-4.077,28.159,32.122,-2.512,27.499,30.881,5.758,30.885,425.24,461.884,35.772,-45.036,-43.719,-61.902,-63.154,1.105,-38.621,-52.611,-0.552,-0.612,-0.608,-0.687,-0.553,-0.588,-0.605,-0.672,999,999,999,999,1.639,-10.893,-18.288,-17.291,-8.915,3.404,3.403,3.404,3.403,0.712,0.684,0.664,0.534,0.131,0.289,0.232,0.194,2.117,0.6,0.06,0.159,0.07,1399.289333,10059.747
52,1,52,0,2.907,77.733,80.64,-3.052,27.472,29.843,-3.302,27.484,29.946,6.461,483.153,489.614,33.624,-42.508,-42.974,-50.657,1.69,2.907,82.242,85.15,-2.705,27.686,30.143,-2.547,27.793,29.793,6.572,494.989,501.561,32.892,-42.415,-41.057,-55.82,2.267,2.726,17.444,95.558,115.729,-0.891,27.498,28.253,6.513,31.3,507.256,545.068,30.289,-40.826,-41.41,-61.526,1.929,-2.746,27.495,30.874,5.791,30.765,409.433,445.99,37.013,-38.539,-38.895,-60.362,2.715,-2.589,27.498,30.588,-2.241,27.494,30.464,-1.032,27.491,28.7,2.066,18.348,67.992,88.406,-2.761,27.582,30.349,5.997,26.429,506.711,539.137,30.526,-38.387,-38.652,-64.205,2.699,-3.908,27.967,32.046,5.662,30.024,459.096,494.781,33.156,-40.498,-40.817,-61.591,2.171,-4.128,27.72,31.998,-4.16,27.618,31.95,-4.354,27.511,32.081,-3.981,28.18,32.047,-2.413,27.498,30.781,5.811,30.966,429.53,466.307,35.424,-45.328,-44.187,-62.1,-63.533,1.071,-38.688,-52.554,-0.546,-0.595,-0.599,-0.682,-0.546,-0.581,-0.615,-0.678,999,999,999,999,1.079,-10.976,-17.628,-17.57,-8.685,3.404,3.403,3.404,3.403,0.709,0.681,0.661,0.54,0.139,0.289,0.236,0.193,2.062,0.607,0.048,0.097,0.02,1394.442333,8376.823
53,1,53,0,2.789,75.988,78.777,-2.969,27.467,29.754,-3.196,27.487,29.844,6.339,479.816,486.155,33.888,-42.597,-43.186,-50.739,1.637,2.913,80.762,83.674,-2.637,27.683,30.073,-2.609,27.795,29.856,6.494,493.128,499.622,33.026,-41.905,-40.539,-55.571,2.359,2.641,18.075,91.173,111.889,-0.839,27.498,28.2,6.423,32.246,504.279,542.948,30.402,-40.339,-40.922,-61.468,1.983,-2.883,27.502,31.019,5.663,32.221,410.85,448.734,36.846,-38.639,-38.983,-60.192,2.591,-2.678,27.529,30.707,-2.317,27.525,30.572,-0.943,27.493,28.613,2.2,18.414,66.47,87.084,-2.629,27.597,30.231,6.245,26.733,507.589,540.567,30.545,-37.697,-37.983,-63.766,3.022,-3.658,27.955,31.784,5.956,29.863,468.023,503.843,32.467,-41.451,-41.771,-61.394,1.974,-3.875,27.721,31.746,-3.889,27.625,31.685,-4.047,27.522,31.784,-3.644,28.227,31.757,-2.559,27.47,30.9,5.841,32.44,431.528,469.809,34.938,-44.804,-43.585,-62.491,-63.314,1.138,-38.416,-51.628,-0.545,-0.596,-0.601,-0.684,-0.532,-0.565,-0.6,-0.669,999,999,999,999,0.934,-11.078,-17.745,-18.784,-9.947,3.404,3.403,3.404,3.404,0.713,0.684,0.664,0.55,0.129,0.297,0.233,0.177,2.083,0.614,0.073,0.147,0.033,1409.545,7740.628
54,1,54,0,2.975,83.211,86.187,-3.029,27.476,29.824,-3.277,27.482,29.92,6.541,483.059,489.6,33.61,-42.534,-42.947,-50.956,1.686,3.098,88.341,91.438,-2.612,27.682,30.047,-2.499,27.788,29.739,6.859,510.5,517.359,31.846,-42.069,-40.514,-56.282,2.369,2.74,18.318,92.23,113.288,-0.944,27.502,28.309,6.388,32.215,492.645,531.248,31.1,-40.441,-41.015,-61.552,1.995,-2.945,27.508,31.087,5.8,32.445,418.798,457.043,36.229,-38.897,-39.231,-60.27,2.416,-2.717,27.514,30.732,-2.328,27.526,30.584,-0.979,27.494,28.651,2.164,17.824,69.581,89.57,-2.724,27.595,30.325,6.187,25.932,503.07,535.19,30.843,-37.806,-38.104,-63.931,3.045,-3.334,28.033,31.538,6.054,29.822,475.385,511.261,32.576,-41.51,-41.846,-61.223,2.01,-3.584,27.735,31.468,-3.566,27.639,31.378,-3.673,27.534,31.423,-3.334,28.241,31.461,-2.552,27.455,30.878,5.898,32.515,440.725,479.138,34.136,-44.208,-43.46,-62.911,-63.89,1.172,-38.387,-51.082,-0.554,-0.593,-0.619,-0.692,-0.544,-0.573,-0.624,-0.675,999,999,999,999,-0.366,-11.237,-18.67,-19.454,-9.197,3.404,3.403,3.404,3.404,0.714,0.686,0.665,0.555,0.134,0.27,0.239,0.185,2.011,0.612,-0.001,0.122,0.07,1405.782333,12147.141
55,1,55,0,2.818,74.578,77.396,-3.052,27.477,29.847,-3.323,27.479,29.962,6.351,471.474,477.825,34.415,-42.181,-42.636,-50.89,1.753,2.9,79.345,82.245,-2.629,27.683,30.065,-2.422,27.793,29.667,6.698,509.239,515.937,31.975,-42.507,-41.242,-55.943,2.248,2.697,17.63,91.816,112.143,-0.946,27.499,28.308,6.367,31.539,497.569,535.476,30.832,-40.382,-40.951,-61.595,1.951,-2.903,27.487,31.023,5.669,31.724,416.194,453.587,36.327,-38.935,-39.259,-60.42,2.359,-2.652,27.53,30.683,-2.309,27.513,30.551,-1.025,27.493,28.696,2.145,17.802,67.334,87.281,-2.561,27.599,30.165,6.205,26.187,503.615,536.008,30.82,-37.466,-37.756,-63.736,3.126,-3.51,27.994,31.675,5.99,29.405,470.527,505.922,32.625,-41.292,-41.614,-61.414,2.004,-3.748,27.73,31.628,-3.765,27.63,31.567,-3.917,27.524,31.657,-3.519,28.236,31.64,-2.529,27.438,30.838,5.855,31.925,438.497,476.277,34.207,-43.711,-42.958,-62.924,-63.921,1.215,-38.305,-51.55,-0.552,-0.619,-0.613,-0.691,-0.548,-0.576,-0.615,-0.684,999,999,999,999,1.18,-11.083,-17.208,-19.919,-8.729,3.404,3.403,3.405,3.404,0.714,0.685,0.665,0.521,0.137,0.279,0.236,0.177,1.998,0.615,0.085,0.147,0.045,1411.796333,7335.453333
56,1,56,0,2.922,79.938,82.86,-3.131,27.478,29.927,-3.411,27.483,30.055,6.312,475.232,481.545,34.182,-42.525,-42.992,-50.842,1.673,3.019,84.647,87.666,-2.746,27.684,30.182,-2.575,27.794,29.821,6.726,506.325,513.051,32.163,-42.084,-40.675,-55.768,2.346,2.783,17.876,96.435,117.094,-0.822,27.499,28.185,6.481,31.962,508.401,546.844,30.197,-40.738,-41.333,-61.379,1.924,-2.899,27.502,31.035,5.779,31.898,414.692,452.369,36.553,-38.853,-39.214,-60.099,2.546,-2.699,27.507,30.707,-2.358,27.496,30.585,-0.941,27.495,28.613,2.101,18.435,67.54,88.075,-2.728,27.595,30.329,6.212,26.432,504.903,537.547,30.707,-37.652,-37.938,-63.798,3.04,-3.688,27.972,31.83,5.92,29.606,469.492,505.019,32.515,-41.628,-41.954,-61.391,1.931,-3.916,27.72,31.785,-3.935,27.622,31.729,-4.096,27.518,31.83,-3.687,28.222,31.796,-2.564,27.474,30.909,5.788,31.971,435.137,472.895,34.74,-45.182,-44.184,-62.47,-63.673,1.102,-38.578,-51.816,-0.559,-0.618,-0.604,-0.69,-0.553,-0.584,-0.613,-0.675,999,999,999,999,1.088,-11.36,-17.873,-18.429,-9.903,3.404,3.403,3.404,3.404,0.716,0.687,0.666,0.562,0.132,0.281,0.236,0.178,2.059,0.598,0.036,0.122,0.082,1404.253667,7348.374333
57,1,57,0,2.906,78.424,81.33,-2.974,27.478,29.769,-3.208,27.484,29.851,6.371,480.252,486.623,33.826,-42.525,-43.218,-50.508,1.604,2.986,83.251,86.237,-2.573,27.672,29.997,-2.387,27.795,29.634,6.703,510.355,517.058,31.914,-42.146,-40.867,-55.54,2.306,2.614,17.933,87.429,107.977,-0.769,27.498,28.13,6.355,32.072,499.463,537.89,30.687,-40.099,-40.676,-61.503,1.97,-2.709,27.501,30.844,5.808,32.818,418.488,457.114,36.163,-38.803,-39.122,-60.307,2.363,-2.506,27.503,30.51,-2.128,27.507,30.364,-0.841,27.498,28.516,2.143,18.283,66.055,86.48,-2.556,27.594,30.155,6.252,26.826,507.226,540.303,30.539,-37.453,-37.738,-63.906,3.095,-3.65,27.976,31.796,5.848,29.585,466.182,501.615,32.764,-41.346,-41.661,-61.533,1.99,-3.887,27.722,31.759,-3.904,27.626,31.702,-4.081,27.516,31.813,-3.647,28.231,31.764,-2.344,27.424,30.638,5.902,33.101,441.549,480.552,33.789,-43.375,-42.354,-63.043,-63.511,1.256,-38.377,-51.629,-0.534,-0.609,-0.608,-0.692,-0.552,-0.572,-0.607,-0.671,999,999,999,999,1.621,-11.121,-18.64,-18.718,-9.724,3.404,3.403,3.404,3.403,0.72,0.691,0.67,0.57,0.136,0.283,0.234,0.186,2.089,0.634,0.036,0.134,-0.004,1417.792333,6742.407667
58,1,58,0,2.821,76.103,78.924,-2.975,27.478,29.771,-3.208,27.482,29.85,6.267,472.328,478.595,34.382,-42.215,-42.721,-50.577,1.74,2.832,80.555,83.386,-2.602,27.684,30.038,-2.375,27.797,29.623,6.53,498.005,504.535,32.72,-42.543,-41.263,-55.764,2.247,2.688,17.545,90.204,110.438,-0.929,27.504,28.297,6.428,31.376,495.999,533.804,30.966,-40.59,-41.165,-61.744,1.971,-2.813,27.505,30.952,5.777,30.815,414.057,450.649,36.716,-38.561,-38.883,-60.428,2.537,-2.601,27.53,30.632,-2.226,27.534,30.49,-1.009,27.496,28.682,2.036,18.655,66.735,87.426,-2.777,27.582,30.364,6.035,26.452,509.393,541.879,30.368,-38.311,-38.581,-64.093,2.722,-3.806,27.965,31.941,5.695,30.669,463.453,499.818,32.803,-40.396,-40.715,-61.605,2.177,-4.027,27.721,31.898,-4.048,27.626,31.846,-4.238,27.517,31.97,-3.855,28.2,31.943,-2.434,27.455,30.76,5.843,31.152,436.381,473.376,34.553,-43.64,-42.749,-62.466,-63.805,1.201,-38.757,-52.532,-0.558,-0.603,-0.621,-0.704,-0.559,-0.604,-0.624,-0.693,999,999,999,999,0.964,-11.158,-19.316,-17.585,-8.661,3.403,3.403,3.404,3.404,0.71,0.681,0.661,0.545,0.146,0.286,0.228,0.198,2.096,0.621,0.048,0.147,0.082,1407.213667,7547.912667
59,1,59,0,2.9,79.287,82.187,-3.004,27.479,29.802,-3.243,27.489,29.892,6.45,485.562,492.013,33.493,-42.835,-43.298,-51.065,1.6,2.937,84.154,87.09,-2.64,27.683,30.076,-2.523,27.791,29.765,6.763,506.94,513.703,32.095,-41.966,-40.441,-55.953,2.387,2.687,17.952,94.127,114.767,-0.754,27.496,28.114,6.527,32.52,509.237,548.284,30.095,-40.752,-41.343,-61.567,1.913,-2.901,27.501,31.035,5.795,32.268,415.382,453.444,36.456,-38.87,-39.219,-60.263,2.517,-2.672,27.523,30.696,-2.321,27.522,30.573,-0.823,27.492,28.492,2.228,19.458,70.127,91.813,-2.857,27.595,30.458,6.311,26.949,511.516,544.777,30.3,-37.952,-38.251,-63.964,2.996,-3.742,28.01,31.923,6.098,30.676,473.337,510.111,32.481,-41.689,-42.023,-61.244,2.006,-3.994,27.719,31.863,-3.998,27.621,31.791,-4.135,27.515,31.865,-3.743,28.22,31.849,-2.577,27.473,30.92,5.888,32.303,434.833,473.024,34.719,-45.199,-44.167,-62.525,-63.557,1.087,-38.495,-51.448,-0.536,-0.585,-0.605,-0.692,-0.554,-0.587,-0.617,-0.689,999,999,999,999,0.329,-11.19,-18.244,-18.329,-9.698,3.404,3.403,3.404,3.404,0.713,0.683,0.662,0.55,0.138,0.28,0.237,0.176,2.094,0.607,0.073,0.122,0.07,1408.830333,7205.820333
60,1,60,0,2.872,79.198,82.07,-3.053,27.478,29.848,-3.281,27.482,29.923,6.332,477.87,484.201,33.985,-41.842,-42.104,-50.628,1.902,2.956,84.131,87.087,-2.606,27.68,30.038,-2.439,27.79,29.681,6.602,498.869,505.471,32.612,-42.871,-41.535,-56.074,2.192,2.718,16.892,94.648,114.258,-1.123,27.498,28.484,6.397,30.902,488.153,525.452,31.414,-40.576,-41.149,-61.582,2.01,-2.943,27.505,31.082,5.784,30.355,421.244,457.383,36.178,-38.802,-39.124,-60.449,2.4,-2.701,27.523,30.725,-2.321,27.517,30.568,-1.139,27.492,28.808,2.093,18.635,70.42,91.148,-2.929,27.596,30.53,6.018,26.008,505.527,537.553,30.712,-38.372,-38.645,-64.203,2.739,-3.507,27.975,31.653,5.901,30.386,475.074,511.36,32.14,-41.179,-41.511,-61.507,2.03,-3.723,27.736,31.608,-3.716,27.635,31.523,-3.838,27.533,31.587,-3.51,28.236,31.632,-2.455,27.443,30.769,5.94,30.799,444.697,481.436,33.879,-43.192,-42.747,-62.542,-64.456,1.25,-38.822,-51.836,-0.544,-0.607,-0.627,-0.698,-0.549,-0.58,-0.634,-0.677,999,999,999,999,-0.854,-11.166,-18.822,-18.829,-8.029,3.404,3.403,3.404,3.403,0.71,0.681,0.661,0.443,0.134,0.275,0.239,0.187,2.027,0.559,0.11,0.11,0.057,1419.930333,6976.044
61,1,61,0,2.854,76.393,79.247,-2.944,27.472,29.734,-3.164,27.48,29.804,6.322,475.378,481.699,34.144,-42.255,-42.667,-50.853,1.75,2.939,81.079,84.018,-2.513,27.68,29.945,-2.419,27.794,29.665,6.653,503.469,510.122,32.341,-42.549,-41.2,-55.913,2.263,2.647,17.306,91.652,111.605,-0.657,27.506,28.026,6.364,32.122,492.981,531.467,31.112,-40.39,-40.963,-61.471,2.019,-2.498,27.484,30.616,5.725,31.924,414.141,451.79,36.447,-38.815,-39.151,-60.204,2.462,-2.283,27.533,30.317,-1.94,27.519,30.189,-0.726,27.5,28.404,2.121,19.093,69.686,90.899,-2.844,27.596,30.445,5.928,26.325,494.611,526.865,31.331,-38.527,-38.805,-64.318,2.705,-3.657,27.995,31.823,5.807,30.549,468.657,505.013,32.693,-41.141,-41.462,-61.64,2.026,-3.879,27.728,31.758,-3.878,27.627,31.677,-3.984,27.529,31.729,-3.697,28.207,31.79,-2.16,27.448,30.478,5.82,32.135,435.901,473.855,34.454,-44.007,-43.284,-62.652,-64.037,1.181,-38.152,-51.428,-0.558,-0.595,-0.61,-0.699,-0.554,-0.566,-0.606,-0.67,999,999,999,999,-1.009,-11.039,-18.176,-18.065,-8.95,3.404,3.403,3.404,3.403,0.712,0.683,0.664,0.562,0.147,0.275,0.227,0.195,2.121,0.609,0.073,0.122,0.057,1407.768333,7679.833333
62,1,62,0,2.881,78.742,81.623,-2.979,27.476,29.774,-3.217,27.488,29.865,6.393,480.118,486.511,33.864,-42.455,-43.158,-50.425,1.616,2.941,83.429,86.371,-2.6,27.686,30.039,-2.442,27.795,29.689,6.701,503.587,510.288,32.338,-42.304,-41.011,-55.725,2.264,2.688,17.797,91.074,111.559,-0.933,27.498,28.294,6.448,31.824,504.387,542.659,30.419,-40.502,-41.085,-61.534,1.933,-2.916,27.491,31.041,5.723,31.734,414.418,451.875,36.497,-38.843,-39.181,-60.264,2.467,-2.711,27.522,30.734,-2.353,27.518,30.601,-1.039,27.491,28.708,2.158,18.406,66.311,86.875,-2.595,27.593,30.194,6.217,26.979,508.61,541.806,30.448,-37.387,-37.67,-63.846,3.106,-3.736,27.954,31.861,5.897,29.485,465.306,500.688,32.664,-41.468,-41.783,-61.471,1.965,-3.954,27.724,31.828,-3.986,27.623,31.78,-4.167,27.516,31.898,-3.736,28.226,31.848,-2.585,27.465,30.921,5.773,31.974,436.132,473.88,34.595,-44.399,-43.319,-62.715,-63.685,1.16,-38.503,-52.08,-0.546,-0.604,-0.603,-0.694,-0.562,-0.584,-0.608,-0.689,999,999,999,999,1.674,-11.24,-17.925,-18.379,-9.412,3.404,3.403,3.405,3.404,0.714,0.684,0.664,0.564,0.134,0.275,0.229,0.182,2.044,0.617,0.023,0.085,0.057,1409.037,7531.042333
63,1,63,0,2.835,78.142,80.978,-3.071,27.468,29.857,-3.304,27.491,29.955,6.3,474.205,480.505,34.316,-42.342,-42.949,-50.51,1.674,2.957,82.844,85.801,-2.651,27.684,30.088,-2.484,27.794,29.729,6.656,503.507,510.163,32.337,-42.434,-41.152,-55.745,2.251,2.717,17.815,97.064,117.596,-0.744,27.499,28.107,6.55,32.148,511.463,550.162,30.011,-40.676,-41.274,-61.379,1.955,-2.863,27.498,30.995,5.798,31.949,410.786,448.532,36.833,-38.559,-38.935,-59.901,2.732,-2.693,27.498,30.691,-2.355,27.492,30.577,-0.868,27.495,28.54,2.166,17.89,71.022,91.078,-2.671,27.594,30.269,6.189,26.13,510.899,543.217,30.373,-37.796,-38.09,-63.727,3.003,-3.689,27.975,31.835,5.983,29.313,468.274,503.569,32.638,-41.587,-41.93,-61.267,1.975,-3.924,27.724,31.797,-3.944,27.624,31.74,-4.118,27.519,31.853,-3.692,28.226,31.804,-2.571,27.498,30.94,5.774,32.075,430.467,468.316,35.276,-46.097,-44.762,-62.049,-63.175,1.022,-38.557,-51.704,-0.556,-0.614,-0.609,-0.685,-0.552,-0.584,-0.609,-0.667,999,999,999,999,1.313,-11.316,-18.198,-17.469,-9.545,3.404,3.403,3.404,3.404,0.715,0.685,0.665,0.537,0.133,0.279,0.243,0.181,2.085,0.619,0.036,0.134,0.07,1396.716,7392.994
64,1,64,0,2.938,77.794,80.732,-3.093,27.477,29.889,-3.34,27.482,29.982,6.46,480.651,487.111,33.779,-42.745,-43.189,-51.12,1.639,2.956,82.758,85.714,-2.681,27.681,30.115,-2.485,27.799,29.737,6.861,514.773,521.634,31.67,-41.886,-40.443,-55.76,2.404,2.727,17.798,91.502,112.027,-0.826,27.497,28.187,6.403,31.827,500.043,538.274,30.659,-40.446,-41.034,-61.5,1.961,-2.854,27.501,30.989,5.799,32.035,416.011,453.845,36.421,-38.755,-39.095,-60.116,2.5,-2.633,27.521,30.655,-2.261,27.519,30.511,-0.906,27.5,28.583,2.098,18.122,65.926,86.145,-2.582,27.596,30.183,6.194,26.595,502.873,535.662,30.816,-37.489,-37.767,-63.913,3.066,-3.542,27.993,31.707,5.955,29.574,469.139,504.667,32.702,-41.383,-41.698,-61.512,1.965,-3.776,27.728,31.653,-3.791,27.631,31.594,-3.956,27.526,31.698,-3.539,28.232,31.657,-2.486,27.445,30.802,5.848,32.309,439.312,477.47,34.177,-44.218,-43.072,-62.734,-63.42,1.176,-38.474,-51.61,-0.565,-0.611,-0.613,-0.703,-0.552,-0.586,-0.612,-0.683,999,999,999,999,1.13,-11.135,-19.121,-18.049,-10.133,3.403,3.403,3.404,3.404,0.713,0.684,0.663,0.555,0.134,0.28,0.236,0.18,2.071,0.628,0.023,0.134,0.02,1416.226,7123.579667
65,1,65,0,2.89,78.318,81.208,-3.091,27.481,29.891,-3.335,27.485,29.98,6.403,475.734,482.136,34.151,-42.164,-42.46,-50.816,1.818,2.964,82.783,85.747,-2.694,27.679,30.127,-2.505,27.795,29.752,6.591,495.001,501.593,32.901,-42.707,-41.325,-56.175,2.224,2.775,17.559,96.21,116.544,-1.005,27.504,28.372,6.478,31.062,496.436,533.977,30.953,-40.897,-41.479,-61.62,1.951,-2.827,27.501,30.961,5.842,30.974,417.336,454.152,36.393,-38.876,-39.222,-60.439,2.504,-2.618,27.515,30.634,-2.257,27.51,30.496,-1.102,27.5,28.779,2.037,18.791,67.198,88.026,-2.782,27.598,30.386,6.097,26.753,512.584,545.434,30.282,-38.456,-38.723,-64.176,2.673,-3.889,27.98,32.04,5.748,30.456,460.585,496.788,33.12,-40.611,-40.927,-61.626,2.159,-4.124,27.715,31.989,-4.149,27.619,31.94,-4.349,27.516,32.08,-3.988,28.158,32.031,-2.413,27.469,30.752,6.004,31.369,441.52,478.893,34.262,-44.401,-43.749,-62.635,-64.315,1.136,-38.763,-52.539,-0.555,-0.6,-0.617,-0.701,-0.546,-0.576,-0.617,-0.678,999,999,999,999,0.919,-10.824,-18.467,-18.226,-7.953,3.404,3.403,3.404,3.404,0.707,0.678,0.658,0.555,0.138,0.273,0.241,0.189,2.059,0.614,0.06,0.11,0.045,1410.035,6783.459
