Header Section,,,,,,,,,,,,,,,,,,,,,,,,,,,,,,,,,,,,,,,,,,,,,,,,,,,,,,,,,,,,,,,,,,,,,,,,,,,,,,,,,,,,,,,,,,,,,,,,,,,,,,,,,,,,,,,,,,,,,,,,,,,,,,,,,,,,,,,,,,,,,,,,,,,,,,,,,,,,,,,,,,,,,
Product,VC7643-12,,,,,,,,,,,,,,,,,,,,,,,,,,,,,,,,,,,,,,,,,,,,,,,,,,,,,,,,,,,,,,,,,,,,,,,,,,,,,,,,,,,,,,,,,,,,,,,,,,,,,,,,,,,,,,,,,,,,,,,,,,,,,,,,,,,,,,,,,,,,,,,,,,,,,,,,,,,,,,,,,,,,
Test Plan,Rev(D),,,,,,,,,,,,,,,,,,,,,,,,,,,,,,,,,,,,,,,,,,,,,,,,,,,,,,,,,,,,,,,,,,,,,,,,,,,,,,,,,,,,,,,,,,,,,,,,,,,,,,,,,,,,,,,,,,,,,,,,,,,,,,,,,,,,,,,,,,,,,,,,,,,,,,,,,,,,,,,,,,,,
Release Date,2019/7/31,,,,,,,,,,,,,,,,,,,,,,,,,,,,,,,,,,,,,,,,,,,,,,,,,,,,,,,,,,,,,,,,,,,,,,,,,,,,,,,,,,,,,,,,,,,,,,,,,,,,,,,,,,,,,,,,,,,,,,,,,,,,,,,,,,,,,,,,,,,,,,,,,,,,,,,,,,,,,,,,,,,,
Comment,#51-85/A5_04   #86-110/A5E27.36.1,,,,,,,,,,,,,,,,,,,,,,,,,,,,,,,,,,,,,,,,,,,,,,,,,,,,,,,,,,,,,,,,,,,,,,,,,,,,,,,,,,,,,,,,,,,,,,,,,,,,,,,,,,,,,,,,,,,,,,,,,,,,,,,,,,,,,,,,,,,,,,,,,,,,,,,,,,,,,,,,,,,,
,,,,,,,,,,,,,,,,,,,,,,,,,,,,,,,,,,,,,,,,,,,,,,,,,,,,,,,,,,,,,,,,,,,,,,,,,,,,,,,,,,,,,,,,,,,,,,,,,,,,,,,,,,,,,,,,,,,,,,,,,,,,,,,,,,,,,,,,,,,,,,,,,,,,,,,,,,,,,,,,,,,,,
Data Section,,,,,,,,,,,,,,,,,,,,,,,,,,,,,,,,,,,,,,,,,,,,,,,,,,,,,,,,,,,,,,,,,,,,,,,,,,,,,,,,,,,,,,,,,,,,,,,,,,,,,,,,,,,,,,,,,,,,,,,,,,,,,,,,,,,,,,,,,,,,,,,,,,,,,,,,,,,,,,,,,,,,,
Device#,1,2,3,4,5,6,7,8,9,10,11,12,13,14,15,16,17,18,19,20,21,22,23,24,25,26,27,28,29,30,31,32,33,34,35,36,37,38,39,40,41,42,43,44,45,46,47,48,49,50,51,52,53,54,55,56,57,58,59,60,61,62,63,64,65,66,67,68,69,70,71,72,73,74,75,76,77,78,79,80,81,82,83,84,85,86,87,88,89,90,91,92,93,94,95,96,97,98,99,100,101,102,103,104,105,106,107,108,109,110,111,112,113,114,115,116,117,118,119,120,121,122,123,124,125,126,127,128,129,130,131,132,133,134,135,136,137,138,139,140,141,142,143,144,145,146,147,148,149,150,151,152,153,154,155,156,157,158,159,160,161,162,163,164,165
Test Item,Site No,Device ID,MIPI_FUNCTION,Idle_HB_Vbat,Idle_HB_Vcc2,Idle_HB_Total,Pin_B40_2655,Pout_B40_2655,Gain_B40_2655,Pin_B41_2655,Pout_B41_2655,Gain_B41_2655,Icc_Vbat_B41_2655,Icc_Vcc2_B41_2655,Icc_Total_B41_2655,PAE_Total_B41_2655,E-UTRA_ACP_L_B41_2655,UTRA_ACP1_L_B41_2655,UTRA_ACP2_L_B41_2655,EVM_B41_2655,Idle_B7_Vbat,Idle_B7_Vcc2,Idle_B7_Total,Pin_B7_2570,Pout_B7_2570,Gain_B7_2570,Pin_B38_2300,Pout_B38_2300,Gain_B38_2300,Icc_Vbat_B38_2300,Icc_Vcc2_B38_2300,Icc_Total_B38_2300,PAE_Total_B38_2300,E-UTRA_ACP_L_B38_2300,UTRA_ACP1_L_B38_2300,UTRA_ACP2_L_B38_2300,EVM_B38_2300,Idle_MB_Vbat,Idle_MB_Vcc1,Idle_MB_Vcc2-2,Idle_MB_Total,Pin_MB1_1710,Pout_MB1_1710,Gain_MB1_1710,Icc_Vbat_MB1_1710,Icc_Vcc1_MB1_1710,Icc_Vcc2-2_MB1_1710,Icc_Total_MB1_1710,PAE_Total_MB1_1710,E-UTRA_ACP_L_MB1_1710,UTRA_ACP1_L_MB1_1710,UTRA_ACP2_L_MB1_1710,EVM_MB1_1710,Pin_MB1_1980,Pout_MB1_1980,Gain_MB1_1980,Icc_Vbat_MB1_1980,Icc_Vcc1_MB1_1980,Icc_Vcc2-2_MB1_1980,Icc_Total_MB1_1980,PAE_Total_MB1_1980,E-UTRA_ACP_L_MB1_1980,UTRA_ACP1_L_MB1_1980,UTRA_ACP2_L_MB1_1980,EVM_MB1_1980,Pin_MB2_1980,Pout_MB2_1980,Gain_MB2_1980,Pin_MB3_1980,Pout_MB3_1980,Gain_MB3_1980,Pin_MB4_1710,Pout_MB4_1710,Gain_MB4_1710,Idle_LB_Vbat,Idle_LB_Vcc1,Idle_LB_Vcc2-2,Idle_LB_Total,Pin_LB1_699,Pout_LB1_699,Gain_LB1_699,Icc_Vbat_LB1_699,Icc_Vcc1_LB1_699,Icc_Vcc2-2_LB1_699,Icc_Total_LB1_699,PAE_Total_LB1_699,E-UTRA_ACP_L_LB1_699,UTRA_ACP1_L_LB1_699,UTRA_ACP2_L_LB1_699,EVM_LB1_699,Pin_LB1_915,Pout_LB1_915,Gain_LB1_915,Icc_Vbat_LB1_915,Icc_Vcc1_LB1_915,Icc_Vcc2-2_LB1_915,Icc_Total_LB1_915,PAE_Total_LB1_915,E-UTRA_ACP_L_LB1_915,UTRA_ACP1_L_LB1_915,UTRA_ACP2_L_LB1_915,EVM_LB1_915,Pin_LB2_915,Pout_LB2_915,Gain_LB2_915,Pin_LB3_915,Pout_LB3_915,Gain_LB3_915,Pin_LB4_915,Pout_LB4_915,Gain_LB4_915,Pin_LB5_915,Pout_LB5_915,Gain_LB5_915,Pin_B34/39_TDS_2025,Pout_B34/39_TDS_2025,Gain_B34/39_TDS_2025,Icc_Vbat_B34/39_TDS_2025,Icc_Vcc1_B34/39_TDS_2025,Icc_Vcc2-2_B34/39_TDS_2025,Icc_Total_B34/39_TDS_2025,PAE_Total_B34/39_TDS_2025,ACLR (-1.6MHz)_B34/39_TDS_2025,ACLR (+1.6MHz)_B34/39_TDS_2025,ACLR (-3.2MHz)_B34/39_TDS_2025,ACLR (+3.2MHz)_B34/39_TDS_2025,EVM_B34/39_TDS_2025,Gain_LB1_LPM_699_Normal,Gain_LB1_LPM_699_Verify,IL_RX1_B40_2496,IL_RX2_B41_2496,IL_RX2_B7_2496,IL_RX2_B38_2496,IL2_RX1_B40_2496,IL2_RX2_B41_2496,IL2_RX2_B7_2496,IL2_RX2_B38_2496,R_VBAT,R_VIO,R_CLK,R_DATA,2fo_LB1_699,2fo_LB1_915,2fo_MB1_1710,2fo_MB1_1980,2fo_B7_2570,Mosfet_Vbat,Mosfet_VCC1,Mosfet_VCC2,Mosfet_VCC2-2,Leakage_Vdd,Leakage_Ctrl1,Leakage_Ctrl2,Leakage_Vbat,Leakage_VCC1,Leakage_VCC2,Leakage_VCC2-2,Leakage_VCC1_5V,Leakage_VCC2_5V,Leakage_VCC2-2_5V,Leakage2_VIO,Leakage2_CLK,Leakage2_DATA,TestTimes,IndexTimes
Low Tolerance,,,0,1,10,10,0.3,0,0,0.3,0,0,1,25,25,0,1.5,1.5,1.5,0.5,1,10,10,0.3,0,0,0.3,0,0,1,25,25,0,1.5,1.5,1.5,0.5,1,5,10,10,0.3,0,0,1,5,25,25,0,1.5,1.5,1.5,0.5,0.3,0,0,1,5,25,25,0,1.5,1.5,1.5,0.5,0.3,0,0,0.3,0,0,0.3,0,0,1,5,10,10,0.3,0,0,1,5,25,25,0,1.5,1.5,1.5,0.5,0.3,0,0,1,5,25,25,0,1.5,1.5,1.5,0.5,0.3,0,0,0.3,0,0,0.3,0,0,0.3,0,0,0.3,0,0,1,5,25,25,0,1.5,1.5,1.5,1.5,0.5,1.5,1.5,0.2,0.2,0.2,0.2,0.2,0.2,0.2,0.2,0,0,0,0,1.5,1.5,1.5,1.5,1.5,0,0,0,0,0.1,0.1,0.1,0.9,0.9,0.9,0.9,0.9,0.9,0.9,0.9,0.9,0.9,0,0
High Tolerance,,,0,1,10,10,0.3,0,0,0.3,0,0,1,25,25,0,1.5,1.5,1.5,0.5,1,10,10,0.3,0,0,0.3,0,0,1,25,25,0,1.5,1.5,1.5,0.5,1,5,10,10,0.3,0,0,1,5,25,25,0,1.5,1.5,1.5,0.5,0.3,0,0,1,5,25,25,0,1.5,1.5,1.5,0.5,0.3,0,0,0.3,0,0,0.3,0,0,1,5,10,10,0.3,0,0,1,5,25,25,0,1.5,1.5,1.5,0.5,0.3,0,0,1,5,25,25,0,1.5,1.5,1.5,0.5,0.3,0,0,0.3,0,0,0.3,0,0,0.3,0,0,0.3,0,0,1,5,25,25,0,1.5,1.5,1.5,1.5,0.5,1.5,1.5,0.2,0.2,0.2,0.2,0.2,0.2,0.2,0.2,0,0,0,0,1.5,1.5,1.5,1.5,1.5,0,0,0,0,0.1,0.1,0.1,0.9,0.9,0.9,0.9,0.9,0.9,0.9,0.9,0.9,0.9,0,0
Enable,,,0,1,1,1,1,0,0,1,0,0,1,1,1,0,1,1,1,1,1,1,1,1,0,0,1,0,0,1,1,1,0,1,1,1,1,1,1,1,1,1,0,0,1,1,1,1,0,1,1,1,1,1,0,0,1,1,1,1,0,1,1,1,1,1,0,0,1,0,0,1,0,0,1,1,1,1,1,0,0,1,1,1,1,0,1,1,1,1,1,0,0,1,1,1,1,0,1,1,1,1,1,0,0,1,0,0,1,0,0,1,0,0,1,0,0,1,1,1,1,0,1,1,1,1,1,1,1,1,1,1,1,1,1,1,1,0,0,0,0,1,1,1,1,1,0,0,0,0,1,1,1,1,1,1,1,1,1,1,1,1,1,0,0
51,1,51,0,3.365,82.217,84.786,-2.433,27.759,30.21,-3.245,27.939,30.564,6.95,494.602,501.561,32.873,-39.62,-39.069,-50.484,2.791,3.524,85.884,88.309,-2.277,28.018,30.051,-2.29,28.366,29.657,7.156,510.371,517.546,31.31,-42.051,-40.542,-56.419,2.583,3.218,17.284,98.437,122.523,-0.905,28.159,28.599,6.526,30.913,474.42,511.631,32.346,-40.198,-40.727,-61.732,2.137,-2.464,27.855,30.41,6.346,31.764,439.599,477.497,34.25,-37.635,-38.013,-60.005,2.864,-2.266,27.834,29.977,-2.011,27.507,29.729,-1.06,27.867,28.849,2.711,18.526,69.222,93.035,-2.69,28.656,31.017,6.225,25.683,464.814,496.523,33.713,-38.039,-38.342,-62.636,2.945,-3.703,28.572,32.017,6.207,28.894,446.197,481.114,34.131,-38.712,-39.008,-61.267,3.275,-3.834,28.177,31.744,-3.722,27.869,31.54,-3.857,27.835,31.792,-3.641,28.696,32.022,-1.678,27.636,28.899,7.552,36.898,549.554,593.915,28.045,-44.408,-42.46,-61.596,-62.769,1.114,-38.324,-51.61,-1.134,-0.928,-1.191,-1.162,-1.134,-0.928,-1.191,-1.162,990,957.941,745.442,702.824,-0.58,-10.943,-20.138,-13.437,-10.296,3.4,3.399,3.398,3.398,0.677,0.635,0.64,0.48,0.292,0.337,0.387,0.414,2.204,0.797,-0.039,-0.007,-0.081,695.614,695.614
52,1,52,0,3.262,74.325,76.615,-2.488,27.724,30.23,-3.236,27.943,30.56,6.868,490.068,496.982,33.201,-40.402,-40.299,-50.277,2.482,3.372,77.673,80.439,-2.41,27.957,30.122,-2.385,28.386,29.772,7.042,503.035,510.194,31.906,-41.651,-40.476,-55.633,2.593,3.237,16.648,97.927,121.825,-0.748,28.154,28.437,6.561,30.697,474.197,511.242,32.333,-40.237,-40.77,-61.662,2.144,-2.232,27.879,30.203,6.399,31.694,442.988,480.857,34.201,-37.722,-38.1,-60.005,2.81,-2.018,27.872,29.766,-1.761,27.542,29.514,-0.885,27.858,28.666,2.745,18.907,71.517,95.331,-2.838,28.617,31.126,6.128,25.82,456.572,488.324,33.975,-37.967,-38.267,-62.803,2.984,-3.636,28.565,31.943,6.349,29.644,458.349,494.13,33.179,-39.655,-39.969,-61.334,3.199,-3.753,28.175,31.661,-3.638,27.865,31.452,-3.768,27.831,31.699,-3.538,28.699,31.922,-1.48,27.623,28.689,7.584,36.826,549.18,593.447,27.982,-44.282,-42.394,-61.825,-63.106,1.051,-38.003,-51.149,-1.128,-0.918,-1.186,-1.156,-1.128,-0.918,-1.186,-1.156,990,855.249,647.481,686.837,-0.602,-11.614,-20.459,-13.907,-10.958,3.4,3.399,3.398,3.398,0.685,0.653,0.633,0.452,0.321,0.336,0.399,0.455,2.168,0.814,-0.114,0.03,-0.044,691.699,691.699
53,1,53,0,3.325,80.687,82.992,-2.692,27.737,30.447,-3.439,27.941,30.76,6.818,481.577,488.416,33.762,-39.767,-39.474,-50.201,2.674,3.438,84.609,88.173,-2.413,28.023,30.192,-2.22,28.396,29.618,7.176,512.432,519.671,31.402,-41.91,-40.571,-56.04,2.57,3.316,17.889,96.987,122.268,-0.92,28.159,28.614,6.701,30.916,477.364,514.775,32.149,-40.19,-40.723,-61.908,2.13,-2.329,27.886,30.306,6.607,32.504,451.741,490.593,33.577,-37.802,-38.178,-60.219,2.772,-2.118,27.871,29.866,-1.86,27.544,29.615,-1.061,27.864,28.847,2.741,19.831,72.633,97.781,-2.711,28.635,31.017,6.068,25.513,458.541,489.909,34.004,-38.408,-38.712,-62.742,2.938,-3.891,28.565,32.198,6.045,29.882,440.406,476.178,34.43,-38.332,-38.621,-61.393,3.316,-4.011,28.171,31.914,-3.909,27.862,31.719,-4.091,27.832,32.023,-3.832,28.691,32.209,-1.567,27.62,28.771,7.867,37.611,566.319,611.628,27.129,-44.132,-42.213,-62.202,-63.369,1.019,-37.937,-51.908,-1.117,-0.919,-1.17,-1.148,-1.117,-0.919,-1.17,-1.148,990,990,692.73,658.777,0.635,-11.797,-20.539,-13.905,-10.306,3.4,3.399,3.398,3.398,0.685,0.653,0.632,0.469,0.289,0.337,0.41,0.413,2.232,0.818,0.074,0.105,0.031,704.711,704.711
54,1,54,0,3.266,75.409,78.325,-2.758,27.712,30.489,-3.521,27.941,30.842,6.853,485.088,491.989,33.519,-39.577,-39.258,-50.076,2.742,3.392,79.985,83.376,-2.526,28.021,30.303,-2.411,28.403,29.815,7.071,500.453,507.565,32.2,-41.3,-40.094,-55.178,2.658,3.286,17.523,97.959,122.591,-0.747,28.154,28.436,6.684,31.263,480.155,517.838,31.923,-39.971,-40.501,-61.652,2.149,-2.267,27.869,30.226,6.453,32.292,444.988,483.487,33.931,-37.46,-37.838,-59.888,2.894,-2.054,27.857,29.788,-1.793,27.522,29.526,-0.885,27.863,28.67,2.643,19.035,68.887,93.301,-2.614,28.648,30.933,6.151,26.02,471.321,503.262,33.198,-37.821,-38.124,-62.641,2.987,-3.711,28.564,32.018,6.058,30.021,446.485,482.366,33.987,-37.933,-38.201,-61.503,3.339,-3.832,28.176,31.741,-3.732,27.871,31.552,-3.894,27.835,31.829,-3.636,28.697,32.019,-1.489,27.63,28.704,7.724,37.539,558.238,603.454,27.564,-44.207,-42.248,-61.519,-62.616,1.13,-38.272,-52.073,-1.12,-0.912,-1.179,-1.153,-1.12,-0.912,-1.179,-1.153,990,925.883,623.067,708.729,0.552,-11.144,-20.249,-13.262,-10.3,3.4,3.399,3.399,3.398,0.678,0.659,0.639,0.455,0.29,0.344,0.371,0.409,2.096,0.816,-0.076,0.03,-0.044,692.141,692.141
55,1,55,0,3.284,76.27,78.313,-2.692,27.729,30.439,-3.533,27.877,30.789,6.822,482.62,489.43,33.201,-39.979,-39.948,-49.849,2.569,3.4,80.256,83.051,-2.532,27.956,30.244,-2.388,28.41,29.8,7.078,503.465,510.592,32.065,-41.273,-40.21,-54.943,2.63,3.063,16.95,89.559,113.713,-0.804,28.156,28.496,6.441,30.809,465.802,502.817,32.895,-39.309,-39.822,-61.72,2.189,-2.263,27.894,30.247,6.33,31.702,440.459,478.261,34.5,-37.162,-37.521,-59.997,2.882,-2.038,27.886,29.8,-1.76,27.551,29.523,-0.891,27.86,28.673,2.695,19.147,71.453,95.824,-2.919,28.615,31.205,5.984,25.659,456.195,487.674,34.002,-37.877,-38.176,-62.695,2.997,-3.914,28.558,32.215,6.057,29.724,447.42,482.99,33.892,-38.676,-38.964,-61.2,3.295,-4.006,28.17,31.908,-3.896,27.859,31.704,-4.061,27.825,31.986,-3.801,28.691,32.178,-1.479,27.626,28.69,7.548,36.898,549.886,594.247,27.961,-43.702,-41.69,-61.074,-62.372,1.053,-38.132,-51.54,-1.123,-0.915,-1.179,-1.16,-1.123,-0.915,-1.179,-1.16,990,862.496,631.409,677.232,0.086,-11.255,-20.158,-13.686,-10.585,3.4,3.399,3.398,3.398,0.693,0.671,0.651,0.43,0.324,0.344,0.408,0.448,2.157,0.817,-0.076,0.03,-0.044,687.39,687.39
56,1,56,0,3.304,76.43,78.937,-2.696,27.718,30.432,-3.527,27.92,30.826,6.782,476.894,483.73,33.928,-39.558,-39.179,-50.206,2.757,3.424,80.83,83.903,-2.512,28,30.269,-2.222,28.395,29.618,7.198,519.746,527.008,30.951,-42.33,-41.091,-56.208,2.519,3.149,17.284,89.225,113.975,-0.77,28.155,28.46,6.552,31.319,466.452,504.088,32.798,-39.657,-40.178,-61.786,2.171,-2.215,27.932,30.239,6.494,32.836,452.39,491.519,33.87,-37.294,-37.657,-60.006,2.826,-2.068,27.864,29.809,-1.774,27.578,29.563,-0.921,27.86,28.703,2.701,18.128,68.935,92.292,-2.863,28.645,31.18,6.172,25.045,460.427,491.431,33.983,-38.59,-38.915,-62.647,2.909,-3.572,28.579,31.894,6.2,29.833,451.429,487.317,33.759,-38.664,-38.963,-61.139,3.272,-3.707,28.187,31.627,-3.595,27.878,31.423,-3.713,27.841,31.653,-3.559,28.702,31.947,-1.525,27.622,28.732,7.698,37.96,563.567,609.159,27.252,-43.619,-41.622,-61.415,-62.666,1.039,-38.187,-51.668,-1.137,-0.931,-1.191,-1.167,-1.137,-0.931,-1.191,-1.167,990,942.906,623.067,659.446,-1.579,-9.892,-19.79,-13.593,-10.135,3.4,3.399,3.398,3.398,0.662,0.642,0.627,0.461,0.305,0.343,0.398,0.423,2.192,0.807,-0.054,0.034,-0.051,692.73,692.73
57,1,57,0,3.356,76.605,78.91,-2.744,27.728,30.49,-3.614,27.888,30.882,6.825,477.665,484.533,33.624,-39.977,-39.712,-50.159,2.611,3.428,81.468,85.278,-2.571,28,30.327,-2.307,28.403,29.711,7.282,521.087,528.411,30.928,-42.055,-40.798,-55.851,2.572,3.271,17.348,93.417,118.319,-0.762,28.156,28.453,6.636,31.385,473.08,510.864,32.372,-40.079,-40.613,-61.495,2.136,-2.197,27.91,30.198,6.492,32.953,446.641,485.881,34.088,-37.882,-38.26,-59.911,2.773,-2.051,27.85,29.778,-1.78,27.55,29.542,-0.936,27.861,28.72,2.733,17.491,68.536,91.369,-2.792,28.643,31.106,6.208,24.333,455.585,485.951,34.348,-38.477,-38.791,-62.683,2.93,-3.456,28.59,31.789,6.301,29.332,454.347,489.794,33.668,-38.386,-38.689,-61.273,3.305,-3.595,28.189,31.517,-3.501,27.88,31.33,-3.613,27.844,31.557,-3.432,28.705,31.823,-1.545,27.62,28.751,7.704,38.141,555.894,601.66,27.583,-44.557,-42.716,-62.306,-63.513,0.998,-38.288,-51.51,-1.125,-0.923,-1.176,-1.152,-1.125,-0.923,-1.176,-1.152,990,910.605,600.975,699.124,-1.473,-10.575,-20.548,-13.81,-10.162,3.4,3.399,3.398,3.398,0.693,0.656,0.642,0.445,0.284,0.338,0.383,0.388,2.222,0.775,-0.152,0.03,-0.081,689.556,689.556
58,1,58,0,3.316,76.781,79.412,-2.466,27.735,30.219,-3.313,27.894,30.587,6.76,477.982,484.721,33.659,-39.924,-39.685,-50.118,2.635,3.461,80.958,84.084,-2.305,28.005,30.066,-2.058,28.396,29.455,7.282,525.094,532.431,30.647,-42.269,-41.016,-56.079,2.542,3.254,16.727,93.64,117.714,-0.657,28.155,28.347,6.633,30.558,471.787,508.725,32.505,-39.94,-40.469,-61.65,2.133,-2.151,27.913,30.155,6.444,31.8,444.491,482.486,34.35,-37.552,-37.924,-59.953,2.802,-1.984,27.862,29.723,-1.713,27.567,29.492,-0.838,27.86,28.619,2.716,18.239,68.011,91.368,-2.717,28.654,31.043,6.204,25,466.007,496.956,33.673,-38.447,-38.761,-62.665,2.926,-3.7,28.582,32.024,6.119,29.386,441.684,476.952,34.51,-38.175,-38.454,-61.445,3.327,-3.84,28.183,31.756,-3.748,27.875,31.572,-3.901,27.84,31.841,-3.703,28.698,32.086,-1.485,27.626,28.696,7.635,36.956,551.938,596.476,27.857,-44.18,-42.191,-61.745,-63.008,1.026,-38.392,-51.822,-1.138,-0.929,-1.192,-1.164,-1.138,-0.929,-1.192,-1.164,990,928.877,623.067,677.232,-0.132,-11.079,-20.193,-13.596,-10.255,3.4,3.399,3.398,3.398,0.686,0.635,0.645,0.461,0.292,0.355,0.397,0.408,2.261,0.785,-0.039,0.105,0.031,684.101,684.101
59,1,59,0,3.299,74.947,76.971,-2.648,27.74,30.407,-3.5,27.886,30.767,6.79,477.455,484.278,33.627,-39.732,-39.536,-50.073,2.654,3.426,78.869,82.008,-2.52,27.958,30.233,-2.17,28.424,29.596,7.281,522.11,529.535,31.013,-42.034,-40.981,-55.581,2.532,3.294,17.22,95.775,120.526,-0.749,28.162,28.446,6.648,31.361,474.256,512.034,32.34,-40.121,-40.653,-61.661,2.158,-2.271,27.886,30.248,6.453,32.335,443.484,482.024,34.174,-37.52,-37.897,-59.919,2.874,-2.079,27.869,29.824,-1.844,27.53,29.585,-0.926,27.861,28.709,2.726,18.462,70.879,94.644,-2.674,28.651,30.997,6.122,25.183,465.581,496.733,33.665,-38.536,-38.851,-62.61,2.923,-3.601,28.577,31.921,6.159,29.44,453.385,488.791,33.639,-38.875,-39.178,-61.243,3.266,-3.747,28.186,31.665,-3.643,27.872,31.464,-3.792,27.838,31.73,-3.592,28.703,31.98,-1.52,27.631,28.736,7.683,37.489,554.118,599.159,27.766,-44.172,-42.271,-61.543,-62.725,1.105,-38.189,-51.724,-1.138,-0.927,-1.185,-1.166,-1.138,-0.927,-1.185,-1.166,990,843.855,683.698,667.628,-0.976,-10.596,-19.71,-13.033,-9.867,3.4,3.399,3.398,3.398,0.685,0.666,0.633,0.464,0.301,0.348,0.394,0.4,2.137,0.807,-0.001,-0.007,-0.119,686.663,686.663
60,1,60,0,3.375,78.438,80.985,-2.644,27.778,30.44,-3.525,27.922,30.827,6.832,475.725,482.556,34.022,-39.419,-39.088,-50.003,2.782,3.429,82.727,86.014,-2.462,28.004,30.222,-2.207,28.408,29.616,7.256,514.914,522.213,31.335,-41.831,-40.635,-55.546,2.577,3.294,17.793,95.377,120.079,-0.859,28.167,28.561,6.674,31.32,472.703,510.468,32.484,-40.166,-40.691,-61.53,2.151,-2.478,27.861,30.43,6.479,31.994,439.536,477.765,34.28,-37.569,-37.951,-59.88,2.902,-2.302,27.826,30.005,-2.059,27.496,29.767,-1.034,27.872,28.828,2.726,18.399,69.907,93.911,-2.649,28.656,30.976,6.118,25.034,458.057,488.985,34.234,-38.271,-38.583,-62.653,2.947,-3.572,28.58,31.895,6.16,29.473,446.538,481.963,34.141,-38.327,-38.62,-61.338,3.315,-3.717,28.181,31.63,-3.62,27.876,31.445,-3.771,27.837,31.707,-3.56,28.7,31.945,-1.692,27.632,28.909,7.661,37.148,551.361,596.069,27.918,-44.433,-42.586,-61.71,-62.943,1.126,-38.14,-51.784,-1.132,-0.928,-1.186,-1.161,-1.132,-0.928,-1.186,-1.161,990,895.327,640.441,669.05,-0.535,-10.573,-19.948,-13.171,-10.268,3.4,3.399,3.398,3.398,0.695,0.657,0.636,0.46,0.307,0.349,0.394,0.422,2.182,0.814,-0.076,0.03,-0.119,691.989,691.989
61,1,61,0,3.199,73.99,76.074,-2.406,27.769,30.193,-3.316,27.884,30.58,6.723,476.938,483.651,33.653,-39.67,-39.998,-49.214,2.5,3.328,78.885,82.833,-2.303,27.992,30.051,-1.961,28.451,29.414,7.152,517.614,524.814,31.486,-42.024,-41.369,-55.09,2.455,3.196,17.507,90.914,115.631,-0.888,28.165,28.588,6.538,30.811,465.315,502.41,32.989,-39.677,-40.189,-61.714,2.188,-2.47,27.863,30.424,6.41,32.073,434.88,473.131,34.63,-37.247,-37.619,-59.882,2.968,-2.295,27.842,30.014,-2.052,27.503,29.766,-1.107,27.874,28.904,2.648,18.223,65.89,89.083,-2.781,28.651,31.103,6.201,25.654,456.726,488.353,34.244,-38.138,-38.441,-62.572,2.932,-3.98,28.568,32.291,6.084,29.418,431.029,466.369,35.188,-37.588,-37.837,-61.303,3.386,-4.115,28.173,32.022,-4.037,27.867,31.853,-4.228,27.833,32.16,-3.972,28.693,32.351,-1.767,27.635,28.987,7.563,37.274,546.009,590.741,28.191,-43.912,-42.01,-61.056,-62.196,1.203,-38.187,-51.668,-1.125,-0.923,-1.182,-1.155,-1.125,-0.923,-1.182,-1.155,990,881.54,673.888,726.21,-0.162,-9.208,-19.766,-12.936,-10.14,3.4,3.399,3.399,3.398,0.663,0.635,0.613,0.461,0.305,0.343,0.398,0.423,2.192,0.807,-0.054,0.034,-0.051,683.634,683.634
62,1,62,0,3.405,77.163,80.202,-2.832,27.72,30.57,-3.674,27.891,30.945,6.844,478.848,485.682,33.569,-39.885,-39.673,-50.052,2.646,3.453,80.702,84.745,-2.627,28.005,30.389,-2.528,28.404,29.933,7.082,498.533,505.643,32.331,-41.58,-40.368,-55.444,2.606,3.204,17.682,92.173,117.169,-0.936,28.161,28.632,6.51,30.832,463.432,500.519,33.083,-40.006,-40.53,-61.61,2.155,-2.369,27.904,30.364,6.507,32.538,451.149,489.965,33.76,-37.671,-38.052,-59.754,2.787,-2.179,27.876,29.932,-1.93,27.545,29.686,-1.088,27.867,28.878,2.653,18.414,67.389,90.587,-2.72,28.658,31.049,6.043,25.137,455.336,486.304,34.444,-37.96,-38.267,-62.725,2.953,-3.472,28.586,31.801,6.157,29.649,451.569,487.132,33.817,-38.374,-38.652,-61.498,3.287,-3.61,28.194,31.537,-3.512,27.883,31.344,-3.64,27.845,31.586,-3.456,28.707,31.849,-1.618,27.62,28.822,7.751,37.778,565.08,610.52,27.178,-44.163,-42.28,-62.056,-63.279,1.023,-38.187,-51.668,-1.118,-0.923,-1.175,-1.153,-1.118,-0.923,-1.175,-1.153,990,927.628,665.545,759.535,-1.16,-10.587,-19.917,-13.81,-10.353,3.4,3.399,3.398,3.398,0.682,0.653,0.639,0.461,0.305,0.343,0.398,0.423,2.192,0.807,-0.054,0.034,-0.051,687.02,687.02
63,1,63,0,3.335,75.377,78.203,-2.429,27.737,30.183,-3.285,27.867,30.532,6.775,479.028,485.82,33.37,-40.585,-40.705,-49.968,2.379,3.397,79.857,83.462,-2.375,27.975,30.106,-2.208,28.403,29.612,7.176,515.958,523.215,31.232,-42.274,-41.163,-55.986,2.508,3.274,18.542,94.054,120.106,-0.688,28.16,28.383,6.745,31.949,477.694,516.129,32.07,-40.207,-40.74,-61.593,2.13,-2.278,27.875,30.244,6.54,33.373,442.662,482.348,34.056,-37.656,-38.036,-60.004,2.857,-2.099,27.854,29.83,-1.871,27.522,29.604,-0.923,27.862,28.707,2.618,17.73,66.735,89.485,-2.613,28.667,30.951,6.07,24.66,457.831,488.379,34.363,-37.866,-38.165,-62.882,2.969,-3.628,28.586,31.956,5.996,28.817,439.609,474.232,34.742,-37.745,-38.018,-61.406,3.34,-3.782,28.185,31.7,-3.699,27.88,31.528,-3.883,27.842,31.825,-3.645,28.698,32.028,-1.63,27.63,28.844,7.74,38.549,554.228,600.42,27.7,-44.3,-42.432,-61.717,-62.824,1.137,-38.187,-51.668,-1.11,-0.908,-1.175,-1.149,-1.11,-0.908,-1.175,-1.149,990,910.605,631.409,706.146,0.801,-11.58,-20.273,-13.332,-10.758,3.4,3.399,3.398,3.398,0.681,0.654,0.628,0.461,0.305,0.343,0.398,0.423,2.192,0.807,-0.054,0.034,-0.051,691.598,691.598
64,1,64,0,3.357,76.079,78.974,-2.632,27.755,30.405,-3.507,27.875,30.762,6.838,479.496,486.328,33.399,-40.103,-40.186,-49.65,2.497,3.426,80.192,83.474,-2.561,27.969,30.287,-2.296,28.431,29.728,7.196,517.183,524.33,31.373,-41.937,-41.072,-55.137,2.514,3.288,17.125,92.285,115.882,-0.797,28.149,28.482,6.722,31.101,473.547,511.111,32.305,-39.995,-40.53,-61.656,2.144,-2.142,27.927,30.16,6.658,33.266,455.104,494.831,33.6,-37.619,-37.992,-59.917,2.792,-1.996,27.863,29.736,-1.718,27.572,29.501,-0.967,27.863,28.753,2.68,18.35,65.619,88.844,-2.662,28.66,30.993,6.201,25.388,464.953,496.317,33.763,-38.176,-38.486,-62.792,2.945,-3.553,28.58,31.876,6.184,29.939,448.746,484.669,33.95,-38.535,-38.816,-61.413,3.299,-3.697,28.184,31.614,-3.603,27.881,31.432,-3.75,27.842,31.691,-3.544,28.7,31.93,-1.516,27.624,28.724,7.872,38.381,567.034,613.248,27.08,-44.027,-42.07,-61.947,-63.055,1.037,-38.187,-51.668,-1.12,-0.923,-1.175,-1.154,-1.12,-0.923,-1.175,-1.154,990,881.54,639.752,677.232,-0.76,-10.364,-20.124,-13.191,-10.452,3.4,3.399,3.398,3.398,0.696,0.657,0.63,0.461,0.305,0.343,0.398,0.423,2.192,0.807,-0.054,0.034,-0.051,686.556,686.556
65,1,65,0,3.32,75.887,78.952,-2.201,27.779,29.998,-3.104,27.883,30.368,6.893,486.578,493.53,32.972,-40.358,-40.664,-49.539,2.375,3.414,79.794,82.539,-2.173,27.988,29.916,-2.058,28.421,29.48,7.155,509.188,516.35,31.783,-41.763,-40.826,-55.082,2.537,3.313,17.427,95.409,120.545,-0.848,28.158,28.541,6.662,31.04,475.028,512.508,32.287,-40.267,-40.803,-61.576,2.122,-2.263,27.903,30.258,6.573,32.635,451.649,490.65,33.705,-37.882,-38.263,-59.981,2.755,-2.099,27.844,29.82,-1.806,27.544,29.56,-1.014,27.862,28.798,2.749,17.953,65.858,88.739,-2.754,28.65,31.075,6.253,24.873,453.604,484.561,34.498,-37.948,-38.254,-62.641,2.958,-3.425,28.591,31.759,6.355,29.392,450.012,485.562,33.966,-38.328,-38.607,-61.479,3.292,-3.562,28.191,31.485,-3.465,27.88,31.295,-3.602,27.843,31.545,-3.407,28.704,31.796,-1.577,27.626,28.787,7.776,37.81,563.498,608.964,27.286,-44.442,-42.596,-62.203,-63.425,1.009,-38.187,-51.668,-1.119,-0.919,-1.181,-1.158,-1.119,-0.919,-1.181,-1.158,990,928.877,647.481,677.232,-1.28,-10.484,-20.087,-13.423,-10.555,3.4,3.399,3.398,3.398,0.704,0.663,0.642,0.461,0.305,0.343,0.398,0.423,2.192,0.807,-0.054,0.034,-0.051,688.604,688.604
66,1,66,0,3.259,74.277,76.756,-2.446,27.763,30.227,-3.308,27.869,30.557,6.87,488.346,495.254,32.747,-40.619,-40.823,-49.891,2.353,3.384,79.076,82.937,-2.412,27.974,30.142,-2.45,28.4,29.851,7.092,502.587,509.775,32.04,-41.557,-40.38,-55.273,2.62,3.287,16.664,96.11,120.249,-0.673,28.161,28.369,6.625,30.822,472.509,509.692,32.482,-40.016,-40.547,-61.752,2.136,-2.145,27.91,30.147,6.525,32.003,446.313,484.607,34.176,-37.45,-37.824,-59.949,2.829,-1.999,27.858,29.734,-1.727,27.555,29.493,-0.842,27.859,28.622,2.623,19.481,67.405,92.037,-3.002,28.628,31.302,6.02,25.579,459.128,490.536,33.909,-38.267,-38.574,-62.752,2.933,-3.947,28.568,32.258,6.045,29.727,445.671,481.224,34.099,-38.755,-39.027,-61.418,3.267,-4.083,28.175,31.991,-3.985,27.869,31.803,-4.135,27.832,32.066,-3.926,28.688,32.3,-1.46,27.619,28.664,7.64,37.026,553.182,597.744,27.754,-43.954,-42.069,-61.556,-62.818,1.064,-38.187,-51.668,-1.114,-0.92,-1.174,-1.148,-1.114,-0.92,-1.174,-1.148,990,833.432,639.139,695.687,-0.781,-10.836,-20.182,-13.676,-10.922,3.4,3.399,3.398,3.398,0.691,0.655,0.634,0.461,0.305,0.343,0.398,0.423,2.192,0.807,-0.054,0.034,-0.051,683.643,683.643
67,1,67,0,3.261,73.64,75.882,-2.521,27.74,30.279,-3.391,27.866,30.637,6.83,485.329,492.186,32.934,-40.419,-40.496,-49.912,2.423,3.365,79.172,82.918,-2.463,27.967,30.186,-2.307,28.401,29.709,7.153,510.826,518.08,31.529,-41.95,-40.845,-55.607,2.548,3.242,17.252,91.329,115.725,-0.749,28.155,28.439,6.819,30.43,475.816,512.817,32.241,-39.817,-40.353,-61.754,2.134,-2,27.942,30.033,6.714,32.2,451.777,490.466,34.015,-37.562,-37.931,-60.141,2.78,-1.94,27.795,29.613,-1.611,27.557,29.379,-0.934,27.856,28.712,2.681,17.157,70.72,92.784,-2.501,28.633,30.806,6.13,24.778,459.531,490.218,33.97,-38.267,-38.583,-62.634,2.95,-3.458,28.593,31.794,6.109,29.199,445.569,480.668,34.33,-37.754,-38.045,-61.28,3.364,-3.611,28.188,31.531,-3.528,27.885,31.362,-3.697,27.848,31.645,-3.458,28.704,31.847,-1.385,27.619,28.589,7.888,37.397,560.819,606.004,27.373,-44.007,-41.992,-62.012,-63.182,0.989,-38.187,-51.668,-1.125,-0.923,-1.18,-1.155,-1.125,-0.923,-1.18,-1.155,990,910.605,656.513,727.184,0.337,-10.808,-20.551,-13.551,-10.661,3.4,3.399,3.399,3.398,0.689,0.648,0.625,0.461,0.305,0.343,0.398,0.423,2.192,0.807,-0.054,0.034,-0.051,697.99,697.99
68,1,68,0,3.393,76.27,79.043,-2.71,27.739,30.466,-3.503,27.945,30.828,6.853,476.042,482.892,34.185,-39.601,-39.027,-50.637,2.808,3.428,80.192,83.397,-2.521,28.026,30.303,-2.465,28.384,29.851,7.166,503.846,511.117,31.843,-41.834,-40.423,-56.066,2.616,3.264,17.507,92.588,117.197,-0.607,28.156,28.298,6.646,31.149,477.737,515.278,32.099,-40.061,-40.593,-61.474,2.134,-2.065,27.9,30.056,6.414,32.755,441.836,480.8,34.368,-37.778,-38.156,-60.004,2.823,-1.944,27.849,29.67,-1.688,27.544,29.443,-0.845,27.863,28.63,2.635,17.873,65.237,87.572,-2.348,28.646,30.665,6.058,25.115,452.461,483.433,34.549,-37.879,-38.173,-62.919,2.961,-3.541,28.591,31.875,6.052,29.255,440.199,475.326,34.7,-37.532,-37.797,-61.595,3.356,-3.702,28.192,31.626,-3.628,27.885,31.462,-3.821,27.841,31.762,-3.553,28.705,31.944,-1.499,27.624,28.707,7.602,38.028,551.627,597.159,27.811,-44.6,-42.726,-62.164,-63.298,1.023,-38.187,-51.668,-1.119,-0.927,-1.176,-1.154,-1.119,-0.927,-1.176,-1.154,990,957.941,657.981,696.542,0.983,-12.221,-20.793,-13.906,-10.54,3.4,3.399,3.398,3.398,0.68,0.659,0.627,0.461,0.305,0.343,0.398,0.423,2.192,0.807,-0.054,0.034,-0.051,699.14,699.14
69,1,69,0,3.315,76.206,78.964,-2.449,27.745,30.212,-3.305,27.894,30.579,6.798,476.711,483.529,33.737,-39.729,-39.607,-49.821,2.632,3.408,80.655,84.652,-2.328,28.007,30.091,-2.069,28.408,29.479,7.227,520.051,527.315,31.031,-41.994,-40.897,-55.683,2.549,3.311,16.903,93.767,117.946,-0.835,28.154,28.524,6.664,31.27,474.04,511.767,32.302,-39.788,-40.316,-61.596,2.17,-2.337,27.882,30.31,6.451,32.12,440.966,479.343,34.326,-37.287,-37.659,-59.943,2.93,-2.155,27.861,29.893,-1.907,27.524,29.642,-1.021,27.866,28.809,2.725,19.688,71.437,96.746,-2.864,28.635,31.171,6.145,25.786,462.51,494.203,33.715,-38.659,-38.981,-62.637,2.912,-3.853,28.568,32.164,6.112,30.197,448.492,484.612,33.861,-38.596,-38.884,-61.324,3.297,-3.992,28.175,31.9,-3.887,27.866,31.702,-4.029,27.83,31.959,-3.833,28.691,32.21,-1.59,27.638,28.813,7.668,37.092,550.389,595.074,28.001,-43.941,-42.017,-61.159,-62.349,1.169,-38.187,-51.668,-1.136,-0.932,-1.186,-1.163,-1.136,-0.932,-1.186,-1.163,990,895.327,615.337,679.509,-1.26,-10.388,-19.885,-13.051,-10.371,3.4,3.399,3.398,3.398,0.691,0.651,0.627,0.461,0.305,0.343,0.398,0.423,2.192,0.807,-0.054,0.034,-0.051,695.794,695.794
70,1,70,0,3.322,76.701,80.054,-2.255,27.762,30.035,-3.122,27.872,30.374,6.819,489.032,495.844,32.733,-40.711,-40.837,-49.965,2.357,3.36,80.176,82.836,-2.228,27.979,29.963,-2.017,28.396,29.414,7.313,533.238,540.669,30.178,-42.394,-41.284,-55.966,2.505,3.396,17.778,98.724,124.357,-0.77,28.152,28.458,6.953,31.151,492.439,530.273,31.163,-40.426,-40.973,-61.711,2.111,-2.328,27.87,30.288,6.575,31.787,441.868,480.038,34.183,-37.77,-38.149,-60.249,2.841,-2.144,27.854,29.875,-1.911,27.521,29.644,-1.005,27.859,28.786,2.631,18.048,67.564,90.533,-2.86,28.634,31.165,5.999,25.166,460.237,491.153,33.913,-37.371,-37.661,-62.765,3.044,-3.596,28.582,31.92,6.112,29.503,459.231,494.68,33.273,-39.112,-39.404,-61.513,3.216,-3.746,28.189,31.667,-3.654,27.884,31.487,-3.814,27.843,31.756,-3.589,28.703,31.978,-1.693,27.628,28.905,7.709,36.531,545.669,589.826,28.183,-44.508,-42.596,-61.76,-62.909,1.123,-38.187,-51.668,-1.129,-0.928,-1.189,-1.164,-1.129,-0.928,-1.189,-1.164,990,957.941,623.68,686.837,0.195,-12.494,-20.886,-13.798,-10.82,3.4,3.399,3.398,3.398,0.679,0.634,0.616,0.461,0.305,0.343,0.398,0.423,2.192,0.807,-0.054,0.034,-0.051,680.225,680.225
71,1,71,0,3.369,77.195,80.038,-2.417,27.741,30.175,-3.245,27.929,30.554,6.894,482.737,489.704,33.58,-39.96,-39.836,-49.905,2.592,3.526,81.786,85.695,-2.299,28.01,30.064,-2.262,28.402,29.666,7.222,511.144,518.418,31.519,-41.528,-40.325,-55.244,2.632,3.307,16.966,94.022,117.99,-0.737,28.159,28.432,6.667,31.363,466.128,503.92,32.846,-40.04,-40.569,-61.747,2.14,-2.124,27.922,30.137,6.702,33.493,456.388,496.355,33.457,-37.565,-37.939,-59.961,2.806,-1.977,27.858,29.712,-1.692,27.565,29.467,-0.888,27.862,28.672,2.757,18.828,70.242,94.069,-2.798,28.637,31.106,6.081,25.454,455.881,487.193,34.207,-38.173,-38.483,-62.783,2.952,-3.851,28.567,32.161,6.092,29.378,443.605,478.86,34.259,-38.647,-38.933,-61.288,3.284,-3.987,28.175,31.894,-3.893,27.864,31.706,-4.064,27.828,31.992,-3.837,28.689,32.212,-1.477,27.621,28.683,7.924,38.819,570.957,617.598,26.878,-44.051,-42.084,-61.819,-62.918,1.057,-38.187,-51.668,-1.111,-0.915,-1.177,-1.151,-1.111,-0.915,-1.177,-1.151,990,942.664,641.603,686.837,-0.423,-10.733,-19.935,-13.47,-10.757,3.4,3.399,3.398,3.398,0.693,0.665,0.65,0.461,0.305,0.343,0.398,0.423,2.192,0.807,-0.054,0.034,-0.051,690.585,690.585
72,1,72,0,3.349,76.254,79.381,-2.532,27.735,30.285,-3.325,27.915,30.62,6.717,474.85,481.525,34.045,-39.744,-39.331,-50.367,2.716,3.401,79.921,83.768,-2.411,28.001,30.168,-2.141,28.388,29.531,7.198,519.884,527.153,30.896,-42.085,-40.748,-56.228,2.576,3.247,17.268,91.615,116.017,-0.542,28.158,28.235,6.68,31.779,481.349,519.533,31.842,-39.908,-40.44,-61.725,2.138,-2.041,27.917,30.049,6.477,33.142,448.118,487.559,34.025,-37.537,-37.908,-59.966,2.832,-1.905,27.859,29.642,-1.636,27.561,29.409,-0.759,27.86,28.541,2.656,19.194,67.564,91.863,-2.551,28.66,30.882,6.087,25.894,462.097,493.851,33.93,-37.548,-37.846,-62.911,3.027,-3.546,28.585,31.873,6.112,29.982,455.499,491.388,33.523,-38.728,-39.012,-61.379,3.26,-3.704,28.189,31.625,-3.614,27.882,31.445,-3.786,27.842,31.728,-3.544,28.704,31.934,-1.427,27.629,28.641,7.632,38.292,557.085,602.898,27.577,-44.212,-42.287,-61.671,-62.866,1.059,-38.187,-51.668,-1.128,-0.937,-1.188,-1.166,-1.128,-0.937,-1.188,-1.166,990,869.036,702.541,706.146,0.553,-12.18,-20.47,-13.569,-10.614,3.4,3.399,3.398,3.398,0.686,0.656,0.627,0.461,0.305,0.343,0.398,0.423,2.192,0.807,-0.054,0.034,-0.051,689.153,689.153
73,1,73,0,3.39,80.033,81.958,-2.43,27.738,30.186,-3.243,27.917,30.54,7.025,490.705,497.774,32.949,-40.288,-40.114,-50.009,2.517,3.502,85.166,88.637,-2.319,28.007,30.082,-2.309,28.377,29.687,7.241,507.287,514.58,31.575,-41.764,-40.308,-55.917,2.616,3.316,18.923,94.835,121.614,-0.816,28.168,28.519,6.641,32.102,471.912,510.384,32.495,-40.068,-40.587,-61.715,2.154,-2.458,27.849,30.398,6.47,33.096,441.547,480.901,33.96,-37.499,-37.883,-59.849,2.915,-2.272,27.823,29.972,-2.025,27.486,29.722,-0.988,27.87,28.78,2.701,18.558,65.859,89.757,-2.638,28.651,30.961,6.268,25.374,453.138,484.557,34.512,-37.82,-38.118,-62.645,2.985,-3.55,28.578,31.871,6.292,29.636,441.097,476.824,34.488,-38.107,-38.38,-61.487,3.324,-3.688,28.175,31.595,-3.602,27.869,31.42,-3.763,27.831,31.694,-3.521,28.699,31.905,-1.735,27.631,28.95,7.653,38.187,553.228,598.913,27.777,-44.144,-42.297,-61.421,-62.549,1.215,-38.187,-51.668,-1.124,-0.914,-1.184,-1.154,-1.124,-0.914,-1.184,-1.154,990,928.877,623.68,687.691,-0.21,-10.829,-20.076,-13.548,-10.835,3.4,3.399,3.398,3.398,0.684,0.659,0.636,0.461,0.305,0.343,0.398,0.423,2.192,0.807,-0.054,0.034,-0.051,692.134,692.134
74,1,74,0,3.372,76.43,79.547,-2.646,27.76,30.424,-3.526,27.907,30.814,6.826,473.516,480.382,34.065,-39.206,-38.667,-50.318,2.911,3.45,82.376,85.907,-2.453,28.017,30.226,-2.233,28.391,29.625,7.314,517.561,524.926,31.049,-41.595,-40.207,-55.698,2.666,3.265,17.348,92.891,117.963,-0.556,28.15,28.241,6.67,31.687,473.541,511.69,32.277,-40.144,-40.684,-61.376,2.127,-1.823,27.947,29.861,6.626,33.911,458.915,499.209,33.456,-37.922,-38.305,-59.757,2.735,-1.752,27.793,29.422,-1.512,27.464,29.188,-0.674,27.86,28.456,2.72,18.732,67.962,92.486,-2.634,28.658,30.962,6.144,25.218,457.241,488.392,34.289,-38.225,-38.538,-62.772,2.951,-3.441,28.582,31.766,6.214,30.135,450.357,486.509,33.836,-38.125,-38.405,-61.535,3.335,-3.577,28.186,31.495,-3.481,27.878,31.308,-3.612,27.838,31.55,-3.417,28.704,31.806,-1.215,27.611,28.411,7.829,39.232,569.469,616.422,26.864,-44.546,-42.673,-62.479,-63.698,0.966,-38.187,-51.668,-1.135,-0.926,-1.191,-1.164,-1.135,-0.926,-1.191,-1.164,990,942.664,631.409,677.232,-1.034,-10.742,-20.149,-13.588,-10.095,3.4,3.399,3.398,3.398,0.688,0.649,0.639,0.461,0.305,0.343,0.398,0.423,2.192,0.807,-0.054,0.034,-0.051,697.677,697.677
75,1,75,0,3.459,80.575,84.512,-2.467,27.757,30.241,-3.278,27.918,30.576,7.036,492.759,499.862,32.818,-40.388,-40.122,-50.307,2.536,3.535,85.214,88.749,-2.348,28.001,30.105,-2.402,28.37,29.774,7.202,505.239,512.52,31.647,-41.805,-40.3,-56.175,2.611,3.286,17.093,95.393,120.264,-0.83,28.169,28.534,6.6,30.833,464.194,501.394,33.084,-39.993,-40.518,-61.455,2.153,-2.421,27.887,30.399,6.485,32.054,448.8,487.115,33.823,-37.51,-37.889,-59.682,2.835,-2.235,27.857,29.968,-1.983,27.529,29.723,-0.967,27.868,28.757,2.679,18.351,68.776,92.557,-2.794,28.643,31.108,6.088,24.572,455.725,486.179,34.333,-38.502,-38.823,-62.642,2.919,-3.517,28.588,31.847,6.153,29.566,447.057,482.579,34.154,-38.237,-38.518,-61.391,3.31,-3.664,28.184,31.581,-3.544,27.874,31.367,-3.674,27.836,31.609,-3.528,28.705,31.919,-1.65,27.632,28.867,7.73,37.281,559.904,604.819,27.516,-44.131,-42.232,-61.511,-62.781,1.096,-38.187,-51.668,-1.114,-0.917,-1.19,-1.158,-1.114,-0.917,-1.19,-1.158,990,857.642,640.441,658.777,-1.882,-10.64,-20.092,-14.185,-10.88,3.4,3.399,3.398,3.398,0.697,0.669,0.644,0.461,0.305,0.343,0.398,0.423,2.192,0.807,-0.054,0.034,-0.051,696.889,696.889
76,1,76,0,3.291,75.903,77.873,-2.462,27.773,30.253,-3.373,27.868,30.621,6.807,476.385,483.208,33.557,-39.797,-39.896,-49.444,2.572,3.423,80.304,84.682,-2.417,27.966,30.138,-2.245,28.429,29.675,7.152,508.491,515.679,31.883,-41.394,-40.456,-54.757,2.599,3.271,17.523,92.843,118.049,-0.887,28.166,28.589,6.563,31.104,468.319,505.741,32.78,-39.69,-40.203,-61.777,2.173,-2.452,27.878,30.421,6.44,32.051,445.526,483.789,33.981,-37.291,-37.659,-59.988,2.891,-2.242,27.86,29.978,-1.978,27.522,29.711,-1.038,27.873,28.833,2.691,18.191,70.959,94.067,-2.921,28.625,31.217,6.105,24.939,458.111,488.979,33.995,-38.157,-38.464,-62.729,2.965,-3.846,28.568,32.156,6.108,29.256,445.11,480.29,34.162,-38.272,-38.556,-61.35,3.335,-3.978,28.174,31.884,-3.891,27.865,31.705,-4.062,27.832,31.995,-3.829,28.69,32.204,-1.673,27.628,28.886,7.682,37.221,557.672,602.47,27.597,-43.918,-41.981,-61.173,-62.41,1.119,-38.187,-51.668,-1.118,-0.91,-1.175,-1.153,-1.118,-0.91,-1.175,-1.153,990,895.327,655.824,716.605,-0.353,-10.438,-19.975,-13.584,-10.34,3.4,3.399,3.398,3.398,0.683,0.665,0.617,0.461,0.305,0.343,0.398,0.423,2.192,0.807,-0.054,0.034,-0.051,686.77,686.77
77,1,77,0,3.38,78.375,81.166,-2.441,27.728,30.187,-3.223,27.92,30.523,6.92,490.933,497.858,32.962,-40.165,-39.916,-50.278,2.564,3.456,81.451,84.494,-2.345,28.003,30.104,-2.265,28.389,29.657,7.173,511.109,518.334,31.434,-41.68,-40.303,-55.832,2.629,3.335,17.443,95.265,119.961,-0.632,28.16,28.327,6.686,31.62,473.651,511.746,32.347,-40.176,-40.713,-61.485,2.143,-2.059,27.909,30.059,6.588,33.501,451.549,491.423,33.691,-37.763,-38.148,-59.668,2.818,-1.933,27.847,29.657,-1.669,27.547,29.427,-0.816,27.872,28.609,2.636,17.873,67.421,89.98,-2.662,28.657,30.99,6.175,25.334,462.694,493.994,33.895,-38.05,-38.359,-62.644,2.957,-3.502,28.587,31.832,6.227,29.545,456.544,492.131,33.489,-38.727,-39.02,-61.445,3.273,-3.652,28.19,31.575,-3.554,27.882,31.385,-3.7,27.843,31.642,-3.484,28.706,31.876,-1.422,27.631,28.638,7.83,38.824,563.877,610.416,27.251,-44.441,-42.565,-61.956,-63.021,1.081,-38.187,-51.668,-1.119,-0.918,-1.181,-1.157,-1.119,-0.918,-1.181,-1.157,990,910.605,615.337,687.691,-0.845,-11.103,-19.958,-13.384,-10.528,3.4,3.399,3.398,3.398,0.667,0.659,0.639,0.461,0.305,0.343,0.398,0.423,2.192,0.807,-0.054,0.034,-0.051,689.945,689.945
78,1,78,0,3.271,73.544,76.56,-2.201,27.769,29.988,-3.069,27.892,30.341,6.846,489.184,496.036,32.87,-40.159,-40.591,-49.347,2.386,3.316,78.167,81.676,-2.169,27.995,29.921,-2.075,28.441,29.517,7.139,513.936,521.125,31.637,-41.653,-40.901,-54.818,2.527,3.278,16.966,95.504,119.603,-0.745,28.161,28.442,6.643,31.219,475.264,512.874,32.284,-39.99,-40.516,-61.651,2.144,-2.261,27.886,30.238,6.434,32.024,445.785,484.04,34.03,-37.45,-37.825,-59.974,2.858,-2.078,27.866,29.821,-1.832,27.533,29.576,-0.902,27.86,28.684,2.755,19.703,69.429,94.257,-3.031,28.615,31.317,6.124,25.623,460.069,491.616,33.736,-38.433,-38.74,-62.686,2.946,-3.898,28.564,32.205,6.168,29.806,449.912,485.689,33.751,-39.098,-39.382,-61.291,3.263,-4.028,28.173,31.933,-3.921,27.863,31.733,-4.059,27.827,31.986,-3.872,28.688,32.246,-1.541,27.629,28.754,7.629,37.127,554.712,599.341,27.746,-44.088,-42.207,-61.402,-62.716,1.092,-38.19,-51.559,-1.122,-0.913,-1.176,-1.151,-1.122,-0.913,-1.176,-1.151,990,895.327,648.784,686.837,-1.318,-10.92,-20.316,-13.757,-10.528,3.4,3.399,3.398,3.398,0.678,0.641,0.628,0.461,0.305,0.343,0.398,0.423,2.192,0.807,-0.054,0.034,-0.051,691.052,691.052
79,1,79,0,3.37,76.079,79.257,-2.518,27.752,30.289,-3.434,27.865,30.679,6.797,478.185,484.911,33.419,-39.884,-39.869,-49.677,2.574,3.446,80.973,84.214,-2.447,27.964,30.166,-2.286,28.419,29.707,7.137,508.188,515.367,31.831,-41.492,-40.438,-55.026,2.601,3.278,16.902,92.859,117.402,-0.727,28.163,28.426,6.605,30.721,462.535,499.648,33.157,-39.838,-40.354,-61.689,2.177,-2.219,27.881,30.191,6.473,31.988,441.1,479.386,34.32,-37.358,-37.734,-59.93,2.904,-2.044,27.861,29.782,-1.807,27.518,29.536,-0.912,27.866,28.7,2.675,18.43,69.302,92.903,-2.969,28.627,31.268,5.967,24.973,454.654,485.383,34.262,-38.142,-38.452,-62.626,2.949,-3.81,28.574,32.126,6.075,29.444,451.951,487.264,33.717,-38.566,-38.853,-61.39,3.292,-3.935,28.178,31.845,-3.837,27.871,31.657,-3.975,27.836,31.91,-3.783,28.693,32.161,-1.484,27.622,28.691,7.647,37.104,550.568,595.224,27.889,-44.074,-42.157,-61.355,-62.602,1.117,-38.187,-51.668,-1.127,-0.92,-1.18,-1.154,-1.127,-0.92,-1.18,-1.154,990,974.964,639.139,649.927,-1.205,-10.936,-19.995,-13.651,-10.587,3.4,3.399,3.398,3.398,0.689,0.636,0.635,0.461,0.305,0.343,0.398,0.423,2.192,0.807,-0.054,0.034,-0.051,685.421,685.421
80,1,80,0,3.382,76.876,79.079,-2.617,27.739,30.373,-3.495,27.893,30.768,6.944,487.938,494.918,32.955,-39.92,-39.766,-49.909,2.609,3.449,80.734,84.199,-2.511,27.977,30.244,-2.463,28.394,29.858,7.061,497.454,504.5,32.33,-41.15,-39.928,-54.974,2.67,3.137,15.995,88.826,112.322,-0.694,28.159,28.388,6.544,30.349,467.754,504.415,32.809,-39.242,-39.755,-61.656,2.203,-2.294,27.882,30.267,6.323,31.062,433.945,471.102,34.931,-36.902,-37.265,-59.74,3.014,-2.106,27.867,29.85,-1.835,27.536,29.581,-0.866,27.862,28.651,2.706,18.717,66.656,91.118,-2.905,28.632,31.209,6.039,25.566,456.241,487.662,34.141,-37.702,-37.999,-62.785,3.005,-3.754,28.573,32.07,6.123,30.14,448.697,484.729,33.886,-38.373,-38.643,-61.409,3.313,-3.895,28.177,31.805,-3.804,27.867,31.62,-3.961,27.834,31.896,-3.724,28.692,32.102,-1.588,27.64,28.812,7.461,36.169,541.032,584.572,28.517,-43.605,-41.587,-60.41,-61.634,1.215,-38.187,-51.668,-1.122,-0.913,-1.173,-1.147,-1.122,-0.913,-1.173,-1.147,990,884.313,632.571,706.146,-0.219,-10.863,-19.596,-12.799,-10.74,3.4,3.399,3.398,3.398,0.694,0.649,0.633,0.461,0.305,0.343,0.398,0.423,2.192,0.807,-0.054,0.034,-0.051,688.077,688.077
81,1,81,0,3.23,73.943,75.724,-2.298,27.759,30.075,-3.212,27.868,30.46,6.691,478.028,484.708,33.451,-40.188,-40.315,-49.69,2.475,3.364,78.821,82.647,-2.263,27.975,29.994,-2.163,28.41,29.575,7.143,516.753,524.026,31.242,-41.707,-40.664,-55.266,2.588,3.24,17.077,93.943,118.64,-0.59,28.157,28.283,6.664,31.413,475.547,513.361,32.225,-40.119,-40.654,-61.691,2.122,-2.02,27.914,30.025,6.488,32.531,447.337,486.123,34.1,-37.731,-38.104,-60.055,2.779,-1.893,27.852,29.623,-1.615,27.558,29.384,-0.755,27.862,28.539,2.698,19.29,69.014,92.781,-2.847,28.633,31.151,6.066,25.261,453.721,484.901,34.343,-38.426,-38.733,-62.885,2.931,-3.86,28.569,32.172,6.106,29.531,445.633,481.051,34.119,-38.72,-39.006,-61.268,3.277,-3.998,28.176,31.906,-3.894,27.87,31.713,-4.054,27.834,31.987,-3.848,28.69,32.224,-1.414,27.622,28.621,7.625,37.651,553.826,598.978,27.716,-44.392,-42.474,-61.974,-63.249,1.024,-38.187,-51.668,-1.121,-0.915,-1.185,-1.155,-1.121,-0.915,-1.185,-1.155,990,974.964,647.481,737.643,-1.109,-11.089,-20.454,-13.827,-10.834,3.4,3.399,3.398,3.398,0.689,0.657,0.622,0.461,0.305,0.343,0.398,0.423,2.192,0.807,-0.054,0.034,-0.051,683.221,683.221
82,1,82,0,3.311,77.131,79.057,-2.334,27.761,30.113,-3.253,27.87,30.503,6.797,477.38,484.226,33.501,-39.955,-40.083,-49.567,2.519,3.439,81.659,85.321,-2.304,27.972,30.032,-2.059,28.415,29.475,7.137,510.28,517.43,31.673,-41.78,-40.739,-55.333,2.547,3.235,17.65,92.349,117.072,-0.972,28.169,28.677,6.554,30.937,464.6,501.839,33.056,-39.683,-40.193,-61.847,2.185,-2.456,27.867,30.413,6.4,32.244,438.779,477.192,34.364,-37.419,-37.793,-59.896,2.907,-2.273,27.847,29.997,-2.028,27.514,29.753,-1.185,27.87,28.978,2.702,18.334,69.062,91.926,-2.698,28.663,31.033,6.182,25.496,462.917,494.388,33.922,-38.218,-38.525,-62.809,2.929,-3.761,28.577,32.081,6.121,29.526,438.789,474.236,34.67,-37.77,-38.043,-61.405,3.367,-3.906,28.179,31.818,-3.829,27.871,31.649,-4.018,27.832,31.949,-3.765,28.694,32.145,-1.744,27.634,28.963,7.595,37.402,549.673,594.552,28.004,-44.034,-42.186,-61.403,-62.567,1.147,-38.187,-51.668,-1.115,-0.914,-1.18,-1.161,-1.115,-0.914,-1.18,-1.161,990,855.249,631.409,719.188,0.165,-10.053,-20.371,-13.589,-10.506,3.4,3.399,3.398,3.398,0.684,0.662,0.626,0.461,0.305,0.343,0.398,0.423,2.192,0.807,-0.054,0.034,-0.051,687.886,687.886
83,1,83,0,3.292,75.887,78.575,-2.35,27.75,30.118,-3.23,27.867,30.477,6.775,480.772,487.535,33.256,-40.417,-40.552,-49.806,2.419,3.408,80.925,84.86,-2.341,27.972,30.069,-2.267,28.408,29.676,7.102,509.231,516.404,31.688,-41.734,-40.619,-55.415,2.581,3.31,17.077,94.756,119.061,-0.769,28.157,28.461,6.761,31.038,471.281,508.855,32.506,-40.216,-40.75,-61.619,2.146,-2.157,27.919,30.166,6.695,33.154,454.161,493.763,33.606,-37.758,-38.138,-59.954,2.777,-2.007,27.859,29.744,-1.737,27.566,29.514,-0.964,27.862,28.748,2.617,18.462,64.536,88.112,-2.593,28.667,30.932,6.122,25.063,458.089,489.059,34.317,-37.896,-38.194,-62.651,2.958,-3.631,28.583,31.957,6.125,29.37,442.703,477.996,34.445,-37.859,-38.124,-61.611,3.331,-3.786,28.182,31.701,-3.698,27.877,31.525,-3.869,27.839,31.809,-3.641,28.698,32.024,-1.501,27.623,28.708,7.918,38.355,564.966,611.072,27.172,-44.191,-42.191,-62.138,-63.307,1.022,-38.187,-51.668,-1.107,-0.906,-1.167,-1.141,-1.107,-0.906,-1.167,-1.141,990,942.664,655.824,686.083,-0.145,-10.98,-20.69,-14.206,-10.768,3.4,3.399,3.398,3.398,0.685,0.656,0.63,0.461,0.305,0.343,0.398,0.423,2.192,0.807,-0.054,0.034,-0.051,683.975,683.975
84,1,84,0,3.363,76.796,80.191,-2.279,27.753,30.05,-3.136,27.877,30.392,6.833,483.259,490.089,33.151,-40.618,-40.788,-49.851,2.356,3.425,80.495,83.952,-2.29,27.975,30.021,-2.185,28.403,29.589,7.206,517.245,524.514,31.156,-41.804,-40.614,-55.609,2.588,3.273,17.889,93.512,118.193,-0.519,28.155,28.21,6.767,32.044,486.547,525.119,31.489,-40.273,-40.819,-61.674,2.112,-1.897,27.935,29.923,6.519,33.903,455.755,495.979,33.581,-38.034,-38.411,-60.164,2.716,-1.846,27.8,29.523,-1.509,27.579,29.299,-0.722,27.858,28.501,2.693,17.682,66.767,89.862,-2.419,28.645,30.735,6.22,25.222,461.579,492.834,33.878,-37.625,-37.917,-62.896,2.995,-3.317,28.603,31.662,6.304,28.811,455.197,490.093,33.745,-38.512,-38.792,-61.416,3.255,-3.481,28.201,31.414,-3.387,27.895,31.231,-3.55,27.855,31.505,-3.325,28.716,31.727,-1.378,27.623,28.587,7.727,39.076,565.521,612.268,27.122,-44.611,-42.661,-62.48,-63.622,0.973,-38.187,-51.668,-1.118,-0.917,-1.176,-1.149,-1.118,-0.917,-1.176,-1.149,990,916.372,647.481,676.478,-0.014,-11.791,-20.384,-13.63,-10.787,3.4,3.399,3.398,3.398,0.693,0.661,0.633,0.461,0.305,0.343,0.398,0.423,2.192,0.807,-0.054,0.034,-0.051,689.274,689.274
85,1,85,0,3.468,80.878,84.14,-2.793,27.745,30.556,-3.644,27.918,30.941,6.945,486.768,493.749,33.221,-39.718,-39.309,-50.207,2.721,3.511,85.342,89.458,-2.613,28.02,30.388,-2.55,28.403,29.955,7.153,500.967,508.174,32.165,-41.444,-39.993,-55.672,2.655,3.329,17.746,97.832,122.936,-0.945,28.167,28.648,6.647,31.351,470.451,508.247,32.628,-40.194,-40.717,-61.561,2.161,-2.639,27.834,30.564,6.479,31.913,436.857,475.043,34.262,-37.413,-37.8,-59.769,2.965,-2.461,27.803,30.141,-2.213,27.467,29.891,-1.118,27.868,28.908,2.707,18.812,69.445,93.701,-2.76,28.648,31.078,6.121,25.421,458.371,489.703,34.119,-38.265,-38.572,-62.762,2.954,-3.619,28.578,31.939,6.141,29.87,448.109,483.976,33.975,-38.453,-38.741,-61.246,3.308,-3.761,28.181,31.675,-3.653,27.876,31.478,-3.8,27.835,31.735,-3.615,28.697,31.998,-1.807,27.629,29.021,7.641,36.984,548.807,593.346,28.026,-44.058,-42.176,-61.306,-62.518,1.246,-38.187,-51.668,-1.111,-0.904,-1.168,-1.143,-1.111,-0.904,-1.168,-1.143,990,881.54,647.481,686.837,-0.929,-10.486,-19.604,-13.053,-10.3,3.4,3.399,3.398,3.398,0.681,0.663,0.629,0.461,0.305,0.343,0.398,0.423,2.192,0.807,-0.054,0.034,-0.051,694.373,694.373
