Header Section,,,,,,,,,,,,,,,,,,,,,,,,,,,,,,,,,,,,,,,,,,,,,,,,,,,,,,,,,,,,,,,,,,,,,,,,,,,,,,,,,,,,,,,,,,,,,,,,,,,,,,,,,,,,,,,,,,,,,,,,,,,,,,,,,,,,,,,,,,,,,,,,,,,,,,,,,,,,,,,
Product,VC7645-61,,,,,,,,,,,,,,,,,,,,,,,,,,,,,,,,,,,,,,,,,,,,,,,,,,,,,,,,,,,,,,,,,,,,,,,,,,,,,,,,,,,,,,,,,,,,,,,,,,,,,,,,,,,,,,,,,,,,,,,,,,,,,,,,,,,,,,,,,,,,,,,,,,,,,,,,,,,,,,
Test Plan,Rev(G),,,,,,,,,,,,,,,,,,,,,,,,,,,,,,,,,,,,,,,,,,,,,,,,,,,,,,,,,,,,,,,,,,,,,,,,,,,,,,,,,,,,,,,,,,,,,,,,,,,,,,,,,,,,,,,,,,,,,,,,,,,,,,,,,,,,,,,,,,,,,,,,,,,,,,,,,,,,,,
Release Date,2019/4/26,,,,,,,,,,,,,,,,,,,,,,,,,,,,,,,,,,,,,,,,,,,,,,,,,,,,,,,,,,,,,,,,,,,,,,,,,,,,,,,,,,,,,,,,,,,,,,,,,,,,,,,,,,,,,,,,,,,,,,,,,,,,,,,,,,,,,,,,,,,,,,,,,,,,,,,,,,,,,,
Comment,"#76~100/A5_02,  #101~125/A5E30.64.X",,,,,,,,,,,,,,,,,,,,,,,,,,,,,,,,,,,,,,,,,,,,,,,,,,,,,,,,,,,,,,,,,,,,,,,,,,,,,,,,,,,,,,,,,,,,,,,,,,,,,,,,,,,,,,,,,,,,,,,,,,,,,,,,,,,,,,,,,,,,,,,,,,,,,,,,,,,,,,
,,,,,,,,,,,,,,,,,,,,,,,,,,,,,,,,,,,,,,,,,,,,,,,,,,,,,,,,,,,,,,,,,,,,,,,,,,,,,,,,,,,,,,,,,,,,,,,,,,,,,,,,,,,,,,,,,,,,,,,,,,,,,,,,,,,,,,,,,,,,,,,,,,,,,,,,,,,,,,,
Data Section,,,,,,,,,,,,,,,,,,,,,,,,,,,,,,,,,,,,,,,,,,,,,,,,,,,,,,,,,,,,,,,,,,,,,,,,,,,,,,,,,,,,,,,,,,,,,,,,,,,,,,,,,,,,,,,,,,,,,,,,,,,,,,,,,,,,,,,,,,,,,,,,,,,,,,,,,,,,,,,
Device#,1,2,3,4,5,6,7,8,9,10,11,12,13,14,15,16,17,18,19,20,21,22,23,24,25,26,27,28,29,30,31,32,33,34,35,36,37,38,39,40,41,42,43,44,45,46,47,48,49,50,51,52,53,54,55,56,57,58,59,60,61,62,63,64,65,66,67,68,69,70,71,72,73,74,75,76,77,78,79,80,81,82,83,84,85,86,87,88,89,90,91,92,93,94,95,96,97,98,99,100,101,102,103,104,105,106,107,108,109,110,111,112,113,114,115,116,117,118,119,120,121,122,123,124,125,126,127,128,129,130,131,132,133,134,135,136,137,138,139,140,141,142,143,144,145,146,147,148,149,150,151,152,153,154,155,156,157,158,159
Test Item,Site No,Device ID,Mipi_Function,Idle_B40_Vbat,Idle_B40_Vcc2,Idle_B40_Total,Pin_B40_2655,Pout_B40_2655,Gain_B40_2655,Icc_Vbat_B40_2655,Icc_Vcc2_B40_2655,Icc_Total_B40_2655,PAE_Total_B40_2655,E-UTRA_ACP_L_B40_2655,UTRA_ACP1_L_B40_2655,UTRA_ACP2_L_B40_2655,Idle_B7_Vbat,Idle_B7_Vcc2,Idle_B7_Total,Pin_B7_2570,Pout_B7_2570,Gain_B7_2570,Idle_B38_Vbat,Idle_B38_Vcc2,Idle_B38_Total,Pin_B38_2300,Pout_B38_2300,Gain_B38_2300,Icc_Vbat_B38_2300,Icc_Vcc2_B38_2300,Icc_Total_B38_2300,PAE_Total_B38_2300,E-UTRA_ACP_L_B38_2300,UTRA_ACP1_L_B38_2300,UTRA_ACP2_L_B38_2300,EVM_B38_2300,Idle_MB1_Vbat,Idle_MB1_Vcc1,Idle_MB1_Vcc2-2,Idle_MB1_Total,Pin_MB1_1710,Pout_MB1_1710,Gain_MB1_1710,Icc_Vbat_MB1_1710,Icc_Vcc1_MB1_1710,Icc_Vcc2-2_MB1_1710,Icc_Total_MB1_1710,PAE_Total_MB1_1710,E-UTRA_ACP_L_MB1_1710,UTRA_ACP1_L_MB1_1710,UTRA_ACP2_L_MB1_1710,Pin_MB1_1980,Pout_MB1_1980,Gain_MB1_1980,Icc_Vbat_MB1_1980,Icc_Vcc1_MB1_1980,Icc_Vcc2-2_MB1_1980,Icc_Total_MB1_1980,PAE_Total_MB1_1980,E-UTRA_ACP_L_MB1_1980,UTRA_ACP1_L_MB1_1980,UTRA_ACP2_L_MB1_1980,EVM_MB1_1980,Pin_MB2_1980,Pout_MB2_1980,Gain_MB2_1980,Pin_MB3_1980,Pout_MB3_1980,Gain_MB3_1980,Pin_MB4_1710,Pout_MB4_1710,Gain_MB4_1710,Idle_LB1(L1)_Vbat,Idle_LB1(L1)_Vcc1,Idle_LB1(L1)_Vcc2-2,Idle_LB1(L1)_Total,Pin_LB1(L1)_699,Pout_LB1(L1)_699,Gain_LB1(L1)_699,Icc_Vbat_LB1(L1)_699,Icc_Vcc1_LB1(L1)_699,Icc_Vcc2-2_LB1(L1)_699,Icc_Total_LB1(L1)_699,PAE_Total_LB1(L1)_699,E-UTRA_ACP_L_LB1(L1)_699,UTRA_ACP1_L_LB1(L1)_699,UTRA_ACP2_L_LB1(L1)_699,Pin_LB1(L1)_915,Pout_LB1(L1)_915,Gain_LB1(L1)_915,Icc_Vbat_LB1(L1)_915,Icc_Vcc1_LB1(L1)_915,Icc_Vcc2-2_LB1(L1)_915,Icc_Total_LB1(L1)_915,PAE_Total_LB1(L1)_915,E-UTRA_ACP_L_LB1(L1)_915,UTRA_ACP1_L_LB1(L1)_915,UTRA_ACP2_L_LB1(L1)_915,EVM_LB1(L1)_915,Pin_LB2(L1)_915,Pout_LB2(L1)_915,Gain_LB2(L1)_915,Pin_LB3(L1)_915,Pout_LB3(L1)_915,Gain_LB3(L1)_915,Gain_HPM_LPO_B40_2655,Gain_HPM_LPO_B7_2570,Gain_HPM_LPO_B38_2300,Gain_HPM_LPO_MB1_1710,Gain_HPM_LPO_MB2_1980,Gain_HPM_LPO_MB3_1980,Gain_HPM_LPO_MB4_1710,Gain_HPM_LPO_LB1(L1)_915,Gain_HPM_LPO_LB2(L1)_915,Gain_HPM_LPO_LB3(L1)_915,Gain_LB1_LPM_699_Normal,Gain_LB1_LPM_699_Verify,IL_RX1_B40_2496,IL_RX2_B7_2496,IL_RX2_B38_2496,IL2_RX1_B40_2496,IL2_RX2_B7_2496,IL2_RX2_B38_2496,R_VBAT,R_VIO,R_CLK,R_DATA,2fo_LB1(RFIN_L1)_699,2fo_LB1(RFIN_L1)_915,2fo_MB1_1710,2fo_MB1_1980,2fo_B7_2570,Isolation_B40_Rx1,Isolation_B40_Rx2,Isolation_B7_Rx1,Isolation_B7_Rx2,Isolation_B38_Rx1,Isolation_B38_Rx2,Mosfet_Vbat,Mosfet_VCC1,Mosfet_VCC2,Mosfet_VCC2-2,Vbat_Current_LBS,Vbat_Current_LBMB1,Vbat_Current_LBMB2,Vbat_Current_HB1,Vbat_Current_HB2,Leakage_Vbat,Leakage VCC1,Leakage VCC2,Leakage VCC2-2,Leakage_VCC1_5V,Leakage_VCC2_5V,Leakage_VCC2-2_5V,Leakage2_VIO,Leakage2_CLK,Leakage2_DATA,Test_Time,Index_Time
Low Tolerance,,,0,1,10,10,0.3,0,0,1.5,25,25,0,1.5,1.5,1.5,1,10,10,0.3,0,0,1,10,10,0.3,0,0,1.5,25,25,0,1.5,1.5,1.5,0.5,1,5,10,10,0.3,0,0,1.5,5,25,25,0,1.5,1.5,1.5,0.3,0,0,1.5,5,25,25,0,1.5,1.5,1.5,0.5,0.3,0,0,0.3,0,0,0.3,0,0,1,5,10,10,0.3,0,0,1.5,5,25,25,0,1.5,1.5,1.5,0.3,0,0,1.5,5,25,25,0,1.5,1.5,1.5,0.5,0.3,0,0,0.3,0,0,0.3,0.3,0.3,0.3,0.3,0.3,0.3,0.3,0.3,0.3,1.5,1.5,0.2,0.2,0.2,0.2,0.2,0.2,0,0,0,0,1.5,1.5,1.5,1.5,1.5,1.5,1.5,1.5,1.5,1.5,1.5,0,0,0,0,0.1,0.1,0.1,0.1,0.1,0.9,0.9,0.9,0.9,0.9,0.9,0.9,0.9,0.9,0.9,0,0
High Tolerance,,,0,1,10,10,0.3,0,0,1.5,25,25,0,1.5,1.5,1.5,1,10,10,0.3,0,0,1,10,10,0.3,0,0,1.5,25,25,0,1.5,1.5,1.5,0.5,1,5,10,10,0.3,0,0,1.5,5,25,25,0,1.5,1.5,1.5,0.3,0,0,1.5,5,25,25,0,1.5,1.5,1.5,0.5,0.3,0,0,0.3,0,0,0.3,0,0,1,5,10,10,0.3,0,0,1.5,5,25,25,0,1.5,1.5,1.5,0.3,0,0,1.5,5,25,25,0,1.5,1.5,1.5,0.5,0.3,0,0,0.3,0,0,0.3,0.3,0.3,0.3,0.3,0.3,0.3,0.3,0.3,0.3,1.5,1.5,0.2,0.2,0.2,0.2,0.2,0.2,0,0,0,0,1.5,1.5,1.5,1.5,1.5,1.5,1.5,1.5,1.5,1.5,1.5,0,0,0,0,0.1,0.1,0.1,0.1,0.1,0.9,0.9,0.9,0.9,0.9,0.9,0.9,0.9,0.9,0.9,0,0
Enable,,,0,1,1,1,1,0,0,1,1,1,0,1,1,1,1,1,1,1,0,0,1,1,1,1,0,0,1,1,1,0,1,1,1,1,1,1,1,1,1,0,0,1,1,1,1,0,1,1,1,1,0,0,1,1,1,1,0,1,1,1,1,1,0,0,1,0,0,1,0,0,1,1,1,1,1,0,0,1,1,1,1,0,1,1,1,1,0,0,1,1,1,1,0,1,1,1,1,1,0,0,1,0,0,1,1,1,1,1,1,1,1,1,1,1,1,1,1,1,1,1,1,0,0,0,0,1,1,1,1,1,1,1,1,1,1,1,0,0,0,0,1,1,1,1,1,1,1,1,1,1,1,1,1,1,1,0,0
76,1,76,0,4.239,107.928,112.167,-0.737,27.375,30.197,7.037,537.761,544.798,30.16,-41.06,-40.559,-51.1,4.251,110.713,114.963,-0.66,27.547,30.383,4.339,111.998,116.336,-2.82,27.625,29.759,7.142,540.907,548.049,30.322,-40.194,-39.575,-50.166,2.665,2.463,32.797,73.677,108.936,-1.335,27.552,28.48,5.047,40.747,454.545,500.339,32.644,-38.77,-39.089,-63.582,-1.512,27.215,29.706,5.259,44.694,473.738,523.691,30.938,-40.679,-41.164,-62.816,1.618,-1.345,27.483,29.551,-1.136,27.41,29.629,-1.476,27.484,28.737,2.647,17.173,64.002,83.822,-1.427,27.897,29.433,7.781,21.506,484.951,514.238,32.102,-39.129,-39.416,-62.928,-1.03,27.874,29.241,8.223,29.43,487.069,524.722,31.294,-40.241,-40.613,-62.658,2.227,-0.978,27.476,29.188,-0.876,27.458,28.575,28.494,29.186,30.325,29.271,28.757,28.424,28.562,28.431,28.505,28.303,-38.115,-52.642,-0.9,-0.7,-0.623,-0.895,-0.681,-0.654,999,999,999,999,2.003,-22.101,-15.585,-9.382,-10.708,-25.513,-29.475,-31.771,-30.383,-35.368,-33.346,3.401,3.403,3.402,3.402,0.646,0.651,0.63,0.636,0.616,0.615,0.007,0.212,0.076,0.005,0.283,0.126,-0.18,-0.145,-0.256,969.579,4358.041
77,1,77,0,4.262,108.116,112.378,-0.663,27.386,30.133,7.012,529.757,536.77,30.682,-40.522,-39.877,-50.909,4.346,110.751,115.097,-0.609,27.548,30.334,4.312,111.959,116.271,-2.733,27.614,29.661,7.206,542.38,549.586,30.161,-39.989,-39.433,-49.791,2.702,2.459,34.998,77.705,115.161,-1.219,27.558,28.369,4.95,42.698,463.548,511.197,31.994,-39.238,-39.559,-63.631,-1.496,27.216,29.692,5.222,46.829,486.432,538.484,30.094,-40.913,-41.407,-62.628,1.558,-1.359,27.486,29.567,-1.103,27.41,29.596,-1.372,27.482,28.631,2.65,16.604,60.51,79.764,-1.608,27.905,29.622,7.857,21.262,486.95,516.069,32.052,-39.532,-39.812,-63.17,-1.27,27.882,29.491,8.258,28.956,486.236,523.45,31.433,-39.987,-40.346,-62.452,2.274,-1.23,27.489,29.453,-1.131,27.47,28.844,28.441,29.11,30.195,29.26,28.795,28.445,28.547,28.58,28.651,28.449,-38.601,-52.922,-0.896,-0.712,-0.646,-0.898,-0.691,-0.653,999,999,999,999,0.949,-21.707,-16.858,-8.997,-10.247,-25.54,-29.192,-31.645,-30.146,-35.219,-33.115,3.401,3.403,3.402,3.402,0.656,0.661,0.64,0.647,0.627,0.623,0.003,0.211,0.082,0.006,0.282,0.13,-0.206,-0.107,-0.193,961.993,4365.581
78,1,78,0,4.178,107.597,111.775,-0.732,27.387,30.205,7.074,535.487,542.561,30.368,-40.504,-39.867,-50.936,4.272,110.267,114.539,-0.668,27.561,30.406,4.348,111.631,115.978,-2.84,27.625,29.779,7.095,534.053,541.147,30.709,-40.248,-39.604,-50.288,2.671,2.54,33.737,74.333,110.61,-1.202,27.557,28.352,5.104,41.458,461.054,507.617,32.214,-39.241,-39.563,-63.61,-1.451,27.215,29.645,5.231,45.059,463.312,513.602,31.544,-40.614,-41.112,-62.674,1.794,-1.344,27.479,29.545,-1.081,27.411,29.574,-1.419,27.473,28.669,2.716,16.443,65.799,84.958,-1.516,27.891,29.517,7.957,20.399,500.342,528.698,31.185,-39.752,-40.035,-63.052,-1.352,27.888,29.578,8.125,28.961,474.442,511.528,32.208,-39.812,-40.191,-62.409,2.369,-1.286,27.496,29.516,-1.21,27.468,28.92,28.527,29.215,30.346,29.255,28.875,28.52,28.63,28.912,28.98,28.785,-39.26,-52.915,-0.896,-0.706,-0.635,-0.9,-0.694,-0.656,999,999,999,999,2.282,-22.15,-16.147,-8.578,-8.811,-25.443,-29.279,-31.682,-30.174,-35.181,-33.171,3.4,3.403,3.403,3.402,0.654,0.66,0.639,0.645,0.625,0.606,0.009,0.212,0.084,0.008,0.277,0.133,-0.206,-0.158,-0.218,962.242,3950.987
79,1,79,0,4.09,106.362,110.452,-0.519,27.478,30.081,6.873,552.134,559.007,30.092,-40.767,-40.305,-50.713,4.175,108.788,112.963,-0.515,27.593,30.285,4.197,110.245,114.443,-2.62,27.599,29.534,6.924,542.873,549.797,30.046,-40.284,-39.725,-50.14,2.627,2.422,35.913,76.573,114.909,-1.543,27.597,28.733,4.795,43.029,462.295,510.118,32.357,-38.759,-39.076,-63.814,-1.881,27.233,30.093,5.041,46.592,479.554,531.188,30.627,-40.539,-41.03,-62.917,1.631,-1.785,27.416,29.923,-1.41,27.468,29.96,-1.774,27.49,29.041,2.734,16.892,63.717,83.343,-1.66,27.906,29.676,7.861,21.162,477.371,506.394,32.673,-39.973,-40.267,-63.044,-1.388,27.889,29.615,8.032,28.95,467.956,504.939,32.637,-39.898,-40.26,-62.401,2.455,-1.292,27.493,29.52,-1.223,27.46,28.925,28.199,28.841,30.013,29.542,29.071,28.717,28.844,28.995,29.057,28.869,-38.437,-52.837,-0.894,-0.699,-0.634,-0.908,-0.685,-0.658,999,999,999,999,0.646,-20.55,-15.186,-9.429,-10.754,-25.667,-29.492,-31.903,-30.171,-35.362,-33.121,3.401,3.403,3.402,3.403,0.65,0.657,0.635,0.641,0.62,0.63,0.008,0.194,0.082,0.009,0.275,0.132,-0.193,-0.133,-0.206,951.011,3863.162
80,1,80,0,4.115,105.355,109.469,-0.751,27.39,30.226,6.925,530.826,537.75,30.658,-40.513,-39.815,-51.117,4.184,107.605,111.789,-0.7,27.577,30.453,4.269,108.778,113.048,-2.9,27.639,29.853,6.996,524.64,531.637,31.356,-39.817,-39.084,-50.028,2.809,2.496,33.667,75.16,111.322,-1.434,27.583,28.611,5.083,41.001,445.409,491.493,33.478,-38.991,-39.315,-63.765,-1.661,27.236,29.876,5.328,44.776,478.245,528.35,30.812,-40.339,-40.829,-62.8,1.767,-1.562,27.433,29.716,-1.207,27.479,29.767,-1.636,27.479,28.892,2.77,17.451,66.115,86.336,-1.857,27.935,29.902,7.678,21.592,476.029,505.3,32.961,-39.442,-39.729,-62.987,-1.5,27.898,29.735,7.99,28.743,473.927,510.659,32.339,-39.915,-40.275,-62.264,2.435,-1.435,27.504,29.673,-1.359,27.472,29.073,28.553,29.267,30.424,29.599,28.977,28.626,28.849,29.096,29.165,28.97,-38.609,-52.749,-0.889,-0.685,-0.637,-0.877,-0.68,-0.641,999,999,999,999,0.437,-20.603,-17.435,-8.632,-10.005,-25.4,-29.463,-31.734,-30.164,-35.193,-33.157,3.401,3.403,3.403,3.403,0.647,0.653,0.632,0.638,0.618,0.584,0.004,0.209,0.076,-0.003,0.278,0.141,-0.18,-0.083,-0.206,950.187,3909.054
81,1,81,0,4.083,106.906,110.99,-0.499,27.482,30.066,7.013,553.898,560.911,30.018,-40.647,-39.989,-51.212,4.208,109.158,113.366,-0.572,27.514,30.263,4.252,110.473,114.725,-2.596,27.596,29.506,7.098,543.696,550.794,29.966,-40.313,-39.575,-50.51,2.673,2.458,33.112,73.558,109.128,-1.198,27.557,28.348,5.036,41.493,450.978,497.506,32.869,-39.019,-39.339,-63.66,-1.516,27.226,29.72,5.294,45.448,469.983,520.725,31.19,-40.339,-40.837,-62.529,1.835,-1.423,27.433,29.578,-1.082,27.459,29.623,-1.363,27.467,28.608,2.677,16.556,62.319,81.551,-1.874,27.938,29.922,7.58,20.95,460.658,489.188,34.074,-39.143,-39.426,-63.087,-1.191,27.883,29.411,8.087,28.789,475.452,512.328,32.122,-39.461,-39.805,-62.251,2.479,-1.126,27.48,29.34,-1.052,27.461,28.755,28.365,29.017,30.097,29.192,28.848,28.5,28.454,28.678,28.725,28.554,-38.058,-52.333,-0.893,-0.693,-0.632,-0.899,-0.708,-0.663,999,999,999,999,-0.938,-20.073,-16.76,-8.793,-10.215,-25.614,-29.185,-31.722,-30.261,-35.173,-33.184,3.401,3.402,3.403,3.402,0.647,0.652,0.632,0.638,0.618,0.602,0.005,0.223,0.085,0.006,0.296,0.123,-0.218,-0.133,-0.206,962.895,4271.005
82,1,82,0,4.11,101.744,105.854,-0.276,27.426,29.787,7.007,533.817,540.824,30.737,-40.814,-40.38,-50.742,4.169,103.842,108.011,-0.277,27.555,30.009,4.215,105.127,109.342,-2.308,27.565,29.188,7.134,538.049,545.183,30.057,-40.074,-39.702,-49.679,2.603,2.484,32.925,73.887,109.295,-1.196,27.558,28.346,5.091,41.437,457.504,504.032,32.447,-39.061,-39.383,-63.583,-1.474,27.209,29.662,5.353,45.533,478.051,528.938,30.587,-40.836,-41.333,-62.642,1.631,-1.38,27.459,29.56,-1.065,27.435,29.582,-1.34,27.483,28.601,2.674,16.495,63.047,82.217,-1.706,27.915,29.731,7.822,21.127,475.961,504.91,32.835,-39.776,-40.067,-63.093,-1.295,27.884,29.518,8.043,28.836,475.641,512.52,32.12,-39.843,-40.204,-62.351,2.418,-1.234,27.49,29.458,-1.158,27.463,28.862,28.026,28.635,29.667,29.175,28.766,28.427,28.451,28.811,28.871,28.687,-38.334,-52.53,-0.903,-0.72,-0.637,-0.9,-0.709,-0.664,999,999,999,999,0.381,-20.456,-16.71,-8.798,-10.271,-25.508,-29.669,-31.863,-30.197,-35.35,-33.184,3.401,3.403,3.402,3.402,0.65,0.657,0.635,0.641,0.621,0.599,0.005,0.216,0.082,0.007,0.272,0.131,-0.206,-0.158,-0.256,950.502,3377.234
83,1,83,0,4.195,106.35,110.545,-0.448,27.464,29.997,7.14,547.601,554.741,30.226,-40.823,-40.249,-51.183,4.32,108.73,113.05,-0.423,27.582,30.181,4.321,110.023,114.344,-2.497,27.586,29.397,7.284,545.194,552.479,29.805,-40.376,-39.708,-50.428,2.634,2.473,34.091,75.295,111.859,-1.451,27.587,28.632,4.897,41.541,450.459,496.898,33.143,-38.772,-39.087,-63.794,-1.76,27.223,29.962,5.225,45.148,476.354,526.726,30.82,-40.384,-40.871,-62.847,1.706,-1.644,27.436,29.803,-1.281,27.487,29.85,-1.657,27.483,28.917,2.895,17.515,68.819,89.229,-1.819,27.934,29.862,7.723,21.597,465.768,495.087,33.635,-39.253,-39.544,-63.131,-1.413,27.89,29.64,8.107,29.048,472,509.156,32.373,-39.934,-40.308,-62.01,2.451,-1.326,27.494,29.555,-1.256,27.465,28.962,28.376,28.989,29.998,29.532,28.994,28.639,28.787,29.071,29.135,28.95,-38.115,-52.475,-0.902,-0.707,-0.635,-0.924,-0.701,-0.652,999,999,999,999,0.362,-20.575,-16.305,-9.455,-9.776,-25.687,-29.162,-31.886,-30.265,-35.382,-33.255,3.401,3.403,3.402,3.402,0.662,0.667,0.646,0.652,0.633,0.606,0.005,0.208,0.084,0.006,0.284,0.134,-0.193,-0.145,-0.231,961.042,4121.106
84,1,84,0,4.099,107.331,111.431,-0.507,27.473,30.064,6.915,549.54,556.455,30.196,-40.887,-40.429,-50.875,4.167,109.692,113.858,-0.451,27.577,30.205,4.256,111.019,115.275,-2.465,27.582,29.361,6.961,541.143,548.105,30.013,-40.458,-39.903,-50.308,2.575,2.568,33.501,75.314,111.383,-1.472,27.589,28.653,5.045,41.204,456.327,502.576,32.781,-39.224,-39.542,-63.946,-1.716,27.239,29.934,5.337,44.784,474.901,525.022,31.03,-40.105,-40.595,-62.85,1.857,-1.611,27.431,29.765,-1.228,27.486,29.796,-1.7,27.482,28.96,2.686,17.144,61.791,81.621,-1.505,27.891,29.505,7.86,21.494,479.65,509.004,32.386,-39.779,-40.059,-63.2,-1.156,27.877,29.371,8.144,29.277,479.146,516.567,31.813,-40.078,-40.435,-62.419,2.33,-1.098,27.476,29.309,-0.997,27.455,28.693,28.258,28.847,29.906,29.583,28.987,28.612,28.874,28.591,28.661,28.462,-37.996,-52.481,-0.902,-0.709,-0.646,-0.901,-0.709,-0.659,999,999,999,999,0.733,-20.675,-16.537,-8.876,-10.032,-25.673,-29.417,-31.902,-30.172,-35.33,-33.098,3.401,3.403,3.403,3.403,0.653,0.66,0.639,0.643,0.624,0.59,0.001,0.21,0.079,0.011,0.276,0.138,-0.18,-0.145,-0.231,949.718,3971.04
85,1,85,0,4.162,102.886,107.048,-0.261,27.419,29.765,7.161,542.238,549.399,30.209,-40.842,-40.406,-50.711,4.255,105.136,109.391,-0.305,27.559,30.04,4.28,106.328,110.608,-2.423,27.579,29.316,7.141,527.604,534.745,30.739,-40.222,-39.667,-50.206,2.606,2.473,33.358,74.689,110.52,-1.503,27.591,28.686,4.933,40.843,452.072,497.847,33.104,-39.138,-39.456,-63.793,-1.78,27.227,29.986,5.2,44.11,470.757,520.066,31.241,-40.135,-40.626,-62.816,1.842,-1.676,27.411,29.808,-1.278,27.487,29.847,-1.741,27.481,28.999,2.695,16.848,63.999,83.542,-1.706,27.913,29.729,7.745,20.894,469.822,498.46,33.249,-39.72,-40.011,-63.048,-1.181,27.877,29.396,8.289,28.74,481.295,518.324,31.703,-40.396,-40.76,-62.36,2.321,-1.099,27.479,29.311,-1.004,27.454,28.7,28.036,28.742,29.877,29.62,29.014,28.653,28.904,28.796,28.86,28.664,-38.33,-52.58,-0.898,-0.689,-0.634,-0.905,-0.671,-0.635,999,999,999,999,-0.095,-21.352,-16.909,-8.533,-9.151,-25.516,-29.405,-31.713,-30.004,-35.136,-32.973,3.401,3.403,3.403,3.402,0.66,0.667,0.646,0.651,0.632,0.599,0.006,0.209,0.081,0.004,0.283,0.131,-0.193,-0.183,-0.206,962.065,4023.746
86,1,86,0,4.085,101.711,105.796,-0.382,27.46,29.927,6.998,529.13,536.128,31.247,-40.357,-39.647,-50.96,4.147,104.049,108.196,-0.422,27.592,30.191,4.259,105.388,109.647,-2.447,27.578,29.339,7.173,536.846,544.02,30.214,-39.97,-39.394,-49.87,2.719,2.426,31.726,70.562,104.714,-1.301,27.556,28.45,5.029,39.519,448.193,492.741,33.178,-38.494,-38.815,-63.556,-1.421,27.211,29.611,5.279,43.113,465.935,514.326,31.47,-40.502,-40.982,-62.803,1.696,-1.32,27.486,29.528,-1.058,27.412,29.551,-1.464,27.477,28.718,2.705,16.396,64.862,83.964,-1.74,27.922,29.771,7.798,20.529,471.966,500.293,33.19,-39.219,-39.497,-63.02,-1.185,27.883,29.406,8.275,28.576,478.343,515.194,31.939,-40.047,-40.415,-62.321,2.34,-1.111,27.479,29.324,-1.02,27.457,28.718,28.228,28.851,29.804,29.249,28.639,28.318,28.547,28.734,28.797,28.607,-38.751,-52.408,-0.905,-0.688,-0.642,-0.917,-0.682,-0.645,999,999,999,999,0.137,-21.675,-16.227,-9.122,-9.502,-25.53,-29.079,-31.803,-29.943,-35.257,-32.953,3.4,3.403,3.404,3.403,0.644,0.649,0.628,0.634,0.615,0.613,0.004,0.198,0.085,0.007,0.272,0.141,-0.193,-0.107,-0.243,956.423,3755.511
87,1,87,0,4.064,110.162,114.226,-0.876,27.381,30.342,6.753,546.619,553.372,29.728,-41.256,-40.799,-51.224,4.154,113.067,117.221,-0.666,27.541,30.383,4.227,114.337,118.564,-2.675,27.606,29.595,6.825,552.317,559.143,29.586,-40.213,-39.48,-50.333,2.7,2.516,32.382,72.98,107.878,-1.478,27.552,28.623,5.02,40.488,443.562,489.07,33.398,-38.851,-39.17,-63.851,-1.589,27.237,29.805,5.34,44.278,479.844,529.462,30.759,-40.158,-40.641,-62.766,1.773,-1.489,27.435,29.646,-1.121,27.486,29.689,-1.552,27.482,28.812,2.707,16.49,64.909,84.106,-1.919,27.946,29.975,7.667,20.989,464.216,492.872,33.881,-39.356,-39.645,-62.98,-1.294,27.884,29.515,8.078,28.905,475.744,512.727,32.104,-39.447,-39.809,-62.059,2.526,-1.219,27.483,29.437,-1.147,27.46,28.849,28.524,29.09,30.129,29.449,28.788,28.441,28.673,28.841,28.889,28.718,-38.195,-52.41,-0.899,-0.699,-0.642,-0.919,-0.697,-0.662,999,999,999,999,-1.051,-19.931,-16.969,-9.154,-11.428,-25.64,-29.551,-31.917,-30.172,-35.347,-33.105,3.4,3.403,3.403,3.403,0.654,0.661,0.639,0.645,0.625,0.586,0.003,0.222,0.086,0.005,0.295,0.152,-0.218,-0.133,-0.206,963.491,4136.481
88,1,88,0,4.154,104.41,108.564,-0.377,27.449,29.911,7.113,535.826,542.939,30.773,-40.989,-40.406,-51.167,4.264,106.623,110.887,-0.416,27.584,30.176,4.31,107.884,112.193,-2.462,27.578,29.355,7.301,539.109,546.41,30.083,-39.749,-39.054,-49.8,2.787,2.488,35.476,75.491,113.456,-1.313,27.557,28.464,4.918,43.107,449.297,497.321,32.883,-39.09,-39.41,-63.609,-1.585,27.232,29.796,5.18,47.011,473.026,525.216,30.967,-40.387,-40.885,-62.734,1.805,-1.457,27.456,29.635,-1.109,27.482,29.673,-1.421,27.478,28.676,2.788,16.98,66.729,86.497,-1.883,27.942,29.935,7.65,21.062,462.798,491.51,33.943,-39.493,-39.787,-63.105,-1.372,27.887,29.597,8.15,28.783,471.912,508.845,32.372,-39.681,-40.052,-62.037,2.532,-1.286,27.495,29.515,-1.221,27.458,28.921,28.225,28.887,29.957,29.372,28.941,28.584,28.628,29.041,29.095,28.918,-38.177,-52.373,-0.897,-0.687,-0.619,-0.909,-0.678,-0.663,999,999,999,999,-1.204,-19.928,-17.121,-8.547,-11.474,-25.665,-29.397,-32.022,-30.176,-35.519,-33.14,3.401,3.403,3.403,3.402,0.659,0.666,0.645,0.65,0.63,0.595,0.001,0.213,0.086,0.001,0.257,0.14,-0.243,-0.133,-0.243,965.757,4211.295
89,1,89,0,4.097,111.297,115.394,-0.896,27.379,30.359,6.764,551.937,558.701,29.432,-41.282,-40.863,-51.138,4.204,113.836,118.04,-0.716,27.55,30.443,4.302,115.134,119.437,-2.789,27.619,29.722,6.832,542.998,549.829,30.178,-40.295,-39.543,-50.52,2.676,2.512,34.199,74.463,111.174,-1.574,27.586,28.753,4.93,41.583,446.764,493.276,33.376,-39.078,-39.395,-63.909,-1.92,27.245,30.143,5.276,44.643,470.101,520.019,31.372,-39.603,-40.095,-62.753,2.075,-1.81,27.427,29.959,-1.411,27.485,29.978,-1.749,27.485,29.012,2.785,16.56,65.455,84.801,-1.798,27.926,29.833,7.633,21.093,460.531,489.257,33.973,-39.407,-39.696,-62.99,-1.224,27.879,29.441,8.121,29.009,473.358,510.489,32.21,-39.347,-39.705,-62.08,2.539,-1.127,27.48,29.342,-1.059,27.453,28.754,28.541,29.16,30.296,29.698,29.193,28.819,28.948,28.783,28.83,28.659,-37.744,-52.243,-0.897,-0.697,-0.63,-0.89,-0.707,-0.65,999,999,999,999,-1.149,-19.922,-17.177,-8.699,-10.946,-25.611,-29.57,-31.857,-30.161,-35.214,-33.09,3.401,3.403,3.402,3.402,0.654,0.661,0.639,0.645,0.625,0.614,0.001,0.223,0.091,0.003,0.29,0.131,-0.218,-0.12,-0.206,953.611,3596.436
90,1,90,0,4.238,105.26,109.498,-0.369,27.443,29.896,7.196,551.11,558.305,29.886,-41.029,-40.567,-51.035,4.334,107.959,112.293,-0.332,27.562,30.071,4.355,109.194,113.548,-2.454,27.583,29.352,7.281,538.54,545.821,30.147,-40.386,-39.726,-50.471,2.617,2.493,33.302,74.172,109.968,-1.41,27.548,28.551,5.025,41.353,455.639,502.017,32.509,-39.2,-39.52,-63.663,-1.63,27.249,29.858,5.272,45.237,475.085,525.595,31.071,-40.293,-40.789,-62.661,1.855,-1.475,27.485,29.681,-1.159,27.489,29.73,-1.507,27.479,28.763,2.709,17.213,62.111,82.033,-1.528,27.896,29.534,7.702,21.516,472.991,502.209,32.867,-39.687,-39.968,-63.294,-1.195,27.881,29.413,8.138,29.223,472.979,510.341,32.226,-39.804,-40.162,-62.327,2.42,-1.115,27.483,29.332,-1.037,27.458,28.736,28.171,28.817,29.949,29.374,28.968,28.61,28.648,28.634,28.701,28.509,-37.863,-52.391,-0.896,-0.722,-0.647,-0.917,-0.696,-0.67,999,999,999,999,0.315,-20.397,-16.575,-8.568,-9.774,-25.764,-29.184,-31.902,-30.133,-35.299,-33.087,3.401,3.403,3.403,3.402,0.662,0.671,0.65,0.653,0.634,0.595,-0.003,0.22,0.083,0.009,0.292,0.126,-0.205,-0.145,-0.206,992.707,3998.269
91,1,91,0,4.281,106.493,110.774,-0.422,27.464,29.97,7.224,536.754,543.978,30.825,-40.744,-40.106,-51.13,4.366,108.898,113.264,-0.438,27.589,30.204,4.436,110.061,114.497,-2.552,27.592,29.459,7.415,541.039,548.454,30.068,-39.847,-39.21,-49.806,2.745,2.5,32.5,74.088,109.087,-1.438,27.549,28.58,5.169,40.771,442.784,488.724,33.398,-39.193,-39.516,-63.685,-1.568,27.24,29.787,5.51,44.41,474.94,524.859,31.047,-40.225,-40.718,-62.624,1.876,-1.444,27.459,29.626,-1.102,27.485,29.669,-1.519,27.476,28.773,2.768,17.072,65.135,84.975,-1.713,27.917,29.74,7.773,21.524,464.819,494.115,33.568,-39.665,-39.96,-63.112,-1.205,27.878,29.421,8.224,29.263,477.648,515.135,31.912,-39.922,-40.287,-62.218,2.437,-1.14,27.481,29.356,-1.054,27.454,28.75,28.327,28.96,30.084,29.533,28.94,28.59,28.764,28.751,28.809,28.626,-37.691,-52.359,-0.905,-0.698,-0.646,-0.921,-0.705,-0.646,999,999,999,999,-0.557,-20.413,-17.476,-8.705,-10.538,-25.683,-29.475,-31.961,-30.19,-35.429,-33.188,3.401,3.403,3.403,3.403,0.655,0.661,0.64,0.646,0.625,0.592,0.006,0.229,0.074,0.006,0.286,0.14,-0.206,-0.195,-0.281,953.131,4282.18
92,1,92,0,4.048,109.234,113.282,-0.846,27.385,30.315,6.752,535.929,542.681,30.344,-41.049,-40.604,-50.993,4.189,112.137,116.326,-0.646,27.543,30.364,4.242,113.373,117.615,-2.604,27.595,29.513,6.986,551.04,558.026,29.572,-40.039,-39.464,-49.871,2.695,2.537,36.306,77.918,116.762,-1.599,27.588,28.781,4.982,43.503,452.821,501.307,32.861,-39.368,-39.693,-63.719,-2.01,27.284,30.273,5.261,46.837,473.354,525.452,31.331,-39.557,-40.06,-62.505,2.135,-1.899,27.459,30.08,-1.52,27.484,30.087,-1.834,27.484,29.095,2.713,17.009,64.828,84.55,-1.818,27.929,29.857,7.698,21.183,469.383,498.264,33.382,-39.532,-39.821,-63.138,-1.335,27.884,29.557,8.162,29.015,477.406,514.584,31.989,-39.88,-40.246,-62.255,2.474,-1.241,27.486,29.461,-1.163,27.457,28.861,28.514,29.063,30.02,29.788,29.358,28.968,29.088,28.909,28.965,28.783,-38.294,-52.483,-0.924,-0.725,-0.64,-0.925,-0.722,-0.668,999,999,999,999,-0.792,-20.612,-17.005,-8.317,-11.018,-25.652,-29.416,-31.954,-30.258,-35.463,-33.2,3.401,3.403,3.403,3.402,0.66,0.667,0.646,0.65,0.631,0.616,0.007,0.228,0.086,0.007,0.293,0.142,-0.218,-0.145,-0.168,960.349,3750.383
93,1,93,0,4.262,107.965,112.227,-0.775,27.39,30.249,7.053,518.715,525.768,31.351,-40.595,-39.82,-51.373,4.382,110.336,114.718,-0.688,27.576,30.44,4.4,111.583,115.984,-2.69,27.603,29.607,7.334,541.746,549.08,30.109,-39.68,-38.999,-49.603,2.823,2.566,34.179,78.203,114.948,-1.337,27.557,28.486,5.071,41.971,452.193,499.236,32.756,-39.112,-39.441,-63.33,-1.578,27.228,29.786,5.273,45.895,467.491,518.658,31.333,-40.762,-41.26,-62.546,1.715,-1.479,27.435,29.636,-1.112,27.482,29.676,-1.525,27.476,28.779,2.821,17.914,67.921,88.656,-1.768,27.923,29.801,7.861,21.527,474.817,504.205,32.943,-39.08,-39.36,-62.946,-1.29,27.887,29.515,8.302,29.045,477.03,514.377,32.023,-40.422,-40.791,-62.235,2.319,-1.217,27.485,29.437,-1.121,27.454,28.817,28.736,29.358,30.266,29.469,28.988,28.642,28.791,28.954,29.027,28.824,-38.961,-52.401,-0.907,-0.709,-0.633,-0.898,-0.678,-0.644,999,999,999,999,0.921,-21.814,-16.611,-8.897,-10.879,-25.626,-29.095,-31.904,-30.155,-35.437,-33.159,3.4,3.403,3.403,3.403,0.659,0.666,0.644,0.649,0.63,0.6,0.009,0.222,0.075,0.006,0.296,0.115,-0.193,-0.108,-0.193,954.389,3622.582
94,1,94,0,4.224,105.133,109.357,-0.504,27.487,30.076,7.136,544.248,551.384,30.576,-40.281,-39.606,-50.845,4.248,107.58,111.828,-0.603,27.497,30.277,4.335,108.945,113.28,-2.662,27.609,29.586,7.115,530.59,537.706,30.79,-40.194,-39.554,-50.245,2.673,2.527,32.228,72.488,107.242,-1.075,27.555,28.223,5.198,40.622,456.088,501.908,32.561,-39.06,-39.379,-63.752,-1.422,27.211,29.611,5.439,44.472,465.377,515.289,31.407,-40.588,-41.083,-62.637,1.789,-1.355,27.484,29.561,-1.031,27.502,29.615,-1.32,27.459,28.555,2.686,16.503,62.428,81.616,-1.62,27.904,29.634,7.765,21.088,477.958,506.81,32.634,-39.493,-39.774,-63.078,-1.285,27.882,29.503,8.118,28.507,476.041,512.665,32.088,-39.889,-40.243,-62.426,2.317,-1.207,27.489,29.43,-1.108,27.469,28.82,28.356,29.012,30.132,29.062,28.733,28.387,28.361,28.691,28.765,28.561,-38.344,-52.502,-0.901,-0.727,-0.646,-0.895,-0.71,-0.655,999,999,999,999,1.433,-21.062,-16.457,-8.334,-9.746,-25.623,-29.281,-31.816,-30.261,-35.171,-33.203,3.401,3.403,3.403,3.402,0.645,0.65,0.63,0.636,0.616,0.617,0.009,0.202,0.09,0.012,0.286,0.142,-0.231,-0.12,-0.243,956.352,3682.844
95,1,95,0,4.086,104.141,108.226,-0.516,27.484,30.084,7.051,541.61,548.661,30.702,-40.731,-40.073,-51.315,4.208,106.66,110.868,-0.603,27.473,30.253,4.202,107.925,112.127,-2.523,27.589,29.426,7.099,537.244,544.343,30.271,-40.163,-39.479,-50.342,2.688,2.556,36.661,80.378,119.595,-1.694,27.59,28.877,4.944,43.587,448.593,497.125,33.149,-39.458,-39.793,-63.759,-2.008,27.273,30.26,5.335,47.248,474.445,527.027,31.158,-39.888,-40.399,-62.573,2.049,-1.892,27.455,30.069,-1.53,27.477,30.089,-1.917,27.485,29.179,2.792,16.864,66.889,86.545,-1.797,27.937,29.844,7.713,20.986,460.732,489.431,34.045,-39.216,-39.508,-62.997,-1.215,27.878,29.43,8.157,28.614,472.018,508.789,32.304,-39.897,-40.266,-62.074,2.443,-1.135,27.483,29.352,-1.047,27.453,28.742,28.374,29.006,29.997,29.974,29.465,29.085,29.273,28.847,28.907,28.719,-38.392,-52.464,-0.922,-0.69,-0.636,-0.912,-0.704,-0.64,999,999,999,999,-0.214,-20.372,-17.742,-8.448,-10.354,-25.443,-29.2,-31.778,-29.973,-35.028,-32.902,3.401,3.403,3.402,3.403,0.655,0.662,0.641,0.645,0.626,0.601,0.005,0.218,0.074,0.004,0.289,0.137,-0.156,-0.17,-0.181,967.175,4058.349
96,1,96,0,4.162,105.398,109.56,-0.474,27.486,30.044,7.058,536.378,543.436,31.011,-40.268,-39.608,-50.73,4.229,107.731,111.96,-0.542,27.53,30.248,4.312,109.103,113.415,-2.717,27.609,29.64,7.064,530.398,537.462,30.807,-39.9,-39.317,-49.824,2.732,2.499,32.189,73.552,108.239,-1.151,27.554,28.297,5.18,40.458,461.683,507.321,32.208,-39.315,-39.637,-63.722,-1.382,27.21,29.571,5.282,44.06,465.078,514.422,31.455,-40.45,-40.94,-62.743,1.806,-1.322,27.481,29.524,-0.994,27.499,29.575,-1.334,27.477,28.589,2.707,16.976,63.907,83.589,-1.691,27.916,29.717,7.825,21.101,479.853,508.778,32.594,-39.411,-39.697,-62.993,-1.284,27.887,29.509,8.149,29.027,475.281,512.457,32.142,-39.967,-40.335,-62.451,2.35,-1.219,27.493,29.447,-1.129,27.467,28.839,28.309,28.996,30.175,29.134,28.706,28.343,28.453,28.775,28.847,28.645,-38.694,-52.5,-0.904,-0.693,-0.632,-0.925,-0.691,-0.658,999,999,999,999,1.122,-21.022,-15.685,-8.734,-9.922,-25.694,-29.25,-31.842,-30.186,-35.354,-33.213,3.401,3.403,3.403,3.403,0.634,0.639,0.618,0.625,0.604,0.627,0.003,0.226,0.089,0.01,0.282,0.137,-0.218,-0.12,-0.206,956.775,4064.237
97,1,97,0,4.218,103.489,107.708,-0.35,27.441,29.875,7.179,538.379,545.558,30.571,-40.908,-40.374,-51.081,4.299,105.835,110.134,-0.331,27.563,30.071,4.38,107.069,111.449,-2.447,27.579,29.341,7.286,540.893,548.179,29.991,-40.084,-39.518,-50.008,2.65,2.405,31.609,71.145,105.159,-1.296,27.554,28.443,5.261,40.355,450.078,495.693,32.965,-38.984,-39.304,-63.675,-1.394,27.207,29.58,5.505,44.12,477.124,526.749,30.695,-40.461,-40.946,-62.733,1.725,-1.311,27.476,29.509,-1.024,27.467,29.573,-1.384,27.478,28.64,2.723,16.468,65.805,84.996,-1.673,27.911,29.693,7.738,21.016,472.462,501.216,33.044,-39.656,-39.95,-63.023,-1.149,27.876,29.363,8.165,28.839,479.149,516.154,31.828,-39.908,-40.274,-62.101,2.385,-1.1,27.48,29.314,-1.008,27.458,28.708,28.148,28.753,29.88,29.28,28.664,28.324,28.505,28.717,28.781,28.591,-38.104,-52.418,-0.911,-0.723,-0.648,-0.922,-0.705,-0.666,999,999,999,999,0.044,-20.528,-17.424,-8.917,-10.133,-25.716,-29.448,-31.936,-30.148,-35.401,-33.135,3.401,3.403,3.402,3.402,0.656,0.662,0.641,0.646,0.627,0.601,0.008,0.216,0.084,0.008,0.289,0.129,-0.206,-0.17,-0.193,952.46,3764.114
98,1,98,0,4.056,107.373,111.43,-0.9,27.387,30.372,6.765,537.872,544.637,30.25,-40.797,-40.319,-50.786,4.119,110.089,114.208,-0.783,27.58,30.539,4.251,111.523,115.774,-2.863,27.632,29.809,6.849,535.79,542.639,30.67,-39.826,-39.217,-49.768,2.772,2.556,33.9,77.077,113.532,-1.355,27.55,28.498,5.091,41.709,457.57,504.37,32.368,-39.298,-39.621,-63.812,-1.646,27.231,29.856,5.28,45.176,477.331,527.787,30.808,-40.415,-40.908,-62.733,1.761,-1.541,27.406,29.669,-1.135,27.484,29.701,-1.475,27.479,28.732,2.715,17.044,64.297,84.056,-1.676,27.911,29.697,7.565,21.425,466.913,495.902,33.398,-39.067,-39.351,-62.935,-1.193,27.878,29.409,8.038,28.942,475.982,512.96,32.047,-39.729,-40.082,-62.217,2.42,-1.115,27.479,29.329,-1.027,27.455,28.724,28.531,29.207,30.314,29.408,28.963,28.596,28.68,28.647,28.716,28.522,-37.928,-52.255,-0.899,-0.689,-0.647,-0.903,-0.691,-0.649,999,999,999,999,0.555,-21.23,-16.538,-8.801,-11.102,-25.514,-29.234,-31.741,-30.156,-35.12,-33.141,3.401,3.403,3.403,3.402,0.652,0.658,0.637,0.643,0.623,0.62,0.003,0.199,0.072,0.007,0.281,0.137,-0.218,-0.108,-0.181,953.889,3843.102
99,1,99,0,4.058,101.976,106.035,-0.245,27.418,29.747,7.162,538.067,545.228,30.429,-40.727,-40.208,-50.88,4.224,104.479,108.703,-0.234,27.548,29.958,4.248,105.608,109.856,-2.337,27.571,29.222,7.19,532.229,539.419,30.416,-40.308,-39.794,-50.247,2.583,2.468,32.363,71.125,105.955,-1.476,27.553,28.621,5.108,40.405,447.617,493.13,33.13,-39.026,-39.34,-64.014,-1.54,27.262,29.782,5.345,44.154,474.36,523.859,31.266,-39.828,-40.314,-62.893,1.932,-1.411,27.486,29.619,-1.122,27.459,29.662,-1.578,27.482,28.838,2.694,15.919,61.465,80.078,-1.643,27.91,29.662,7.662,20.458,464.131,492.25,33.642,-39.481,-39.761,-63.196,-1.045,27.873,29.256,8.206,28.376,476.788,513.369,31.979,-39.716,-40.066,-62.432,2.388,-0.956,27.47,29.16,-0.864,27.455,28.56,28.031,28.67,29.752,29.374,28.731,28.368,28.629,28.49,28.555,28.367,-38.061,-52.499,-0.899,-0.711,-0.653,-0.9,-0.708,-0.671,999,999,999,999,-0.37,-20.361,-17.12,-8.665,-8.668,-25.523,-29.415,-31.726,-29.997,-35.131,-32.977,3.401,3.402,3.403,3.403,0.653,0.659,0.639,0.644,0.624,0.616,0.007,0.206,0.072,0.003,0.283,0.14,-0.206,-0.145,-0.218,975.772,3992.538
100,1,100,0,4.16,105.005,109.165,-0.757,27.387,30.228,7.022,526.02,533.043,30.904,-40.617,-39.968,-51.137,4.313,107.825,112.137,-0.656,27.573,30.406,4.325,108.995,113.319,-2.743,27.617,29.674,7.167,536.987,544.154,30.479,-39.65,-38.961,-49.696,2.852,2.502,34.426,76.215,113.143,-1.603,27.584,28.78,5.03,41.787,443.649,490.466,33.55,-39.084,-39.412,-63.665,-1.975,27.28,30.234,5.249,45.093,463.83,514.171,31.989,-39.714,-40.221,-62.565,2.141,-1.897,27.45,30.068,-1.525,27.484,30.091,-1.868,27.483,29.129,2.731,17.226,68.444,88.401,-1.777,27.929,29.816,7.584,21.131,463.146,491.861,33.816,-38.916,-39.208,-62.972,-1.156,27.879,29.372,8.212,28.845,482.304,519.362,31.652,-40.366,-40.733,-62.258,2.308,-1.075,27.481,29.29,-0.983,27.451,28.676,28.565,29.222,30.221,29.825,29.392,29.029,29.138,28.803,28.866,28.674,-38.379,-52.514,-0.901,-0.688,-0.62,-0.921,-0.684,-0.644,999,999,999,999,0.247,-21.608,-17.609,-8.067,-11.528,-25.592,-29.406,-31.764,-30.11,-35.182,-33.118,3.401,3.403,3.403,3.402,0.656,0.662,0.641,0.647,0.627,0.603,-0.001,0.214,0.079,0.005,0.283,0.127,-0.206,-0.095,-0.168,960.264,4277.293
101,1,101,0,3.731,102.122,105.852,-1.182,27.576,30.878,6.494,504.414,510.908,32.165,-41.416,-41.397,-51.144,3.830,104.354,108.184,-0.770,27.587,30.276,3.841,105.313,109.155,-2.782,27.816,29.720,6.678,500.465,507.144,32.701,-39.021,-38.460,-49.131,2.925,2.131,31.819,73.242,107.192,-1.395,27.837,28.650,4.806,40.825,450.505,496.137,32.812,-39.697,-40.037,-63.466,-1.283,27.520,29.644,5.007,43.953,451.719,500.678,33.149,-39.809,-40.363,-62.452,2.197,-1.055,27.472,29.194,-0.730,27.482,29.402,-1.334,27.442,28.740,2.219,14.852,59.505,76.576,-1.263,27.628,28.738,7.668,20.747,503.570,531.984,30.541,-39.290,-39.620,-63.078,-0.612,28.061,28.647,7.770,28.021,490.308,526.100,31.111,-40.117,-40.605,-62.914,1.886,-0.826,27.442,28.395,-0.561,27.442,27.762,28.998,29.311,30.028,28.739,28.607,28.254,28.507,27.845,27.943,27.712,-37.841,-51.791,-0.360,-0.369,-0.333,-0.365,-0.394,-0.343,999,999,999,999,0.237,-21.568,-15.660,-7.402,-10.556,-26.026,-29.670,-32.446,-30.239,-35.762,-33.187,3.405,3.409,3.408,3.406,0.607,0.607,0.586,0.597,0.576,0.537,0.000,0.081,0.042,0.003,0.141,0.093,0.616,0.746,0.639,965.257,4616.246
102,1,102,0,3.682,98.104,101.786,-0.738,27.617,30.476,6.561,509.381,515.942,32.154,-41.371,-41.677,-50.598,3.787,99.993,103.781,-0.485,27.526,29.929,3.834,100.922,104.756,-2.521,27.788,29.429,6.638,501.979,508.617,32.389,-39.027,-38.849,-48.881,2.757,2.063,30.762,72.794,105.620,-1.234,27.843,28.495,4.834,40.179,443.968,488.982,33.339,-39.736,-40.083,-63.245,-1.117,27.489,29.448,4.956,43.660,451.875,500.491,32.925,-40.011,-40.570,-62.225,2.124,-0.872,27.454,28.993,-0.560,27.458,29.208,-1.134,27.453,28.551,2.207,15.675,59.224,77.107,-1.390,27.632,28.868,7.611,21.406,497.555,526.573,30.878,-39.169,-39.501,-63.190,-0.717,28.056,28.748,7.787,28.366,493.064,529.217,30.899,-40.484,-40.968,-62.847,1.858,-0.909,27.438,28.474,-0.642,27.426,27.827,28.486,28.828,29.608,28.679,28.529,28.166,28.428,27.949,28.051,27.815,-37.801,-51.770,-0.376,-0.429,-0.347,-0.310,-0.435,-0.361,999,999,999,999,-0.047,-21.600,-15.654,-7.333,-10.765,-25.979,-29.565,-32.363,-30.195,-35.677,-33.116,3.406,3.408,3.407,3.405,0.609,0.607,0.588,0.599,0.604,0.560,-0.002,0.078,0.044,0.005,0.136,0.092,0.653,0.759,0.627,966.124,4368.979
103,1,103,0,3.891,107.536,111.427,-1.304,27.584,31.008,6.743,517.807,524.550,31.389,-41.263,-41.174,-51.050,4.030,110.094,114.124,-1.042,27.482,30.442,4.038,111.333,115.372,-3.166,27.877,30.164,6.670,499.091,505.761,33.258,-38.793,-37.971,-49.254,3.071,2.171,31.613,73.770,107.553,-1.558,27.831,28.807,4.805,40.652,444.132,489.589,33.204,-39.681,-40.024,-63.320,-1.315,27.524,29.681,5.090,43.672,462.213,510.975,32.512,-40.002,-40.544,-62.484,2.068,-1.059,27.472,29.198,-0.727,27.477,29.395,-1.462,27.435,28.861,2.211,14.920,58.995,76.126,-1.378,27.634,28.859,7.528,21.046,494.304,522.878,31.114,-39.078,-39.405,-63.264,-0.626,28.056,28.656,7.739,27.936,486.625,522.300,31.307,-39.848,-40.321,-62.664,2.047,-0.816,27.457,28.400,-0.576,27.422,27.756,29.126,29.522,30.555,28.913,28.602,28.229,28.652,27.874,27.971,27.744,-37.887,-51.758,-0.356,-0.345,-0.356,-0.370,-0.367,-0.362,999,999,999,999,-0.694,-20.957,-15.617,-7.232,-11.235,-26.072,-29.328,-32.481,-30.081,-35.762,-32.967,3.404,3.408,3.407,3.407,0.607,0.607,0.587,0.597,0.577,0.552,0.001,0.077,0.049,-0.002,0.130,0.096,0.665,0.722,0.627,964.665,4330.163
104,1,104,0,3.858,101.848,105.706,-1.081,27.578,30.779,6.649,507.530,514.179,31.976,-41.251,-41.267,-50.970,3.873,103.736,107.608,-0.741,27.578,30.236,3.938,104.646,108.584,-2.867,27.829,29.817,6.696,489.953,496.649,33.490,-38.942,-38.375,-49.167,2.928,2.139,29.696,71.025,102.861,-1.386,27.834,28.638,4.760,38.939,444.914,488.614,33.294,-39.819,-40.158,-63.461,-1.228,27.508,29.578,4.878,41.943,444.989,491.810,33.654,-39.439,-39.999,-62.213,2.371,-1.019,27.462,29.148,-0.686,27.473,29.350,-1.335,27.445,28.744,2.213,15.817,57.291,75.320,-1.372,27.634,28.853,7.789,21.239,507.680,536.708,30.313,-39.090,-39.407,-63.402,-0.884,28.064,28.923,7.705,28.057,483.374,519.137,31.554,-40.367,-40.851,-63.178,1.828,-1.080,27.446,28.653,-0.819,27.432,28.009,28.937,29.290,30.195,28.717,28.547,28.188,28.496,28.019,28.129,27.892,-38.260,-51.852,-0.362,-0.349,-0.334,-0.362,-0.384,-0.369,999,999,999,999,1.298,-21.272,-14.300,-6.656,-10.160,-25.958,-29.348,-32.384,-30.145,-35.723,-33.044,3.405,3.409,3.408,3.407,0.625,0.624,0.606,0.615,0.595,0.546,0.000,0.048,0.040,0.001,0.145,0.060,0.653,0.709,0.652,965.720,4575.696
105,1,105,0,3.724,102.093,105.817,-1.294,27.593,31.008,6.510,506.656,513.166,32.150,-40.674,-40.573,-50.701,3.852,104.287,108.138,-1.089,27.483,30.491,3.817,105.572,109.389,-3.116,27.865,30.102,6.477,492.644,499.121,33.609,-38.434,-37.794,-48.703,3.099,2.035,28.618,68.793,99.446,-1.266,27.850,28.534,4.685,38.668,443.290,486.642,33.548,-39.296,-39.634,-63.462,-1.107,27.488,29.436,4.885,42.112,451.755,498.752,33.033,-40.194,-40.718,-62.587,1.923,-0.866,27.463,28.996,-0.559,27.461,29.211,-1.235,27.443,28.643,2.092,15.069,55.462,72.623,-1.228,27.633,28.707,7.706,21.032,510.017,538.756,30.184,-39.228,-39.544,-63.421,-0.852,28.056,28.882,7.522,27.761,478.459,513.742,31.831,-39.937,-40.421,-63.217,1.884,-1.086,27.436,28.649,-0.814,27.439,28.013,29.015,29.407,30.330,28.433,28.171,27.825,28.197,27.896,28.004,27.772,-38.096,-51.835,-0.340,-0.360,-0.352,-0.345,-0.375,-0.379,999,999,999,999,1.260,-21.211,-15.857,-7.593,-10.229,-26.026,-29.565,-32.479,-30.164,-35.807,-33.078,3.404,3.408,3.408,3.405,0.598,0.597,0.578,0.588,0.567,0.554,0.001,0.094,0.047,-0.001,0.135,0.100,0.677,0.722,0.664,948.804,4472.347
106,1,106,0,3.766,103.544,107.310,-1.092,27.578,30.791,6.584,513.397,519.981,31.620,-41.446,-41.417,-51.126,3.836,106.108,109.944,-0.760,27.588,30.266,3.948,107.263,111.211,-2.924,27.838,29.882,6.623,502.330,508.953,32.747,-39.033,-38.363,-49.330,2.960,2.047,30.215,71.814,104.075,-1.449,27.838,28.705,4.713,39.374,440.353,484.439,33.610,-39.593,-39.932,-63.353,-1.338,27.528,29.708,4.838,42.460,440.926,488.223,34.061,-39.595,-40.153,-62.212,2.319,-1.154,27.477,29.298,-0.818,27.493,29.502,-1.403,27.442,28.809,2.172,14.963,56.443,73.577,-1.278,27.637,28.761,7.521,20.965,494.682,523.168,31.115,-39.293,-39.602,-63.490,-0.928,28.067,28.969,7.572,27.278,470.731,505.580,32.423,-39.922,-40.400,-63.025,1.911,-1.121,27.444,28.693,-0.878,27.434,28.070,28.887,29.269,30.183,28.802,28.702,28.346,28.572,28.058,28.162,27.934,-37.809,-51.871,-0.356,-0.372,-0.351,-0.314,-0.344,-0.326,999,999,999,999,0.694,-20.241,-15.406,-7.259,-10.928,-26.105,-29.690,-32.594,-30.383,-35.930,-33.274,3.405,3.408,3.407,3.406,0.594,0.593,0.572,0.584,0.562,0.547,0.000,0.093,0.041,0.001,0.150,0.104,0.653,0.783,0.639,968.832,4232.905
107,1,107,0,3.876,107.080,110.955,-1.242,27.595,30.957,6.732,512.604,519.337,31.787,-41.011,-40.783,-51.224,3.979,109.701,113.680,-1.015,27.484,30.416,4.050,110.898,114.948,-3.093,27.862,30.076,6.657,497.144,503.801,33.270,-38.914,-38.137,-49.355,3.028,2.120,30.597,73.465,106.181,-1.490,27.831,28.740,4.826,39.689,442.505,487.020,33.383,-39.593,-39.937,-63.336,-1.328,27.526,29.696,4.969,42.786,451.386,499.142,33.301,-40.284,-40.818,-62.571,1.957,-1.090,27.478,29.236,-0.768,27.485,29.444,-1.443,27.439,28.846,2.268,15.854,59.945,78.068,-1.457,27.641,28.944,7.690,21.294,501.820,530.804,30.696,-39.488,-39.820,-63.392,-0.852,28.060,28.886,7.726,28.544,484.313,520.583,31.439,-40.736,-41.231,-62.910,1.821,-1.070,27.433,28.631,-0.807,27.425,27.991,29.162,29.528,30.490,28.817,28.589,28.228,28.581,28.161,28.261,28.027,-38.232,-52.012,-0.351,-0.374,-0.372,-0.344,-0.388,-0.388,999,999,999,999,0.468,-21.412,-16.145,-7.769,-10.066,-26.059,-29.327,-32.478,-30.224,-35.798,-33.116,3.405,3.409,3.407,3.406,0.607,0.606,0.585,0.596,0.575,0.551,-0.001,0.092,0.045,0.002,0.131,0.101,0.665,0.796,0.639,958.784,4209.914
108,1,108,0,3.640,96.405,100.045,-0.684,27.599,30.403,6.526,504.713,511.239,32.310,-41.497,-41.820,-50.695,3.735,98.511,102.247,-0.428,27.517,29.863,3.775,99.566,103.341,-2.482,27.786,29.389,6.539,502.072,508.611,32.376,-38.907,-38.740,-48.702,2.785,1.995,28.730,68.369,99.094,-1.196,27.848,28.463,4.723,38.612,441.981,485.317,33.630,-39.532,-39.872,-63.362,-1.103,27.488,29.433,4.740,41.716,437.300,483.756,34.057,-39.828,-40.367,-62.236,2.181,-0.875,27.456,28.998,-0.556,27.458,29.205,-1.144,27.451,28.559,2.160,14.727,58.039,74.926,-1.349,27.639,28.835,7.605,20.431,504.403,532.438,30.591,-39.693,-40.014,-63.415,-0.809,28.066,28.849,7.576,27.865,478.521,513.963,31.888,-40.066,-40.558,-62.960,1.869,-1.015,27.439,28.580,-0.758,27.442,27.960,28.387,28.729,29.531,28.481,28.342,27.986,28.238,28.017,28.114,27.890,-38.294,-52.056,-0.347,-0.349,-0.342,-0.363,-0.355,-0.333,999,999,999,999,0.778,-21.466,-15.730,-7.420,-10.999,-26.100,-29.369,-32.484,-30.222,-35.874,-33.134,3.404,3.408,3.407,3.406,0.587,0.586,0.567,0.577,0.556,0.548,0.003,0.083,0.041,-0.001,0.142,0.092,0.628,0.746,0.627,959.559,4432.043
109,1,109,0,3.665,96.827,100.492,-0.716,27.602,30.438,6.587,509.015,515.602,32.061,-41.596,-41.961,-50.677,3.734,98.891,102.625,-0.460,27.522,29.901,3.857,100.023,103.881,-2.516,27.790,29.427,6.612,500.664,507.276,32.494,-39.045,-38.849,-48.848,2.761,2.116,30.582,73.534,106.233,-1.261,27.845,28.524,4.738,39.803,444.130,488.671,33.374,-39.794,-40.142,-63.295,-1.119,27.488,29.448,4.969,43.244,448.302,496.515,33.184,-40.281,-40.836,-62.226,2.016,-0.886,27.457,29.011,-0.577,27.460,29.227,-1.193,27.450,28.607,2.219,15.207,57.917,75.343,-1.246,27.633,28.727,7.654,21.180,503.260,532.094,30.570,-39.718,-40.040,-63.432,-0.882,28.057,28.914,7.608,27.830,476.724,512.163,31.935,-40.322,-40.805,-62.935,1.872,-1.095,27.439,28.661,-0.838,27.430,28.027,28.451,28.796,29.604,28.749,28.572,28.212,28.511,28.099,28.198,27.969,-37.784,-52.007,-0.372,-0.380,-0.334,-0.356,-0.374,-0.356,999,999,999,999,0.681,-21.554,-15.642,-7.283,-10.916,-26.026,-29.703,-32.443,-30.208,-35.776,-33.143,3.405,3.408,3.408,3.407,0.603,0.603,0.583,0.593,0.572,0.576,0.005,0.106,0.048,-0.001,0.150,0.080,0.653,0.734,0.676,959.091,4572.970
110,1,110,0,3.765,97.272,101.037,-0.832,27.670,30.622,6.570,506.809,513.379,32.711,-40.866,-40.867,-50.685,3.819,99.309,103.128,-0.637,27.561,30.117,3.858,100.566,104.424,-2.720,27.805,29.646,6.582,497.473,504.054,32.815,-38.939,-38.595,-48.911,2.857,2.047,30.461,70.167,102.675,-1.292,27.846,28.555,4.634,39.406,438.350,482.390,33.814,-39.743,-40.088,-63.466,-1.031,27.479,29.352,4.815,43.094,452.957,500.866,32.825,-40.456,-40.986,-62.504,1.830,-0.778,27.456,28.901,-0.470,27.450,29.111,-1.219,27.450,28.633,2.174,14.877,59.246,76.296,-1.295,27.631,28.773,7.692,20.514,505.262,533.468,30.475,-39.404,-39.726,-63.200,-0.697,28.067,28.738,7.705,27.837,487.169,522.710,31.360,-40.264,-40.767,-62.795,1.795,-0.900,27.452,28.480,-0.644,27.450,27.853,28.713,29.074,29.846,28.649,28.276,27.906,28.403,27.926,28.027,27.801,-38.141,-52.067,-0.335,-0.336,-0.326,-0.319,-0.400,-0.363,999,999,999,999,1.182,-21.470,-15.753,-7.311,-9.261,-26.040,-29.456,-32.486,-30.231,-35.861,-33.131,3.405,3.409,3.407,3.406,0.603,0.601,0.582,0.592,0.571,0.558,0.005,0.067,0.040,0.005,0.154,0.100,0.677,0.783,0.652,965.612,4229.079
111,1,111,0,3.742,98.982,102.725,-0.930,27.685,30.736,6.799,534.902,541.701,31.107,-40.922,-40.947,-50.528,3.828,101.751,105.579,-0.699,27.566,30.184,3.884,103.193,107.077,-2.792,27.818,29.732,6.543,499.388,505.930,32.792,-39.432,-39.013,-49.479,2.765,2.070,29.435,70.572,102.077,-1.139,27.851,28.408,4.738,39.466,443.186,487.391,33.509,-39.458,-39.797,-63.283,-1.145,27.493,29.480,4.876,43.024,447.898,495.797,33.269,-40.378,-40.916,-62.444,1.907,-0.902,27.463,29.033,-0.595,27.463,29.248,-1.074,27.454,28.492,2.224,15.430,58.931,76.585,-1.434,27.640,28.921,7.574,21.018,495.669,524.261,31.073,-39.608,-39.934,-63.497,-0.812,28.064,28.850,7.715,28.128,485.607,521.449,31.414,-40.592,-41.087,-63.010,1.805,-1.006,27.445,28.578,-0.744,27.437,27.940,28.769,29.146,29.986,28.417,28.376,28.028,28.170,28.056,28.152,27.920,-37.922,-51.858,-0.354,-0.331,-0.345,-0.341,-0.390,-0.371,999,999,999,999,-0.003,-21.636,-15.845,-7.395,-9.235,-25.913,-29.530,-32.363,-30.096,-35.672,-33.031,3.406,3.408,3.407,3.406,0.594,0.594,0.573,0.584,0.563,0.544,-0.002,0.093,0.036,0.006,0.158,0.098,0.640,0.784,0.627,961.968,4576.253
112,1,112,0,3.690,100.452,104.141,-0.939,27.692,30.752,6.572,520.889,527.461,32.001,-40.839,-40.860,-50.581,3.698,102.725,106.423,-0.725,27.570,30.213,3.843,103.905,107.748,-2.833,27.825,29.779,6.466,495.329,501.795,33.115,-39.013,-38.584,-49.059,2.876,2.048,29.562,69.734,101.343,-1.352,27.839,28.609,4.664,39.015,436.185,479.865,33.942,-39.354,-39.692,-63.363,-1.204,27.504,29.550,4.837,42.478,443.976,491.291,33.658,-40.060,-40.601,-62.476,2.045,-0.980,27.469,29.116,-0.660,27.476,29.326,-1.294,27.449,28.708,2.105,15.026,56.613,73.745,-1.399,27.642,28.888,7.536,20.821,498.505,526.862,30.939,-39.274,-39.583,-63.415,-0.952,28.066,28.994,7.525,27.410,474.506,509.441,32.176,-40.076,-40.558,-63.009,1.853,-1.156,27.441,28.724,-0.900,27.436,28.095,28.730,29.117,29.991,28.638,28.418,28.059,28.389,28.083,28.183,27.955,-38.299,-52.055,-0.349,-0.347,-0.321,-0.329,-0.358,-0.344,999,999,999,999,1.159,-21.175,-15.965,-7.682,-10.330,-26.188,-29.345,-32.576,-30.341,-35.868,-33.250,3.404,3.409,3.407,3.407,0.585,0.584,0.564,0.575,0.553,0.555,0.002,0.091,0.045,0.005,0.152,0.100,0.677,0.796,0.639,961.625,4342.625
113,1,113,0,3.812,103.373,107.184,-1.258,27.586,30.965,6.523,502.259,508.782,32.381,-41.398,-41.336,-51.179,3.937,105.807,109.744,-1.016,27.483,30.417,3.982,106.986,110.968,-3.015,27.847,29.984,6.646,500.592,507.238,32.931,-38.933,-38.322,-49.089,2.969,2.044,29.426,70.058,101.527,-1.179,27.850,28.447,4.747,38.973,443.425,487.146,33.517,-39.335,-39.677,-63.472,-1.148,27.490,29.480,4.834,42.396,440.992,488.223,33.762,-40.330,-40.861,-62.449,1.925,-0.921,27.466,29.055,-0.615,27.464,29.270,-1.172,27.449,28.586,2.197,13.852,58.807,74.856,-1.234,27.636,28.717,7.858,19.777,512.696,540.331,30.120,-39.487,-39.800,-63.160,-0.754,28.072,28.800,7.726,27.204,477.176,512.106,32.047,-39.589,-40.096,-62.688,1.875,-0.984,27.441,28.553,-0.722,27.460,27.941,29.065,29.435,30.288,28.418,28.315,27.979,28.210,27.952,28.053,27.832,-38.533,-52.093,-0.345,-0.370,-0.335,-0.335,-0.361,-0.362,999,999,999,999,1.857,-21.411,-15.647,-7.396,-10.732,-26.066,-29.273,-32.565,-30.202,-35.945,-33.078,3.406,3.408,3.407,3.405,0.599,0.598,0.578,0.589,0.568,0.564,-0.001,0.102,0.045,0.002,0.127,0.101,0.677,0.759,0.627,958.225,4169.739
114,1,114,0,3.827,104.702,108.529,-1.138,27.571,30.830,6.747,520.617,527.364,31.132,-41.601,-41.660,-51.087,3.968,107.336,111.305,-0.767,27.578,30.263,4.030,108.545,112.575,-2.931,27.837,29.889,6.732,500.995,507.727,32.822,-39.330,-38.701,-49.540,2.873,2.178,31.430,74.246,107.854,-1.375,27.839,28.632,4.873,40.770,448.472,494.116,32.960,-39.946,-40.295,-63.314,-1.270,27.513,29.625,5.020,44.131,456.720,505.871,32.759,-40.525,-41.063,-62.587,1.849,-1.014,27.471,29.153,-0.696,27.476,29.363,-1.315,27.446,28.725,2.230,15.389,57.123,74.742,-1.265,27.633,28.744,7.670,21.318,498.555,527.542,30.831,-39.584,-39.909,-63.438,-0.678,28.062,28.714,7.733,28.240,486.468,522.441,31.341,-40.536,-41.021,-63.170,1.804,-0.899,27.468,28.495,-0.630,27.441,27.830,28.928,29.280,30.219,28.737,28.566,28.205,28.497,27.852,27.954,27.723,-37.695,-51.849,-0.345,-0.353,-0.353,-0.295,-0.369,-0.342,999,999,999,999,0.291,-21.375,-15.797,-7.139,-10.395,-26.123,-29.415,-32.402,-29.984,-35.690,-32.878,3.405,3.409,3.407,3.406,0.610,0.609,0.590,0.600,0.579,0.554,0.002,0.069,0.048,0.003,0.159,0.096,0.665,0.722,0.639,959.904,4632.000
115,1,115,0,3.735,96.055,99.790,-0.854,27.670,30.644,6.533,498.819,505.352,33.229,-40.867,-40.989,-50.523,3.717,98.083,101.800,-0.647,27.562,30.127,3.853,99.166,103.020,-2.714,27.807,29.642,6.609,493.686,500.294,33.075,-38.589,-38.400,-48.417,2.861,2.083,29.687,69.350,101.119,-1.425,27.835,28.678,4.697,38.894,438.208,481.799,33.774,-39.701,-40.036,-63.586,-1.280,27.523,29.644,4.912,41.982,438.186,485.080,34.240,-39.525,-40.078,-62.422,2.344,-1.093,27.472,29.232,-0.755,27.484,29.430,-1.398,27.442,28.805,2.234,14.550,58.037,74.821,-1.227,27.635,28.708,7.735,20.422,507.666,535.823,30.365,-39.588,-39.899,-63.313,-0.937,28.068,28.979,7.478,27.405,468.551,503.434,32.572,-39.736,-40.232,-63.049,1.906,-1.149,27.451,28.727,-0.909,27.441,28.109,28.637,28.990,29.785,28.774,28.600,28.236,28.557,28.121,28.220,27.997,-38.183,-52.153,-0.351,-0.376,-0.321,-0.324,-0.389,-0.351,999,999,999,999,1.723,-21.439,-15.439,-7.467,-10.233,-25.941,-29.297,-32.362,-30.175,-35.748,-33.077,3.405,3.408,3.407,3.405,0.614,0.613,0.594,0.604,0.583,0.561,-0.004,0.084,0.043,0.000,0.154,0.112,0.665,0.771,0.652,958.798,4768.894
116,1,116,0,3.665,96.768,100.433,-0.794,27.633,30.548,6.556,515.237,521.793,31.913,-41.251,-41.492,-50.501,3.717,98.985,102.701,-0.545,27.535,29.999,3.765,100.176,103.941,-2.587,27.795,29.503,6.591,503.945,510.536,32.321,-39.127,-38.900,-48.893,2.772,2.047,29.719,70.161,101.926,-1.119,27.849,28.385,4.767,39.752,443.564,488.083,33.440,-39.387,-39.733,-63.305,-1.022,27.478,29.341,4.953,43.698,456.065,504.716,32.566,-40.860,-41.385,-62.574,1.663,-0.748,27.457,28.873,-0.454,27.448,29.093,-1.035,27.457,28.456,2.131,15.891,54.917,72.939,-1.331,27.637,28.816,7.573,21.382,497.160,526.114,30.946,-39.609,-39.924,-63.646,-0.828,28.062,28.865,7.612,28.532,479.532,515.676,31.751,-40.412,-40.894,-63.222,1.840,-1.034,27.432,28.593,-0.768,27.435,27.963,28.486,28.826,29.597,28.372,28.176,27.827,28.109,27.908,28.004,27.778,-37.857,-51.984,-0.361,-0.339,-0.354,-0.352,-0.362,-0.377,999,999,999,999,0.161,-21.257,-16.061,-7.633,-10.158,-26.011,-29.388,-32.483,-30.216,-35.816,-33.148,3.404,3.408,3.407,3.405,0.592,0.591,0.571,0.581,0.560,0.560,-0.001,0.076,0.043,-0.002,0.133,0.085,0.653,0.722,0.676,962.022,4629.590
117,1,117,0,3.895,105.578,109.473,-1.426,27.603,31.149,6.664,497.732,504.396,32.790,-40.949,-40.639,-51.377,3.954,107.948,111.902,-1.190,27.492,30.600,4.063,109.230,113.293,-3.143,27.870,30.133,6.767,500.101,506.867,33.126,-38.729,-37.963,-49.070,3.079,2.192,30.780,72.378,105.351,-1.607,27.832,28.857,4.818,39.554,439.774,484.146,33.588,-39.694,-40.032,-63.469,-1.402,27.543,29.787,4.923,42.340,441.540,488.803,34.139,-39.749,-40.293,-62.421,2.205,-1.218,27.487,29.373,-0.865,27.500,29.556,-1.604,27.434,29.002,2.205,15.312,53.905,71.423,-1.263,27.634,28.744,7.869,21.025,505.810,534.703,30.425,-39.145,-39.451,-63.437,-0.750,28.070,28.794,7.743,28.162,478.746,514.651,31.872,-39.886,-40.373,-63.247,1.834,-0.972,27.450,28.550,-0.708,27.456,27.924,29.303,29.656,30.460,28.946,28.706,28.328,28.741,27.752,27.853,27.620,-38.266,-52.122,-0.328,-0.377,-0.334,-0.340,-0.397,-0.349,999,999,999,999,1.706,-21.342,-15.805,-7.483,-9.661,-26.118,-29.163,-32.501,-30.228,-35.872,-33.122,3.405,3.409,3.407,3.406,0.612,0.611,0.592,0.602,0.581,0.556,-0.004,0.083,0.045,-0.004,0.161,0.066,0.653,0.709,0.639,959.452,4855.132
118,1,118,0,3.832,105.115,108.946,-1.251,27.584,30.956,6.767,513.671,520.438,31.640,-41.128,-41.084,-50.883,3.971,107.781,111.752,-0.976,27.483,30.377,4.063,109.033,113.096,-3.058,27.855,30.034,6.661,493.996,500.657,33.420,-39.013,-38.341,-49.305,2.969,2.100,30.495,72.396,104.991,-1.418,27.844,28.681,4.825,39.829,447.356,492.009,33.144,-40.037,-40.385,-63.563,-1.236,27.510,29.588,5.026,42.867,452.516,500.408,33.094,-40.236,-40.770,-62.606,1.947,-1.002,27.474,29.143,-0.675,27.474,29.339,-1.403,27.440,28.807,2.154,15.056,56.153,73.364,-1.243,27.636,28.726,7.746,20.904,505.575,534.225,30.468,-39.588,-39.902,-63.498,-0.790,28.058,28.822,7.639,27.673,479.450,514.762,31.778,-40.214,-40.703,-63.119,1.810,-1.051,27.435,28.613,-0.771,27.443,27.973,29.059,29.441,30.408,28.755,28.482,28.116,28.533,27.900,28.004,27.775,-38.004,-51.881,-0.349,-0.350,-0.327,-0.330,-0.349,-0.382,999,999,999,999,1.151,-21.378,-15.147,-6.880,-9.850,-26.126,-29.621,-32.512,-30.071,-35.783,-32.967,3.405,3.408,3.407,3.407,0.612,0.612,0.592,0.602,0.582,0.560,-0.003,0.090,0.051,0.002,0.155,0.093,0.677,0.771,0.639,951.447,4909.510
119,1,119,0,3.705,103.924,107.629,-1.185,27.577,30.883,6.557,509.533,516.090,31.855,-41.226,-41.213,-50.957,3.845,106.362,110.206,-0.912,27.520,30.350,3.939,107.603,111.542,-2.963,27.843,29.926,6.564,494.253,500.816,33.318,-38.946,-38.309,-49.216,2.967,2.077,30.285,71.381,103.742,-1.582,27.830,28.829,4.663,39.159,437.778,481.600,33.748,-39.643,-39.985,-63.426,-1.327,27.525,29.694,4.824,42.456,446.214,493.495,33.674,-39.957,-40.494,-62.435,2.091,-1.122,27.475,29.265,-0.785,27.492,29.467,-1.526,27.437,28.927,2.169,14.699,57.337,74.205,-1.312,27.636,28.794,7.614,20.449,496.316,524.379,31.035,-39.277,-39.591,-63.338,-0.799,28.068,28.842,7.636,27.391,480.913,515.940,31.777,-40.097,-40.590,-63.062,1.820,-0.993,27.454,28.574,-0.741,27.448,27.948,29.004,29.390,30.276,28.922,28.606,28.231,28.683,27.941,28.041,27.817,-38.056,-52.101,-0.358,-0.310,-0.305,-0.325,-0.385,-0.339,999,999,999,999,1.100,-21.240,-15.804,-7.479,-10.471,-26.111,-29.504,-32.502,-30.381,-35.792,-33.278,3.405,3.408,3.407,3.406,0.590,0.590,0.571,0.581,0.559,0.566,0.000,0.095,0.040,0.006,0.139,0.100,0.628,0.734,0.676,972.985,4735.027
120,1,120,0,3.732,102.816,106.547,-1.133,27.581,30.834,6.577,509.402,515.979,31.886,-41.418,-41.397,-51.127,3.818,105.250,109.067,-0.785,27.588,30.291,3.915,106.318,110.233,-2.892,27.833,29.847,6.617,500.221,506.837,32.851,-39.212,-38.636,-49.357,2.888,2.134,29.850,70.854,102.838,-1.608,27.832,28.857,4.768,38.776,437.505,481.048,33.801,-39.678,-40.016,-63.522,-1.411,27.548,29.801,4.796,41.393,435.181,481.371,34.703,-39.329,-39.879,-62.384,2.415,-1.245,27.490,29.403,-0.888,27.506,29.585,-1.596,27.431,28.991,2.137,15.098,56.274,73.509,-1.256,27.636,28.739,7.753,20.605,505.998,534.356,30.455,-39.564,-39.871,-63.506,-0.980,28.068,29.022,7.467,27.451,466.117,501.035,32.726,-39.965,-40.455,-63.073,1.879,-1.176,27.452,28.754,-0.937,27.437,28.132,28.944,29.295,30.141,28.923,28.718,28.346,28.716,28.124,28.224,27.998,-38.213,-52.264,-0.338,-0.360,-0.337,-0.321,-0.381,-0.328,999,999,999,999,1.730,-20.839,-15.364,-7.175,-9.920,-26.092,-29.447,-32.548,-30.157,-35.926,-33.025,3.405,3.409,3.406,3.406,0.593,0.594,0.572,0.583,0.562,0.552,0.001,0.089,-0.114,-0.004,0.153,0.101,0.640,0.759,0.652,972.000,4822.983
121,1,121,0,3.663,101.650,105.313,-0.878,27.651,30.650,6.562,520.452,527.015,31.730,-41.428,-41.588,-50.765,3.758,103.969,107.727,-0.672,27.558,30.147,3.787,105.264,109.051,-2.853,27.825,29.798,6.467,494.672,501.140,33.159,-39.018,-38.520,-49.095,2.898,1.996,28.729,68.862,99.586,-1.266,27.844,28.528,4.628,38.753,440.214,483.595,33.713,-39.357,-39.695,-63.411,-1.181,27.501,29.523,4.785,42.177,438.930,485.892,34.006,-40.223,-40.759,-62.203,2.004,-0.965,27.465,29.098,-0.651,27.470,29.312,-1.206,27.452,28.622,2.182,15.058,56.756,73.996,-1.393,27.642,28.882,7.589,20.847,500.157,528.593,30.835,-39.401,-39.711,-63.375,-0.891,28.066,28.932,7.544,27.599,475.327,510.470,32.107,-40.067,-40.555,-63.011,1.841,-1.080,27.450,28.658,-0.832,27.440,28.032,28.642,29.067,30.061,28.499,28.409,28.066,28.255,28.028,28.127,27.900,-38.275,-52.039,-0.360,-0.351,-0.343,-0.345,-0.338,-0.354,999,999,999,999,1.221,-21.757,-15.970,-7.440,-12.164,-26.156,-29.619,-32.536,-30.297,-35.848,-33.219,3.405,3.408,3.407,3.407,0.590,0.590,0.569,0.580,0.559,0.544,0.000,0.094,0.043,0.002,0.137,0.098,0.665,0.709,0.639,965.690,4842.395
122,1,122,0,3.746,102.319,106.064,-1.421,27.602,31.144,6.535,500.436,506.971,32.611,-40.752,-40.535,-50.998,3.813,104.707,108.520,-1.178,27.483,30.580,3.887,106.058,109.945,-3.178,27.874,30.172,6.543,494.765,501.308,33.525,-38.500,-37.802,-48.786,3.114,2.092,29.877,71.106,103.075,-1.465,27.837,28.719,4.721,39.253,440.279,484.253,33.617,-39.642,-39.985,-63.395,-1.291,27.517,29.649,4.912,42.551,449.965,497.428,33.341,-40.318,-40.851,-62.519,1.913,-1.063,27.474,29.204,-0.731,27.484,29.405,-1.434,27.440,28.839,2.173,14.522,55.036,71.730,-1.249,27.634,28.730,7.746,20.432,505.924,534.101,30.457,-39.213,-39.523,-63.402,-0.557,28.074,28.605,7.839,27.720,491.333,526.892,31.159,-40.011,-40.506,-63.112,1.791,-0.764,27.461,28.352,-0.496,27.472,27.727,29.195,29.543,30.418,28.745,28.492,28.124,28.518,27.573,27.672,27.434,-38.275,-51.987,-0.336,-0.347,-0.341,-0.345,-0.371,-0.347,999,999,999,999,1.129,-21.140,-15.822,-7.375,-9.850,-26.057,-29.584,-32.584,-30.139,-35.904,-33.054,3.405,3.408,3.408,3.407,0.602,0.602,0.582,0.592,0.571,0.544,-0.004,0.087,0.044,0.004,0.587,0.103,0.640,0.734,0.639,964.907,4423.213
123,1,123,0,3.890,105.253,109.142,-1.264,27.585,30.969,6.693,516.043,522.735,31.508,-41.193,-41.083,-51.088,3.998,107.750,111.748,-1.038,27.483,30.440,4.044,109.082,113.126,-3.172,27.874,30.167,6.667,491.531,498.198,33.739,-38.845,-38.048,-49.306,3.049,2.168,30.965,73.728,106.861,-1.451,27.836,28.706,4.798,40.160,440.739,485.697,33.511,-39.696,-40.042,-63.302,-1.316,27.520,29.678,4.972,43.697,454.920,503.589,32.960,-40.644,-41.179,-62.464,1.781,-1.068,27.483,29.219,-0.748,27.483,29.422,-1.414,27.444,28.822,2.177,15.427,56.284,73.888,-1.317,27.640,28.803,7.714,21.356,504.014,533.084,30.559,-39.707,-40.026,-63.511,-0.776,28.061,28.812,7.675,28.188,483.652,519.516,31.514,-40.582,-41.070,-63.148,1.799,-1.029,27.417,28.573,-0.737,27.437,27.932,29.070,29.490,30.540,28.795,28.587,28.221,28.567,27.908,28.011,27.781,-38.046,-52.102,-0.351,-0.376,-0.324,-0.324,-0.385,-0.322,999,999,999,999,0.480,-21.152,-16.146,-7.546,-10.593,-26.003,-29.430,-32.400,-30.115,-35.671,-33.004,3.405,3.408,3.407,3.406,0.608,0.607,0.587,0.598,0.577,0.571,-0.002,0.085,0.047,-0.002,0.135,0.095,0.653,0.759,0.652,954.629,4603.675
124,1,124,0,3.816,104.305,108.121,-1.186,27.583,30.889,6.527,503.190,509.717,32.294,-41.463,-41.340,-51.402,3.877,106.635,110.512,-0.892,27.514,30.325,3.949,107.864,111.813,-2.866,27.824,29.812,6.648,506.413,513.061,32.382,-39.003,-38.379,-49.182,2.951,2.091,31.266,72.457,105.813,-1.523,27.832,28.773,4.747,40.064,438.459,483.269,33.651,-39.751,-40.095,-63.321,-1.294,27.518,29.653,4.892,43.615,452.761,501.267,33.091,-40.464,-40.999,-62.491,1.851,-1.052,27.477,29.196,-0.734,27.481,29.405,-1.441,27.441,28.846,2.156,15.658,57.457,75.270,-1.436,27.641,28.925,7.639,21.100,499.883,528.623,30.828,-39.459,-39.775,-63.407,-0.980,28.066,29.020,7.627,27.735,475.094,510.455,32.104,-40.451,-40.943,-62.984,1.806,-1.169,27.451,28.747,-0.914,27.433,28.106,29.025,29.359,30.127,28.897,28.590,28.224,28.651,28.160,28.264,28.026,-38.246,-52.090,-0.354,-0.378,-0.343,-0.347,-0.359,-0.348,999,999,999,999,1.252,-21.575,-16.127,-7.681,-10.883,-26.077,-29.650,-32.600,-30.375,-35.991,-33.300,3.405,3.409,3.407,3.406,0.595,0.596,0.575,0.586,0.564,0.552,-0.001,0.066,0.051,0.001,0.147,0.108,0.653,0.722,0.639,969.539,4878.665
125,1,125,0,3.702,102.469,106.171,-1.209,27.583,30.912,6.532,505.034,511.565,32.174,-41.295,-41.217,-51.205,3.833,104.676,108.509,-0.958,27.483,30.359,3.902,105.932,109.835,-2.948,27.842,29.910,6.557,495.100,501.657,33.252,-38.964,-38.348,-49.196,2.956,2.060,29.576,69.371,101.007,-1.472,27.837,28.728,4.662,38.671,436.877,480.210,33.905,-39.517,-39.854,-63.593,-1.309,27.525,29.675,4.802,41.603,436.897,483.303,34.380,-39.791,-40.330,-62.404,2.172,-1.130,27.479,29.277,-0.787,27.491,29.469,-1.461,27.439,28.864,2.188,15.224,58.378,75.791,-1.397,27.642,28.886,7.672,20.432,499.894,527.998,30.872,-39.732,-40.048,-63.508,-0.943,28.069,28.986,7.571,27.586,472.660,507.817,32.296,-40.365,-40.863,-62.833,1.802,-1.177,27.439,28.744,-0.913,27.438,28.110,29.015,29.374,30.220,28.729,28.531,28.166,28.516,28.180,28.280,28.052,-38.247,-52.187,-0.353,-0.372,-0.334,-0.341,-0.359,-0.316,999,999,999,999,1.192,-20.738,-15.284,-7.225,-9.845,-26.180,-29.317,-32.585,-30.161,-35.932,-33.024,3.405,3.409,3.407,3.406,0.590,0.590,0.569,0.580,0.558,0.558,0.002,0.088,0.052,-0.004,0.161,0.093,0.640,0.746,0.652,957.368,4510.271
