Header Section,,,,,,,,,,,,,,,,,,,,,,,,,,,,,,,,,,,,,,,,,,,,,,,,,,,,,,,,,,,,,,,,,,,,,,,,,,,,,,,,,,,,,,,,,,,,,,,,,,,,,,,,,,,,,,,,,,,,,,,,,,,,,,,,,,,,,,
Product,VC7645-12,,,,,,,,,,,,,,,,,,,,,,,,,,,,,,,,,,,,,,,,,,,,,,,,,,,,,,,,,,,,,,,,,,,,,,,,,,,,,,,,,,,,,,,,,,,,,,,,,,,,,,,,,,,,,,,,,,,,,,,,,,,,,,,,,,,,,
Test Plan,Rev(F),,,,,,,,,,,,,,,,,,,,,,,,,,,,,,,,,,,,,,,,,,,,,,,,,,,,,,,,,,,,,,,,,,,,,,,,,,,,,,,,,,,,,,,,,,,,,,,,,,,,,,,,,,,,,,,,,,,,,,,,,,,,,,,,,,,,,
Release Date,2019/10/18,,,,,,,,,,,,,,,,,,,,,,,,,,,,,,,,,,,,,,,,,,,,,,,,,,,,,,,,,,,,,,,,,,,,,,,,,,,,,,,,,,,,,,,,,,,,,,,,,,,,,,,,,,,,,,,,,,,,,,,,,,,,,,,,,,,,,
Comment,#1-25/A5_03;#26-50/A5E8.36.1,,,,,,,,,,,,,,,,,,,,,,,,,,,,,,,,,,,,,,,,,,,,,,,,,,,,,,,,,,,,,,,,,,,,,,,,,,,,,,,,,,,,,,,,,,,,,,,,,,,,,,,,,,,,,,,,,,,,,,,,,,,,,,,,,,,,,
,,,,,,,,,,,,,,,,,,,,,,,,,,,,,,,,,,,,,,,,,,,,,,,,,,,,,,,,,,,,,,,,,,,,,,,,,,,,,,,,,,,,,,,,,,,,,,,,,,,,,,,,,,,,,,,,,,,,,,,,,,,,,,,,,,,,,,
Data Section,,,,,,,,,,,,,,,,,,,,,,,,,,,,,,,,,,,,,,,,,,,,,,,,,,,,,,,,,,,,,,,,,,,,,,,,,,,,,,,,,,,,,,,,,,,,,,,,,,,,,,,,,,,,,,,,,,,,,,,,,,,,,,,,,,,,,,
Device#,1,2,3,4,5,6,7,8,9,10,11,12,13,14,15,16,17,18,19,20,21,22,23,24,25,26,27,28,29,30,31,32,33,34,35,36,37,38,39,40,41,42,43,44,45,46,47,48,49,50,51,52,53,54,55,56,57,58,59,60,61,62,63,64,65,66,67,68,69,70,71,72,73,74,75,76,77,78,79,80,81,82,83,84,85,86,87,88,89,90,91,92,93,94,95,96,97,98,99,100,101,102,103,104,105,106,107,108,109,110,111,112,113,114,115,116,117,118,119,120,121,122,123,124,125,126,127,128,129,130,131,132,133,134
Test Item,Site No,Device ID,MIPI_FUNCTION,Idle_B40_Vbat,Idle_B40_Vcc2,Idle_B40_Total,Pin_B40_2655,Pout_B40_2655,Gain_B40_2655,Idle_B7_Vbat,Idle_B7_Vcc2,Idle_B7_Total,Pin_B7_2570,Pout_B7_2570,Gain_B7_2570,Idle_B38_Vbat,Idle_B38_Vcc2,Idle_B38_Total,Pin_B38_2300,Pout_B38_2300,Gain_B38_2300,Icc_Vbat_B38_2300,Icc_Vcc2_B38_2300,Icc_Total_B38_2300,PAE_Total_B38_2300,E-UTRA_ACP_L_B38_2300,UTRA_ACP1_L_B38_2300,UTRA_ACP2_L_B38_2300,EVM_B38_2300,Idle_MB1_Vbat,Idle_MB1_Vcc1,Idle_MB1_Vcc2-2,Idle_MB1_Total,Pin_MB1_1710,Pout_MB1_1710,Gain_MB1_1710,Icc_Vbat_MB1_1710,Icc_Vcc1_MB1_1710,Icc_Vcc2-2_MB1_1710,Icc_Total_MB1_1710,PAE_Total_MB1_1710,E-UTRA_ACP_L_MB1_1710,UTRA_ACP1_L_MB1_1710,UTRA_ACP2_L_MB1_1710,Pin_MB1_1980,Pout_MB1_1980,Gain_MB1_1980,Icc_Vbat_MB1_1980,Icc_Vcc1_MB1_1980,Icc_Vcc2-2_MB1_1980,Icc_Total_MB1_1980,PAE_Total_MB1_1980,E-UTRA_ACP_L_MB1_1980,UTRA_ACP1_L_MB1_1980,UTRA_ACP2_L_MB1_1980,EVM_MB1_1980,Pin_MB2_1980,Pout_MB2_1980,Gain_MB2_1980,Pin_MB3_1980,Pout_MB3_1980,Gain_MB3_1980,Pin_MB4_1710,Pout_MB4_1710,Gain_MB4_1710,Idle_LB1_Vbat,Idle_LB1_Vcc1,Idle_LB1_Vcc2-2,Idle_LB1_Total,Pin_LB1_699,Pout_LB1_699,Gain_LB1_699,Icc_Vbat_LB1_699,Icc_Vcc1_LB1_699,Icc_Vcc2-2_LB1_699,Icc_Total_LB1_699,PAE_Total_LB1_699,E-UTRA_ACP_L_LB1_699,UTRA_ACP1_L_LB1_699,UTRA_ACP2_L_LB1_699,Pin_LB1_915,Pout_LB1_915,Gain_LB1_915,Icc_Vbat_LB1_915,Icc_Vcc1_LB1_915,Icc_Vcc2-2_LB1_915,Icc_Total_LB1_915,PAE_Total_LB1_915,E-UTRA_ACP_L_LB1_915,UTRA_ACP1_L_LB1_915,UTRA_ACP2_L_LB1_915,EVM_LB1_915,Pin_LB2_915,Pout_LB2_915,Gain_LB2_915,Pin_LB5_915,Pout_LB5_915,Gain_LB5_915,Gain_LB1_LPM_699_Normal,Gain_LB1_LPM_699_Verify,IL_RX1_B40_2496,IL_RX2_B7_2496,IL_RX2_B38_2496,IL2_RX1_B40_2496,IL2_RX2_B7_2496,IL2_RX2_B38_2496,R_VBAT,R_VIO,R_CLK,R_DATA,2fo_LB1(RFIN_L1)_699,2fo_LB1(RFIN_L1)_915,2fo_MB1_1710,2fo_MB1_1980,2fo_B7_2570,Mosfet_Vbat,Mosfet_VCC1,Mosfet_VCC2,Mosfet_VCC2-2,Leakage_Vdd,Leakage_Ctrl1,Leakage_Ctrl2,Leakage_Vbat,Leakage VCC1,Leakage VCC2,Leakage VCC2-2,Leakage_VCC1_5V,Leakage_VCC2_5V,Leakage_VCC2-2_5V,Leakage2_VIO,Leakage2_CLK,Leakage2_DATA,Test_Time,Index_Time
Low Tolerance,,,0,1,10,10,0.3,0,0,1,10,10,0.3,0,0,1,10,10,0.3,0,0,1,25,25,0,1.5,1.5,1.5,0.5,1,5,10,10,0.3,0,0,1,5,25,25,0,1.5,1.5,1.5,0.3,0,0,1,5,25,25,0,1.5,1.5,1.5,0.5,0.3,0,0,0.3,0,0,0.3,0,0,1,5,10,10,0.3,0,0,1,5,25,25,0,1.5,1.5,1.5,0.3,0,0,1,5,25,25,0,1.5,1.5,1.5,0.5,0.3,0,0,0.3,0,0,1.5,1.5,0.2,0.2,0.2,0.2,0.2,0.2,0,0,0,0,1.5,1.5,1.5,1.5,1.5,0,0,0,0,0.1,0.1,0.1,0.9,0.9,0.9,0.9,0.9,0.9,0.9,0.9,0.9,0.9,0,0
High Tolerance,,,0,1,10,10,0.3,0,0,1,10,10,0.3,0,0,1,10,10,0.3,0,0,1,25,25,0,1.5,1.5,1.5,0.5,1,5,10,10,0.3,0,0,1,5,25,25,0,1.5,1.5,1.5,0.3,0,0,1,5,25,25,0,1.5,1.5,1.5,0.5,0.3,0,0,0.3,0,0,0.3,0,0,1,5,10,10,0.3,0,0,1,5,25,25,0,1.5,1.5,1.5,0.3,0,0,1,5,25,25,0,1.5,1.5,1.5,0.5,0.3,0,0,0.3,0,0,1.5,1.5,0.2,0.2,0.2,0.2,0.2,0.2,0,0,0,0,1.5,1.5,1.5,1.5,1.5,0,0,0,0,0.1,0.1,0.1,0.9,0.9,0.9,0.9,0.9,0.9,0.9,0.9,0.9,0.9,0,0
Enable,,,0,1,1,1,1,0,0,1,1,1,1,0,0,1,1,1,1,0,0,1,1,1,0,1,1,1,1,1,1,1,1,1,0,0,1,1,1,1,0,1,1,1,1,0,0,1,1,1,1,0,1,1,1,1,1,0,0,1,0,0,1,0,0,1,1,1,1,1,0,0,1,1,1,1,0,1,1,1,1,0,0,1,1,1,1,0,1,1,1,1,1,0,0,1,0,0,1,1,1,1,1,1,1,1,0,0,0,0,1,1,1,1,1,0,0,0,0,1,1,1,1,1,1,1,1,1,1,1,1,1,0,0
1,1,1,0,3.142,79.879,83.02,-3.019,27.563,29.34,3.147,83.239,86.387,-2.854,27.672,29.572,3.233,85.09,88.323,-2.386,27.561,29.037,6.889,513.7,520.589,32.063,-41.587,-39.747,-55.667,2.479,2.845,18.278,98.492,119.615,-1.705,27.534,28.591,6.225,31.584,474.959,512.768,32.462,-40.712,-41.323,-61.652,-3.291,27.612,30.842,6.002,32.66,437.851,476.513,34.773,-39.187,-39.636,-60.349,2.105,-2.91,27.5,30.349,-2.718,27.505,30.301,-1.8,27.494,28.956,2.356,19.178,68.635,90.169,-2.759,27.495,30.199,6.233,26.984,489.673,522.89,31.567,-38.763,-39.062,-63.817,-3.823,27.806,31.807,6.191,31.443,464.471,502.105,32.967,-40.404,-40.794,-61.538,2.114,-4.077,27.513,31.737,-3.76,27.899,31.692,-39.085,-51.325,-0.321,-0.361,-0.389,-0.308,-0.42,-0.519,999,999,999,999,-0.066,-11.355,-19.201,-13.652,-14.491,3.407,3.404,3.407,3.406,0.705,0.677,0.658,0.551,0.123,0.179,0.257,0.175,1.76,0.58,-0.193,-0.158,-0.193,864.375,37.032
2,1,2,0,3.116,78.988,82.103,-2.859,27.564,29.182,3.103,82.052,85.155,-2.705,27.671,29.423,3.148,84.113,87.26,-2.233,27.562,28.885,6.835,520.893,527.728,31.625,-41.512,-39.635,-55.634,2.473,2.769,17.785,92.71,113.264,-1.375,27.528,28.256,6.347,32.051,483.661,522.059,31.841,-40.762,-41.359,-61.502,-2.745,27.578,30.264,6.002,33.085,434.753,473.84,34.7,-39.622,-40.053,-60.579,1.856,-2.376,27.508,29.824,-2.189,27.51,29.776,-1.406,27.538,28.606,2.22,19.462,67.107,88.788,-3.005,27.488,30.439,5.982,26.891,491.016,523.889,31.456,-38.983,-39.266,-64.097,-4.171,27.797,32.146,5.811,31.326,461.142,498.279,33.149,-40.355,-40.714,-61.844,2.122,-4.455,27.454,32.056,-4.139,27.863,32.036,-39.128,-51.664,-0.312,-0.361,-0.392,-0.31,-0.436,-0.524,999,999,999,999,-0.432,-11.09,-18.922,-13.94,-13.543,3.406,3.404,3.407,3.407,0.689,0.662,0.642,0.521,0.128,0.185,0.256,0.182,1.855,0.601,-0.133,-0.101,-0.163,873.133,5.093
3,1,3,0,3.047,79.058,82.105,-2.801,27.568,29.128,3.051,81.951,85.002,-2.74,27.675,29.462,3.155,83.87,87.025,-2.329,27.567,28.986,6.835,508.024,514.859,32.467,-41.319,-39.504,-55.234,2.542,2.899,18.425,99.826,121.15,-1.705,27.541,28.598,6.305,31.348,471.01,508.664,32.776,-40.885,-41.5,-61.559,-3.192,27.608,30.739,6.045,32.113,431.396,469.554,35.259,-39.51,-39.963,-60.711,2.051,-2.836,27.492,30.267,-2.639,27.504,30.22,-1.832,27.497,28.991,2.311,19.021,68.61,89.942,-2.529,27.492,29.966,6.253,27.223,486.554,520.03,31.716,-38.737,-39.03,-63.752,-3.74,27.804,31.723,6.107,31.183,464.753,502.042,32.957,-40.613,-40.99,-61.726,2.02,-3.993,27.519,31.659,-3.664,27.927,31.625,-38.691,-51.357,-0.328,-0.364,-0.382,-0.321,-0.423,-0.539,999,999,999,999,-0.123,-11.444,-19.56,-14.669,-15.996,3.406,3.404,3.407,3.407,0.696,0.668,0.648,0.518,0.132,0.197,0.253,0.195,1.931,0.607,-0.118,-0.082,-0.231,863.84,4.52
4,1,4,0,3.17,78.885,82.056,-3.114,27.566,29.439,3.132,81.816,84.948,-2.969,27.672,29.688,3.176,83.748,86.924,-2.441,27.56,29.092,6.873,510.544,517.416,32.261,-41.114,-39.229,-55.373,2.639,2.742,18.638,91.777,113.157,-1.446,27.531,28.33,6.383,32.375,481.251,520.01,31.985,-40.7,-41.301,-61.716,-2.985,27.609,30.533,5.926,32.833,426.835,465.595,35.564,-39.179,-39.613,-60.858,2.121,-2.605,27.519,30.063,-2.435,27.525,30.036,-1.53,27.543,28.734,2.299,18.361,69.47,90.129,-2.314,27.522,29.78,6.239,26.859,485.584,518.682,32.016,-38.656,-38.956,-63.476,-3.525,27.814,31.518,6.146,31.185,466.6,503.931,32.903,-40.527,-40.916,-61.601,2.032,-3.794,27.527,31.468,-3.522,27.855,31.41,-38.879,-51.345,-0.324,-0.364,-0.391,-0.321,-0.442,-0.546,999,999,999,999,0.619,-11.607,-19.092,-13.815,-17.146,3.406,3.404,3.407,3.407,0.69,0.662,0.642,0.541,0.125,0.187,0.258,0.189,1.849,0.61,-0.155,-0.045,-0.156,857.144,4.873
5,1,5,0,3.045,77.754,80.799,-2.962,27.569,29.289,3.106,80.745,83.85,-2.741,27.678,29.466,3.157,82.521,85.679,-2.105,27.561,28.756,6.951,529.99,536.941,31.066,-41.642,-39.867,-55.534,2.449,2.902,18.459,100.936,122.297,-1.634,27.537,28.524,6.415,31.627,486.566,524.609,31.753,-41.469,-42.09,-61.641,-3.221,27.607,30.767,6.069,31.81,430.233,468.112,35.359,-39.434,-39.896,-60.535,2.13,-2.839,27.478,30.256,-2.666,27.483,30.226,-1.789,27.499,28.95,2.328,19.213,71.888,93.428,-2.569,27.488,30.001,6.344,27.949,505.291,539.584,30.535,-38.716,-39.013,-63.66,-3.994,27.797,31.969,6.129,30.972,467.717,504.818,32.717,-40.76,-41.144,-61.406,2.001,-4.253,27.509,31.908,-3.961,27.858,31.852,-39.112,-51.232,-0.352,-0.386,-0.401,-0.331,-0.456,-0.524,999,999,999,999,1.07,-11.856,-18.821,-12.961,-14.896,3.407,3.404,3.407,3.407,0.699,0.672,0.652,0.508,0.137,0.193,0.262,0.199,1.921,0.621,-0.155,-0.082,-0.118,855.383,4.388
6,1,6,0,3.093,74.561,77.654,-2.87,27.584,29.212,3.094,78.125,81.219,-2.745,27.686,29.478,3.129,81.096,84.226,-2.248,27.57,28.909,6.848,510.577,517.425,32.329,-41.57,-39.814,-55.301,2.462,2.992,18.949,98.57,120.512,-1.572,27.536,28.46,6.528,32.114,496.172,534.815,31.14,-41.344,-41.958,-61.56,-3.175,27.614,30.727,6.053,32.331,429.253,467.638,35.449,-39.318,-39.783,-60.836,2.183,-2.845,27.491,30.275,-2.693,27.488,30.258,-1.776,27.514,28.951,2.438,18.671,70.258,91.367,-2.655,27.493,30.093,6.441,27.164,500.429,534.034,30.893,-38.993,-39.299,-63.664,-4.035,27.799,32.012,6.058,31.023,455.449,492.531,33.553,-40.039,-40.441,-61.343,2.278,-4.327,27.512,31.985,-4.069,27.859,31.962,-39.382,-51.803,-0.315,-0.365,-0.396,-0.295,-0.421,-0.538,999,999,999,999,1.696,-10.965,-17.796,-14.372,-15.087,3.407,3.404,3.407,3.407,0.703,0.676,0.657,0.537,0.124,0.198,0.263,0.182,1.846,0.628,-0.08,-0.12,-0.156,863.633,18.976
7,1,7,0,3.067,73.355,76.422,-2.648,27.59,28.996,3.058,76.891,79.949,-2.527,27.67,29.244,3.097,79.274,82.371,-2.072,27.577,28.738,6.756,509.629,516.384,32.441,-42.021,-40.427,-55.085,2.275,2.853,17.431,90.154,110.438,-1.341,27.53,28.224,6.492,32.095,482.039,520.626,31.944,-40.694,-41.302,-61.581,-2.837,27.593,30.37,6.061,32.456,428.596,467.113,35.322,-38.994,-39.436,-60.416,2.158,-2.5,27.53,29.969,-2.361,27.519,29.957,-1.511,27.488,28.66,2.292,18.002,64.809,85.103,-2.2,27.537,29.681,6.233,26.727,481.752,514.711,32.376,-38.447,-38.741,-63.595,-3.334,27.818,31.33,6.251,31.12,472.314,509.685,32.563,-40.808,-41.187,-61.813,1.895,-3.626,27.536,31.309,-3.37,27.86,31.263,-38.634,-50.885,-0.338,-0.371,-0.407,-0.345,-0.463,-0.567,999,999,999,999,-0.049,-11.625,-18.695,-13.064,-13.442,3.406,3.404,3.406,3.407,0.697,0.669,0.648,0.537,0.136,0.19,0.265,0.195,1.873,0.611,-0.155,-0.158,-0.156,858.438,5.025
8,1,8,0,3.102,75.453,78.556,-2.962,27.565,29.285,3.154,79.142,82.296,-2.795,27.677,29.519,3.171,81.632,84.803,-2.29,27.575,28.956,6.785,504.632,511.417,32.756,-42.118,-40.398,-55.661,2.279,2.93,17.974,93.887,114.791,-2.055,27.496,28.905,6.327,30.613,469.652,506.592,32.58,-40.881,-41.489,-61.839,-3.518,27.61,31.067,6.027,30.818,428.857,465.701,35.572,-38.937,-39.384,-60.844,2.265,-3.196,27.471,30.606,-3.006,27.47,30.552,-2.126,27.521,29.308,2.349,18.568,69.619,90.537,-2.41,27.509,29.864,6.351,26.959,487.725,521.035,31.786,-38.864,-39.168,-63.586,-3.588,27.818,31.584,6.205,31.616,464.952,502.773,33.007,-40.369,-40.769,-61.489,2.127,-3.878,27.523,31.547,-3.608,27.878,31.52,-38.975,-51.565,-0.32,-0.366,-0.385,-0.31,-0.436,-0.524,999,999,999,999,0.834,-11.239,-18.677,-13.458,-11.848,3.407,3.404,3.406,3.407,0.706,0.679,0.659,0.551,0.131,0.17,0.261,0.184,1.761,0.602,-0.133,-0.101,-0.163,863.627,4.78
9,1,9,0,3.181,75.351,78.532,-3.059,27.569,29.387,3.126,79.015,82.141,-2.916,27.676,29.639,3.184,81.5,84.684,-2.457,27.576,29.123,6.779,500.231,507.01,33.055,-41.876,-40.119,-55.599,2.353,2.918,17.916,92.586,113.42,-1.59,27.542,28.484,6.347,31.535,465.82,503.702,33.105,-40.532,-41.147,-61.621,-3.194,27.603,30.736,6.075,31.893,420.765,458.733,36.048,-38.87,-39.327,-60.531,2.323,-2.88,27.479,30.297,-2.706,27.479,30.261,-1.787,27.498,28.946,2.362,18.718,68.9,89.979,-2.433,27.509,29.886,6.315,26.72,483.48,516.515,32.063,-38.854,-39.157,-63.776,-3.671,27.811,31.66,6.153,31.019,462.487,499.658,33.162,-40.585,-40.976,-61.699,2.085,-3.953,27.516,31.616,-3.678,27.901,31.611,-38.727,-51.17,-0.335,-0.359,-0.389,-0.31,-0.436,-0.524,999,999,999,999,-0.104,-10.757,-18.844,-13.247,-12.499,3.407,3.404,3.407,3.406,0.701,0.674,0.654,0.525,0.127,0.177,0.268,0.191,1.832,0.605,-0.133,-0.101,-0.163,860.361,6.713
10,1,10,0,3.077,74.352,77.43,-2.623,27.582,28.963,3.092,78.578,81.67,-2.481,27.681,29.21,3.19,81.196,84.385,-2.032,27.569,28.691,6.862,518.699,525.562,31.808,-41.956,-40.195,-55.557,2.336,2.896,17.843,95.668,116.408,-1.491,27.53,28.374,6.42,31.88,487.468,525.769,31.632,-40.851,-41.461,-61.445,-3.022,27.611,30.573,6.037,32.05,426.792,464.88,35.638,-38.958,-39.414,-60.578,2.277,-2.701,27.498,30.138,-2.554,27.482,30.114,-1.638,27.532,28.832,2.272,18.109,68.558,88.94,-2.98,27.493,30.418,6.162,25.82,487.331,519.314,31.771,-38.718,-39.031,-63.778,-3.753,27.812,31.744,6.14,31.669,472.261,510.07,32.494,-40.216,-40.618,-61.338,2.193,-4.035,27.517,31.698,-3.744,27.903,31.68,-39.444,-51.063,-0.328,-0.369,-0.399,-0.295,-0.428,-0.505,999,999,999,999,-0.706,-10.727,-18.407,-13.445,-13.083,3.407,3.403,3.406,3.407,0.698,0.67,0.649,0.541,0.126,0.183,0.266,0.192,1.849,0.636,-0.08,-0.158,-0.156,859.979,4.433
11,1,11,0,3.074,72.575,75.649,-2.919,27.566,29.242,3.042,76.261,79.303,-2.745,27.677,29.469,3.086,79.026,82.111,-2.23,27.57,28.891,6.79,509.537,516.327,32.4,-42.071,-40.421,-55.378,2.289,2.878,18.475,93.237,114.59,-1.796,27.526,28.674,6.342,31.535,463.688,501.565,33.127,-40.746,-41.35,-61.836,-3.35,27.614,30.903,6.157,32.185,434.093,472.435,35.09,-39.229,-39.67,-60.687,2.116,-2.996,27.478,30.413,-2.808,27.471,30.357,-1.891,27.504,29.057,2.303,17.693,66.47,86.467,-2.503,27.507,29.955,6.194,26.066,478.973,511.233,32.378,-38.656,-38.952,-63.646,-3.431,27.818,31.427,6.159,31.06,469.414,506.633,32.756,-40.324,-40.709,-61.693,2.084,-3.699,27.53,31.376,-3.432,27.857,31.321,-38.849,-50.845,-0.339,-0.372,-0.389,-0.3,-0.435,-0.487,999,999,999,999,-0.706,-11.191,-19.228,-13.317,-12.607,3.407,3.404,3.406,3.407,0.706,0.678,0.657,0.563,0.138,0.197,0.263,0.203,1.897,0.63,-0.155,-0.12,-0.156,856.836,5.14
12,1,12,0,3.012,73.014,76.026,-2.972,27.574,29.304,3.078,76.811,79.889,-2.824,27.677,29.547,3.026,79.285,82.311,-2.374,27.574,29.039,6.551,492.562,499.113,33.573,-41.756,-40.12,-55.185,2.358,2.821,17.861,91.039,111.721,-1.353,27.534,28.239,6.388,32.317,470.85,509.556,32.664,-40.642,-41.244,-61.619,-2.846,27.602,30.388,6.146,33.293,435.279,474.717,34.824,-39.393,-39.831,-60.468,1.984,-2.481,27.532,29.952,-2.315,27.522,29.913,-1.428,27.52,28.61,2.389,18.437,67.225,88.051,-2.481,27.505,29.93,6.298,26.553,485.669,518.52,31.905,-39.167,-39.467,-63.734,-3.401,27.819,31.399,6.271,31.763,467.806,505.841,32.818,-40.325,-40.717,-61.437,2.119,-3.666,27.529,31.342,-3.394,27.88,31.308,-38.86,-50.601,-0.324,-0.364,-0.394,-0.299,-0.414,-0.503,999,999,999,999,-1.891,-10.842,-19.121,-13.272,-11.775,3.407,3.404,3.407,3.407,0.693,0.666,0.646,0.552,0.143,0.185,0.276,0.202,1.837,0.64,-0.118,-0.007,-0.118,870.355,4.693
13,1,13,0,3.136,75.996,79.133,-2.872,27.565,29.196,3.118,79.817,82.935,-2.753,27.675,29.474,3.162,82.37,85.532,-2.196,27.571,28.858,6.813,511.831,518.644,32.262,-41.871,-40.094,-55.611,2.357,2.974,18.136,93.542,114.652,-1.488,27.535,28.376,6.444,31.904,476.617,514.964,32.334,-40.866,-41.478,-61.662,-3.009,27.608,30.557,6.157,32.29,427.264,465.712,35.549,-39.123,-39.575,-60.636,2.221,-2.683,27.493,30.115,-2.51,27.502,30.088,-1.629,27.511,28.802,2.359,18.482,66.122,86.963,-2.678,27.492,30.114,6.247,26.538,490.627,523.412,31.509,-38.961,-39.252,-63.869,-3.773,27.806,31.758,6.126,31.226,465.299,502.652,32.931,-40.373,-40.753,-61.654,2.109,-4.055,27.516,31.717,-3.786,27.877,31.696,-38.966,-51.207,-0.329,-0.365,-0.408,-0.283,-0.454,-0.514,999,999,999,999,-0.616,-10.576,-18.693,-12.727,-12.851,3.407,3.404,3.407,3.407,0.703,0.675,0.655,0.532,0.13,0.191,0.259,0.195,1.896,0.606,-0.118,-0.082,-0.193,853.502,5.113
14,1,14,0,3.071,73.869,76.94,-3.016,27.571,29.346,3.065,77.5,80.565,-2.76,27.673,29.48,3.127,79.771,82.897,-2.215,27.575,28.88,6.706,504.555,511.261,32.762,-42.365,-40.751,-55.592,2.22,2.862,18.333,90.29,111.485,-1.482,27.532,28.367,6.472,31.931,476.329,514.732,32.322,-40.823,-41.423,-61.691,-3.032,27.615,30.586,6.08,32.379,425.933,464.393,35.709,-39.106,-39.54,-60.767,2.135,-2.67,27.517,30.126,-2.494,27.514,30.085,-1.644,27.498,28.803,2.369,18.609,67.908,88.886,-2.4,27.509,29.853,6.276,27.008,485.461,518.745,31.921,-38.773,-39.075,-63.671,-3.587,27.816,31.581,6.247,31.486,468.372,506.104,32.778,-40.607,-40.996,-61.688,2.023,-3.884,27.527,31.558,-3.612,27.855,31.501,-38.637,-50.954,-0.34,-0.369,-0.401,-0.31,-0.436,-0.524,999,999,999,999,0.446,-11.976,-18.764,-14.304,-11.816,3.407,3.404,3.406,3.407,0.693,0.665,0.647,0.523,0.132,0.193,0.262,0.196,1.919,0.624,-0.133,-0.101,-0.163,871.873,4.885
15,1,15,0,3.053,72.347,75.4,-2.778,27.593,29.129,3.071,75.886,78.957,-2.677,27.673,29.396,3.089,78.35,81.439,-2.159,27.573,28.823,6.802,510.485,517.288,32.364,-41.706,-40.045,-54.952,2.386,2.996,19.371,101.136,123.503,-1.729,27.539,28.621,6.403,32.156,487.235,525.794,31.7,-41.292,-41.906,-61.434,-3.29,27.616,30.845,6.217,33.232,445.16,484.61,34.225,-39.743,-40.217,-60.425,2.007,-2.904,27.491,30.334,-2.727,27.492,30.297,-1.918,27.497,29.076,2.349,17.802,66.141,86.293,-2.662,27.493,30.1,6.387,26.532,495.434,528.354,31.226,-38.649,-38.945,-63.677,-3.568,27.819,31.565,6.248,30.768,465.195,502.211,33.053,-40.263,-40.651,-61.568,2.103,-3.859,27.529,31.535,-3.587,27.883,31.504,-39.666,-51.077,-0.328,-0.37,-0.394,-0.31,-0.436,-0.524,999,999,999,999,0.622,-11.033,-19.096,-14.798,-13.341,3.406,3.404,3.406,3.407,0.694,0.666,0.645,0.553,0.128,0.186,0.27,0.183,1.83,0.622,-0.133,-0.101,-0.163,863.445,4.5
16,1,16,0,3.061,76.808,79.869,-2.585,27.583,28.926,3.142,80.89,84.033,-2.499,27.682,29.228,3.174,83.303,86.477,-2.074,27.57,28.734,6.895,514.155,521.05,32.097,-41.593,-39.803,-55.289,2.432,2.798,18.109,92.013,112.92,-1.555,27.534,28.441,6.405,31.419,492.792,530.617,31.367,-40.922,-41.523,-61.858,-3.1,27.612,30.651,5.875,31.375,425.756,463.007,35.795,-38.906,-39.347,-60.953,2.265,-2.785,27.5,30.224,-2.639,27.488,30.204,-1.737,27.502,28.901,2.352,17.683,69.493,89.527,-2.391,27.513,29.85,6.238,26.151,481.512,513.901,32.255,-38.63,-38.937,-63.577,-3.267,27.826,31.271,6.213,31.421,473.011,510.645,32.561,-40.42,-40.823,-61.606,2.029,-3.548,27.535,31.23,-3.284,27.857,31.174,-38.899,-50.89,-0.349,-0.391,-0.416,-0.31,-0.436,-0.524,999,999,999,999,0.238,-12.096,-17.912,-13.84,-13.746,3.406,3.404,3.406,3.407,0.69,0.663,0.644,0.548,0.131,0.178,0.268,0.183,1.843,0.624,-0.133,-0.101,-0.163,858.041,4.526
17,1,17,0,3.083,74.847,77.93,-3.177,27.566,29.501,3.11,78.781,81.891,-2.844,27.678,29.57,3.132,81.616,84.747,-2.22,27.574,28.883,6.789,510.428,517.217,32.371,-42.191,-40.526,-55.619,2.248,2.865,18.719,91.861,113.445,-1.415,27.535,28.304,6.42,32.607,478.253,517.28,32.187,-40.422,-41.03,-61.673,-3.066,27.611,30.617,6.052,32.931,423.031,462.014,35.857,-38.632,-39.088,-60.476,2.423,-2.74,27.488,30.167,-2.554,27.502,30.132,-1.553,27.511,28.726,2.295,18.039,64.504,84.839,-2.336,27.511,29.791,6.401,26.675,489.65,522.726,31.686,-38.608,-38.904,-63.771,-3.464,27.818,31.46,6.232,31.152,464.061,501.444,33.096,-40.266,-40.647,-61.92,2.122,-3.762,27.53,31.438,-3.491,27.876,31.401,-38.962,-51.226,-0.338,-0.386,-0.41,-0.31,-0.436,-0.524,999,999,999,999,0.539,-11.492,-18.857,-12.854,-11.858,3.407,3.404,3.407,3.407,0.707,0.679,0.659,0.538,0.132,0.175,0.255,0.192,1.778,0.644,-0.133,-0.101,-0.163,880.041,4.573
18,1,18,0,2.951,72.846,75.797,-2.512,27.602,28.872,3.051,76.53,79.58,-2.472,27.681,29.199,3.118,78.879,81.998,-1.981,27.573,28.645,6.816,511.309,518.126,32.305,-41.606,-39.906,-54.984,2.417,2.854,19.456,95.941,118.251,-1.645,27.529,28.527,6.44,32.174,495.029,533.642,31.158,-41.059,-41.663,-61.724,-3.107,27.617,30.663,5.977,33.035,438.256,477.267,34.762,-39.302,-39.751,-60.904,2.125,-2.767,27.507,30.212,-2.612,27.509,30.197,-1.866,27.496,29.023,2.204,17.421,63.705,83.331,-2.343,27.504,29.792,6.379,26.093,491.378,523.849,31.574,-38.687,-38.977,-63.597,-3.309,27.818,31.306,6.192,31.253,466.976,504.421,32.899,-39.981,-40.37,-61.798,2.125,-3.611,27.52,31.278,-3.323,27.862,31.218,-39.321,-51.735,-0.335,-0.392,-0.41,-0.31,-0.436,-0.524,999,999,999,999,1.094,-11.219,-18.173,-14.561,-13.957,3.407,3.404,3.407,3.407,0.703,0.674,0.653,0.529,0.121,0.189,0.258,0.177,1.825,0.612,-0.133,-0.101,-0.163,853.198,4.8
19,1,19,0,3.119,75.24,78.359,-2.744,27.572,29.075,3.074,79.176,82.25,-2.59,27.679,29.316,3.188,81.675,84.863,-2.112,27.564,28.766,6.913,519.85,526.763,31.701,-41.349,-39.475,-55.489,2.549,2.958,18.631,98.492,120.081,-1.45,27.533,28.336,6.488,32.716,483.431,522.635,31.844,-40.824,-41.442,-61.328,-3.094,27.613,30.647,6.069,33.043,433.802,472.913,35.052,-39.241,-39.704,-60.435,2.186,-2.754,27.49,30.184,-2.596,27.48,30.153,-1.621,27.512,28.795,2.336,18.148,66.914,87.398,-2.531,27.507,29.983,6.183,26.416,487.397,519.996,31.833,-38.599,-38.902,-63.501,-3.537,27.82,31.536,6.099,31.108,469.731,506.938,32.758,-40.386,-40.77,-61.544,2.111,-3.819,27.526,31.491,-3.554,27.907,31.494,-38.981,-51.023,-0.341,-0.382,-0.409,-0.31,-0.436,-0.524,999,999,999,999,-0.482,-11.192,-19.455,-14.388,-15.665,3.406,3.404,3.407,3.406,0.699,0.67,0.65,0.525,0.119,0.192,0.255,0.185,1.819,0.598,-0.133,-0.101,-0.163,867.107,4.966
20,1,20,0,2.989,71.128,74.117,-2.562,27.597,28.917,2.968,75.086,78.053,-2.471,27.671,29.189,3.065,77.61,80.675,-2.057,27.574,28.721,6.798,513.105,519.902,32.2,-41.539,-39.93,-54.763,2.418,2.818,17.133,92.774,112.725,-1.46,27.531,28.343,6.388,31.58,469.7,507.668,32.763,-40.453,-41.068,-61.49,-3.056,27.615,30.611,6.039,31.915,428.757,466.712,35.536,-38.833,-39.282,-60.382,2.282,-2.727,27.499,30.166,-2.557,27.485,30.119,-1.579,27.491,28.732,2.25,18.635,64.247,85.133,-2.344,27.502,29.791,6.267,26.79,487.189,520.246,31.78,-38.673,-38.968,-63.715,-3.363,27.824,31.366,6.225,31.798,468.46,506.483,32.812,-40.445,-40.819,-61.935,2.053,-3.635,27.528,31.31,-3.365,27.882,31.281,-38.715,-50.612,-0.353,-0.389,-0.422,-0.31,-0.436,-0.524,999,999,999,999,-0.5,-11.696,-19.21,-14.057,-13.57,3.406,3.404,3.407,3.407,0.694,0.666,0.646,0.564,0.135,0.198,0.257,0.201,1.952,0.633,-0.133,-0.101,-0.163,870.738,4.747
21,1,21,0,3.287,81.23,84.517,-3.143,27.576,29.477,3.356,85.458,88.814,-2.933,27.667,29.648,3.382,88.189,91.57,-2.403,27.566,29.06,6.999,518.485,525.483,31.797,-41.804,-39.839,-56.709,2.407,2.918,18.201,92.234,113.352,-1.267,27.53,28.149,6.578,32.105,485.271,523.955,31.734,-40.966,-41.571,-61.555,-2.856,27.613,30.409,6.093,32.825,425.549,464.467,35.685,-39.125,-39.577,-60.446,2.195,-2.503,27.521,29.963,-2.342,27.526,29.945,-1.423,27.54,28.624,2.356,17.853,70.442,90.651,-2.18,27.536,29.661,6.344,26.454,488.623,521.422,31.953,-38.831,-39.141,-63.38,-3.351,27.83,31.359,6.31,31.24,472.603,510.154,32.617,-40.687,-41.088,-61.573,1.972,-3.659,27.531,31.337,-3.376,27.884,31.294,-38.575,-50.82,-0.351,-0.393,-0.406,-0.31,-0.436,-0.524,999,999,999,999,0.479,-12.121,-18.869,-14.286,-12.707,3.407,3.404,3.407,3.407,0.71,0.683,0.662,0.537,0.142,0.178,0.263,0.197,1.868,0.633,-0.133,-0.101,-0.163,871.652,4.591
22,1,22,0,3.026,74.134,77.161,-2.635,27.587,28.98,3.002,77.863,80.865,-2.496,27.685,29.228,3.086,80.4,83.487,-2.002,27.569,28.661,6.836,518.257,525.094,31.84,-41.888,-40.182,-55.379,2.346,2.952,19.292,99.923,122.168,-1.789,27.542,28.684,6.33,32.106,481.189,519.625,32.097,-40.943,-41.564,-61.443,-3.439,27.61,30.989,6.129,33.156,446.428,485.713,34.106,-39.411,-39.884,-60.345,2.119,-3.086,27.474,30.499,-2.907,27.472,30.456,-1.977,27.499,29.139,2.264,18.683,65.322,86.269,-2.45,27.507,29.902,6.303,27.006,491.748,525.057,31.525,-38.807,-39.107,-63.7,-3.6,27.811,31.589,6.219,31.57,464.571,502.361,32.989,-40.303,-40.691,-61.633,2.143,-3.891,27.523,31.561,-3.581,27.927,31.542,-39.102,-51.509,-0.345,-0.379,-0.411,-0.31,-0.436,-0.524,999,999,999,999,0.243,-11.244,-19.431,-13.91,-14.079,3.406,3.404,3.406,3.407,0.678,0.649,0.63,0.538,0.13,0.191,0.264,0.181,1.84,0.631,-0.133,-0.101,-0.163,867.199,5.626
23,1,23,0,3.089,74.341,77.431,-2.956,27.564,29.279,3.072,78.162,81.233,-2.817,27.679,29.542,3.133,80.759,83.891,-2.347,27.573,29.01,6.844,506.417,513.261,32.617,-41.767,-40.037,-55.386,2.385,2.898,18.56,96.321,117.779,-1.684,27.541,28.578,6.43,31.878,475.482,513.79,32.452,-40.91,-41.528,-61.727,-3.339,27.613,30.89,6.041,32.107,429.731,467.879,35.425,-39.132,-39.59,-60.529,2.227,-3.002,27.469,30.409,-2.832,27.471,30.38,-1.836,27.501,28.998,2.351,17.91,70.599,90.86,-2.525,27.51,29.979,6.331,26.1,483.279,515.709,32.12,-38.806,-39.124,-63.581,-3.265,27.825,31.269,6.435,31.481,483.885,521.8,31.859,-40.982,-41.387,-61.362,1.909,-3.536,27.535,31.218,-3.255,27.854,31.142,-38.813,-50.649,-0.343,-0.38,-0.416,-0.31,-0.436,-0.524,999,999,999,999,-1.733,-11.625,-19.407,-14.528,-12.97,3.407,3.404,3.406,3.407,0.695,0.667,0.648,0.53,0.133,0.17,0.264,0.204,1.865,0.565,-0.133,-0.101,-0.163,855.725,4.691
24,1,24,0,3.134,75.963,79.097,-2.786,27.577,29.121,3.119,79.48,82.6,-2.502,27.685,29.234,3.165,82.119,85.285,-1.89,27.569,28.549,7.106,538.081,545.188,30.638,-42.141,-40.391,-55.746,2.322,2.831,18.715,90.835,112.381,-1.437,27.532,28.322,6.557,32.507,486.625,525.689,31.65,-40.825,-41.43,-61.693,-3.024,27.612,30.575,5.98,32.589,422.422,460.991,35.945,-38.998,-39.448,-60.86,2.288,-2.72,27.488,30.147,-2.577,27.475,30.129,-1.613,27.531,28.806,2.277,18.446,67.046,87.769,-2.457,27.507,29.909,6.164,26.885,497.005,530.054,31.226,-38.619,-38.916,-63.558,-3.742,27.812,31.733,5.978,31.152,470.785,507.914,32.635,-40.675,-41.053,-62.096,2.007,-4.039,27.522,31.708,-3.765,27.88,31.679,-38.986,-51.393,-0.37,-0.411,-0.439,-0.31,-0.436,-0.524,999,999,999,999,1.148,-11.882,-18.669,-14.676,-14.416,3.407,3.404,3.406,3.407,0.703,0.676,0.655,0.551,0.136,0.189,0.28,0.196,1.88,0.634,-0.133,-0.101,-0.163,856.917,4.842
25,1,25,0,2.974,71.854,74.829,-2.77,27.585,29.113,3.013,75.603,78.617,-2.7,27.669,29.416,3.022,78.175,81.198,-2.235,27.572,28.897,6.757,511.006,517.763,32.325,-41.259,-39.545,-54.906,2.535,2.845,17.852,92.743,113.439,-1.225,27.53,28.108,6.465,32.65,476.397,515.512,32.257,-40.545,-41.155,-61.395,-2.804,27.607,30.349,6.126,33.482,427.663,467.271,35.415,-38.988,-39.446,-60.159,2.218,-2.463,27.512,29.915,-2.288,27.513,29.878,-1.379,27.48,28.521,2.301,18.011,66.695,87.007,-2.468,27.504,29.917,6.226,26.473,486.525,519.224,31.859,-38.834,-39.13,-63.675,-3.435,27.801,31.415,6.202,31.408,467.509,505.119,32.731,-40.352,-40.74,-61.676,2.057,-3.703,27.533,31.383,-3.441,27.855,31.33,-39.106,-51.358,-0.349,-0.379,-0.407,-0.31,-0.436,-0.524,999,999,999,999,-0.357,-11.813,-19.236,-14.055,-14.463,3.407,3.404,3.407,3.407,0.696,0.668,0.648,0.543,0.135,0.185,0.261,0.193,1.849,0.597,-0.133,-0.101,-0.163,850.583,13.6
26,1,26,0,2.943,79.142,82.085,-3.156,27.474,30.630,2.932,81.589,84.520,-2.971,27.463,30.434,2.957,82.789,85.746,-2.735,27.477,30.212,6.439,483.177,489.617,33.565,-41.530,-39.917,-55.403,2.644,2.787,18.598,99.481,120.866,-1.005,27.542,28.546,6.339,30.943,476.349,513.631,32.468,-41.120,-41.733,-61.509,-3.171,27.500,30.671,5.761,31.570,408.417,445.749,37.074,-38.579,-38.959,-59.923,2.684,-3.084,27.457,30.541,-2.798,27.513,30.114,-1.101,27.541,28.642,2.116,18.484,70.869,91.469,-2.555,27.496,30.051,5.645,25.480,465.438,496.563,33.247,-39.085,-39.272,-63.107,-4.068,27.463,31.531,5.626,29.640,445.200,480.465,34.112,-39.844,-40.212,-61.668,2.447,-4.127,27.510,31.637,-3.978,27.510,31.487,-38.861,-52.779,-0.536,-0.499,-0.553,-0.545,-0.565,-0.551,999.000,999.000,999.000,999.000,2.273,-12.069,-19.794,-13.995,-14.734,3.408,3.404,3.407,3.406,0.693,0.664,0.643,0.503,0.115,0.154,0.223,0.162,1.699,0.538,0.360,0.424,0.362,897.411,8.047
27,1,27,0,3.041,82.240,85.281,-3.228,27.475,30.703,3.013,84.740,87.753,-3.141,27.461,30.603,3.033,85.873,88.906,-2.928,27.478,30.405,6.383,471.080,477.464,34.426,-41.222,-39.451,-56.095,2.707,2.916,19.557,101.804,124.276,-0.999,27.537,28.536,6.340,31.376,484.363,522.079,31.907,-41.454,-42.077,-61.437,-3.268,27.496,30.764,5.842,32.627,411.048,449.517,36.729,-38.632,-39.026,-59.880,2.694,-3.126,27.512,30.638,-2.884,27.509,30.196,-1.144,27.539,28.683,2.111,19.914,72.395,94.419,-2.657,27.529,30.186,5.773,26.724,475.509,508.006,32.748,-38.805,-38.989,-63.270,-4.411,27.491,31.902,5.652,30.161,452.461,488.275,33.787,-39.788,-40.140,-61.332,2.489,-4.535,27.481,32.016,-4.343,27.499,31.842,-38.799,-52.875,-0.529,-0.483,-0.544,-0.529,-0.555,-0.537,999.000,999.000,999.000,999.000,1.908,-12.366,-19.409,-15.037,-13.363,3.408,3.404,3.406,3.406,0.698,0.668,0.648,0.502,0.115,0.144,0.211,0.148,1.638,0.529,0.347,0.362,0.375,888.418,4.601
28,1,28,0,2.919,78.701,81.620,-3.204,27.459,30.663,2.883,81.084,83.967,-3.086,27.471,30.557,3.025,82.524,85.550,-2.917,27.481,30.398,6.348,471.952,478.301,34.396,-41.141,-39.591,-55.032,2.711,2.755,18.386,97.431,118.572,-0.827,27.529,28.356,6.293,31.271,476.276,513.839,32.355,-41.303,-41.923,-61.290,-3.064,27.501,30.565,5.823,32.208,412.751,450.782,36.667,-39.002,-39.375,-59.810,2.468,-2.912,27.479,30.390,-2.688,27.460,29.951,-0.899,27.527,28.426,2.120,18.741,69.871,90.731,-2.631,27.528,30.159,5.733,25.811,469.941,501.486,33.167,-38.737,-38.921,-63.385,-4.150,27.454,31.604,5.696,29.514,455.089,490.299,33.356,-40.334,-40.695,-61.554,2.344,-4.266,27.471,31.736,-4.064,27.501,31.566,-38.755,-52.681,-0.512,-0.474,-0.536,-0.516,-0.539,-0.527,999.000,999.000,999.000,999.000,0.975,-11.851,-20.318,-14.878,-16.043,3.407,3.403,3.407,3.406,0.686,0.657,0.636,0.526,0.106,0.148,0.214,0.139,1.687,0.510,0.347,0.450,0.312,875.028,4.798
29,1,29,0,2.969,80.596,83.564,-3.319,27.475,30.794,2.996,83.349,86.345,-3.075,27.459,30.533,3.018,84.561,87.579,-2.830,27.476,30.305,6.500,485.276,491.776,33.408,-41.901,-40.084,-56.333,2.585,2.932,19.045,104.501,126.478,-0.990,27.538,28.528,6.370,31.081,484.526,521.977,31.923,-41.605,-42.229,-61.350,-3.104,27.492,30.596,5.917,32.408,411.589,449.914,36.661,-38.687,-39.094,-59.914,2.704,-2.981,27.508,30.490,-2.742,27.507,30.052,-1.095,27.540,28.634,2.183,18.528,71.619,92.330,-2.516,27.495,30.011,5.684,25.498,464.024,495.205,33.337,-39.076,-39.262,-63.328,-3.990,27.460,31.449,5.683,29.740,448.641,484.064,33.831,-40.009,-40.380,-61.743,2.383,-4.071,27.504,31.575,-3.897,27.507,31.405,-38.653,-52.547,-0.560,-0.506,-0.560,-0.552,-0.568,-0.544,999.000,999.000,999.000,999.000,1.896,-12.101,-19.086,-15.166,-13.727,3.408,3.404,3.407,3.406,0.698,0.668,0.648,0.411,0.110,0.147,0.216,0.153,1.674,0.523,0.360,0.387,0.337,900.843,6.103
30,1,30,0,2.913,79.098,82.011,-3.029,27.454,30.483,2.960,81.372,84.333,-2.822,27.466,30.288,3.008,82.634,85.642,-2.616,27.479,30.094,6.468,479.681,486.150,33.817,-41.789,-40.271,-55.405,2.548,2.866,19.466,103.532,125.864,-1.063,27.539,28.602,6.395,31.226,486.772,524.393,31.780,-41.757,-42.400,-61.311,-3.226,27.502,30.728,5.869,32.054,417.729,455.652,36.285,-38.959,-39.351,-59.896,2.516,-3.115,27.476,30.591,-2.846,27.513,30.163,-1.165,27.538,28.703,2.077,16.933,66.407,85.417,-2.334,27.492,29.826,5.739,24.271,464.465,494.476,33.363,-38.636,-38.820,-63.246,-3.488,27.509,30.997,5.764,29.197,453.643,488.605,33.896,-39.582,-39.932,-62.120,2.410,-3.585,27.519,31.104,-3.432,27.525,30.957,-38.601,-52.507,-0.539,-0.505,-0.547,-0.539,-0.567,-0.549,999.000,999.000,999.000,999.000,2.218,-12.137,-19.835,-14.567,-14.548,3.407,3.404,3.406,3.406,0.688,0.658,0.638,0.516,0.124,0.151,0.230,0.168,1.689,0.522,0.372,0.424,0.337,892.450,25.520
31,1,31,0,3.015,81.327,84.342,-3.554,27.473,31.026,2.999,84.253,87.253,-3.425,27.459,30.884,2.993,85.518,88.511,-3.259,27.479,30.738,6.315,467.521,473.836,34.704,-41.371,-39.654,-55.904,2.662,2.933,18.220,103.777,124.931,-1.235,27.503,28.738,6.211,30.463,459.238,495.912,33.335,-41.650,-42.257,-61.440,-3.182,27.507,30.689,5.956,31.712,420.236,457.905,36.146,-39.335,-39.708,-59.854,2.313,-3.034,27.468,30.502,-2.804,27.452,30.059,-1.180,27.541,28.721,2.196,19.530,73.703,95.429,-2.729,27.543,30.272,5.675,26.025,463.852,495.552,33.681,-39.164,-39.362,-63.411,-4.096,27.461,31.556,5.796,30.626,453.377,489.799,33.445,-40.253,-40.624,-61.395,2.420,-4.182,27.501,31.682,-4.031,27.506,31.536,-38.431,-51.726,-0.536,-0.480,-0.541,-0.533,-0.551,-0.542,999.000,999.000,999.000,999.000,-0.441,-11.360,-20.671,-15.645,-12.899,3.407,3.403,3.406,3.406,0.699,0.670,0.649,0.491,0.122,0.152,0.222,0.160,1.595,0.531,0.334,0.412,0.337,895.941,4.211
32,1,32,0,2.923,77.572,80.495,-3.177,27.470,30.647,2.925,80.239,83.164,-3.083,27.467,30.549,2.940,81.439,84.379,-2.924,27.483,30.407,6.261,468.734,474.996,34.652,-41.691,-40.223,-55.418,2.546,2.738,18.100,95.225,116.064,-0.900,27.534,28.434,6.250,30.951,464.532,501.734,33.179,-40.745,-41.346,-61.382,-3.074,27.503,30.577,5.868,31.940,409.687,447.496,36.957,-38.776,-39.130,-59.815,2.510,-2.912,27.486,30.398,-2.678,27.480,29.961,-0.955,27.538,28.493,2.165,19.297,68.959,90.421,-2.636,27.480,30.115,5.735,26.398,468.929,501.062,32.827,-38.625,-38.808,-63.436,-4.201,27.464,31.665,5.658,29.706,454.499,489.863,33.466,-40.378,-40.730,-61.422,2.383,-4.287,27.469,31.756,-4.096,27.506,31.602,-38.846,-52.731,-0.518,-0.475,-0.524,-0.512,-0.537,-0.527,999.000,999.000,999.000,999.000,1.063,-11.528,-20.363,-15.271,-13.264,3.408,3.404,3.407,3.406,0.694,0.665,0.644,0.451,0.113,0.153,0.217,0.149,1.693,0.514,0.359,0.400,0.287,901.619,4.613
33,1,33,0,3.045,81.443,84.488,-3.331,27.465,30.796,3.012,84.118,87.130,-3.223,27.466,30.689,3.063,85.414,88.476,-2.987,27.476,30.463,6.469,476.361,482.830,34.033,-41.293,-39.537,-55.761,2.712,2.775,17.213,98.208,118.195,-0.870,27.530,28.400,6.259,30.335,473.870,510.463,32.578,-41.184,-41.793,-61.312,-3.058,27.502,30.560,5.879,31.434,410.067,447.380,36.953,-38.995,-39.360,-59.877,2.452,-2.884,27.494,30.378,-2.666,27.476,29.944,-0.966,27.532,28.498,2.173,19.536,70.517,92.227,-2.708,27.495,30.204,5.802,26.474,476.203,508.480,32.468,-38.798,-38.980,-63.261,-4.331,27.487,31.818,5.749,30.218,455.204,491.171,33.554,-39.707,-40.055,-61.330,2.491,-4.440,27.474,31.914,-4.254,27.506,31.760,-38.940,-52.698,-0.522,-0.492,-0.534,-0.520,-0.559,-0.538,999.000,999.000,999.000,999.000,1.837,-11.761,-19.564,-15.034,-15.023,3.407,3.403,3.406,3.406,0.696,0.667,0.646,0.467,0.119,0.158,0.217,0.155,1.676,0.526,0.372,0.387,0.337,890.125,4.574
34,1,34,0,2.830,75.369,78.198,-2.985,27.456,30.441,2.804,77.761,80.564,-2.702,27.471,30.173,2.898,79.136,82.034,-2.498,27.481,29.979,6.357,481.545,487.902,33.717,-42.032,-40.748,-55.066,2.460,2.779,17.986,98.233,118.998,-1.058,27.540,28.598,6.281,30.597,473.019,509.897,32.692,-41.139,-41.746,-61.630,-3.171,27.503,30.675,5.915,31.209,412.787,449.910,36.758,-39.020,-39.378,-60.079,2.429,-3.039,27.478,30.516,-2.829,27.459,30.091,-1.097,27.536,28.633,2.182,19.019,73.322,94.523,-2.653,27.527,30.181,5.643,25.366,461.575,492.584,33.762,-39.186,-39.382,-63.419,-3.964,27.482,31.447,5.725,30.408,451.434,487.567,33.766,-40.374,-40.759,-61.581,2.379,-4.046,27.512,31.558,-3.880,27.508,31.388,-38.508,-52.026,-0.545,-0.495,-0.548,-0.541,-0.560,-0.548,999.000,999.000,999.000,999.000,0.896,-12.336,-19.953,-15.504,-13.574,3.407,3.404,3.406,3.406,0.696,0.666,0.645,0.533,0.118,0.150,0.228,0.165,1.674,0.538,0.360,0.387,0.350,893.523,4.218
35,1,35,0,2.915,77.507,80.422,-3.063,27.464,30.526,2.938,79.789,82.726,-2.841,27.470,30.311,3.015,81.120,84.135,-2.594,27.477,30.071,6.551,489.233,495.784,33.149,-41.870,-40.352,-55.408,2.551,2.809,18.581,101.384,122.774,-1.007,27.537,28.544,6.303,30.523,477.749,514.574,32.379,-41.570,-42.184,-61.576,-3.099,27.505,30.604,5.849,31.588,413.515,450.953,36.686,-39.355,-39.712,-60.265,2.307,-2.949,27.480,30.429,-2.733,27.460,29.996,-1.077,27.534,28.611,2.191,18.994,72.470,93.656,-2.723,27.512,30.235,5.714,25.297,464.923,495.934,33.414,-39.431,-39.619,-63.474,-4.118,27.465,31.583,5.752,30.320,451.501,487.573,33.628,-40.053,-40.425,-61.556,2.385,-4.245,27.471,31.716,-4.057,27.509,31.566,-38.627,-52.060,-0.554,-0.496,-0.555,-0.550,-0.569,-0.549,999.000,999.000,999.000,999.000,0.733,-11.943,-18.534,-16.148,-15.086,3.408,3.404,3.406,3.407,0.695,0.665,0.644,0.511,0.113,0.161,0.216,0.154,1.713,0.515,0.322,0.349,0.350,885.916,4.729
36,1,36,0,2.935,78.767,81.703,-3.135,27.453,30.588,2.887,81.084,83.971,-2.986,27.470,30.456,2.910,82.539,85.449,-2.806,27.485,30.291,6.426,471.843,478.269,34.423,-41.921,-40.444,-55.502,2.499,2.749,18.497,99.264,120.511,-0.866,27.536,28.402,6.273,31.611,464.951,502.836,33.125,-41.099,-41.707,-61.311,-3.211,27.492,30.703,5.845,32.454,405.323,443.623,37.183,-38.465,-38.865,-59.626,2.787,-3.021,27.509,30.530,-2.783,27.506,30.092,-0.910,27.530,28.440,2.051,18.314,71.078,91.442,-2.811,27.544,30.355,5.586,25.026,464.324,494.936,33.736,-39.143,-39.328,-63.331,-4.247,27.474,31.720,5.634,29.460,447.963,483.056,34.014,-39.278,-39.632,-61.249,2.600,-4.353,27.463,31.816,-4.167,27.506,31.673,-38.942,-52.412,-0.522,-0.473,-0.533,-0.513,-0.536,-0.515,999.000,999.000,999.000,999.000,-0.208,-11.278,-20.415,-15.059,-12.454,3.407,3.404,3.407,3.406,0.687,0.656,0.635,0.487,0.123,0.148,0.228,0.168,1.687,0.542,0.334,0.387,0.362,890.312,4.741
37,1,37,0,2.814,76.850,79.664,-3.300,27.475,30.775,2.876,79.832,82.708,-3.152,27.462,30.614,2.893,81.177,84.070,-2.946,27.477,30.423,6.299,472.572,478.870,34.318,-41.295,-39.723,-55.504,2.658,2.771,18.493,97.559,118.824,-1.013,27.538,28.551,6.273,31.024,468.110,505.407,32.972,-41.255,-41.851,-61.507,-3.023,27.501,30.524,5.951,32.102,414.599,452.652,36.513,-39.253,-39.612,-60.203,2.349,-2.869,27.476,30.345,-2.658,27.459,29.920,-1.024,27.535,28.558,2.106,19.250,66.236,87.592,-2.766,27.500,30.266,5.608,25.779,462.018,493.404,33.494,-38.935,-39.114,-63.476,-4.051,27.477,31.527,5.637,30.499,450.412,486.549,33.792,-40.034,-40.383,-61.940,2.406,-4.127,27.499,31.626,-3.970,27.512,31.482,-38.764,-51.968,-0.540,-0.486,-0.537,-0.531,-0.543,-0.534,999.000,999.000,999.000,999.000,0.455,-11.093,-19.330,-15.414,-14.064,3.408,3.404,3.406,3.406,0.686,0.657,0.636,0.513,0.103,0.159,0.226,0.144,1.655,0.519,0.334,0.425,0.362,904.708,4.101
38,1,38,0,2.919,80.582,83.501,-2.994,27.455,30.449,2.980,83.143,86.122,-2.904,27.468,30.372,2.987,84.577,87.565,-2.826,27.483,30.308,6.370,465.509,471.879,34.875,-41.377,-39.833,-55.237,2.623,2.760,18.538,98.025,119.323,-1.026,27.544,28.571,6.208,31.234,463.962,501.403,33.279,-41.076,-41.681,-61.331,-3.170,27.503,30.674,5.885,32.503,418.596,456.984,36.189,-39.169,-39.529,-59.712,2.333,-2.966,27.492,30.458,-2.747,27.468,30.018,-1.034,27.534,28.568,2.102,19.395,69.129,90.626,-2.671,27.542,30.213,5.708,26.028,464.819,496.555,33.605,-38.509,-38.706,-63.348,-4.121,27.472,31.593,5.723,30.282,451.596,487.602,33.681,-39.949,-40.317,-61.544,2.514,-4.157,27.506,31.664,-4.009,27.509,31.518,-38.753,-52.485,-0.517,-0.471,-0.521,-0.517,-0.527,-0.517,999.000,999.000,999.000,999.000,1.029,-11.391,-21.160,-15.336,-13.327,3.407,3.404,3.406,3.406,0.697,0.668,0.648,0.412,0.121,0.148,0.227,0.155,1.682,0.528,0.385,0.374,0.337,904.430,4.368
39,1,39,0,2.939,78.159,81.098,-3.222,27.455,30.677,2.907,80.480,83.387,-3.047,27.468,30.515,2.970,81.881,84.852,-2.871,27.483,30.354,6.428,477.951,484.378,33.980,-41.560,-40.028,-55.452,2.614,2.825,17.904,99.783,120.511,-1.077,27.542,28.619,6.193,30.249,464.279,500.720,33.307,-41.192,-41.797,-61.538,-3.289,27.503,30.792,5.902,31.330,414.778,452.010,36.583,-39.101,-39.460,-59.815,2.366,-3.096,27.482,30.578,-2.867,27.460,30.130,-1.124,27.538,28.661,2.128,18.976,70.736,91.839,-2.673,27.509,30.182,5.717,25.740,468.543,499.999,33.120,-38.896,-39.088,-63.347,-4.340,27.488,31.828,5.627,29.664,443.379,478.670,34.438,-39.547,-39.921,-61.500,2.633,-4.456,27.461,31.917,-4.269,27.496,31.764,-38.829,-52.898,-0.537,-0.483,-0.528,-0.532,-0.538,-0.528,999.000,999.000,999.000,999.000,2.320,-11.651,-20.623,-15.925,-15.056,3.407,3.404,3.406,3.406,0.681,0.652,0.631,0.474,0.112,0.154,0.226,0.150,1.719,0.530,0.359,0.450,0.387,892.290,4.995
40,1,40,0,3.022,81.605,84.627,-3.542,27.455,30.997,3.006,84.155,87.161,-3.385,27.464,30.849,3.027,85.688,88.714,-3.142,27.481,30.623,6.386,472.116,478.502,34.385,-41.329,-39.747,-55.004,2.677,2.791,19.115,97.154,119.059,-1.321,27.490,28.811,6.032,31.175,445.267,482.474,34.159,-41.101,-41.691,-61.456,-3.432,27.504,30.936,6.004,32.601,417.273,455.878,36.289,-39.062,-39.418,-59.915,2.399,-3.252,27.462,30.714,-2.967,27.512,30.282,-1.274,27.494,28.768,2.116,18.598,69.330,90.044,-2.857,27.544,30.401,5.644,25.118,462.829,493.591,33.823,-38.789,-38.982,-63.469,-4.115,27.465,31.580,5.751,29.866,454.808,490.425,33.436,-40.186,-40.545,-61.510,2.410,-4.184,27.487,31.671,-3.991,27.507,31.498,-38.842,-52.312,-0.523,-0.490,-0.530,-0.517,-0.542,-0.537,999.000,999.000,999.000,999.000,0.141,-11.730,-21.305,-16.683,-15.253,3.407,3.404,3.407,3.406,0.686,0.656,0.636,0.503,0.112,0.161,0.224,0.152,1.705,0.543,0.372,0.425,0.324,902.832,4.428
41,1,41,0,2.905,78.186,81.091,-3.159,27.456,30.615,2.882,80.421,83.303,-2.890,27.471,30.361,2.955,81.884,84.839,-2.665,27.483,30.148,6.408,480.969,487.378,33.768,-42.056,-40.642,-55.505,2.468,2.835,18.612,101.237,122.684,-1.254,27.489,28.743,6.358,30.796,463.935,501.089,32.882,-41.739,-42.338,-61.495,-3.345,27.496,30.841,5.943,31.185,408.604,445.732,37.041,-38.847,-39.233,-60.188,2.627,-3.165,27.515,30.680,-2.921,27.508,30.232,-1.194,27.546,28.740,2.066,18.370,68.314,88.750,-2.610,27.462,30.072,5.608,25.171,466.680,497.458,32.933,-39.303,-39.485,-63.611,-3.946,27.475,31.420,5.674,29.886,449.465,485.024,33.881,-40.046,-40.406,-61.733,2.400,-4.028,27.507,31.535,-3.855,27.513,31.369,-38.686,-52.024,-0.530,-0.492,-0.541,-0.529,-0.545,-0.538,999.000,999.000,999.000,999.000,0.516,-11.256,-20.174,-15.579,-12.920,3.407,3.404,3.406,3.406,0.693,0.664,0.643,0.445,0.109,0.153,0.205,0.151,1.678,0.512,0.347,0.412,0.299,919.084,4.502
42,1,42,0,2.978,82.872,85.850,-3.415,27.457,30.872,3.043,85.477,88.520,-3.200,27.464,30.664,3.032,86.892,89.925,-2.957,27.479,30.436,6.440,477.309,483.749,33.993,-41.758,-40.094,-55.823,2.574,2.845,18.307,106.111,127.262,-1.249,27.491,28.740,6.204,30.473,463.653,500.330,32.943,-41.618,-42.235,-61.460,-3.327,27.496,30.823,5.927,31.313,410.289,447.529,36.891,-38.613,-39.017,-59.770,2.731,-3.172,27.517,30.689,-2.930,27.513,30.246,-1.223,27.524,28.747,2.031,18.695,68.242,88.967,-2.592,27.499,30.091,5.612,25.377,459.031,490.020,33.719,-39.033,-39.208,-63.656,-3.827,27.489,31.316,5.712,30.196,453.584,489.492,33.683,-39.963,-40.306,-61.744,2.383,-3.911,27.510,31.421,-3.762,27.517,31.278,-38.516,-51.624,-0.552,-0.498,-0.549,-0.537,-0.562,-0.541,999.000,999.000,999.000,999.000,-0.440,-11.456,-20.245,-14.447,-13.146,3.408,3.404,3.406,3.406,0.686,0.656,0.635,0.483,0.114,0.157,0.219,0.149,1.681,0.528,0.360,0.425,0.324,909.196,4.268
43,1,43,0,2.962,82.110,85.072,-3.296,27.461,30.757,2.982,84.669,87.651,-3.177,27.461,30.638,3.048,85.997,89.045,-2.921,27.488,30.409,6.401,473.110,479.511,34.363,-41.257,-39.420,-56.091,2.721,2.926,20.211,105.505,128.641,-1.290,27.506,28.796,6.321,31.857,477.964,516.141,32.051,-41.861,-42.492,-61.316,-3.400,27.500,30.901,5.968,32.951,418.639,457.559,36.119,-39.114,-39.512,-59.972,2.479,-3.237,27.509,30.746,-2.996,27.512,30.310,-1.298,27.531,28.828,2.010,11.678,72.566,86.254,-1.880,27.491,29.371,5.533,20.631,466.421,492.584,33.476,-38.880,-39.046,-62.668,-2.822,27.494,30.315,5.627,26.326,458.593,490.545,33.643,-37.200,-37.562,-61.039,2.792,-2.952,27.490,30.442,-2.853,27.477,30.331,-38.766,-52.133,-0.528,-0.482,-0.540,-0.514,-0.556,-0.535,999.000,999.000,999.000,999.000,1.294,-12.219,-19.746,-15.443,-14.223,3.408,3.404,3.406,3.406,0.684,0.654,0.633,0.473,0.108,0.147,0.213,0.145,1.664,0.523,0.422,0.512,0.375,904.085,4.164
44,1,44,0,2.891,78.867,81.757,-2.977,27.467,30.444,2.946,81.545,84.491,-2.876,27.460,30.336,2.966,82.880,85.846,-2.783,27.475,30.257,6.386,475.774,482.159,34.067,-41.200,-39.459,-55.920,2.703,2.720,18.295,96.676,117.691,-1.259,27.487,28.746,6.015,30.511,447.445,483.971,34.031,-41.042,-41.625,-61.625,-3.194,27.510,30.704,5.935,32.348,422.101,460.384,35.977,-39.361,-39.703,-60.053,2.189,-2.986,27.504,30.490,-2.763,27.474,30.040,-1.134,27.541,28.675,2.136,17.961,73.628,93.725,-2.685,27.492,30.178,5.631,24.375,461.217,491.223,33.584,-39.302,-39.501,-63.291,-3.893,27.471,31.364,5.698,29.472,454.589,489.759,33.529,-39.786,-40.153,-61.337,2.491,-3.961,27.508,31.469,-3.816,27.511,31.328,-38.438,-51.689,-0.520,-0.476,-0.525,-0.517,-0.541,-0.527,999.000,999.000,999.000,999.000,-0.817,-11.273,-20.671,-17.139,-14.644,3.407,3.403,3.406,3.406,0.694,0.664,0.643,0.499,0.121,0.151,0.221,0.163,1.646,0.533,0.322,0.362,0.299,907.733,4.223
45,1,45,0,3.085,83.312,86.397,-3.523,27.473,30.996,3.045,86.249,89.293,-3.410,27.462,30.872,3.124,87.631,90.755,-3.258,27.478,30.736,6.369,467.514,473.883,34.691,-41.125,-39.367,-55.748,2.741,2.807,18.322,98.156,119.285,-1.291,27.487,28.777,6.157,30.476,448.700,485.332,33.929,-41.059,-41.653,-61.504,-3.373,27.507,30.880,5.929,31.853,415.047,452.829,36.549,-38.955,-39.321,-59.915,2.470,-3.197,27.461,30.658,-2.913,27.511,30.226,-1.202,27.544,28.746,2.170,19.211,70.340,91.721,-2.695,27.512,30.207,5.683,25.858,461.742,493.284,33.594,-38.791,-38.990,-63.323,-4.011,27.486,31.497,5.825,30.296,454.088,490.209,33.610,-40.015,-40.380,-61.465,2.511,-4.102,27.485,31.586,-3.907,27.509,31.416,-38.606,-52.332,-0.525,-0.488,-0.546,-0.529,-0.550,-0.536,999.000,999.000,999.000,999.000,0.038,-11.235,-21.134,-16.386,-14.085,3.407,3.404,3.407,3.407,0.698,0.669,0.648,0.532,0.115,0.155,0.214,0.157,1.650,0.522,0.372,0.399,0.312,907.366,3.706
46,1,46,0,2.995,80.977,83.972,-3.166,27.455,30.621,2.985,83.240,86.225,-2.968,27.471,30.439,3.053,84.516,87.569,-2.749,27.481,30.230,6.528,481.711,488.239,33.696,-42.190,-40.619,-55.810,2.470,2.911,18.134,103.654,124.699,-0.813,27.530,28.343,6.498,30.728,492.511,529.737,31.397,-41.717,-42.362,-61.258,-3.052,27.497,30.549,5.906,31.567,411.432,448.905,36.789,-39.081,-39.468,-59.821,2.474,-2.904,27.472,30.375,-2.634,27.510,29.947,-0.931,27.533,28.465,2.005,11.816,72.799,86.621,-1.943,27.480,29.423,5.643,21.270,465.953,492.867,33.368,-38.554,-38.708,-62.485,-3.051,27.507,30.559,5.649,26.095,460.605,492.349,33.626,-37.188,-37.553,-61.087,2.770,-3.204,27.510,30.713,-3.012,27.534,30.546,-39.073,-52.593,-0.537,-0.485,-0.530,-0.517,-0.553,-0.531,999.000,999.000,999.000,999.000,2.215,-13.104,-19.241,-15.074,-13.531,3.407,3.404,3.406,3.406,0.703,0.673,0.653,0.464,0.114,0.158,0.214,0.156,1.725,0.525,0.309,0.399,0.337,903.233,4.300
47,1,47,0,3.109,83.836,86.945,-3.297,27.460,30.757,3.088,86.492,89.581,-3.179,27.462,30.641,3.134,87.805,90.939,-3.040,27.485,30.525,6.436,471.913,478.349,34.420,-41.379,-39.581,-55.820,2.689,2.884,19.376,103.757,126.016,-1.143,27.528,28.671,6.242,31.274,467.493,505.008,32.918,-41.683,-42.307,-61.429,-3.377,27.506,30.882,6.067,32.999,425.226,464.292,35.642,-39.388,-39.766,-59.920,2.298,-3.176,27.465,30.641,-2.900,27.506,30.208,-1.140,27.544,28.684,2.216,19.319,73.285,94.820,-2.777,27.475,30.252,5.748,25.592,466.341,497.682,33.019,-39.397,-39.592,-63.367,-4.147,27.477,31.624,5.778,30.198,454.225,490.201,33.543,-40.294,-40.668,-61.369,2.393,-4.250,27.475,31.725,-4.044,27.509,31.554,-38.526,-51.959,-0.535,-0.483,-0.530,-0.532,-0.553,-0.534,999.000,999.000,999.000,999.000,0.348,-11.578,-21.132,-16.294,-15.033,3.407,3.404,3.406,3.406,0.700,0.670,0.650,0.466,0.792,0.150,0.210,3.270,1.672,0.512,0.385,0.450,0.400,901.376,3.835
48,1,48,0,2.923,79.635,82.558,-3.068,27.457,30.525,2.960,82.231,85.191,-2.882,27.464,30.345,3.063,83.626,86.688,-2.658,27.478,30.136,6.484,480.529,487.013,33.750,-41.781,-40.267,-55.576,2.539,2.850,19.012,99.511,121.373,-0.900,27.532,28.432,6.325,31.567,479.222,517.114,32.179,-41.581,-42.201,-61.437,-3.025,27.513,30.538,5.954,33.328,421.381,460.663,35.976,-39.411,-39.783,-59.844,2.261,-2.837,27.502,30.340,-2.584,27.509,29.896,-0.961,27.528,28.489,2.135,19.173,71.608,92.916,-2.669,27.508,30.177,5.787,26.016,473.300,505.103,32.780,-39.020,-39.210,-63.331,-4.185,27.481,31.666,5.752,30.002,457.285,493.039,33.380,-40.201,-40.560,-61.394,2.366,-4.287,27.489,31.776,-4.098,27.511,31.609,-38.655,-52.426,-0.534,-0.489,-0.547,-0.535,-0.555,-0.540,999.000,999.000,999.000,999.000,0.851,-11.969,-19.767,-15.994,-13.846,3.407,3.404,3.407,3.406,0.695,0.665,0.644,0.458,0.111,0.151,0.213,0.148,1.655,0.511,0.347,0.387,0.324,909.261,8.774
49,1,49,0,2.899,76.390,79.289,-3.139,27.458,30.597,2.907,78.639,81.545,-2.958,27.474,30.432,2.888,79.940,82.828,-2.732,27.483,30.215,6.337,477.862,484.200,33.988,-41.947,-40.532,-55.445,2.494,2.886,18.354,101.382,122.622,-1.042,27.543,28.586,6.284,30.594,475.005,511.882,32.591,-41.477,-42.100,-61.514,-3.288,27.501,30.789,5.834,31.304,409.927,447.065,36.974,-38.860,-39.240,-59.875,2.559,-3.146,27.461,30.607,-2.870,27.502,30.174,-1.136,27.542,28.678,2.110,19.091,69.272,90.473,-2.633,27.514,30.147,5.643,26.152,466.769,498.565,33.253,-39.008,-39.187,-63.518,-4.372,27.482,31.854,5.608,29.805,446.045,481.458,34.195,-39.561,-39.911,-61.529,2.521,-4.518,27.490,32.008,-4.339,27.502,31.841,-38.738,-52.825,-0.532,-0.479,-0.523,-0.526,-0.547,-0.528,999.000,999.000,999.000,999.000,1.628,-11.918,-19.704,-14.931,-14.069,3.407,3.403,3.406,3.406,0.692,0.662,0.642,0.460,0.116,0.150,0.220,0.168,1.677,0.517,0.334,0.387,0.324,895.986,5.617
50,1,50,0,3.001,82.238,85.240,-3.254,27.469,30.723,2.970,84.842,87.813,-3.047,27.467,30.514,3.001,86.198,89.199,-2.836,27.480,30.316,6.459,482.784,489.243,33.619,-41.911,-40.161,-56.457,2.537,2.827,18.492,101.201,122.519,-0.956,27.537,28.493,6.324,31.111,478.031,515.466,32.315,-41.343,-41.975,-61.266,-3.073,27.500,30.573,5.881,32.277,413.151,451.309,36.616,-38.797,-39.187,-59.818,2.588,-2.963,27.464,30.426,-2.697,27.511,30.010,-1.015,27.535,28.550,2.191,19.194,73.301,94.687,-2.633,27.506,30.139,5.705,25.633,469.520,500.858,33.044,-39.281,-39.473,-63.333,-4.103,27.481,31.584,5.721,30.618,453.884,490.223,33.574,-40.094,-40.458,-61.514,2.409,-4.228,27.491,31.720,-4.044,27.508,31.551,-38.303,-52.005,-0.535,-0.496,-0.552,-0.530,-0.567,-0.546,999.000,999.000,999.000,999.000,0.600,-12.242,-19.890,-14.783,-12.650,3.407,3.404,3.407,3.406,0.696,0.666,0.646,0.448,0.125,0.151,0.219,0.168,1.651,0.532,0.372,0.412,0.412,902.675,4.107
