Header Section,,,,,,,,,,,,,,,,,,,,,,,,,,,,,,,
Product,VC7778,,,,,,,,,,,,,,,,,,,,,,,,,,,,,,
Test Plan,Rev(-),,,,,,,,,,,,,,,,,,,,,,,,,,,,,,
Release Date,12/8/2014,,,,,,,,,,,,,,,,,,,,,,,,,,,,,,
Comment,"#11~36 -JCET- VC7778A5E15.24.1, #41~70 for new LTE.mod",,,,,,,,,,,,,,,,,,,,,,,,,,,,,,
,,,,,,,,,,,,,,,,,,,,,,,,,,,,,,,
Data Section,,,,,,,,,,,,,,,,,,,,,,,,,,,,,,,
Device#,1,2,3,4,5,6,7,8,9,10,11,12,13,14,15,16,17,18,19,20,21,22,23,24,25,26,27,28,29,30,31
Test Item,Site No,Device ID,Idle_B38_Vbat,Idle_B38_Vcc,Idle_B38_Total,Pin_B40_2300,Pout_B40_2300,Gain_B40_2300,Icc_B40_Vbat_2300,Icc_B40_Vcc_2300,Icc_B40_Total_2300,PAE_B40_Total_2300,E-UTRA_ACP_L_B40_2300,UTRA_ACP1_L_B40_2300,UTRA_ACP2_L_B40_2300,EVM_B40_2300,Pin_H_B38_2620,Pout_H_B38_2620,Gain_H_B38_2620,Icc_H_Vbat_B38_2620,Icc_H_Vcc_B38_2620,Icc_H_Total_B38_2620,PAE_H_Total_B38_2620,EUTRA_ACP_B38_2620,UTRA_ACP_L_H_B38_2620,UTRA_ALT_L_H_B38_2620,EVM_H_B38_2620,Leakage Current,Test Time,Index Time,Status
Low Tolerance,,,10,30,30,0.3,,,10,30,30,,2,2,1.5,0.5,0.3,,,10,30,30,,2,2,1.5,0.5,5,,,
High Tolerance,,,10,30,30,0.3,,,10,30,30,,2,2,1.5,0.5,0.3,,,10,30,30,,2,2,1.5,0.5,5,,,
Enable,,,1,1,1,1,0,0,1,1,1,0,1,1,0,1,1,0,0,1,1,1,0,1,1,0,1,1,0,0,
11,1,11,3.357,143.18,134.06,-0.422,26.972,27.394,8.232,515.647,523.879,27.958,-41.257,-41.302,-50.36,1.807,-1.039,27.087,28.127,8.094,504.976,513.069,29.314,-43.509,-44.007,-52.439,1.7,6.116,1036,206898,Pass
12,1,12,3.382,146.739,137.644,-0.892,26.961,27.853,9.066,519.352,528.417,27.645,-40.805,-40.768,-49.806,2.171,-0.835,27.077,27.911,8.149,509.537,517.686,28.982,-43.346,-43.845,-52.276,1.732,6.133,1067,38832,Pass
13,1,13,3.503,147.908,138.934,-0.942,26.948,27.89,8.343,512.581,520.924,27.96,-41.927,-42.013,-51.358,1.254,-1.771,27.049,28.821,8.349,503.113,511.462,29.15,-43.885,-44.492,-52.569,1.355,6.509,1084,14383,Pass
14,1,14,3.495,146.192,137.21,-0.423,26.986,27.409,9.219,524.948,534.167,27.506,-40.847,-40.718,-50.2,2.278,-1.353,27.022,28.375,8.041,505.348,513.389,28.858,-43.667,-44.125,-52.74,1.61,6.626,1013,14830,Pass
15,1,15,3.528,148.542,139.593,-0.925,26.962,27.888,8.037,515.588,523.626,27.909,-41.313,-41.333,-50.557,1.727,-0.973,27.082,28.054,8.186,506.481,514.667,29.184,-43.639,-44.191,-52.489,1.532,6.619,1036,13918,Pass
16,1,16,3.458,145.984,136.965,-1.397,26.946,28.343,8.683,502.057,510.74,28.508,-42.537,-42.933,-51.516,0.582,-1.006,27.036,28.042,8.104,493.29,501.394,29.646,-44.288,-45.004,-52.976,1.092,6.631,1038,21045,Pass
17,1,17,3.425,143.747,134.695,-0.603,26.977,27.58,8.394,519.396,527.79,27.78,-40.995,-40.96,-50.131,2.06,-1.182,27.035,28.217,7.667,507.211,514.878,28.859,-43.591,-44.139,-52.42,1.568,6.576,1012,13851,Pass
18,1,18,3.335,138.181,129.039,-0.761,26.969,27.73,8.239,512.368,520.606,28.115,-41.478,-41.624,-50.467,1.537,-1.104,27.055,28.159,8.498,500.601,509.098,29.324,-43.796,-44.363,-52.624,1.46,6.524,1040,15092,Pass
19,1,19,3.445,146.734,137.702,-0.605,26.968,27.573,8.71,522.543,531.252,27.546,-41.077,-40.987,-50.498,2.054,-1.272,27.037,28.308,7.837,508.433,516.27,28.795,-43.484,-43.911,-52.567,1.724,6.503,1011,13432,Pass
20,1,20,3.421,143.218,134.163,-0.73,26.97,27.7,8.616,521.147,529.764,27.636,-41.292,-41.318,-50.484,1.776,-0.978,27.087,28.064,8.176,509.066,517.242,29.072,-43.519,-44.059,-52.352,1.614,6.518,1043,14607,Pass
21,1,21,3.46,144.26,135.244,-0.593,26.981,27.574,8.368,521.382,529.751,27.704,-40.855,-40.764,-50.113,2.2,-1.107,27.024,28.131,8.275,508.722,516.997,28.667,-43.617,-44.114,-52.612,1.586,6.526,1038,17628,Pass
22,1,22,3.416,144.241,135.18,-1.167,26.915,28.082,8.446,510.011,518.458,27.884,-41.741,-41.887,-50.866,1.323,-0.933,27.057,27.99,8.094,502.484,510.577,29.252,-43.929,-44.528,-52.788,1.345,6.593,1081,17129,Pass
23,1,23,3.522,147.124,138.17,-0.313,26.981,27.294,8.909,527.402,536.311,27.368,-40.78,-40.588,-50.399,2.382,-1.372,27.022,28.394,8.154,509.405,517.559,28.626,-43.577,-43.913,-53.012,1.753,6.62,1024,18450,Pass
24,1,24,3.359,136.883,127.766,-0.273,26.986,27.259,8.749,525.875,534.624,27.486,-40.236,-40.293,-48.537,2.562,-1.205,27.035,28.24,8.302,505.393,513.696,28.926,-43.241,-43.965,-51.65,1.622,6.614,1014,16290,Pass
25,1,25,3.409,143.975,134.908,-0.873,26.992,27.864,8.805,524.826,533.631,27.571,-40.727,-40.585,-49.969,2.368,-1.063,27.064,28.127,8.003,509.602,517.605,28.901,-43.236,-43.597,-52.481,1.93,6.61,1062,15884,Pass
26,1,26,3.341,139.442,130.306,-1.262,27.019,28.281,8.904,514.215,523.12,28.303,-41.304,-41.568,-49.863,1.521,-1.114,27.068,28.182,7.889,500.239,508.128,29.467,-43.645,-44.497,-51.884,1.271,6.556,1085,13858,Pass
27,1,27,3.354,139.846,130.723,-0.399,26.979,27.378,8.822,522.858,531.679,27.592,-40.727,-40.684,-49.627,2.289,-1.05,27.07,28.121,8.63,509.144,517.773,28.935,-43.374,-43.879,-52.235,1.757,6.514,1016,12874,Pass
28,1,28,3.467,144.31,135.301,-0.571,26.976,27.547,9.155,517.814,526.969,27.821,-41.308,-41.328,-50.547,1.755,-1.179,27.048,28.227,7.85,505.941,513.791,29.008,-43.836,-44.399,-52.672,1.438,6.566,1026,14890,Pass
29,1,29,3.415,141.691,132.629,-1.047,26.945,27.992,8.252,503.53,511.783,28.441,-42.655,-42.983,-51.769,0.617,-1.733,27.035,28.767,8.152,493.059,501.211,29.647,-43.954,-44.668,-52.304,1.282,6.552,1039,17607,Pass
30,1,30,3.424,142.083,133.03,-0.651,26.974,27.625,8.408,516.578,524.985,27.911,-41.14,-41.111,-50.376,1.946,-1.231,27.037,28.268,8,505.135,513.135,28.974,-43.718,-44.212,-52.675,1.547,6.531,1064,15173,Pass
31,1,31,3.444,141.975,132.942,-0.496,26.976,27.472,8.364,521.293,529.656,27.677,-40.623,-40.605,-49.428,2.317,-1.034,27.075,28.109,8.441,507.607,516.047,29.064,-43.292,-43.847,-52.094,1.736,6.613,1043,12399,Pass
32,1,32,3.411,143.064,133.998,6.579,-1.574,-8.153,14.302,928.594,942.896,0.022,-29.397,-30.967,-37.668,11.98,8.144,-1.101,-9.245,14.757,958.08,972.837,0.023,-29.78,-31.61,-37.416,12.899,6.796,985.486,13039,Fail
33,1,33,3.502,145.16,136.185,-0.292,27.065,27.357,9.239,528.005,537.243,27.852,-41.498,-41.447,-51.263,1.752,-1.494,27.034,28.528,8.875,505.717,514.592,28.872,-43.909,-44.447,-52.724,1.434,6.597,1070,39455,Pass
34,1,34,3.493,146.942,137.958,-0.83,26.966,27.796,8.685,517.268,525.954,27.807,-41.66,-41.664,-51.183,1.511,-1.16,27.041,28.201,7.755,507.478,515.234,28.883,-43.953,-44.479,-52.903,1.378,6.546,1014,21781,Pass
35,1,35,3.529,149.467,140.519,-0.538,27.001,27.539,8.685,535.245,543.931,27.108,-40.312,-40.117,-49.597,2.713,-1.262,27.042,28.304,8.816,514.55,523.366,28.439,-43.354,-43.755,-52.497,1.817,6.633,1088,26779,Pass
36,1,36,3.417,142.008,132.948,-0.773,26.972,27.745,8.583,515.65,524.233,27.938,-41.185,-41.199,-50.311,1.862,-1.429,27.043,28.471,8.343,501.223,509.566,29.215,-43.583,-44.103,-52.506,1.601,6.628,1014,27488,Pass
41,1,41,3.204,134.039,137.243,0.596,27.057,29.478,7.788,491.523,499.311,29.466,-39.249,-38.747,-49.017,2.568,0.242,27.013,27.442,7.631,468.302,475.933,29.571,-38.521,-37.395,-51.273,2.715,6.056,429.921,77134.000,
42,1,42,3.185,132.217,135.402,0.471,27.040,29.586,7.709,490.716,498.426,29.403,-38.999,-38.501,-48.736,2.655,0.507,27.027,27.190,7.674,466.426,474.100,29.773,-38.643,-37.600,-51.206,2.651,6.192,628.713,10813.000,
43,1,43,3.374,140.554,143.928,0.384,27.044,29.677,7.812,493.433,501.245,29.265,-39.280,-38.575,-49.591,2.685,0.550,27.041,27.160,7.738,474.227,481.965,29.402,-38.515,-37.079,-51.703,2.862,6.008,591.515,1317.682,
44,1,44,3.353,142.286,145.639,0.236,27.022,29.803,7.848,489.337,497.185,29.349,-39.544,-38.836,-49.693,2.555,0.265,26.978,27.382,7.639,467.630,475.269,29.368,-39.037,-37.746,-51.913,2.653,6.134,566.704,41974.000,
45,1,45,3.380,141.000,144.380,-0.057,26.947,30.021,7.668,483.419,491.087,29.203,-40.066,-39.403,-50.043,2.322,0.451,27.049,27.268,7.765,470.034,477.798,29.708,-38.440,-37.057,-51.570,2.867,6.170,555.106,9538.333,
46,1,46,3.319,138.581,141.900,-0.072,27.050,30.139,7.706,495.292,502.998,29.203,-37.887,-37.066,-48.751,3.395,0.576,27.045,27.139,7.527,465.404,472.931,29.967,-39.447,-38.578,-51.630,2.362,6.239,538.603,9466.667,
47,1,47,3.221,134.635,137.856,0.412,27.005,29.610,7.345,488.363,495.708,29.322,-39.859,-39.309,-49.677,2.336,-0.098,27.036,27.803,7.601,474.808,482.409,29.347,-38.412,-37.171,-51.355,2.801,6.030,582.551,10797.000,
48,1,48,3.240,135.861,139.101,0.130,27.018,29.904,7.578,492.108,499.686,29.176,-38.764,-37.976,-49.459,2.966,0.217,27.011,27.464,7.545,464.768,472.313,29.770,-39.244,-38.219,-51.673,2.465,6.219,575.339,11489.667,
49,1,49,3.265,136.719,139.983,-0.022,26.978,30.017,7.437,485.237,492.675,29.314,-39.214,-38.532,-49.462,2.691,0.249,27.016,27.437,7.449,458.033,465.482,30.222,-39.120,-38.106,-51.557,2.513,6.197,577.133,12114.667,
50,1,50,3.287,138.703,141.990,0.140,27.015,29.892,7.744,493.630,501.375,29.060,-38.324,-37.563,-48.839,3.146,0.561,27.045,27.155,7.480,470.594,478.074,29.665,-39.296,-38.203,-51.795,2.502,6.119,541.511,5680.667,
51,1,51,3.286,138.122,141.408,-0.035,26.958,30.011,7.666,485.996,493.663,29.124,-39.123,-38.441,-49.271,2.713,0.706,27.047,27.012,7.533,471.060,478.593,29.648,-38.912,-37.697,-51.653,2.656,6.344,541.352,12478.000,
52,1,52,3.291,138.132,141.424,0.103,26.981,29.895,7.654,491.549,499.203,28.959,-39.451,-38.758,-49.691,2.607,0.294,27.036,27.412,7.631,470.551,478.183,29.595,-38.956,-37.823,-51.577,2.600,6.358,563.430,10350.667,
53,1,53,3.215,132.883,136.099,-0.013,26.952,29.982,7.508,483.859,491.368,29.217,-39.617,-39.206,-49.075,2.364,0.505,27.028,27.194,7.558,463.947,471.504,29.940,-38.610,-37.391,-51.423,2.738,6.280,568.569,10472.000,
54,1,54,3.172,128.907,132.079,0.258,27.026,29.786,7.604,484.859,492.464,29.657,-39.147,-38.795,-48.415,2.452,0.830,27.047,26.886,7.678,466.362,474.040,29.912,-38.389,-37.247,-51.165,2.772,6.258,567.455,12082.333,
55,1,55,3.321,141.157,144.477,-0.069,26.994,30.080,7.478,492.499,499.978,29.001,-39.071,-38.293,-49.558,2.808,0.647,27.057,27.080,7.364,471.448,478.812,29.701,-39.063,-37.879,-51.739,2.603,6.237,537.929,14763.667,
56,1,56,3.242,133.821,137.064,0.451,27.013,29.578,7.525,487.490,495.015,29.414,-39.311,-38.863,-48.917,2.497,0.111,26.942,27.501,7.592,462.138,469.729,29.457,-39.040,-38.178,-51.270,2.442,6.148,582.582,12591.333,
57,1,57,3.282,140.056,143.339,0.204,26.977,29.789,7.583,486.540,494.124,29.223,-39.449,-38.803,-49.442,2.539,0.334,27.008,27.344,7.557,465.816,473.373,29.688,-39.036,-37.888,-51.693,2.593,6.123,578.557,11902.667,
58,1,58,3.290,138.269,141.559,0.025,26.975,29.968,7.631,487.844,495.476,29.135,-39.145,-38.471,-49.326,2.714,0.381,27.022,27.311,7.496,469.176,476.671,29.584,-38.978,-37.758,-51.763,2.646,6.264,573.563,12508.000,
59,1,59,3.366,141.890,145.256,-0.088,26.949,30.054,7.639,483.152,490.791,29.233,-39.627,-38.932,-49.743,2.500,0.628,27.068,27.110,7.679,472.617,480.296,29.690,-38.657,-37.296,-51.721,2.789,6.303,561.476,9684.000,
60,1,60,3.285,138.038,141.322,0.485,27.058,29.590,7.615,497.745,505.360,29.124,-39.159,-38.413,-49.629,2.764,0.159,27.016,27.527,7.703,479.090,486.793,28.962,-38.791,-37.496,-51.736,2.706,6.309,607.255,9564.000,
61,1,61,3.264,135.341,138.605,0.609,27.018,29.425,7.599,487.845,495.444,29.422,-39.239,-38.613,-49.416,2.678,-0.164,27.037,27.871,7.553,464.697,472.250,29.954,-38.896,-37.842,-51.468,2.583,6.251,580.559,10263.333,
62,1,62,3.356,140.335,143.692,-0.156,26.966,30.139,7.619,485.172,492.791,29.229,-39.316,-38.655,-49.412,2.641,0.182,26.977,27.465,7.558,462.331,469.890,29.687,-39.168,-38.047,-51.781,2.547,6.293,578.321,51992.667,
63,1,63,3.453,149.249,152.702,0.042,26.937,29.912,7.420,485.651,493.072,29.018,-39.992,-39.258,-50.139,2.429,0.078,27.014,27.605,7.591,458.902,466.493,30.142,-39.403,-38.267,-51.922,2.498,6.094,580.364,4958.000,
64,1,64,3.347,139.950,143.296,0.195,27.016,29.838,7.686,495.836,503.522,28.945,-39.124,-38.428,-49.379,2.728,0.444,26.981,27.207,7.609,469.191,476.800,29.304,-39.272,-38.219,-51.735,2.485,6.208,584.459,10085.333,
65,1,65,3.199,133.275,136.475,0.306,27.015,29.726,7.477,489.842,497.319,29.293,-39.479,-38.930,-49.385,2.495,-0.157,27.016,27.843,7.406,466.745,474.152,29.698,-38.984,-38.005,-51.469,2.520,6.122,580.933,10310.333,
66,1,66,3.378,141.677,145.054,0.051,26.926,29.892,7.697,483.089,490.787,29.076,-39.894,-39.226,-49.884,2.394,0.180,27.013,27.502,7.573,469.441,477.015,29.504,-38.782,-37.467,-51.745,2.738,6.320,580.071,11371.500,
67,1,67,3.270,134.899,138.168,-0.029,26.969,30.015,7.664,487.146,494.810,29.134,-38.492,-37.886,-48.539,2.937,0.341,27.019,27.348,7.580,469.095,476.676,29.566,-39.251,-38.294,-51.550,2.439,6.126,538.544,9898.667,
68,1,68,3.240,136.222,139.462,0.087,26.998,29.928,7.428,481.260,488.689,29.692,-39.688,-39.157,-49.362,2.378,0.633,27.063,27.101,7.423,467.761,475.184,29.959,-38.545,-37.248,-51.548,2.809,6.206,566.753,12788.667,
69,1,69,3.338,139.759,143.097,-0.058,26.984,30.059,7.760,488.705,496.465,29.138,-38.696,-38.030,-48.956,2.898,0.091,26.998,27.577,7.604,466.665,474.269,29.568,-39.377,-38.426,-51.679,2.415,6.196,589.197,12468.000,
70,1,70,3.192,130.572,133.764,0.296,27.058,29.778,7.667,493.113,500.780,29.382,-38.042,-37.349,-48.480,3.234,0.250,27.015,27.436,7.548,463.391,470.939,29.885,-39.003,-38.037,-51.379,2.506,6.230,591.395,9148.000,
