Header Section,,,,,,,,,,,,,,,,,,,,,,,,,,,,,,,,,,,,,,,,,,,,,,,,,,,,,,,,
Product,VC7742,,,,,,,,,,,,,,,,,,,,,,,,,,,,,,,,,,,,,,,,,,,,,,,,,,,,,,,
Test Plan,Rev(A),,,,,,,,,,,,,,,,,,,,,,,,,,,,,,,,,,,,,,,,,,,,,,,,,,,,,,,
Release Date,2019/2/28 0:00,,,,,,,,,,,,,,,,,,,,,,,,,,,,,,,,,,,,,,,,,,,,,,,,,,,,,,,
Comment,#1-10/A5E10.9.1,,,,,,,,,,,,,,,,,,,,,,,,,,,,,,,,,,,,,,,,,,,,,,,,,,,,,,,
,,,,,,,,,,,,,,,,,,,,,,,,,,,,,,,,,,,,,,,,,,,,,,,,,,,,,,,,
Data Section,,,,,,,,,,,,,,,,,,,,,,,,,,,,,,,,,,,,,,,,,,,,,,,,,,,,,,,,
Device#,1,2,3,4,5,6,7,8,9,10,11,12,13,14,15,16,17,18,19,20,21,22,23,24,25,26,27,28,29,30,31,32,33,34,35,36,37,38,39,40,41,42,43,44,45,46,47,48,49,50,51,52,53,54,55,56
Test Item,Site No,Device ID,Idle_L_Vbat,Idle_L_Vcc,Idle_L_Total,Pin_L_B42_3400,Pout_L_B42_3400,Gain_L_B42_3400,Icc_L_Vbat_B42_3400,Icc_L_Vcc_B42_3400,Icc_L_Total_B42_3400,PAE_L_Total_B42_3400,E-UTRA_L_L_ACP_L_B42_3400,UTRA_L_ACP1_L_B42_3400,UTRA_L_ACP2_L_B42_3400,EVM_L_B42_3400,Pin_L_B43_3800,Pout_L_B43_3800,Gain_L_B43_3800,Icc_L_Vbat_B43_3800,Icc_L_Vcc_B43_3800,Icc_L_Total_B43_3800,PAE_L_Total_B43_3800,E-UTRA_L_ACP_L_B43_3800,UTRA_L_ACP1_L_B43_3800,UTRA_L_ACP2_L_B43_3800,EVM_L_B43_3800,Idle_H_Vbat,Idle_H_Vcc,Idle_H_Total,Pin_H_B42_3400,Pout_H_B42_3400,Gain_H_B42_3400,Icc_H_Vbat_B42_3400,Icc_H_Vcc_B42_3400,Icc_H_Total_B42_3400,PAE_H_Total_B42_3400,E-UTRA_H_ACP_L_B42_3400,UTRA_H_ACP1_L_B42_3400,UTRA_H_ACP2_L_B42_3400,EVM_H_B42_3400,Pin_H_B43_3800,Pout_H_B43_3800,Gain_H_B43_3800,Icc_H_Vbat_B43_3800,Icc_H_Vcc_B43_3800,Icc_H_Total_B43_3800,PAE_H_Total_B43_3800,E-UTRA_H_ACP_L_B43_3800,UTRA_H_ACP1_L_B43_3800,UTRA_H_ACP2_L_B43_3800,EVM_H_B43_3800,Leakage Vbat_uA,Leakage Vcc_uA,Test Time ,Index Time 
Low Tolerance,,,1,10,10,0.3,,,1,25,25,,1.5,1.5,1.5,0.6,0.3,,,1,25,25,,1.5,1.5,1.5,0.6,1,10,10,0.3,,,1,25,25,,1.5,1.5,1.5,0.6,0.3,,,1,25,25,,1.5,1.5,1.5,0.6,1,1,,
High Tolerance,,,1,10,10,0.3,,,1,25,25,,1.5,1.5,1.5,0.6,0.3,,,1,25,25,,1.5,1.5,1.5,0.6,1,10,10,0.3,,,1,25,25,,1.5,1.5,1.5,0.6,0.3,,,1,25,25,,1.5,1.5,1.5,0.6,1,1,,
Enable,,,1,1,1,1,,,1,1,1,,1,1,1,1,1,,,1,1,1,,1,1,1,1,1,1,1,1,,,1,1,1,,1,1,1,1,1,,,1,1,1,,1,1,1,1,1,1,,
1,1,1,1.629,41.426,43.055,-12.204,3.021,15.416,1.706,49.835,51.54,5.557,-47.127,-56.733,-61.771,1.756,-15.288,3.01,19.072,1.72,51.602,53.322,5.358,-44.147,-45.205,-59.494,1.953,3.102,92.008,95.11,-0.052,27.932,27.983,6.946,574.661,581.607,31.409,-40.005,-39.758,-49.036,2.536,0.002,27.923,27.921,6.846,583.034,589.88,30.909,-39.396,-38.836,-50.087,1.829,0.001,0.6,1222.798,0.701
2,1,2,1.673,42.144,43.817,-12.595,3.031,15.816,1.748,50.715,52.463,5.471,-47.089,-56.694,-61.707,1.845,-15.8,3.005,19.578,1.743,52.73,54.473,5.238,-44.032,-45.11,-59.315,2.055,3.171,93.067,96.238,0.006,27.916,27.91,7.107,578.288,585.395,31.093,-40.41,-40.015,-49.53,2.242,-0.051,27.921,27.972,6.888,588.8,595.689,30.591,-39.277,-38.845,-50.128,1.791,0.017,0.6,1240.352,0.012
3,1,3,1.661,41.066,42.727,-11.827,3.06,15.077,1.696,49.944,51.64,5.596,-46.907,-56.456,-61.531,1.966,-15.177,2.954,18.904,1.759,52.507,54.266,5.197,-44.1,-45.085,-59.401,2.033,3.131,91.794,94.926,0.31,27.914,27.604,6.895,577.662,584.557,31.125,-40.753,-40.35,-50.033,1.822,-0.083,27.928,28.011,7.032,600.36,607.392,30.064,-39.439,-39.16,-50.077,1.449,0,0.6,1216.128,0.006
4,1,4,1.597,39.007,40.605,-11.287,2.984,14.462,1.671,47.85,49.521,5.735,-47.025,-56.627,-61.655,1.992,-14.127,3.01,17.911,1.688,50.477,52.165,5.476,-44.202,-45.194,-59.543,2.001,3.031,86.893,89.924,0.324,27.895,27.571,6.954,566.926,573.881,31.565,-40.561,-40.221,-49.682,1.973,0.512,27.912,27.4,6.981,598.198,605.179,30.052,-39.37,-38.597,-50.139,2.116,0.002,0.6,1289.537,0.007
5,1,5,1.578,39.105,40.683,-11.338,2.979,14.508,1.664,48.252,49.917,5.683,-47.176,-56.643,-61.851,1.853,-14.815,2.976,18.564,1.662,50.477,52.138,5.437,-44.078,-45.064,-59.395,2.038,3.041,88.345,91.386,0.315,27.915,27.599,6.755,579.785,586.539,31.026,-40.535,-40.144,-49.612,2.107,-0.098,27.923,28.02,6.928,591.143,598.071,30.481,-39.356,-38.973,-50.031,1.7,0.003,0.6,1231.414,0.008
6,1,6,1.626,39.608,41.234,-11.86,2.979,15.03,1.69,48.749,50.439,5.624,-46.957,-56.512,-61.545,1.895,-15.023,2.961,18.758,1.705,50.571,52.276,5.403,-44.055,-45.14,-59.295,2.04,3.106,90.256,93.362,0.053,27.92,27.867,6.836,580.977,587.813,30.996,-40.213,-39.959,-49.292,2.307,0.051,27.917,27.866,6.756,587.862,594.618,30.62,-39.411,-38.775,-50.156,1.911,0,0.6,1235.358,0.008
7,1,7,1.582,39.424,41.006,-11.726,2.982,14.899,1.636,48.481,50.117,5.664,-47.129,-56.637,-61.694,1.907,-14.763,3.004,18.541,1.676,51.404,53.08,5.375,-44.106,-45.166,-59.398,2.025,3.057,90.333,93.39,0.211,27.925,27.714,7.021,589.108,596.129,30.6,-40.095,-39.615,-49.218,2.711,0.21,27.921,27.711,6.961,606.041,613.002,29.729,-39.478,-38.799,-50.246,1.874,0.002,0.6,1246.951,0.007
8,1,8,1.581,38.742,40.323,-11.203,2.968,14.363,1.667,48.419,50.086,5.65,-47.121,-56.503,-61.75,1.913,-14.447,2.967,18.188,1.67,50.318,51.989,5.441,-44.056,-45.188,-59.313,2.031,3.013,86.23,89.244,0.513,27.916,27.403,6.959,589.372,596.331,30.523,-40.614,-40.186,-49.739,2.028,0.269,27.929,27.66,7.018,595.382,602.4,30.307,-39.265,-38.805,-49.889,1.891,-0.001,0.6,1263.783,0.007
9,1,9,1.583,37.908,39.491,-11.031,2.967,14.188,1.654,47.005,48.659,5.813,-47.031,-56.396,-61.71,1.988,-14.262,2.974,18.011,1.692,49.681,51.373,5.516,-44.078,-45.038,-59.349,2.084,3.02,85.373,88.393,0.468,27.927,27.459,7.251,577.603,584.854,31.201,-40.062,-39.715,-49.166,2.554,0.201,27.913,27.712,7.027,597.334,604.362,30.101,-39.516,-38.707,-50.209,2.034,0.002,0.6,1245.424,0.007
10,1,10,1.64,39.607,41.247,-11.677,2.992,14.86,1.707,48.085,49.792,5.715,-47.055,-56.614,-61.621,1.808,-14.803,2.977,18.554,1.739,51.828,53.567,5.293,-44.064,-45.108,-59.344,2.159,3.094,88.541,91.635,0.396,27.927,27.531,7.205,581.02,588.225,31.026,-40.594,-40.077,-49.857,2.136,0.316,27.923,27.607,7.365,616.799,624.164,29.213,-39.422,-38.524,-50.182,2.221,-0.001,0.6,1300.213,0.008
