Header Section,,,,,,,,,,,,,,,,,,,,,,,,,,,,,,,,,,,,,,,,,,,,,,,,,,,,,,,,,,,,,,,,,,,,,,,,,,,,,,,,,,,,,,,,,,,,,,,,,,,
Product,VC7742,,,,,,,,,,,,,,,,,,,,,,,,,,,,,,,,,,,,,,,,,,,,,,,,,,,,,,,,,,,,,,,,,,,,,,,,,,,,,,,,,,,,,,,,,,,,,,,,,,
Test Plan,Rev(G),,,,,,,,,,,,,,,,,,,,,,,,,,,,,,,,,,,,,,,,,,,,,,,,,,,,,,,,,,,,,,,,,,,,,,,,,,,,,,,,,,,,,,,,,,,,,,,,,,
Release Date,2020/6/15 17:12,,,,,,,,,,,,,,,,,,,,,,,,,,,,,,,,,,,,,,,,,,,,,,,,,,,,,,,,,,,,,,,,,,,,,,,,,,,,,,,,,,,,,,,,,,,,,,,,,,
Comment,#36-60/61-90for newIP,,,,,,,,,,,,,,,,,,,,,,,,,,,,,,,,,,,,,,,,,,,,,,,,,,,,,,,,,,,,,,,,,,,,,,,,,,,,,,,,,,,,,,,,,,,,,,,,,,
,,,,,,,,,,,,,,,,,,,,,,,,,,,,,,,,,,,,,,,,,,,,,,,,,,,,,,,,,,,,,,,,,,,,,,,,,,,,,,,,,,,,,,,,,,,,,,,,,,,
Data Section,,,,,,,,,,,,,,,,,,,,,,,,,,,,,,,,,,,,,,,,,,,,,,,,,,,,,,,,,,,,,,,,,,,,,,,,,,,,,,,,,,,,,,,,,,,,,,,,,,,
Device#,1,2,3,4,5,6,7,8,9,10,11,12,13,14,15,16,17,18,19,20,21,22,23,24,25,26,27,28,29,30,31,32,33,34,35,36,37,38,39,40,41,42,43,44,45,46,47,48,49,50,51,52,53,54,55,56,57,58,59,60,61,62,63,64,65,66,67,68,69,70,71,72,73,74,75,76,77,78,79,80,81,82,83,84,85,86,87,88,89,90,91,92,93,94,95,96,97,98,99
Test Item,Site No,Device ID,OS_VBAT,OS_VCC1,OS_VCC2,OS_VIO,OS_CLK,OS_DATA,Leakage1 Vbat_uA,Leakage1 Vcc_uA,Leakage1_VIO_uA,Leakage1_CLK_uA,Leakage1_DATA_uA,Mipi_Function,Idle_L_Vbat,Idle_L_Vcc,Idle_L_Total,Pin_L_B42_3400,Pout_L_B42_3400,Gain_L_B42_3400,Icc_L_Vbat_B42_3400,Icc_L_Vcc_B42_3400,Icc_L_Total_B42_3400,PAE_L_Total_B42_3400,EUTRA_ACP_B42_3400,UTRA_ACP_L_L_B42_3400,UTRA_ALT_L_L_B42_3400,EVM_L_B42_3400,Pin_L_B42_3570,Pout_L_B42_3570,Gain_L_B42_3570,Icc_L_Vbat_B42_3570,Icc_L_VccB42_3570,Icc_L_Total_B42_3570,PAE_L_Total_B42_3570,EUTRA_ACP_B42_3570,UTRA_ACP_L_L_B42_3570,UTRA_ALT_L_L_B42_3570,EVM_L_B42_3570,Pin_L_B43_3800,Pout_L_B43_3800,Gain_L_B43_3800,Icc_L_Vbat_B43_3800,Icc_L_Vcc_B43_3800,Icc_L_Total_B43_3800,PAE_L_Total_B43_3800,EUTRA_ACP_B43_3800,UTRA_ACP_L_L_B43_3800,UTRA_ALT_L_L_B43_3800,EVM_L_B43_3800,Idle_H_Vbat,Idle_H_Vcc,Idle_H_Total,Pin_H_B42_3400,Pout_H_B42_3400,Gain_H_B42_3400,Icc_H_Vbat_B42_3400,Icc_H_Vcc_B42_3400,Icc_H_Total_B42_3400,PAE_H_Total_B42_3400,EUTRA_ACP_B42_3400,UTRA_ACP_L_H_B42_3400,UTRA_ALT_L_H_B42_3400,EVM_H_B42_3400,2fo_H_B42_3400,3fo_H_B42_3400,Pin_H_B42_3570,Pout_H_B42_3570,Gain_H_B42_3570,Icc_H_Vbat_B42_3570,Icc_H_Vcc_B42_3570,Icc_H_Total_B42_3570,PAE_H_Total_B42_3570,EUTRA_ACP_B42_3570,UTRA_ACP_L_H_B42_3570,UTRA_ALT_L_H_B42_3570,EVM_H_B42_3570,2fo_H_B42_3570,3fo_H_B42_3570,Pin_H_B43_3800,Pout_H_B43_3800,Gain_H_B43_3800,Icc_H_Vbat_B43_3800,Icc_H_Vcc_B43_3800,Icc_H_Total_B43_3800,PAE_H_Total_B43_3800,EUTRA_ACP_B43_3800,UTRA_ACP_L_H_B43_3800,UTRA_ALT_L_H_B43_3800,EVM_H_B43_3800,2fo_H_B43_3800,3fo_H_B43_3800,Leakage2 Vbat_uA,Leakage2 Vcc_uA,Leakage2_VIO_uA,Leakage2_CLK_uA,Leakage2_DATA_uA,TestTime,IndexTime
Low Tolerance,,,0.1,0.25,0.25,0.1,0.1,0.1,0.9,4.9,0.9,0.9,0.9,-1,1,10,10,0.3,0.1,0.3,1,25,25,9,2,2,2,0.5,0.3,0.1,0.3,1,25,25,9,2,2,2,0.5,0.3,0.1,0.3,1,25,25,9,2,2,2,0.5,1.5,3,3,0.4,0.1,0.4,1,30,30,9,2,2,2,0.5,2,3,0.4,0.1,0.4,1,30,30,9,2,2,2,0.5,2,2,0.4,0.1,0.4,1,30,30,9,2,2,2,0.5,2,2,0.9,4.5,0.9,0.9,0.9,0,0
High Tolerance,,,0.1,0.25,0.25,0.1,0.1,0.1,0.9,0.9,0.9,0.9,0.9,1,1,10,10,0.3,0.1,0.3,1,25,25,9,2,2,2,0.5,0.3,0.1,0.3,1,25,25,9,2,2,2,0.5,0.3,0.1,0.3,1,25,25,9,2,2,2,0.5,2.5,3,3,0.4,0.1,0.4,1,30,30,9,2,2,2,0.5,2,3,0.4,0.1,0.4,1,30,30,9,2,2,2,0.5,2,2,0.4,0.1,0.4,1,30,30,9,2,2,2,0.5,2,2,0.9,2.5,0.9,0.9,0.9,0,0
Enable,,,1,1,1,1,1,1,1,1,1,1,1,0,1,1,1,1,0,1,1,1,1,1,1,1,1,1,1,0,1,1,1,1,1,1,1,1,1,1,0,1,1,1,1,1,1,1,1,1,1,1,1,1,0,1,1,1,1,1,1,1,1,1,1,1,1,0,1,1,1,1,1,1,1,1,1,1,1,1,0,1,1,1,1,1,1,1,1,1,1,1,1,1,1,1,1,0,0
36,1,36,-0.46,-1.113,-1.113,-0.36,-0.71,-0.53,0.63,4.99,-0.01,-0.27,-0.27,0,2.05,53.14,55.2,-11.62,8.04,19.65,2.21,74.43,76.65,10.2,-47.62,-47.19,-60.12,1.13,-13.75,7.97,21.72,2.21,74.26,76.47,10.16,-51.17,-53.04,-60.19,0.73,-14.49,7.98,22.47,2.24,77.1,79.34,9.83,-49.19,-49.68,-58.11,0.8,3.81,117.34,121.15,-0.92,27.98,28.9,6.83,519.16,525.99,35.07,-41.18,-41.61,-49.82,2,-42.08,-70.11,0.65,28.01,27.36,7.01,512.12,519.12,35.82,-41.26,-41.52,-50.54,1.89,-39.34,-61.37,1.08,28.06,26.98,7.74,585.75,593.49,31.66,-40.6,-40.13,-50.66,2.18,-36.22,-48.27,0.24,1.42,0.02,-0.24,-0.25,0.56,49.61
37,1,37,-0.46,-1.113,-1.113,-0.36,-0.71,-0.53,0.63,5.05,0.08,-0.3,-0.29,0,1.94,48.52,50.46,-11.18,7.99,19.17,2.12,71.8,73.93,10.45,-45.99,-44.73,-60.68,1.37,-13.27,8.01,21.28,2.13,72.28,74.41,10.52,-49.14,-48.26,-60.52,1.15,-14.03,8.02,22.05,2.15,75.65,77.8,10.1,-49.2,-48.98,-57.96,1.03,3.59,106.98,110.57,-0.86,27.99,28.85,6.75,517.91,524.65,35.21,-41.11,-41.81,-49.73,1.81,-40.84,-69.46,0.65,27.98,27.33,6.95,514.02,520.97,35.43,-40.91,-41,-50.23,1.79,-38.39,-59.84,1.12,28.01,26.89,7.74,597.1,604.85,30.69,-40.3,-40.2,-50.2,2.08,-36,-45.51,0.35,1.38,0,-0.28,-0.28,0.55,5.24
38,1,38,-0.46,-1.113,-1.113,-0.36,-0.71,-0.53,0.61,5.07,0.06,-0.28,-0.31,0,2.02,50.91,52.92,-11.47,7.94,19.41,2.18,71.68,73.86,10.33,-47.97,-47.52,-60.32,1.19,-13.58,7.98,21.55,2.18,71.91,74.09,10.49,-51.5,-53.37,-59.98,0.76,-14.22,8.01,22.22,2.21,74.76,76.97,10.18,-47.68,-47.58,-57.1,0.92,3.65,107.84,111.49,-0.96,27.93,28.89,6.66,498.88,505.54,36.07,-40.86,-41.42,-49.57,1.91,-40.88,-74.75,0.65,28.05,27.4,6.89,498.8,505.69,37.11,-40.56,-40.37,-50.09,1.93,-38.27,-62.35,1.04,28.03,26.99,7.61,567.74,575.34,32.41,-39.92,-39.64,-50,2.08,-35.57,-48.24,0.26,1.18,0.03,-0.28,-0.28,0.55,5.36
39,1,39,-0.46,-1.113,-1.113,-0.36,-0.71,-0.53,0.63,5.25,-0.03,-0.27,-0.28,0,1.9,48.83,50.73,-11.47,7.96,19.43,2.06,70.46,72.52,10.58,-46.79,-45.74,-60.71,1.4,-13.44,7.97,21.41,2.07,70.89,72.96,10.63,-49.99,-49.79,-60,1.1,-13.49,8.02,21.5,2.1,74.47,76.56,10.25,-48.96,-49.11,-57.69,0.91,3.6,111.28,114.88,-1.04,28.03,29.07,6.52,508.34,514.86,36.25,-41.09,-41.53,-49.73,2.08,-40.4,-71.97,0.43,28,27.57,6.73,503.42,510.15,36.3,-41.24,-41.46,-50.7,1.84,-38.1,-60.42,1.1,27.96,26.86,7.52,585.63,593.15,30.93,-40.26,-39.94,-50.32,2.23,-36.02,-47.26,0.42,1.61,-0.07,-0.28,-0.27,0.55,6.05
40,1,40,-0.46,-1.113,-1.113,-0.36,-0.71,-0.53,0.59,5.17,0.03,-0.3,-0.29,0,1.91,47.1,49.01,-10.05,7.99,18.04,2.1,71.39,73.49,10.44,-44.9,-43.35,-60.76,1.59,-11.91,8.07,19.98,2.1,71.6,73.7,10.74,-47.56,-45.93,-61.02,1.4,-13.66,8,21.66,2.12,74.01,76.13,10.28,-47.38,-45.99,-58.59,1.29,3.53,102.9,106.43,-0.37,27.96,28.33,6.77,520.74,527.51,34.82,-41.22,-41.78,-49.79,1.75,-41.43,-71.36,1.36,27.98,26.62,6.94,511.77,518.71,35.55,-41.11,-40.93,-50.69,1.76,-38.68,-61.05,1.28,27.98,26.69,7.64,578.1,585.74,31.46,-40.48,-40.25,-50.75,1.88,-35.82,-46.86,0.55,1.53,0.03,-0.28,-0.29,0.57,6.05
41,1,41,-0.46,-1.113,-1.113,-0.36,-0.71,-0.53,0.6,5.3,-0.01,-0.31,-0.3,0,1.97,50.52,52.49,-11.6,7.95,19.55,2.11,71.01,73.13,10.47,-48.63,-48.44,-60.67,1.02,-13.56,7.97,21.54,2.13,71.51,73.64,10.55,-51.33,-52.85,-60.21,0.86,-13.62,8,21.61,2.15,75.06,77.21,10.11,-47.47,-47.34,-57.01,0.91,3.66,112.28,115.94,-0.97,27.97,28.94,6.55,498.68,505.23,36.44,-41.29,-41.81,-50.06,1.91,-40.1,-70.83,0.76,28.05,27.29,6.82,501.54,508.36,36.87,-41.21,-41.14,-51.04,1.93,-37.8,-58.94,1.15,27.95,26.81,7.63,583.72,591.35,31,-40.12,-39.64,-50.31,2.29,-36.04,-45.87,0.51,1.56,0.03,-0.24,-0.29,0.56,5.33
42,1,42,-0.46,-1.113,-1.113,-0.36,-0.71,-0.53,0.59,5.35,0.04,-0.29,-0.27,0,2.03,52.33,54.36,-12.39,7.96,20.34,2.19,73.07,75.27,10.22,-48.96,-49.13,-60.55,0.92,-14.3,7.93,22.23,2.2,73.68,75.88,10.14,-51.28,-53.88,-59.49,0.76,-14.09,8.01,22.1,2.23,77.9,80.13,9.79,-47.95,-48.31,-56.85,0.81,3.72,113.37,117.08,-1.23,27.97,29.2,6.65,506.22,512.86,35.91,-41.17,-41.73,-49.87,1.84,-39.76,-71.65,0.44,27.99,27.55,6.94,510.37,517.31,35.78,-41.12,-41.19,-50.71,1.79,-37.65,-59.42,1.29,27.95,26.66,7.84,601.22,609.06,30.08,-40.33,-39.92,-50.52,2.19,-35.82,-45.3,0.29,1.38,0.21,-0.26,-0.27,0.57,6.24
43,1,43,-0.46,-1.113,-1.113,-0.36,-0.71,-0.53,0.6,5.48,0.03,-0.28,-0.31,0,2.03,51.14,53.17,-12.7,7.95,20.65,2.19,72.16,74.35,10.34,-48.48,-48.22,-60.49,1.06,-14.79,7.92,22.7,2.19,72.61,74.8,10.27,-50.17,-50.8,-59.54,1.02,-14.27,7.98,22.25,2.22,76.6,78.83,9.88,-48.62,-49.36,-56.93,0.79,3.77,115.1,118.87,-1.24,27.98,29.22,6.65,501.64,508.29,36.27,-41.64,-42.39,-50.35,1.81,-38.56,-73.47,0.31,28,27.69,6.92,504.47,511.39,36.21,-41.78,-42.21,-51.36,1.77,-36.73,-59.51,1.09,28.02,26.93,7.86,601.81,609.67,30.54,-40.01,-39.48,-50.18,2.43,-35.3,-46.31,0.46,1.47,0.05,-0.24,-0.29,0.57,7.18
44,1,44,-0.46,-1.113,-1.113,-0.36,-0.71,-0.53,0.62,5.24,0.12,-0.28,-0.3,0,2.01,50.2,52.21,-11.7,8.01,19.71,2.19,71.5,73.68,10.54,-47.67,-47.21,-60.15,1.05,-13.83,8.01,21.84,2.19,71.3,73.49,10.66,-51.43,-53.41,-60.07,0.85,-14.28,8,22.28,2.21,73.8,76.01,10.31,-47.91,-47.88,-57.29,0.9,3.68,107.51,111.19,-1.04,28,29.04,6.76,500.62,507.37,36.51,-40.84,-41.28,-49.54,2.02,-40.57,-77.03,0.55,28.04,27.49,6.94,493.4,500.34,37.38,-40.66,-40.65,-49.95,1.93,-38,-63.3,1.16,28.02,26.86,7.63,559.82,567.45,32.79,-40.1,-39.74,-50.31,2.16,-35.19,-49.19,0.41,1.61,-0.02,-0.31,-0.28,0.55,11.82
45,1,45,-0.46,-1.113,-1.113,-0.36,-0.71,-0.53,0.63,5.35,0.01,-0.27,-0.28,0,1.97,49.6,51.58,-10.77,8.06,18.83,2.15,71.9,74.05,10.58,-47.32,-46.55,-60.22,1.14,-12.8,8.05,20.85,2.15,71.93,74.09,10.65,-51.24,-52.38,-60.57,0.84,-13.48,7.99,21.48,2.18,74.7,76.88,10.15,-47.77,-47.61,-57.09,0.94,3.64,106.05,109.69,-0.62,27.96,28.58,6.84,509.25,516.09,35.6,-40.92,-41.32,-49.68,1.84,-40.47,-76.03,1.02,27.98,26.96,7.08,504.42,511.49,36.1,-40.45,-40.16,-50.19,1.85,-37.82,-63.1,1.47,27.98,26.51,7.85,577.68,585.53,31.5,-40.02,-39.61,-50.19,2.04,-34.82,-48.08,0.51,1.23,-0.05,-0.25,-0.29,0.55,66.05
46,1,46,-0.46,-1.113,-1.113,-0.36,-0.71,-0.53,0.63,4.94,0.08,-0.29,-0.32,0,1.97,51.79,53.75,-10.85,8.06,18.91,2.13,74.32,76.45,10.26,-47.27,-46.48,-60.46,1.14,-12.95,8.03,20.99,2.14,74.12,76.25,10.32,-51.03,-51.91,-60.21,0.84,-14.13,8,22.13,2.16,76.83,78.99,9.91,-48.56,-48.57,-57.71,0.92,3.66,114.43,118.09,-0.7,27.99,28.69,6.72,528.46,535.17,34.55,-41.27,-41.89,-49.95,1.89,-41.95,-68.42,0.92,27.97,27.06,6.91,517.96,524.87,35.09,-41,-41.26,-50.32,1.79,-39.27,-60.08,1.29,27.93,26.64,7.59,586.23,593.82,30.68,-40.77,-40.7,-50.62,1.97,-36.31,-46.83,0.37,1.25,0.07,-0.27,-0.29,0.55,5.39
47,1,47,-0.46,-1.113,-1.113,-0.36,-0.71,-0.53,0.62,4.84,0.08,-0.29,-0.32,0,2,49.94,51.94,-11.27,7.98,19.25,2.17,71.9,74.06,10.4,-47.31,-46.63,-60.33,1.2,-13.39,7.98,21.37,2.18,71.83,74.01,10.52,-51.04,-52.18,-59.86,0.9,-14.18,8,22.17,2.2,74.8,77,10.16,-48.26,-48.29,-57.41,0.89,3.65,106.91,110.56,-0.79,27.96,28.74,6.78,508.12,514.9,35.64,-40.8,-41.39,-49.47,1.88,-41.28,-73.38,0.76,27.95,27.19,7,499.9,506.9,36.18,-40.47,-40.32,-50.03,1.9,-38.62,-62.52,1.25,27.94,26.68,7.74,568.56,576.3,31.71,-40.23,-39.97,-50.36,2.06,-35.62,-48.29,0.52,1.31,0.04,-0.27,-0.24,0.53,5.09
48,1,48,-0.46,-1.113,-1.113,-0.36,-0.71,-0.53,0.59,5.11,0.03,-0.29,-0.3,0,2.03,52.47,54.49,-11.97,7.99,19.96,2.19,73.62,75.81,10.21,-48.12,-47.87,-60.17,0.99,-13.92,7.97,21.89,2.2,74.03,76.23,10.19,-51.46,-54.04,-59.95,0.73,-13.95,7.97,21.92,2.22,77.31,79.53,9.77,-48.27,-48.57,-57.43,0.83,3.76,115.4,119.16,-1.06,27.99,29.05,6.81,517.95,524.76,35.24,-41.15,-41.64,-49.78,1.96,-40.76,-71.13,0.53,28.06,27.53,7.15,521.79,528.94,35.54,-41.16,-41.22,-50.59,1.93,-38.25,-60.43,1.38,27.96,26.58,7.99,601.47,609.47,30.11,-40.42,-39.81,-50.64,2.29,-35.8,-46.85,0.27,1.39,0.21,-0.23,-0.28,0.55,5.66
49,1,49,-0.46,-1.113,-1.113,-0.36,-0.71,-0.53,0.6,5.17,0.05,-0.3,-0.29,0,2,52.49,54.48,-11.12,8.01,19.13,2.16,74.67,76.83,10.1,-47.27,-46.62,-60.26,1.1,-13.27,8.01,21.27,2.17,74.87,77.04,10.15,-50.76,-51.81,-60.08,0.79,-14.42,7.99,22.41,2.19,77.77,79.96,9.77,-49.14,-49.61,-57.52,0.85,3.73,117.76,121.49,-0.8,27.96,28.76,6.78,529.05,535.83,34.24,-41.19,-41.82,-49.96,1.96,-42.21,-69.03,0.84,28,27.16,7.03,524.62,531.65,34.84,-41.21,-41.53,-50.46,1.81,-39.47,-60.87,1.29,28,26.71,7.78,598.3,606.08,30.56,-40.88,-40.69,-50.74,2.09,-36.32,-48.15,0.42,1.46,0.04,-0.27,-0.26,0.54,4.88
50,1,50,-0.46,-1.113,-1.113,-0.36,-0.71,-0.53,0.58,5.13,0.06,-0.3,-0.33,0,2.02,52.12,54.14,-11.02,8.03,19.05,2.18,73.78,75.96,10.24,-47.25,-46.61,-60.29,1.1,-13.19,8.02,21.21,2.19,73.65,75.84,10.35,-50.97,-52.23,-60.38,0.77,-14.34,7.99,22.33,2.21,76.16,78.36,9.96,-49.16,-49.63,-57.78,0.82,3.7,113,116.7,-0.68,27.98,28.67,6.7,518.7,525.4,35.11,-40.97,-41.44,-49.63,1.96,-42.43,-66.79,0.93,28,27.07,6.86,508.28,515.14,35.95,-40.89,-40.89,-50.33,1.85,-39.77,-59.94,1.29,27.99,26.7,7.5,574.12,581.62,31.76,-40.4,-40.14,-50.53,2.06,-36.63,-46.59,0.44,1.23,-0.08,-0.26,-0.3,0.55,5.72
51,1,51,-0.46,-1.113,-1.113,-0.36,-0.71,-0.53,0.58,5.26,-0.03,-0.28,-0.29,0,1.96,49.15,51.11,-10.98,8.03,19.01,2.13,71.03,73.16,10.64,-46.62,-45.69,-60.44,1.22,-13,8.03,21.03,2.14,71.03,73.17,10.74,-50.55,-50.95,-60.27,0.86,-13.83,7.98,21.81,2.16,73.51,75.67,10.3,-49.16,-49.44,-58.09,0.85,3.62,106.55,110.17,-0.86,28.03,28.9,6.76,507.16,513.92,36.33,-40.49,-40.77,-49.17,2.14,-41.83,-71.03,0.79,28.03,27.24,6.93,499.31,506.24,36.88,-40.38,-40.13,-49.97,2.02,-39.14,-62.58,1.29,27.93,26.64,7.57,557.54,565.11,32.25,-40.06,-39.77,-50.28,2.02,-35.92,-48.48,0.21,1.58,0.05,-0.29,-0.31,0.54,6.36
52,1,52,-0.46,-1.113,-1.113,-0.36,-0.71,-0.53,0.58,4.85,0.09,-0.31,-0.31,0,2.02,51.61,53.63,-11.97,7.95,19.92,2.19,73.15,75.34,10.19,-47.94,-47.53,-60.27,1.08,-13.99,7.95,21.94,2.2,73.42,75.62,10.22,-51.03,-52.2,-60.02,0.89,-14.08,8.07,22.15,2.23,77.3,79.53,10,-48.43,-48.77,-57.2,0.9,3.77,114.84,118.61,-1.18,27.98,29.16,6.81,513.7,520.51,35.41,-41.39,-42.03,-49.93,1.84,-39.95,-71.64,0.35,28,27.64,7.09,512.36,519.45,35.66,-41.42,-41.63,-51.05,1.8,-37.66,-60.34,1.29,27.97,26.68,7.93,593.47,601.41,30.59,-40.54,-39.96,-51.02,2.27,-35.32,-46.69,0.35,1.08,0.1,-0.26,-0.27,0.54,5.89
53,1,53,-0.46,-1.113,-1.113,-0.36,-0.71,-0.53,0.63,5.3,0.14,-0.29,-0.29,0,2,51.42,53.42,-10.9,8.05,18.94,2.16,72.92,75.08,10.4,-48.55,-48.24,-60.62,1,-12.95,8.03,20.98,2.17,73.06,75.23,10.46,-51.69,-53.52,-60.08,0.79,-13.74,8,21.73,2.19,76.14,78.33,9.97,-47.04,-46.77,-56.65,0.99,3.68,111,114.68,-0.6,27.99,28.59,6.73,511.86,518.58,35.66,-41.23,-41.64,-50,1.86,-40.28,-70.43,0.98,27.99,27.02,6.93,507.63,514.55,35.96,-40.97,-40.77,-50.8,1.82,-37.82,-59.88,1.29,27.97,26.68,7.68,586.14,593.83,30.98,-40.19,-39.78,-50.5,2.13,-35.4,-46.21,0.38,1.41,0.06,-0.29,-0.33,0.54,5.36
54,1,54,-0.46,-1.113,-1.113,-0.36,-0.71,-0.53,0.61,5.09,0.01,-0.29,-0.3,0,2,50,52,-11.02,8.03,19.05,2.17,72.56,74.73,10.42,-46.44,-45.34,-60.62,1.28,-13.1,8.01,21.11,2.18,72.44,74.62,10.48,-50,-49.47,-60.93,1.03,-14.03,8.03,22.06,2.2,75.3,77.51,10.16,-49.21,-49.17,-58.11,0.99,3.72,111.81,115.53,-0.8,27.93,28.73,6.76,510.41,517.17,35.22,-41.33,-42.05,-49.96,1.9,-41.29,-69.72,0.94,28,27.06,7.02,507.16,514.18,36.05,-41.31,-41.55,-50.59,1.82,-38.6,-60.52,1.36,27.96,26.59,7.75,575.77,583.51,31.44,-40.8,-40.36,-51.22,2.09,-35.73,-47.18,0.24,1.49,0.11,-0.29,-0.26,0.54,5.71
55,1,55,-0.46,-1.113,-1.113,-0.36,-0.71,-0.53,0.6,4.84,0.06,-0.28,-0.3,0,2.07,52.63,54.7,-11.97,7.96,19.93,2.23,73.83,76.06,10.11,-47.96,-47.59,-60.37,1.03,-14.14,7.95,22.08,2.23,73.96,76.19,10.14,-51.19,-53.13,-59.93,0.76,-14.49,7.98,22.47,2.26,77.17,79.42,9.82,-48.77,-49.17,-57.47,0.81,3.81,116.8,120.61,-1.09,27.98,29.07,6.83,514.86,521.7,35.32,-41.17,-41.76,-49.82,1.93,-41.12,-70.17,0.36,28.01,27.65,7.03,511.08,518.1,35.84,-41.19,-41.41,-50.51,1.85,-38.61,-60.59,1.1,27.99,26.89,7.79,586.98,594.77,31.12,-40.68,-40.28,-50.82,2.13,-35.75,-47.25,0.37,1.45,0.07,-0.28,-0.28,0.55,4.97
56,1,56,-0.46,-1.113,-1.113,-0.36,-0.71,-0.53,0.61,5.06,0,-0.29,-0.3,0,1.94,49.95,51.89,-11.04,8.03,19.07,2.1,71.55,73.65,10.57,-47.3,-46.44,-60.96,1.18,-13.21,8.01,21.22,2.11,71.25,73.36,10.68,-51.11,-51.9,-60.57,0.87,-13.89,8,21.89,2.12,73.85,75.97,10.3,-48.57,-48.64,-57.61,0.89,3.6,110.42,114.02,-0.81,27.94,28.76,6.51,503.06,509.57,35.89,-41.01,-41.72,-49.49,1.93,-41.13,-70.66,0.85,27.99,27.14,6.71,496.26,502.96,36.79,-41.02,-41.12,-50.42,1.86,-38.56,-60.71,1.34,27.96,26.62,7.41,564.87,572.28,32.1,-40.32,-40,-50.48,2.09,-35.82,-47.28,0.44,1.56,0.04,-0.3,-0.27,0.54,5.08
57,1,57,-0.46,-1.113,-1.113,-0.36,-0.71,-0.53,0.6,5.07,0.03,-0.27,-0.28,0,1.95,49.36,51.31,-10.91,8.04,18.94,2.12,71.66,73.78,10.56,-46.92,-45.89,-60.65,1.25,-12.93,8.03,20.95,2.12,71.83,73.95,10.62,-50.34,-50.24,-60.41,0.99,-13.72,8.01,21.73,2.15,74.94,77.08,10.17,-48.55,-48.43,-57.51,0.95,3.6,108.01,111.61,-0.88,27.98,28.86,6.6,509.09,515.69,35.76,-41.01,-41.53,-49.76,1.96,-41.02,-71.14,0.73,27.93,27.21,6.79,500.42,507.21,36,-40.82,-40.71,-50.32,1.88,-38.47,-61.03,1.36,27.95,26.59,7.55,579.6,587.15,31.24,-40.26,-40.11,-50.17,1.99,-35.74,-47.24,0.33,1.54,0.09,-0.29,-0.32,0.55,4.75
58,1,58,-0.46,-1.113,-1.113,-0.36,-0.71,-0.53,0.61,5.08,0.06,-0.26,-0.3,0,1.96,50.41,52.37,-10.64,8.06,18.7,2.13,72.9,75.03,10.43,-47.01,-46.09,-60.59,1.21,-12.89,8.02,20.91,2.13,72.44,74.56,10.51,-50.79,-50.99,-60.66,0.92,-14.19,8,22.19,2.15,74.91,77.06,10.15,-48.14,-47.89,-57.51,0.99,3.61,110.02,113.63,-0.68,27.96,28.65,6.67,516.92,523.59,35.07,-41.28,-41.85,-50.01,1.84,-41.46,-70.92,0.92,27.98,27.06,6.87,506.25,513.12,35.93,-41.06,-41.11,-50.72,1.82,-38.73,-61.18,1.3,28,26.7,7.55,572.83,580.38,31.92,-40.41,-40.16,-50.51,2.09,-35.79,-47.71,0.21,1.45,0.06,-0.29,-0.3,0.54,5.22
59,1,59,-0.46,-1.113,-1.113,-0.36,-0.71,-0.53,0.62,4.76,0.05,-0.3,-0.3,0,1.97,49.11,51.08,-11.41,7.95,19.36,2.13,71.02,73.15,10.45,-47.52,-46.77,-60.63,1.16,-13.39,7.99,21.38,2.14,71.74,73.88,10.56,-50.54,-50.84,-60.03,0.99,-13.76,8.01,21.77,2.17,75.32,77.48,10.12,-47.87,-47.86,-56.89,0.95,3.6,106.12,109.72,-0.91,28.01,28.92,6.71,508.41,515.12,36.07,-41.04,-41.44,-49.74,1.88,-39.63,-74.79,0.78,28.08,27.3,7.04,512.6,519.63,36.3,-40.9,-40.57,-50.73,1.98,-37.2,-60.82,1.48,27.96,26.48,7.9,591.81,599.72,30.59,-40.02,-39.6,-50.16,2.19,-35.03,-47.04,0.27,1.2,0.08,-0.27,-0.29,0.55,5.58
60,1,60,-0.46,-1.113,-1.113,-0.36,-0.71,-0.53,0.59,5.28,0.02,-0.3,-0.31,0,1.96,50.57,52.54,-12.45,7.96,20.41,2.12,71.9,74.02,10.41,-48.67,-48.5,-60.52,1.03,-14.36,7.94,22.3,2.13,72.59,74.72,10.32,-50.54,-51.35,-59.56,0.97,-13.77,8,21.76,2.16,76.92,79.09,9.88,-48.6,-49.47,-56.73,0.73,3.67,113.77,117.44,-1.22,27.99,29.21,6.6,505.51,512.11,36.1,-41.4,-42,-50.02,1.87,-38.69,-71.63,0.26,28.03,27.77,6.89,512.36,519.25,35.95,-41.46,-41.6,-51.27,1.83,-36.89,-59.01,1.3,28.05,26.75,7.88,616.97,624.85,30.02,-39.73,-39.06,-49.79,2.52,-35.45,-46,0.27,1.55,0.01,-0.27,-0.28,0.55,5.7
61,1,61,-0.49 ,-1.13 ,-1.13 ,-0.37 ,-0.72 ,-0.53 ,0.55 ,2.14 ,0.43 ,-0.20 ,-0.33 ,0.00 ,1.90 ,52.13 ,54.03 ,-13.19 ,7.93 ,21.12 ,2.02 ,69.93 ,71.95 ,8.55 ,-48.13 ,-46.64 ,-61.37 ,1.29 ,-14.78 ,8.04 ,22.82 ,2.04 ,71.77 ,73.81 ,8.58 ,-48.79 ,-53.99 ,-59.67 ,0.59 ,-14.11 ,8.01 ,22.12 ,2.06 ,74.97 ,77.03 ,8.15 ,-48.06 ,-47.70 ,-58.34 ,0.82 ,3.55 ,117.29 ,120.84 ,-1.82 ,27.86 ,29.68 ,6.26 ,509.89 ,516.15 ,35.60 ,-40.60 ,-40.20 ,-49.31 ,2.31 ,-44.26 ,-72.02 ,0.17 ,28.04 ,27.87 ,6.38 ,501.20 ,507.57 ,36.04 ,-40.37 ,-39.38 ,-49.75 ,2.62 ,-40.43 ,-62.32 ,1.03 ,27.97 ,26.94 ,6.91 ,558.47 ,565.38 ,32.57 ,-39.62 ,-37.97 ,-50.57 ,2.83 ,-38.46 ,-48.09 ,0.84 ,1.27 ,0.40 ,-0.06 ,-0.22 ,0.88 ,421.48 
62,1,62,-0.49 ,-1.12 ,-1.12 ,-0.37 ,-0.72 ,-0.53 ,0.54 ,2.00 ,0.44 ,-0.22 ,-0.32 ,0.00 ,1.97 ,53.81 ,55.77 ,-13.66 ,7.95 ,21.61 ,2.10 ,71.42 ,73.52 ,8.43 ,-48.47 ,-47.67 ,-61.17 ,1.58 ,-15.17 ,8.01 ,23.17 ,2.11 ,73.35 ,75.47 ,8.34 ,-48.71 ,-55.24 ,-59.26 ,0.90 ,-14.26 ,7.94 ,22.20 ,2.14 ,76.31 ,78.45 ,7.89 ,-47.59 ,-46.76 ,-57.95 ,1.03 ,3.66 ,119.62 ,123.28 ,-1.88 ,27.96 ,29.84 ,6.47 ,519.88 ,526.35 ,35.73 ,-40.41 ,-39.96 ,-49.10 ,2.46 ,-43.44 ,-74.08 ,0.17 ,28.09 ,27.92 ,6.63 ,513.96 ,520.59 ,35.52 ,-40.32 ,-39.26 ,-49.68 ,2.64 ,-39.66 ,-62.58 ,1.16 ,27.99 ,26.83 ,7.21 ,570.30 ,577.51 ,32.02 ,-39.52 ,-37.81 ,-50.45 ,2.83 ,-37.83 ,-48.70 ,0.76 ,1.21 ,0.41 ,-0.20 ,-0.13 ,0.87 ,9.63 
63,1,63,-0.49 ,-1.13 ,-1.13 ,-0.37 ,-0.72 ,-0.53 ,0.55 ,2.01 ,0.44 ,-0.35 ,-0.14 ,0.00 ,1.84 ,48.93 ,50.76 ,-12.92 ,8.03 ,20.95 ,1.98 ,68.70 ,70.68 ,8.91 ,-47.10 ,-44.61 ,-61.50 ,1.56 ,-14.34 ,8.06 ,22.40 ,2.00 ,70.61 ,72.61 ,8.77 ,-47.91 ,-50.51 ,-59.74 ,0.90 ,-13.46 ,8.08 ,21.54 ,2.03 ,74.69 ,76.72 ,8.32 ,-48.68 ,-48.87 ,-58.27 ,0.83 ,3.52 ,113.87 ,117.39 ,-1.57 ,27.89 ,29.46 ,6.33 ,511.27 ,517.60 ,35.70 ,-40.85 ,-40.67 ,-49.64 ,2.18 ,-42.76 ,-73.79 ,0.48 ,28.10 ,27.61 ,6.54 ,511.85 ,518.38 ,35.72 ,-40.54 ,-39.57 ,-50.02 ,2.40 ,-39.02 ,-61.49 ,1.32 ,27.97 ,26.66 ,7.18 ,577.94 ,585.12 ,31.48 ,-39.42 ,-37.39 ,-50.52 ,2.94 ,-37.57 ,-47.62 ,0.91 ,1.20 ,0.41 ,-0.26 ,-0.14 ,0.89 ,9.62 
64,1,64,-0.49 ,-1.12 ,-1.12 ,-0.37 ,-0.72 ,-0.53 ,0.55 ,2.03 ,0.44 ,-0.24 ,-0.31 ,0.00 ,2.02 ,54.79 ,56.80 ,-13.90 ,8.00 ,21.90 ,2.15 ,73.28 ,75.42 ,8.30 ,-48.20 ,-47.17 ,-60.86 ,1.23 ,-15.77 ,7.99 ,23.76 ,2.16 ,74.66 ,76.82 ,8.17 ,-52.44 ,-56.09 ,-63.07 ,0.46 ,-14.87 ,8.02 ,22.90 ,2.19 ,78.03 ,80.22 ,7.87 ,-47.75 ,-47.38 ,-57.93 ,0.81 ,3.72 ,121.95 ,125.68 ,-1.98 ,27.91 ,29.89 ,6.55 ,526.49 ,533.04 ,34.87 ,-40.76 ,-40.49 ,-49.30 ,2.23 ,-43.79 ,-74.72 ,0.06 ,28.10 ,28.04 ,6.74 ,522.86 ,529.61 ,35.04 ,-40.50 ,-39.51 ,-49.74 ,2.43 ,-39.85 ,-62.45 ,0.92 ,28.01 ,27.09 ,7.30 ,580.45 ,587.75 ,31.62 ,-39.53 ,-37.90 ,-50.41 ,2.85 ,-37.88 ,-48.57 ,0.76 ,1.24 ,0.41 ,-0.19 ,-0.20 ,0.90 ,24.19 
65,1,65,-0.49 ,-1.12 ,-1.12 ,-0.37 ,-0.72 ,-0.53 ,0.55 ,2.00 ,0.44 ,-0.16 ,-0.31 ,0.00 ,2.01 ,54.20 ,56.21 ,-14.03 ,7.99 ,22.01 ,2.14 ,72.17 ,74.30 ,8.41 ,-48.16 ,-47.20 ,-61.17 ,1.23 ,-15.37 ,8.00 ,23.37 ,2.15 ,73.85 ,76.00 ,8.27 ,-48.54 ,-54.91 ,-59.05 ,0.55 ,-14.28 ,8.08 ,22.36 ,2.18 ,77.51 ,79.69 ,8.02 ,-47.94 ,-47.84 ,-58.07 ,1.09 ,3.72 ,120.78 ,124.50 ,-1.84 ,27.94 ,29.79 ,6.53 ,520.02 ,526.55 ,35.56 ,-40.67 ,-40.26 ,-49.46 ,2.38 ,-43.55 ,-76.01 ,0.20 ,28.11 ,27.91 ,6.72 ,514.03 ,520.76 ,35.70 ,-40.55 ,-39.24 ,-50.13 ,2.69 ,-39.58 ,-62.79 ,1.06 ,27.95 ,26.89 ,7.29 ,569.60 ,576.89 ,31.77 ,-39.68 ,-37.96 ,-50.68 ,2.92 ,-37.62 ,-48.78 ,0.80 ,1.21 ,0.39 ,-0.13 ,-0.14 ,0.88 ,12.19 
66,1,66,-0.49 ,-1.13 ,-1.13 ,-0.37 ,-0.72 ,-0.53 ,0.55 ,1.98 ,0.43 ,-0.18 ,-0.13 ,0.00 ,1.93 ,53.20 ,55.13 ,-13.96 ,8.01 ,21.97 ,2.05 ,70.35 ,72.40 ,8.67 ,-49.34 ,-49.93 ,-61.08 ,1.08 ,-15.22 ,8.00 ,23.22 ,2.07 ,72.35 ,74.42 ,8.44 ,-48.43 ,-54.15 ,-58.92 ,1.00 ,-13.86 ,8.06 ,21.91 ,2.10 ,76.51 ,78.61 ,8.08 ,-47.08 ,-46.02 ,-57.66 ,0.84 ,3.59 ,118.51 ,122.10 ,-1.84 ,27.92 ,29.76 ,6.24 ,503.86 ,510.10 ,36.50 ,-40.67 ,-40.13 ,-49.66 ,2.38 ,-41.70 ,-74.25 ,0.20 ,28.18 ,27.98 ,6.47 ,510.02 ,516.49 ,36.56 ,-40.58 ,-39.29 ,-50.37 ,2.74 ,-38.25 ,-60.51 ,1.06 ,28.08 ,27.01 ,7.17 ,587.29 ,594.45 ,31.74 ,-39.09 ,-36.62 ,-50.06 ,3.14 ,-37.26 ,-46.58 ,0.82 ,1.20 ,0.41 ,-0.12 ,-0.31 ,0.88 ,8.87 
67,1,67,-0.49 ,-1.13 ,-1.13 ,-0.37 ,-0.72 ,-0.53 ,0.54 ,2.01 ,0.44 ,-0.18 ,-0.15 ,0.00 ,1.98 ,54.46 ,56.44 ,-13.18 ,8.04 ,21.22 ,2.11 ,71.98 ,74.08 ,8.51 ,-48.48 ,-47.75 ,-61.24 ,1.10 ,-14.96 ,8.03 ,22.99 ,2.12 ,73.34 ,75.46 ,8.38 ,-48.68 ,-54.97 ,-59.39 ,0.37 ,-14.25 ,8.03 ,22.28 ,2.14 ,76.75 ,78.90 ,8.01 ,-46.98 ,-45.58 ,-58.02 ,0.98 ,3.61 ,116.89 ,120.50 ,-1.66 ,27.89 ,29.55 ,6.42 ,514.40 ,520.82 ,35.55 ,-40.31 ,-39.84 ,-49.05 ,2.41 ,-44.86 ,-72.00 ,0.35 ,28.11 ,27.76 ,6.55 ,508.32 ,514.87 ,36.09 ,-39.97 ,-38.63 ,-49.29 ,2.53 ,-40.91 ,-62.84 ,1.23 ,27.99 ,26.76 ,7.04 ,558.17 ,565.21 ,32.74 ,-39.45 ,-37.58 ,-50.57 ,2.75 ,-38.56 ,-48.57 ,0.73 ,1.16 ,0.39 ,-0.13 ,-0.30 ,0.90 ,8.67 
68,1,68,-0.49 ,-1.13 ,-1.13 ,-0.37 ,-0.72 ,-0.53 ,0.54 ,2.06 ,0.45 ,-0.13 ,-0.13 ,0.00 ,1.95 ,52.49 ,54.45 ,-13.36 ,8.03 ,21.39 ,2.08 ,71.33 ,73.41 ,8.59 ,-48.49 ,-47.56 ,-61.14 ,1.23 ,-14.95 ,8.03 ,22.98 ,2.10 ,72.93 ,75.03 ,8.43 ,-48.76 ,-54.42 ,-59.43 ,0.59 ,-14.19 ,8.06 ,22.25 ,2.13 ,76.85 ,78.97 ,8.06 ,-47.36 ,-46.39 ,-57.69 ,1.16 ,3.60 ,115.27 ,118.87 ,-1.79 ,27.88 ,29.68 ,6.41 ,516.36 ,522.77 ,35.33 ,-41.12 ,-40.98 ,-49.54 ,2.15 ,-42.97 ,-72.40 ,0.24 ,28.02 ,27.78 ,6.57 ,509.52 ,516.09 ,35.26 ,-40.74 ,-39.93 ,-50.24 ,2.47 ,-39.34 ,-61.46 ,1.11 ,27.92 ,26.81 ,7.16 ,573.33 ,580.49 ,31.36 ,-39.57 ,-37.93 ,-50.37 ,2.84 ,-37.76 ,-47.16 ,0.75 ,1.17 ,0.40 ,-0.23 ,-0.15 ,0.88 ,8.79 
69,1,69,-0.49 ,-1.12 ,-1.12 ,-0.37 ,-0.72 ,-0.53 ,0.54 ,2.03 ,0.44 ,-0.20 ,-0.28 ,0.00 ,2.01 ,56.61 ,58.62 ,-13.54 ,8.09 ,21.63 ,2.14 ,74.32 ,76.46 ,8.36 ,-48.30 ,-47.33 ,-61.15 ,1.47 ,-15.62 ,8.00 ,23.62 ,2.15 ,75.45 ,77.60 ,8.10 ,-52.09 ,-55.95 ,-62.66 ,0.31 ,-14.77 ,8.03 ,22.80 ,2.17 ,78.62 ,80.79 ,7.82 ,-47.55 ,-46.75 ,-58.18 ,0.80 ,3.72 ,124.46 ,128.17 ,-1.79 ,27.90 ,29.69 ,6.48 ,528.35 ,534.82 ,34.68 ,-40.42 ,-39.90 ,-49.28 ,2.42 ,-45.85 ,-68.96 ,0.24 ,28.15 ,27.91 ,6.68 ,523.47 ,530.15 ,35.39 ,-40.03 ,-38.66 ,-49.49 ,2.82 ,-41.83 ,-61.50 ,1.02 ,28.03 ,27.01 ,7.17 ,573.18 ,580.35 ,32.19 ,-39.67 ,-37.82 ,-50.55 ,2.84 ,-39.35 ,-47.96 ,0.85 ,1.20 ,0.41 ,-0.23 ,-0.21 ,0.89 ,24.09 
70,1,70,-0.49 ,-1.12 ,-1.12 ,-0.37 ,-0.72 ,-0.53 ,0.55 ,2.02 ,0.44 ,-0.26 ,-0.16 ,0.00 ,2.03 ,55.97 ,58.00 ,-14.38 ,7.98 ,22.36 ,2.15 ,72.93 ,75.08 ,8.31 ,-48.79 ,-49.15 ,-60.80 ,1.02 ,-15.78 ,8.01 ,23.79 ,2.17 ,74.99 ,77.16 ,8.16 ,-52.56 ,-57.47 ,-62.70 ,0.34 ,-14.54 ,8.02 ,22.55 ,2.20 ,78.61 ,80.81 ,7.80 ,-47.21 ,-46.26 ,-57.70 ,0.82 ,3.75 ,123.07 ,126.82 ,-1.79 ,27.94 ,29.74 ,6.51 ,516.09 ,522.61 ,35.84 ,-40.75 ,-40.27 ,-49.68 ,2.36 ,-43.24 ,-79.06 ,0.24 ,28.12 ,27.87 ,6.72 ,516.57 ,523.29 ,35.56 ,-40.57 ,-39.31 ,-50.08 ,2.64 ,-39.29 ,-63.05 ,1.08 ,28.01 ,26.92 ,7.38 ,582.37 ,589.74 ,31.49 ,-39.50 ,-37.54 ,-50.66 ,2.98 ,-37.49 ,-48.95 ,0.88 ,1.18 ,0.40 ,-0.12 ,-0.24 ,0.89 ,8.30 
71,1,71,-0.49 ,-1.12 ,-1.12 ,-0.37 ,-0.72 ,-0.53 ,0.54 ,2.04 ,0.44 ,-0.23 ,-0.25 ,0.00 ,1.95 ,52.14 ,54.10 ,-12.69 ,8.01 ,20.69 ,2.10 ,71.48 ,73.58 ,8.51 ,-47.21 ,-44.86 ,-61.54 ,1.46 ,-14.57 ,8.06 ,22.62 ,2.11 ,72.85 ,74.96 ,8.49 ,-48.05 ,-51.54 ,-59.78 ,0.70 ,-14.40 ,8.08 ,22.47 ,2.13 ,75.53 ,77.66 ,8.22 ,-48.70 ,-49.08 ,-58.45 ,1.13 ,3.66 ,116.50 ,120.16 ,-1.70 ,27.87 ,29.57 ,6.63 ,526.28 ,532.90 ,34.52 ,-40.38 ,-40.02 ,-49.05 ,2.37 ,-45.50 ,-69.36 ,0.37 ,28.12 ,27.75 ,6.77 ,516.15 ,522.92 ,35.63 ,-39.87 ,-38.61 ,-49.10 ,2.61 ,-41.58 ,-62.15 ,1.26 ,27.99 ,26.73 ,7.19 ,555.30 ,562.48 ,32.90 ,-39.60 ,-38.14 ,-50.67 ,2.74 ,-38.89 ,-48.14 ,0.75 ,1.17 ,0.40 ,-0.22 ,-0.15 ,0.89 ,12.83 
72,1,72,-0.49 ,-1.12 ,-1.12 ,-0.37 ,-0.72 ,-0.53 ,0.55 ,2.01 ,0.44 ,-0.22 ,-0.27 ,0.00 ,1.99 ,54.01 ,55.99 ,-13.97 ,8.00 ,21.97 ,2.12 ,72.23 ,74.35 ,8.43 ,-47.78 ,-46.33 ,-61.21 ,1.29 ,-15.89 ,8.01 ,23.89 ,2.13 ,73.43 ,75.56 ,8.33 ,-52.09 ,-55.01 ,-63.19 ,0.48 ,-14.85 ,8.02 ,22.88 ,2.15 ,76.13 ,78.29 ,8.07 ,-48.04 ,-48.01 ,-57.88 ,0.78 ,3.68 ,120.10 ,123.78 ,-2.00 ,27.92 ,29.92 ,6.46 ,521.98 ,528.44 ,35.22 ,-40.33 ,-39.89 ,-49.10 ,2.41 ,-44.52 ,-72.91 ,0.00 ,28.13 ,28.13 ,6.60 ,512.72 ,519.32 ,35.95 ,-40.04 ,-38.79 ,-49.36 ,2.57 ,-40.47 ,-62.16 ,0.82 ,28.02 ,27.20 ,7.08 ,560.09 ,567.17 ,32.84 ,-39.56 ,-37.97 ,-50.43 ,2.83 ,-38.18 ,-48.20 ,0.91 ,1.18 ,0.41 ,-0.17 ,-0.32 ,0.90 ,9.16 
73,1,73,-0.49 ,-1.13 ,-1.12 ,-0.37 ,-0.72 ,-0.53 ,0.54 ,2.01 ,0.43 ,-0.26 ,-0.22 ,0.00 ,2.03 ,56.06 ,58.09 ,-13.61 ,7.96 ,21.57 ,2.16 ,74.32 ,76.48 ,8.11 ,-47.87 ,-46.56 ,-61.08 ,1.58 ,-15.36 ,8.07 ,23.42 ,2.17 ,76.20 ,78.38 ,8.14 ,-48.25 ,-53.63 ,-59.16 ,0.92 ,-15.08 ,8.02 ,23.10 ,2.20 ,79.00 ,81.20 ,7.77 ,-48.18 ,-48.21 ,-57.91 ,0.79 ,3.74 ,124.77 ,128.50 ,-1.83 ,27.88 ,29.71 ,6.54 ,532.06 ,538.60 ,34.23 ,-40.81 ,-40.52 ,-49.50 ,2.29 ,-45.49 ,-68.57 ,0.20 ,28.09 ,27.89 ,6.71 ,524.04 ,530.75 ,34.86 ,-40.48 ,-39.38 ,-49.90 ,2.74 ,-41.55 ,-61.52 ,1.05 ,28.06 ,27.01 ,7.25 ,579.49 ,586.73 ,32.04 ,-39.72 ,-37.89 ,-50.91 ,2.92 ,-39.28 ,-48.12 ,0.86 ,1.18 ,0.37 ,-0.26 ,-0.18 ,0.88 ,9.45 
74,1,74,-0.49 ,-1.13 ,-1.13 ,-0.37 ,-0.72 ,-0.53 ,0.53 ,2.00 ,0.43 ,-0.19 ,-0.34 ,0.00 ,1.99 ,54.49 ,56.47 ,-13.82 ,8.02 ,21.84 ,2.12 ,71.86 ,73.97 ,8.50 ,-48.80 ,-48.49 ,-61.19 ,1.10 ,-15.36 ,7.93 ,23.29 ,2.13 ,73.35 ,75.48 ,8.19 ,-48.54 ,-55.72 ,-58.89 ,0.84 ,-14.19 ,8.00 ,22.19 ,2.17 ,77.48 ,79.64 ,7.89 ,-47.41 ,-46.56 ,-57.91 ,0.83 ,3.63 ,117.91 ,121.54 ,-1.83 ,27.85 ,29.69 ,6.32 ,505.85 ,512.17 ,35.81 ,-40.80 ,-40.49 ,-49.45 ,2.28 ,-43.82 ,-72.18 ,0.20 ,28.08 ,27.87 ,6.51 ,505.83 ,512.34 ,35.98 ,-40.47 ,-39.39 ,-50.07 ,2.61 ,-40.10 ,-62.03 ,1.05 ,27.94 ,26.89 ,7.10 ,568.63 ,575.73 ,31.76 ,-39.37 ,-37.34 ,-50.52 ,2.89 ,-38.47 ,-47.53 ,0.72 ,1.16 ,0.40 ,-0.22 ,-0.25 ,0.88 ,9.91 
75,1,75,-0.49 ,-1.12 ,-1.12 ,-0.37 ,-0.72 ,-0.53 ,0.53 ,2.00 ,0.44 ,-0.15 ,-0.16 ,0.00 ,2.04 ,57.02 ,59.06 ,-14.04 ,8.00 ,22.04 ,2.16 ,74.62 ,76.79 ,8.16 ,-47.99 ,-47.21 ,-60.94 ,1.16 ,-15.70 ,8.00 ,23.70 ,2.18 ,75.95 ,78.12 ,8.04 ,-51.98 ,-55.67 ,-63.08 ,0.30 ,-14.54 ,8.07 ,22.61 ,2.20 ,79.29 ,81.50 ,7.82 ,-47.66 ,-46.87 ,-58.32 ,1.13 ,3.75 ,125.35 ,129.10 ,-2.03 ,27.93 ,29.96 ,6.55 ,532.25 ,538.80 ,34.63 ,-40.44 ,-39.94 ,-49.11 ,2.38 ,-45.38 ,-68.32 ,0.05 ,28.11 ,28.06 ,6.69 ,523.95 ,530.64 ,35.04 ,-40.06 ,-38.97 ,-49.27 ,2.54 ,-41.42 ,-61.21 ,1.05 ,28.05 ,27.00 ,7.21 ,578.76 ,585.97 ,32.03 ,-39.64 ,-37.89 ,-50.73 ,2.89 ,-39.14 ,-47.71 ,0.77 ,1.17 ,0.40 ,-0.21 ,-0.16 ,0.89 ,8.77 
76,1,76,-0.49 ,-1.13 ,-1.12 ,-0.37 ,-0.72 ,-0.53 ,0.55 ,2.04 ,0.43 ,-0.23 ,-0.28 ,0.00 ,1.91 ,52.33 ,54.24 ,-12.86 ,8.03 ,20.90 ,2.05 ,71.94 ,73.99 ,8.52 ,-47.66 ,-45.64 ,-61.42 ,1.39 ,-14.80 ,8.05 ,22.85 ,2.07 ,73.31 ,75.38 ,8.44 ,-48.48 ,-52.39 ,-59.54 ,0.68 ,-14.54 ,8.02 ,22.56 ,2.09 ,76.29 ,78.38 ,8.04 ,-47.99 ,-47.58 ,-58.08 ,1.17 ,3.56 ,116.65 ,120.21 ,-1.74 ,27.89 ,29.63 ,6.42 ,528.11 ,534.52 ,34.61 ,-40.83 ,-40.63 ,-49.37 ,2.16 ,-44.74 ,-69.82 ,0.28 ,28.12 ,27.83 ,6.57 ,521.30 ,527.87 ,35.25 ,-40.32 ,-39.29 ,-49.67 ,2.44 ,-40.82 ,-61.69 ,1.05 ,27.97 ,26.92 ,7.03 ,568.08 ,575.11 ,32.00 ,-39.77 ,-38.25 ,-50.92 ,2.80 ,-38.75 ,-48.15 ,0.88 ,1.18 ,0.40 ,-0.19 ,-0.20 ,0.88 ,12.49 
77,1,77,-0.49 ,-1.13 ,-1.12 ,-0.37 ,-0.72 ,-0.53 ,0.54 ,2.02 ,0.44 ,-0.20 ,-0.31 ,0.00 ,1.97 ,54.20 ,56.17 ,-14.01 ,7.99 ,22.00 ,2.09 ,71.67 ,73.76 ,8.47 ,-48.23 ,-47.22 ,-61.02 ,1.25 ,-15.68 ,7.99 ,23.67 ,2.11 ,73.20 ,75.31 ,8.33 ,-52.46 ,-55.94 ,-63.27 ,0.45 ,-14.54 ,7.91 ,22.45 ,2.12 ,76.05 ,78.17 ,7.86 ,-48.13 ,-48.16 ,-58.03 ,1.10 ,3.70 ,124.52 ,128.22 ,-1.99 ,27.91 ,29.91 ,6.37 ,514.53 ,520.90 ,35.68 ,-40.11 ,-39.40 ,-49.05 ,2.58 ,-44.12 ,-70.61 ,0.02 ,28.11 ,28.09 ,6.50 ,507.71 ,514.21 ,36.11 ,-40.29 ,-38.92 ,-49.75 ,2.60 ,-40.22 ,-61.57 ,0.96 ,28.03 ,27.07 ,7.04 ,565.62 ,572.66 ,32.58 ,-39.56 ,-37.60 ,-50.37 ,2.94 ,-38.29 ,-47.55 ,0.79 ,1.18 ,0.41 ,-0.19 ,-0.26 ,0.89 ,25.68 
78,1,78,-0.49 ,-1.12 ,-1.12 ,-0.37 ,-0.72 ,-0.53 ,0.54 ,2.00 ,0.43 ,-0.20 ,-0.18 ,0.00 ,1.98 ,54.31 ,56.29 ,-13.35 ,8.02 ,21.37 ,2.12 ,72.10 ,74.21 ,8.47 ,-48.81 ,-48.25 ,-61.46 ,1.12 ,-14.95 ,8.01 ,22.97 ,2.13 ,73.64 ,75.76 ,8.31 ,-48.85 ,-55.77 ,-59.40 ,0.47 ,-14.16 ,8.00 ,22.16 ,2.15 ,76.83 ,78.98 ,7.95 ,-47.08 ,-45.89 ,-57.68 ,0.87 ,3.68 ,119.71 ,123.39 ,-1.68 ,27.90 ,29.58 ,6.50 ,517.01 ,523.52 ,35.37 ,-40.94 ,-40.82 ,-49.41 ,2.14 ,-43.33 ,-79.24 ,0.36 ,28.09 ,27.73 ,6.68 ,514.21 ,520.90 ,35.49 ,-40.64 ,-39.58 ,-50.02 ,2.39 ,-39.24 ,-63.05 ,1.20 ,27.99 ,26.79 ,7.27 ,573.29 ,580.56 ,31.82 ,-39.57 ,-37.71 ,-50.69 ,2.82 ,-37.26 ,-48.82 ,0.86 ,1.17 ,0.40 ,-0.24 ,-0.22 ,0.90 ,8.93 
79,1,79,-0.49 ,-1.12 ,-1.12 ,-0.37 ,-0.72 ,-0.53 ,0.55 ,2.03 ,0.43 ,-0.24 ,-0.15 ,0.00 ,2.01 ,55.77 ,57.78 ,-14.31 ,7.98 ,22.29 ,2.14 ,73.15 ,75.29 ,8.30 ,-48.41 ,-48.32 ,-60.69 ,1.08 ,-15.95 ,8.00 ,23.95 ,2.15 ,74.69 ,76.84 ,8.18 ,-52.58 ,-57.35 ,-62.84 ,0.32 ,-14.68 ,8.03 ,22.71 ,2.17 ,77.80 ,79.97 ,7.90 ,-47.06 ,-45.91 ,-57.79 ,0.84 ,3.72 ,123.26 ,126.98 ,-2.08 ,27.92 ,30.00 ,6.50 ,517.97 ,524.47 ,35.49 ,-40.50 ,-40.09 ,-49.05 ,2.37 ,-43.55 ,-79.96 ,0.02 ,28.11 ,28.09 ,6.69 ,513.49 ,520.18 ,35.72 ,-40.37 ,-39.15 ,-49.75 ,2.50 ,-39.63 ,-63.12 ,1.07 ,28.07 ,27.00 ,7.28 ,574.57 ,581.85 ,32.38 ,-39.49 ,-37.41 ,-50.79 ,3.01 ,-37.66 ,-49.37 ,0.88 ,1.21 ,0.38 ,-0.15 ,-0.17 ,0.90 ,8.64 
80,1,80,-0.49 ,-1.12 ,-1.12 ,-0.37 ,-0.72 ,-0.53 ,0.53 ,2.03 ,0.45 ,-0.30 ,-0.20 ,0.00 ,2.03 ,56.00 ,58.03 ,-14.49 ,7.99 ,22.48 ,2.15 ,73.09 ,75.24 ,8.32 ,-48.56 ,-48.83 ,-60.74 ,1.09 ,-16.09 ,8.00 ,24.08 ,2.16 ,74.60 ,76.77 ,8.18 ,-52.57 ,-57.63 ,-62.46 ,0.35 ,-14.73 ,8.01 ,22.74 ,2.19 ,77.87 ,80.06 ,7.87 ,-47.03 ,-45.99 ,-57.63 ,0.96 ,3.74 ,124.27 ,128.01 ,-2.17 ,27.92 ,30.10 ,6.49 ,516.03 ,522.51 ,35.67 ,-40.48 ,-40.01 ,-49.15 ,2.39 ,-43.26 ,-75.60 ,-0.08 ,28.12 ,28.20 ,6.68 ,512.23 ,518.91 ,35.89 ,-40.37 ,-39.15 ,-49.97 ,2.53 ,-39.44 ,-62.23 ,0.90 ,28.02 ,27.12 ,7.28 ,572.05 ,579.32 ,32.14 ,-39.47 ,-37.53 ,-50.41 ,2.97 ,-37.71 ,-48.38 ,0.83 ,1.21 ,0.40 ,-0.26 ,-0.14 ,0.90 ,9.65 
81,1,81,-0.49 ,-1.12 ,-1.12 ,-0.37 ,-0.72 ,-0.53 ,0.54 ,2.01 ,0.42 ,-0.35 ,-0.17 ,0.00 ,2.04 ,56.61 ,58.66 ,-13.71 ,8.02 ,21.73 ,2.18 ,74.38 ,76.56 ,8.22 ,-48.25 ,-47.24 ,-61.05 ,1.18 ,-15.62 ,7.99 ,23.61 ,2.19 ,75.63 ,77.82 ,8.05 ,-52.27 ,-56.00 ,-62.78 ,0.80 ,-14.93 ,8.01 ,22.94 ,2.21 ,78.63 ,80.83 ,7.79 ,-47.59 ,-46.91 ,-58.16 ,0.83 ,3.78 ,124.79 ,128.58 ,-1.97 ,27.88 ,29.85 ,6.61 ,526.67 ,533.28 ,34.59 ,-40.77 ,-40.43 ,-49.21 ,2.30 ,-44.59 ,-79.28 ,0.09 ,28.17 ,28.08 ,6.84 ,525.08 ,531.93 ,35.40 ,-40.28 ,-38.86 ,-49.71 ,2.81 ,-40.36 ,-63.37 ,0.88 ,28.00 ,27.12 ,7.34 ,570.95 ,578.29 ,32.09 ,-39.77 ,-38.12 ,-50.80 ,2.81 ,-37.82 ,-49.01 ,0.77 ,1.19 ,0.40 ,-0.18 ,-0.25 ,0.88 ,9.07 
82,1,82,-0.49 ,-1.12 ,-1.12 ,-0.37 ,-0.72 ,-0.53 ,0.55 ,2.02 ,0.43 ,-0.24 ,-0.16 ,0.00 ,2.00 ,54.32 ,56.32 ,-13.47 ,8.03 ,21.49 ,2.13 ,72.12 ,74.25 ,8.49 ,-48.61 ,-47.77 ,-61.27 ,1.18 ,-15.33 ,7.94 ,23.27 ,2.14 ,72.75 ,74.89 ,8.28 ,-48.82 ,-55.67 ,-59.34 ,0.47 ,-14.39 ,8.01 ,22.40 ,2.16 ,75.75 ,77.92 ,8.07 ,-47.34 ,-46.33 ,-58.09 ,0.84 ,3.72 ,122.04 ,125.76 ,-1.77 ,27.90 ,29.66 ,6.50 ,514.41 ,520.91 ,35.57 ,-40.54 ,-40.03 ,-49.34 ,2.42 ,-42.95 ,-75.59 ,0.24 ,28.11 ,27.86 ,6.60 ,502.13 ,508.73 ,36.51 ,-40.25 ,-38.89 ,-49.67 ,2.62 ,-39.09 ,-62.91 ,1.16 ,27.99 ,26.83 ,7.09 ,551.89 ,558.98 ,33.08 ,-39.59 ,-37.51 ,-50.56 ,2.91 ,-37.23 ,-49.13 ,0.77 ,1.16 ,0.40 ,-0.25 ,-0.15 ,0.90 ,15.35 
83,1,83,-0.49 ,-1.13 ,-1.13 ,-0.37 ,-0.72 ,-0.53 ,0.54 ,2.02 ,0.44 ,-0.24 ,-0.35 ,0.00 ,1.99 ,54.38 ,56.37 ,-14.05 ,8.00 ,22.05 ,2.11 ,72.23 ,74.34 ,8.43 ,-48.48 ,-47.78 ,-61.11 ,1.20 ,-15.62 ,8.00 ,23.62 ,2.13 ,74.12 ,76.25 ,8.25 ,-52.56 ,-56.33 ,-63.16 ,0.62 ,-14.50 ,7.96 ,22.46 ,2.16 ,77.57 ,79.73 ,7.79 ,-47.93 ,-48.02 ,-58.09 ,0.99 ,3.72 ,124.58 ,128.30 ,-1.92 ,27.93 ,29.85 ,6.40 ,517.88 ,524.28 ,35.60 ,-40.38 ,-39.82 ,-49.29 ,2.50 ,-43.23 ,-74.19 ,0.13 ,28.14 ,28.00 ,6.60 ,518.95 ,525.56 ,35.57 ,-40.52 ,-39.33 ,-50.19 ,2.75 ,-39.44 ,-61.97 ,1.03 ,28.06 ,27.03 ,7.23 ,586.25 ,593.47 ,31.68 ,-39.47 ,-37.42 ,-50.57 ,3.04 ,-37.82 ,-48.16 ,0.78 ,1.15 ,0.41 ,-0.26 ,-0.25 ,0.88 ,9.27 
84,1,84,-0.49 ,-1.12 ,-1.12 ,-0.37 ,-0.72 ,-0.53 ,0.53 ,2.02 ,0.43 ,-0.28 ,-0.14 ,0.00 ,2.03 ,54.17 ,56.20 ,-13.77 ,8.02 ,21.79 ,2.16 ,72.16 ,74.32 ,8.47 ,-48.80 ,-48.62 ,-61.11 ,1.23 ,-15.61 ,8.01 ,23.62 ,2.18 ,73.94 ,76.12 ,8.28 ,-51.36 ,-56.58 ,-61.68 ,0.48 ,-14.97 ,8.03 ,23.00 ,2.21 ,77.64 ,79.84 ,7.91 ,-47.36 ,-46.61 ,-57.65 ,0.84 ,3.76 ,120.04 ,123.80 ,-1.87 ,27.88 ,29.75 ,6.58 ,511.04 ,517.62 ,35.65 ,-40.54 ,-40.07 ,-49.26 ,2.42 ,-43.04 ,-75.24 ,-0.32 ,28.13 ,28.44 ,6.83 ,513.75 ,520.58 ,35.85 ,-40.10 ,-38.57 ,-49.63 ,2.65 ,-39.44 ,-61.59 ,0.12 ,28.02 ,27.90 ,7.50 ,577.83 ,585.33 ,31.79 ,-39.21 ,-36.72 ,-50.42 ,3.14 ,-38.48 ,-47.15 ,0.80 ,1.20 ,0.38 ,-0.15 ,-0.19 ,0.89 ,8.93 
85,1,85,-0.49 ,-1.13 ,-1.13 ,-0.37 ,-0.72 ,-0.53 ,0.53 ,2.02 ,0.44 ,-0.16 ,-0.31 ,0.00 ,1.94 ,52.07 ,54.00 ,-12.93 ,8.02 ,20.95 ,2.07 ,70.88 ,72.96 ,8.62 ,-48.44 ,-47.08 ,-61.39 ,1.29 ,-14.78 ,8.01 ,22.79 ,2.09 ,72.29 ,74.38 ,8.46 ,-48.95 ,-54.64 ,-59.82 ,0.57 ,-14.54 ,8.02 ,22.56 ,2.11 ,75.77 ,77.88 ,8.09 ,-47.76 ,-47.12 ,-57.91 ,0.86 ,3.60 ,116.04 ,119.63 ,-1.83 ,27.87 ,29.70 ,6.40 ,517.05 ,523.45 ,35.17 ,-40.48 ,-40.12 ,-49.17 ,2.39 ,-43.65 ,-75.19 ,-0.34 ,28.10 ,28.44 ,6.57 ,513.32 ,519.90 ,35.68 ,-39.94 ,-38.80 ,-49.36 ,2.56 ,-39.94 ,-62.36 ,-0.07 ,28.02 ,28.09 ,7.16 ,571.73 ,578.89 ,32.17 ,-39.04 ,-36.85 ,-50.02 ,2.98 ,-38.69 ,-48.30 ,0.92 ,1.20 ,0.40 ,-0.21 ,-0.23 ,0.90 ,10.17 
86,1,86,-0.49 ,-1.12 ,-1.12 ,-0.37 ,-0.72 ,-0.53 ,0.55 ,2.02 ,0.45 ,-0.17 ,-0.28 ,0.00 ,1.96 ,50.57 ,52.53 ,-13.47 ,7.96 ,21.43 ,2.09 ,68.35 ,70.43 ,8.81 ,-48.58 ,-47.61 ,-61.20 ,1.48 ,-15.15 ,8.03 ,23.17 ,2.11 ,70.36 ,72.47 ,8.72 ,-48.59 ,-53.93 ,-59.20 ,0.65 ,-14.49 ,8.00 ,22.49 ,2.14 ,73.72 ,75.86 ,8.28 ,-47.63 ,-46.96 ,-57.88 ,0.90 ,3.66 ,112.75 ,116.42 ,-1.88 ,27.85 ,29.74 ,6.46 ,493.36 ,499.82 ,36.71 ,-40.06 ,-39.39 ,-49.01 ,2.66 ,-42.63 ,-84.44 ,-0.63 ,28.12 ,28.74 ,6.71 ,495.74 ,502.45 ,37.04 ,-39.72 ,-37.99 ,-49.37 ,2.78 ,-38.99 ,-63.46 ,-0.33 ,28.04 ,28.37 ,7.39 ,561.18 ,568.57 ,32.91 ,-38.98 ,-36.20 ,-50.37 ,3.24 ,-37.99 ,-49.16 ,0.78 ,1.20 ,0.39 ,-0.16 ,-0.27 ,0.89 ,10.54 
87,1,87,-0.49 ,-1.12 ,-1.12 ,-0.37 ,-0.72 ,-0.53 ,0.55 ,2.07 ,0.44 ,-0.22 ,-0.30 ,0.00 ,2.04 ,54.93 ,56.96 ,-12.87 ,8.07 ,20.94 ,2.17 ,73.59 ,75.76 ,8.39 ,-47.89 ,-46.17 ,-61.28 ,1.25 ,-14.98 ,8.03 ,23.01 ,2.18 ,74.67 ,76.85 ,8.22 ,-48.24 ,-52.69 ,-59.43 ,0.54 ,-15.13 ,8.01 ,23.14 ,2.20 ,77.28 ,79.47 ,7.92 ,-48.31 ,-48.61 ,-58.37 ,0.93 ,3.76 ,122.65 ,126.41 ,-1.66 ,27.89 ,29.55 ,6.64 ,530.71 ,537.34 ,34.44 ,-39.89 ,-39.25 ,-48.77 ,2.59 ,-45.91 ,-68.92 ,0.12 ,28.13 ,28.02 ,6.79 ,521.72 ,528.52 ,35.36 ,-39.67 ,-38.23 ,-48.79 ,2.70 ,-42.11 ,-62.58 ,1.23 ,27.97 ,26.74 ,7.23 ,563.31 ,570.53 ,32.27 ,-39.59 ,-37.99 ,-50.51 ,2.81 ,-39.37 ,-49.05 ,1.11 ,1.20 ,0.39 ,-0.17 ,-0.25 ,0.90 ,14.11 
88,1,88,-0.49 ,-1.13 ,-1.13 ,-0.37 ,-0.72 ,-0.53 ,0.52 ,2.09 ,0.44 ,-0.09 ,-0.17 ,0.00 ,2.01 ,53.83 ,55.84 ,-13.36 ,7.97 ,21.33 ,2.14 ,71.63 ,73.77 ,8.43 ,-48.76 ,-47.97 ,-61.59 ,1.47 ,-15.22 ,7.96 ,23.18 ,2.16 ,72.43 ,74.59 ,8.35 ,-48.66 ,-55.53 ,-59.39 ,0.92 ,-14.55 ,8.00 ,22.55 ,2.18 ,75.52 ,77.69 ,8.08 ,-46.34 ,-44.33 ,-57.61 ,0.97 ,3.67 ,115.50 ,119.17 ,-1.81 ,27.97 ,29.79 ,6.53 ,520.74 ,527.27 ,35.76 ,-40.43 ,-39.93 ,-49.04 ,2.47 ,-44.03 ,-71.08 ,0.15 ,28.08 ,27.93 ,6.63 ,503.04 ,509.66 ,36.17 ,-40.17 ,-39.10 ,-49.44 ,2.52 ,-40.22 ,-62.31 ,1.16 ,28.00 ,26.83 ,7.14 ,552.61 ,559.75 ,33.09 ,-39.38 ,-37.55 ,-50.65 ,2.91 ,-38.16 ,-48.09 ,0.69 ,1.19 ,0.39 ,-0.10 ,-0.38 ,0.89 ,29.36 
89,1,89,-0.49 ,-1.13 ,-1.13 ,-0.37 ,-0.72 ,-0.53 ,0.55 ,2.01 ,0.44 ,-0.25 ,-0.35 ,0.00 ,1.99 ,53.71 ,55.70 ,-13.55 ,8.01 ,21.56 ,2.12 ,71.19 ,73.30 ,8.56 ,-48.22 ,-47.40 ,-61.09 ,1.14 ,-15.15 ,8.00 ,23.16 ,2.14 ,72.95 ,75.09 ,8.37 ,-48.52 ,-54.82 ,-59.04 ,0.66 ,-14.25 ,8.00 ,22.26 ,2.16 ,76.34 ,78.50 ,8.00 ,-47.50 ,-46.64 ,-58.08 ,0.85 ,3.69 ,118.75 ,122.44 ,-1.81 ,27.86 ,29.67 ,6.46 ,509.94 ,516.40 ,35.57 ,-40.16 ,-39.55 ,-49.06 ,2.54 ,-44.37 ,-71.88 ,0.18 ,28.08 ,27.90 ,6.64 ,507.19 ,513.82 ,35.92 ,-40.03 ,-38.75 ,-49.40 ,2.59 ,-40.39 ,-62.66 ,1.18 ,27.97 ,26.80 ,7.19 ,562.66 ,569.85 ,32.34 ,-39.44 ,-37.55 ,-50.51 ,2.89 ,-38.18 ,-47.84 ,0.82 ,1.16 ,0.39 ,-0.17 ,-0.14 ,0.89 ,9.60 
90,1,90,-0.49 ,-1.12 ,-1.12 ,-0.37 ,-0.72 ,-0.53 ,0.54 ,2.00 ,0.43 ,-0.17 ,-0.28 ,0.00 ,2.00 ,55.01 ,57.01 ,-13.51 ,8.02 ,21.53 ,2.13 ,72.85 ,74.98 ,8.38 ,-48.55 ,-47.97 ,-61.31 ,1.23 ,-15.37 ,8.04 ,23.41 ,2.15 ,74.74 ,76.88 ,8.25 ,-48.63 ,-55.29 ,-59.32 ,0.60 ,-15.26 ,8.02 ,23.29 ,2.17 ,77.98 ,80.15 ,7.88 ,-47.59 ,-46.82 ,-57.78 ,0.86 ,3.70 ,122.15 ,125.86 ,-1.81 ,27.97 ,29.78 ,6.49 ,526.05 ,532.54 ,35.38 ,-40.20 ,-39.58 ,-49.11 ,2.60 ,-44.61 ,-72.72 ,-0.71 ,28.12 ,28.83 ,6.67 ,518.47 ,525.13 ,35.46 ,-39.84 ,-38.45 ,-49.21 ,2.63 ,-41.22 ,-62.15 ,-0.84 ,28.05 ,28.89 ,7.27 ,579.92 ,587.19 ,31.92 ,-39.29 ,-36.93 ,-50.45 ,3.07 ,-39.78 ,-49.20 ,0.75 ,1.20 ,0.36 ,-0.12 ,-0.25 ,0.90 ,9.01 
