Header Section,,,,,,,,,,,,,,,,,,,,,,,,,,,,,,,,,,,,,,,,,,,,,,,,,,,,,,,,,,,,,,,,,,,,,,
Product,VC7742,,,,,,,,,,,,,,,,,,,,,,,,,,,,,,,,,,,,,,,,,,,,,,,,,,,,,,,,,,,,,,,,,,,,,
Test Plan,Rev(C),,,,,,,,,,,,,,,,,,,,,,,,,,,,,,,,,,,,,,,,,,,,,,,,,,,,,,,,,,,,,,,,,,,,,
Release Date,2019/2/28 0:00,,,,,,,,,,,,,,,,,,,,,,,,,,,,,,,,,,,,,,,,,,,,,,,,,,,,,,,,,,,,,,,,,,,,,
Comment,#11-35/,,,,,,,,,,,,,,,,,,,,,,,,,,,,,,,,,,,,,,,,,,,,,,,,,,,,,,,,,,,,,,,,,,,,,
,,,,,,,,,,,,,,,,,,,,,,,,,,,,,,,,,,,,,,,,,,,,,,,,,,,,,,,,,,,,,,,,,,,,,,
Data Section,,,,,,,,,,,,,,,,,,,,,,,,,,,,,,,,,,,,,,,,,,,,,,,,,,,,,,,,,,,,,,,,,,,,,,
Device#,1,2,3,4,5,6,7,8,9,10,11,12,13,14,15,16,17,18,19,20,21,22,23,24,25,26,27,28,29,30,31,32,33,34,35,36,37,38,39,40,41,42,43,44,45,46,47,48,49,50,51,52,53,54,55,56,57,58,59,60,61,62,63,64,65,66,67,68,69,70
Test Item,Site No,Device ID,O/S_VBAT,O/S_VCC,O/S_VIO,O/S_CLK,O/S_DATA,Leakage1_Vbat_uA,Leakage1_VCC_uA,Leakage1_VIO_uA,Leakage1_CLK_uA,Leakage1_DATA_uA,Mipi_Function,Idle_L_Vbat,Idle_L_Vcc,Idle_L_Total,Pin_L_B42_3400,Pout_L_B42_3400,Gain_L_B42_3400,Icc_L_Vbat_B42_3400,Icc_L_Vcc_B42_3400,Icc_L_Total_B42_3400,PAE_L_Total_B42_3400,E-UTRA_L_L_ACP_L_B42_3400,UTRA_L_ACP1_L_B42_3400,UTRA_L_ACP2_L_B42_3400,EVM_L_B42_3400,Pin_L_B43_3800,Pout_L_B43_3800,Gain_L_B43_3800,Icc_L_Vbat_B43_3800,Icc_L_Vcc_B43_3800,Icc_L_Total_B43_3800,PAE_L_Total_B43_3800,E-UTRA_L_ACP_L_B43_3800,UTRA_L_ACP1_L_B43_3800,UTRA_L_ACP2_L_B43_3800,EVM_L_B43_3800,Idle_H_Vbat,Idle_H_Vcc,Idle_H_Total,Pin_H_B42_3400,Pout_H_B42_3400,Gain_H_B42_3400,Icc_H_Vbat_B42_3400,Icc_H_Vcc_B42_3400,Icc_H_Total_B42_3400,PAE_H_Total_B42_3400,E-UTRA_H_ACP_L_B42_3400,UTRA_H_ACP1_L_B42_3400,UTRA_H_ACP2_L_B42_3400,EVM_H_B42_3400,Pin_H_B43_3800,Pout_H_B43_3800,Gain_H_B43_3800,Icc_H_Vbat_B43_3800,Icc_H_Vcc_B43_3800,Icc_H_Total_B43_3800,PAE_H_Total_B43_3800,E-UTRA_H_ACP_L_B43_3800,UTRA_H_ACP1_L_B43_3800,UTRA_H_ACP2_L_B43_3800,EVM_H_B43_3800,Leakage2_Vbat_uA,Leakage2_VCC_uA,Leakage2_VIO_uA,Leakage2_CLK_uA,Leakage2_DATA_uA,Test Time ,Index Time 
Low Tolerance,,,0.1,0.1,0.1,0.1,0.1,0.9,0.9,0.9,0.9,0.9,0.1,1,10,10,0.3,0.3,0.3,1,25,25,9,1.5,1.5,1.5,0.5,0.3,0.3,0.3,1,25,25,9,1.5,1.5,1.5,0.5,1,10,10,0.3,0.3,0.3,1,25,25,9,1.5,1.5,1.5,0.5,0.3,0.3,0.3,1,25,25,9,1.5,1.5,1.5,0.5,0.9,0.9,0.9,0.9,0.9,0,0
High Tolerance,,,0.1,0.1,0.1,0.1,0.1,0.9,0.9,0.9,0.9,0.9,0.1,1,10,10,0.5,0.5,0.5,1,25,25,9,2.5,2.5,2.5,0.6,0.5,0.5,0.5,1,25,25,9,2.5,2.5,2.5,0.6,1,10,10,0.5,0.5,0.5,1,25,25,9,2.5,2.5,2.5,0.6,0.5,0.5,0.5,1,25,25,9,2.5,2.5,2.5,0.6,0.9,0.9,0.9,0.9,0.9,0,0
Enable,,,1,1,1,1,1,1,1,1,1,1,1,1,1,1,1,1,1,1,1,1,1,1,1,1,1,1,1,1,1,1,1,1,1,1,1,1,1,1,1,1,1,1,1,1,1,1,1,1,1,1,1,1,1,1,1,1,1,1,1,1,1,1,1,1,1,1,0,0
11,1,11,-0.463,-0.378,-0.365,-0.714,-0.53,0.017,1.919,0.41,-0.305,-0.272,0,1.874,49.595,51.469,-14.373,3.011,17.385,1.942,57.648,59.59,4.122,-48.521,-51.203,-57.784,0.714,-16.911,3.042,19.953,1.953,57.979,59.932,4.158,-50.09,-50.165,-60.57,0.708,3.732,124.952,128.684,-0.646,28.003,28.649,7.476,547.371,554.846,33.455,-39.055,-38.199,-48.724,2.979,-0.595,28.021,28.616,8.354,632.028,640.382,29.044,-39.128,-38.588,-49.734,2.869,0.084,1.392,0.303,-0.265,-0.304,6867.022,443.025
12,1,12,-0.463,-0.378,-0.363,-0.714,-0.529,0.011,1.88,0.399,-0.315,-0.287,0,1.712,43.916,45.628,-12.963,3.057,16.02,1.794,53.784,55.579,4.437,-46.769,-48.162,-57.606,0.99,-16.368,2.965,19.333,1.806,53.871,55.677,4.39,-51.393,-54.049,-59.836,0.874,3.485,115.433,118.918,-0.117,27.964,28.08,7.389,553.55,560.938,32.788,-39.861,-39.524,-49.161,2.391,-0.626,28.014,28.64,8.328,641.762,650.09,28.57,-39.838,-39.437,-49.791,2.456,0.074,1.546,0.282,-0.322,-0.275,6780.482,442.02
13,1,13,-0.462,-0.378,-0.365,-0.714,-0.529,0,1.846,0.404,-0.263,-0.255,0,1.738,46.174,47.912,-13.147,3.065,16.212,1.816,55.229,57.045,4.335,-47.574,-49.415,-57.435,0.861,-16.282,2.997,19.279,1.816,54.548,56.363,4.367,-50.555,-51.766,-59.962,0.715,3.55,119.983,123.532,-0.531,27.978,28.509,7.345,555.854,563.2,32.763,-39.239,-38.634,-48.681,2.776,-0.523,28.089,28.612,8.122,626.503,634.625,29.77,-38.831,-38.305,-49.304,3.08,-0.368,1.37,0.271,-0.26,-0.331,6765.722,444.76
14,1,14,-0.462,-0.378,-0.364,-0.714,-0.529,0.022,1.864,0.521,-0.28,-0.265,0,1.826,46.927,48.754,-13.253,3.012,16.264,1.904,55.47,57.374,4.259,-48.502,-50.955,-57.805,0.693,-16.336,2.947,19.284,1.92,55.966,57.886,4.204,-49.854,-50.562,-59.59,0.813,3.646,115.411,119.057,0.306,27.962,27.656,7.57,540.902,548.472,33.519,-39.784,-39.261,-49.261,2.436,-0.523,27.934,28.457,8.537,633.493,642.03,28.397,-39.521,-39.23,-49.194,2.459,0.414,1.307,0.346,-0.224,-0.189,6856.137,438.576
15,1,15,-0.462,-0.378,-0.364,-0.713,-0.528,0.011,1.87,0.378,-0.288,-0.267,0,1.823,48.057,49.879,-14.903,2.928,17.831,1.893,55.72,57.613,4.19,-48.994,-52.318,-57.277,0.633,-15.646,2.999,18.645,1.904,56.319,58.223,4.222,-48.84,-48.396,-60.069,0.828,3.679,120.219,123.897,-1.109,28.004,29.113,7.293,524.573,531.866,34.904,-39.12,-38.429,-48.447,2.799,0.829,27.958,27.129,8.273,625.085,633.358,28.916,-39.224,-38.587,-50.439,2.843,0.254,1.626,0.404,-0.238,-0.314,7212.867,453.019
16,1,16,-0.462,-0.378,-0.364,-0.714,-0.529,-0.037,1.858,0.457,-0.312,-0.294,0,1.765,43.915,45.681,-13.225,3.037,16.262,1.854,53.302,55.156,4.456,-47.129,-48.759,-57.82,0.899,-16.577,2.968,19.545,1.869,53.78,55.649,4.397,-51.3,-54.051,-59.522,0.714,3.625,111.367,114.992,0.116,27.944,27.827,7.585,537.665,545.251,33.576,-39.686,-39.221,-49.069,2.445,-0.512,28.058,28.57,8.61,636.487,645.097,29.084,-39.149,-38.739,-49.013,2.732,0.195,1.397,0.303,-0.295,-0.255,7013.153,443
17,1,17,-0.462,-0.378,-0.364,-0.714,-0.528,-0.012,1.872,0.431,-0.295,-0.326,0,1.749,43.776,45.525,-13.075,3.039,16.114,1.833,53.132,54.965,4.47,-47.019,-48.531,-57.705,0.935,-16.282,2.984,19.266,1.833,52.659,54.492,4.504,-51.152,-53.209,-60.028,0.897,3.528,110.754,114.282,-0.215,27.938,28.153,7.385,536.656,544.042,33.606,-39.495,-39.138,-48.735,2.527,-0.557,28.052,28.609,8.285,612.213,620.497,30.191,-38.932,-38.497,-49.112,2.875,-0.107,1.392,0.271,-0.211,-0.245,7946.188,440.359
18,1,18,-0.462,-0.378,-0.364,-0.714,-0.528,0.009,1.869,0.457,-0.29,-0.209,0,1.858,48.185,50.043,-14.474,2.951,17.425,1.93,56.559,58.49,4.143,-48.281,-50.854,-57.697,0.732,-16.903,3.045,19.948,1.94,56.946,58.886,4.235,-50.523,-51.191,-60.147,0.71,3.721,123.629,127.35,-0.554,27.989,28.544,7.457,544.511,551.969,33.519,-39.498,-38.723,-49.129,2.712,-0.335,28.07,28.405,8.381,635.141,643.523,29.23,-39.093,-38.486,-50.179,2.921,-0.022,1.424,0.394,-0.265,-0.25,7770.467,446.877
19,1,19,-0.461,-0.378,-0.365,-0.714,-0.529,0.014,1.867,0.399,-0.27,-0.253,0,1.843,47.422,49.265,-13.95,3.018,16.968,1.921,56.087,58.008,4.234,-48.265,-50.548,-57.663,0.801,-16.557,3.021,19.578,1.929,56.266,58.195,4.258,-50.268,-51.083,-60.082,0.822,3.743,119.1,122.843,-0.39,28.049,28.439,7.483,549.929,557.412,33.65,-39.629,-39.068,-48.955,2.606,-0.335,28.064,28.4,8.418,638.157,646.575,29.053,-39.483,-38.974,-50.112,2.695,-0.033,1.19,0.303,-0.292,-0.275,7457.093,433.873
20,1,20,-0.462,-0.378,-0.365,-0.714,-0.528,0.015,1.855,0.388,-0.285,-0.26,0,1.756,44.873,46.629,-13.871,2.932,16.803,1.826,52.778,54.604,4.405,-48.719,-51.488,-57.62,0.82,-15.272,3,18.273,1.838,53.444,55.282,4.442,-49.036,-48.709,-59.893,0.827,3.453,111.862,115.315,-0.733,28.075,28.809,7.238,520.42,527.657,35.768,-38.764,-38.056,-48.137,2.964,0.672,27.957,27.284,8.244,614.401,622.644,29.41,-39.111,-38.618,-49.463,2.78,0.616,1.28,0.255,-0.273,-0.297,6423.497,444.528
21,1,21,-0.462,-0.378,-0.364,-0.714,-0.528,-0.004,1.859,0.325,-0.322,-0.338,0,1.831,48.766,50.598,-15.502,2.987,18.488,1.898,56.583,58.481,4.194,-48.604,-51.716,-57.38,0.689,-15.73,2.996,18.726,1.911,57.404,59.315,4.142,-49.428,-49.488,-59.932,0.767,3.796,127.2,130.996,-1.648,28.003,29.65,7.191,530.723,537.914,34.508,-38.598,-37.787,-48.08,3.072,0.816,27.949,27.133,8.24,645.737,653.977,27.946,-39.431,-38.784,-50.832,2.784,0.461,1.652,0.335,-0.29,-0.196,6235.606,453.736
22,1,22,-0.463,-0.378,-0.364,-0.714,-0.53,-0.024,1.871,0.399,-0.256,-0.285,0,1.757,43.507,45.263,-12.801,3.041,15.842,1.855,53.372,55.228,4.444,-46.781,-48.167,-57.983,0.999,-16.603,2.978,19.58,1.857,53.119,54.976,4.462,-51.442,-54.019,-59.623,0.754,3.507,109.055,112.561,0.333,27.985,27.652,7.627,547.793,555.42,33.281,-39.97,-39.66,-49.19,2.332,-0.694,28.017,28.711,8.504,619.238,627.742,29.605,-39.221,-38.837,-49.092,2.675,0.175,1.307,0.378,-0.241,-0.27,6816.095,453.547
23,1,23,-0.462,-0.378,-0.364,-0.714,-0.529,0.035,1.874,0.341,-0.329,-0.309,0,1.819,47.734,49.553,-13.832,2.95,16.782,1.89,56.269,58.16,4.154,-48.131,-50.483,-57.685,0.811,-16.58,2.945,19.525,1.898,56.587,58.485,4.161,-50.121,-51.169,-59.599,0.712,3.625,122.93,126.554,-0.384,27.944,28.328,7.433,550.147,557.58,32.841,-39.637,-39.032,-49.102,2.602,0.023,27.945,27.922,8.321,635.616,643.937,28.374,-39.539,-39.064,-49.915,2.631,0.042,1.61,0.33,-0.256,-0.275,7186.688,440.461
24,1,24,-0.463,-0.378,-0.364,-0.713,-0.529,0.029,1.836,0.346,-0.216,-0.255,0,1.822,46.572,48.394,-13.811,2.952,16.764,1.904,55.127,57.032,4.237,-47.685,-49.712,-57.675,0.879,-16.478,2.98,19.457,1.908,55.288,57.195,4.29,-50.686,-52.114,-59.834,0.681,3.657,114.605,118.262,-0.503,28.044,28.547,7.591,546.29,553.882,33.835,-39.119,-38.624,-48.382,2.773,0.052,27.931,27.879,8.419,613.479,621.899,29.285,-39.61,-39.278,-49.362,2.504,0.025,1.424,0.308,-0.216,-0.231,6364.246,441.407
25,1,25,-0.462,-0.378,-0.362,-0.713,-0.529,0.008,1.879,0.399,-0.243,-0.28,0,1.812,44.454,46.265,-13.828,3.006,16.834,1.889,53.079,54.968,4.453,-47.753,-49.675,-57.727,0.896,-15.833,2.99,18.822,1.906,53.585,55.491,4.423,-50.66,-52.129,-59.651,0.735,3.539,108.172,111.711,-0.669,28.035,28.704,7.473,525.845,533.318,35.061,-38.821,-38.442,-48.086,2.684,0.435,27.955,27.519,8.439,614.057,622.496,29.407,-39.368,-39.003,-49.308,2.521,0.36,1.354,0.255,-0.19,-0.241,6076.835,445.366
26,1,26,-0.462,-0.378,-0.364,-0.714,-0.527,0.008,1.857,0.394,-0.305,-0.258,0,1.833,47.25,49.083,-14.165,2.989,17.153,1.906,55.583,57.489,4.246,-48.242,-50.707,-57.773,0.728,-16.466,3,19.466,1.918,56.454,58.373,4.222,-50.378,-51.637,-59.662,0.703,3.667,119.359,123.026,-0.478,27.94,28.418,7.347,534.43,541.777,33.767,-39.483,-38.918,-48.87,2.62,0.109,27.921,27.813,8.438,636.292,644.73,28.182,-39.907,-39.503,-49.994,2.451,0.158,1.626,0.271,-0.243,-0.331,6959.073,438.622
27,1,27,-0.463,-0.378,-0.364,-0.714,-0.529,0.047,1.846,0.42,-0.317,-0.336,0,1.74,45.174,46.914,-13.384,3.021,16.405,1.819,54.394,56.213,4.36,-47.197,-48.833,-57.513,0.919,-16.279,3.038,19.317,1.825,54.036,55.86,4.45,-51.074,-53.019,-59.81,0.886,3.593,118.305,121.897,-0.512,28.035,28.547,7.339,552.694,560.033,33.391,-39.143,-38.571,-48.522,2.838,0.109,28.024,27.915,8.104,620.511,628.615,29.598,-39.056,-38.573,-49.341,2.931,0.334,1.551,0.324,-0.239,-0.314,6284.76,433.111
28,1,28,-0.463,-0.378,-0.364,-0.714,-0.529,0.002,1.843,0.463,-0.263,-0.289,0,1.787,44.4,46.186,-13.182,3.028,16.21,1.87,53.39,55.26,4.437,-47.566,-49.366,-57.651,0.856,-16.412,3.002,19.414,1.874,53.099,54.973,4.485,-50.969,-52.644,-60.019,0.699,3.571,109.173,112.744,-0.322,27.976,28.299,7.512,532.047,539.559,34.189,-39.136,-38.735,-48.359,2.652,0.109,28.089,27.98,8.376,608.338,616.714,30.623,-38.598,-38.13,-48.657,3.042,0.073,1.562,0.457,-0.236,-0.302,7078.533,451.82
29,1,29,-0.462,-0.378,-0.363,-0.713,-0.529,-0.017,1.863,0.404,-0.288,-0.319,0,1.795,46.551,48.345,-14.002,2.986,16.988,1.877,55.355,57.232,4.259,-48.067,-50.245,-57.68,0.783,-16.134,2.998,19.132,1.886,55.557,57.443,4.285,-50.144,-50.832,-59.698,0.773,3.657,119.369,123.026,-0.824,28.056,28.88,7.434,550.898,558.333,33.652,-39.261,-38.846,-48.429,2.618,0.441,27.933,27.491,8.323,629.344,637.667,28.563,-39.956,-39.525,-50.243,2.426,-0.16,1.652,0.367,-0.28,-0.245,6278.924,445.337
30,1,30,-0.463,-0.378,-0.364,-0.713,-0.53,0.009,1.866,0.415,-0.3,-0.287,0,1.741,45.293,47.033,-13.666,2.964,16.63,1.819,54.181,56,4.325,-47.421,-49.187,-57.644,0.926,-16.267,3.016,19.283,1.832,54.451,56.283,4.394,-50.862,-52.765,-60.182,0.852,3.571,118.423,121.994,-0.559,28.057,28.616,7.331,550.978,558.31,33.664,-38.864,-38.145,-48.348,3.018,0.199,27.981,27.783,8.18,627.92,636.1,28.96,-39.273,-38.807,-49.481,2.803,0.339,1.69,0.372,-0.238,-0.355,6017.992,432.067
31,1,31,-0.462,-0.378,-0.365,-0.713,-0.529,0.013,1.851,0.452,-0.28,-0.326,0,1.789,45.55,47.339,-13.985,2.963,16.949,1.863,54.273,56.136,4.319,-47.776,-49.844,-57.513,0.804,-15.962,2.999,18.961,1.876,55.084,56.96,4.32,-50.617,-51.993,-59.74,0.73,3.56,115.003,118.563,-0.95,28.046,28.996,7.45,541.436,548.886,34.154,-39.042,-38.597,-48.194,2.729,0.481,27.947,27.467,8.431,636.3,644.731,28.345,-39.883,-39.47,-50.07,2.399,0.387,1.365,0.346,-0.251,-0.26,6089.416,449.531
32,1,32,-0.462,-0.378,-0.364,-0.714,-0.529,0.032,1.853,0.431,-0.319,-0.306,0,1.892,49.917,51.809,-14.876,2.949,17.826,1.96,58.115,60.075,4.038,-48.386,-51.051,-57.602,0.726,-17.132,3.029,20.161,1.97,58.141,60.11,4.135,-50.401,-50.785,-60.448,0.702,3.85,128.856,132.706,-0.972,28.039,29.012,7.407,553.476,560.883,33.374,-38.973,-38.077,-48.653,3.001,0.151,28.032,27.881,8.251,628.278,636.53,29.28,-38.992,-38.357,-50.273,3.037,0.132,1.376,0.367,-0.239,-0.282,6331.681,446.481
33,1,33,-0.461,-0.378,-0.364,-0.714,-0.528,0.015,1.871,0.389,-0.287,-0.292,0,1.858,48.498,50.356,-14.78,2.947,17.727,1.932,56.599,58.53,4.14,-48.276,-50.845,-57.599,0.735,-16.764,2.967,19.731,1.942,56.874,58.816,4.162,-49.907,-50.539,-59.795,0.742,3.764,123.79,127.554,-0.941,28.01,28.951,7.417,537.141,544.557,34.138,-38.828,-37.953,-48.432,3.071,0.242,27.95,27.708,8.271,620.647,628.918,29.076,-39.233,-38.659,-50.06,2.836,0.089,1.37,0.277,-0.319,-0.243,6563.455,445.527
34,1,34,-0.463,-0.378,-0.365,-0.714,-0.529,-0.027,1.864,0.298,-0.265,-0.221,0,1.77,46.712,48.482,-13.46,3.042,16.502,1.848,55.677,57.525,4.283,-47.831,-49.759,-57.291,0.811,-16.867,3.033,19.9,1.853,55.37,57.222,4.345,-50.807,-51.74,-60.487,0.676,3.679,121.359,125.038,-0.342,27.965,28.307,7.405,552.13,559.536,32.88,-39.436,-38.735,-48.949,2.729,-0.4,28.054,28.454,8.222,626.513,634.735,29.529,-38.771,-38.21,-49.296,3.089,0.185,1.61,0.303,-0.278,-0.297,7063.203,451.815
35,1,35,-0.461,-0.377,-0.365,-0.714,-0.527,0.017,1.863,0.367,-0.275,-0.282,0,1.749,45.4,47.149,-14.054,3.003,17.057,1.831,54.222,56.053,4.367,-47.696,-49.782,-57.437,0.915,-15.892,3,18.892,1.844,54.846,56.69,4.341,-50.525,-51.72,-59.874,0.758,3.635,119.983,123.618,-1.048,28.027,29.075,7.309,541.364,548.673,34.016,-39.025,-38.405,-48.349,2.812,0.555,27.952,27.397,8.322,640.313,648.636,28.203,-39.711,-39.19,-50.343,2.571,0.249,1.408,0.346,-0.27,-0.333,6997.596,441.48
