Header Section,,,,,,,,,,,,,,,,,,,,,,,,,,,,,,,,,,,,,,,,,,,,,,,,,,,,,,,,,,,,,,,,,,,,,,,,,,,,,,,,,,,,,,,,,,,,,,,,,,,
Product,VC7742,,,,,,,,,,,,,,,,,,,,,,,,,,,,,,,,,,,,,,,,,,,,,,,,,,,,,,,,,,,,,,,,,,,,,,,,,,,,,,,,,,,,,,,,,,,,,,,,,,
Test Plan,Rev(G),,,,,,,,,,,,,,,,,,,,,,,,,,,,,,,,,,,,,,,,,,,,,,,,,,,,,,,,,,,,,,,,,,,,,,,,,,,,,,,,,,,,,,,,,,,,,,,,,,
Release Date,2019/9/19 0:00,,,,,,,,,,,,,,,,,,,,,,,,,,,,,,,,,,,,,,,,,,,,,,,,,,,,,,,,,,,,,,,,,,,,,,,,,,,,,,,,,,,,,,,,,,,,,,,,,,
Comment,#36-60/,,,,,,,,,,,,,,,,,,,,,,,,,,,,,,,,,,,,,,,,,,,,,,,,,,,,,,,,,,,,,,,,,,,,,,,,,,,,,,,,,,,,,,,,,,,,,,,,,,
,,,,,,,,,,,,,,,,,,,,,,,,,,,,,,,,,,,,,,,,,,,,,,,,,,,,,,,,,,,,,,,,,,,,,,,,,,,,,,,,,,,,,,,,,,,,,,,,,,,
Data Section,,,,,,,,,,,,,,,,,,,,,,,,,,,,,,,,,,,,,,,,,,,,,,,,,,,,,,,,,,,,,,,,,,,,,,,,,,,,,,,,,,,,,,,,,,,,,,,,,,,
Device#,1,2,3,4,5,6,7,8,9,10,11,12,13,14,15,16,17,18,19,20,21,22,23,24,25,26,27,28,29,30,31,32,33,34,35,36,37,38,39,40,41,42,43,44,45,46,47,48,49,50,51,52,53,54,55,56,57,58,59,60,61,62,63,64,65,66,67,68,69,70,71,72,73,74,75,76,77,78,79,80,81,82,83,84,85,86,87,88,89,90,91,92,93,94,95,96,97,98,99
Test Item,Site No,Device ID,OS_VBAT,OS_VCC1,OS_VCC2,OS_VIO,OS_CLK,OS_DATA,Leakage1 Vbat_uA,Leakage1 Vcc_uA,Leakage1_VIO_uA,Leakage1_CLK_uA,Leakage1_DATA_uA,Mipi_Function,Idle_L_Vbat,Idle_L_Vcc,Idle_L_Total,Pin_L_B42_3400,Pout_L_B42_3400,Gain_L_B42_3400,Icc_L_Vbat_B42_3400,Icc_L_Vcc_B42_3400,Icc_L_Total_B42_3400,PAE_L_Total_B42_3400,EUTRA_ACP_B42_3400,UTRA_ACP_L_L_B42_3400,UTRA_ALT_L_L_B42_3400,EVM_L_B42_3400,Pin_L_B42_3570,Pout_L_B42_3570,Gain_L_B42_3570,Icc_L_Vbat_B42_3570,Icc_L_VccB42_3570,Icc_L_Total_B42_3570,PAE_L_Total_B42_3570,EUTRA_ACP_B42_3570,UTRA_ACP_L_L_B42_3570,UTRA_ALT_L_L_B42_3570,EVM_L_B42_3570,Pin_L_B43_3800,Pout_L_B43_3800,Gain_L_B43_3800,Icc_L_Vbat_B43_3800,Icc_L_Vcc_B43_3800,Icc_L_Total_B43_3800,PAE_L_Total_B43_3800,EUTRA_ACP_B43_3800,UTRA_ACP_L_L_B43_3800,UTRA_ALT_L_L_B43_3800,EVM_L_B43_3800,Idle_H_Vbat,Idle_H_Vcc,Idle_H_Total,Pin_H_B42_3400,Pout_H_B42_3400,Gain_H_B42_3400,Icc_H_Vbat_B42_3400,Icc_H_Vcc_B42_3400,Icc_H_Total_B42_3400,PAE_H_Total_B42_3400,EUTRA_ACP_B42_3400,UTRA_ACP_L_H_B42_3400,UTRA_ALT_L_H_B42_3400,EVM_H_B42_3400,2fo_H_B42_3400,3fo_H_B42_3400,Pin_H_B42_3570,Pout_H_B42_3570,Gain_H_B42_3570,Icc_H_Vbat_B42_3570,Icc_H_Vcc_B42_3570,Icc_H_Total_B42_3570,PAE_H_Total_B42_3570,EUTRA_ACP_B42_3570,UTRA_ACP_L_H_B42_3570,UTRA_ALT_L_H_B42_3570,EVM_H_B42_3570,2fo_H_B42_3570,3fo_H_B42_3570,Pin_H_B43_3800,Pout_H_B43_3800,Gain_H_B43_3800,Icc_H_Vbat_B43_3800,Icc_H_Vcc_B43_3800,Icc_H_Total_B43_3800,PAE_H_Total_B43_3800,EUTRA_ACP_B43_3800,UTRA_ACP_L_H_B43_3800,UTRA_ALT_L_H_B43_3800,EVM_H_B43_3800,2fo_H_B43_3800,3fo_H_B43_3800,Leakage2 Vbat_uA,Leakage2 Vcc_uA,Leakage2_VIO_uA,Leakage2_CLK_uA,Leakage2_DATA_uA,TestTime,IndexTime
Low Tolerance,,,0.1,0.25,0.25,0.1,0.1,0.1,0.9,3,0.9,0.9,0.9,-1,1,10,10,0.3,0.1,0.3,1,25,25,9,2,2,2,0.5,0.3,0.1,0.3,1,25,25,9,2,2,2,0.5,0.3,0.1,0.3,1,25,25,9,2,2,2,0.5,1.5,3,3,0.3,0.1,0.3,1,30,30,9,2,2,2,0.5,2,2,0.3,0.1,0.3,1,30,30,9,2,2,2,0.5,2,2,0.3,0.1,0.3,1,30,30,9,2,2,2,0.5,2,2,0.9,3,0.9,0.9,0.9,0,0
High Tolerance,,,0.1,0.25,0.25,0.1,0.1,0.1,0.9,0.9,0.9,0.9,0.9,1,1,10,10,0.3,0.1,0.3,1,25,25,9,2,2,2,0.5,0.3,0.1,0.3,1,25,25,9,2,2,2,0.5,0.3,0.1,0.3,1,25,25,9,2,2,2,0.5,2.5,3,3,0.3,0.1,0.3,1,30,30,9,2,2,2,0.5,2,2,0.3,0.1,0.3,1,30,30,9,2,2,2,0.5,2,2,0.3,0.1,0.3,1,30,30,9,2,2,2,0.5,2,2,0.9,2.5,0.9,0.9,0.9,0,0
Enable,,,1,1,1,1,1,1,1,1,1,1,1,0,1,1,1,1,0,1,1,1,1,1,1,1,1,1,1,0,1,1,1,1,1,1,1,1,1,1,0,1,1,1,1,1,1,1,1,1,1,1,1,1,0,1,1,1,1,1,1,1,1,1,1,1,1,0,1,1,1,1,1,1,1,1,1,1,1,1,0,1,1,1,1,1,1,1,1,1,1,1,1,1,1,1,1,0,0
36,1,36,-0.46,-1.113,-1.113,-0.36,-0.71,-0.53,0.63,4.99,-0.01,-0.27,-0.27,0,2.05,53.14,55.2,-11.62,8.04,19.65,2.21,74.43,76.65,10.2,-47.62,-47.19,-60.12,1.13,-13.75,7.97,21.72,2.21,74.26,76.47,10.16,-51.17,-53.04,-60.19,0.73,-14.49,7.98,22.47,2.24,77.1,79.34,9.83,-49.19,-49.68,-58.11,0.8,3.81,117.34,121.15,-0.92,27.98,28.9,6.83,519.16,525.99,35.07,-41.18,-41.61,-49.82,2,-42.08,-70.11,-1.35,28.01,29.36,7.01,512.12,519.12,35.82,-41.26,-41.52,-50.54,1.89,-39.34,-61.37,-0.92,28.06,28.98,7.74,585.75,593.49,31.66,-40.6,-40.13,-50.66,2.18,-36.22,-48.27,0.24,1.42,0.02,-0.24,-0.25,0.56,49.61
37,1,37,-0.46,-1.113,-1.113,-0.36,-0.71,-0.53,0.63,5.05,0.08,-0.3,-0.29,0,1.94,48.52,50.46,-11.18,7.99,19.17,2.12,71.8,73.93,10.45,-45.99,-44.73,-60.68,1.37,-13.27,8.01,21.28,2.13,72.28,74.41,10.52,-49.14,-48.26,-60.52,1.15,-14.03,8.02,22.05,2.15,75.65,77.8,10.1,-49.2,-48.98,-57.96,1.03,3.59,106.98,110.57,-0.86,27.99,28.85,6.75,517.91,524.65,35.21,-41.11,-41.81,-49.73,1.81,-40.84,-69.46,-1.35,27.98,29.33,6.95,514.02,520.97,35.43,-40.91,-41,-50.23,1.79,-38.39,-59.84,-0.88,28.01,28.89,7.74,597.1,604.85,30.69,-40.3,-40.2,-50.2,2.08,-36,-45.51,0.35,1.38,0,-0.28,-0.28,0.55,5.24
38,1,38,-0.46,-1.113,-1.113,-0.36,-0.71,-0.53,0.61,5.07,0.06,-0.28,-0.31,0,2.02,50.91,52.92,-11.47,7.94,19.41,2.18,71.68,73.86,10.33,-47.97,-47.52,-60.32,1.19,-13.58,7.98,21.55,2.18,71.91,74.09,10.49,-51.5,-53.37,-59.98,0.76,-14.22,8.01,22.22,2.21,74.76,76.97,10.18,-47.68,-47.58,-57.1,0.92,3.65,107.84,111.49,-0.96,27.93,28.89,6.66,498.88,505.54,36.07,-40.86,-41.42,-49.57,1.91,-40.88,-74.75,-1.35,28.05,29.4,6.89,498.8,505.69,37.11,-40.56,-40.37,-50.09,1.93,-38.27,-62.35,-0.96,28.03,28.99,7.61,567.74,575.34,32.41,-39.92,-39.64,-50,2.08,-35.57,-48.24,0.26,1.18,0.03,-0.28,-0.28,0.55,5.36
39,1,39,-0.46,-1.113,-1.113,-0.36,-0.71,-0.53,0.63,5.25,-0.03,-0.27,-0.28,0,1.9,48.83,50.73,-11.47,7.96,19.43,2.06,70.46,72.52,10.58,-46.79,-45.74,-60.71,1.4,-13.44,7.97,21.41,2.07,70.89,72.96,10.63,-49.99,-49.79,-60,1.1,-13.49,8.02,21.5,2.1,74.47,76.56,10.25,-48.96,-49.11,-57.69,0.91,3.6,111.28,114.88,-1.04,28.03,29.07,6.52,508.34,514.86,36.25,-41.09,-41.53,-49.73,2.08,-40.4,-71.97,-1.57,28,29.57,6.73,503.42,510.15,36.3,-41.24,-41.46,-50.7,1.84,-38.1,-60.42,-0.9,27.96,28.86,7.52,585.63,593.15,30.93,-40.26,-39.94,-50.32,2.23,-36.02,-47.26,0.42,1.61,-0.07,-0.28,-0.27,0.55,6.05
40,1,40,-0.46,-1.113,-1.113,-0.36,-0.71,-0.53,0.59,5.17,0.03,-0.3,-0.29,0,1.91,47.1,49.01,-10.05,7.99,18.04,2.1,71.39,73.49,10.44,-44.9,-43.35,-60.76,1.59,-11.91,8.07,19.98,2.1,71.6,73.7,10.74,-47.56,-45.93,-61.02,1.4,-13.66,8,21.66,2.12,74.01,76.13,10.28,-47.38,-45.99,-58.59,1.29,3.53,102.9,106.43,-0.37,27.96,28.33,6.77,520.74,527.51,34.82,-41.22,-41.78,-49.79,1.75,-41.43,-71.36,-0.64,27.98,28.62,6.94,511.77,518.71,35.55,-41.11,-40.93,-50.69,1.76,-38.68,-61.05,-0.72,27.98,28.69,7.64,578.1,585.74,31.46,-40.48,-40.25,-50.75,1.88,-35.82,-46.86,0.55,1.53,0.03,-0.28,-0.29,0.57,6.05
41,1,41,-0.46,-1.113,-1.113,-0.36,-0.71,-0.53,0.6,5.3,-0.01,-0.31,-0.3,0,1.97,50.52,52.49,-11.6,7.95,19.55,2.11,71.01,73.13,10.47,-48.63,-48.44,-60.67,1.02,-13.56,7.97,21.54,2.13,71.51,73.64,10.55,-51.33,-52.85,-60.21,0.86,-13.62,8,21.61,2.15,75.06,77.21,10.11,-47.47,-47.34,-57.01,0.91,3.66,112.28,115.94,-0.97,27.97,28.94,6.55,498.68,505.23,36.44,-41.29,-41.81,-50.06,1.91,-40.1,-70.83,-1.24,28.05,29.29,6.82,501.54,508.36,36.87,-41.21,-41.14,-51.04,1.93,-37.8,-58.94,-0.85,27.95,28.81,7.63,583.72,591.35,31,-40.12,-39.64,-50.31,2.29,-36.04,-45.87,0.51,1.56,0.03,-0.24,-0.29,0.56,5.33
42,1,42,-0.46,-1.113,-1.113,-0.36,-0.71,-0.53,0.59,5.35,0.04,-0.29,-0.27,0,2.03,52.33,54.36,-12.39,7.96,20.34,2.19,73.07,75.27,10.22,-48.96,-49.13,-60.55,0.92,-14.3,7.93,22.23,2.2,73.68,75.88,10.14,-51.28,-53.88,-59.49,0.76,-14.09,8.01,22.1,2.23,77.9,80.13,9.79,-47.95,-48.31,-56.85,0.81,3.72,113.37,117.08,-1.23,27.97,29.2,6.65,506.22,512.86,35.91,-41.17,-41.73,-49.87,1.84,-39.76,-71.65,-1.56,27.99,29.55,6.94,510.37,517.31,35.78,-41.12,-41.19,-50.71,1.79,-37.65,-59.42,-0.71,27.95,28.66,7.84,601.22,609.06,30.08,-40.33,-39.92,-50.52,2.19,-35.82,-45.3,0.29,1.38,0.21,-0.26,-0.27,0.57,6.24
43,1,43,-0.46,-1.113,-1.113,-0.36,-0.71,-0.53,0.6,5.48,0.03,-0.28,-0.31,0,2.03,51.14,53.17,-12.7,7.95,20.65,2.19,72.16,74.35,10.34,-48.48,-48.22,-60.49,1.06,-14.79,7.92,22.7,2.19,72.61,74.8,10.27,-50.17,-50.8,-59.54,1.02,-14.27,7.98,22.25,2.22,76.6,78.83,9.88,-48.62,-49.36,-56.93,0.79,3.77,115.1,118.87,-1.24,27.98,29.22,6.65,501.64,508.29,36.27,-41.64,-42.39,-50.35,1.81,-38.56,-73.47,-1.69,28,29.69,6.92,504.47,511.39,36.21,-41.78,-42.21,-51.36,1.77,-36.73,-59.51,-0.91,28.02,28.93,7.86,601.81,609.67,30.54,-40.01,-39.48,-50.18,2.43,-35.3,-46.31,0.46,1.47,0.05,-0.24,-0.29,0.57,7.18
44,1,44,-0.46,-1.113,-1.113,-0.36,-0.71,-0.53,0.62,5.24,0.12,-0.28,-0.3,0,2.01,50.2,52.21,-11.7,8.01,19.71,2.19,71.5,73.68,10.54,-47.67,-47.21,-60.15,1.05,-13.83,8.01,21.84,2.19,71.3,73.49,10.66,-51.43,-53.41,-60.07,0.85,-14.28,8,22.28,2.21,73.8,76.01,10.31,-47.91,-47.88,-57.29,0.9,3.68,107.51,111.19,-1.04,28,29.04,6.76,500.62,507.37,36.51,-40.84,-41.28,-49.54,2.02,-40.57,-77.03,-1.45,28.04,29.49,6.94,493.4,500.34,37.38,-40.66,-40.65,-49.95,1.93,-38,-63.3,-0.84,28.02,28.86,7.63,559.82,567.45,32.79,-40.1,-39.74,-50.31,2.16,-35.19,-49.19,0.41,1.61,-0.02,-0.31,-0.28,0.55,11.82
45,1,45,-0.46,-1.113,-1.113,-0.36,-0.71,-0.53,0.63,5.35,0.01,-0.27,-0.28,0,1.97,49.6,51.58,-10.77,8.06,18.83,2.15,71.9,74.05,10.58,-47.32,-46.55,-60.22,1.14,-12.8,8.05,20.85,2.15,71.93,74.09,10.65,-51.24,-52.38,-60.57,0.84,-13.48,7.99,21.48,2.18,74.7,76.88,10.15,-47.77,-47.61,-57.09,0.94,3.64,106.05,109.69,-0.62,27.96,28.58,6.84,509.25,516.09,35.6,-40.92,-41.32,-49.68,1.84,-40.47,-76.03,-0.98,27.98,28.96,7.08,504.42,511.49,36.1,-40.45,-40.16,-50.19,1.85,-37.82,-63.1,-0.53,27.98,28.51,7.85,577.68,585.53,31.5,-40.02,-39.61,-50.19,2.04,-34.82,-48.08,0.51,1.23,-0.05,-0.25,-0.29,0.55,66.05
46,1,46,-0.46,-1.113,-1.113,-0.36,-0.71,-0.53,0.63,4.94,0.08,-0.29,-0.32,0,1.97,51.79,53.75,-10.85,8.06,18.91,2.13,74.32,76.45,10.26,-47.27,-46.48,-60.46,1.14,-12.95,8.03,20.99,2.14,74.12,76.25,10.32,-51.03,-51.91,-60.21,0.84,-14.13,8,22.13,2.16,76.83,78.99,9.91,-48.56,-48.57,-57.71,0.92,3.66,114.43,118.09,-0.7,27.99,28.69,6.72,528.46,535.17,34.55,-41.27,-41.89,-49.95,1.89,-41.95,-68.42,-1.08,27.97,29.06,6.91,517.96,524.87,35.09,-41,-41.26,-50.32,1.79,-39.27,-60.08,-0.71,27.93,28.64,7.59,586.23,593.82,30.68,-40.77,-40.7,-50.62,1.97,-36.31,-46.83,0.37,1.25,0.07,-0.27,-0.29,0.55,5.39
47,1,47,-0.46,-1.113,-1.113,-0.36,-0.71,-0.53,0.62,4.84,0.08,-0.29,-0.32,0,2,49.94,51.94,-11.27,7.98,19.25,2.17,71.9,74.06,10.4,-47.31,-46.63,-60.33,1.2,-13.39,7.98,21.37,2.18,71.83,74.01,10.52,-51.04,-52.18,-59.86,0.9,-14.18,8,22.17,2.2,74.8,77,10.16,-48.26,-48.29,-57.41,0.89,3.65,106.91,110.56,-0.79,27.96,28.74,6.78,508.12,514.9,35.64,-40.8,-41.39,-49.47,1.88,-41.28,-73.38,-1.24,27.95,29.19,7,499.9,506.9,36.18,-40.47,-40.32,-50.03,1.9,-38.62,-62.52,-0.75,27.94,28.68,7.74,568.56,576.3,31.71,-40.23,-39.97,-50.36,2.06,-35.62,-48.29,0.52,1.31,0.04,-0.27,-0.24,0.53,5.09
48,1,48,-0.46,-1.113,-1.113,-0.36,-0.71,-0.53,0.59,5.11,0.03,-0.29,-0.3,0,2.03,52.47,54.49,-11.97,7.99,19.96,2.19,73.62,75.81,10.21,-48.12,-47.87,-60.17,0.99,-13.92,7.97,21.89,2.2,74.03,76.23,10.19,-51.46,-54.04,-59.95,0.73,-13.95,7.97,21.92,2.22,77.31,79.53,9.77,-48.27,-48.57,-57.43,0.83,3.76,115.4,119.16,-1.06,27.99,29.05,6.81,517.95,524.76,35.24,-41.15,-41.64,-49.78,1.96,-40.76,-71.13,-1.47,28.06,29.53,7.15,521.79,528.94,35.54,-41.16,-41.22,-50.59,1.93,-38.25,-60.43,-0.62,27.96,28.58,7.99,601.47,609.47,30.11,-40.42,-39.81,-50.64,2.29,-35.8,-46.85,0.27,1.39,0.21,-0.23,-0.28,0.55,5.66
49,1,49,-0.46,-1.113,-1.113,-0.36,-0.71,-0.53,0.6,5.17,0.05,-0.3,-0.29,0,2,52.49,54.48,-11.12,8.01,19.13,2.16,74.67,76.83,10.1,-47.27,-46.62,-60.26,1.1,-13.27,8.01,21.27,2.17,74.87,77.04,10.15,-50.76,-51.81,-60.08,0.79,-14.42,7.99,22.41,2.19,77.77,79.96,9.77,-49.14,-49.61,-57.52,0.85,3.73,117.76,121.49,-0.8,27.96,28.76,6.78,529.05,535.83,34.24,-41.19,-41.82,-49.96,1.96,-42.21,-69.03,-1.16,28,29.16,7.03,524.62,531.65,34.84,-41.21,-41.53,-50.46,1.81,-39.47,-60.87,-0.71,28,28.71,7.78,598.3,606.08,30.56,-40.88,-40.69,-50.74,2.09,-36.32,-48.15,0.42,1.46,0.04,-0.27,-0.26,0.54,4.88
50,1,50,-0.46,-1.113,-1.113,-0.36,-0.71,-0.53,0.58,5.13,0.06,-0.3,-0.33,0,2.02,52.12,54.14,-11.02,8.03,19.05,2.18,73.78,75.96,10.24,-47.25,-46.61,-60.29,1.1,-13.19,8.02,21.21,2.19,73.65,75.84,10.35,-50.97,-52.23,-60.38,0.77,-14.34,7.99,22.33,2.21,76.16,78.36,9.96,-49.16,-49.63,-57.78,0.82,3.7,113,116.7,-0.68,27.98,28.67,6.7,518.7,525.4,35.11,-40.97,-41.44,-49.63,1.96,-42.43,-66.79,-1.07,28,29.07,6.86,508.28,515.14,35.95,-40.89,-40.89,-50.33,1.85,-39.77,-59.94,-0.71,27.99,28.7,7.5,574.12,581.62,31.76,-40.4,-40.14,-50.53,2.06,-36.63,-46.59,0.44,1.23,-0.08,-0.26,-0.3,0.55,5.72
51,1,51,-0.46,-1.113,-1.113,-0.36,-0.71,-0.53,0.58,5.26,-0.03,-0.28,-0.29,0,1.96,49.15,51.11,-10.98,8.03,19.01,2.13,71.03,73.16,10.64,-46.62,-45.69,-60.44,1.22,-13,8.03,21.03,2.14,71.03,73.17,10.74,-50.55,-50.95,-60.27,0.86,-13.83,7.98,21.81,2.16,73.51,75.67,10.3,-49.16,-49.44,-58.09,0.85,3.62,106.55,110.17,-0.86,28.03,28.9,6.76,507.16,513.92,36.33,-40.49,-40.77,-49.17,2.14,-41.83,-71.03,-1.21,28.03,29.24,6.93,499.31,506.24,36.88,-40.38,-40.13,-49.97,2.02,-39.14,-62.58,-0.71,27.93,28.64,7.57,557.54,565.11,32.25,-40.06,-39.77,-50.28,2.02,-35.92,-48.48,0.21,1.58,0.05,-0.29,-0.31,0.54,6.36
52,1,52,-0.46,-1.113,-1.113,-0.36,-0.71,-0.53,0.58,4.85,0.09,-0.31,-0.31,0,2.02,51.61,53.63,-11.97,7.95,19.92,2.19,73.15,75.34,10.19,-47.94,-47.53,-60.27,1.08,-13.99,7.95,21.94,2.2,73.42,75.62,10.22,-51.03,-52.2,-60.02,0.89,-14.08,8.07,22.15,2.23,77.3,79.53,10,-48.43,-48.77,-57.2,0.9,3.77,114.84,118.61,-1.18,27.98,29.16,6.81,513.7,520.51,35.41,-41.39,-42.03,-49.93,1.84,-39.95,-71.64,-1.65,28,29.64,7.09,512.36,519.45,35.66,-41.42,-41.63,-51.05,1.8,-37.66,-60.34,-0.71,27.97,28.68,7.93,593.47,601.41,30.59,-40.54,-39.96,-51.02,2.27,-35.32,-46.69,0.35,1.08,0.1,-0.26,-0.27,0.54,5.89
53,1,53,-0.46,-1.113,-1.113,-0.36,-0.71,-0.53,0.63,5.3,0.14,-0.29,-0.29,0,2,51.42,53.42,-10.9,8.05,18.94,2.16,72.92,75.08,10.4,-48.55,-48.24,-60.62,1,-12.95,8.03,20.98,2.17,73.06,75.23,10.46,-51.69,-53.52,-60.08,0.79,-13.74,8,21.73,2.19,76.14,78.33,9.97,-47.04,-46.77,-56.65,0.99,3.68,111,114.68,-0.6,27.99,28.59,6.73,511.86,518.58,35.66,-41.23,-41.64,-50,1.86,-40.28,-70.43,-1.02,27.99,29.02,6.93,507.63,514.55,35.96,-40.97,-40.77,-50.8,1.82,-37.82,-59.88,-0.71,27.97,28.68,7.68,586.14,593.83,30.98,-40.19,-39.78,-50.5,2.13,-35.4,-46.21,0.38,1.41,0.06,-0.29,-0.33,0.54,5.36
54,1,54,-0.46,-1.113,-1.113,-0.36,-0.71,-0.53,0.61,5.09,0.01,-0.29,-0.3,0,2,50,52,-11.02,8.03,19.05,2.17,72.56,74.73,10.42,-46.44,-45.34,-60.62,1.28,-13.1,8.01,21.11,2.18,72.44,74.62,10.48,-50,-49.47,-60.93,1.03,-14.03,8.03,22.06,2.2,75.3,77.51,10.16,-49.21,-49.17,-58.11,0.99,3.72,111.81,115.53,-0.8,27.93,28.73,6.76,510.41,517.17,35.22,-41.33,-42.05,-49.96,1.9,-41.29,-69.72,-1.06,28,29.06,7.02,507.16,514.18,36.05,-41.31,-41.55,-50.59,1.82,-38.6,-60.52,-0.64,27.96,28.59,7.75,575.77,583.51,31.44,-40.8,-40.36,-51.22,2.09,-35.73,-47.18,0.24,1.49,0.11,-0.29,-0.26,0.54,5.71
55,1,55,-0.46,-1.113,-1.113,-0.36,-0.71,-0.53,0.6,4.84,0.06,-0.28,-0.3,0,2.07,52.63,54.7,-11.97,7.96,19.93,2.23,73.83,76.06,10.11,-47.96,-47.59,-60.37,1.03,-14.14,7.95,22.08,2.23,73.96,76.19,10.14,-51.19,-53.13,-59.93,0.76,-14.49,7.98,22.47,2.26,77.17,79.42,9.82,-48.77,-49.17,-57.47,0.81,3.81,116.8,120.61,-1.09,27.98,29.07,6.83,514.86,521.7,35.32,-41.17,-41.76,-49.82,1.93,-41.12,-70.17,-1.64,28.01,29.65,7.03,511.08,518.1,35.84,-41.19,-41.41,-50.51,1.85,-38.61,-60.59,-0.9,27.99,28.89,7.79,586.98,594.77,31.12,-40.68,-40.28,-50.82,2.13,-35.75,-47.25,0.37,1.45,0.07,-0.28,-0.28,0.55,4.97
56,1,56,-0.46,-1.113,-1.113,-0.36,-0.71,-0.53,0.61,5.06,0,-0.29,-0.3,0,1.94,49.95,51.89,-11.04,8.03,19.07,2.1,71.55,73.65,10.57,-47.3,-46.44,-60.96,1.18,-13.21,8.01,21.22,2.11,71.25,73.36,10.68,-51.11,-51.9,-60.57,0.87,-13.89,8,21.89,2.12,73.85,75.97,10.3,-48.57,-48.64,-57.61,0.89,3.6,110.42,114.02,-0.81,27.94,28.76,6.51,503.06,509.57,35.89,-41.01,-41.72,-49.49,1.93,-41.13,-70.66,-1.15,27.99,29.14,6.71,496.26,502.96,36.79,-41.02,-41.12,-50.42,1.86,-38.56,-60.71,-0.66,27.96,28.62,7.41,564.87,572.28,32.1,-40.32,-40,-50.48,2.09,-35.82,-47.28,0.44,1.56,0.04,-0.3,-0.27,0.54,5.08
57,1,57,-0.46,-1.113,-1.113,-0.36,-0.71,-0.53,0.6,5.07,0.03,-0.27,-0.28,0,1.95,49.36,51.31,-10.91,8.04,18.94,2.12,71.66,73.78,10.56,-46.92,-45.89,-60.65,1.25,-12.93,8.03,20.95,2.12,71.83,73.95,10.62,-50.34,-50.24,-60.41,0.99,-13.72,8.01,21.73,2.15,74.94,77.08,10.17,-48.55,-48.43,-57.51,0.95,3.6,108.01,111.61,-0.88,27.98,28.86,6.6,509.09,515.69,35.76,-41.01,-41.53,-49.76,1.96,-41.02,-71.14,-1.27,27.93,29.21,6.79,500.42,507.21,36,-40.82,-40.71,-50.32,1.88,-38.47,-61.03,-0.64,27.95,28.59,7.55,579.6,587.15,31.24,-40.26,-40.11,-50.17,1.99,-35.74,-47.24,0.33,1.54,0.09,-0.29,-0.32,0.55,4.75
58,1,58,-0.46,-1.113,-1.113,-0.36,-0.71,-0.53,0.61,5.08,0.06,-0.26,-0.3,0,1.96,50.41,52.37,-10.64,8.06,18.7,2.13,72.9,75.03,10.43,-47.01,-46.09,-60.59,1.21,-12.89,8.02,20.91,2.13,72.44,74.56,10.51,-50.79,-50.99,-60.66,0.92,-14.19,8,22.19,2.15,74.91,77.06,10.15,-48.14,-47.89,-57.51,0.99,3.61,110.02,113.63,-0.68,27.96,28.65,6.67,516.92,523.59,35.07,-41.28,-41.85,-50.01,1.84,-41.46,-70.92,-1.08,27.98,29.06,6.87,506.25,513.12,35.93,-41.06,-41.11,-50.72,1.82,-38.73,-61.18,-0.7,28,28.7,7.55,572.83,580.38,31.92,-40.41,-40.16,-50.51,2.09,-35.79,-47.71,0.21,1.45,0.06,-0.29,-0.3,0.54,5.22
59,1,59,-0.46,-1.113,-1.113,-0.36,-0.71,-0.53,0.62,4.76,0.05,-0.3,-0.3,0,1.97,49.11,51.08,-11.41,7.95,19.36,2.13,71.02,73.15,10.45,-47.52,-46.77,-60.63,1.16,-13.39,7.99,21.38,2.14,71.74,73.88,10.56,-50.54,-50.84,-60.03,0.99,-13.76,8.01,21.77,2.17,75.32,77.48,10.12,-47.87,-47.86,-56.89,0.95,3.6,106.12,109.72,-0.91,28.01,28.92,6.71,508.41,515.12,36.07,-41.04,-41.44,-49.74,1.88,-39.63,-74.79,-1.22,28.08,29.3,7.04,512.6,519.63,36.3,-40.9,-40.57,-50.73,1.98,-37.2,-60.82,-0.52,27.96,28.48,7.9,591.81,599.72,30.59,-40.02,-39.6,-50.16,2.19,-35.03,-47.04,0.27,1.2,0.08,-0.27,-0.29,0.55,5.58
60,1,60,-0.46,-1.113,-1.113,-0.36,-0.71,-0.53,0.59,5.28,0.02,-0.3,-0.31,0,1.96,50.57,52.54,-12.45,7.96,20.41,2.12,71.9,74.02,10.41,-48.67,-48.5,-60.52,1.03,-14.36,7.94,22.3,2.13,72.59,74.72,10.32,-50.54,-51.35,-59.56,0.97,-13.77,8,21.76,2.16,76.92,79.09,9.88,-48.6,-49.47,-56.73,0.73,3.67,113.77,117.44,-1.22,27.99,29.21,6.6,505.51,512.11,36.1,-41.4,-42,-50.02,1.87,-38.69,-71.63,-1.74,28.03,29.77,6.89,512.36,519.25,35.95,-41.46,-41.6,-51.27,1.83,-36.89,-59.01,-0.7,28.05,28.75,7.88,616.97,624.85,30.02,-39.73,-39.06,-49.79,2.52,-35.45,-46,0.27,1.55,0.01,-0.27,-0.28,0.55,5.7
61,1,61,-0.46,-1.113,-1.113,-0.36,-0.71,-0.53,0.6,5.2,-0.05,-0.3,-0.29,0,1.95,50.11,52.06,-12.28,7.96,20.24,2.1,70.53,72.64,10.6,-48.29,-47.9,-60.45,1.08,-14.28,7.96,22.24,2.11,70.79,72.9,10.63,-50.72,-51.57,-60.15,0.95,-13.9,8.05,21.95,2.14,74.48,76.62,10.33,-48.29,-48.66,-57.24,0.87,3.64,112.95,116.59,-1.28,27.99,29.27,6.48,492.44,498.93,37.03,-41.21,-41.82,-49.77,1.97,-39.26,-72.25,-1.68,28,29.68,6.74,491.26,498,37.25,-41.47,-41.73,-50.86,1.86,-37.26,-60.05,-0.66,28.01,28.67,7.61,578.99,586.6,31.66,-40.11,-39.51,-50.21,2.43,-35.37,-46.76,0.28,1.87,0.01,-0.26,-0.31,0.54,5.42
62,1,62,-0.46,-1.113,-1.113,-0.36,-0.71,-0.53,0.62,5.05,0.05,-0.27,-0.29,0,1.99,51.4,53.39,-11.99,7.99,19.98,2.15,72.87,75.02,10.31,-49.71,-50.19,-60.31,0.93,-13.74,8.02,21.76,2.17,74.22,76.39,10.28,-50.33,-50.9,-59.41,1.02,-13.58,7.99,21.58,2.2,78.88,81.08,9.62,-47.44,-47.99,-55.95,0.8,3.7,113.66,117.35,-1.04,27.93,28.97,6.6,508.23,514.83,35.43,-41.63,-42.13,-50.53,1.83,-38.42,-69.77,-1.45,27.94,29.39,6.94,517.69,524.63,34.85,-41.42,-41.51,-51.28,1.77,-36.83,-57.47,-0.44,27.94,28.38,8.02,630.84,638.86,28.63,-39.96,-39.44,-50.04,2.35,-35.73,-44.08,0.42,1.35,-0.02,-0.26,-0.3,0.54,6.2
63,1,63,-0.46,-1.113,-1.113,-0.36,-0.71,-0.53,0.6,4.8,0.13,-0.27,-0.3,0,1.89,47.89,49.78,-9.75,8,17.75,2.07,72.15,74.22,10.34,-45.47,-44.03,-60.86,1.52,-11.56,8.03,19.6,2.08,72.47,74.55,10.51,-48.69,-47.24,-60.81,1.26,-13.18,8.02,21.2,2.1,75.61,77.72,10.1,-47.46,-46.42,-57.73,1.22,3.5,104.89,108.39,-0.4,27.96,28.36,6.69,529.31,536,34.25,-41.14,-41.65,-49.87,1.79,-41.17,-70.53,-0.63,28,28.63,6.91,526.23,533.15,34.76,-40.86,-40.59,-50.78,1.8,-38.44,-60.58,-0.29,27.96,28.25,7.65,599.86,607.51,30.22,-40.51,-40.44,-50.54,1.88,-35.57,-46.33,0.44,1.28,0.16,-0.26,-0.26,0.56,7.07
64,1,64,-0.46,-1.113,-1.113,-0.36,-0.71,-0.53,0.6,5.42,-0.02,-0.31,-0.29,0,2.01,52.13,54.14,-12.14,7.97,20.11,2.16,72.4,74.56,10.34,-48.94,-49.03,-60.32,0.92,-14.15,7.94,22.09,2.16,72.53,74.69,10.33,-51.36,-54.06,-59.57,0.77,-13.99,8.01,22,2.2,76.05,78.24,10.02,-47.73,-47.83,-57.24,0.85,3.74,116.81,120.55,-1.19,27.96,29.14,6.6,501.6,508.2,36.12,-41.2,-41.82,-49.79,1.94,-40.07,-71.96,-1.5,28.03,29.53,6.86,502.21,509.07,36.68,-41.27,-41.52,-50.72,1.88,-37.81,-60.74,-0.52,28,28.52,7.67,585.31,592.98,31.25,-40.47,-39.86,-50.82,2.33,-35.61,-47.7,0.36,1.7,-0.02,-0.25,-0.28,0.56,5.57
65,1,65,-0.46,-1.113,-1.113,-0.36,-0.71,-0.53,0.6,5.4,0.04,-0.27,-0.28,0,1.89,46.6,48.49,-10.26,7.97,18.23,2.07,69.17,71.23,10.74,-46.32,-45.03,-60.71,1.41,-12.07,8.03,20.09,2.07,69.55,71.63,10.95,-49.92,-49.19,-60.35,1.12,-12.9,7.99,20.9,2.1,72.47,74.57,10.45,-47.46,-46.95,-57.27,1.07,3.51,100.99,104.49,-0.7,27.98,28.68,6.74,504.26,510.99,36.1,-40.68,-41.03,-49.52,1.89,-40.29,-73.65,-0.91,27.97,28.88,6.92,498.28,505.2,36.44,-40.4,-40,-50.18,1.88,-37.8,-61.41,-0.18,27.98,28.16,7.72,575.02,582.74,31.64,-39.88,-39.46,-50.15,2.06,-35.12,-47.16,0.43,1.59,-0.04,-0.25,-0.29,0.55,5.57
