Header Section,,,,,,,,,,,,,,,,,,,,,,,,,,,,,,,,,,,,,,,,,,,,,,,,,,,,,,,,,,,,,,,,,,,,,,,,,,
Product,VC7742,,,,,,,,,,,,,,,,,,,,,,,,,,,,,,,,,,,,,,,,,,,,,,,,,,,,,,,,,,,,,,,,,,,,,,,,,
Test Plan,Rev(C),,,,,,,,,,,,,,,,,,,,,,,,,,,,,,,,,,,,,,,,,,,,,,,,,,,,,,,,,,,,,,,,,,,,,,,,,
Release Date,2019/2/28 0:00,,,,,,,,,,,,,,,,,,,,,,,,,,,,,,,,,,,,,,,,,,,,,,,,,,,,,,,,,,,,,,,,,,,,,,,,,
Comment,#36-60/,,,,,,,,,,,,,,,,,,,,,,,,,,,,,,,,,,,,,,,,,,,,,,,,,,,,,,,,,,,,,,,,,,,,,,,,,
,,,,,,,,,,,,,,,,,,,,,,,,,,,,,,,,,,,,,,,,,,,,,,,,,,,,,,,,,,,,,,,,,,,,,,,,,,
Data Section,,,,,,,,,,,,,,,,,,,,,,,,,,,,,,,,,,,,,,,,,,,,,,,,,,,,,,,,,,,,,,,,,,,,,,,,,,
Device#,1,2,3,4,5,6,7,8,9,10,11,12,13,14,15,16,17,18,19,20,21,22,23,24,25,26,27,28,29,30,31,32,33,34,35,36,37,38,39,40,41,42,43,44,45,46,47,48,49,50,51,52,53,54,55,56,57,58,59,60,61,62,63,64,65,66,67,68,69,70,71,72,73,74
Test Item,Site No,Device ID,O/S_VBAT,O/S_VCC,O/S_VIO,O/S_CLK,O/S_DATA,Leakage1_Vbat_uA,Leakage1_VCC_uA,Leakage1_VIO_uA,Leakage1_CLK_uA,Leakage1_DATA_uA,Mipi_Function,Idle_L_Vbat,Idle_L_Vcc,Idle_L_Total,Pin_L_B42_3400,Pout_L_B42_3400,Gain_L_B42_3400,Icc_L_Vbat_B42_3400,Icc_L_Vcc_B42_3400,Icc_L_Total_B42_3400,PAE_L_Total_B42_3400,E-UTRA_L_L_ACP_L_B42_3400,UTRA_L_ACP1_L_B42_3400,UTRA_L_ACP2_L_B42_3400,EVM_L_B42_3400,Pin_L_B43_3800,Pout_L_B43_3800,Gain_L_B43_3800,Icc_L_Vbat_B43_3800,Icc_L_Vcc_B43_3800,Icc_L_Total_B43_3800,PAE_L_Total_B43_3800,E-UTRA_L_ACP_L_B43_3800,UTRA_L_ACP1_L_B43_3800,UTRA_L_ACP2_L_B43_3800,EVM_L_B43_3800,Idle_H_Vbat,Idle_H_Vcc,Idle_H_Total,Pin_H_B42_3400,Pout_H_B42_3400,Gain_H_B42_3400,Icc_H_Vbat_B42_3400,Icc_H_Vcc_B42_3400,Icc_H_Total_B42_3400,PAE_H_Total_B42_3400,E-UTRA_H_ACP_L_B42_3400,UTRA_H_ACP1_L_B42_3400,UTRA_H_ACP2_L_B42_3400,EVM_H_B42_3400,2fo_H_B42_3400,3fo_H_B42_3400,Pin_H_B43_3800,Pout_H_B43_3800,Gain_H_B43_3800,Icc_H_Vbat_B43_3800,Icc_H_Vcc_B43_3800,Icc_H_Total_B43_3800,PAE_H_Total_B43_3800,E-UTRA_H_ACP_L_B43_3800,UTRA_H_ACP1_L_B43_3800,UTRA_H_ACP2_L_B43_3800,EVM_H_B43_3800,2fo_H_B43_3800,3fo_H_B43_3800,Leakage2_Vbat_uA,Leakage2_VCC_uA,Leakage2_VIO_uA,Leakage2_CLK_uA,Leakage2_DATA_uA,Test Time ,Index Time 
Low Tolerance,,,0.1,0.1,0.1,0.1,0.1,0.9,0.9,0.9,0.9,0.9,0.1,1,10,10,0.3,0.3,0.3,1,25,25,9,1.5,1.5,1.5,0.5,0.3,0.3,0.3,1,25,25,9,1.5,1.5,1.5,0.5,1,10,10,0.3,0.3,0.3,1,25,25,9,1.5,1.5,1.5,0.5,1.5,1.5,0.3,0.3,0.3,1,25,25,9,1.5,1.5,1.5,0.5,1.5,1.5,0.9,0.9,0.9,0.9,0.9,0,0
High Tolerance,,,0.1,0.1,0.1,0.1,0.1,0.9,0.9,0.9,0.9,0.9,0.1,1,10,10,0.5,0.5,0.5,1,25,25,9,2.5,2.5,2.5,0.6,0.5,0.5,0.5,1,25,25,9,2.5,2.5,2.5,0.6,1,10,10,0.5,0.5,0.5,1,25,25,9,2.5,2.5,2.5,0.6,2.5,2.5,0.5,0.5,0.5,1,25,25,9,2.5,2.5,2.5,0.6,2.5,2.5,0.9,0.9,0.9,0.9,0.9,0,0
Enable,,,1,1,1,1,1,1,1,1,1,1,1,1,1,1,1,1,1,1,1,1,1,1,1,1,1,1,1,1,1,1,1,1,1,1,1,1,1,1,1,1,1,1,1,1,1,1,1,1,1,1,1,1,1,1,1,1,1,1,1,1,1,1,1,1,1,1,1,1,1,1,0,0
36,1,36,-0.453,-0.261,-0.356,-0.707,-0.526,0.681,5.435,0.033,-0.310,-0.395,0,2.056,53.675,55.731,-11.573,8.002,19.575,2.202,72.711,74.912,10.405,-46.869,-46.490,-59.344,1.117,-14.009,8.002,22.011,2.245,78.073,80.318,9.752,-49.911,-50.481,-58.225,0.762,3.812,118.149,121.962,-0.744,28.040,28.783,6.882,559.993,566.875,35.163,-39.561,-39.628,-49.477,2.597,-42.589,-70.307,-0.411,28.061,28.472,7.466,630.553,638.020,33.387,-40.268,-40.027,-50.306,2.334,-36.594,-49.128,0.278,1.813,0.108,-0.332,-0.373,452.454,46742.487
37,1,37,-0.452,-0.261,-0.355,-0.706,-0.526,0.634,5.345,0.044,-0.337,-0.363,0,1.952,49.019,50.971,-11.036,7.990,19.025,2.112,70.056,72.168,10.751,-45.586,-44.187,-59.707,1.578,-13.588,7.988,21.576,2.164,76.702,78.866,9.893,-49.611,-49.531,-58.029,1.360,3.611,108.001,111.611,-0.705,27.948,28.652,6.739,551.608,558.347,34.987,-39.914,-40.646,-49.312,2.274,-41.457,-69.289,-0.372,28.009,28.381,7.487,640.480,647.968,32.421,-40.083,-39.912,-50.222,2.329,-36.184,-46.341,0.204,1.565,-0.211,-0.322,-0.366,450.493,4504.930
38,1,38,-0.452,-0.262,-0.356,-0.706,-0.525,0.668,5.232,0.001,-0.317,-0.393,0,2.020,51.422,53.442,-11.347,8.002,19.349,2.172,70.415,72.588,10.731,-47.185,-46.896,-59.497,1.100,-13.779,8.011,21.790,2.215,75.771,77.986,10.062,-48.552,-48.567,-57.418,0.888,3.667,108.848,112.515,-0.705,28.068,28.773,6.750,545.589,552.339,36.389,-39.428,-39.681,-49.063,2.526,-41.367,-73.288,-0.415,28.034,28.449,7.330,613.529,620.859,34.223,-39.699,-39.265,-50.064,2.293,-35.828,-49.043,0.119,1.593,0.097,-0.295,-0.376,451.630,8447.780
39,1,39,-0.451,-0.262,-0.356,-0.707,-0.524,0.576,5.407,-0.046,-0.354,-0.339,0,1.911,49.244,51.155,-11.231,8.032,19.263,2.055,69.129,71.184,11.015,-46.312,-45.138,-59.679,1.640,-13.044,8.026,21.071,2.108,75.336,77.444,10.154,-49.576,-49.847,-58.062,0.883,3.608,111.809,115.418,-0.857,28.003,28.860,6.552,543.359,549.910,36.015,-39.664,-39.961,-49.406,2.470,-40.961,-71.698,-0.383,28.040,28.423,7.276,634.542,641.817,33.006,-39.802,-39.449,-50.035,2.441,-36.063,-47.896,0.199,0.828,0.012,-0.320,-0.393,454.152,6633.935
40,1,40,-0.451,-0.262,-0.357,-0.709,-0.525,0.656,5.456,0.113,-0.322,-0.356,0,1.912,47.614,49.526,-9.925,7.995,17.920,2.080,69.695,71.775,10.779,-44.661,-42.875,-60.062,1.632,-13.302,8.002,21.304,2.128,74.994,77.122,10.143,-48.012,-46.795,-58.490,1.232,3.538,104.074,107.612,-0.371,27.952,28.323,6.776,556.091,562.867,34.717,-40.116,-40.842,-49.543,2.089,-42.052,-70.610,-0.248,27.991,28.239,7.355,623.240,630.595,33.291,-40.088,-39.770,-50.249,2.106,-36.163,-47.778,0.119,1.691,0.230,-0.300,-0.353,458.459,5770.662
41,1,41,-0.453,-0.262,-0.356,-0.709,-0.526,0.650,5.519,0.070,-0.315,-0.376,0,1.961,50.349,52.310,-11.370,7.996,19.365,2.109,69.073,71.181,10.927,-47.637,-47.446,-59.819,1.130,-13.071,8.007,21.078,2.158,75.590,77.748,10.070,-48.409,-48.390,-57.351,0.874,3.660,111.369,115.029,-0.763,28.010,28.773,6.583,536.243,542.826,36.576,-39.902,-40.198,-49.538,2.387,-40.588,-70.411,-0.346,28.023,28.368,7.313,631.820,639.132,33.027,-39.669,-39.251,-49.872,2.440,-36.042,-46.529,0.162,1.359,-0.031,-0.342,-0.400,450.253,5397.528
42,1,42,-0.454,-0.263,-0.356,-0.708,-0.526,0.650,5.954,0.060,-0.307,-0.400,0,2.036,52.441,54.478,-12.164,7.978,20.142,2.176,71.302,73.478,10.565,-47.711,-48.309,-59.122,1.003,-13.612,8.006,21.618,2.240,78.749,80.989,9.674,-48.648,-49.106,-57.140,0.779,3.723,113.590,117.314,-0.821,28.013,28.833,6.693,544.321,551.014,36.021,-39.975,-40.444,-49.632,2.264,-40.279,-70.908,-0.346,28.043,28.389,7.553,651.058,658.611,32.077,-39.788,-39.366,-49.905,2.433,-35.876,-45.992,0.146,1.713,0.182,-0.285,-0.363,453.568,5672.548
43,1,43,-0.452,-0.263,-0.355,-0.706,-0.526,0.639,5.425,0.017,-0.327,-0.417,0,2.037,51.272,53.309,-12.456,8.005,20.461,2.183,70.497,72.679,10.756,-47.416,-47.496,-59.121,1.156,-13.779,8.010,21.789,2.238,77.503,79.741,9.837,-49.197,-50.067,-57.067,0.785,3.770,115.028,118.798,-0.918,28.016,28.934,6.690,539.537,546.227,36.384,-40.387,-40.952,-49.826,2.258,-39.040,-72.579,-0.677,28.031,28.708,7.558,644.605,652.164,32.351,-39.936,-39.643,-49.918,2.405,-35.375,-47.186,0.124,1.275,0.384,-0.303,-0.351,459.678,5871.299
44,1,44,-0.451,-0.263,-0.356,-0.706,-0.524,0.589,5.305,0.134,-0.356,-0.371,0,2.027,50.457,52.483,-11.573,7.975,19.548,2.174,69.769,71.944,10.765,-46.912,-46.533,-59.548,1.454,-13.812,8.030,21.842,2.220,74.757,76.977,10.239,-48.677,-48.785,-57.447,0.862,3.691,108.162,111.853,-0.814,28.058,28.872,6.834,542.202,549.036,36.536,-39.534,-39.875,-48.790,2.511,-41.088,-76.893,-0.435,27.969,28.404,7.329,602.808,610.137,34.393,-39.860,-39.526,-50.041,2.347,-35.501,-50.050,0.124,1.032,-0.222,-0.320,-0.383,447.447,5712.029
45,1,45,-0.454,-0.263,-0.357,-0.709,-0.527,0.620,5.325,0.049,-0.349,-0.368,0,1.975,49.781,51.756,-10.696,8.069,18.765,2.136,69.921,72.057,10.958,-46.745,-45.980,-59.701,1.218,-13.043,7.992,21.035,2.186,75.438,77.625,10.050,-48.638,-48.630,-57.560,0.899,3.638,106.477,110.116,-0.580,27.973,28.552,6.867,545.101,551.968,35.622,-39.643,-40.128,-49.296,2.218,-40.997,-75.747,-0.171,28.002,28.172,7.522,621.728,629.250,33.452,-39.574,-39.014,-50.091,2.215,-35.284,-48.917,0.252,1.240,-0.366,-0.320,-0.380,455.850,6408.020
46,1,46,-0.453,-0.263,-0.355,-0.707,-0.525,0.643,5.533,-0.004,-0.359,-0.378,0,1.969,52.034,54.002,-10.759,8.055,18.814,2.118,72.358,74.477,10.569,-46.693,-45.916,-59.789,1.217,-13.592,8.024,21.616,2.166,77.645,79.810,9.858,-49.335,-49.440,-57.786,0.868,3.662,114.759,118.421,-0.728,27.920,28.648,6.683,560.087,566.770,34.218,-39.916,-40.598,-49.346,2.296,-42.503,-69.174,-0.364,27.948,28.312,7.261,631.101,638.362,32.510,-40.209,-40.299,-50.171,2.240,-36.824,-47.750,0.199,1.764,0.171,-0.313,-0.408,452.468,13224.581
47,1,47,-0.452,-0.263,-0.356,-0.707,-0.526,0.614,4.923,0.044,-0.325,-0.403,0,2.010,50.081,52.091,-11.199,7.979,19.178,2.160,69.938,72.098,10.741,-46.555,-45.846,-59.378,1.646,-13.658,8.025,21.683,2.211,75.639,77.850,10.110,-48.991,-49.193,-57.247,0.851,3.666,107.175,110.841,-0.728,27.998,28.726,6.803,546.493,553.296,35.743,-39.611,-40.086,-49.104,2.404,-41.770,-73.286,-0.364,28.015,28.379,7.417,617.932,625.349,33.795,-39.761,-39.381,-50.210,2.337,-36.006,-49.095,0.204,1.899,0.246,-0.300,-0.368,446.990,5961.202
48,1,48,-0.453,-0.263,-0.356,-0.708,-0.527,0.618,6.504,0.060,-0.346,-0.393,0,2.024,52.398,54.422,-11.858,8.019,19.877,2.177,71.713,73.890,10.600,-47.080,-46.973,-59.280,1.104,-13.374,8.024,21.398,2.229,78.235,80.464,9.773,-49.289,-49.824,-57.648,0.773,3.766,115.435,119.202,-0.868,28.020,28.888,6.842,554.979,561.821,35.341,-39.782,-40.180,-49.411,2.394,-41.339,-72.122,-0.364,27.997,28.360,7.585,645.190,652.775,32.056,-40.061,-39.787,-50.132,2.404,-36.120,-47.726,0.177,1.677,0.251,-0.293,-0.380,460.368,5199.739
49,1,49,-0.454,-0.263,-0.355,-0.707,-0.527,0.650,5.400,0.065,-0.332,-0.400,0,2.000,52.420,54.419,-10.963,8.056,19.018,2.150,72.687,74.837,10.527,-46.432,-45.622,-59.490,1.206,-13.828,8.018,21.846,2.197,78.476,80.673,9.743,-49.974,-50.493,-58.077,0.818,3.738,117.484,121.223,-0.725,27.934,28.659,6.785,563.208,569.993,34.116,-39.878,-40.419,-49.548,2.365,-42.718,-69.861,-0.364,28.035,28.398,7.455,643.709,651.164,32.426,-40.427,-40.480,-50.224,2.298,-36.874,-48.985,0.300,1.527,0.171,-0.305,-0.326,449.201,4965.408
50,1,50,-0.451,-0.263,-0.355,-0.707,-0.525,0.651,4.977,0.017,-0.369,-0.402,0,2.027,52.409,54.436,-10.938,8.030,18.968,2.176,71.995,74.171,10.556,-46.619,-45.916,-59.518,1.171,-13.813,8.026,21.838,2.216,77.148,79.364,9.921,-49.990,-50.624,-58.144,0.791,3.709,113.483,117.191,-0.719,27.945,28.664,6.714,552.085,558.799,34.936,-39.661,-40.129,-49.054,2.427,-42.960,-67.256,-0.364,27.976,28.340,7.225,617.665,624.890,33.519,-39.976,-39.747,-50.136,2.293,-37.225,-47.727,0.337,1.758,0.368,-0.320,-0.405,451.438,7326.717
51,1,51,-0.452,-0.264,-0.357,-0.707,-0.526,0.641,4.982,0.086,-0.324,-0.368,0,1.968,49.191,51.158,-10.839,8.022,18.861,2.124,68.998,71.123,10.986,-46.001,-44.932,-59.434,1.295,-13.282,8.010,21.292,2.167,74.232,76.399,10.258,-49.904,-50.221,-58.379,0.823,3.628,106.499,110.127,-0.744,28.048,28.791,6.810,545.445,552.255,36.226,-39.199,-39.331,-48.772,2.650,-42.309,-71.408,-0.317,27.948,28.265,7.284,603.748,611.032,34.165,-39.482,-39.026,-49.914,2.287,-36.444,-49.352,0.236,1.014,-0.063,-0.337,-0.385,454.221,6298.228
52,1,52,-0.453,-0.264,-0.356,-0.709,-0.526,0.624,5.315,0.012,-0.342,-0.407,0,2.025,51.690,53.715,-11.796,8.009,19.805,2.175,71.258,73.433,10.639,-46.949,-46.606,-59.375,1.173,-13.586,8.042,21.628,2.235,77.752,79.987,9.877,-49.074,-49.503,-57.271,1.109,3.761,114.480,118.242,-0.911,28.015,28.926,6.826,550.533,557.359,35.605,-40.119,-40.604,-49.649,2.268,-40.393,-72.134,-0.447,28.031,28.478,7.556,639.918,647.475,32.613,-40.192,-39.884,-50.291,2.346,-35.506,-47.477,0.167,1.108,0.081,-0.312,-0.343,455.729,5859.072
53,1,53,-0.453,-0.264,-0.357,-0.708,-0.527,0.611,5.390,0.023,-0.320,-0.366,0,2.002,51.412,53.413,-10.787,8.063,18.850,2.152,70.980,73.132,10.783,-47.634,-47.366,-59.724,1.100,-13.236,7.992,21.228,2.198,76.816,79.015,9.875,-48.129,-47.884,-57.300,0.945,3.683,111.165,114.848,-0.534,27.967,28.501,6.742,545.770,552.512,35.536,-40.035,-40.538,-49.617,2.231,-40.904,-70.560,-0.298,27.970,28.268,7.409,629.214,636.623,32.775,-39.820,-39.383,-50.363,2.268,-35.855,-47.121,0.039,1.107,0.512,-0.327,-0.380,458.624,7136.096
54,1,54,-0.453,-0.264,-0.356,-0.708,-0.527,0.601,5.270,0.097,-0.329,-0.395,0,2.004,50.231,52.236,-10.968,8.047,19.015,2.161,70.757,72.918,10.782,-45.979,-44.749,-59.660,1.353,-13.519,8.060,21.579,2.213,76.359,78.573,10.095,-49.879,-49.927,-58.158,1.196,3.733,112.474,116.207,-0.720,27.940,28.660,6.789,548.142,554.932,35.158,-40.086,-40.572,-49.580,2.348,-41.801,-70.513,-0.354,27.992,28.346,7.389,620.785,628.174,33.449,-40.350,-40.148,-50.304,2.341,-36.167,-48.087,0.183,1.421,-0.249,-0.337,-0.385,446.800,5481.855
55,1,55,-0.452,-0.264,-0.356,-0.707,-0.526,0.671,5.214,0.059,-0.371,-0.400,0,2.063,52.559,54.622,-11.809,7.992,19.801,2.213,71.860,74.073,10.506,-46.830,-46.558,-59.329,1.154,-13.950,7.995,21.945,2.268,77.802,80.070,9.767,-49.533,-50.077,-57.675,0.791,3.821,116.530,120.351,-0.893,28.013,28.906,6.883,552.325,559.209,35.460,-39.851,-40.135,-49.576,2.390,-41.693,-70.449,-0.563,27.997,28.559,7.518,630.023,637.541,32.924,-40.323,-40.142,-50.598,2.244,-36.303,-48.315,0.247,0.746,0.198,-0.310,-0.383,466.234,5536.495
56,1,56,-0.452,-0.264,-0.357,-0.708,-0.526,0.666,5.046,0.081,-0.317,-0.358,0,1.946,50.178,52.123,-10.969,8.036,19.005,2.088,69.702,71.790,10.923,-46.640,-45.793,-59.513,1.255,-13.382,8.015,21.397,2.132,74.626,76.758,10.225,-49.466,-49.635,-57.900,0.828,3.610,110.747,114.358,-0.767,27.947,28.714,6.519,539.646,546.166,35.818,-39.705,-40.238,-49.100,2.459,-41.597,-71.368,-0.409,27.948,28.356,7.024,606.622,613.646,33.997,-39.898,-39.659,-50.033,2.303,-36.169,-48.457,0.039,1.387,0.559,-0.332,-0.354,450.513,5123.167
57,1,57,-0.453,-0.264,-0.356,-0.707,-0.525,0.658,5.245,-0.025,-0.327,-0.361,0,1.953,49.598,51.551,-10.774,8.048,18.822,2.102,69.766,71.868,10.936,-46.360,-45.331,-59.466,1.307,-13.277,8.016,21.293,2.153,75.796,77.950,10.068,-49.083,-48.997,-57.658,0.918,3.610,108.591,112.200,-0.725,27.951,28.676,6.626,543.491,550.117,35.571,-39.869,-40.443,-49.407,2.289,-41.622,-71.210,-0.409,27.957,28.365,7.276,624.915,632.190,32.937,-39.928,-39.590,-50.231,2.299,-36.276,-48.120,0.161,1.466,-0.302,-0.303,-0.331,452.759,7629.278
58,1,58,-0.452,-0.265,-0.357,-0.707,-0.525,0.546,5.212,0.076,-0.364,-0.400,0,1.968,51.057,53.025,-10.622,8.072,18.694,2.116,71.300,73.415,10.758,-46.595,-45.463,-59.938,1.290,-13.688,8.007,21.695,2.155,75.864,78.020,10.047,-49.029,-48.902,-57.968,0.932,3.618,111.251,114.869,-0.710,27.942,28.652,6.664,552.341,559.005,34.897,-39.960,-40.613,-49.464,2.284,-41.949,-71.463,-0.409,27.954,28.363,7.175,614.904,622.080,33.527,-40.124,-40.086,-50.256,2.242,-36.257,-48.570,0.177,1.621,0.352,-0.344,-0.390,451.068,5541.686
59,1,59,-0.452,-0.263,-0.354,-0.707,-0.526,0.638,4.987,0.054,-0.349,-0.385,0,1.963,49.384,51.346,-11.265,8.012,19.277,2.121,69.400,71.521,10.914,-46.980,-46.364,-59.758,1.227,-13.271,7.981,21.252,2.175,76.012,78.188,9.955,-48.664,-48.786,-57.272,0.908,3.610,106.488,110.099,-0.744,27.956,28.699,6.680,541.514,548.194,35.745,-40.000,-40.595,-49.403,2.295,-40.169,-75.316,-0.367,27.939,28.306,7.462,633.336,640.798,32.304,-39.636,-39.296,-49.898,2.297,-35.297,-47.891,0.268,1.622,-0.100,-0.354,-0.344,457.966,5108.597
60,1,60,-0.452,-0.264,-0.354,-0.707,-0.525,0.606,5.171,0.033,-0.317,-0.356,0,1.964,50.467,52.431,-12.303,7.970,20.273,2.113,69.817,71.930,10.778,-47.599,-47.828,-59.283,1.117,-13.257,8.000,21.257,2.175,77.533,79.708,9.810,-49.366,-50.453,-57.102,0.713,3.682,113.332,117.015,-0.933,28.025,28.958,6.640,542.427,549.067,36.268,-40.100,-40.526,-49.625,2.293,-39.209,-71.906,-0.396,27.984,28.380,7.539,654.928,662.467,31.435,-39.577,-39.292,-49.563,2.547,-35.738,-47.063,0.236,1.466,0.118,-0.310,-0.353,453.359,4850.654
