Header Section,,,,,,,,,,,,,,,,,,,,,,,,,,,,,,,,,,,,,,,,,,,,,,,,,,,,,,,,,,,,,,,,,,,,,,,,,,,,,,,,,,,,,
Product,VC7824,,,,,,,,,,,,,,,,,,,,,,,,,,,,,,,,,,,,,,,,,,,,,,,,,,,,,,,,,,,,,,,,,,,,,,,,,,,,,,,,,,,,
Test Plan,Rev(-),,,,,,,,,,,,,,,,,,,,,,,,,,,,,,,,,,,,,,,,,,,,,,,,,,,,,,,,,,,,,,,,,,,,,,,,,,,,,,,,,,,,
Release Date,2016/4/14,,,,,,,,,,,,,,,,,,,,,,,,,,,,,,,,,,,,,,,,,,,,,,,,,,,,,,,,,,,,,,,,,,,,,,,,,,,,,,,,,,,,
Comment,#1~25/A5E4.17.1,,,,,,,,,,,,,,,,,,,,,,,,,,,,,,,,,,,,,,,,,,,,,,,,,,,,,,,,,,,,,,,,,,,,,,,,,,,,,,,,,,,,
,,,,,,,,,,,,,,,,,,,,,,,,,,,,,,,,,,,,,,,,,,,,,,,,,,,,,,,,,,,,,,,,,,,,,,,,,,,,,,,,,,,,,
Data Section,,,,,,,,,,,,,,,,,,,,,,,,,,,,,,,,,,,,,,,,,,,,,,,,,,,,,,,,,,,,,,,,,,,,,,,,,,,,,,,,,,,,,
Device#,1,2,3,4,5,6,7,8,9,10,11,12,13,14,15,16,17,18,19,20,21,22,23,24,25,26,27,28,29,30,31,32,33,34,35,36,37,38,39,40,41,42,43,44,45,46,47,48,49,50,51,52,53,54,55,56,57,58,59,60,61,62,63,64,65,66,67,68,69,70,71,72,73,74,75,76,77,78,79,80,81,82,83,84,85
Test Item,Site No,Device ID,Mipi_Function,Idle_TDD_Vbat,Idle_TDD_Vcc,Idle_TDD_Total,Pin_B40_2300,Pout_B40_2300,Gain_B40_2300,Icc_Vbat_B40_2300,Icc_Vcc_B40_2300,Icc_Total_B40_2300,PAE_Total_B40_2300,E-UTRA_ACP_L_B40_2300,UTRA_ACP1_L_B40_2300,UTRA_ACP2_L_B40_2300,EVM_B40_2300,2fo_B40_2300,Pin_B40_2655,Pout_B40_2655,Gain_B40_2655,Icc_Vbat_B40_2655,Icc_Vcc_B40_2655,Icc_Total_B40_2655,PAE_Total_B40_2655,E-UTRA_ACP_L_B40_2655,UTRA_ACP1_L_B40_2655,UTRA_ACP2_L_B40_2655,EVM_B40_2655,2fo_B40_2655,Pin_B38_2300,Pout_B38_2300,Gain_B38_2300,Icc_Vbat_B38_2300,Icc_Vcc_B38_2300,Icc_Total_B38_2300,PAE_Total_B38_2300,E-UTRA_ACP_L_B38_2300,UTRA_ACP1_L_B38_2300,UTRA_ACP2_L_B38_2300,EVM_B38_2300,2fo_B38_2300,Pin_B38_2400,Pout_B38_2400,Gain_B38_2400,Icc_Vbat_B38_2400,Icc_Vcc_B38_2400,Icc_Total_B38_2400,PAE_Total_B38_2400,E-UTRA_ACP_L_B38_2400,UTRA_ACP1_L_B38_2400,UTRA_ACP2_L_B38_2400,EVM_B38_2400,2fo_B38_2400,Pin_B41_2496,Pout_B41_2496,Gain_B41_2496,Icc_Vbat_B41_2496,Icc_Vcc_B41_2496,Icc_Total_B41_2496,PAE_Total_B41_2496,E-UTRA_ACP_L_B41_2496,UTRA_ACP1_L_B41_2496,UTRA_ACP2_L_B41_2496,EVM_B41_2496,2fo_B41_2496,Pin_B41_2655,Pout_B41_2655,Gain_B41_2655,Icc_Vbat_B41_2655,Icc_Vcc_B41_2655,Icc_Total_B41_2655,PAE_Total_B41_2655,E-UTRA_ACP_L_B41_2655,UTRA_ACP1_L_B41_2655,UTRA_ACP2_L_B41_2655,EVM_B41_2655,2fo_B41_2655,IL_RX1_B40_2496,IL_RX2_B38_2496,IL_RX2_B7 _2496,IL_RX2_B41_2496,Leakage Current,Test Time,Index Time
Low Tolerance,,,,5,10,10,0.3,,,1,30,30,,1.5,1.5,1.5,0.5,,0.3,,,1,30,30,,1.5,1.5,1.5,0.5,,0.3,,,1,30,30,,1.5,1.5,1.5,0.5,,0.3,,,1,30,30,,1.5,1.5,1.5,0.5,,0.3,,,1,30,30,,1.5,1.5,1.5,0.5,,0.3,,,1,30,30,,1.5,1.5,1.5,0.5,,0.3,0.3,0.3,0.3,5,,
High Tolerance,,,,5,10,10,0.5,,,1,30,30,,1.5,1.5,1.5,0.5,,0.5,,,1,30,30,,1.5,1.5,1.5,0.5,,0.5,,,1,30,30,,1.5,1.5,1.5,0.5,,0.5,,,1,30,30,,1.5,1.5,1.5,0.5,,0.5,,,1,30,30,,1.5,1.5,1.5,0.5,,0.5,,,1,30,30,,1.5,1.5,1.5,0.5,,0.3,0.3,0.3,0.3,5,,
Enable,,,,1,1,1,1,0,0,0,1,1,,1,1,1,1,,1,0,0,0,1,1,,1,1,1,1,,1,0,0,0,1,1,,1,1,1,1,,1,0,0,0,1,1,,1,1,1,1,,1,0,0,0,1,1,,1,1,1,1,,1,0,0,0,1,1,,1,1,1,1,,1,1,1,1,1,,
1,1,1,0,3.060,152.641,155.701,-1.311,26.474,27.785,6.170,538.623,544.793,23.923,-42.893,-43.191,-53.126,1.487,-9.192,-3.491,26.484,29.974,6.600,577.990,584.591,22.370,-40.448,-38.941,-52.222,2.373,-10.545,-0.516,27.459,27.976,6.832,595.043,601.875,27.175,-39.880,-39.293,-51.208,2.507,-9.012,-1.707,27.482,29.190,6.595,555.013,561.609,29.292,-39.351,-38.885,-50.658,2.766,-12.700,-2.547,27.477,30.024,6.619,569.777,576.396,28.511,-36.706,-35.660,-48.686,3.689,-8.968,-2.898,27.520,30.418,7.205,627.958,635.164,26.137,-36.248,-34.487,-49.069,3.805,-7.576,-1.109,-1.250,-1.144,-1.153,0.818,266.088,0.000
2,1,2,0,3.021,156.725,159.747,-1.426,26.455,27.881,6.084,550.898,556.981,23.297,-41.967,-42.198,-52.254,1.648,-8.576,-3.390,26.481,29.871,6.658,610.067,616.725,21.190,-41.231,-40.022,-52.625,2.135,-12.093,-0.742,27.457,28.199,6.660,603.324,609.984,26.802,-39.470,-38.989,-50.433,2.589,-8.404,-1.846,27.523,29.369,6.483,569.249,575.732,28.843,-39.329,-38.934,-50.270,2.742,-13.917,-2.605,27.477,30.082,6.566,586.435,593.001,27.714,-37.279,-36.337,-49.124,3.510,-10.688,-2.835,27.500,30.335,7.180,653.829,661.009,25.004,-37.030,-35.587,-49.305,3.522,-9.400,-1.131,-1.257,-1.146,-1.127,0.732,280.198,0.000
3,1,3,0,3.251,149.364,152.616,-1.417,26.453,27.870,6.124,540.135,546.259,23.741,-42.484,-42.594,-52.904,1.597,-9.377,-3.417,26.479,29.896,6.720,603.184,609.904,21.418,-40.912,-39.481,-52.651,2.242,-11.519,-0.719,27.457,28.176,6.697,589.829,596.526,27.407,-39.724,-39.097,-51.012,2.567,-9.123,-1.862,27.528,29.390,6.561,558.819,565.380,29.405,-39.501,-39.001,-50.635,2.724,-13.189,-2.631,27.476,30.107,6.629,579.198,585.827,28.048,-37.493,-36.458,-49.268,3.491,-9.922,-2.834,27.502,30.336,7.285,649.493,656.778,25.171,-36.799,-35.121,-49.357,3.630,-8.752,-1.119,-1.272,-1.163,-1.167,0.034,279.973,0.000
4,1,4,0,3.105,149.293,152.398,-1.311,26.474,27.786,6.089,544.779,550.868,23.660,-41.973,-42.187,-52.334,1.655,-6.585,-3.179,26.542,29.721,6.435,576.044,582.480,22.753,-41.171,-39.774,-52.841,2.195,-11.245,-0.602,27.457,28.059,6.665,599.811,606.476,26.958,-39.532,-39.042,-50.329,2.582,-6.274,-1.775,27.474,29.249,6.448,554.549,560.997,29.266,-39.770,-39.313,-51.021,2.607,-14.335,-2.466,27.477,29.943,6.493,565.453,571.946,28.736,-37.638,-36.542,-49.855,3.476,-10.526,-2.713,27.487,30.200,6.991,615.677,622.668,26.465,-37.212,-35.641,-49.596,3.501,-8.493,-1.101,-1.235,-1.088,-1.109,0.998,261.180,0.000
5,1,5,0,3.418,159.318,162.735,-1.437,26.452,27.890,6.172,552.965,559.137,23.195,-42.260,-42.659,-52.258,1.542,-6.509,-3.448,26.480,29.928,6.565,583.958,590.523,22.127,-41.296,-40.184,-52.302,2.127,-11.335,-0.726,27.456,28.182,6.850,609.494,616.343,26.520,-39.654,-39.253,-50.334,2.511,-6.123,-1.901,27.527,29.428,6.617,567.907,574.524,28.933,-39.619,-39.216,-50.803,2.663,-14.512,-2.625,27.479,30.104,6.641,576.628,583.269,28.190,-37.435,-36.494,-49.298,3.475,-10.628,-2.898,27.511,30.409,7.122,629.384,636.506,26.033,-37.116,-35.681,-49.392,3.530,-8.517,-1.099,-1.238,-1.108,-1.126,0.501,276.860,0.000
6,1,6,0,3.303,143.648,146.950,-1.286,26.480,27.767,5.901,538.210,544.111,23.987,-42.545,-42.975,-52.649,1.472,-9.723,-3.383,26.477,29.860,6.380,583.526,589.906,22.132,-40.574,-39.178,-52.269,2.305,-10.400,-0.543,27.459,28.002,6.546,592.119,598.665,27.316,-39.832,-39.460,-50.598,2.424,-9.596,-1.702,27.471,29.173,6.313,553.289,559.602,29.321,-39.439,-39.176,-50.152,2.639,-12.299,-2.523,27.478,30.000,6.428,571.720,578.148,28.430,-36.913,-36.026,-48.541,3.585,-8.664,-2.787,27.497,30.284,6.951,632.452,639.404,25.827,-36.354,-34.792,-48.934,3.693,-7.458,-1.115,-1.252,-1.120,-1.151,-0.238,260.530,0.000
7,1,7,0,3.245,155.317,158.562,-1.403,26.469,27.871,6.052,543.827,549.879,23.672,-42.782,-43.056,-53.013,1.495,-9.283,-3.386,26.485,29.871,6.570,596.727,603.296,21.682,-40.871,-39.540,-52.464,2.246,-11.373,-0.747,27.458,28.205,6.606,595.301,601.908,27.167,-39.921,-39.393,-51.044,2.465,-9.125,-1.916,27.490,29.406,6.457,558.546,565.003,29.171,-39.583,-39.182,-50.595,2.638,-13.308,-2.634,27.475,30.109,6.514,576.720,583.234,28.165,-37.250,-36.236,-49.149,3.546,-9.872,-2.835,27.505,30.340,7.130,640.604,647.735,25.545,-36.750,-35.145,-49.391,3.650,-8.642,-1.114,-1.256,-1.144,-1.139,1.314,303.735,0.000
8,1,8,0,3.188,146.906,150.094,-1.190,26.480,27.671,6.157,539.950,546.107,23.897,-42.415,-42.497,-52.857,1.611,-8.746,-2.913,26.508,29.422,6.697,592.456,599.153,21.947,-41.050,-39.667,-52.673,2.192,-11.166,-0.483,27.457,27.941,6.772,591.385,598.158,27.331,-39.845,-39.227,-51.167,2.499,-8.618,-1.591,27.473,29.064,6.555,553.446,560.001,29.314,-39.851,-39.379,-51.166,2.570,-13.328,-2.180,27.473,29.653,6.695,572.687,579.381,28.333,-37.616,-36.566,-49.568,3.452,-9.695,-2.379,27.453,29.832,7.277,635.181,642.459,25.444,-37.094,-35.520,-49.454,3.520,-8.338,-1.104,-1.242,-1.132,-1.120,0.536,259.792,0.000
9,1,9,0,3.252,154.549,157.800,-1.555,26.489,28.044,6.036,547.941,553.977,23.607,-42.112,-42.517,-52.129,1.558,-7.676,-3.549,26.480,30.029,6.482,588.644,595.125,21.955,-41.270,-40.039,-52.736,2.123,-11.890,-0.934,27.466,28.400,6.681,601.471,608.152,26.943,-39.660,-39.273,-50.390,2.501,-7.474,-2.099,27.475,29.573,6.419,559.196,565.616,29.037,-39.834,-39.523,-50.690,2.512,-14.216,-2.780,27.481,30.260,6.505,575.017,581.523,28.286,-37.543,-36.584,-49.616,3.449,-10.682,-2.929,27.509,30.439,7.049,634.787,641.836,25.806,-37.148,-35.633,-49.711,3.490,-9.090,-1.114,-1.242,-1.122,-1.114,-0.431,272.454,0.000
10,1,10,0,2.779,148.064,150.844,-1.401,26.478,27.879,5.997,544.929,550.926,23.681,-42.190,-42.542,-52.265,1.556,-6.603,-3.607,26.477,30.084,6.353,583.349,589.703,22.144,-41.314,-40.095,-52.618,2.115,-10.936,-0.731,27.459,28.191,6.538,595.964,602.502,27.151,-39.746,-39.383,-50.368,2.442,-6.297,-1.929,27.476,29.405,6.360,555.327,561.687,29.246,-40.089,-39.814,-50.914,2.398,-14.003,-2.769,27.477,30.247,6.376,570.086,576.463,28.511,-37.937,-37.115,-49.535,3.328,-10.191,-3.022,27.516,30.538,6.897,628.410,635.307,26.112,-37.104,-35.582,-49.472,3.516,-8.024,-1.089,-1.216,-1.104,-1.092,0.985,261.653,0.000
11,1,11,0,2.696,150.593,153.288,-1.427,26.481,27.908,6.110,548.342,554.452,23.547,-42.402,-42.678,-52.644,1.554,-6.520,-3.515,26.486,30.001,6.452,576.780,583.233,22.431,-40.941,-39.531,-52.686,2.201,-10.995,-0.707,27.457,28.164,6.737,603.962,610.699,26.771,-39.918,-39.447,-50.802,2.432,-6.180,-1.941,27.474,29.414,6.507,559.101,565.608,29.027,-40.127,-39.704,-51.449,2.445,-14.112,-2.669,27.473,30.143,6.462,569.816,576.278,28.495,-37.650,-36.591,-49.815,3.449,-10.170,-2.913,27.511,30.424,6.998,622.560,629.558,26.319,-36.884,-35.261,-49.363,3.571,-8.090,-1.109,-1.236,-1.132,-1.103,0.580,266.056,0.000
12,1,12,0,2.996,152.424,155.420,-1.436,26.469,27.905,6.144,555.719,561.863,23.172,-42.141,-42.296,-52.515,1.649,-7.399,-3.226,26.543,29.769,6.554,598.215,604.769,21.922,-41.295,-39.955,-52.705,2.171,-11.055,-0.840,27.462,28.301,6.710,607.224,613.934,26.661,-39.906,-39.478,-50.629,2.422,-7.194,-1.942,27.479,29.421,6.462,564.626,571.088,28.784,-40.084,-39.755,-50.920,2.428,-13.783,-2.530,27.477,30.007,6.535,581.852,588.387,27.929,-37.665,-36.705,-49.480,3.429,-9.964,-2.741,27.489,30.230,7.081,637.589,644.670,25.568,-37.304,-35.796,-49.509,3.492,-8.302,-1.102,-1.248,-1.135,-1.119,-0.715,261.445,0.000
13,1,13,0,2.888,149.607,152.495,-1.267,26.476,27.743,6.246,560.425,566.671,23.008,-42.339,-42.618,-52.541,1.553,-6.740,-3.418,26.480,29.899,6.510,580.628,587.138,22.256,-41.045,-39.715,-52.813,2.197,-10.696,-0.530,27.458,27.988,6.925,619.508,626.433,26.102,-40.013,-39.616,-50.740,2.361,-6.314,-1.820,27.487,29.307,6.691,573.691,580.381,28.375,-40.120,-39.822,-50.978,2.410,-13.710,-2.506,27.477,29.983,6.656,580.538,587.193,27.989,-37.597,-36.663,-49.440,3.437,-9.554,-2.812,27.501,30.313,7.165,629.006,636.172,25.985,-36.983,-35.413,-49.472,3.570,-7.669,-1.110,-1.233,-1.097,-1.114,0.379,262.891,0.000
14,1,14,0,2.824,156.105,158.928,-1.477,26.481,27.958,6.128,551.788,557.917,23.398,-42.247,-42.522,-52.442,1.558,-7.202,-3.534,26.479,30.012,6.518,588.954,595.472,21.936,-41.421,-40.141,-52.830,2.103,-11.707,-0.906,27.454,28.360,6.726,604.512,611.238,26.731,-39.805,-39.387,-50.563,2.444,-6.950,-2.032,27.475,29.507,6.511,562.734,569.245,28.852,-40.092,-39.746,-51.140,2.427,-14.229,-2.739,27.475,30.214,6.540,578.253,584.792,28.089,-37.876,-36.930,-49.847,3.375,-10.552,-2.926,27.507,30.432,7.078,637.049,644.128,25.697,-37.335,-35.841,-49.630,3.443,-8.781,-1.115,-1.252,-1.132,-1.130,0.782,268.916,0.000
15,1,15,0,3.245,155.009,158.255,-1.475,26.481,27.956,5.958,532.661,538.619,24.237,-42.850,-43.110,-52.976,1.483,-10.257,-3.696,26.481,30.177,6.638,602.922,609.559,21.441,-40.944,-39.618,-52.314,2.227,-11.475,-0.870,27.520,28.390,6.566,583.876,590.443,28.099,-39.514,-38.857,-50.936,2.670,-10.122,-2.063,27.473,29.536,6.438,547.936,554.374,29.616,-39.425,-38.992,-50.470,2.696,-12.903,-2.900,27.478,30.378,6.544,574.028,580.572,28.317,-37.131,-36.180,-48.931,3.564,-9.810,-3.073,27.537,30.609,7.266,649.115,656.381,25.392,-36.609,-34.942,-49.243,3.685,-8.745,-1.111,-1.252,-1.148,-1.123,0.145,275.943,0.000
16,1,16,0,2.983,148.339,151.323,-1.416,26.477,27.893,6.045,542.035,548.079,23.796,-42.231,-42.586,-52.355,1.541,-7.104,-3.494,26.485,29.980,6.403,570.760,577.163,22.668,-41.061,-39.596,-52.926,2.189,-11.164,-0.713,27.462,28.175,6.677,597.308,603.985,27.100,-39.718,-39.326,-50.361,2.479,-6.751,-1.892,27.523,29.415,6.460,556.522,562.982,29.496,-39.762,-39.341,-51.013,2.619,-14.124,-2.696,27.480,30.176,6.435,562.862,569.296,28.886,-37.533,-36.448,-49.689,3.495,-10.261,-2.930,27.516,30.445,6.946,614.902,621.848,26.671,-36.862,-35.159,-49.741,3.602,-8.329,-1.119,-1.253,-1.131,-1.132,1.284,274.089,0.000
17,1,17,0,3.941,165.091,169.033,-1.420,26.458,27.878,6.224,563.377,569.601,22.797,-42.679,-43.127,-52.662,1.478,-6.875,-3.692,26.491,30.183,6.496,588.249,594.744,22.024,-41.300,-40.248,-52.370,2.116,-10.768,-0.700,27.463,28.163,6.802,622.841,629.643,26.002,-40.161,-39.813,-50.936,2.316,-6.519,-1.912,27.530,29.443,6.577,579.382,585.960,28.389,-39.982,-39.660,-50.959,2.511,-13.902,-2.758,27.481,30.239,6.527,585.058,591.585,27.808,-37.518,-36.674,-49.163,3.433,-9.783,-3.138,27.543,30.681,7.041,636.334,643.375,25.946,-37.194,-35.706,-49.164,3.533,-7.744,-1.105,-1.251,-1.156,-1.124,0.740,281.970,0.000
18,1,18,0,3.405,151.937,155.342,-1.268,26.483,27.751,6.166,551.767,557.934,23.408,-42.382,-42.617,-52.776,1.548,-7.558,-3.217,26.541,29.757,6.578,594.634,601.212,22.038,-41.454,-40.227,-52.887,2.100,-11.044,-0.620,27.462,28.082,6.733,604.534,611.268,26.775,-40.090,-39.655,-50.950,2.345,-7.312,-1.765,27.475,29.240,6.550,563.773,570.324,28.797,-40.303,-39.999,-51.210,2.352,-13.786,-2.424,27.481,29.905,6.627,579.832,586.458,28.045,-38.088,-37.211,-49.808,3.287,-9.932,-2.718,27.483,30.202,7.162,637.546,644.707,25.535,-37.534,-36.055,-49.680,3.401,-8.209,-1.107,-1.241,-1.096,-1.122,0.869,260.010,0.000
19,1,19,0,3.629,151.847,155.476,-1.289,26.483,27.772,6.131,547.175,553.307,23.605,-42.221,-42.445,-52.519,1.593,-6.708,-3.288,26.479,29.767,6.471,580.163,586.634,22.265,-41.104,-39.728,-52.696,2.190,-10.746,-0.571,27.454,28.025,6.728,600.923,607.651,26.885,-39.677,-39.142,-50.745,2.547,-6.348,-1.750,27.481,29.231,6.498,559.911,566.409,29.035,-39.777,-39.320,-51.020,2.590,-13.856,-2.444,27.476,29.920,6.528,570.689,577.218,28.465,-37.409,-36.355,-49.566,3.514,-9.978,-2.726,27.492,30.219,7.039,624.049,631.088,26.141,-37.011,-35.364,-49.693,3.583,-7.860,-1.119,-1.250,-1.152,-1.138,0.834,273.456,0.000
20,1,20,0,3.367,163.997,167.363,-1.767,26.491,28.257,6.052,553.132,559.183,23.402,-42.991,-43.620,-52.702,1.343,-8.878,-3.796,26.479,30.275,6.476,594.849,601.325,21.727,-41.140,-40.030,-52.453,2.136,-11.117,-1.154,27.467,28.621,6.659,608.095,614.754,26.660,-40.212,-39.949,-50.863,2.254,-8.786,-2.307,27.476,29.783,6.485,567.436,573.921,28.624,-39.952,-39.807,-50.436,2.402,-13.269,-2.985,27.477,30.462,6.492,581.423,587.915,27.952,-37.273,-36.397,-48.988,3.486,-9.760,-3.142,27.544,30.687,7.072,641.217,648.289,25.754,-36.794,-35.317,-49.166,3.599,-8.301,-1.103,-1.243,-1.129,-1.118,-0.188,267.970,0.000
21,1,21,0,3.136,149.165,152.302,-1.066,26.482,27.548,6.129,545.049,551.178,23.686,-42.147,-42.300,-52.650,1.622,-6.509,-3.204,26.524,29.728,6.432,568.975,575.407,22.935,-41.086,-39.658,-52.529,2.218,-10.748,-0.285,27.458,27.743,6.805,600.810,607.615,26.911,-39.777,-39.247,-50.741,2.492,-6.198,-1.513,27.462,28.975,6.543,554.268,560.810,29.199,-40.082,-39.605,-51.582,2.503,-14.107,-2.377,27.480,29.857,6.475,560.593,567.067,28.999,-37.414,-36.323,-49.609,3.510,-10.029,-2.739,27.494,30.233,6.968,606.922,613.890,26.885,-37.075,-35.409,-49.493,3.562,-7.911,-1.096,-1.230,-1.126,-1.093,0.245,263.414,0.000
22,1,22,0,2.925,149.742,152.667,-1.262,26.478,27.740,6.055,547.128,553.183,23.581,-42.536,-42.877,-52.674,1.518,-8.308,-3.529,26.481,30.010,6.429,579.309,585.738,22.313,-40.590,-39.092,-52.402,2.328,-10.226,-0.493,27.460,27.953,6.677,604.597,611.273,26.764,-39.825,-39.349,-50.816,2.483,-8.124,-1.775,27.504,29.279,6.459,563.279,569.739,29.020,-39.478,-39.092,-50.540,2.707,-12.687,-2.628,27.479,30.108,6.451,573.033,579.483,28.375,-36.928,-35.882,-48.955,3.637,-8.806,-2.925,27.520,30.445,7.025,627.770,634.795,26.154,-36.290,-34.583,-49.228,3.770,-7.219,-1.118,-1.263,-1.175,-1.152,0.392,271.206,0.000
23,1,23,0,3.168,157.282,160.451,-1.504,26.483,27.987,6.173,552.880,559.052,23.366,-41.967,-42.220,-52.254,1.627,-7.070,-3.700,26.483,30.182,6.513,581.271,587.784,22.244,-41.196,-39.989,-52.520,2.138,-11.582,-0.829,27.503,28.332,6.823,613.015,619.838,26.663,-39.423,-38.930,-50.355,2.628,-6.795,-2.013,27.471,29.484,6.597,564.026,570.623,28.759,-39.613,-39.287,-50.590,2.591,-14.299,-2.791,27.471,30.262,6.549,572.703,579.252,28.332,-37.257,-36.299,-49.166,3.528,-10.548,-3.112,27.540,30.652,7.095,626.861,633.955,26.312,-36.931,-35.410,-49.282,3.563,-8.688,-1.100,-1.233,-1.122,-1.101,0.091,271.181,0.000
24,1,24,0,3.852,154.632,158.484,-1.417,26.464,27.881,6.043,549.900,555.943,23.392,-42.270,-42.675,-52.436,1.522,-7.039,-3.663,26.485,30.148,6.473,589.230,595.703,21.962,-41.173,-39.996,-52.605,2.142,-11.065,-0.796,27.461,28.257,6.613,603.004,609.617,26.843,-39.865,-39.528,-50.501,2.404,-6.791,-1.943,27.479,29.423,6.403,561.469,567.873,28.949,-40.028,-39.785,-50.828,2.414,-14.015,-2.861,27.477,30.338,6.440,574.218,580.657,28.302,-37.662,-36.786,-49.454,3.405,-10.216,-3.145,27.544,30.689,7.002,633.142,640.144,26.081,-36.922,-35.385,-49.363,3.549,-8.196,-1.110,-1.235,-1.132,-1.102,-0.250,285.296,0.000
25,1,25,0,3.098,146.803,149.902,-1.211,26.484,27.695,6.127,539.718,545.845,23.929,-42.208,-42.289,-52.766,1.636,-8.308,-3.011,26.524,29.535,6.554,583.066,589.619,22.387,-41.100,-39.596,-52.863,2.213,-11.465,-0.517,27.461,27.979,6.700,592.760,599.460,27.298,-39.753,-39.183,-50.929,2.515,-8.162,-1.691,27.473,29.164,6.523,551.638,558.160,29.409,-39.829,-39.332,-51.151,2.584,-13.646,-2.289,27.477,29.766,6.545,566.999,573.544,28.650,-37.508,-36.417,-49.647,3.491,-10.037,-2.493,27.470,29.963,7.082,625.128,632.210,25.958,-37.135,-35.550,-49.610,3.504,-8.646,-1.106,-1.226,-1.131,-1.108,-1.218,267.392,0.000
26,1,26,0,2.907,144.486,147.393,-1.092,26.490,27.581,6.144,531.955,538.099,24.305,-42.104,-42.254,-52.487,1.663,-8.197,-3.151,26.544,29.696,6.576,576.867,583.442,22.728,-40.772,-39.180,-52.661,2.306,-11.531,-0.381,27.458,27.839,6.738,583.447,590.185,27.706,-39.459,-38.860,-50.609,2.654,-7.996,-1.580,27.462,29.041,6.523,542.317,548.840,29.831,-39.437,-38.926,-50.990,2.758,-13.937,-2.324,27.472,29.796,6.572,560.643,567.215,28.938,-37.271,-36.179,-49.228,3.567,-10.215,-2.654,27.480,30.134,7.118,620.931,628.049,26.188,-36.967,-35.261,-49.479,3.585,-8.702,-1.102,-1.248,-1.157,-1.151,0.958,266.013,0.000
27,1,27,0,3.118,160.278,163.395,-1.326,26.477,27.804,6.161,564.650,570.811,22.850,-42.147,-42.410,-52.468,1.606,-6.143,-3.494,26.484,29.978,6.431,585.813,592.244,22.082,-41.437,-40.279,-52.658,2.108,-10.852,-0.583,27.456,28.039,6.795,624.382,631.178,25.896,-39.846,-39.441,-50.561,2.434,-5.726,-1.796,27.462,29.258,6.584,575.784,582.368,28.121,-40.125,-39.844,-51.007,2.418,-14.212,-2.621,27.476,30.096,6.560,582.158,588.718,27.907,-37.559,-36.656,-49.367,3.444,-10.080,-2.973,27.522,30.495,6.990,631.156,638.146,26.030,-37.313,-35.812,-49.516,3.489,-7.897,-1.106,-1.229,-1.086,-1.104,0.164,263.746,0.000
28,1,28,0,3.284,147.860,151.143,-1.273,26.477,27.750,6.168,554.515,560.684,23.258,-41.883,-41.960,-52.283,1.710,-4.850,-3.406,26.481,29.887,6.382,564.001,570.384,22.914,-40.859,-39.298,-52.719,2.238,-11.091,-0.488,27.455,27.944,6.842,613.951,620.793,26.326,-39.531,-38.937,-50.495,2.620,-4.237,-1.707,27.474,29.181,6.578,564.517,571.095,28.749,-39.982,-39.448,-51.501,2.563,-14.464,-2.567,27.480,30.047,6.547,568.046,574.593,28.617,-37.685,-36.380,-50.319,3.492,-10.793,-2.858,27.510,30.368,6.957,608.941,615.898,26.895,-36.800,-35.045,-49.437,3.591,-8.094,-1.106,-1.230,-1.138,-1.119,0.363,267.600,0.000
29,1,29,0,3.520,152.039,155.559,-1.340,26.477,27.816,6.103,540.354,546.458,23.865,-42.587,-42.660,-53.159,1.585,-9.560,-3.371,26.485,29.856,6.582,590.205,596.787,21.918,-40.555,-38.994,-52.392,2.346,-10.630,-0.613,27.453,28.066,6.676,593.423,600.099,27.221,-39.760,-39.039,-51.479,2.599,-9.489,-1.785,27.511,29.296,6.544,557.815,564.359,29.343,-39.264,-38.685,-50.748,2.856,-12.464,-2.609,27.474,30.083,6.567,571.850,578.417,28.394,-36.804,-35.630,-48.962,3.709,-9.044,-2.795,27.505,30.299,7.164,633.628,640.792,25.819,-36.237,-34.436,-49.376,3.794,-7.758,-1.106,-1.246,-1.156,-1.128,0.652,267.015,0.000
30,1,30,0,3.386,157.769,161.154,-1.262,26.480,27.742,6.145,561.106,567.251,23.005,-42.118,-42.166,-52.797,1.674,-6.870,-3.416,26.480,29.896,6.539,597.948,604.487,21.615,-41.310,-39.969,-52.893,2.138,-11.366,-0.519,27.461,27.980,6.769,616.999,623.769,26.232,-39.726,-39.152,-50.794,2.533,-6.618,-1.736,27.480,29.216,6.543,574.031,580.574,28.320,-39.995,-39.522,-51.184,2.515,-14.061,-2.526,27.478,30.004,6.601,587.251,593.853,27.679,-37.624,-36.538,-49.764,3.464,-10.345,-2.821,27.500,30.321,7.143,644.399,651.542,25.365,-37.125,-35.490,-49.569,3.527,-8.522,-1.113,-1.251,-1.112,-1.123,1.062,270.534,0.000
