Header Section,,,,,,,,,,,,,,,,,,,,,,,,,,,,,,,,,,,,,,,,,,,,,,,,,,,,,,,,,,,,,
Product,VC7810,,,,,,,,,,,,,,,,,,,,,,,,,,,,,,,,,,,,,,,,,,,,,,,,,,,,,,,,,,,,
Test Plan,Rev(B),,,,,,,,,,,,,,,,,,,,,,,,,,,,,,,,,,,,,,,,,,,,,,,,,,,,,,,,,,,,
Release Date,2013/3/8 17:39,,,,,,,,,,,,,,,,,,,,,,,,,,,,,,,,,,,,,,,,,,,,,,,,,,,,,,,,,,,,
Comment,for goodark retest 7810E as 7810,,,,,,,,,,,,,,,,,,,,,,,,,,,,,,,,,,,,,,,,,,,,,,,,,,,,,,,,,,,,
,,,,,,,,,,,,,,,,,,,,,,,,,,,,,,,,,,,,,,,,,,,,,,,,,,,,,,,,,,,,,
Data Section,,,,,,,,,,,,,,,,,,,,,,,,,,,,,,,,,,,,,,,,,,,,,,,,,,,,,,,,,,,,,
Device#,1,2,3,4,5,6,7,8,9,10,11,12,13,14,15,16,17,18,19,20,21,22,23,24,25,26,27,28,29,30,31,32,33,34,35,36,37,38,39,40,41,42,43,44,45,46,47,48,49,50,51,52,53,54,55,56,57,58,59,60,61
Test Item,Site No,Device ID,GSM915 Idle Current,GSM915 Max Pout @ 0dBm Drive,GSM915 Max Pout,GSM915 Max Icc,GSM915 Max PAE,GSM915 Rated Pout,GSM915 Rated Vramp,GSM915 Rated Icc,GSM915 Rated PAE,GSM915 2nd har@33dBm,GSM915 3rd har@33dBm,GSM915 Fwd Isolation 1,GSM915 Fwd Isolation 2,GSM915 Pout Leakage@RX1,GSM915 Pout Leakage@RX2,GSM915 Pout Leakage@RX3,GSM915 Pout Leakage@RX4,GSM915 CMOS Pout,GSM915 Pout Slope,GSM915 Stress Delta,DCS1785 Idle Current,DCS1785 Max Pout @ 0dBm Drive,DCS1785 Max Pout,DCS1785 Max Icc,DCS1785 Max PAE,DCS1785 Rated Pout,DCS1785 Rated Vramp,DCS1785 Rated Icc,DCS1785 Rated PAE,DCS1785 2nd har@33dBm,DCS1785 3rd har@33dBm,DCS1785 Fwd Isolation 1,DCS1785 Fwd Isolation 2,DCS1785 Pout Leakage@RX1,DCS1785 Pout Leakage@RX2,DCS1785 Pout Leakage@RX3,DCS1785 Pout Leakage@RX4,DCS1785 CMOS Pout,DCS1785 Pout Slope,DCS1785 Stress Delta,TD2025 Idle Current,TD2025 25dBm Pout,TD2025 25dBm Pin,TD2025 25dBm Icc,TD2025 25dBm PAE,TD2025 25dBm Gain,TD2025 25dBm ACLR (-1.6MHz),TD2025 25dBm ACLR (+1.6MHz),TD2025 25dBm ACLR (-3.2MHz),TD2025 25dBm ACLR (+3.2MHz),TD2025 25dBm EVM,Insertion Loss Rx1 869MH,Insertion Loss Rx2 960MHz,Insertion Loss Rx3 1805MHz,Insertion Loss Rx4 1990MHz,Leakage Current,Leakage Current Delay Time,Test Time,Index Time
Low Tolerance,,,60,0.3,0.3,60,,,,60,,3,2,3,2,3,3,3,3,,,,60,0.3,0.3,60,,,,60,,3,3,3,2,3,3,3,3,,,,60,,0.3,60,,,2,2,2,2,0.5,0.3,0.3,0.3,0.3,5,,,
High Tolerance,,,60,0.3,0.3,60,,,,60,,3,2,3,2,3,3,3,3,,,,60,0.3,0.3,60,,,,60,,3,3,3,2,3,3,3,3,,,,60,,0.3,60,,,2,2,2,2,0.5,0.3,0.3,0.3,0.3,5,,,
Enable,,,1,1,1,1,0,0,0,1,0,1,1,1,1,1,1,1,1,0,0,0,1,1,1,1,0,0,0,1,0,1,1,1,1,1,1,1,1,0,0,0,1,0,1,1,0,0,1,1,1,1,1,1,1,1,1,1,0,0,0
201,1,101,808.9226667,33.48966667,34.13333333,1702.411333,43.473,33.03,1.481666667,1485.675333,38.63633333,-42.643,-42.40133333,-56.652,-28.4,-1.316666667,-15.009,0.182333333,-1.285,12.2,120.1833333,-0.025,948.0506667,31.555,31.88,1121.054333,39.29366667,30.02866667,1.414666667,858.4036667,33.506,-38.52466667,-34.68833333,-58.415,-30.66566667,-21.291,-20.31966667,2.121666667,0.5,7.087,151.1496667,-0.022333333,173.0536667,24.96166667,-5.031666667,599.8033333,14.24566667,30.02233333,-38.73166667,-40.70833333,-56.842,-62.212,2.65,-1.424,-1.396333333,-1.231333333,-1.444333333,0.040333333,5,545.6716667,9171
202,1,102,819.43,33.43033333,34.16066667,1717.829667,43.355,33.03233333,1.486333333,1494.823667,38.424,-43.67666667,-43.16666667,-55.45033333,-29.351,-1.053,-15.183,0.204,-1.273333333,11.77566667,125.0496667,-0.021333333,955.6793333,31.52433333,31.84566667,1112.089333,39.298,30.016,1.419333333,854.447,33.56166667,-38.39466667,-32.74866667,-57.95966667,-29.33066667,-21.073,-20.071,2.136666667,0.499,6.985333333,151.291,-0.015,187.1666667,24.99266667,-5.002,592.944,14.506,30.024,-38.40833333,-40.37633333,-57.056,-61.361,2.710333333,-1.467666667,-1.575333333,-1.372,-1.518,0.041,5,582.7136667,11036
203,1,103,804.8763333,33.34033333,34.07633333,1689.875,43.224,33.01966667,1.490666667,1484.417667,38.57966667,-42.61,-41.01633333,-53.76366667,-29.36066667,-1.184333333,-15.35033333,0.151,-1.284,11.761,129.008,-0.028666667,932.9426667,31.63466667,31.94933333,1134.429,39.45333333,30.01433333,1.421333333,862.218,33.248,-38.717,-33.82533333,-58.246,-29.34033333,-20.84133333,-20.072,2.107,0.499666667,6.374,161.0093333,-0.041333333,166.0593333,24.95366667,-4.789,585.1956667,14.55733333,29.77133333,-38.39666667,-40.30566667,-56.97333333,-62.46866667,2.739333333,-1.504666667,-1.610666667,-1.368333333,-1.495666667,0.040666667,5,543.497,12548
204,1,104,765.0146667,33.21966667,33.845,1611.245,42.98366667,33.01266667,1.482333333,1456.321,39.26133333,-40.955,-41.55433333,-53.48633333,-29.39766667,-1.271333333,-15.23966667,0.153333333,-1.29,11.90166667,127.384,-0.003666667,927.676,31.546,31.87066667,1123.993333,39.10833333,30.02633333,1.408,868.2263333,33.10566667,-39.321,-34.68833333,-58.30566667,-29.75266667,-21.49033333,-20.28633333,2.112,0.499666667,7.079666667,150.771,-0.022,182.7813333,24.987,-5.291666667,574.957,14.91833333,30.308,-38.67133333,-40.66766667,-56.871,-61.718,2.637666667,-1.652,-1.385,-1.465666667,-1.62,0.042666667,5,567.6593333,14978.66667
205,1,105,815.2783333,33.455,34.18766667,1734.15,43.21333333,33.025,1.497,1502.965,38.14633333,-45.85466667,-42.96333333,-55.18966667,-29.24333333,-1.285,-15.237,0.187333333,-1.285,11.53466667,129.486,-0.033333333,956.1996667,31.52933333,31.88433333,1120.687667,39.344,30.00433333,1.424666667,856.9253333,33.37533333,-39.55933333,-36.16533333,-57.281,-29.98566667,-21.625,-20.476,2.125666667,0.499333333,6.742,154.793,-0.024333333,173.7546667,24.99466667,-4.836666667,579.8486667,14.82566667,29.86033333,-38.18433333,-40.16566667,-57.427,-62.43833333,2.745666667,-1.585333333,-1.334333333,-1.314333333,-1.561333333,0.041,5,582.0923333,17751.33333
206,1,106,815.8063333,33.37166667,34.01333333,1642.534333,43.826,32.98966667,1.486,1446.240333,39.32466667,-40.33,-41.686,-54.254,-29.046,-1.507666667,-15.452,0.140333333,-1.285666667,11.83233333,127.851,-0.032666667,941.9866667,31.68433333,32.00833333,1152.191,39.378,30.03033333,1.419333333,874.08,32.91666667,-38.566,-33.65466667,-57.908,-29.65066667,-21.29133333,-20.15033333,2.106666667,0.499333333,6.675,152.2416667,-0.021,177.899,24.961,-5.238666667,567.351,15.01833333,30.22833333,-39.00566667,-41.019,-57.26866667,-61.89033333,2.593,-1.551666667,-1.499333333,-1.359,-1.555666667,0.041666667,5,555.7586667,9591.666667
207,1,107,809.2446667,33.443,34.061,1657.593333,43.91033333,33.02266667,1.485,1455.512333,39.37166667,-42.398,-42.22666667,-54.34833333,-29.31066667,-1.419333333,-15.563,0.150666667,-1.274666667,11.516,129.5066667,-0.029666667,949.5666667,31.526,31.796,1106.291,39.05333333,30.02166667,1.423666667,850.936,33.74466667,-38.194,-32.46266667,-58.119,-29.64366667,-20.879,-19.83866667,2.111666667,0.499333333,6.741666667,158.8303333,-0.030333333,174.9593333,24.989,-4.976333333,605.21,14.214,29.994,-38.5,-40.45,-56.905,-62.48,2.685666667,-1.529,-1.478,-1.294,-1.511,0.040333333,5,568.444,9163.666667
208,1,108,826.4636667,33.42266667,34.11833333,1699.963333,43.385,33.02766667,1.479,1486.057333,38.606,-42.27933333,-42.08033333,-54.55166667,-29.253,-1.489333333,-15.57233333,0.166666667,-1.294333333,12.06766667,124.3173333,-0.029,962.2893333,31.557,31.86233333,1116.776,39.28266667,30.00266667,1.409,854.9226667,33.43933333,-38.52233333,-34.209,-59.01733333,-28.48166667,-21.07566667,-20.23866667,2.112666667,0.501333333,7.042666667,149.435,-0.024333333,189.94,24.99633333,-4.965333333,609.9413333,14.13266667,29.99033333,-38.31666667,-40.365,-56.67466667,-61.07266667,2.711666667,-1.542,-1.544666667,-1.313333333,-1.537,0.041333333,5,590.3013333,9061.333333
209,1,109,806.0366667,33.48533333,34.17066667,1714.939667,43.524,32.998,1.479666667,1485.424333,38.362,-44.50733333,-43.979,-54.76,-28.30733333,-1.174333333,-15.183,0.207333333,-1.271666667,11.90366667,126.9283333,-0.03,950.0156667,31.598,31.885,1121.357667,39.328,30.009,1.418333333,858.9726667,33.331,-39.92933333,-34.307,-58.30866667,-31.11633333,-21.039,-20.097,2.140333333,0.498333333,6.974,152.036,-0.042,170.3896667,24.95933333,-5.233,581.719,14.661,30.22166667,-38.862,-40.786,-57.068,-61.94633333,2.619333333,-1.538333333,-1.436666667,-1.315666667,-1.510666667,0.043,5,561.533,8467.333333
210,1,110,819.5796667,33.39833333,34.02,1629.714,44.237,33.02766667,1.483,1441.100667,39.811,-39.35533333,-41.188,-53.04966667,-29.20466667,-1.532,-15.80133333,0.128,-1.278333333,12.27466667,122.751,-0.02,954.414,31.736,32.04433333,1157.158,39.535,30.03966667,1.415666667,876.3526667,32.903,-38.77133333,-32.77866667,-58.33933333,-29.89433333,-20.642,-19.61933333,2.105333333,0.498333333,7.14,148.6253333,-0.047333333,182.778,24.998,-5.308,587.4743333,14.652,30.33466667,-38.73166667,-40.768,-57.13533333,-61.74633333,2.638333333,-1.462333333,-1.663,-1.240666667,-1.559,0.041,5,580.381,12613.66667
