Header Section,,,,,,,,,,,,,,,,,,,,,,,,,,,,,,,,,,,,,,,,,,,,,,,,,,,,,,,,,,,,,
Product,VC7810,,,,,,,,,,,,,,,,,,,,,,,,,,,,,,,,,,,,,,,,,,,,,,,,,,,,,,,,,,,,
Test Plan,Rev(B),,,,,,,,,,,,,,,,,,,,,,,,,,,,,,,,,,,,,,,,,,,,,,,,,,,,,,,,,,,,
Release Date,2013/4/3 16:48,,,,,,,,,,,,,,,,,,,,,,,,,,,,,,,,,,,,,,,,,,,,,,,,,,,,,,,,,,,,
Comment,"#51~135 from Sigurd, #201~210 from Goodark",,,,,,,,,,,,,,,,,,,,,,,,,,,,,,,,,,,,,,,,,,,,,,,,,,,,,,,,,,,,
,,,,,,,,,,,,,,,,,,,,,,,,,,,,,,,,,,,,,,,,,,,,,,,,,,,,,,,,,,,,,
Data Section,,,,,,,,,,,,,,,,,,,,,,,,,,,,,,,,,,,,,,,,,,,,,,,,,,,,,,,,,,,,,
Device#,1,2,3,4,5,6,7,8,9,10,11,12,13,14,15,16,17,18,19,20,21,22,23,24,25,26,27,28,29,30,31,32,33,34,35,36,37,38,39,40,41,42,43,44,45,46,47,48,49,50,51,52,53,54,55,56,57,58,59,60,61
Test Item,Site No,Device ID,GSM915 Idle Current,GSM915 Max Pout @ 0dBm Drive,GSM915 Max Pout,GSM915 Max Icc,GSM915 Max PAE,GSM915 Rated Pout,GSM915 Rated Vramp,GSM915 Rated Icc,GSM915 Rated PAE,GSM915 2nd har@33dBm,GSM915 3rd har@33dBm,GSM915 Fwd Isolation 1,GSM915 Fwd Isolation 2,GSM915 Pout Leakage@RX1,GSM915 Pout Leakage@RX2,GSM915 Pout Leakage@RX3,GSM915 Pout Leakage@RX4,GSM915 CMOS Pout,GSM915 Pout Slope,GSM915 Stress Delta,DCS1785 Idle Current,DCS1785 Max Pout @ 0dBm Drive,DCS1785 Max Pout,DCS1785 Max Icc,DCS1785 Max PAE,DCS1785 Rated Pout,DCS1785 Rated Vramp,DCS1785 Rated Icc,DCS1785 Rated PAE,DCS1785 2nd har@33dBm,DCS1785 3rd har@33dBm,DCS1785 Fwd Isolation 1,DCS1785 Fwd Isolation 2,DCS1785 Pout Leakage@RX1,DCS1785 Pout Leakage@RX2,DCS1785 Pout Leakage@RX3,DCS1785 Pout Leakage@RX4,DCS1785 CMOS Pout,DCS1785 Pout Slope,DCS1785 Stress Delta,TD2025 Idle Current,TD2025 25dBm Pout,TD2025 25dBm Pin,TD2025 25dBm Icc,TD2025 25dBm PAE,TD2025 25dBm Gain,TD2025 25dBm ACLR (-1.6MHz),TD2025 25dBm ACLR (+1.6MHz),TD2025 25dBm ACLR (-3.2MHz),TD2025 25dBm ACLR (+3.2MHz),TD2025 25dBm EVM,Insertion Loss Rx1 869MH,Insertion Loss Rx2 960MHz,Insertion Loss Rx3 1805MHz,Insertion Loss Rx4 1990MHz,Leakage Current,Leakage Current Delay Time,Test Time,Index Time
Low Tolerance,,,60,0.3,0.3,60,,,,60,,3,2,3,2,3,3,3,3,,,,60,0.3,0.3,60,,,,60,,3,3,3,2,3,3,3,3,,,,60,,0.3,60,,,2,2,2,2,0.5,0.3,0.3,0.3,0.3,5,,,
High Tolerance,,,60,0.3,0.3,60,,,,60,,3,2,3,2,3,3,3,3,,,,60,0.3,0.3,60,,,,60,,3,3,3,2,3,3,3,3,,,,60,,0.3,60,,,2,2,2,2,0.5,0.3,0.3,0.3,0.3,5,,,
Enable,,,1,1,1,1,0,0,0,1,0,1,1,1,1,1,1,1,1,0,0,0,1,1,1,1,0,0,0,1,0,1,1,1,1,1,1,1,1,0,0,0,1,0,1,1,0,0,1,1,1,1,1,1,1,1,1,1,0,0,0
51,1,51,838.4566667,33.598,34.16333333,1766.437667,42.18866667,33.03933333,1.480666667,1488.411667,38.64833333,-39.615,-44.09966667,-52.991,-29.36333333,-3.310333333,-19.08933333,-3.602666667,-3.554666667,11.86633333,128.4573333,-0.021333333,979.3216667,31.80933333,32.00233333,1179.847,38.40133333,30.034,1.412333333,870.8736667,33.06566667,-36.742,-37.188,-63.68433333,-29.68233333,-15.06533333,-17.914,-2.530666667,-2.622,6.433333333,159.166,-0.036333333,153.11,25.00933333,-5.176333333,614.8586667,14.075,29.74566667,-37.20333333,-39.18133333,-56.917,-61.932,2.778333333,-1.954333333,-1.910333333,-1.783666667,-2.224,0.054333333,5,538.9706667,13513
52,1,52,830.0643333,33.55033333,34.11933333,1756.502333,42,33.039,1.491,1488.475333,38.64466667,-39.37233333,-43.444,-50.502,-29.302,-3.335,-18.70633333,-3.589333333,-3.553,12.007,125.6923333,-0.023666667,973.1273333,31.77733333,32.05566667,1178.169,38.928,30.038,1.416666667,869.417,33.154,-38.824,-37.72766667,-63.82466667,-29.40633333,-15.46733333,-17.77866667,-2.518666667,-2.621666667,6.86,156.6143333,-0.041,149.1816667,24.989,-5.195333333,601.678,14.30366667,29.74433333,-37.326,-39.23866667,-57.246,-62.50633333,2.773,-1.887,-1.923333333,-1.809,-2.165666667,0.055333333,5,538.6326667,19614.66667
53,1,53,857.247,33.632,34.087,1732.722,42.25766667,33.036,1.493666667,1465.632333,39.21966667,-39.26766667,-42.623,-51.07133333,-29.239,-3.310666667,-18.553,-3.593,-3.552333333,11.83066667,127.0393333,-0.019333333,1002.559667,31.78833333,32.057,1174.499667,39.06266667,30.02666667,1.423333333,862.3456667,33.337,-38.17066667,-39.95933333,-62.885,-30.23733333,-15.94533333,-18.289,-2.52,-2.623,6.430666667,156.365,-0.032,156.961,25.005,-5.440666667,593.063,14.55533333,30.00566667,-37.653,-39.66966667,-57.16166667,-61.51733333,2.697666667,-1.893333333,-1.940333333,-1.827333333,-2.219,0.055666667,5,543.3326667,14597.33333
54,1,54,830.151,33.39033333,33.89866667,1623.631333,43.182,33.04033333,1.5,1414.143,40.689,-36.15933333,-42.40433333,-49.58933333,-28.80266667,-3.333666667,-18.81533333,-3.590666667,-3.555333333,12.21033333,123.453,-0.019333333,975.8066667,31.93533333,32.16866667,1200.113,39.22566667,30.03766667,1.418,874.588,32.95433333,-39.94833333,-39.665,-63.65666667,-31.535,-15.14966667,-17.536,-2.519666667,-2.623333333,6.524,158.0566667,-0.043,145.413,25.02166667,-5.356333333,597.49,14.50633333,29.93766667,-37.45766667,-39.47533333,-56.895,-62.468,2.728666667,-1.938333333,-1.914666667,-1.805333333,-2.252666667,0.053666667,5,546.1563333,16371.66667
55,1,55,839.1263333,33.61366667,34.17666667,1775.830667,42.09433333,33.02866667,1.49,1490.854,38.48866667,-40.362,-42.76633333,-52.083,-29.75333333,-3.354666667,-18.64233333,-3.597,-3.553,11.95233333,126.511,-0.032666667,986.8856667,31.858,32.13166667,1191.423333,39.177,30.014,1.412,871.408,32.89433333,-40.25733333,-43.03966667,-62.74633333,-28.89633333,-15.58133333,-17.95933333,-2.525,-2.622,6.756,154.2643333,-0.036,159.8363333,24.99533333,-5.657,595.426,14.46866667,30.21233333,-37.702,-39.79,-57.23033333,-61.35066667,2.686666667,-1.860333333,-1.888666667,-1.773,-2.183,0.055,5,550.9456667,23316.33333
56,1,56,825.1233333,33.57766667,34.09266667,1746.183667,41.987,33.03333333,1.495,1481.773333,38.76833333,-39.99433333,-41.99066667,-50.496,-29.15966667,-3.383666667,-19.89766667,-3.589333333,-3.548,12.10466667,123.4936667,-0.015,989.4146667,31.761,31.97133333,1152.657333,39.02666667,30.019,1.414,857.8413333,33.45266667,-38.161,-38.596,-62.621,-30.09266667,-15.58066667,-17.97433333,-2.518666667,-2.621666667,7.209666667,148.064,-0.027,160.1666667,24.96633333,-5.565333333,580.8126667,14.717,30.092,-37.36733333,-39.32366667,-57.098,-61.59233333,2.773666667,-1.899333333,-1.951333333,-1.782,-2.241333333,0.055,5,547.3346667,10814.33333
57,1,57,833.041,33.26066667,33.68366667,1533.168667,43.522,33.01566667,1.492666667,1364.572333,41.92633333,-33.61066667,-41.423,-50.53166667,-28.75233333,-3.401333333,-19.88566667,-3.583666667,-3.551333333,12.55466667,124.5066667,-0.017666667,984.1723333,31.789,32.04366667,1172.219333,39.02066667,30.033,1.404666667,865.447,33.26766667,-38.77833333,-39.097,-63.506,-27.80366667,-15.79733333,-17.844,-2.513333333,-2.622666667,7.28,151.8913333,-0.039666667,163.3853333,24.995,-5.616,600.0146667,14.362,30.172,-37.62066667,-39.803,-56.716,-60.768,2.678666667,-1.882333333,-1.87,-1.759,-2.303666667,0.056,5,546.6783333,14203.66667
58,1,58,833.395,33.50733333,34.02166667,1685.270667,42.79666667,33.02866667,1.474,1439.910333,39.853,-38.97366667,-43.68133333,-52.75833333,-29.17333333,-3.319666667,-18.53533333,-3.593,-3.554333333,12.17066667,127.0683333,-0.023,978.708,31.99366667,32.261,1216.381667,39.532,30.01933333,1.395333333,878.276,32.67433333,-37.63633333,-42.85066667,-63.185,-29.367,-15.77733333,-18.149,-2.521,-2.624333333,6.657666667,157.3876667,-0.043,154.2186667,25.01066667,-5.529666667,578.9006667,14.91433333,30.10066667,-38.02033333,-40.129,-57.45366667,-61.92533333,2.618333333,-1.872666667,-1.848333333,-1.765333333,-2.246333333,0.055333333,5,546.163,14708
59,1,59,812.58,33.42866667,33.98466667,1668.113667,42.87133333,33.03333333,1.496,1436.301,39.99566667,-38.16633333,-42.32,-50.012,-28.85266667,-3.385666667,-20.04566667,-3.589,-3.551333333,12.28133333,124.0133333,-0.024333333,959.7106667,31.978,32.20066667,1208.964333,39.22966667,30.015,1.406,875.9313333,32.73233333,-39.907,-43.116,-63.82866667,-29.343,-15.58233333,-17.87866667,-2.518666667,-2.622666667,7.216666667,153.2773333,-0.041666667,153.625,24.98966667,-5.730666667,585.3723333,14.686,30.28133333,-37.87666667,-39.98333333,-57.155,-61.13133333,2.672666667,-1.899,-1.845,-1.788,-2.254,0.056,5,548.6146667,13712.33333
60,1,60,837.2296667,33.54766667,34.08766667,1728.115667,42.376,33.03033333,1.485666667,1463.069667,39.23766667,-39.122,-43.17966667,-50.95033333,-29.178,-3.354666667,-18.418,-3.598,-3.556333333,12.10133333,125.218,-0.029333333,980.8793333,31.96333333,32.19566667,1208.158667,39.20833333,30.00966667,1.401333333,878.6076667,32.59233333,-37.35,-44.57666667,-63.34066667,-30.967,-16.14766667,-18.176,-2.526333333,-2.624,7.045666667,151.3346667,-0.039666667,156.687,25.00066667,-5.618333333,594.8966667,14.498,30.17966667,-37.73066667,-39.81433333,-57.12166667,-61.65766667,2.679666667,-1.931666667,-1.934,-1.683,-2.225666667,0.055,5,541.614,12386.33333
61,1,61,819.5723333,33.60866667,34.27766667,1806.103,42.36,33.02066667,1.493333333,1509.588,37.941,-42.437,-45.01266667,-55.44933333,-29.214,-3.312666667,-18.00166667,-3.608333333,-3.555666667,11.721,130.5456667,-0.046,968.5733333,31.742,31.95866667,1146.835667,39.112,30.03133333,1.411,851.7556667,33.788,-36.77166667,-38.25733333,-62.94366667,-28.098,-15.79466667,-18.50133333,-2.535,-2.624333333,6.912666667,156.095,-0.033666667,153.625,24.97166667,-5.543666667,594.2973333,14.41566667,30.07566667,-37.23833333,-39.139,-56.55133333,-62.21066667,2.788666667,-1.851,-1.88,-1.735666667,-2.124,0.055333333,5,568.9616667,22937
62,1,62,841.9186667,33.57966667,34.18233333,1763.51,42.44033333,33.03333333,1.498,1489.856667,38.559,-39.51633333,-44.36866667,-52.421,-29.55966667,-3.35,-18.20566667,-3.605,-3.553666667,12.021,122.4123333,-0.031333333,997.3966667,31.72333333,31.926,1153.481667,38.59233333,30.04266667,1.424333333,861.548,33.48966667,-37.60733333,-39.455,-63.889,-28.59266667,-15.84666667,-18.42966667,-2.532666667,-2.623666667,7.131666667,149.6603333,-0.034333333,166.2046667,24.95233333,-5.488666667,594.0266667,14.358,30.00133333,-37.107,-39.137,-57.25466667,-61.444,2.834666667,-1.888,-1.879666667,-1.793666667,-2.184333333,0.055,5,542.3336667,15610.66667
63,1,63,823.5013333,33.261,33.80166667,1611.103,42.55966667,33.03066667,1.495333333,1421.876,40.37666667,-35.605,-41.56,-48.52833333,-29.30533333,-3.386666667,-18.93066667,-3.586333333,-3.554,12.06866667,126.1176667,-0.022,967.5986667,32.02633333,32.27066667,1225.383667,39.33066667,30.03566667,1.399333333,888.896,32.40833333,-39.198,-39.472,-63.66666667,-30.371,-15.547,-17.723,-2.516,-2.623,7.159333333,153.728,-0.044666667,154.894,25.01866667,-5.756,594.454,14.56866667,30.33533333,-37.87933333,-40.11633333,-56.83266667,-61.42266667,2.622,-1.871333333,-1.872666667,-1.736,-2.177333333,0.055666667,5,572.171,13501.33333
64,1,64,827.6936667,33.564,34.26966667,1861.408667,41.02633333,33.03,1.496333333,1560.829,36.776,-41.18233333,-44.13733333,-52.131,-29.366,-3.314,-18.66933333,-3.601,-3.557333333,11.66533333,126.8486667,-0.034666667,981.1883333,31.77,32.01866667,1168.192333,38.93066667,30.02766667,1.406666667,864.8296667,33.249,-38.93033333,-37.59833333,-63.947,-30.212,-15.164,-17.714,-2.529333333,-2.623,6.904666667,151.1926667,-0.035333333,156.9786667,24.98333333,-5.604333333,595.4146667,14.427,30.14766667,-37.667,-39.61,-56.936,-62.03,2.704,-1.885,-1.925333333,-1.847,-2.268333333,0.056,5,545.0996667,9387.666667
65,1,65,853.3253333,33.54633333,34.14933333,1763.754333,42.11133333,33.03633333,1.501,1491.659333,38.53933333,-40.13966667,-42.576,-51.282,-29.605,-3.350666667,-18.50733333,-3.598666667,-3.556333333,11.79066667,128.4353333,-0.027,994.6983333,31.76466667,32.003,1162.724333,38.97366667,30.02633333,1.422666667,859.655,33.439,-37.79066667,-39.163,-63.376,-28.7,-15.85233333,-18.56633333,-2.527,-2.624666667,6.553333333,158.0056667,-0.037333333,155.0213333,24.98833333,-5.401333333,591.2823333,14.54133333,29.95,-37.36966667,-39.286,-57.566,-61.85233333,2.766666667,-1.895333333,-1.886,-1.81,-2.300666667,0.055,5,551.6376667,12550
66,1,66,834.569,33.57233333,34.05066667,1693.685333,42.87133333,33.00866667,1.487333333,1435.627333,39.78933333,-38.14833333,-43.506,-51.443,-28.74566667,-3.352,-19.64433333,-3.595333333,-3.551666667,12.179,125.063,-0.024666667,985.5423333,31.96966667,32.193,1207.744667,39.19633333,30.02066667,1.409,877.6173333,32.711,-38.854,-41.33866667,-63.21533333,-28.99766667,-15.42133333,-17.87466667,-2.525,-2.623,6.921333333,156.7376667,-0.05,152.839,25.01233333,-5.709666667,591.5696667,14.61533333,30.282,-37.82766667,-39.92033333,-57.022,-62.04866667,2.650333333,-1.823,-1.862666667,-1.741333333,-2.238,0.055,5,556.1453333,10722.33333
67,1,67,845.4073333,33.60966667,34.198,1778.653333,42.23233333,33.021,1.485666667,1487.764333,38.50666667,-40.02066667,-44.11433333,-52.89733333,-29.451,-3.378333333,-19.476,-3.597,-3.553,12.08433333,126.3776667,-0.024,994.405,31.75066667,31.96733333,1156.183667,38.87433333,30.02266667,1.413666667,855.3423333,33.57733333,-38.78833333,-38.428,-63.38166667,-28.36166667,-15.64733333,-18.10833333,-2.526333333,-2.621666667,7.026333333,155.8476667,-0.026333333,156.801,24.966,-5.468333333,593.4483333,14.41766667,29.99533333,-37.20866667,-39.17633333,-57.045,-61.15566667,2.785333333,-1.84,-1.929,-1.777666667,-2.058333333,0.055333333,5,543.5873333,11028
68,1,68,824.8146667,33.53333333,34.21366667,1805.764333,41.74966667,33.02333333,1.499,1522.270333,37.65133333,-41.68533333,-44.032,-51.19833333,-29.69133333,-3.395,-18.63966667,-3.600333333,-3.552,11.854,127.0583333,-0.039333333,962.0556667,31.78533333,31.99866667,1159.066333,39.05666667,30.02266667,1.414333333,855.5833333,33.57066667,-38.25333333,-38.11533333,-64.271,-29.22466667,-17.53533333,-19.471,-2.527333333,-2.621333333,6.845,155.7876667,-0.029,157.9853333,24.98066667,-5.735,586.5793333,14.62566667,30.276,-37.54633333,-39.52,-56.78666667,-61.015,2.734,-1.861666667,-1.940666667,-1.735666667,-2.211,0.054666667,5,576.0786667,10465.66667
69,1,69,808.8726667,33.397,33.992,1708.644333,41.92666667,33.03766667,1.490666667,1472.718667,39.04533333,-37.66866667,-43.154,-49.36766667,-29.285,-3.328333333,-18.57766667,-3.588666667,-3.553333333,11.955,126.3326667,-0.027,946.652,31.70666667,31.98,1168.471,38.577,30.03133333,1.415333333,866.655,33.20566667,-39.34866667,-37.87066667,-63.634,-29.22633333,-15.45366667,-17.66,-2.516666667,-2.622333333,6.554666667,157.878,-0.038,146.2543333,24.99066667,-4.872333333,617.4853333,13.95833333,29.423,-36.725,-38.597,-57.16733333,-62.795,2.895333333,-1.894333333,-1.889666667,-1.865333333,-2.169666667,0.053,5,551.2093333,10490.66667
70,1,70,812.185,33.46966667,34.131,1736.658667,42.592,33.03166667,1.506,1476.452,38.89633333,-39.41833333,-44.379,-51.768,-29.16433333,-3.361666667,-18.543,-3.602333333,-3.554333333,11.676,129.9283333,-0.027666667,948.7183333,31.97233333,32.17166667,1207.696,39.00966667,30.02,1.415333333,877.1093333,32.72433333,-39.575,-42.333,-64.52166667,-27.81733333,-15.31566667,-17.923,-2.530333333,-2.622333333,6.695,157.8253333,-0.035333333,153.0553333,24.98666667,-5.249,595.7783333,14.43066667,29.796,-37.41833333,-39.55933333,-57.26833333,-62.10966667,2.727333333,-1.854,-1.9,-1.782,-2.162,0.055333333,5,573.6423333,13499.33333
71,1,71,846.54,33.466,34.11066667,1738.656667,42.34233333,33.02333333,1.504666667,1480.215,38.722,-38.69,-43.58433333,-50.475,-29.536,-3.339,-18.62466667,-3.592666667,-3.555666667,11.52933333,129.7673333,-0.027666667,993.2946667,31.97166667,32.20133333,1211.098,39.16633333,30.009,1.414333333,878.5616667,32.58866667,-39.78666667,-39.96866667,-63.75566667,-29.969,-15.311,-17.62866667,-2.521333333,-2.623,6.520666667,154.8563333,-0.035666667,158.8516667,25.00866667,-5.709,604.308,14.308,30.27766667,-37.722,-39.891,-56.508,-61.06333333,2.678666667,-1.925,-1.853,-1.799666667,-2.14,0.055333333,5,569.4053333,36141.66667
72,1,72,824.9803333,33.568,34.11466667,1726.106333,42.69033333,33.029,1.493333333,1465.338667,39.16466667,-38.96966667,-42.67,-51.27033333,-29.212,-3.347333333,-19.94633333,-3.586666667,-3.551333333,12.00466667,126.4963333,-0.018,968.4606667,31.89733333,32.114,1181.014,39.35933333,30.00566667,1.407333333,865.0366667,33.07166667,-39.85766667,-38.882,-64.07566667,-29.392,-15.51266667,-17.795,-2.515,-2.621,7.038666667,151.9733333,-0.039,156.8203333,24.97133333,-5.773666667,567.3263333,15.06566667,30.305,-37.68766667,-39.67133333,-57.06533333,-61.40133333,2.709333333,-1.907333333,-1.897333333,-1.729,-2.181333333,0.056333333,5,560.37,13929.33333
73,1,73,833.9856667,33.56466667,34.24133333,1798.595333,42.18166667,33.02233333,1.5,1509.693,37.95466667,-42.371,-43.281,-50.88433333,-29.55266667,-3.349,-18.38166667,-3.594,-3.555666667,11.806,127.939,-0.039333333,977.673,31.92633333,32.128,1191.498667,39.14266667,30.023,1.407,869.816,33.02133333,-37.35733333,-38.335,-63.75833333,-30.256,-15.19,-17.607,-2.523333333,-2.624,6.780333333,157.5096667,-0.036333333,148.8956667,24.99566667,-5.512,588.6163333,14.62766667,30.06766667,-37.531,-39.53666667,-57.131,-61.962,2.708666667,-1.877666667,-1.934333333,-1.753666667,-2.281,0.054666667,5,563.7813333,10056.33333
74,1,74,842.912,33.552,34.11633333,1750.515,42.11133333,33.03033333,1.496666667,1476.162,38.89066667,-39.702,-43.32666667,-52.28433333,-29.14433333,-3.388333333,-19.634,-3.595333333,-3.550333333,11.78033333,127.8153333,-0.025333333,990.2426667,31.80666667,32.03933333,1168.203667,39.115,30.02766667,1.415,862.602,33.333,-37.48866667,-40.87666667,-62.81166667,-30.706,-15.72433333,-18.169,-2.526,-2.623333333,6.728,155.442,-0.033333333,150.51,24.996,-5.305666667,587.6453333,14.65233333,29.862,-37.377,-39.26033333,-57.08433333,-62.648,2.789,-1.838666667,-1.866333333,-1.640333333,-2.105,0.054333333,5,623.2196667,10160
75,1,75,838.129,33.54433333,34.089,1718.602,42.62033333,33.02566667,1.468666667,1458.914667,39.30666667,-38.66833333,-43.84433333,-53.43433333,-29.372,-3.393,-19.412,-3.599333333,-3.553666667,12.474,122.922,-0.025333333,976.4123333,31.85833333,32.12933333,1181.748,39.47666667,30.028,1.392333333,865.9816667,33.20633333,-39.26633333,-39.12,-62.76,-26.34,-15.96433333,-18.32066667,-2.528333333,-2.623666667,7.120333333,155.3946667,-0.038,164.49,24.98333333,-5.724333333,593.7253333,14.46733333,30.268,-37.57166667,-39.689,-57.044,-61.32466667,2.709666667,-1.883,-1.879666667,-1.799333333,-2.222,0.054666667,5,539.575,8752.333333
76,1,76,849.1443333,33.582,34.136,1736.124,42.65633333,33.03466667,1.497,1470.389,39.083,-39.39766667,-43.10866667,-50.071,-29.09166667,-3.367666667,-18.52733333,-3.593,-3.553666667,12.11266667,123.2983333,-0.020666667,980.1116667,31.99966667,32.184,1197.233667,39.45966667,30.02266667,1.411333333,870.4933333,32.992,-39.375,-39.35833333,-64.766,-30.789,-15.49,-17.892,-2.521333333,-2.623,6.632666667,155.6073333,-0.036,151.7503333,25.00566667,-5.741333333,557.9093333,15.43,30.30733333,-38.06233333,-40.096,-57.35633333,-61.69533333,2.646,-1.879333333,-1.902333333,-1.803666667,-2.248666667,0.056,5,563.2643333,12628
77,1,77,846.7433333,33.58166667,34.13266667,1766.419,41.88933333,33.039,1.482333333,1492.242667,38.546,-40.95,-43.27466667,-52.91,-29.287,-3.342,-19.40666667,-3.605666667,-3.552,11.78066667,130.7933333,-0.033,990.1296667,31.69166667,31.962,1156.089667,38.82533333,30.012,1.408333333,859.3276667,33.34266667,-37.04433333,-37.734,-62.534,-25.87966667,-15.95466667,-18.47433333,-2.534333333,-2.623,6.528333333,160.7413333,-0.029666667,159.8523333,24.97366667,-5.387,601.6796667,14.253,29.921,-37.26933333,-39.27666667,-56.99533333,-61.469,2.787333333,-1.900666667,-1.900333333,-1.732,-2.286666667,0.056,5,569.851,8462.666667
78,1,78,828.2166667,33.47933333,34.198,1825.540333,41.14666667,33.01966667,1.511333333,1534.019333,37.33133333,-41.78666667,-43.01066667,-52.48533333,-29.559,-3.365333333,-19.30166667,-3.599,-3.552333333,11.21033333,134.8206667,-0.036666667,959.745,31.70466667,31.91833333,1152.314667,38.56333333,30.02566667,1.423666667,856.238,33.56566667,-36.34333333,-37.739,-62.818,-30.02233333,-15.48266667,-18.148,-2.528,-2.623,6.544333333,160.2806667,-0.040666667,151.0013333,24.99133333,-5.130333333,587.9913333,14.62933333,29.68233333,-37.04566667,-38.86766667,-57.068,-62.646,2.843333333,-1.906666667,-1.930333333,-1.811,-2.194,0.055333333,5,549.8936667,9340.666667
79,1,79,826.241,33.52633333,34.14933333,1764.296333,42.09733333,33.028,1.469,1491.253,38.475,-39.757,-43.67,-52.35666667,-29.29366667,-3.330333333,-18.73766667,-3.596333333,-3.553333333,12.45533333,122.8803333,-0.036,971.0423333,31.88866667,32.13933333,1189.707333,39.30366667,30.025,1.386333333,872.176,32.94733333,-38.53566667,-38.746,-62.916,-29.012,-15.60366667,-18.07933333,-2.525,-2.622333333,7.374,150.541,-0.036,164.6663333,24.96333333,-5.886333333,596.686,14.333,30.41,-37.65966667,-39.722,-56.72333333,-61.01566667,2.680666667,-1.877666667,-1.867333333,-1.773,-2.271333333,0.054666667,5,546.173,9848.666667
80,1,80,820.8066667,33.48066667,34.01066667,1673.848667,42.983,33.03233333,1.496,1436.658667,39.97933333,-38.39833333,-43.67,-52.143,-29.08066667,-3.347333333,-18.904,-3.590333333,-3.556,11.907,129.2716667,-0.015333333,970.0523333,31.94833333,32.176,1202.322,39.22033333,30.043,1.417,877.0453333,32.90133333,-40.24466667,-39.12833333,-64.52033333,-30.38433333,-15.47033333,-17.85566667,-2.519666667,-2.623,6.642333333,156.794,-0.043666667,147.026,25.005,-5.488,590.6906667,14.612,30.053,-37.56933333,-39.55966667,-57.16366667,-62.10666667,2.720666667,-1.882666667,-1.941666667,-1.734666667,-2.214333333,0.055666667,5,587.53,14892.33333
81,1,81,850.9093333,33.47066667,33.985,1662.574,43.02033333,33.01933333,1.486333333,1432.804667,39.964,-37.01933333,-42.57166667,-48.686,-29.54833333,-3.331666667,-18.87133333,-3.587,-3.552666667,12.112,124.3636667,-0.010666667,1008.517,31.983,32.20433333,1215.994333,39.033,30.04033333,1.411,885.558,32.567,-39.60433333,-40.05366667,-64.729,-31.05766667,-15.406,-17.641,-2.516333333,-2.623,6.784666667,151.976,-0.032,145.0966667,25.02,-5.662333333,603.4123333,14.36633333,30.24266667,-37.83233333,-40.11833333,-56.86533333,-60.84133333,2.628,-1.832666667,-1.871666667,-1.762666667,-2.201333333,0.055333333,5,570.383,12602.33333
82,1,82,846.243,33.382,33.88733333,1639.610333,42.64933333,33.02833333,1.481333333,1422.403333,40.33866667,-37.41033333,-41.74433333,-50.115,-29.07166667,-3.399333333,-19.50633333,-3.581333333,-3.552666667,11.80433333,135.951,-0.024,1007.828333,31.93,32.184,1204.594667,39.22133333,30.028,1.386,881.6103333,32.61766667,-40.55066667,-40.56433333,-63.856,-25.848,-16.06933333,-18.12333333,-2.508333333,-2.623666667,8.188333333,140.519,-0.031666667,201.712,24.96466667,-6.364333333,595.4443333,14.36533333,30.88966667,-37.80733333,-40.23733333,-56.92333333,-59.24133333,2.614333333,-1.896666667,-1.925333333,-1.717666667,-2.167666667,0.056,5,544.768,9622
83,1,83,850.1603333,33.59733333,34.089,1702.449667,43.02666667,33.02333333,1.458666667,1445.513333,39.65133333,-38.93433333,-43.317,-53.55433333,-28.58933333,-3.391666667,-19.74866667,-3.593333333,-3.553,12.525,120.968,-0.008333333,1009.469333,31.93033333,32.18066667,1195.431333,39.488,30.005,1.382,868.1336667,32.94933333,-40.60933333,-40.80166667,-62.971,-31.47333333,-15.91466667,-18.09666667,-2.521,-2.621666667,6.955666667,150.9996667,-0.03,151.1643333,25.01233333,-5.697333333,593.754,14.56433333,30.27033333,-37.77,-39.883,-56.81033333,-62.14166667,2.677,-1.91,-1.894,-1.744333333,-2.221,0.054333333,5,576.8926667,8795.666667
84,1,84,826.5343333,33.545,34.04833333,1677.476333,43.259,33.03833333,1.492666667,1435.499667,40.06433333,-37.93266667,-43.95833333,-51.62066667,-28.75533333,-3.327666667,-19.59266667,-3.589666667,-3.552666667,12.183,124.5733333,-0.021,977.2443333,31.79033333,32.03433333,1165.663667,39.155,30.019,1.410666667,860.6786667,33.34166667,-40.16866667,-41.829,-64.217,-30.94133333,-15.63933333,-17.865,-2.517666667,-2.622,7.059666667,150.9023333,-0.034666667,151.6526667,24.988,-5.555333333,588.8406667,14.59733333,30.10333333,-37.59033333,-39.58333333,-56.91933333,-62.211,2.714666667,-1.867,-1.871333333,-1.793666667,-2.257,0.055666667,5,558.4513333,7015.333333
85,1,85,841.738,33.50433333,34.09666667,1734.047,42.31666667,33.02833333,1.492333333,1474.924,38.904,-39.46633333,-43.77633333,-50.04766667,-29.42933333,-3.402,-20.13733333,-3.592666667,-3.554333333,11.81366667,126.8783333,-0.025333333,985.004,31.92366667,32.16366667,1201.211667,39.145,30.031,1.408333333,877.0683333,32.80966667,-39.27233333,-39.447,-63.935,-30.94066667,-15.33833333,-17.683,-2.522,-2.622333333,6.650666667,154.819,-0.040333333,152.963,25.028,-5.490666667,600.4196667,14.461,30.07866667,-37.703,-39.80333333,-56.94166667,-62.133,2.665333333,-1.877,-1.906333333,-1.773,-2.221333333,0.054666667,5,548.9833333,11730
86,1,86,832.2393333,33.41466667,34.01233333,1706.71,42.169,33.026,1.495,1457.989,39.33466667,-38.23933333,-42.609,-49.24833333,-29.75666667,-3.396,-20.107,-3.587,-3.552,11.953,126.19,-0.023666667,975.754,31.848,32.086,1195.017333,38.65033333,30.019,1.422,875.4686667,32.77666667,-41.01333333,-39.95233333,-63.60166667,-29.35266667,-15.452,-17.69166667,-2.518,-2.622,6.386333333,158.2546667,-0.035333333,151.4826667,25.00933333,-5.264333333,614.05,14.093,29.83333333,-37.22366667,-39.209,-57.02333333,-61.52133333,2.778333333,-1.911,-1.886,-1.784333333,-2.209666667,0.056,5,576.72,10630.66667
87,1,87,848.4256667,33.58466667,34.141,1758.742,42.152,33.03933333,1.500666667,1485.201667,38.73333333,-38.73366667,-44.19766667,-51.70533333,-29.401,-3.368,-19.872,-3.596333333,-3.553333333,11.71,129.244,-0.029333333,999.2746667,31.82366667,32.068,1184.973,38.816,30.03866667,1.422,872.0666667,33.057,-39.92633333,-37.99733333,-63.48233333,-30.20666667,-15.58866667,-17.96933333,-2.524666667,-2.622666667,6.637666667,155.8393333,-0.043666667,153.4136667,24.98933333,-5.427666667,602.2533333,14.29166667,29.97733333,-37.34866667,-39.33966667,-57.198,-61.92233333,2.769333333,-1.852,-1.913,-1.758,-2.198333333,0.056333333,5,546.9273333,9455.333333
88,1,88,832.3753333,33.56366667,34.19,1760.928333,42.57733333,33.01966667,1.487,1479.632,38.70366667,-40.233,-44.368,-51.76133333,-29.09,-3.369666667,-19.522,-3.596666667,-3.554666667,11.669,129.567,-0.016,985.531,31.95433333,32.19533333,1209.013,39.176,30.04633333,1.413333333,882.3513333,32.72966667,-38.38333333,-39.135,-63.57366667,-29.266,-15.03533333,-17.54733333,-2.527333333,-2.623333333,6.291,158.1576667,-0.033333333,150.5436667,25.02,-5.402333333,597.2073333,14.50933333,29.98233333,-37.676,-39.70766667,-56.772,-62.04333333,2.687,-1.862333333,-1.898333333,-1.750333333,-2.196666667,0.054333333,5,540.0126667,9572.666667
89,1,89,809.0763333,33.46,34.14233333,1787.038,41.49633333,33.017,1.495333333,1515.116333,37.77366667,-40.342,-43.589,-50.316,-29.617,-3.374333333,-19.757,-3.596666667,-3.549,11.52233333,128.512,-0.044666667,948.075,31.71466667,31.93,1166.781,38.19066667,30.03333333,1.422666667,869.199,33.12566667,-37.17366667,-36.57233333,-64.44133333,-30.03666667,-14.769,-17.41266667,-2.527,-2.621333333,6.521333333,158.4293333,-0.036666667,149.426,25.005,-4.397666667,604.594,14.29033333,28.963,-36.66833333,-38.608,-57.06,-62.99633333,2.887,-1.889666667,-1.936,-1.801,-2.151,0.053333333,5,581.9256667,9186
90,1,90,829.6163333,33.37433333,33.859,1626.913,42.70233333,33.027,1.481,1416.675333,40.491,-36.292,-42.32533333,-48.796,-28.46866667,-3.383666667,-20.04433333,-3.585666667,-3.551333333,12.29733333,125.1696667,-0.016,963.5566667,31.777,32.044,1183.765333,38.646,30.04366667,1.412,874.441,33.003,-39.43,-40.28533333,-63.36133333,-31.078,-15.35133333,-17.57066667,-2.516333333,-2.622666667,7.004333333,155.018,-0.049,150.378,25.013,-5.070333333,602.3596667,14.36666667,29.64366667,-37.31,-39.36633333,-57.197,-62.752,2.757333333,-1.909,-1.91,-1.771666667,-2.162333333,0.054,5,572.0893333,9292.666667
91,1,91,814.992,33.27833333,33.71233333,1551.928667,43.28133333,33.00866667,1.510333333,1370.164667,41.69,-35.91566667,-41.55633333,-50.16833333,-28.753,-3.302333333,-18.98466667,-3.583,-3.554666667,12.40366667,122.486,-0.006666667,965.2656667,31.92433333,32.203,1198.430333,39.59266667,30.01466667,1.411,868.8303333,32.99533333,-39.507,-39.32733333,-63.82533333,-30.213,-15.727,-17.81733333,-2.510666667,-2.624,7.035333333,152.85,-0.025666667,150.4756667,25.00633333,-5.675666667,583.641,14.78366667,30.24233333,-37.88233333,-39.968,-56.914,-61.74633333,2.637333333,-1.914,-1.868666667,-1.82,-2.227,0.056,5,569.9373333,17409.33333
92,1,92,856.9153333,33.38133333,33.845,1618.633333,42.784,32.99766667,1.495,1402.051333,40.63666667,-36.756,-41.11766667,-48.99066667,-29.03166667,-3.383,-18.47,-3.584666667,-3.555666667,12.32333333,125.7143333,-0.012333333,998.296,31.94933333,32.16833333,1207.681,38.97733333,30.045,1.415,882.107,32.72733333,-39.01433333,-38.36533333,-63.398,-29.98433333,-15.58633333,-17.70033333,-2.516,-2.624666667,6.598333333,160.5036667,-0.035666667,149.805,25.03366667,-5.531,609.3866667,14.27666667,30.12466667,-37.991,-40.20533333,-56.938,-61.95566667,2.633666667,-1.870666667,-1.918333333,-1.780333333,-2.235333333,0.055,5,579.1116667,11227
93,1,93,808.1053333,33.344,33.99,1709.415667,41.88833333,33.022,1.504333333,1473.573,38.88266667,-39.52233333,-42.79466667,-51.11166667,-29.298,-3.383,-19.61033333,-3.593333333,-3.556666667,11.522,133.4756667,-0.041,951.7216667,31.76533333,32.04466667,1165.204333,39.265,30.01966667,1.415333333,858.255,33.44166667,-38.16066667,-36.381,-63.82433333,-27.588,-15.61766667,-18.02033333,-2.523666667,-2.625,6.842,156.8863333,-0.044,155.4696667,24.96133333,-5.396666667,579.8806667,14.72266667,29.91833333,-37.193,-39.08833333,-57.243,-62.01733333,2.806,-1.914333333,-1.933,-1.72,-2.205,0.055,5,570.6443333,10364.33333
94,1,94,838.0353333,33.51433333,34.05366667,1692.322667,42.93733333,33.028,1.493666667,1441.690333,39.79933333,-38.35966667,-44.14033333,-53.18933333,-29.191,-3.325666667,-19.766,-3.597,-3.556333333,11.97866667,126.7016667,-0.020333333,982.2756667,31.877,32.15166667,1195.849,39.216,30.03133333,1.420666667,873.6093333,32.943,-38.19733333,-36.929,-63.15466667,-28.30033333,-15.00633333,-17.441,-2.528333333,-2.624666667,6.755666667,154.6513333,-0.038666667,161.9076667,24.99466667,-5.671666667,605.0333333,14.24533333,30.22633333,-37.64533333,-39.77033333,-56.73633333,-61.27733333,2.685666667,-1.866333333,-1.923,-1.791,-2.209666667,0.055,5,544.7383333,10361.66667
95,1,95,812.6173333,33.54366667,34.215,1803.796,41.80533333,33.01,1.505,1519.583,37.60066667,-41.15766667,-44.264,-52.48133333,-28.608,-3.322,-19.564,-3.606333333,-3.555666667,11.98733333,125.3596667,-0.032,948.161,31.73133333,31.93366667,1150.922333,38.748,30.02166667,1.420333333,851.406,33.72833333,-36.97633333,-37.274,-63.78866667,-29.87766667,-14.752,-17.46433333,-2.536333333,-2.624,7.324666667,154.3953333,-0.020666667,147.3246667,24.96966667,-5.163666667,590.8396667,14.48833333,29.69333333,-37.062,-39.01366667,-57.71133333,-62.92633333,2.821,-1.886666667,-1.894333333,-1.832666667,-2.238666667,0.055333333,5,556.9693333,9996.333333
96,1,96,811.1313333,33.30866667,33.857,1626.536333,42.69133333,33.03666667,1.503666667,1425.090333,40.34066667,-36.54766667,-42.295,-48.421,-29.37966667,-3.426666667,-19.835,-3.581666667,-3.548,11.86333333,130.849,-0.026,953.1703333,31.11566667,31.29133333,1123.461667,34.23533333,30.00066667,1.447,882.043,32.397,-33.526,-32.34,-64.63633333,-27.62633333,-15.89633333,-18.091,-2.509,-2.621333333,6.959666667,158.1176667,-0.016,153.5363333,24.97733333,-5.331666667,604.2836667,14.20566667,29.869,-37.411,-39.469,-57.036,-62.05566667,2.742,-1.920666667,-1.895333333,-1.784333333,-2.185666667,0.054333333,5,581.0093333,6603.666667
97,1,97,813.1936667,33.23,33.86533333,1642.361,42.36466667,33.038,1.506,1439.391,39.95433333,-37.107,-42.233,-48.29433333,-29.01433333,-3.342666667,-18.686,-3.585333333,-3.552333333,11.70066667,126.6893333,-0.028333333,952.1693333,31.807,32.08033333,1195.062333,38.59833333,30.02266667,1.420333333,877.625,32.72633333,-38.40066667,-38.666,-65.12033333,-30.924,-15.28,-17.52966667,-2.514,-2.621333333,6.677333333,155.7756667,-0.037,152.122,25.01666667,-4.755666667,588.41,14.70466667,29.33266667,-37.29233333,-39.30866667,-57.24933333,-62.349,2.750666667,-1.886,-1.929,-1.785333333,-2.214333333,0.055,5,577.9766667,9999.666667
98,1,98,834.057,33.50533333,34.09933333,1713.849,42.84666667,33.02166667,1.488333333,1458.173333,39.292,-38.44966667,-44.27933333,-50.50433333,-28.95633333,-3.346,-18.26233333,-3.595,-3.556,11.979,127.0913333,-0.016333333,992.7453333,31.974,32.18733333,1203.755667,39.27633333,30.01166667,1.400333333,876.7406667,32.675,-38.38733333,-40.35633333,-64.11066667,-27.00466667,-15.196,-17.65533333,-2.524666667,-2.623333333,6.694666667,154.392,-0.034666667,167.9933333,24.99933333,-5.810666667,598.056,14.42066667,30.37033333,-37.83,-40.10633333,-56.55,-60.266,2.648666667,-1.823333333,-1.887,-1.774,-2.184333333,0.055666667,5,575.6763333,10397
99,1,99,841.1663333,33.53166667,34.19266667,1780.723,42.131,33.017,1.505666667,1499.483333,38.16466667,-39.49,-42.52066667,-51.13966667,-29.59866667,-3.395333333,-19.86866667,-3.589333333,-3.551333333,11.77266667,127.1883333,-0.027333333,983.54,31.964,32.18466667,1205.215667,39.20533333,30.00666667,1.415333333,875.1186667,32.70066667,-39.68433333,-40.24566667,-63.84966667,-28.52866667,-15.51566667,-17.85366667,-2.518666667,-2.622333333,6.649666667,157.5623333,-0.036,159.3653333,24.996,-5.697333333,592.1253333,14.54733333,30.25366667,-37.698,-39.87233333,-56.75566667,-61.186,2.663666667,-1.868666667,-1.944666667,-1.725666667,-2.166666667,0.055666667,5,580.0773333,13684
100,1,100,847.8536667,33.54833333,34.269,1884.346,40.52,33.01633333,1.492,1574.038333,36.355,-41.732,-43.362,-52.462,-30.12233333,-3.318,-19.128,-3.603333333,-3.554,11.43766667,128.951,-0.038333333,988.3346667,31.79666667,31.992,1180.284333,38.29633333,30.02666667,1.414666667,873.2786667,32.92,-36.02766667,-35.74233333,-63.16133333,-29.57233333,-15.171,-18.023,-2.533333333,-2.623666667,6.06,162.2866667,-0.027333333,152.088,25.01866667,-5.024333333,614.0563333,14.124,29.60333333,-36.97233333,-38.90133333,-56.84133333,-61.65266667,2.831666667,-1.909,-1.973666667,-1.822666667,-2.244666667,0.055,5,549.2176667,13652
101,1,101,767.434,33.462,34.122,1733.718,42.571,32.963,1.515,1536.361,36.788,-42.885,-37.811,-54.124,-29.56,-0.973,-15.774,0.638,-0.809,10.744,129.622,-0.048,926.082,31.634,32.167,1125.575,41.811,30.008,1.424,852.3,33.583,-41.145,-36.684,-59.87,-30.135,-18.325,-18.548,3.081,0.354,5.592,159.07,-0.026,148.345,25.023,-3.978,575.667,15.211,29,-36.65,-38.235,-56.841,-61.365,2.865,-1.376,-1.368,-1.247,-1.427,1.062,5,593.521,13857
102,1,102,771.657,33.536,34.089,1693.303,43.26,33.018,1.523,1504.82,38.039,-42.316,-38.636,-58.08,-28.548,-0.853,-14.824,1.312,-0.787,11.08,123.975,-0.032,922.356,31.513,31.971,1079.154,41.683,30.036,1.437,834.61,34.518,-38.073,-37.521,-59.514,-34.316,-16.875,-17.611,3.217,0.348,6.101,152.724,-0.058,141.488,25.024,-3.823,566.527,15.449,28.846,-35.79,-37.297,-56.334,-62.89,2.981,-1.373,-1.348,-1.328,-1.661,1.151,5,646.197,14305
103,1,103,787.1,33.598,34.109,1689.962,43.549,33.022,1.496,1500.282,38.187,-41.774,-37.588,-57.267,-29.595,-1.544,-15.646,1.124,-0.779,11.19,126.475,-0.024,953.661,31.723,32.185,1127.415,41.917,30.002,1.411,853.057,33.506,-39.433,-37.139,-59.923,-30.929,-18.656,-18.919,3.171,0.351,6.032,153.022,-0.036,147.657,25.024,-4.482,578.521,15.14,29.505,-36.827,-38.509,-55.688,-61.75,2.764,-1.583,-1.373,-1.165,-1.398,1.495,5,604.043,17905
104,1,104,799.27,33.729,34.04,1629.339,44.454,33.036,1.506,1448.386,39.689,-37.409,-37.914,-56.621,-29.493,-0.965,-15.77,0.913,-0.798,11.204,127.224,0.002,955.016,31.722,32.198,1129.571,41.959,30.046,1.429,854.129,33.811,-39.102,-35.768,-59.326,-27.089,-17.953,-18.207,3.15,0.35,5.725,156.234,-0.03,155.994,25.019,-4.773,580.526,15.074,29.791,-37.135,-38.907,-56.367,-60.725,2.717,-1.534,-1.388,-1.082,-1.572,1.638,5,594.592,16278
105,1,105,792.575,33.588,33.924,1583.788,44.523,33.048,1.508,1427.444,40.381,-38.209,-38.149,-56.384,-29.131,-0.648,-14.664,0.712,-0.771,11.214,129.272,0.002,953.909,31.809,32.356,1173.17,41.9,30.035,1.425,873.975,32.956,-40.153,-35.058,-60.514,-29.54,-18.838,-19.244,3.048,0.352,5.63,156.55,-0.032,148.35,25.025,-4.598,580.187,15.101,29.621,-37.207,-38.914,-56.611,-61.765,2.715,-1.405,-1.398,-1.363,-1.521,1.284,5,592.433,16239
106,1,106,776.759,33.61,34.005,1634.882,43.951,33.026,1.499,1460.691,39.265,-39.407,-38.3,-57.716,-28.802,-1.025,-15.752,0.833,-0.801,11.238,128.658,-0.023,943.614,31.808,32.365,1171.126,42.06,30.015,1.421,869.798,32.965,-40.085,-35.163,-61.648,-29.795,-18.34,-18.782,3.112,0.353,5.661,152.434,-0.047,144.228,25.026,-4.424,568.578,15.402,29.449,-36.878,-38.436,-56.481,-61.671,2.778,-1.527,-1.312,-1.584,-1.523,1.975,5,639.378,14136
107,1,107,767.186,33.493,34.087,1710.519,42.809,33.01,1.523,1519.405,37.608,-42.481,-37.339,-55.71,-29.414,-1.062,-15.702,0.882,-0.783,10.983,127.572,-0.025,917.807,31.614,32.186,1130.971,41.792,30.043,1.432,856.726,33.681,-40.152,-35.728,-59.214,-31.102,-18.293,-18.587,3.135,0.352,5.881,155.089,-0.035,145.845,25.022,-4.134,576.552,15.185,29.155,-36.639,-38.201,-56.946,-60.939,2.831,-1.309,-1.422,-1.253,-1.504,1.767,5,607.461,14594
108,1,108,785.215,33.609,34.106,1687.354,43.583,33.027,1.499,1496.985,38.322,-41.814,-38.829,-57.927,-28.709,-0.46,-14.43,1.04,-0.759,11.639,120.529,-0.022,938.026,31.648,32.241,1142.102,41.911,30.026,1.416,863.985,33.268,-39.542,-35.35,-60.305,-30.248,-18.411,-18.85,3.158,0.349,6.621,145.516,-0.065,159.703,25.023,-4.534,581.28,15.069,29.556,-36.925,-38.657,-56.903,-60.304,2.735,-1.281,-1.544,-1.369,-1.378,2.33,5,662.408,13787
109,1,109,776.94,33.546,34.018,1652.471,43.612,33.02,1.513,1478.719,38.734,-40.054,-37.28,-55.169,-28.681,-0.688,-14.791,0.788,-0.783,11.024,129.275,-0.016,929.356,31.712,32.268,1152.285,41.799,30.01,1.43,865.949,33.067,-37.972,-34.381,-63.001,-32.154,-18.418,-18.882,3.115,0.348,5.545,152.462,-0.037,140.2,25.023,-4.33,560.987,15.594,29.352,-36.793,-38.25,-56.214,-60.785,2.818,-1.462,-1.477,-1.413,-1.293,1.23,5,657.084,13065
110,1,110,768.292,33.578,34.021,1647.323,43.778,33.006,1.519,1469.474,38.846,-39.954,-37.328,-53.708,-29.325,-0.822,-15.011,0.754,-0.788,10.966,130.27,-0.021,916.915,31.629,32.145,1119.4,41.826,30.029,1.434,851.239,33.786,-40.732,-36.257,-61.18,-29.105,-18.941,-19.261,3.08,0.354,5.656,157.346,-0.031,147.848,25.027,-4.275,588.532,14.904,29.301,-36.505,-38.101,-56.054,-60.588,2.867,-1.361,-1.4,-1.289,-1.508,1.757,5,659.904,14729
111,1,111,774.287,33.509,33.915,1599.006,44.015,33.021,1.52,1441.24,39.744,-38.208,-37.434,-53.304,-29.36,-0.978,-14.8,0.793,-0.787,11.19,126.116,-0.02,926.262,31.715,32.27,1148.977,41.936,30.008,1.438,861.614,33.223,-40.185,-38.028,-58.838,-29.657,-19.26,-19.342,3.082,0.351,5.741,158.159,-0.042,144.646,25.022,-4.502,575.812,15.202,29.523,-37.085,-38.863,-56.402,-61.4,2.717,-1.398,-1.39,-1.434,-1.174,2.245,5,608.429,17580
112,1,112,790.645,33.524,34.119,1715.509,42.999,32.986,1.515,1516.019,37.486,-41.2,-36.958,-58.745,-29.77,-0.711,-15.724,0.974,-0.775,10.97,127.354,-0.037,958.719,31.699,32.213,1126.354,42.221,29.993,1.417,849.072,33.597,-39.232,-35.204,-59.179,-29.356,-17.799,-18.42,3.159,0.352,6.07,149.96,-0.035,156.829,25.026,-4.468,587.796,14.917,29.493,-36.879,-38.516,-56.26,-61.281,2.78,-1.369,-1.364,-1.441,-1.59,1.53,5,666.422,17699
113,1,113,801.155,33.751,34.221,1746.057,43.251,33.011,1.517,1517.317,37.669,-40.28,-37.026,-62.366,-29.695,-1.454,-15.264,1.351,-0.808,10.75,130.816,-0.008,959.802,31.65,32.047,1106.779,41.358,30.029,1.436,845.583,34.019,-39.035,-38.797,-60.053,-32.415,-18.716,-19.087,3.237,0.352,5.579,156.915,-0.024,147.786,25.025,-4.601,592.479,14.802,29.626,-36.749,-38.429,-56.262,-61.237,2.8,-1.339,-1.399,-1.173,-1.707,0.828,5,614.155,12874
114,1,114,786.14,33.544,34.041,1659.289,43.661,33.01,1.494,1476.315,38.7,-40.688,-38.811,-57.184,-29.54,-1.075,-14.706,0.83,-0.777,11.03,128.752,-0.005,953.503,31.683,32.242,1150.264,41.624,29.974,1.419,863.048,32.904,-40.305,-35.693,-61.603,-27.583,-19.049,-19.517,3.064,0.351,5.817,153.305,-0.029,157.846,25.019,-4.355,601.18,14.573,29.372,-36.94,-38.787,-55.722,-60.991,2.74,-1.305,-1.585,-1.508,-1.819,1.02,5,601.9,14157
115,1,115,800.353,33.66,34.061,1663.263,43.758,33.014,1.513,1471.878,38.855,-39.371,-37.423,-54.853,-29.249,-0.664,-14.822,0.6,-0.796,11.04,128.754,-0.006,956.517,31.688,32.191,1130.26,41.863,30.048,1.433,854.208,33.823,-40.389,-36.045,-59.66,-30.454,-18.628,-19.025,3.048,0.354,5.175,158.876,-0.022,142.762,25.03,-4.3,593.368,14.797,29.329,-37.001,-38.536,-56.429,-61.713,2.731,-1.225,-1.467,-1.269,-1.613,1.077,5,634.281,18414
116,1,116,780.936,33.735,34.226,1735.806,43.557,32.999,1.49,1514.788,37.624,-43.471,-39.253,-59.67,-29.496,-1.43,-14.659,1.303,-0.803,11.157,124.483,-0.016,948.908,31.669,32.137,1122.312,41.641,29.989,1.419,850.393,33.514,-39.968,-39.427,-58.334,-27.689,-19.472,-19.694,3.191,0.352,5.866,153.405,-0.04,152.232,25.029,-4.387,600.679,14.62,29.415,-36.593,-38.39,-55.761,-61.224,2.795,-1.402,-1.301,-1.427,-1.438,1.353,5,606.484,16751
117,1,117,798.897,33.645,34.212,1738.403,43.348,32.991,1.526,1519.834,37.434,-42.676,-38.309,-60.869,-29.6,-0.925,-15.307,1.044,-0.776,10.635,128.573,-0.032,954.564,31.681,32.182,1132.8,41.685,30.023,1.441,855.461,33.576,-40.507,-35.922,-60.915,-30.074,-18.276,-18.906,3.156,0.352,5.076,154.524,-0.032,148.217,25.01,-4.511,594.222,14.709,29.52,-36.901,-38.461,-56.024,-61.509,2.857,-1.359,-1.243,-1.42,-1.414,2.221,5,658.655,11916
118,1,118,793.478,33.631,34.066,1656.918,43.975,33,1.52,1470.817,38.758,-39.474,-37.892,-55.089,-29.206,-0.978,-15.503,0.637,-0.771,10.672,133.384,-0.02,943.569,31.719,32.284,1144.428,42.237,30.02,1.439,858.611,33.432,-37.994,-34.366,-60.625,-28.446,-18.246,-18.705,3.078,0.347,4.594,162.587,-0.03,138.667,25.023,-4.153,569.345,15.374,29.175,-36.928,-38.371,-56.377,-61.307,2.808,-1.557,-1.315,-1.207,-1.674,2.091,5,601.693,12588
119,1,119,803.955,33.711,34.086,1660.283,44.091,33.009,1.511,1463.649,39.032,-37.289,-33.885,-57.409,-29.708,-1.304,-15.478,1.115,-0.795,10.728,129.748,-0.006,966.497,31.75,32.232,1141.899,41.836,30.029,1.44,860.812,33.414,-40.244,-37.914,-60.588,-28.625,-18.929,-19.131,3.159,0.352,4.769,165.026,-0.032,144.161,25.034,-4.506,580.914,15.116,29.539,-36.852,-38.547,-56.276,-61.274,2.763,-1.431,-1.512,-1.478,-1.52,1.584,5,670.916,13209
120,1,120,785.328,33.604,34.009,1603.532,44.85,33.011,1.503,1431.994,39.915,-38.702,-37.746,-59.001,-29.654,-1.697,-15.176,1.12,-0.799,11.006,127.15,-0.023,941.932,31.683,32.137,1112.841,41.995,30.015,1.431,843.924,33.971,-40.119,-37.859,-59.408,-27.716,-19.305,-19.468,3.156,0.351,5.361,159.667,-0.044,146.098,25.022,-4.517,585.75,14.954,29.537,-36.636,-38.32,-56.815,-61.059,2.853,-1.414,-1.312,-1.274,-1.307,1.859,5,676.771,19826
121,1,121,772.232,33.527,33.954,1633.336,43.472,33.035,1.504,1472.273,39.032,-39.913,-37.215,-52.017,-28.18,-1.076,-14.84,0.89,-0.807,11.443,124.982,-0.002,935.621,31.513,32.014,1096.28,41.437,29.998,1.423,843.134,33.87,-38.536,-36.165,-60.794,-33.553,-19.078,-19.318,3.122,0.348,6.235,150.599,-0.04,143.731,25.015,-3.789,590.018,14.825,28.803,-36.256,-37.884,-56.32,-61.088,2.928,-1.302,-1.402,-1.313,-1.662,0.995,5,593.431,12714
122,1,122,798.186,33.705,34.076,1649.411,44.277,33.023,1.501,1458.106,39.302,-39.53,-38.192,-55.692,-29.492,-1.043,-15.431,0.892,-0.818,11.127,128.977,-0.001,952.893,31.72,32.192,1139.257,41.541,30.023,1.424,859.153,33.435,-40.459,-38.142,-59.32,-30.605,-18.928,-18.974,3.109,0.353,5.79,156.911,-0.038,146.693,25.027,-4.48,600.503,14.617,29.506,-36.851,-38.649,-56.369,-61.319,2.742,-1.307,-1.483,-1.132,-1.463,2.166,5,635.202,13240
123,1,123,785.531,33.45,33.909,1595.111,44.059,33.011,1.49,1443.26,39.6,-37.665,-36.542,-53.026,-25.538,-1.07,-15.835,0.844,-0.806,10.715,132.365,-0.021,935.045,31.514,32.035,1114.76,40.953,30.015,1.427,856.026,33.491,-38.977,-36.945,-58.619,-21.861,-18.438,-18.643,3.13,0.352,4.388,169.434,-0.022,148.612,25.026,-3.603,590.51,14.851,28.627,-36.441,-38.142,-56.056,-60.811,2.85,-1.393,-1.444,-1.267,-1.763,1.121,5,617.426,13014
124,1,124,794.065,33.55,34.145,1726.47,42.984,33.006,1.523,1521.607,37.517,-42.486,-37.368,-59.445,-29.086,-0.967,-15.543,0.838,-0.794,10.721,128.285,-0.019,941.04,31.693,32.239,1147.058,41.706,30.038,1.437,864.865,33.323,-40.306,-35.894,-59.325,-26.684,-18.292,-18.783,3.111,0.352,5.025,158.553,-0.024,152.449,25.028,-4.455,578.295,15.162,29.482,-36.947,-38.654,-56.068,-61.436,2.76,-1.425,-1.403,-1.36,-1.435,1.723,5,672.359,13143
125,1,125,781.568,33.609,34.064,1661.908,43.822,33.021,1.505,1474.667,38.844,-41.901,-39.833,-57.282,-28.651,-1.155,-14.397,1.313,-0.808,10.872,125.3,0.009,937.653,31.62,32.204,1142.881,41.53,29.992,1.425,867.1,32.892,-39.208,-40.05,-59.533,-29.465,-18.975,-19.383,3.2,0.352,6.039,148.774,-0.05,150.797,25.022,-4.079,585.087,14.97,29.1,-36.565,-38.382,-56.301,-61.817,2.763,-1.372,-1.485,-1.405,-1.617,1.542,5,659.898,15176
126,1,126,771.374,33.56,33.928,1601.613,44.072,33.028,1.509,1445.022,39.707,-38.51,-37.574,-55.69,-29.119,-0.588,-14.529,0.779,-0.777,10.91,133.64,0.015,934.492,31.688,32.234,1142.238,41.836,30.041,1.427,863.262,33.408,-37.728,-34.607,-60.766,-29.571,-18.514,-18.95,3.108,0.347,6.195,150.239,-0.024,152.871,25.021,-4.305,587.963,14.896,29.325,-36.518,-38.103,-56.475,-61.434,2.909,-1.416,-1.465,-1.619,-1.668,2.221,5,616.536,16286
127,1,127,786.084,33.504,34.095,1707.437,42.959,33.014,1.535,1519.439,37.638,-42.458,-38.383,-58.51,-29.118,-0.948,-15.131,0.866,-0.784,10.819,125.701,-0.036,935.587,31.656,32.262,1156.281,41.601,30.019,1.446,870.668,32.962,-38.243,-33.726,-60.618,-29.323,-18.6,-19.054,3.121,0.35,5.179,156.826,-0.016,143.073,25.028,-3.976,582.305,15.059,29.002,-36.799,-38.363,-56.93,-61.822,2.783,-1.31,-1.39,-1.342,-1.468,0.804,5,656.434,14960
128,1,128,776.217,33.689,34.191,1727.498,43.41,33.014,1.506,1514.619,37.762,-43.357,-39.53,-59.045,-29.399,-1.269,-14.977,1.309,-0.809,11.196,126.517,-0.019,934.481,31.555,32.014,1091.301,41.624,30.014,1.421,838.912,34.166,-39.511,-39.29,-60.793,-28.32,-19.05,-19.369,3.2,0.352,6.243,151.992,-0.019,151.144,25.025,-4.231,583.755,15.014,29.255,-36.327,-38.028,-56.782,-61.123,2.871,-1.258,-1.396,-1.327,-1.531,1.056,5,625.397,13712
129,1,129,784.154,33.63,34.096,1693.766,43.314,33.019,1.52,1501.06,38.145,-41.131,-37.156,-54.969,-29.37,-1.07,-15.794,0.833,-0.782,10.736,128.347,-0.024,935.723,31.585,32.104,1115.054,41.598,30.02,1.437,848.959,33.813,-39.797,-35.232,-61.736,-29.141,-18.085,-18.396,3.126,0.35,5.003,161.937,-0.029,143.118,25.03,-4.051,583.61,15.035,29.08,-36.337,-37.873,-56.277,-60.867,2.945,-1.271,-1.343,-1.252,-1.429,0.665,5,617.462,15086
130,1,130,790.329,33.644,33.978,1629.622,43.818,33.019,1.525,1457.022,39.299,-39.949,-38.348,-56.833,-29.228,-0.683,-15.276,0.677,-0.797,10.871,128.885,0.009,934.876,31.6,32.076,1097.736,41.978,30.028,1.442,834.994,34.441,-39.48,-34.719,-61.189,-29.533,-18.273,-18.794,3.071,0.35,5.104,164.249,-0.036,139.014,25.027,-4.337,566.676,15.457,29.362,-36.49,-37.933,-56.229,-61.782,2.895,-1.499,-1.397,-1.381,-1.773,1.183,5,674.815,13841
131,1,131,788.455,33.493,34.111,1727.69,42.618,32.99,1.53,1527.409,37.234,-42.12,-37.855,-54.144,-29.001,-0.913,-16.03,0.755,-0.789,10.985,122.677,-0.028,941.74,31.686,32.219,1137.812,41.858,30.025,1.437,859.514,33.43,-39.824,-35.589,-59.898,-30.068,-17.952,-18.351,3.124,0.353,5.674,151.264,-0.039,150.717,25.016,-4.254,577.564,15.136,29.268,-36.957,-38.63,-57.064,-61.154,2.778,-1.5,-1.347,-1.467,-1.856,1.212,5,652.168,12212
132,1,132,796.007,33.864,34.098,1647.673,44.547,33.015,1.506,1449.898,39.454,-40.013,-38.741,-57.992,-28.717,-0.896,-14.699,1.125,-0.802,10.794,131.483,-0.006,949.529,31.619,32.114,1111.904,41.812,30.006,1.438,840.153,34.053,-41.042,-39.317,-61.295,-29.204,-19.147,-19.266,3.144,0.353,5.291,159.004,-0.026,140.2,25.015,-4.43,571.052,15.302,29.444,-36.869,-38.432,-56.604,-61.732,2.782,-1.427,-1.277,-1.369,-1.89,1.533,5,611.607,12180
133,1,133,805.106,33.835,34.21,1715.125,43.922,32.994,1.498,1492.458,38.141,-42.022,-38.553,-60.298,-29.275,-0.98,-15.22,0.885,-0.809,10.815,131.401,0.004,972.491,31.749,32.21,1135.069,41.873,29.991,1.421,853.508,33.409,-39.446,-38.002,-58.842,-29.469,-18.749,-18.903,3.105,0.351,5.747,154.416,-0.042,147.515,25.02,-4.709,594.768,14.729,29.728,-37.109,-38.871,-56.582,-61.137,2.729,-1.522,-1.36,-1.322,-1.891,1.773,5,603.61,14198
134,1,134,764.104,33.629,34.125,1687.41,43.774,33.022,1.522,1493.644,38.357,-43.206,-37.565,-58.329,-28.801,-1.273,-14.98,1.331,-0.809,10.761,129.937,-0.01,911.09,31.633,32.15,1132.077,41.408,30.015,1.436,860.429,33.32,-39.65,-39.608,-60.234,-29.131,-18.706,-19.127,3.214,0.354,5.494,159.761,-0.049,146.658,25.018,-4.151,589.81,14.843,29.168,-36.708,-38.469,-56.68,-61.189,2.802,-1.234,-1.535,-1.307,-1.465,1.407,5,598.547,13390
135,1,135,787.405,33.613,33.959,1609.177,44.179,32.997,1.513,1436.803,39.653,-38.424,-34.462,-57.948,-29.204,-1.037,-14.989,1.135,-0.831,11.067,129.96,0.002,925.834,31.638,32.122,1122.572,41.487,29.995,1.436,848.53,33.634,-38.142,-36.781,-57.637,-30.262,-19.057,-19.245,3.161,0.352,5.497,155.362,-0.008,142.571,25.029,-4.337,589.286,14.893,29.365,-36.315,-37.923,-55.724,-61.716,2.894,-1.443,-1.394,-1.378,-1.46,1.158,5,614.251,15618
201,1,101,808.9226667,33.48966667,34.13333333,1702.411333,43.473,33.03,1.481666667,1485.675333,38.63633333,-42.643,-39.40133333,-56.652,-28.4,-1.316666667,-15.009,0.182333333,-1.285,12.2,120.1833333,-0.025,948.0506667,31.555,31.88,1121.054333,39.29366667,30.02866667,1.414666667,858.4036667,33.506,-38.52466667,-39.68833333,-58.415,-30.66566667,-21.291,-20.31966667,2.121666667,0.5,7.087,151.1496667,-0.022333333,173.0536667,24.96166667,-5.031666667,599.8033333,14.24566667,30.02233333,-38.73166667,-40.70833333,-56.842,-62.212,2.65,-1.424,-1.396333333,-1.231333333,-1.444333333,0.040333333,5,545.6716667,9171
202,1,102,819.43,33.43033333,34.16066667,1717.829667,43.355,33.03233333,1.486333333,1494.823667,38.424,-43.67666667,-40.16666667,-55.45033333,-29.351,-1.053,-15.183,0.204,-1.273333333,11.77566667,125.0496667,-0.021333333,955.6793333,31.52433333,31.84566667,1112.089333,39.298,30.016,1.419333333,854.447,33.56166667,-38.39466667,-37.74866667,-57.95966667,-29.33066667,-21.073,-20.071,2.136666667,0.499,6.985333333,151.291,-0.015,187.1666667,24.99266667,-5.002,592.944,14.506,30.024,-38.40833333,-40.37633333,-57.056,-61.361,2.710333333,-1.467666667,-1.575333333,-1.372,-1.518,0.041,5,582.7136667,11036
203,1,103,804.8763333,33.34033333,34.07633333,1689.875,43.224,33.01966667,1.490666667,1484.417667,38.57966667,-42.61,-38.01633333,-53.76366667,-29.36066667,-1.184333333,-15.35033333,0.151,-1.284,11.761,129.008,-0.028666667,932.9426667,31.63466667,31.94933333,1134.429,39.45333333,30.01433333,1.421333333,862.218,33.248,-38.717,-38.82533333,-58.246,-29.34033333,-20.84133333,-20.072,2.107,0.499666667,6.374,161.0093333,-0.041333333,166.0593333,24.95366667,-4.789,585.1956667,14.55733333,29.77133333,-38.39666667,-40.30566667,-56.97333333,-62.46866667,2.739333333,-1.504666667,-1.610666667,-1.368333333,-1.495666667,0.040666667,5,543.497,12548
204,1,104,765.0146667,33.21966667,33.845,1611.245,42.98366667,33.01266667,1.482333333,1456.321,39.26133333,-40.955,-38.55433333,-53.48633333,-29.39766667,-1.271333333,-15.23966667,0.153333333,-1.29,11.90166667,127.384,-0.003666667,927.676,31.546,31.87066667,1123.993333,39.10833333,30.02633333,1.408,868.2263333,33.10566667,-39.321,-39.68833333,-58.30566667,-29.75266667,-21.49033333,-20.28633333,2.112,0.499666667,7.079666667,150.771,-0.022,182.7813333,24.987,-5.291666667,574.957,14.91833333,30.308,-38.67133333,-40.66766667,-56.871,-61.718,2.637666667,-1.652,-1.385,-1.465666667,-1.62,0.042666667,5,567.6593333,14978.66667
205,1,105,815.2783333,33.455,34.18766667,1734.15,43.21333333,33.025,1.497,1502.965,38.14633333,-45.85466667,-39.96333333,-55.18966667,-29.24333333,-1.285,-15.237,0.187333333,-1.285,11.53466667,129.486,-0.033333333,956.1996667,31.52933333,31.88433333,1120.687667,39.344,30.00433333,1.424666667,856.9253333,33.37533333,-39.55933333,-41.16533333,-57.281,-29.98566667,-21.625,-20.476,2.125666667,0.499333333,6.742,154.793,-0.024333333,173.7546667,24.99466667,-4.836666667,579.8486667,14.82566667,29.86033333,-38.18433333,-40.16566667,-57.427,-62.43833333,2.745666667,-1.585333333,-1.334333333,-1.314333333,-1.561333333,0.041,5,582.0923333,17751.33333
206,1,106,815.8063333,33.37166667,34.01333333,1642.534333,43.826,32.98966667,1.486,1446.240333,39.32466667,-40.33,-38.686,-54.254,-29.046,-1.507666667,-15.452,0.140333333,-1.285666667,11.83233333,127.851,-0.032666667,941.9866667,31.68433333,32.00833333,1152.191,39.378,30.03033333,1.419333333,874.08,32.91666667,-38.566,-38.65466667,-57.908,-29.65066667,-21.29133333,-20.15033333,2.106666667,0.499333333,6.675,152.2416667,-0.021,177.899,24.961,-5.238666667,567.351,15.01833333,30.22833333,-39.00566667,-41.019,-57.26866667,-61.89033333,2.593,-1.551666667,-1.499333333,-1.359,-1.555666667,0.041666667,5,555.7586667,9591.666667
207,1,107,809.2446667,33.443,34.061,1657.593333,43.91033333,33.02266667,1.485,1455.512333,39.37166667,-42.398,-39.22666667,-54.34833333,-29.31066667,-1.419333333,-15.563,0.150666667,-1.274666667,11.516,129.5066667,-0.029666667,949.5666667,31.526,31.796,1106.291,39.05333333,30.02166667,1.423666667,850.936,33.74466667,-38.194,-37.46266667,-58.119,-29.64366667,-20.879,-19.83866667,2.111666667,0.499333333,6.741666667,158.8303333,-0.030333333,174.9593333,24.989,-4.976333333,605.21,14.214,29.994,-38.5,-40.45,-56.905,-62.48,2.685666667,-1.529,-1.478,-1.294,-1.511,0.040333333,5,568.444,9163.666667
208,1,108,826.4636667,33.42266667,34.11833333,1699.963333,43.385,33.02766667,1.479,1486.057333,38.606,-42.27933333,-39.08033333,-54.55166667,-29.253,-1.489333333,-15.57233333,0.166666667,-1.294333333,12.06766667,124.3173333,-0.029,962.2893333,31.557,31.86233333,1116.776,39.28266667,30.00266667,1.409,854.9226667,33.43933333,-38.52233333,-39.209,-59.01733333,-28.48166667,-21.07566667,-20.23866667,2.112666667,0.501333333,7.042666667,149.435,-0.024333333,189.94,24.99633333,-4.965333333,609.9413333,14.13266667,29.99033333,-38.31666667,-40.365,-56.67466667,-61.07266667,2.711666667,-1.542,-1.544666667,-1.313333333,-1.537,0.041333333,5,590.3013333,9061.333333
209,1,109,806.0366667,33.48533333,34.17066667,1714.939667,43.524,32.998,1.479666667,1485.424333,38.362,-44.50733333,-40.979,-54.76,-28.30733333,-1.174333333,-15.183,0.207333333,-1.271666667,11.90366667,126.9283333,-0.03,950.0156667,31.598,31.885,1121.357667,39.328,30.009,1.418333333,858.9726667,33.331,-39.92933333,-39.307,-58.30866667,-31.11633333,-21.039,-20.097,2.140333333,0.498333333,6.974,152.036,-0.042,170.3896667,24.95933333,-5.233,581.719,14.661,30.22166667,-38.862,-40.786,-57.068,-61.94633333,2.619333333,-1.538333333,-1.436666667,-1.315666667,-1.510666667,0.043,5,561.533,8467.333333
210,1,110,819.5796667,33.39833333,34.02,1629.714,44.237,33.02766667,1.483,1441.100667,39.811,-39.35533333,-38.188,-53.04966667,-29.20466667,-1.532,-15.80133333,0.128,-1.278333333,12.27466667,122.751,-0.02,954.414,31.736,32.04433333,1157.158,39.535,30.03966667,1.415666667,876.3526667,32.903,-38.77133333,-37.77866667,-58.33933333,-29.89433333,-20.642,-19.61933333,2.105333333,0.498333333,7.14,148.6253333,-0.047333333,182.778,24.998,-5.308,587.4743333,14.652,30.33466667,-38.73166667,-40.768,-57.13533333,-61.74633333,2.638333333,-1.462333333,-1.663,-1.240666667,-1.559,0.041,5,580.381,12613.66667
