Header Section,,,,,,,,,,,,,,,,,,,,,,,,,,,,,,,,,,,,,,,,,,,,,,,,,,,,,,,,,,
,,,,,,,,,,,,,,,,,,,,,,,,,,,,,,,,,,,,,,,,,,,,,,,,,,,,,,,,,,
Data Section,,,,,,,,,,,,,,,,,,,,,,,,,,,,,,,,,,,,,,,,,,,,,,,,,,,,,,,,,,
Device#,1,2,3,4,5,6,7,8,9,10,11,12,13,14,15,16,17,18,19,20,21,22,23,24,25,26,27,28,29,30,31,32,33,34,35,36,37,38,39,40,41,42,43,44,45,46,47,48,49,50,51,52,53,54,55,56,57,58
Test Item,Site No,Device ID,GSM Idle Current,GSM900 Max Pout@-2dBm,GSM900 Max Pout,GSM900 Max Icc,GSM900 Max PAE,GSM900 Max Fwd Iso1,GSM900 Max Fwd Iso2,GSM900 CMOS Pout,GSM900 Pout Slope1,GSM900 Rated Pout,GSM900 Rated Vramp,GSM900 Rated ICC,GSM900 Rated PAE,GSM900 2nd har@33dBm,GSM900 3rd har@33dBm,GSM900 Stress Delta,GSM900 Pout Leakage@RX1,GSM900 Pout Leakage@RX2,GSM900 Pout Leakage@RX3,GSM900 Pout Leakage@RX4,DCS Idle Current,DCS1800 Max Pout@-2dBm,DCS1800 Max Pout,DCS1800 Max Icc,DCS1800 Max PAE,DCS1800 Max Fwd Iso1,DCS1800 Max Fwd Iso2,DCS1800 CMOS Pout,DCS1800 Pout Slope1,DCS1800 Rated Pout,DCS1800 Rated Vramp,DCS1800 Rated ICC,DCS1800 Rated PAE,DCS1800 2nd har@30dBm,DCS1800 3rd har@30dBm,DCS1800 Stress Delta,DCS1800 Pout Leakage@RX1,DCS1800 Pout Leakage@RX2,DCS1800 Pout Leakage@RX3,DCS1800 Pout Leakage@RX4,Insertion Loss@RX1 869MHz,Insertion Loss@RX2 960MHz,Insertion Loss@RX3 1805MHz,Insertion Loss@RX4 1990MHz,TD2025 Idle Current,TD2025 25dBm Pout,TD2025 25dBm Pin,TD2025 25dBm Icc,TD2025 25dBm PAE,TD2025 25dBm Gain,TD2025 25dBm ACLR(-1.6MHz),TD2025 25dBm ACLR(1.6MHz),TD2025 25dBm ACLR(-3.2MHz),TD2025 25dBm ACLR(3.2MHz),TD2025 25dBm EVM,Leakage Current
Lower Tolerance,,,60,0.2,0.2,60,,3,2,1.5,,,,60,,2,2,,1,1,1,1,60,0.3,0.3,60,,3,2,1.5,,,,60,,3,3,,2,2,1,1,0.3,0.3,0.3,0.3,50,,0.35,50,,0.35,0.5,0.5,1,1,0.5,5
Upper Tolerance,,,60,0.2,0.2,60,,3,2,1.5,,,,60,,2,2,,1,1,1,1,60,0.2,0.2,60,,3,2,1.5,,,,60,,3,3,,2,2,1,1,0.3,0.3,0.3,0.3,50,,0.35,50,,0.35,0.5,0.5,1,1,0.5,5
Enable,,,1,1,1,1,0,1,1,1,0,0,0,1,0,1,1,0,1,1,1,1,1,1,1,1,0,1,1,1,0,0,0,1,0,1,1,0,1,1,1,1,1,1,1,1,1,0,1,1,0,1,1,1,1,1,1,1
1,1,701,863.91,33.794,33.895,1609.645,43.518,-52.92,-29.423,11.845,131.593,33.002,1.472,1416.886,40.786,-33.394,-48.85,-0.036,0.717,-16.976,0.38,-1.424,1003.5,31.713,32.137,1199.087,39.224,-64.852,-36.489,5.951,145.681,30.004,1.388,837.453,34.146,-41.021,-46.381,-0.026,-13.388,-16.43,2.822,0.341,-1.825,-2.008,-1.917,-1.878,160.635,24.955,-5.775,562.429,15.899,30.73,-37.287,-39.768,-54.745,-56.843,5.239,0.225
2,1,702,865.264,33.734,33.844,1593.264,43.456,-51.515,-30.069,12.244,134.364,32.965,1.462,1410.526,40.628,-33.774,-45.074,-0.042,0.653,-17,0.482,-1.541,1016.806,31.758,32.069,1185.467,39.093,-65.983,-35.801,6.295,144.562,29.993,1.378,831.137,34.323,-41.092,-41.118,-0.034,-14.326,-17.439,2.875,0.173,-1.813,-2.001,-1.909,-1.856,182.455,24.967,-5.923,583.012,15.379,30.889,-37.302,-39.834,-54.664,-57.182,5.145,0.227
3,1,703,864.163,33.819,33.921,1644.092,42.868,-53.38,-30.362,11.645,130.278,33.007,1.481,1445.035,40.027,-32.636,-47.249,-0.045,0.396,-16.889,0.696,-1.449,994.659,31.505,31.868,1132.131,39.219,-59.623,-35.307,5.492,152.019,30.012,1.397,808.142,35.453,-41.704,-42.134,-0.027,-13.698,-16.821,3.058,0.289,-1.818,-1.995,-1.921,-1.8,158.777,24.961,-5.781,563.847,15.881,30.742,-37.301,-39.788,-54.325,-56.993,5.181,0.224
4,1,704,851.828,33.621,33.723,1566.837,42.971,-53.024,-29.978,11.775,130.992,33.044,1.5,1412.623,41.312,-32.932,-44.271,-0.042,0.805,-17.334,0.165,-1.519,984.088,31.578,32.062,1178.565,39.278,-64.235,-33.843,5.508,153.976,30.044,1.406,830.307,34.762,-41.008,-42.699,-0.035,-13.804,-16.688,2.646,0.291,-1.821,-2,-1.906,-1.876,155.876,24.966,-5.747,572.075,15.67,30.712,-37.235,-39.712,-54.122,-56.592,5.305,0.225
5,1,705,863.499,33.625,33.758,1585.83,42.801,-52.553,-30.007,12.052,132.825,33.026,1.481,1430.576,40.616,-33.02,-43.806,-0.042,0.659,-17.691,0.039,-1.52,1002.024,31.547,31.983,1160.935,39.199,-64.576,-36.07,6.296,147.126,30.041,1.388,824.104,34.997,-39.476,-36.877,-0.024,-13.681,-16.507,2.553,0.244,-1.848,-2.024,-1.927,-1.885,167.56,24.951,-5.83,573.313,15.582,30.781,-37.271,-39.754,-54.456,-56.772,5.192,0.23
6,1,706,856.545,33.756,33.869,1595.684,43.644,-52.446,-29.938,11.989,133.078,33.005,1.472,1420.843,40.699,-33.468,-45.044,-0.042,0.611,-17.43,0.352,-1.447,1003.858,31.779,32.068,1186.104,39.058,-66.075,-34.073,6.202,150.992,29.961,1.378,825.344,34.307,-39.92,-38.577,-0.026,-12.974,-16.152,2.784,0.314,-1.827,-2.011,-1.931,-1.906,174.421,24.962,-6.05,578.266,15.487,31.012,-37.345,-39.834,-54.672,-57.117,5.123,0.231
7,1,707,859.297,33.833,33.948,1645.158,43.1,-52.224,-29.542,11.24,127.749,33.047,1.491,1450.39,40.243,-34.483,-45.339,-0.039,0.747,-17.28,0.596,-1.393,984.062,31.568,31.942,1167.54,38.592,-65.838,-35.199,5.298,151.157,30.04,1.416,831.032,34.7,-38.962,-39.374,-0.02,-13.018,-16.186,3.039,0.387,-1.838,-2.028,-1.94,-1.911,149.853,24.959,-5.091,577.531,15.497,30.05,-37.161,-39.538,-54.034,-56.293,5.366,0.231
8,1,708,871.275,33.802,33.998,1658.944,43.239,-51.838,-30.245,12.036,132.878,32.994,1.462,1457.178,39.572,-34.994,-45.604,-0.038,0.412,-16.971,0.311,-1.582,1018.055,31.754,32.071,1190.272,38.941,-65.492,-36.121,6.657,141.168,29.969,1.369,831.967,34.096,-39.845,-40.341,-0.02,-13.111,-16.223,2.801,0.249,-1.829,-2.005,-1.907,-1.888,181.295,24.972,-5.974,578.201,15.525,30.946,-37.346,-39.86,-54.931,-57.269,5.062,0.232
9,1,709,858.039,33.85,34.017,1679.405,42.904,-52.538,-30.231,11.621,130.164,33.008,1.472,1472.991,39.264,-36.022,-45.894,-0.042,0.479,-16.945,0.213,-1.497,991.025,31.571,31.935,1158.34,38.858,-65.498,-36.395,6.055,148.735,29.992,1.388,818.574,34.839,-41.314,-40.942,-0.03,-14.694,-17.584,2.632,0.147,-1.832,-2.011,-1.89,-1.822,161.395,24.958,-5.762,569.419,15.713,30.72,-37.249,-39.747,-54.322,-56.819,5.268,0.232
10,1,710,860.948,33.868,33.993,1679.877,42.651,-52.859,-29.918,11.681,130.367,32.979,1.481,1467.679,39.149,-33.866,-47.804,-0.039,0.563,-16.969,0.543,-1.598,987.382,31.583,31.974,1171.628,38.737,-58.891,-35.799,5.643,152.55,30.035,1.406,832.421,34.604,-43.123,-48.17,-0.02,-14.564,-17.743,2.891,0.068,-1.832,-2.008,-1.956,-1.801,166.373,24.962,-5.712,583.45,15.351,30.674,-37.25,-39.729,-54.308,-56.65,5.206,0.231
11,1,711,874.892,33.802,33.912,1650.068,42.622,-52.926,-30.043,11.719,130.468,33.026,1.481,1447.577,40.13,-35.656,-45.674,-0.041,0.016,-17.474,0.629,-1.546,1002.714,31.531,31.907,1157.869,38.623,-65.855,-35.798,5.981,149.912,29.959,1.388,819.57,34.531,-42.039,-42.259,-0.031,-14.822,-17.796,2.953,0.123,-1.826,-2.01,-1.904,-1.877,165.974,24.967,-5.303,576.409,15.555,30.27,-37.172,-39.647,-54.136,-56.697,5.284,0.232
12,1,712,872.978,33.965,34.182,1757.377,42.581,-53.508,-30.316,11.656,130.118,32.972,1.481,1520.22,37.715,-38.865,-45.346,-0.049,0.626,-16.728,0.613,-1.496,994.799,31.545,31.895,1146.048,38.951,-65.286,-32.754,6.259,145.491,29.979,1.388,814.887,34.89,-40.833,-43.858,-0.026,-13.376,-16.529,3.006,0.211,-1.817,-2.002,-1.885,-1.834,192.798,24.956,-5.949,574.281,15.574,30.905,-37.404,-39.986,-55.159,-57.81,4.898,0.232
13,1,713,861.28,33.795,33.943,1647.255,43.005,-52.958,-29.949,11.329,127.565,32.965,1.481,1442.99,39.699,-35.956,-45.586,-0.041,0.592,-17.237,0.426,-1.509,997.367,31.562,32.007,1174.101,38.939,-64.268,-37.441,5.404,149.733,29.986,1.397,828.664,34.367,-40.48,-42.216,-0.024,-13.558,-16.565,2.891,0.286,-1.824,-2.008,-1.913,-1.885,155.244,24.969,-5.461,592.155,15.149,30.429,-37.158,-39.597,-54.176,-56.44,5.393,0.232
14,1,714,869.309,34.002,34.142,1744.421,42.505,-53.248,-30.404,11.566,129.217,32.951,1.481,1500.205,38.043,-38.625,-45.469,-0.046,0.47,-17.179,0.607,-1.714,1001.421,31.711,32.039,1180.33,39.004,-65.738,-35.85,5.895,148.74,29.962,1.388,825.851,34.293,-40.685,-46.602,-0.023,-14.505,-17.731,2.992,0.043,-1.84,-2.02,-1.931,-1.886,169.701,24.965,-5.908,570.283,15.715,30.873,-37.302,-39.835,-54.59,-57.156,5.129,0.234
15,1,715,866.636,33.718,33.887,1637.278,42.709,-51.772,-30.316,11.62,129.497,32.993,1.491,1452.286,39.696,-35.596,-43.685,-0.037,0.554,-17.281,0.062,-1.615,989.828,31.533,31.962,1162.979,38.931,-64.561,-36.512,5.689,146.777,29.969,1.406,821.413,34.532,-41.37,-39.196,-0.026,-13.613,-16.611,2.56,0.209,-1.857,-2.023,-1.931,-1.892,169.172,24.969,-5.667,582.831,15.393,30.636,-37.282,-39.795,-54.514,-56.991,5.211,0.241
16,1,716,866.461,33.715,33.886,1596.322,43.793,-52.923,-30.093,11.965,132.669,32.989,1.472,1421.106,40.545,-35.069,-45.846,-0.04,0.624,-17.133,0.269,-1.571,1001.447,31.739,32.115,1203.306,38.877,-65.615,-36.074,5.708,150.982,29.987,1.388,841.332,33.862,-41.491,-41.908,-0.032,-14.422,-17.412,2.677,0.16,-1.842,-2.025,-1.926,-1.889,165.548,24.95,-5.896,565.356,15.798,30.846,-37.272,-39.762,-54.545,-56.746,5.238,0.241
17,1,717,869.265,33.816,33.973,1660.849,42.942,-52.964,-29.71,11.892,131.49,33.036,1.481,1462.394,39.81,-35.363,-46.019,-0.049,0.609,-17.02,0.417,-1.497,993.095,31.542,31.946,1149.15,39.295,-65.211,-36.798,5.843,149.944,30.016,1.397,812.965,35.276,-42.103,-38.907,-0.028,-14.994,-17.86,2.771,0.116,-1.828,-2.011,-1.897,-1.856,153.567,24.97,-5.499,571.753,15.694,30.469,-37.188,-39.709,-54.289,-56.858,5.334,0.239
18,1,718,855.104,33.569,33.699,1561.936,42.868,-52.075,-29.777,11.605,129.743,32.997,1.5,1406.306,41.05,-34.212,-44.448,-0.039,0.466,-17.834,-0.111,-1.689,985.591,31.493,31.959,1155.457,39.181,-64.728,-36.382,5.823,148.234,29.974,1.406,814.974,34.848,-42.674,-43.79,-0.029,-15.183,-17.828,2.341,0.042,-1.824,-1.988,-1.892,-1.857,160.222,24.964,-5.716,573.043,15.638,30.681,-37.248,-39.705,-54.505,-56.63,5.246,0.24
19,1,719,870.453,33.965,34.087,1708.217,42.868,-53.968,-30.527,11.094,126.818,32.99,1.481,1475.577,39.037,-38.752,-45.81,-0.05,0.307,-17.013,0.487,-1.749,1008.104,31.476,31.882,1138.954,39.093,-64.572,-34.152,5.798,151.607,30.006,1.397,811.069,35.278,-41.492,-40.012,-0.017,-15.251,-18.032,2.855,0.096,-1.813,-2.004,-1.895,-1.857,163.446,24.959,-5.531,583.953,15.325,30.49,-37.206,-39.719,-54.577,-56.881,5.277,0.24
20,1,720,854.973,33.874,34.015,1695.052,42.485,-53.457,-30.595,11.221,127.832,33.02,1.491,1493.268,38.833,-38.924,-45.729,-0.047,-0.063,-17.105,0.587,-1.627,979.807,31.504,31.865,1139.391,38.92,-65.473,-36.265,5.497,155.061,30.021,1.406,816.652,35.155,-42.26,-41.787,-0.029,-15.01,-17.972,2.982,0.101,-1.833,-2.019,-1.895,-1.867,154.612,24.954,-5.716,552.137,16.19,30.67,-37.25,-39.712,-54.242,-56.726,5.248,0.238
21,1,721,860.608,34.078,34.252,1787.648,42.548,-53.721,-30.622,10.772,129.419,32.987,1.5,1542.803,37.284,-40.966,-42.261,-0.054,0.709,-16.857,0.713,-1.531,1009.083,31.844,32.16,1191.486,39.705,-66.587,-33.225,5.8,152.225,29.969,1.378,823.684,34.441,-39.395,-36.794,-0.034,-14.321,-17.478,2.931,0.111,-1.88,-2.069,-1.973,-1.944,173.441,24.95,-6.103,570.631,15.653,31.053,-37.38,-39.847,-54.702,-57.219,5.06,0.228
22,1,722,865.447,33.973,34.154,1738.873,42.763,-53.441,-29.92,11.586,129.556,33.023,1.491,1520.045,38.165,-39.921,-42.672,-0.044,0.803,-16.917,0.757,-1.501,1006.567,31.722,32.059,1171.785,39.491,-66.636,-33.556,5.558,151.645,30.007,1.388,818.845,34.951,-38.801,-36.271,-0.032,-14.295,-17.435,2.987,0.132,-1.874,-2.066,-1.982,-1.958,159.912,24.971,-5.616,552.653,16.24,30.587,-37.331,-39.765,-54.504,-56.879,5.132,0.227
23,1,723,857.366,33.959,34.176,1749.566,42.715,-54.289,-30.113,11.203,128.815,32.998,1.5,1527.025,37.778,-39.332,-42.561,-0.046,0.804,-16.87,0.721,-1.444,995.096,31.899,32.195,1198.859,39.758,-65.855,-32.451,5.496,157.232,29.982,1.378,828.358,34.346,-37.381,-36.962,-0.024,-13.135,-16.395,3.025,0.243,-1.874,-2.055,-1.958,-1.934,168.102,24.97,-6.295,542.078,16.553,31.265,-37.452,-39.942,-54.854,-57.239,4.969,0.227
24,1,724,857.908,33.948,34.201,1767.756,42.521,-54.141,-30.388,11.2,127.956,32.984,1.5,1539.955,37.332,-42.12,-42.137,-0.055,0.803,-16.86,0.839,-1.388,972.119,31.761,32.05,1173.262,39.359,-66.075,-34.327,5.893,152.77,30.034,1.388,824.357,34.932,-36.785,-37.379,-0.028,-13.059,-16.368,3.136,0.31,-1.879,-2.069,-1.973,-1.947,161.009,24.957,-5.978,557.438,16.05,30.935,-37.325,-39.818,-54.685,-56.954,5.155,0.225
25,1,725,860.442,33.8,33.937,1705.553,41.472,-53.553,-30.395,11.5,129.46,32.982,1.481,1474.109,39.004,-40.439,-43.198,-0.053,0.774,-17.253,0.224,-1.569,994.58,31.52,31.954,1148.774,39.383,-64.463,-35.647,5.877,149.632,29.959,1.388,808.579,35,-38.276,-39.06,-0.023,-13.773,-16.66,2.654,0.199,-1.86,-2.055,-1.931,-1.905,159.139,24.952,-5.977,567.304,15.752,30.93,-37.308,-39.767,-54.072,-56.698,5.196,0.227
26,1,726,858.904,33.846,34.027,1665.505,43.356,-53.085,-30.021,11.833,131.75,32.987,1.481,1462.472,39.359,-36.702,-44.766,-0.048,0.834,-16.692,0.467,-1.503,993.82,31.731,32.068,1173.358,39.513,-65.534,-34.846,5.803,150.894,30.018,1.388,823.65,34.829,-36.113,-38.926,-0.03,-13.013,-16.177,2.906,0.334,-1.885,-2.058,-1.969,-1.947,166.515,24.973,-6.213,551.879,16.272,31.186,-37.421,-39.9,-54.846,-57.13,4.997,0.233
27,1,727,848.595,33.9,34.072,1695.602,43.033,-53.672,-30.271,11.694,131.154,32.993,1.462,1488.734,38.716,-37.563,-43.758,-0.042,0.784,-16.967,0.345,-1.512,993.375,31.777,32.068,1174.546,39.47,-65.93,-34.515,6.056,151.115,30.047,1.369,827.231,34.912,-37.436,-36.435,-0.027,-12.913,-16.15,2.833,0.314,-1.875,-2.066,-1.965,-1.929,165.767,24.962,-6.097,558.637,16.032,31.059,-37.381,-39.839,-54.519,-57.061,5.099,0.228
28,1,728,870.034,34.093,34.213,1766.463,42.67,-53.361,-30.795,12.053,132.955,32.974,1.444,1521.216,37.714,-39.471,-44.129,-0.052,0.968,-16.797,0.455,-1.508,1026.127,31.718,32.013,1173.489,39.018,-65.627,-34.768,8.262,126.318,30,1.35,830.385,34.408,-37.74,-36.653,-0.028,-13.073,-16.277,2.892,0.306,-1.848,-2.047,-1.939,-1.92,260.918,24.953,-6.9,585.488,15.264,31.853,-37.634,-40.293,-56.134,-59.448,4.442,0.227
29,1,729,863.7,33.926,34.062,1687.538,43.142,-53.386,-30.365,11.792,131.312,32.977,1.462,1474.878,38.94,-37.159,-44.123,-0.038,0.87,-17.045,0.421,-1.516,996.214,31.716,32.021,1175.402,39.019,-65.565,-34.946,6.285,147.302,30.023,1.378,828.586,34.667,-36.941,-36.791,-0.029,-13.003,-16.219,2.9,0.308,-1.872,-2.06,-1.962,-1.941,180.753,24.96,-6.244,585.823,15.282,31.204,-37.354,-39.819,-54.883,-57.079,5.061,0.225
30,1,730,860.835,33.941,34.069,1700.783,42.871,-52.675,-30.265,11.954,132.694,33.02,1.462,1490.324,38.909,-36.458,-43.735,-0.045,0.738,-17.26,0.373,-1.494,1011.905,31.846,32.141,1198.283,39.287,-65.896,-33.866,6.442,145.521,30.031,1.369,836.466,34.401,-37.121,-37.373,-0.029,-12.859,-16.034,2.858,0.338,-1.888,-2.074,-1.978,-1.967,188.813,24.957,-6.424,565.988,15.806,31.381,-37.438,-39.962,-55.291,-57.624,4.889,0.224
31,1,731,846,33.718,33.91,1672.73,42.024,-52.94,-29.904,11.694,130.807,33.018,1.481,1471.174,39.404,-37.499,-44.554,-0.047,0.937,-16.836,0.488,-1.427,988.762,31.707,32.118,1187.38,39.468,-64.95,-36.134,5.666,153.415,30.031,1.388,832.639,34.558,-37.146,-40.072,-0.037,-13.223,-16.355,2.924,0.347,-1.879,-2.066,-1.984,-1.971,155.85,24.953,-6.149,547.985,16.309,31.102,-37.35,-39.778,-54.631,-56.697,5.163,0.222
32,1,732,862.425,33.924,34.047,1690.823,42.912,-53.926,-30.285,11.643,129.784,33.025,1.481,1486.06,39.067,-35.785,-44.272,-0.041,1.013,-16.655,0.435,-1.455,1008.576,31.62,31.94,1156.68,38.964,-65.557,-35.956,5.49,150.787,30.002,1.397,816.049,35.025,-37.307,-36.528,-0.023,-12.956,-16.095,2.83,0.305,-1.881,-2.061,-1.983,-1.963,158.893,24.977,-5.73,572.346,15.704,30.707,-37.3,-39.722,-54.537,-56.666,5.272,0.222
33,1,733,858.179,33.639,33.783,1629.424,41.896,-53.06,-29.518,11.99,132.368,33.034,1.481,1450.704,40.118,-35.897,-43.997,-0.044,0.876,-17.161,0.437,-1.37,1003.378,31.577,32.03,1162.28,39.575,-64.289,-35.743,5.883,149.253,30.038,1.388,821.125,35.1,-37.234,-37.905,-0.021,-13.615,-16.486,2.842,0.375,-1.891,-2.073,-1.971,-1.956,154.676,24.954,-5.993,555.4,16.095,30.946,-37.315,-39.754,-54.228,-56.607,5.234,0.224
34,1,734,859.594,33.918,34.121,1719.749,42.914,-54.069,-30.051,11.332,127.842,33.021,1.5,1508.548,38.45,-38.769,-45.003,-0.054,0.935,-16.894,0.415,-1.488,984.944,31.579,31.927,1151.447,39.039,-65.296,-35.933,5.704,150.56,30.045,1.406,819.814,35.216,-36.244,-36.988,-0.026,-13.105,-16.247,2.843,0.297,-1.88,-2.071,-1.982,-1.959,154.264,24.954,-5.779,567.768,15.746,30.734,-37.294,-39.768,-54.402,-56.818,5.238,0.223
35,1,735,850.508,33.744,33.881,1690.386,41.31,-51.488,-30.199,11.326,128.527,33.038,1.5,1485.152,39.21,-37.004,-43.903,-0.044,0.938,-16.943,0.482,-1.388,981.31,31.616,32.09,1181.719,39.412,-64.225,-35.26,5.535,152.635,29.958,1.388,824.689,34.309,-36.913,-39.743,-0.031,-13.509,-16.472,2.808,0.279,-1.894,-2.072,-1.994,-1.967,157.978,24.957,-6.218,557.554,16.047,31.176,-37.345,-39.744,-54.443,-56.668,5.205,0.224
36,1,736,862.364,34.063,34.21,1757.831,42.846,-53.761,-30.16,12.172,133.394,32.962,1.453,1515.144,37.756,-39.647,-44.031,-0.037,0.8,-16.803,0.404,-1.548,1016.876,31.813,32.117,1193.574,39.236,-65.777,-34.245,8.148,123.69,29.995,1.35,837.523,34.071,-37.022,-37.865,-0.026,-12.915,-16.108,2.876,0.306,-1.882,-2.077,-1.981,-1.963,232.842,24.951,-6.882,583.747,15.304,31.833,-37.539,-40.092,-55.748,-58.556,4.659,0.224
37,1,737,855.086,33.792,33.937,1700.433,41.6,-53.176,-30.213,11.623,130.249,33.019,1.481,1485.047,39.04,-38.212,-43.968,-0.051,1.071,-16.746,0.449,-1.369,999.525,31.565,31.996,1165.635,39.146,-64.46,-35.236,6.055,149.289,30.02,1.388,826.367,34.736,-36.871,-36.803,-0.024,-13.477,-16.477,2.873,0.374,-1.875,-2.065,-1.968,-1.956,163.872,24.951,-6.069,575.996,15.51,31.02,-37.289,-39.759,-54.436,-56.714,5.223,0.236
38,1,738,859.446,33.932,34.063,1704.277,42.725,-51.022,-29.913,11.963,131.897,33.018,1.481,1498.169,38.692,-35.997,-43.819,-0.036,0.822,-17.185,0.418,-1.463,999.464,31.648,31.962,1159.878,39.047,-65.625,-35.311,6.23,146.353,30.029,1.388,821.518,35.011,-37.203,-38.007,-0.027,-12.975,-16.132,2.866,0.321,-1.888,-2.072,-1.987,-1.962,162.646,24.962,-5.89,570.064,15.712,30.853,-37.327,-39.805,-54.708,-56.905,5.152,0.23
39,1,739,859.114,33.884,34.026,1673.988,43.13,-53.74,-30.088,11.629,130.081,33.023,1.481,1472.143,39.424,-36.547,-45.017,-0.038,0.927,-16.667,0.428,-1.468,993.768,31.555,31.957,1151.447,39.306,-64.693,-36.172,5.95,147.166,29.956,1.388,810.545,34.895,-36.882,-38.607,-0.024,-13.468,-16.496,2.748,0.225,-1.907,-2.095,-2.002,-1.978,162.75,24.963,-5.981,561.771,15.947,30.945,-37.369,-39.809,-54.642,-56.942,5.137,0.229
40,1,740,857.751,33.939,34.073,1696.79,43.018,-53.373,-30.18,11.805,130.916,32.996,1.481,1480.329,38.962,-37.572,-44.977,-0.054,0.979,-17.06,0.362,-1.54,988.779,31.651,32.018,1169.112,39.217,-65.459,-36.017,5.627,151.574,30.024,1.397,824.27,34.853,-37.35,-36.918,-0.032,-13.187,-16.345,2.837,0.267,-1.865,-2.062,-1.956,-1.929,156.533,24.95,-5.985,558.199,16.001,30.935,-37.299,-39.737,-54.162,-56.653,5.236,0.228
41,1,741,855.121,33.729,33.863,1653.641,42.049,-53.125,-30.258,11.692,130.471,33.02,1.491,1459.458,39.749,-35.435,-44.455,-0.038,0.896,-16.984,0.2,-1.547,967.192,31.526,31.95,1150.687,39.277,-64.875,-35.315,5.841,151.286,29.987,1.397,813.9,34.997,-36.838,-37.832,-0.02,-13.474,-16.428,2.623,0.222,-1.899,-2.068,-1.974,-1.94,159.448,24.952,-6.075,557.128,16.039,31.027,-37.351,-39.767,-54.404,-56.773,5.158,0.226
