Header Section,,,,,,,,,,,,,,,,
Product,VC1623,,,,,,,,,,,,,,,
Test Plan,Rev(D),,,,,,,,,,,,,,,
Release Date,2016/9/7,,,,,,,,,,,,,,,
Comment,1-40/A5_01;,,,,,,,,,,,,,,,
,,,,,,,,,,,,,,,,
Data Section,,,,,,,,,,,,,,,,
Device#,1,2,3,4,5,6,7,8,9,10,11,12,13,14,15,16
Test Item,Site No,Device ID,Current1,Leakage_V1,Leakage_V2,Insertion1 RF1 to ANT,Insertion1 RF2 to ANT,Insertion1 RF3 to ANT,Iso1 RF1 to RF2,Iso1 RF1 to RF3,Iso1 RF2 to RF1,Iso1 RF2 to RF3,Iso1 RF3 to RF1,Iso1 RF3 to RF2,Test Time,Index Time
Low Tolerance,,,10,,,0.2,0.2,0.2,1.5,1.5,1.5,1.5,1.5,1.5,,
High Tolerance,,,10,,,0.2,0.2,0.2,1.5,1.5,1.5,1.5,1.5,1.5,,
Enable,,,1,,,1,1,1,1,1,1,1,1,1,0,0
1,1,1,39.044,0.008,0.004,0.466,0.488,0.480,14.603,23.234,13.485,25.291,20.520,23.474,251.434,10.625
2,1,2,35.125,0.011,0.008,0.471,0.491,0.483,14.622,23.179,13.527,25.159,20.590,23.580,248.664,32.102
3,1,3,37.055,0.008,0.012,0.461,0.476,0.474,14.690,23.349,13.617,25.524,20.633,23.713,251.463,25.621
4,1,4,35.171,0.005,0.007,0.472,0.494,0.485,14.664,23.198,13.567,25.224,20.550,23.526,249.667,23.806
5,1,5,39.173,0.010,0.009,0.466,0.488,0.483,14.623,23.160,13.537,25.315,20.468,23.454,251.154,23.144
6,1,6,36.524,0.007,0.006,0.450,0.475,0.465,14.735,23.281,13.590,25.334,20.495,23.495,248.978,18.311
7,1,7,37.533,0.007,0.007,0.460,0.492,0.495,14.596,23.034,13.444,25.171,20.304,23.373,247.670,20.315
8,1,8,37.516,0.008,0.009,0.452,0.484,0.478,14.722,23.184,13.549,25.288,20.382,23.476,250.814,20.548
9,1,9,37.412,0.008,0.005,0.455,0.487,0.479,14.695,23.140,13.510,25.176,20.399,23.345,255.827,22.241
10,1,10,37.175,0.005,0.011,0.453,0.483,0.472,14.671,23.236,13.544,25.267,20.444,23.555,249.873,23.112
11,1,11,37.722,0.005,0.006,0.458,0.485,0.479,14.652,23.226,13.522,25.235,20.462,23.408,253.967,34.110
12,1,12,36.136,0.007,0.002,0.458,0.483,0.485,14.656,23.204,13.526,25.225,20.456,23.432,253.356,18.656
13,1,13,40.511,0.007,0.010,0.455,0.484,0.483,14.678,23.264,13.520,25.348,20.376,23.420,255.756,27.749
14,1,14,39.323,0.009,0.010,0.455,0.480,0.487,14.629,23.354,13.517,25.372,20.381,23.310,246.923,37.770
15,1,15,34.829,0.004,0.007,0.471,0.494,0.498,14.691,23.299,13.542,25.352,20.445,23.468,252.732,21.917
16,1,16,40.406,0.009,0.009,0.472,0.499,0.497,14.658,23.230,13.513,25.273,20.334,23.421,258.209,24.702
17,1,17,37.406,0.008,0.007,0.476,0.497,0.494,14.670,23.296,13.549,25.388,20.503,23.424,247.135,18.619
18,1,18,40.817,0.008,0.009,0.469,0.496,0.487,14.638,23.298,13.500,25.314,20.462,23.544,257.077,20.477
19,1,19,35.593,0.007,0.004,0.473,0.498,0.494,14.658,23.272,13.576,25.350,20.562,23.625,248.612,31.749
20,1,20,37.372,0.005,0.007,0.475,0.500,0.490,14.596,23.173,13.496,25.267,20.415,23.305,253.860,20.821
21,1,21,36.376,0.005,0.006,0.470,0.501,0.490,14.643,23.269,13.498,25.306,20.475,23.516,250.174,19.790
22,1,22,39.960,0.006,0.013,0.472,0.509,0.492,14.655,23.242,13.513,25.278,20.429,23.357,250.058,21.330
23,1,23,39.026,0.005,0.008,0.468,0.494,0.474,14.565,23.258,13.433,25.302,20.444,23.448,249.716,18.268
24,1,24,35.982,0.009,0.005,0.466,0.494,0.485,14.636,23.307,13.489,25.328,20.452,23.449,246.890,19.710
25,1,25,37.268,0.006,0.006,0.466,0.495,0.479,14.602,23.349,13.447,25.304,20.494,23.502,247.898,20.786
26,1,26,35.224,0.008,0.005,0.467,0.488,0.475,14.621,23.415,13.478,25.380,20.561,23.532,248.840,21.542
27,1,27,36.769,0.007,0.009,0.460,0.489,0.473,14.552,23.281,13.463,25.388,20.468,23.387,249.114,19.096
28,1,28,37.361,0.008,0.011,0.461,0.494,0.487,14.614,23.266,13.469,25.254,20.442,23.566,247.863,19.109
29,1,29,34.906,0.009,0.005,0.470,0.493,0.486,14.614,23.363,13.449,25.309,20.501,23.604,255.253,20.121
30,1,30,37.512,0.006,0.013,0.463,0.490,0.477,14.571,23.370,13.427,25.386,20.520,23.587,252.670,20.187
