Header Section,,,,,,,,,,,,,,,,,,,,,,,,,,,,,,,,,,,,,,,,,,,,,,,,,,,,,,,,,,,,,,,,,,,,,,,,,,,,,,,,,,
Product,VC5276Q,,,,,,,,,,,,,,,,,,,,,,,,,,,,,,,,,,,,,,,,,,,,,,,,,,,,,,,,,,,,,,,,,,,,,,,,,,,,,,,,,
Test Plan,Rev(C),,,,,,,,,,,,,,,,,,,,,,,,,,,,,,,,,,,,,,,,,,,,,,,,,,,,,,,,,,,,,,,,,,,,,,,,,,,,,,,,,
Release Date,2013/6/19 16:24,,,,,,,,,,,,,,,,,,,,,,,,,,,,,,,,,,,,,,,,,,,,,,,,,,,,,,,,,,,,,,,,,,,,,,,,,,,,,,,,,
Comment,Qual Band,"VC5276C_1to54 generate in JCET,2013/7/10",,,,,,,,,,,,,,,,,,,,,,,,,,,,,,,,,,,,,,,,,,,,,,,,,,,,,,,,,,,,,,,,,,,,,,,,,,,,,,,,
,,,,,,,,,,,,,,,,,,,,,,,,,,,,,,,,,,,,,,,,,,,,,,,,,,,,,,,,,,,,,,,,,,,,,,,,,,,,,,,,,,
Data Section,,,,,,,,,,,,,,,,,,,,,,,,,,,,,,,,,,,,,,,,,,,,,,,,,,,,,,,,,,,,,,,,,,,,,,,,,,,,,,,,,,
Device#,1,2,3,4,5,6,7,8,9,10,11,12,13,14,15,16,17,18,19,20,21,22,23,24,25,26,27,28,29,30,31,32,33,34,35,36,37,38,39,40,41,42,43,44,45,46,47,48,49,50,51,52,53,54,55,56,57,58,59,60,61,62,63,64,65,66,67,68,69,70,71,72,73,74,75,76,77,78,79,80,81,82
Test Item,Site No,Device ID,GSM824 Idle Current,GSM824 Max Pout @ 0dBm Drive,GSM824 Max Pout,GSM824 Max Icc,GSM824 Max PAE,GSM824 Rated Pout,GSM824 Rated Vramp,GSM824 Rated Icc,GSM824 Rated PAE,GSM824 2nd har@33dBm,GSM824 3rd har@33dBm,GSM824 Fwd Isolation 1,GSM824 Fwd Isolation 2,GSM824 Pout Leakage@RX0,GSM824 Pout Leakage@RX1,GSM824 CMOS Pout,GSM824 Pout Slope,GSM824 Stress Delta,GSM915 Idle Current,GSM915 Max Pout @ 0dBm Drive,GSM915 Max Pout,GSM915 Max Icc,GSM915 Max PAE,GSM915 Rated Pout,GSM915 Rated Vramp,GSM915 Rated Icc,GSM915 Rated PAE,GSM915 2nd har@33dBm,GSM915 3rd har@33dBm,GSM915 Fwd Isolation 1,GSM915 Fwd Isolation 2,GSM915 Pout Leakage@RX0,GSM915 Pout Leakage@RX1,GSM915 CMOS Pout,GSM915 Pout Slope,GSM915 Stress Delta,DCS1785 Idle Current,DCS1785 Max Pout @ 0dBm Drive,DCS1785 Max Pout,DCS1785 Max Icc,DCS1785 Max PAE,DCS1785 Rated Pout,DCS1785 Rated Vramp,DCS1785 Rated Icc,DCS1785 Rated PAE,DCS1785 2nd har@33dBm,DCS1785 3rd har@33dBm,DCS1785 Fwd Isolation 1,DCS1785 Fwd Isolation 2,DCS1785 Pout Leakage@RX0,DCS1785 Pout Leakage@RX1,DCS1785 CMOS Pout,DCS1785 Pout Slope,DCS1785 Stress Delta,DCS1910 Idle Current,DCS1910 Max Pout @ 0dBm Drive,DCS1910 Max Pout,DCS1910 Max Icc,DCS1910 Max PAE,DCS1910 Rated Pout,DCS1910 Rated Vramp,DCS1910 Rated Icc,DCS1910 Rated PAE,DCS1910 2nd har@33dBm,DCS1910 3rd har@33dBm,DCS1910 Fwd Isolation 1,DCS1910 Fwd Isolation 2,DCS1910 Pout Leakage@RX0,DCS1910 Pout Leakage@RX1,DCS1910 CMOS Pout,DCS1910 Pout Slope,DCS1910 Stress Delta,Insertion Loss Rx0 869MHz,Insertion Loss Rx0 960MHz,Insertion Loss Rx1 1805MHz,Insertion Loss Rx1 1990MHz,Leakage Current,Leakage Current Delay Time,Test Time,Index Time
Low Tolerance,,,60,0.3,0.3,60,,,,60,,2,3,3,2,3,3,1,,,60,0.3,0.3,60,,,,60,,2,2,3,2,3,3,1,,,60,0.3,0.3,60,,,,60,,3,3,3,2,3,3,1,,,60,0.3,0.3,60,,,,60,,3,5,5,2,3,3,1,,,0.3,0.3,0.3,0.3,5,,,
High Tolerance,,,60,0.3,0.3,60,,,,60,,2,3,3,2,3,3,1,,,60,0.3,0.3,60,,,,60,,2,2,3,2,3,3,1,,,60,0.3,0.3,60,,,,60,,3,3,3,2,3,3,1,,,60,0.3,0.3,60,,,,60,,3,5,5,2,3,3,1,,,0.3,0.3,0.3,0.3,5,,,
Enable,,,1,1,1,1,0,0,0,1,0,1,1,1,1,1,1,1,0,0,1,1,1,1,0,0,0,1,0,1,1,1,1,1,1,1,0,0,1,1,1,1,0,0,0,1,0,1,1,1,1,1,1,1,0,0,1,1,1,1,0,0,0,1,0,1,1,1,1,1,1,1,0,0,1,1,1,1,0,0,0,0
1,1,1,801.68,33.89,34.01,1935.56,36.22,33.04,1.58,1728.82,33.75,-36.36,-35.56,-61.46,-26.84,-2.64,-4.8,10.24,119.23,-0.07,803.04,33.72,33.77,1745.39,36.96,33.02,1.57,1587.6,35.55,-41.11,-43.09,-59.06,-23.95,-0.78,-3.44,11.52,120.95,-0.03,1063.7,31.32,31.35,1121.75,34.56,30.01,1.47,891.19,32.1,-38.34,-44.14,-63.78,-26.06,-5.52,-4.59,5.63,156.6,-0.03,1063.1,31.15,31.31,1244.27,31.71,30.04,1.51,999.04,29.98,-32.7,-48.85,-67.31,-25.94,-4.65,-4.07,6.06,156.27,-0.05,-0.98,-0.82,-0.87,-0.9,0,55,575.82,186184.33
2,1,2,811.08,33.84,33.95,1962.85,35.27,32.98,1.6,1755.35,32.78,-35.23,-34.69,-61.42,-26.46,-2.68,-4.71,10.1,120.51,-0.08,812.71,33.76,33.82,1816.9,35.95,33.02,1.59,1639.45,34.41,-43.15,-42.27,-59.09,-22.84,-0.73,-3.32,11.32,121.45,-0.03,1056.35,31.19,31.22,1114.05,33.8,30.01,1.49,898.55,31.89,-36.84,-43.16,-63.98,-24.37,-5.42,-4.58,5.48,159.94,-0.03,1056.51,31.02,31.18,1259.96,30.35,30.03,1.54,1032.34,28.95,-32.51,-47.23,-67.53,-24.8,-4.66,-4.08,5.71,160.03,-0.05,-0.97,-0.83,-0.88,-0.91,0,55,682.21,1255.67
3,1,3,808.66,33.79,33.9,1953.95,34.96,32.98,1.6,1759.41,32.7,-33.03,-32.32,-61.25,-26.92,-2.95,-4.93,10.25,115.89,-0.07,809.72,33.83,33.9,1846.45,36.02,33.04,1.58,1655.76,34.28,-45.49,-41.68,-59.04,-23.63,-1.05,-3.53,11.4,119.13,-0.04,1053.54,31.21,31.24,1118.71,33.75,30.03,1.48,903.17,31.85,-36.95,-43.89,-64.05,-25.64,-5.6,-4.66,5.85,152.48,-0.03,1054.05,31.07,31.24,1278.5,30.31,30.04,1.53,1039.74,28.76,-33.32,-48.23,-67.1,-25.65,-4.71,-4.15,6.07,152.89,-0.05,-0.95,-0.82,-0.87,-0.9,0,55,568.17,590.32
4,1,4,803.52,33.86,33.97,1953.12,35.59,33.02,1.59,1750.9,33.16,-33.68,-34.07,-61.21,-26.82,-2.72,-4.83,10.33,116.43,-0.07,806.79,33.74,33.77,1777.55,36.34,33.04,1.58,1621.29,35.01,-43.73,-41.95,-58.94,-24.09,-0.8,-3.46,11.63,118.86,-0.03,1053.63,31.21,31.24,1115.86,33.89,30.01,1.48,898.79,31.85,-36.71,-43.89,-63.86,-25.8,-5.46,-4.63,5.89,154.59,-0.03,1053.42,31.04,31.21,1264.23,30.46,30.02,1.52,1027.92,28.98,-32.67,-47.3,-67.47,-26.03,-4.66,-4.14,6.07,152.55,-0.05,-0.96,-0.83,-0.88,-0.91,0,55,655.49,1125
5,1,5,800.53,33.86,33.98,1973.47,35.26,32.99,1.59,1763.65,32.71,-33.65,-34.75,-61.19,-27.56,-2.67,-4.89,10.38,114.4,-0.07,801.44,33.74,33.79,1798.08,36.05,33.03,1.58,1634.36,34.66,-43.82,-42.14,-59.07,-25.14,-0.77,-3.48,11.68,115.49,-0.04,1045.62,31.31,31.34,1124.61,34.37,29.99,1.47,892.45,31.96,-37.07,-43.76,-64.01,-28.21,-5.33,-4.61,5.84,154.29,-0.03,1046.29,31.13,31.3,1255.64,31.31,30.03,1.51,1007.58,29.67,-33.1,-49.35,-67.21,-28.32,-4.52,-4.11,6.21,152.22,-0.05,-0.96,-0.83,-0.87,-0.9,0,55,651.88,1008.03
6,1,6,811.81,33.88,33.99,1969.9,35.42,33,1.59,1755.97,32.88,-34.43,-34.53,-61.21,-26.61,-2.72,-4.83,10.34,117.69,-0.07,814.02,33.8,33.86,1825.39,36.14,33.04,1.58,1641.72,34.55,-43.32,-42.23,-58.85,-23.07,-0.79,-3.42,11.52,118.73,-0.03,1061.01,31.31,31.33,1151.22,33.54,30.03,1.49,919.02,31.27,-36.57,-42.97,-63.89,-25.11,-5.49,-4.59,5.63,157.55,-0.03,1059.93,31.13,31.31,1302.33,30.19,30.03,1.53,1049.45,28.43,-33.55,-47.11,-67.53,-25.44,-4.71,-4.12,5.81,157.25,-0.05,-0.96,-0.83,-0.88,-0.91,-0.01,55,1106.27,1095.92
7,1,7,800.98,33.88,33.99,1968.55,35.42,32.99,1.59,1756.33,32.81,-32.9,-34.43,-61.22,-26.58,-2.65,-4.93,10.46,114.05,-0.08,801.9,33.76,33.83,1817.1,36.03,33.03,1.58,1640.95,34.45,-44.05,-42.18,-58.97,-23.01,-0.73,-3.51,11.56,115.26,-0.04,1048.36,31.19,31.22,1092.86,34.41,30.01,1.48,884.18,32.38,-37.24,-43.75,-63.81,-24.52,-5.37,-4.65,6.28,148.03,-0.03,1049.17,31,31.16,1222.73,31.22,30.04,1.52,1002.4,29.87,-31.68,-47.45,-66.97,-24.4,-4.56,-4.15,6.48,148.64,-0.04,-0.96,-0.82,-0.87,-0.9,0,55,572.91,957.9
8,1,8,796.22,33.86,33.98,1961.99,35.49,33,1.59,1755.37,32.94,-32.81,-34.22,-61.21,-26.83,-2.69,-4.83,10.47,114.68,-0.08,799.81,33.8,33.86,1819.23,36.23,33.04,1.58,1637.7,34.62,-44.56,-42.3,-58.91,-23.45,-0.76,-3.43,11.71,116.58,-0.04,1040.59,31.35,31.39,1142.25,34.21,30.04,1.48,908.1,31.71,-37.41,-44.11,-63.75,-25.87,-5.49,-4.56,5.9,154.34,-0.03,1040.86,31.19,31.36,1283.57,31.02,30.04,1.52,1027.08,29.14,-33.68,-48.02,-67.36,-25.83,-4.69,-4.09,6.14,154.59,-0.05,-0.95,-0.82,-0.87,-0.9,0,55,676.05,1156.67
9,1,9,806.28,33.89,34.01,1974.6,35.49,32.99,1.59,1757.38,32.79,-33.45,-34.19,-61.35,-27.02,-2.98,-4.8,10.68,113.97,-0.07,807.29,33.79,33.84,1812.79,36.23,33.03,1.58,1632.43,34.68,-44.47,-41.74,-59.02,-24.08,-1.06,-3.42,11.8,114.24,-0.04,1049.49,31.32,31.36,1137.47,34.11,30.03,1.48,908.59,31.68,-37.29,-43.78,-63.47,-25.74,-5.45,-4.58,6.1,147.38,-0.03,1050.6,31.15,31.32,1277.72,30.88,30.05,1.52,1028.66,29.15,-33.3,-47.28,-66.85,-25.4,-4.65,-4.09,6.42,149.52,-0.05,-0.97,-0.83,-0.88,-0.91,0,55,599.68,1066.15
10,1,10,768.03,33.77,33.87,1933.71,35.15,32.96,1.6,1742.76,32.88,-32.83,-33.93,-61.47,-26.02,-2.52,-4.87,10.02,121.47,-0.07,768.03,33.77,33.84,1814.19,36.13,33.01,1.59,1634.35,34.47,-44.41,-41.74,-58.81,-22.37,-0.6,-3.46,11.14,121.32,-0.03,1008.23,31.22,31.26,1114.89,34.03,30.02,1.49,896.89,32.03,-36.94,-45.02,-63.68,-23.43,-5.47,-4.57,5.57,163.87,-0.04,1006.73,31.02,31.2,1253.78,30.71,30.03,1.53,1019.9,29.31,-32.63,-51.16,-67.41,-23.2,-4.66,-4.09,5.84,165.12,-0.04,-0.96,-0.82,-0.87,-0.9,0,55,570.91,1192
11,1,11,782.81,33.84,33.96,1971.46,35.14,32.96,1.61,1759.85,32.5,-33.88,-33.78,-61.26,-25.35,-2.92,-4.79,10.02,122.48,-0.08,784,33.79,33.84,1817.26,36.13,33.01,1.58,1633.19,34.52,-44.74,-42.08,-59.07,-21.69,-0.97,-3.38,11.24,125.18,-0.03,1032.14,31.28,31.32,1127.22,34.17,30.01,1.48,898.31,31.85,-36.17,-43.58,-63.41,-21.2,-5.46,-4.54,5.76,164.09,-0.04,1033.01,31.09,31.28,1260.26,31.04,30.05,1.53,1017.35,29.49,-32.98,-48.79,-66.7,-21.7,-4.64,-4.03,5.97,160.5,-0.06,-0.96,-0.83,-0.88,-0.9,0,55,576.36,1192
12,1,12,789.77,33.91,34.03,1948.66,36.11,33.01,1.59,1731.26,33.44,-34.94,-36,-61.28,-26.34,-2.87,-4.88,10.3,119.6,-0.07,791.82,33.73,33.79,1759.79,36.83,33.04,1.58,1595.08,35.55,-43.55,-42.1,-58.94,-22.68,-1.01,-3.49,11.55,121.23,-0.04,1037.79,31.32,31.37,1133.62,34.31,30.01,1.48,897.23,31.89,-36.58,-44.49,-63.92,-25.13,-5.59,-4.65,5.87,155.82,-0.03,1037.81,31.14,31.32,1270.31,31.12,30.04,1.52,1017.95,29.43,-33.09,-48.74,-67.55,-25.12,-4.76,-4.14,6.18,157.24,-0.05,-0.97,-0.83,-0.88,-0.9,0,55,710.71,1119
13,1,13,791.37,33.91,34.02,1970.37,35.69,33,1.59,1752.16,33.01,-33.63,-35.04,-61.35,-26.39,-2.68,-4.73,10.65,114.02,-0.08,792.97,33.76,33.82,1798.77,36.31,33.04,1.58,1625.62,34.89,-43.64,-42.11,-59.02,-22.82,-0.8,-3.34,11.84,116.06,-0.03,1040.45,31.36,31.4,1151.09,34.05,30.03,1.48,912.53,31.48,-36.92,-46.26,-63.44,-24.86,-5.4,-4.51,6.33,151.34,-0.03,1039.94,31.17,31.36,1293.37,30.81,30.04,1.52,1034.15,28.93,-33.91,-51.5,-67,-24.81,-4.63,-4.03,6.51,150.95,-0.05,-0.96,-0.82,-0.88,-0.9,0,55,713.54,1011.81
14,1,14,806.25,33.93,34.05,1999.92,35.4,33,1.59,1775.09,32.55,-34.27,-34.79,-61.32,-26.82,-2.68,-4.75,10.5,115.68,-0.08,808.77,33.77,33.82,1811.31,36.03,33.03,1.58,1636.05,34.6,-42.96,-42.32,-58.88,-23.53,-0.73,-3.35,11.74,116.56,-0.04,1044.51,31.34,31.38,1140.19,34.19,30.02,1.48,906.07,31.7,-36.56,-44.77,-63.79,-26.48,-5.43,-4.54,5.95,155.94,-0.04,1043.14,31.15,31.33,1282.86,30.85,30.04,1.52,1028.64,29.07,-33.6,-48.54,-67.32,-25.87,-4.69,-4.07,6.26,156.13,-0.05,-0.96,-0.83,-0.88,-0.91,0,55,732.45,993.04
15,1,15,797.89,33.89,34,1957.65,35.76,33.01,1.59,1746.3,33.18,-33.31,-34.92,-61.32,-26.37,-2.5,-4.72,10.34,116.06,-0.08,799.29,33.79,33.84,1806.91,36.33,33.03,1.58,1627.69,34.73,-42.94,-42.03,-59.05,-23.02,-0.62,-3.33,11.57,118.65,-0.03,1042.1,31.29,31.33,1135.24,33.95,30.02,1.48,905.69,31.66,-36.19,-43.85,-63.69,-25.02,-5.35,-4.53,6.18,152.97,-0.03,1042.18,31.1,31.27,1282.25,30.45,30.04,1.53,1037.34,28.83,-32.96,-47.21,-66.9,-25.08,-4.59,-4.03,6.31,152.09,-0.05,-0.96,-0.83,-0.87,-0.9,0,55,652.13,1014.3
16,1,16,800.63,33.96,34.08,1970.88,36.12,33.01,1.59,1740.98,33.28,-35.55,-36.17,-61.27,-26.7,-2.65,-4.89,10.31,117.82,-0.08,803.7,33.75,33.8,1772.62,36.71,33.04,1.58,1604.12,35.35,-42.92,-42.73,-58.9,-23.48,-0.76,-3.5,11.59,118.19,-0.04,1048.51,31.38,31.42,1138.26,34.58,30.03,1.48,898.47,32.03,-37.67,-44.07,-63.94,-25.41,-5.4,-4.6,6.06,152.61,-0.03,1047.43,31.19,31.37,1271.62,31.44,30.03,1.52,1011.34,29.57,-33.63,-47.12,-67.3,-25.4,-4.65,-4.13,6.32,152.88,-0.05,-0.96,-0.83,-0.87,-0.9,0,55,594.02,1044.37
17,1,17,783.06,33.79,33.9,1921.15,35.63,32.98,1.59,1725.76,33.35,-34,-33.87,-61.44,-26.83,-2.66,-4.86,10.3,117.79,-0.07,784.48,33.8,33.87,1805.59,36.56,33.03,1.58,1623.49,34.89,-44.14,-41.47,-59.04,-23.9,-0.76,-3.45,11.46,119.61,-0.04,1035.58,31.21,31.24,1105.48,34.19,30.01,1.48,886.17,32.27,-37.38,-43.55,-63.64,-26.04,-5.59,-4.6,6.23,152.91,-0.03,1035.79,31.04,31.21,1244.27,31.02,30.03,1.52,1008.56,29.63,-32.47,-48.92,-67.25,-25.96,-4.7,-4.09,6.49,152.81,-0.05,-0.97,-0.82,-0.87,-0.9,0,55,630.82,1171
18,1,18,799.69,33.91,34.04,1980,35.61,33,1.59,1760.05,32.87,-32.81,-34.83,-61.31,-25.68,-2.39,-4.94,10.44,119.38,-0.08,801.49,33.75,33.81,1804.16,36.07,33.03,1.58,1633.51,34.64,-43.75,-42.14,-58.9,-21.72,-0.48,-3.52,11.54,119.38,-0.04,1051.18,31.29,31.31,1122.39,34.25,30.03,1.48,898.22,32.04,-36.58,-45.04,-63.84,-21.79,-5.39,-4.6,6.18,157.3,-0.03,1049.81,31.11,31.28,1266.53,30.89,30.04,1.52,1022.07,29.28,-32.96,-48.79,-67.4,-22.12,-4.64,-4.13,6.38,157.11,-0.06,-0.96,-0.83,-0.87,-0.9,0,55,585.82,1064.37
19,1,19,789.13,33.9,34.02,1970.82,35.68,32.99,1.59,1751.1,32.93,-33.51,-34.62,-61.39,-25.56,-2.53,-4.94,10.31,121.27,-0.07,790.52,33.75,33.8,1784.56,36.43,33.03,1.58,1615.95,35.04,-44.33,-42.09,-59.07,-21.53,-0.64,-3.52,11.49,122.81,-0.03,1035.99,31.23,31.26,1108.17,34.29,30.03,1.48,892.75,32.22,-36.72,-44.02,-63.64,-21.34,-5.25,-4.57,6.09,157.78,-0.03,1036.19,31.04,31.22,1251.18,30.88,30.04,1.53,1020.22,29.35,-32.74,-48.25,-67.19,-21.77,-4.49,-4.09,6.24,158.59,-0.05,-0.96,-0.82,-0.87,-0.89,0,55,746.24,1144.67
20,1,20,804.9,33.83,33.94,1940.14,35.58,32.99,1.59,1735.9,33.22,-35.02,-34.26,-61.41,-26.57,-2.72,-4.89,10.19,119.26,-0.07,806.67,33.81,33.86,1804.86,36.52,33.03,1.58,1620.38,34.89,-43.27,-42.55,-58.88,-23.23,-0.81,-3.48,11.39,121.35,-0.03,1050.3,31.34,31.37,1135.84,34.26,30.04,1.48,902.89,31.9,-38.12,-44.04,-63.96,-25.01,-5.48,-4.61,5.77,155.88,-0.03,1049.36,31.17,31.34,1267.32,31.3,30.04,1.52,1011.45,29.6,-33.71,-48.37,-67.45,-24.82,-4.63,-4.1,6.17,155.99,-0.05,-0.96,-0.83,-0.88,-0.91,0,55,652.59,954.79
21,1,21,801.52,33.89,34.02,1954.64,35.92,32.99,1.59,1737.26,33.23,-37.87,-35.37,-61.3,-26.85,-2.61,-4.84,10.43,116.44,-0.08,802.76,33.73,33.78,1769.22,36.61,33.03,1.58,1602.1,35.33,-41.7,-42.92,-58.88,-23.39,-0.73,-3.44,11.73,118.31,-0.03,1041.43,31.23,31.27,1121.54,33.9,30.02,1.49,899.28,31.91,-36.82,-44.17,-63.79,-25.63,-5.48,-4.62,5.9,154.65,-0.03,1041.59,31.07,31.24,1271.64,30.5,30.03,1.53,1028.63,29.06,-32.86,-49.03,-67.46,-26.03,-4.67,-4.13,6.05,154.77,-0.05,-0.96,-0.83,-0.88,-0.9,0,55,689.23,1072.48
22,1,22,797.34,33.93,34.06,1994.74,35.5,32.99,1.59,1768.74,32.6,-33.15,-35.27,-61.4,-26.44,-2.74,-4.9,10.25,118.65,-0.08,800.11,33.76,33.81,1806.64,36.08,33.03,1.58,1631.91,34.66,-44.44,-41.68,-59,-23.34,-0.83,-3.51,11.51,119.61,-0.04,1047.41,31.27,31.3,1115.8,34.36,30.01,1.48,888.75,32.19,-36.26,-44.38,-63.69,-24.31,-5.37,-4.62,5.98,156.9,-0.03,1045.98,31.05,31.22,1244.08,31.1,30.01,1.52,1003.67,29.64,-32.35,-47.7,-67.14,-24.48,-4.65,-4.15,6.25,155.98,-0.05,-0.96,-0.83,-0.88,-0.9,0,55,577.99,1008.87
23,1,23,779.49,33.87,33.99,1948.25,35.8,32.99,1.59,1737.26,33.18,-34.97,-35.61,-61.5,-26.05,-2.85,-4.7,10.31,119.9,-0.07,780.02,33.75,33.79,1773.13,36.6,33.03,1.58,1606.18,35.21,-43.6,-42.3,-59.11,-23.23,-0.94,-3.34,11.53,121.4,-0.03,1036.25,31.29,31.33,1126.3,34.24,30.01,1.48,894.49,32.04,-37.53,-43.75,-63.62,-23.06,-5.41,-4.5,5.7,160.25,-0.03,1036.43,31.1,31.28,1260.15,31.08,30.04,1.52,1014.33,29.54,-32.55,-51.56,-66.83,-23.25,-4.61,-4.01,5.99,160.29,-0.05,-0.97,-0.83,-0.88,-0.91,0,55,571.83,1189.67
24,1,24,783.43,33.85,33.97,1950.33,35.6,32.99,1.59,1744.61,33.09,-33.44,-34.33,-61.35,-25.87,-2.57,-5.02,10.49,117.01,-0.07,785.21,33.79,33.84,1795.09,36.58,33.03,1.58,1617.75,35,-44.25,-42.39,-59.02,-22.27,-0.7,-3.62,11.66,118.86,-0.03,1033.83,31.24,31.28,1119.05,34.07,30.02,1.48,899.54,31.92,-36.49,-43.88,-63.7,-22.63,-5.32,-4.66,6.3,151.13,-0.03,1031.15,31.05,31.24,1266.31,30.6,30.04,1.53,1030.35,29.03,-32.77,-49.81,-67.08,-23.34,-4.52,-4.17,6.43,152.34,-0.05,-0.96,-0.83,-0.87,-0.9,0,55,680.8,1169.67
25,1,25,791.33,33.91,34.03,1982.41,35.52,33,1.59,1761.73,32.77,-35.95,-34.04,-61.51,-26.01,-2.67,-4.83,10.21,117.53,-0.08,793.37,33.73,33.8,1785.99,36.37,33.04,1.58,1618.49,35.05,-41.99,-42.16,-58.99,-22.08,-0.73,-3.39,11.58,121.4,-0.04,1041.46,31.35,31.38,1121.04,34.84,30.03,1.47,886.37,32.46,-36.77,-43.32,-63.55,-23.74,-5.24,-4.53,5.97,157.42,-0.02,1040.98,31.15,31.32,1229.67,32.18,30.04,1.5,982.88,30.53,-32.63,-49.03,-67.07,-24.24,-4.47,-4.04,6.35,155.3,-0.05,-0.97,-0.84,-0.88,-0.91,0,55,756.93,1093.25
26,1,26,795.79,33.88,34.01,1957.98,35.79,33.01,1.59,1745.94,33.2,-36.32,-35.34,-61.49,-26.13,-2.61,-4.67,10.46,117.01,-0.07,799.32,33.78,33.83,1787.07,36.64,33.02,1.57,1608.13,35.09,-42.44,-42.75,-58.98,-23.29,-0.73,-3.33,11.71,119.2,-0.03,1045.56,31.27,31.3,1117.14,34.31,30.02,1.47,891.3,32.18,-37.43,-44.17,-63.68,-23.92,-5.32,-4.56,5.85,159.16,-0.03,1042.26,31.08,31.26,1256.44,31.02,30.03,1.52,1012.89,29.48,-32.85,-51.5,-67.09,-24.31,-4.58,-4.07,6.1,156.91,-0.05,-0.96,-0.83,-0.88,-0.91,0,55,667.74,977.76
27,1,27,778.97,33.9,34.02,1962,35.85,33.02,1.59,1747.53,33.2,-34.44,-35.27,-61.49,-26.58,-2.51,-4.86,10.66,112.59,-0.08,781.09,33.71,33.76,1765.44,36.51,33.03,1.57,1606.59,35.22,-42.54,-42.15,-59.08,-23.29,-0.62,-3.45,11.99,116.02,-0.03,1025.23,31.28,31.31,1123.43,34.16,30.02,1.47,893.91,32.08,-36.39,-44.92,-63.67,-25.92,-5.28,-4.56,6.55,150.28,-0.02,1024.03,31.08,31.26,1251.09,31.15,30.03,1.51,1009.6,29.61,-32.3,-50.51,-67.1,-26.03,-4.53,-4.07,6.76,148.61,-0.05,-0.97,-0.83,-0.88,-0.9,0,55,621.19,1098.39
28,1,28,770.28,33.86,33.97,1947.71,35.7,32.99,1.6,1740.19,33.16,-33.42,-33.68,-61.34,-25.74,-2.65,-5.11,10.08,120.48,-0.07,771.95,33.77,33.83,1786.53,36.62,33.04,1.58,1613.88,35.12,-44.34,-41.53,-58.88,-22.26,-0.72,-3.68,11.34,123.47,-0.03,1019.51,31.3,31.34,1130.32,34.17,30.03,1.49,903.2,31.86,-37,-44.65,-63.76,-23.38,-5.41,-4.73,5.75,160.14,-0.03,1018.38,31.11,31.29,1266.1,30.99,30.04,1.53,1020.17,29.36,-33.22,-49.1,-67.24,-23.81,-4.64,-4.24,6.05,160.64,-0.05,-0.96,-0.82,-0.88,-0.9,0,55,790.97,1081.33
29,1,29,775.49,33.86,33.98,1948.29,35.76,32.99,1.59,1738.85,33.18,-34.35,-34.84,-61.46,-26.38,-2.72,-4.91,10.51,115.38,-0.08,777.15,33.77,33.83,1781.12,36.73,33.03,1.58,1608.54,35.17,-44.32,-41.49,-59.05,-23.45,-0.82,-3.5,11.75,117.17,-0.04,1016.65,31.29,31.34,1129.11,34.21,30.04,1.48,901.81,31.94,-37.34,-43.6,-63.52,-24.32,-5.42,-4.55,6.25,151.95,-0.03,1016.29,31.12,31.31,1271.02,31.02,30.02,1.52,1019.3,29.28,-33.37,-49.11,-66.73,-24.78,-4.61,-4.11,6.43,151.65,-0.06,-0.97,-0.83,-0.88,-0.9,0,55,640.03,975.25
30,1,30,787.9,33.92,34.05,1980.14,35.69,32.99,1.59,1755.32,32.82,-34.66,-35.08,-61.43,-25.85,-2.73,-4.85,10.54,117.27,-0.07,791.15,33.79,33.84,1796.83,36.5,33.04,1.58,1619.52,35,-44.43,-41.77,-59,-22.84,-0.81,-3.46,11.78,119.06,-0.03,1035.01,31.32,31.35,1127.41,34.4,30.04,1.48,899.93,32.03,-37.29,-44.23,-63.48,-22.44,-5.4,-4.63,6.56,149.42,-0.03,1033.08,31.12,31.3,1261.09,31.22,30.03,1.52,1013.63,29.49,-32.75,-49.23,-66.67,-22.99,-4.62,-4.15,6.7,149.6,-0.04,-0.96,-0.82,-0.88,-0.9,0,55,716.64,1054.39
31,1,31,777.45,33.85,33.97,1965.12,35.39,33.01,1.59,1758.13,32.91,-35.69,-34.04,-61.47,-26.86,-2.64,-4.87,10.38,115.74,-0.08,779.73,33.78,33.82,1791.21,36.49,33.02,1.57,1615.52,34.95,-42.03,-41.86,-59.03,-24.42,-0.73,-3.46,11.76,117.88,-0.04,1018.04,31.28,31.32,1132.26,33.98,30.03,1.48,904.13,31.84,-36.22,-43.96,-63.38,-26.37,-5.41,-4.6,6.1,155.69,-0.03,1017.91,31.09,31.28,1279.74,30.59,30.03,1.52,1030.65,28.99,-33.57,-48.68,-66.89,-26.74,-4.65,-4.12,6.3,153.44,-0.05,-0.98,-0.84,-0.88,-0.91,0,55,735.54,1056.74
32,1,32,773.57,33.75,33.86,1945.57,34.86,32.96,1.6,1755.2,32.62,-34.3,-32.56,-61.4,-26.27,-2.54,-4.98,10.3,116.41,-0.07,776.36,33.74,33.81,1795.22,36.26,33.03,1.58,1627.64,34.74,-42.65,-42.29,-58.96,-22.8,-0.57,-3.51,11.55,118.24,-0.04,1017.83,31.28,31.32,1128.21,34.09,30.01,1.48,899.87,31.84,-37.04,-43.73,-63.76,-23.87,-5.4,-4.66,6.13,155.12,-0.03,1015.7,31.09,31.29,1271.58,30.87,30.04,1.52,1025.36,29.18,-34.93,-48.28,-67.65,-24.23,-4.61,-4.15,6.32,155.75,-0.05,-0.98,-0.84,-0.89,-0.91,0,55,568.14,954.24
33,1,33,808.97,33.87,33.99,1960.71,35.56,33,1.59,1751.22,33.03,-32.33,-33.46,-61.38,-26.8,-2.26,-4.95,10.15,120.48,-0.07,810.24,33.82,33.89,1832.33,36.18,33.04,1.58,1643.95,34.53,-44.76,-42.02,-58.98,-23.51,-0.34,-3.51,11.35,121.79,-0.03,1057.66,31.18,31.21,1103.88,34.03,30.02,1.48,890.14,32.2,-36.46,-44.27,-63.65,-25.33,-5.28,-4.6,5.9,155.85,-0.03,1058.26,31.01,31.17,1249.27,30.59,30.03,1.53,1021.25,29.28,-32.01,-46.94,-67,-25.61,-4.45,-4.11,6.14,155.15,-0.05,-0.96,-0.82,-0.87,-0.9,0,55,565.73,1187.67
34,1,34,816.38,33.94,34.06,1979.66,35.83,33.01,1.59,1755.01,32.99,-34.53,-34.56,-61.43,-26.21,-2.45,-4.8,10.41,118.03,-0.07,819.19,33.82,33.87,1813.55,36.41,33.04,1.57,1626.32,34.87,-43.52,-42.63,-59,-22.8,-0.59,-3.39,11.59,119.87,-0.04,1060.57,31.33,31.36,1122.9,34.6,30.02,1.47,890.89,32.23,-37.19,-44.62,-63.61,-23.51,-5.18,-4.58,6.01,154.07,-0.03,1059.37,31.13,31.29,1251.58,31.41,30,1.5,998.69,29.73,-32.92,-47.73,-66.91,-23.72,-4.47,-4.13,6.33,153.54,-0.05,-0.96,-0.83,-0.88,-0.91,0,55,629.72,1158
35,1,35,801.42,33.87,34,1980.6,35.29,33.01,1.59,1769.9,32.69,-32.74,-34.65,-61.45,-26.82,-2.68,-4.9,10.46,118.29,-0.07,803.28,33.81,33.86,1835.37,35.9,33.04,1.57,1651.84,34.32,-45.09,-41.91,-59.09,-23.87,-0.77,-3.51,11.62,118.95,-0.04,1053.35,31.32,31.35,1121.81,34.56,30.01,1.46,890.35,32.19,-36.86,-44.35,-63.76,-25.34,-5.4,-4.59,5.94,156.96,-0.03,1053.18,31.14,31.3,1251.79,31.46,30.01,1.5,1000.24,29.78,-33.04,-47.98,-66.97,-25.16,-4.59,-4.12,6.32,157.39,-0.05,-0.97,-0.83,-0.88,-0.91,0,55,601.65,1128.67
36,1,36,805.37,33.9,34.02,1935.75,36.29,33.03,1.58,1726.75,33.72,-33.82,-34.81,-61.41,-25.26,-2.38,-4.74,10.92,118.18,-0.07,806.89,33.78,33.84,1776.01,36.91,33.02,1.57,1597.98,35.28,-42.74,-42.53,-58.86,-21.55,-0.49,-3.38,11.88,118.3,-0.03,1044.94,31.28,31.31,1126.22,34.13,30.01,1.48,901.88,31.77,-37.04,-43.88,-63.85,-21.05,-5.42,-4.56,6.57,152.39,-0.03,1044.15,31.1,31.28,1268.29,30.87,30.02,1.52,1023.6,29.13,-33.12,-47.31,-67.17,-21.76,-4.62,-4.07,6.63,153.44,-0.05,-0.95,-0.82,-0.87,-0.9,0,55,634.93,1161
37,1,37,774.67,33.79,33.91,1933.16,35.45,32.97,1.6,1734.61,33.09,-36.01,-34.06,-61.47,-27.11,-2.73,-4.91,10.38,114.2,-0.08,777.79,33.79,33.85,1790.36,36.7,33.04,1.58,1614.21,35.12,-44.25,-41.97,-59.35,-24.63,-0.79,-3.47,11.69,116.12,-0.04,1015.43,31.32,31.37,1115.43,34.87,30.01,1.47,882.51,32.47,-38.77,-44.33,-63.38,-27.73,-5.53,-4.57,5.7,158.5,-0.03,1014.16,31.12,31.31,1225.36,32.23,30.01,1.5,973.35,30.62,-33.99,-50.2,-66.8,-27.38,-4.66,-4.12,6.19,155.9,-0.05,-0.97,-0.84,-0.88,-0.91,0,55,709.09,1124.33
38,1,38,798.36,33.94,34.06,1979.62,35.8,33.01,1.59,1757.64,32.97,-35.08,-36.64,-61.37,-26.57,-2.45,-4.84,10.18,121.35,-0.07,800.27,33.75,33.8,1790.36,36.29,33.04,1.58,1623.5,34.92,-42.56,-43.29,-58.92,-23.28,-0.54,-3.43,11.43,123.08,-0.04,1041.29,31.28,31.31,1114.43,34.46,30,1.47,888.79,32.14,-37.36,-44.36,-63.91,-24.57,-5.31,-4.62,5.81,159.6,-0.03,1039.98,31.09,31.27,1253.87,31.16,30.04,1.51,1012.66,29.57,-33.09,-48.5,-67.46,-24.38,-4.57,-4.12,6.12,158.37,-0.05,-0.97,-0.83,-0.88,-0.91,0,55,766.64,1051.3
39,1,39,797.31,33.92,34.03,1970.01,35.73,33.02,1.59,1753.71,33.07,-36.15,-35.67,-61.38,-26.87,-2.65,-4.87,10.22,118.32,-0.07,799.55,33.78,33.82,1795.25,36.38,33.02,1.57,1619.86,34.86,-43.19,-42.11,-59.13,-24.46,-0.76,-3.51,11.55,120.52,-0.04,1039.63,31.29,31.32,1135.58,33.91,30.02,1.48,905.2,31.69,-36.97,-44.37,-63.49,-25.88,-5.47,-4.62,5.93,156.66,-0.03,1039.04,31.1,31.29,1277,30.7,30.04,1.52,1031.77,29,-32.87,-48.37,-67.04,-26.27,-4.63,-4.11,6.19,154.6,-0.05,-0.97,-0.83,-0.88,-0.91,0,55,603.16,994.48
40,1,40,786.56,33.85,33.97,1938.43,35.87,33,1.59,1731.95,33.4,-36.04,-35.04,-61.43,-26.38,-2.5,-4.92,10.24,118.26,-0.07,790.54,33.77,33.82,1778.39,36.76,33.03,1.58,1602.44,35.32,-43,-42.34,-58.98,-23.26,-0.61,-3.51,11.52,120.12,-0.03,1031.27,31.32,31.36,1123.77,34.6,30.01,1.47,889.58,32.2,-38.26,-42.42,-63.45,-25.04,-5.38,-4.64,5.73,159.98,-0.03,1028.89,31.13,31.31,1254.72,31.46,30.03,1.51,1003.2,29.82,-33.75,-47.76,-66.89,-25.04,-4.6,-4.14,6.05,158.88,-0.05,-0.97,-0.83,-0.88,-0.91,0,55,675.55,1158.67
41,1,41,791.15,33.88,34.01,1968.16,35.59,33,1.6,1754.55,32.95,-33.31,-35.44,-61.44,-25.97,-2.79,-4.82,10.31,118.27,-0.07,793.09,33.76,33.82,1797.38,36.32,33.03,1.58,1623.58,34.85,-44.01,-42.57,-59.17,-22.33,-0.92,-3.44,11.55,120.45,-0.04,1040.09,31.29,31.32,1112.48,34.59,30.02,1.47,886.73,32.35,-37.14,-43.93,-63.49,-22.86,-5.3,-4.56,6.24,152.88,-0.02,1039.82,31.06,31.24,1237.32,31.39,30.04,1.52,1002.7,29.91,-32.39,-50.37,-66.81,-23.34,-4.52,-4.06,6.47,152.87,-0.05,-0.97,-0.83,-0.88,-0.91,0,55,743.97,1095.61
42,1,42,796.81,33.92,34.04,1927.03,36.63,33.02,1.58,1711.26,33.97,-36.89,-35.79,-61.45,-25.96,-2.34,-4.74,10.52,118.91,-0.07,798.79,33.71,33.76,1725.77,37.33,33.03,1.57,1566.93,36.06,-41.26,-42.81,-59.02,-22.42,-0.45,-3.36,11.68,119.8,-0.03,1042.77,31.3,31.34,1121.67,34.45,30.03,1.47,894.36,32.12,-37.38,-44.02,-63.63,-23.33,-5.21,-4.55,6.28,151.48,-0.03,1041.08,31.11,31.29,1251.3,31.38,30.03,1.51,1006.73,29.67,-32.72,-50.84,-67.02,-23.73,-4.44,-4.06,6.56,150.71,-0.06,-0.96,-0.83,-0.88,-0.91,0,55,691.95,1018.85
43,1,43,794.74,33.81,33.92,1948.12,35.3,32.99,1.6,1748.06,32.98,-33.92,-33.56,-61.46,-26.99,-2.63,-4.74,10.04,121.06,-0.08,795.85,33.81,33.87,1822.29,36.23,33.04,1.58,1638.48,34.61,-44.91,-41.11,-59.13,-24.56,-0.69,-3.34,11.34,122.56,-0.03,1034.9,31.33,31.36,1138.69,34.15,30,1.47,901.1,31.69,-37.42,-44.28,-63.57,-26.17,-5.47,-4.53,5.67,159.14,-0.03,1034.53,31.16,31.33,1272.21,31.13,30.02,1.51,1014.53,29.36,-33.72,-48.76,-66.89,-26.29,-4.57,-4.03,6.03,158.14,-0.05,-0.97,-0.83,-0.88,-0.91,0,55,583.27,1086.91
44,1,44,793.34,33.91,34.04,1940.48,36.37,33.03,1.58,1726.73,33.74,-37.3,-35.61,-61.41,-25.83,-2.51,-4.63,10.3,120.29,-0.07,795.82,33.75,33.79,1753.06,37.04,33.03,1.57,1585.21,35.67,-42.01,-42.14,-58.95,-22.16,-0.63,-3.27,11.53,122.6,-0.03,1041.64,31.28,31.31,1126.48,34.11,30.02,1.48,900.23,31.9,-37.13,-43.82,-63.92,-22.76,-5.39,-4.51,5.85,160.36,-0.03,1040.28,31.11,31.28,1269.66,30.81,30.04,1.52,1024.25,29.21,-33.35,-48.56,-67.37,-23.49,-4.61,-4.02,6.03,158.89,-0.05,-0.97,-0.84,-0.89,-0.91,0,55,726.8,1170.67
45,1,45,795.48,33.91,34.03,1936.78,36.37,33.04,1.58,1728.04,33.76,-34.53,-36,-61.34,-25.9,-2.75,-4.64,10.58,117.56,-0.07,796.91,33.73,33.77,1750.09,36.92,33.03,1.56,1591.71,35.53,-42.75,-41.84,-59.1,-22.45,-0.91,-3.25,11.78,118.77,-0.03,1042.13,31.32,31.35,1139.15,34.05,30.03,1.48,909.96,31.6,-36.95,-45.51,-63.63,-22.52,-5.28,-4.44,6.01,154.73,-0.03,1042.23,31.15,31.33,1285.31,30.8,30.04,1.52,1033.37,28.94,-33.52,-47.79,-67.24,-22.88,-4.5,-3.95,6.25,154.37,-0.05,-0.97,-0.83,-0.88,-0.91,0,55,755.5,1056.26
46,1,46,812.61,33.96,34.08,2000.71,35.63,33.03,1.58,1774.25,32.77,-32.95,-35.78,-61.49,-26.6,-2.56,-4.92,10.43,117.03,-0.07,813.75,33.78,33.83,1815.11,36.04,33.04,1.57,1639.71,34.57,-44.46,-42.78,-59.01,-23.33,-0.72,-3.55,11.63,118.43,-0.04,1059.33,31.28,31.31,1110.78,34.56,30.02,1.46,886.71,32.35,-36.63,-43.74,-63.97,-24.54,-5.24,-4.6,5.88,157.2,-0.03,1058.75,31.09,31.25,1240.41,31.39,30.03,1.5,1001.82,29.85,-32.38,-47.18,-67.22,-24.65,-4.48,-4.11,6.18,156.7,-0.05,-0.97,-0.83,-0.88,-0.9,0,55,666.53,992.78
47,1,47,809.39,33.87,33.98,1931.69,36.07,33.04,1.58,1731.74,33.68,-34.74,-33.82,-61.57,-26.57,-2.86,-4.74,10.43,120.03,-0.07,811.09,33.78,33.83,1773.05,36.93,33.03,1.56,1596.45,35.41,-44.54,-41.73,-59.2,-23.38,-1.01,-3.42,11.6,120.09,-0.03,1051.89,31.35,31.38,1124.56,34.71,30.02,1.46,892.26,32.16,-38.05,-45.69,-63.75,-25.03,-5.46,-4.56,5.96,154.04,-0.03,1052.26,31.18,31.35,1243.73,32,30.02,1.49,989.51,30.15,-33.56,-49.66,-66.57,-25.12,-4.58,-4.06,6.36,154.91,-0.05,-0.96,-0.83,-0.88,-0.9,0,55,699.78,1066.37
48,1,48,804.23,33.93,34.05,1979.36,35.73,33.01,1.59,1758.72,32.96,-33.26,-34.16,-61.57,-26.23,-2.72,-4.72,10.42,116.7,-0.08,805.97,33.83,33.88,1812.73,36.49,33.02,1.57,1622.59,34.8,-45.62,-41.43,-59.05,-23.28,-0.86,-3.38,11.61,118.56,-0.04,1049.79,31.3,31.34,1122.51,34.45,30,1.47,889.19,32.1,-36.62,-43.76,-63.74,-23.51,-5.44,-4.54,6.12,151.92,-0.03,1049.6,31.12,31.29,1252.98,31.36,30.02,1.51,1004.06,29.71,-32.84,-48.49,-66.89,-23.85,-4.59,-4.04,6.41,151.89,-0.05,-0.96,-0.83,-0.88,-0.9,0,55,594.49,1060.72
49,1,49,806.99,33.9,34.02,1971.3,35.61,33.01,1.59,1757.03,32.96,-34.9,-34.4,-61.41,-26.43,-2.61,-4.74,10.1,122.82,-0.07,808.57,33.77,33.82,1799.25,36.31,33.05,1.57,1627.16,34.92,-42.88,-42.56,-59.12,-22.95,-0.69,-3.33,11.32,123.59,-0.03,1050.54,31.37,31.4,1155.65,33.91,30.01,1.48,913.05,31.36,-35.51,-44.12,-63.73,-24.04,-5.38,-4.54,5.65,159.21,-0.03,1050.82,31.2,31.37,1294.35,30.82,30.03,1.52,1033.4,28.91,-33.98,-47.85,-67.13,-24.54,-4.58,-4.05,5.96,159.41,-0.05,-0.97,-0.83,-0.88,-0.91,-0.01,55,631.51,1162.67
50,1,50,804.79,33.92,34.04,1973.65,35.73,33.03,1.58,1758.68,33.06,-35.18,-34.73,-61.55,-26.37,-2.58,-4.68,10.42,117.94,-0.08,807.19,33.76,33.81,1787.84,36.45,33.01,1.57,1612.44,34.96,-43.32,-42.72,-59.08,-22.9,-0.72,-3.34,11.63,121.06,-0.04,1057.17,31.29,31.32,1125.08,34.25,30.03,1.47,899.62,31.96,-37.44,-44.1,-63.6,-23.83,-5.41,-4.52,6.17,152.41,-0.03,1055.51,31.12,31.29,1258.76,31.2,30.03,1.51,1013.58,29.5,-33.25,-47.35,-66.84,-24.13,-4.61,-4.03,6.46,149.9,-0.06,-0.96,-0.83,-0.88,-0.9,0,55,574.72,1137.33
51,1,51,810.95,33.93,34.05,1979.02,35.78,33.03,1.58,1759.84,33.04,-33.2,-35,-61.46,-26.7,-2.79,-4.91,10.42,116.58,-0.07,812.36,33.76,33.81,1792.79,36.35,33.03,1.56,1620.21,34.89,-44.02,-42.15,-59.18,-24.09,-0.93,-3.55,11.61,118.59,-0.03,1060.89,31.33,31.37,1132.01,34.37,30.03,1.47,898.45,32.02,-37.48,-45.01,-63.57,-24.91,-5.34,-4.66,5.73,157.93,-0.03,1061.02,31.16,31.33,1265.63,31.3,30.04,1.51,1014.05,29.56,-33.14,-49.83,-66.7,-25.54,-4.54,-4.16,6.05,156.5,-0.05,-0.97,-0.83,-0.88,-0.91,0,55,573.01,1193
52,1,52,804.81,33.93,34.05,1958.63,36.12,33.04,1.58,1742.56,33.45,-34.81,-35.71,-61.48,-26.74,-2.8,-4.67,10.7,115.17,-0.07,805.72,33.79,33.83,1783.46,36.68,33.03,1.56,1605.4,35.22,-43.94,-42.11,-59.08,-23.7,-0.93,-3.34,11.82,116.57,-0.03,1055.68,31.2,31.24,1107.15,34.1,30.02,1.47,890.53,32.21,-37.05,-44.71,-63.94,-25.39,-5.49,-4.52,6.33,149.7,-0.03,1054.02,31.03,31.19,1255.21,30.59,30.01,1.51,1019.64,29.2,-32.3,-47.57,-67.42,-25.84,-4.7,-4.03,6.56,150.04,-0.04,-0.97,-0.83,-0.88,-0.91,0,55,576.97,1186
53,1,53,805.96,33.95,34.07,1992.32,35.67,33.01,1.59,1767.74,32.78,-33.63,-34.65,-61.34,-25.88,-2.56,-4.87,10.55,118.33,-0.07,807.68,33.8,33.86,1818.65,36.21,33.05,1.57,1640.46,34.65,-44.71,-42.34,-59.2,-22.15,-0.68,-3.46,11.67,119.55,-0.04,1066.22,31.43,31.46,1150.16,34.59,30.03,1.47,904.33,31.79,-36.44,-44.08,-63.73,-22.22,-5.25,-4.53,6.2,152.41,-0.03,1066.49,31.26,31.42,1273.02,31.77,30.04,1.5,1006.94,29.77,-32.92,-47.99,-66.93,-22.49,-4.46,-4.02,6.52,154.68,-0.05,-0.97,-0.82,-0.87,-0.9,0,55,637.75,4159.33
54,1,54,809.85,33.93,34.06,1970.64,35.99,33.02,1.59,1747.42,33.23,-35.82,-35.93,-61.34,-26.47,-2.59,-4.71,10.61,115.6,-0.08,812.09,33.78,33.82,1783.84,36.6,33.04,1.57,1611.88,35.15,-42.7,-42.45,-59.02,-23.37,-0.69,-3.35,11.86,117.75,-0.04,1060.5,31.38,31.41,1146.05,34.27,30.03,1.47,904.27,31.78,-37.34,-45.71,-63.74,-24.48,-5.25,-4.5,6.25,150.55,-0.03,1059.75,31.22,31.38,1286.87,31.12,30.04,1.51,1023.98,29.24,-33.83,-50.47,-67.15,-24.84,-4.49,-4.01,6.46,151.45,-0.05,-0.96,-0.83,-0.88,-0.9,-0.01,55,573.43,1120.67
