Header Section,,,,,,,,,,,,,,,,,,,,,,,,,,,,,,,,,,,,,,,,,,,,
Product,VC5282,,,,,,,,,,,,,,,,,,,,,,,,,,,,,,,,,,,,,,,,,,,
Test Plan,Rev(A),,,,,,,,,,,,,,,,,,,,,,,,,,,,,,,,,,,,,,,,,,,
Release Date,2013/3/4,,,,,,,,,,,,,,,,,,,,,,,,,,,,,,,,,,,,,,,,,,,
Comment,1~40 was generated in JCET,,,,,,,,,,,,,,,,,,,,,,,,,,,,,,,,,,,,,,,,,,,
,,,,,,,,,,,,,,,,,,,,,,,,,,,,,,,,,,,,,,,,,,,,
Data Section,,,,,,,,,,,,,,,,,,,,,,,,,,,,,,,,,,,,,,,,,,,,
Device#,1,2,3,4,5,6,7,8,9,10,11,12,13,14,15,16,17,18,19,20,21,22,23,24,25,26,27,28,29,30,31,32,33,34,35,36,37,38,39,40,41,42,43,44
Test Item,Site No,Device ID,GSM915 Idle Current,GSM915 Max Pout @ 0dBm Drive,GSM915 Max Pout,GSM915 Max Icc,GSM915 Max PAE,GSM915 Rated Pout,GSM915 Rated Vramp,GSM915 Rated Icc,GSM915 Rated PAE,GSM915 2nd har@33dBm,GSM915 3rd har@33dBm,GSM915 Fwd Isolation 1,GSM915 Fwd Isolation 2,GSM915 Pout Leakage@RX0,GSM915 Pout Leakage@RX1,GSM915 CMOS Pout,GSM915 Pout Slope,GSM915 Stress Delta,DCS1785 Idle Current,DCS1785 Max Pout @ 0dBm Drive,DCS1785 Max Pout,DCS1785 Max Icc,DCS1785 Max PAE,DCS1785 Rated Pout,DCS1785 Rated Vramp,DCS1785 Rated Icc,DCS1785 Rated PAE,DCS1785 2nd har@33dBm,DCS1785 3rd har@33dBm,DCS1785 Fwd Isolation 1,DCS1785 Fwd Isolation 2,DCS1785 Pout Leakage@RX0,DCS1785 Pout Leakage@RX1,DCS1785 CMOS Pout,DCS1785 Pout Slope,DCS1785 Stress Delta,Insertion Loss Rx0 960MHz,Insertion Loss Rx1 1805MHz,Leakage Current,Leakage Current Delay Time,Test Time,Index Time
Low Tolerance,,,60,0.3,0.3,60,,,,60,,2,2,3,2,3,3,1,,,60,0.3,0.3,60,,,,60,,3,3,3,2,3,3,1,,,0.3,0.3,5,,,
High Tolerance,,,60,0.3,0.3,60,,,,60,,2,2,3,2,3,3,1,,,60,0.3,0.3,60,,,,60,,3,3,3,2,3,3,1,,,0.3,0.3,10,,,
Enable,,,1,1,1,1,0,0,0,1,0,1,1,1,1,1,1,1,0,0,1,1,1,1,0,0,0,1,0,1,1,1,1,1,1,1,0,0,1,1,1,0,0,0
101,1,101,856.279,33.755,33.952,1631.656,39.504,32.984,1.594,1480.268,37.779,-43.15,-36.513,-55.609,-29.617,0.138,-4.335,10.599,130.055,-0.046,1019.729,31.615,31.725,1208.399,33.611,30.009,1.488,952.246,30.341,-44.015,-37.219,-62.757,-24.899,0.2,-1.718,4.906,157.711,-0.033,-1.609,-1.518,0.075,5,377.971,139582
104,1,104,852.746,33.796,33.946,1624.235,39.63,32.986,1.592,1474.857,37.93,-42.161,-36.023,-55.695,-29.764,0.529,-4.21,10.488,130.711,-0.039,1016.384,31.677,31.774,1221.616,33.617,30.025,1.491,956.183,30.331,-41.963,-37.169,-64.057,-25.285,0.229,-1.72,4.365,160.689,-0.028,-1.571,-1.529,0.074,5,369.4983333,1559.666667
106,1,106,853.69,33.734,33.883,1602.19,39.598,32.974,1.599,1462.462,38.139,-42.369,-36.539,-55.907,-32.395,0.4,-4.32,10.566,133.466,-0.028,1013.85,31.605,31.71,1211.456,33.413,29.99,1.486,951.28,30.245,-42.123,-36.556,-59.612,-27.36,0.276,-1.762,4.842,160.085,-0.029,-1.545,-1.528,0.075,5,364.801,723.1333333
108,1,108,856.889,33.733,33.946,1627.985,39.54,32.987,1.588,1482.592,37.743,-42.224,-35.878,-55.542,-27.97,0.363,-4.22,10.706,128.463,-0.048,1023.355,31.753,31.853,1236.768,33.804,30.029,1.477,963.888,30.115,-41.358,-35.139,-62.165,-23.257,0.277,-1.712,5.2,156.909,-0.032,-1.554,-1.529,0.075,5,375.8866667,1503.333333
109,1,109,858.887,33.796,33.968,1647.613,39.269,33.01,1.598,1496.722,37.595,-42.58,-36.332,-55.529,-27.666,0.293,-4.32,10.143,133.912,-0.052,1018.191,31.715,31.81,1221.848,33.896,30.009,1.481,951.786,30.358,-43.872,-35.668,-63.571,-23.164,0.19,-1.757,4.582,162.978,-0.036,-1.557,-1.526,0.075,5,374.7633333,1424
110,1,110,865.324,33.793,33.922,1596.775,40.093,33.016,1.573,1461.744,38.533,-42.205,-36.148,-55.745,-26.961,0.32,-4.202,10.809,129.916,-0.037,1036.857,31.71,31.812,1232.487,33.608,30.006,1.476,956.137,30.196,-41.105,-36.049,-65.468,-22.527,0.227,-1.709,4.984,160.713,-0.036,-1.574,-1.536,0.075,5,379.0033333,1722
111,1,111,864.834,33.726,33.94,1604.585,40.065,32.992,1.589,1457.808,38.419,-42.42,-36.369,-55.897,-31.238,0.331,-4.256,10.577,134.967,-0.059,1020.376,31.619,31.721,1215.221,33.391,30.011,1.482,949.854,30.435,-44.104,-36.77,-62.226,-26.482,0.186,-1.696,4.555,160.213,-0.036,-1.566,-1.526,0.075,5,363.8623333,1415.666667
112,1,112,863.026,33.715,33.836,1582.518,39.666,33.002,1.616,1460.655,38.435,-41.878,-35.944,-55.437,-26.508,0.502,-4.247,10.274,136.312,-0.035,1022.58,31.653,31.755,1207.093,33.887,30.005,1.482,944.882,30.554,-43.288,-35.29,-65.816,-22.037,0.165,-1.742,4.952,162.709,-0.029,-1.579,-1.538,0.075,5,379.166,1685.333333
113,1,113,862.955,33.738,33.921,1614.378,39.647,32.983,1.594,1466.242,38.123,-42.258,-36.177,-55.707,-26.798,0.262,-4.354,10.406,133.02,-0.045,1023.243,31.61,31.707,1201.989,33.661,30.007,1.487,942.359,30.649,-47.413,-36.83,-63.729,-22.168,0.159,-1.814,4.544,163.533,-0.03,-1.569,-1.534,0.075,5,386.9553333,1400.666667
114,1,114,868.553,33.769,33.931,1630.316,39.343,33.024,1.608,1492.606,37.818,-42.029,-35.206,-55.555,-29.736,0.46,-4.24,10.667,130.965,-0.05,1021.462,31.673,31.769,1223.072,33.54,30.005,1.479,953.709,30.268,-43.689,-35.761,-65.207,-24.736,0.172,-1.757,5.084,158.147,-0.03,-1.568,-1.539,0.074,5,378.8406667,1470.333333
115,1,115,859.957,33.713,33.829,1578.577,39.698,32.961,1.589,1452.643,38.278,-40.648,-36.166,-55.125,-29.214,0.363,-4.331,11.003,126.168,-0.044,1021.806,31.685,31.784,1221.437,33.702,30.029,1.477,953.447,30.443,-44.699,-36.133,-61.565,-24.02,0.206,-1.732,5.146,160.636,-0.03,-1.564,-1.534,0.075,5,350.3516667,1389.666667
116,1,116,857.48,33.727,33.885,1586.642,40.003,33.007,1.581,1454.604,38.635,-40.503,-35.872,-55.821,-30.932,0.262,-4.283,10.705,131.657,-0.045,1030.117,31.748,31.84,1226.889,33.98,30.009,1.471,949.226,30.441,-41.919,-36.353,-65.781,-26.006,0.12,-1.736,4.68,160.124,-0.03,-1.578,-1.54,0.075,5,381.2326667,1498.666667
117,1,117,861.174,33.773,33.93,1613.465,39.751,33.007,1.593,1467.814,38.294,-43.052,-36.055,-55.639,-28.429,0.34,-4.368,10.1,138.199,-0.039,1022.386,31.72,31.817,1233.939,33.604,30.002,1.479,956.864,30.144,-40.651,-35.35,-62.138,-23.545,0.155,-1.787,4.2,168.535,-0.027,-1.572,-1.541,0.075,5,359.602,1381.333333
118,1,118,866.256,33.753,33.913,1601.554,39.888,33.006,1.588,1459.424,38.503,-40.826,-35.932,-55.434,-28.194,0.254,-4.267,10.524,131.756,-0.045,1027.333,31.652,31.754,1204.945,33.935,30.03,1.483,943.085,30.794,-43.59,-36.358,-63.424,-23.478,0.171,-1.69,4.635,163.183,-0.029,-1.575,-1.533,0.074,5,380.7896667,1509
119,1,119,856.429,33.713,33.89,1620.684,39.212,32.989,1.612,1488.497,37.615,-41.871,-35.733,-55.551,-30.617,0.377,-4.329,10.455,131.37,-0.043,1016.268,31.665,31.766,1222.66,33.531,30.006,1.487,961.87,30.016,-42.43,-35.868,-61.556,-25.59,0.236,-1.713,4.836,158.388,-0.04,-1.576,-1.543,0.075,5,349.87,1388
120,1,120,863.969,33.753,33.931,1607.995,39.895,32.98,1.588,1460.423,38.246,-42.569,-35.753,-55.614,-26.988,0.154,-4.3,10.925,128.815,-0.048,1020.586,31.635,31.742,1216.258,33.522,30,1.485,957.967,30.097,-44.845,-37.202,-64.45,-22.336,0.175,-1.723,5.066,160.271,-0.042,-1.581,-1.542,0.074,5,379.4923333,1498.333333
121,1,121,857.02,33.731,33.907,1612.736,39.556,32.98,1.598,1470.957,37.98,-42.175,-35.723,-55.736,-26.357,0.244,-4.311,10.305,136.847,-0.044,1015.291,31.577,31.68,1208.021,33.276,30.031,1.491,960.164,30.241,-46.674,-38.919,-62.982,-22.047,0.228,-1.668,4.906,163.14,-0.034,-1.569,-1.54,0.075,5,345.1106667,1400.666667
122,1,122,874.964,33.773,33.928,1618.181,39.616,32.988,1.586,1472.495,38.005,-41.963,-35.973,-55.751,-28.882,0.227,-4.266,10.826,128.028,-0.044,1022.958,31.662,31.758,1223.296,33.449,29.987,1.479,955.408,30.091,-44.318,-36.289,-65.462,-23.957,0.166,-1.731,5.241,156.68,-0.03,-1.585,-1.546,0.074,5,363.813,1491.666667
123,1,123,870.769,33.697,33.844,1570.214,40.05,32.982,1.593,1438.932,38.827,-39.396,-36.14,-55.691,-28.01,0.217,-4.305,11.058,127.221,-0.047,1023.198,31.548,31.655,1193.663,33.497,30.016,1.487,946.345,30.581,-46.669,-39.084,-61.699,-23.462,0.232,-1.652,5.457,153.995,-0.035,-1.581,-1.538,0.075,5,348.7183333,1459.333333
124,1,124,862.693,33.685,33.862,1596.659,39.548,33.002,1.627,1471.268,38.158,-42.117,-35.566,-55.597,-33.356,0.192,-4.314,10.654,131.775,-0.048,1010.972,31.61,31.701,1209.263,33.406,29.991,1.492,954.585,30.142,-42.558,-35.748,-63.059,-27.888,0.195,-1.749,4.83,157.263,-0.034,-1.581,-1.539,0.074,5,357.4793333,1499.666667
125,1,125,864.007,33.72,33.91,1621.174,39.375,32.991,1.607,1482.292,37.787,-41.838,-35.624,-55.506,-31.83,0.345,-4.363,10.308,134.903,-0.057,1015.972,31.572,31.678,1219.446,32.947,30.003,1.491,959.086,30.085,-46.596,-36.274,-60.654,-26.845,0.173,-1.756,4.35,164.565,-0.033,-1.576,-1.541,0.074,5,366.4056667,1422.333333
126,1,126,878.563,33.732,33.902,1594.616,39.962,32.998,1.584,1452.048,38.623,-40.365,-35.884,-55.52,-26.59,0.252,-4.327,10.577,133.373,-0.048,1032.721,31.577,31.681,1198.269,33.562,30.005,1.483,937.928,30.787,-43.497,-37.01,-63.991,-22.491,0.176,-1.768,4.8,164.012,-0.026,-1.574,-1.541,0.075,5,380.454,1471.333333
127,1,127,860.429,33.842,34.005,1681.014,38.804,33.019,1.596,1523.879,37.01,-41.108,-35.784,-55.45,-29.7,0.374,-4.29,10.625,128.633,-0.035,1024.118,31.732,31.828,1228.487,33.849,30.023,1.48,957.71,30.27,-42.851,-36.092,-63.869,-24.838,0.221,-1.669,5.241,157.765,-0.028,-1.572,-1.537,0.075,5,362.1293333,1414.666667
128,1,128,857.338,33.691,33.844,1582.274,39.746,33.013,1.612,1457.261,38.626,-40.2,-35.923,-55.483,-27.671,0.28,-4.259,10.816,129.92,-0.037,1015.497,31.627,31.721,1202.805,33.747,30.02,1.482,944.556,30.67,-43.494,-38.027,-64.732,-23.067,0.169,-1.697,4.864,160.247,-0.031,-1.566,-1.537,0.075,5,369.0516667,1486
129,1,129,866.989,33.772,33.951,1635.97,39.395,32.987,1.595,1484.159,37.706,-42.167,-35.69,-55.386,-27.048,0.404,-4.291,10.581,131.264,-0.042,1019.291,31.672,31.773,1217.773,33.72,30.014,1.48,949.566,30.466,-43.509,-35.997,-62.276,-22.438,0.162,-1.732,5.141,157.525,-0.034,-1.573,-1.538,0.074,5,362.8306667,1400.333333
130,1,130,861.892,33.7,33.863,1592.3,39.664,32.983,1.594,1455.686,38.4,-40.653,-35.587,-55.553,-29.575,0.228,-4.306,10.816,129.434,-0.046,1019.912,31.673,31.773,1224.554,33.53,29.99,1.479,952.845,30.191,-44.33,-36.67,-61.985,-24.914,0.131,-1.752,4.884,159.288,-0.038,-1.566,-1.544,0.074,5,358.121,1474
131,1,131,868.445,33.755,33.904,1602.973,39.77,32.977,1.588,1460.824,38.213,-43.043,-36.416,-55.501,-28.593,0.228,-4.32,10.574,131.649,-0.047,1020.309,31.703,31.811,1223.042,33.87,30.012,1.486,955.341,30.264,-42.397,-35.289,-61.989,-23.943,0.205,-1.712,4.424,163.337,-0.035,-1.573,-1.537,0.075,5,362.547,1407.333333
132,1,132,863.935,33.836,34.003,1649.48,39.535,33.007,1.588,1490.128,37.73,-42.96,-36.913,-56.077,-28.302,0.265,-4.254,10.251,138.011,-0.044,1022.412,31.638,31.747,1217.533,33.526,30.02,1.485,952.908,30.398,-43.771,-36.655,-64.427,-23.53,0.233,-1.667,4.766,163.374,-0.039,-1.582,-1.54,0.075,5,364.6683333,1489.333333
133,1,133,858.76,33.823,33.973,1645.805,39.355,32.998,1.586,1493.766,37.564,-42.964,-36.399,-55.313,-28.315,0.287,-4.272,10.664,133.033,-0.047,1022.083,31.713,31.806,1228.184,33.682,29.999,1.479,953.372,30.238,-42.455,-35.287,-63.882,-23.53,0.159,-1.684,4.567,164.303,-0.035,-1.568,-1.532,0.075,5,392.1496667,1426
134,1,134,865.503,33.804,33.927,1600.027,40.054,33.027,1.576,1462.01,38.619,-41.68,-35.856,-55.537,-31.186,0.229,-4.214,10.936,130.814,-0.042,1032.658,31.631,31.733,1207.935,33.686,30.026,1.471,936.836,30.972,-43.122,-37.58,-65.551,-26.241,0.173,-1.704,5.093,158.612,-0.035,-1.579,-1.536,0.075,5,365.9803333,1465.333333
135,1,135,857.724,33.742,33.877,1607.059,39.423,32.994,1.588,1473.434,38.036,-41.611,-36.508,-55.382,-25.562,0.339,-4.303,10.871,131.666,-0.037,1028.324,31.684,31.782,1225.239,33.578,30.015,1.479,960.86,30.112,-43.04,-36.64,-61.163,-20.994,0.239,-1.684,5.426,161.243,-0.031,-1.575,-1.535,0.075,5,366.6113333,1434
136,1,136,865.298,33.688,33.839,1569.492,40.023,33.018,1.611,1452.61,38.786,-39.974,-35.554,-55.47,-31.854,0.448,-4.243,10.811,130.27,-0.043,1019.254,31.619,31.718,1213.814,33.409,30.011,1.487,952.235,30.359,-43.117,-36.953,-63.413,-26.836,0.175,-1.663,4.422,164.208,-0.035,-1.58,-1.55,0.075,5,366.2543333,1480.333333
137,1,137,855.082,33.72,33.897,1603.807,39.691,32.965,1.587,1462.859,38.05,-41.7,-35.932,-55.476,-27.412,0.091,-4.344,10.418,134.057,-0.045,1023.688,31.66,31.755,1217.133,33.595,30.007,1.487,951.348,30.36,-43.281,-36.198,-63.762,-22.923,0.196,-1.693,4.657,163.164,-0.032,-1.576,-1.542,0.075,5,349.6376667,1430
138,1,138,863.921,33.799,33.942,1611.55,39.913,32.996,1.585,1463.784,38.296,-42.659,-36.102,-55.509,-30.653,0.315,-4.297,10.659,131.247,-0.041,1027.703,31.668,31.766,1225.373,33.455,30.013,1.481,952.927,30.352,-41.281,-35.866,-64.391,-25.483,0.153,-1.704,4.757,160.197,-0.034,-1.585,-1.544,0.075,5,350.8653333,1498.333333
139,1,139,872.752,33.791,33.939,1618.458,39.712,33.008,1.583,1475.047,38.121,-41.127,-35.865,-55.593,-29.273,0.246,-4.332,10.659,131.657,-0.044,1026.09,31.79,31.883,1249.544,33.69,29.979,1.479,965.231,29.728,-41.569,-34.845,-61.261,-24.444,0.165,-1.756,4.63,163.086,-0.031,-1.612,-1.548,0.074,5,389.1613333,13039.66667
140,1,140,865.63,33.807,33.935,1636.285,39.236,33.003,1.598,1490.009,37.706,-41.8,-35.733,-55.486,-28.767,0.455,-4.254,10.751,130.826,-0.043,1023.007,31.658,31.763,1211.718,33.811,30.002,1.479,945.847,30.499,-45.353,-36.496,-66.554,-24.082,0.192,-1.708,5.202,156.814,-0.04,-1.578,-1.532,0.075,5,382.4726667,1445.666667
,,,,,,,,,,,,,,,,,,,,,,,,,,,,,,,,,,,,,,,,,,,,
,,,,,,,,,,,,,,,,,,,,,,,,,,,,,,,,,,,,,,,,,,,,
,,,,,,,,,,,,,,,,,,,,,,,,,,,,,,,,,,,,,,,,,,,,
,,,,,,,,,,,,,,,,,,,,,,,,,,,,,,,,,,,,,,,,,,,,
1,100,101,,,,,,,,,,,,,,,,,,,,,,,,,,,,,,,,,,,,,,,,,,
4,100,104,,,,,,,,,,,,,,,,,,,,,,,,,,,,,,,,,,,,,,,,,,
6,100,106,,,,,,,,,,,,,,,,,,,,,,,,,,,,,,,,,,,,,,,,,,
8,100,108,,,,,,,,,,,,,,,,,,,,,,,,,,,,,,,,,,,,,,,,,,
9,100,109,,,,,,,,,,,,,,,,,,,,,,,,,,,,,,,,,,,,,,,,,,
10,100,110,,,,,,,,,,,,,,,,,,,,,,,,,,,,,,,,,,,,,,,,,,
11,100,111,,,,,,,,,,,,,,,,,,,,,,,,,,,,,,,,,,,,,,,,,,
12,100,112,,,,,,,,,,,,,,,,,,,,,,,,,,,,,,,,,,,,,,,,,,
13,100,113,,,,,,,,,,,,,,,,,,,,,,,,,,,,,,,,,,,,,,,,,,
14,100,114,,,,,,,,,,,,,,,,,,,,,,,,,,,,,,,,,,,,,,,,,,
15,100,115,,,,,,,,,,,,,,,,,,,,,,,,,,,,,,,,,,,,,,,,,,
16,100,116,,,,,,,,,,,,,,,,,,,,,,,,,,,,,,,,,,,,,,,,,,
17,100,117,,,,,,,,,,,,,,,,,,,,,,,,,,,,,,,,,,,,,,,,,,
18,100,118,,,,,,,,,,,,,,,,,,,,,,,,,,,,,,,,,,,,,,,,,,
19,100,119,,,,,,,,,,,,,,,,,,,,,,,,,,,,,,,,,,,,,,,,,,
20,100,120,,,,,,,,,,,,,,,,,,,,,,,,,,,,,,,,,,,,,,,,,,
21,100,121,,,,,,,,,,,,,,,,,,,,,,,,,,,,,,,,,,,,,,,,,,
22,100,122,,,,,,,,,,,,,,,,,,,,,,,,,,,,,,,,,,,,,,,,,,
23,100,123,,,,,,,,,,,,,,,,,,,,,,,,,,,,,,,,,,,,,,,,,,
24,100,124,,,,,,,,,,,,,,,,,,,,,,,,,,,,,,,,,,,,,,,,,,
25,100,125,,,,,,,,,,,,,,,,,,,,,,,,,,,,,,,,,,,,,,,,,,
26,100,126,,,,,,,,,,,,,,,,,,,,,,,,,,,,,,,,,,,,,,,,,,
27,100,127,,,,,,,,,,,,,,,,,,,,,,,,,,,,,,,,,,,,,,,,,,
28,100,128,,,,,,,,,,,,,,,,,,,,,,,,,,,,,,,,,,,,,,,,,,
29,100,129,,,,,,,,,,,,,,,,,,,,,,,,,,,,,,,,,,,,,,,,,,
30,100,130,,,,,,,,,,,,,,,,,,,,,,,,,,,,,,,,,,,,,,,,,,
31,100,131,,,,,,,,,,,,,,,,,,,,,,,,,,,,,,,,,,,,,,,,,,
32,100,132,,,,,,,,,,,,,,,,,,,,,,,,,,,,,,,,,,,,,,,,,,
33,100,133,,,,,,,,,,,,,,,,,,,,,,,,,,,,,,,,,,,,,,,,,,
34,100,134,,,,,,,,,,,,,,,,,,,,,,,,,,,,,,,,,,,,,,,,,,
35,100,135,,,,,,,,,,,,,,,,,,,,,,,,,,,,,,,,,,,,,,,,,,
36,100,136,,,,,,,,,,,,,,,,,,,,,,,,,,,,,,,,,,,,,,,,,,
37,100,137,,,,,,,,,,,,,,,,,,,,,,,,,,,,,,,,,,,,,,,,,,
38,100,138,,,,,,,,,,,,,,,,,,,,,,,,,,,,,,,,,,,,,,,,,,
39,100,139,,,,,,,,,,,,,,,,,,,,,,,,,,,,,,,,,,,,,,,,,,
40,100,140,,,,,,,,,,,,,,,,,,,,,,,,,,,,,,,,,,,,,,,,,,
