Header Section,,,,,,,,,,,,,,,,,,,,,,,,,,,,,,,,,,,,,,,,,,
Product,VC5268,,,,,,,,,,,,,,,,,,,,,,,,,,,,,,,,,,,,,,,,,
Test Plan,Rev(H),,,,,,,,,,,,,,,,,,,,,,,,,,,,,,,,,,,,,,,,,
Release Date,9/26/2012,,,,,,,,,,,,,,,,,,,,,,,,,,,,,,,,,,,,,,,,,
Comment,Dual Band," 501~588 is correlation golden in Sigurd, 600~629 is generated in Goodark (5268Q), 590~599 & 800~812 is generated in Gerad. 1~30 is valid for Acetech",,,,,,,,,,,,,,,,,,,,,,,,,,,,,,,,,,,,,,,,
,,,,,,,,,,,,,,,,,,,,,,,,,,,,,,,,,,,,,,,,,,
Data Section,,,,,,,,,,,,,,,,,,,,,,,,,,,,,,,,,,,,,,,,,,
Device#,1,2,3,4,5,6,7,8,9,10,11,12,13,14,15,16,17,18,19,20,21,22,23,24,25,26,27,28,29,30,31,32,33,34,35,36,37,38,39,40,41,42
Test Item,Site No,Device ID,GSM915 Idle Current,GSM915 Max Pout @ 0dBm Drive,GSM915 Max Pout,GSM915 Max Icc,GSM915 Max PAE,GSM915 Rated Pout,GSM915 Rated Vramp,GSM915 Rated Icc,GSM915 Rated PAE,GSM915 2nd har@33dBm,GSM915 3rd har@33dBm,GSM915 Fwd Isolation 1,GSM915 Fwd Isolation 2,GSM915 Pout Leakage@RX0,GSM915 Pout Leakage@RX1,GSM915 CMOS Pout,GSM915 Pout Slope,GSM915 Stress Delta,DCS1785 Idle Current,DCS1785 Max Pout @ 0dBm Drive,DCS1785 Max Pout,DCS1785 Max Icc,DCS1785 Max PAE,DCS1785 Rated Pout,DCS1785 Rated Vramp,DCS1785 Rated Icc,DCS1785 Rated PAE,DCS1785 2nd har@33dBm,DCS1785 3rd har@33dBm,DCS1785 Fwd Isolation 1,DCS1785 Fwd Isolation 2,DCS1785 Pout Leakage@RX0,DCS1785 Pout Leakage@RX1,DCS1785 CMOS Pout,DCS1785 Pout Slope,DCS1785 Stress Delta,Insertion Loss Rx0 960MHz,Insertion Loss Rx1 1805MHz,Leakage Current,Leakage Current Delay Time
Low Tolerance,,,60,0.3,0.3,60,,,,60,,2,2,3,2,3,3,1,,,60,0.3,0.3,60,,,,60,,3,3,3,2,3,3,1,,,0.3,0.3,5,
High Tolerance,,,60,0.3,0.3,60,,,,60,,2,2,3,2,3,3,1,,,60,0.3,0.3,60,,,,60,,3,3,3,2,3,3,1,,,0.3,0.3,10,
Enable,,,1,1,1,1,0,0,0,1,0,1,1,1,1,1,1,1,0,0,1,1,1,1,0,0,0,1,0,1,1,1,1,1,1,1,0,0,1,1,1,0
331,1,331,799.987,33.732,33.889,1628.269,41.643,33.023,1.499,1422.096,38.886,-41.952,-37.587,-58.763,-28.889,1.162,-3.845,12.003,113.325,-0.004,615.582,31.398,31.571,1169.457,36.155,30.028,1.413,938.538,31.643,-41.629,-30.332,-68.336,-31.099,-0.029,-1.938,7.327,125.869,-0.002,-1.625,-1.804,6.157,55
332,1,332,764.740,33.612,33.768,1578.327,41.753,33.033,1.521,1399.036,39.597,-40.695,-38.089,-58.553,-29.683,1.275,-3.602,11.774,120.692,0.009,588.283,31.311,31.524,1163.292,35.964,30.018,1.429,939.170,31.550,-40.278,-33.496,-70.068,-30.887,-0.171,-1.775,7.184,123.964,0.001,-1.625,-1.788,6.655,55
333,1,333,793.160,33.729,33.894,1658.562,40.946,33.021,1.521,1453.500,38.058,-42.471,-37.500,-58.307,-30.957,1.140,-3.798,11.423,119.026,0.004,606.033,31.312,31.519,1175.382,35.539,30.006,1.442,949.945,31.099,-40.913,-32.635,-70.236,-30.536,-0.257,-1.906,6.653,124.841,0.000,-1.662,-1.827,6.128,55
334,1,334,790.730,33.688,33.843,1633.798,41.066,33.029,1.526,1436.488,38.561,-41.362,-38.317,-59.092,-30.332,1.260,-3.728,11.600,122.139,-0.006,608.352,31.309,31.504,1154.624,36.074,30.013,1.437,929.265,31.864,-38.355,-32.796,-68.735,-31.174,-0.099,-1.857,6.855,128.149,0.002,-1.609,-1.785,6.557,55
335,1,335,797.029,33.687,33.868,1611.619,41.863,33.032,1.517,1419.267,39.040,-41.895,-37.423,-57.895,-30.196,1.201,-3.870,11.390,120.897,0.004,616.229,31.335,31.553,1169.285,36.009,30.008,1.441,942.518,31.366,-40.340,-33.253,-70.345,-31.039,-0.325,-1.983,6.819,123.596,-0.003,-1.639,-1.793,5.206,555
336,1,336,776.651,33.689,33.910,1686.170,40.432,33.020,1.543,1484.150,37.290,-42.632,-37.875,-58.629,-30.787,1.132,-3.675,11.141,122.437,0.004,598.310,31.171,31.392,1150.525,35.286,30.011,1.460,940.076,31.472,-38.944,-32.646,-69.572,-30.066,-0.144,-1.820,6.639,128.262,0.014,-1.628,-1.785,6.217,55
337,1,337,764.610,33.596,33.752,1558.230,42.131,33.021,1.521,1386.859,39.819,-37.990,-37.143,-58.497,-30.238,1.048,-3.659,11.899,117.720,0.001,593.471,31.193,31.395,1166.258,34.819,30.005,1.455,950.938,31.059,-40.026,-32.888,-68.784,-31.081,0.060,-1.704,6.653,125.911,0.001,-1.654,-1.818,7.140,55
338,1,338,782.644,33.703,33.868,1637.678,41.205,33.028,1.506,1437.495,38.532,-41.661,-37.605,-59.146,-30.585,1.326,-3.804,11.657,120.443,-0.003,601.431,31.234,31.465,1139.524,36.250,30.012,1.420,925.490,31.989,-41.772,-32.691,-70.045,-29.815,-0.230,-1.998,7.287,124.704,-0.004,-1.640,-1.802,6.746,55
339,1,339,773.929,33.722,33.917,1648.319,41.414,33.017,1.518,1444.293,38.258,-42.595,-39.236,-59.034,-30.759,1.242,-3.690,11.414,121.416,-0.005,597.314,31.235,31.440,1157.011,35.472,30.012,1.444,943.226,31.370,-39.198,-31.211,-70.345,-28.779,-0.161,-1.907,6.869,127.292,-0.002,-1.634,-1.786,6.205,55
340,1,340,788.848,33.802,33.987,1683.940,41.211,33.013,1.481,1456.550,37.910,-41.679,-39.941,-58.857,-30.638,0.913,-3.712,12.301,112.254,-0.012,609.672,31.243,31.454,1149.621,35.820,30.012,1.409,934.336,31.677,-39.435,-33.375,-70.553,-30.185,-0.169,-1.884,7.670,120.156,0.004,-1.636,-1.794,6.624,55
341,1,341,796.410,33.800,33.974,1677.534,41.246,33.007,1.508,1457.250,37.841,-40.817,-38.561,-59.495,-30.660,1.567,-3.762,11.223,126.207,-0.001,611.825,31.216,31.417,1144.539,35.683,30.003,1.431,933.098,31.653,-39.947,-32.398,-69.637,-30.542,-0.105,-1.919,7.078,123.877,0.005,-1.636,-1.800,5.924,55
342,1,342,784.320,33.598,33.803,1586.183,41.891,33.022,1.521,1398.278,39.515,-39.530,-37.104,-57.868,-30.170,0.967,-3.690,11.634,112.258,0.000,605.993,31.165,31.419,1150.572,35.509,30.013,1.457,943.384,31.367,-40.884,-32.517,-70.399,-30.584,-0.175,-1.804,6.838,118.249,-0.004,-1.635,-1.813,7.220,55
343,1,343,800.572,33.760,33.979,1714.776,40.406,33.013,1.523,1493.270,37.010,-38.523,-39.734,-59.893,-31.339,1.233,-3.810,11.375,116.915,0.009,614.401,31.307,31.509,1152.005,36.197,30.006,1.427,932.832,31.687,-41.361,-31.670,-69.432,-30.764,-0.386,-2.064,7.186,119.159,0.003,-1.636,-1.800,6.181,55
344,1,344,788.709,33.773,33.963,1671.613,41.285,33.025,1.510,1457.732,37.984,-42.916,-34.142,-58.418,-30.733,1.166,-3.846,11.406,122.938,0.008,611.616,31.314,31.504,1162.411,35.821,30.005,1.432,938.131,31.489,-41.363,-30.862,-69.564,-31.063,-0.290,-2.016,6.645,128.171,-0.007,-1.644,-1.788,5.907,55
345,1,345,804.967,33.608,33.894,1679.033,40.456,33.018,1.516,1477.150,37.442,-39.089,-34.697,-58.712,-31.752,1.427,-3.714,11.113,125.564,-0.005,616.035,31.415,31.600,1165.488,36.526,30.004,1.412,930.603,31.747,-43.764,-33.892,-70.149,-30.479,-0.258,-1.933,6.700,124.744,0.001,-1.647,-1.788,6.326,55
346,1,346,806.582,33.664,33.892,1651.990,41.085,33.029,1.507,1452.296,38.156,-42.061,-38.622,-59.136,-31.958,1.100,-3.671,11.361,122.391,0.005,617.092,31.273,31.464,1149.677,35.903,30.004,1.421,932.875,31.670,-40.633,-31.897,-67.924,-30.156,-0.032,-1.844,6.904,126.602,0.002,-1.623,-1.795,6.055,55
347,1,347,786.743,33.742,33.927,1637.131,41.785,33.024,1.496,1427.557,38.755,-38.982,-38.782,-58.056,-29.930,1.069,-3.682,11.526,121.561,0.005,608.704,31.300,31.518,1171.151,35.661,30.000,1.421,946.681,31.162,-40.809,-32.103,-69.138,-27.094,-0.206,-1.856,6.746,129.871,0.002,-1.594,-1.762,7.599,55
348,1,348,785.560,33.760,33.981,1674.277,41.383,33.017,1.507,1454.353,38.003,-40.033,-37.480,-58.203,-30.739,1.079,-3.764,11.727,120.377,-0.006,605.979,31.347,31.536,1155.724,36.309,30.011,1.421,932.562,31.728,-40.203,-32.511,-67.664,-30.206,-0.001,-1.833,7.517,115.946,0.001,-1.599,-1.778,6.507,55
349,1,349,773.034,33.678,33.875,1644.663,41.100,33.027,1.527,1444.462,38.346,-41.736,-37.672,-58.978,-30.796,1.192,-3.616,11.547,119.490,-0.003,598.335,31.248,31.445,1156.008,35.543,30.016,1.445,936.697,31.627,-37.702,-33.212,-66.779,-30.373,0.012,-1.658,7.028,125.442,0.003,-1.595,-1.767,6.285,55
350,1,350,743.909,33.382,33.607,1519.243,41.761,33.034,1.550,1390.016,39.853,-42.125,-38.602,-58.472,-28.029,1.028,-3.707,10.868,143.247,-0.001,584.407,31.262,31.465,1147.900,35.973,29.998,1.442,926.454,31.851,-39.409,-32.682,-69.439,-30.676,-0.271,-1.846,5.548,144.508,0.004,-1.617,-1.777,7.312,55
351,1,351,788.731,33.808,33.984,1695.978,40.896,33.020,1.506,1472.034,37.587,-40.658,-40.626,-60.059,-31.053,1.400,-3.783,11.708,115.871,0.002,609.434,31.330,31.517,1162.047,35.943,30.015,1.425,938.926,31.540,-40.497,-30.913,-68.549,-31.007,-0.052,-1.922,7.095,122.847,0.007,-1.589,-1.768,6.247,55
352,1,352,772.718,33.743,33.927,1667.486,41.042,33.012,1.504,1452.045,38.016,-41.408,-37.805,-58.267,-31.077,1.253,-3.727,11.857,115.894,0.007,593.788,31.326,31.531,1165.657,35.946,30.001,1.426,942.212,31.322,-40.100,-32.997,-68.301,-30.077,-0.014,-1.775,7.278,124.176,0.004,-1.605,-1.772,6.873,55
353,1,353,795.936,33.773,33.918,1654.100,41.283,33.023,1.484,1437.768,38.478,-41.498,-37.597,-58.297,-31.461,0.987,-3.815,11.815,117.608,-0.004,611.943,31.330,31.518,1190.720,35.060,30.012,1.416,960.731,30.778,-38.058,-31.904,-67.905,-30.446,-0.078,-1.870,6.991,127.375,0.004,-1.612,-1.782,7.344,55
354,1,354,800.293,33.859,34.026,1700.979,41.172,33.007,1.500,1462.517,37.710,-42.789,-40.408,-60.164,-30.864,1.262,-3.706,11.834,118.886,0.004,614.410,31.296,31.503,1165.470,35.714,30.007,1.429,943.567,31.321,-39.604,-31.136,-68.712,-31.110,-0.034,-1.806,7.252,119.532,-0.002,-1.600,-1.772,6.581,55
355,1,355,788.462,33.640,33.837,1598.683,41.894,33.024,1.512,1409.290,39.242,-40.176,-37.966,-57.756,-31.132,1.080,-3.817,11.667,119.223,0.003,607.259,31.347,31.557,1180.161,35.695,30.011,1.429,952.803,31.035,-40.515,-32.688,-69.693,-29.695,-0.117,-1.932,7.110,122.581,0.005,-1.607,-1.781,7.229,55
356,1,356,795.469,33.780,33.933,1635.574,41.888,33.025,1.500,1422.607,38.895,-44.245,-40.173,-59.592,-30.852,0.990,-3.675,11.831,111.447,0.000,616.236,31.241,31.447,1163.935,35.310,30.017,1.434,948.615,31.219,-39.434,-31.648,-68.536,-31.299,-0.116,-1.782,7.102,121.344,0.001,-1.627,-1.795,6.940,55
357,1,357,805.927,33.836,33.998,1719.943,40.474,33.016,1.521,1490.126,37.113,-39.231,-38.799,-58.965,-31.005,1.295,-3.724,11.254,118.519,0.002,619.641,31.204,31.405,1137.180,35.823,29.997,1.446,927.676,31.800,-39.786,-32.302,-69.182,-30.037,-0.016,-1.871,6.675,125.627,0.005,-1.620,-1.789,5.822,55
358,1,358,791.007,33.592,33.723,1529.349,42.622,33.040,1.508,1359.877,40.764,-39.413,-38.927,-58.455,-30.751,1.296,-3.545,11.938,111.741,-0.003,610.329,31.315,31.506,1165.708,35.735,30.005,1.435,941.410,31.377,-40.520,-32.513,-68.488,-31.130,0.085,-1.665,6.699,127.597,-0.003,-1.622,-1.806,7.432,55
359,1,359,786.743,33.741,33.872,1627.064,41.504,33.020,1.499,1422.362,38.858,-41.187,-38.318,-58.709,-29.686,1.195,-3.711,12.183,112.298,0.000,604.340,31.325,31.524,1161.757,36.010,30.002,1.422,936.179,31.537,-40.217,-31.610,-67.787,-31.250,0.022,-1.846,7.346,118.634,-0.010,-1.620,-1.801,7.058,55
360,1,360,797.676,33.636,33.757,1573.538,41.770,33.038,1.497,1389.088,39.916,-38.376,-37.786,-57.973,-31.371,1.038,-3.654,11.647,126.571,-0.001,607.586,31.308,31.508,1186.628,35.098,30.005,1.416,957.894,30.820,-38.139,-32.799,-68.689,-30.592,-0.016,-1.735,7.007,127.722,-0.004,-1.601,-1.780,7.555,55
361,1,361,776.018,33.725,33.881,1628.614,41.558,33.020,1.521,1427.539,38.713,-42.812,-38.805,-58.934,-30.710,1.291,-3.613,11.446,122.566,0.000,601.996,31.215,31.407,1148.091,35.489,30.012,1.444,935.880,31.619,-39.623,-32.801,-68.936,-30.823,-0.104,-1.798,6.759,126.948,0.003,-1.621,-1.792,6.174,55
362,1,362,786.207,33.636,33.792,1589.692,41.691,33.023,1.522,1409.509,39.225,-39.486,-37.858,-58.039,-30.958,0.949,-3.797,11.488,125.247,-0.002,604.185,31.187,31.392,1160.272,34.983,30.017,1.448,944.696,31.353,-38.782,-32.251,-69.414,-31.341,-0.148,-1.880,6.441,133.366,-0.001,-1.638,-1.794,6.512,55
363,1,363,766.415,33.547,33.693,1513.692,42.753,33.046,1.513,1354.854,40.965,-36.811,-38.355,-58.248,-30.208,1.180,-3.693,12.304,112.592,0.005,593.932,31.138,31.371,1141.113,35.419,30.007,1.444,936.513,31.566,-39.551,-33.805,-69.516,-30.037,0.027,-1.796,7.155,123.096,0.004,-1.612,-1.783,7.218,55
364,1,364,787.088,33.729,33.883,1633.353,41.458,33.022,1.498,1429.707,38.684,-41.245,-38.705,-58.802,-30.780,1.167,-3.607,11.828,121.138,0.005,604.376,31.193,31.398,1132.045,35.935,30.010,1.418,924.879,31.993,-39.840,-33.629,-68.312,-30.552,-0.076,-1.713,7.217,123.992,-0.002,-1.608,-1.784,6.647,55
365,1,365,789.529,33.742,33.945,1724.865,39.863,33.007,1.535,1505.955,36.655,-40.172,-39.558,-58.660,-31.743,1.015,-3.738,10.985,124.015,0.003,607.220,31.217,31.409,1150.493,35.422,29.999,1.449,932.749,31.634,-39.229,-33.018,-68.896,-30.793,-0.276,-1.899,6.522,132.980,0.001,-1.633,-1.794,5.433,55
366,1,366,779.214,33.706,33.885,1653.360,40.982,33.026,1.520,1456.995,38.016,-40.461,-37.402,-58.903,-30.755,1.169,-3.650,11.560,122.050,-0.002,595.093,31.295,31.502,1159.111,35.910,30.024,1.434,937.056,31.668,-40.352,-33.033,-68.650,-30.750,-0.056,-1.734,6.596,132.751,-0.004,-1.642,-1.803,6.054,55
367,1,367,757.169,33.644,33.883,1633.888,41.448,33.017,1.503,1436.344,38.460,-41.159,-37.104,-57.551,-29.548,1.196,-3.676,12.060,113.927,-0.002,586.842,31.318,31.553,1169.857,35.995,30.012,1.421,946.217,31.266,-42.836,-33.821,-70.632,-30.405,-0.224,-1.900,7.559,118.408,0.007,-1.657,-1.811,6.780,55
368,1,368,795.235,33.808,33.986,1701.371,40.784,33.011,1.520,1476.787,37.392,-39.207,-38.915,-59.080,-31.392,1.452,-3.626,11.426,119.025,0.006,608.571,31.335,31.509,1158.959,35.980,30.019,1.435,933.436,31.756,-41.622,-32.459,-68.501,-30.636,-0.061,-1.811,6.905,127.235,-0.015,-1.619,-1.780,5.680,55
369,1,369,795.145,33.638,33.807,1570.062,42.353,33.038,1.501,1384.990,40.032,-40.998,-37.747,-58.559,-30.535,1.376,-3.650,11.528,122.957,0.005,609.912,31.325,31.532,1165.733,35.946,30.012,1.420,937.664,31.562,-40.171,-31.620,-68.228,-31.953,0.053,-1.799,7.054,124.940,-0.001,-1.587,-1.768,7.135,55
370,1,370,785.927,33.705,33.898,1647.708,41.244,33.013,1.530,1443.330,38.250,-41.315,-38.471,-58.569,-30.374,0.934,-3.654,11.549,118.588,0.007,607.931,31.159,31.375,1150.942,35.137,30.019,1.456,943.150,31.420,-38.836,-31.448,-69.540,-31.090,-0.079,-1.861,6.927,123.573,0.003,-1.594,-1.762,6.454,55
371,1,371,796.116,33.775,33.960,1666.608,41.374,33.018,1.517,1453.084,38.041,-43.320,-39.873,-58.518,-30.752,1.087,-3.838,11.762,115.960,0.002,613.011,31.363,31.550,1180.732,35.624,30.020,1.440,950.182,31.185,-39.040,-31.475,-69.439,-31.518,-0.155,-1.923,6.935,123.230,0.001,-1.600,-1.756,5.872,55
372,1,372,751.085,33.550,33.820,1622.876,41.116,33.016,1.527,1443.111,38.279,-43.047,-37.079,-58.836,-30.069,1.175,-3.638,11.613,117.664,0.003,583.343,31.210,31.463,1157.133,35.652,30.018,1.438,942.072,31.454,-42.144,-30.989,-69.005,-30.473,-0.087,-1.829,7.286,121.979,0.004,-1.635,-1.801,6.273,55
373,1,373,757.017,33.668,33.955,1646.514,41.821,32.991,1.506,1435.215,38.256,-42.627,-39.487,-58.431,-30.281,1.143,-3.680,11.294,122.576,0.003,581.675,31.128,31.368,1133.322,35.649,29.986,1.441,928.661,31.688,-39.256,-32.069,-68.661,-30.382,-0.009,-1.779,6.840,127.294,0.005,-1.592,-1.767,6.734,55
374,1,374,776.511,33.693,33.861,1625.436,41.448,33.026,1.516,1429.668,38.716,-41.220,-37.887,-58.829,-30.378,1.082,-3.667,11.920,116.569,0.000,603.081,31.287,31.482,1168.853,35.439,29.993,1.442,945.760,31.143,-38.994,-32.419,-68.346,-31.249,0.018,-1.747,7.060,124.479,-0.002,-1.591,-1.766,6.512,55
375,1,375,788.174,33.679,33.834,1611.403,41.540,33.032,1.509,1414.952,39.159,-40.214,-35.397,-58.119,-30.561,1.376,-3.679,11.774,118.924,0.004,606.385,31.455,31.660,1196.479,36.035,30.022,1.418,951.718,31.149,-40.513,-30.752,-68.454,-30.780,0.029,-1.797,6.951,126.023,0.005,-1.625,-1.789,7.243,55
376,1,376,798.492,33.783,33.962,1708.949,40.384,33.028,1.533,1490.359,37.209,-40.141,-38.137,-58.838,-31.167,0.959,-3.698,11.187,120.053,0.010,616.912,31.342,31.537,1168.375,35.904,30.009,1.446,940.166,31.448,-40.196,-30.956,-68.472,-30.515,-0.098,-1.857,6.622,123.417,-0.004,-1.617,-1.771,5.863,55
377,1,377,797.985,33.780,33.920,1650.574,41.388,33.028,1.518,1439.673,38.471,-41.609,-38.613,-58.010,-31.385,1.246,-3.772,11.356,120.272,-0.001,616.161,31.312,31.502,1167.329,35.655,30.015,1.440,942.798,31.403,-39.347,-31.909,-70.389,-30.042,-0.186,-1.918,6.685,125.721,0.005,-1.599,-1.759,6.162,55
378,1,378,803.385,33.781,33.898,1642.506,41.375,33.018,1.493,1430.225,38.629,-40.683,-39.628,-58.212,-28.483,1.390,-3.689,12.203,114.874,-0.003,619.342,31.404,31.599,1186.014,35.866,30.015,1.414,948.637,31.204,-40.565,-31.875,-69.503,-30.955,-0.054,-1.843,7.464,113.783,-0.002,-1.586,-1.753,6.100,55
379,1,379,770.086,33.779,34.013,1679.799,41.560,33.006,1.511,1456.528,37.853,-41.581,-40.342,-59.007,-30.106,0.979,-3.734,11.758,115.979,-0.003,589.908,31.192,31.416,1146.545,35.609,30.009,1.447,937.783,31.536,-39.525,-31.582,-70.295,-30.864,-0.091,-1.919,7.117,123.555,-0.010,-1.594,-1.758,6.226,55
380,1,380,789.630,33.587,33.711,1554.861,41.815,33.032,1.528,1378.601,40.151,-36.293,-37.146,-58.073,-31.019,1.162,-3.690,11.372,122.887,-0.002,615.593,31.344,31.534,1182.480,35.437,30.009,1.447,954.004,30.978,-38.501,-32.099,-68.308,-31.033,-0.037,-1.782,6.706,127.302,-0.003,-1.584,-1.764,7.030,55
381,1,381,799.211,33.761,33.793,1734.654,39.027,33.032,1.528,1500.234,37.006,-41.537,-36.050,-58.394,-30.551,0.794,-3.867,11.078,130.570,-0.027,623.015,31.246,31.448,1170.407,34.398,30.033,1.461,970.428,30.605,-35.890,-34.132,-70.782,-29.524,-0.137,-1.992,6.528,138.646,-0.024,-1.609,-1.775,13.844,65
382,1,382,813.141,33.782,33.825,1704.600,39.998,33.010,1.499,1453.833,37.959,-40.915,-36.480,-58.499,-28.113,0.893,-3.841,11.169,132.410,-0.023,628.715,31.396,31.584,1208.114,34.356,30.030,1.444,993.784,29.847,-37.084,-33.695,-70.395,-27.179,-0.103,-1.925,6.744,139.536,-0.018,-1.614,-1.767,13.702,65
383,1,383,802.091,33.629,33.801,1750.661,38.744,33.023,1.552,1543.514,35.932,-40.841,-37.661,-59.414,-31.357,0.876,-3.820,10.656,127.098,-0.022,619.406,31.252,31.469,1188.807,34.014,30.041,1.482,990.685,30.018,-39.037,-30.396,-69.761,-31.479,-0.088,-1.926,6.109,136.809,-0.025,-1.628,-1.787,13.950,65
384,1,384,788.843,33.544,33.585,1741.136,37.062,33.039,1.571,1557.761,35.745,-41.659,-33.593,-57.887,-30.978,0.846,-3.905,11.236,127.449,-0.022,617.034,31.343,31.553,1203.428,34.238,30.024,1.464,990.276,29.915,-38.723,-31.420,-70.592,-30.625,-0.180,-2.011,6.807,136.005,-0.021,-1.627,-1.779,13.812,65
385,1,385,799.225,33.720,33.817,1802.588,37.776,33.038,1.538,1579.176,35.266,-39.974,-36.143,-58.836,-30.721,0.760,-3.911,11.037,131.721,-0.027,618.220,31.407,31.589,1203.032,34.543,30.033,1.443,985.867,30.112,-39.100,-30.463,-70.323,-29.708,-0.217,-2.025,6.829,139.888,-0.021,-1.623,-1.787,13.895,65
386,1,386,794.593,33.667,33.774,1743.029,38.665,33.026,1.557,1534.696,36.152,-41.629,-37.482,-59.379,-30.200,0.803,-3.872,10.261,133.511,-0.021,615.556,31.287,31.492,1186.054,34.272,30.022,1.474,982.775,30.136,-39.428,-30.441,-70.344,-29.330,-0.193,-2.009,6.233,136.838,-0.020,-1.611,-1.779,3.052,1565
387,1,387,799.907,33.568,33.586,1775.633,36.356,33.038,1.573,1580.757,35.228,-41.746,-33.416,-60.045,-30.951,0.858,-3.792,11.042,126.502,-0.028,620.304,31.307,31.527,1194.277,34.308,30.024,1.464,986.879,30.021,-37.235,-31.945,-70.454,-30.100,-0.134,-1.973,6.960,134.040,-0.025,-1.603,-1.775,14.050,65
388,1,388,787.307,33.706,33.805,1750.675,38.778,33.029,1.542,1533.337,36.212,-40.888,-37.118,-58.327,-31.250,0.583,-3.921,10.365,135.727,-0.022,608.692,31.191,31.402,1168.612,34.087,30.032,1.470,974.601,30.466,-37.223,-34.032,-70.813,-30.114,-0.265,-2.019,6.091,142.198,-0.018,-1.613,-1.774,13.696,65
389,1,389,807.365,33.584,33.616,1738.751,37.384,33.040,1.534,1535.653,36.247,-42.509,-33.519,-58.717,-31.146,0.948,-3.709,11.384,131.103,-0.026,629.392,31.367,31.594,1185.874,35.092,30.020,1.423,971.724,30.476,-38.053,-33.457,-71.281,-29.879,-0.142,-1.923,7.056,135.498,-0.023,-1.609,-1.760,13.988,65
390,1,390,814.756,33.779,33.803,1747.466,38.830,33.013,1.513,1499.991,36.847,-40.726,-36.162,-58.913,-31.296,0.714,-3.944,11.351,129.458,-0.025,629.713,31.395,31.588,1210.291,34.314,30.001,1.438,990.651,29.744,-37.536,-33.498,-70.780,-30.800,-0.205,-2.070,6.979,133.949,-0.027,-1.616,-1.755,13.796,65
391,1,391,806.522,33.773,33.809,1748.734,38.851,33.012,1.516,1507.457,36.667,-41.304,-36.459,-58.759,-29.551,0.465,-3.901,10.828,137.991,-0.019,624.410,31.364,31.564,1208.593,34.180,30.012,1.448,991.677,29.789,-37.183,-33.613,-70.633,-28.459,-0.209,-2.036,6.594,139.634,-0.024,-1.614,-1.769,13.778,65
392,1,392,816.533,33.796,33.823,1736.068,39.264,33.012,1.506,1486.299,37.173,-41.942,-35.947,-59.305,-30.423,0.872,-3.864,11.375,131.958,-0.022,629.367,31.413,31.615,1211.490,34.495,30.017,1.432,992.120,29.810,-38.072,-33.474,-70.895,-29.191,-0.152,-2.005,7.207,130.131,-0.022,-1.604,-1.767,13.597,65
393,1,393,805.422,33.744,33.780,1711.208,39.435,33.021,1.508,1475.546,37.508,-41.405,-36.135,-58.739,-30.921,0.626,-3.870,11.383,131.994,-0.022,621.937,31.386,31.576,1212.114,34.173,30.015,1.443,991.475,29.814,-38.157,-33.104,-70.907,-29.982,-0.171,-2.025,6.615,137.551,-0.023,-1.629,-1.771,13.703,65
394,1,394,810.163,33.745,33.787,1729.357,39.091,33.012,1.511,1485.488,37.191,-40.907,-36.219,-57.472,-30.916,0.754,-3.874,11.286,132.361,-0.022,624.580,31.373,31.576,1188.467,34.868,30.029,1.439,973.714,30.473,-37.952,-34.036,-71.384,-29.787,-0.132,-1.935,6.758,137.985,-0.018,-1.619,-1.768,13.688,65
395,1,395,793.904,33.597,33.633,1668.072,39.091,33.043,1.545,1477.411,37.653,-41.137,-35.180,-57.847,-31.138,0.681,-3.929,11.436,129.634,-0.019,620.617,31.335,31.520,1184.377,34.549,30.020,1.453,976.723,30.316,-38.888,-32.334,-70.612,-31.333,-0.249,-2.093,7.142,130.414,-0.023,-1.652,-1.799,13.432,65
396,1,396,801.410,33.537,33.564,1684.239,38.112,33.034,1.558,1492.476,37.204,-41.314,-34.703,-57.313,-30.445,0.669,-3.896,11.439,130.376,-0.023,625.225,31.237,31.454,1148.923,35.103,30.021,1.454,951.605,31.144,-38.608,-33.766,-71.653,-31.002,-0.219,-2.003,7.087,132.281,-0.019,-1.629,-1.771,13.448,65
397,1,397,801.619,33.505,33.525,1663.274,38.242,33.041,1.552,1474.132,37.720,-40.904,-34.102,-57.634,-30.877,0.941,-3.850,11.563,130.510,-0.020,629.201,31.325,31.532,1173.984,34.953,30.040,1.457,966.774,30.773,-38.172,-33.257,-70.239,-30.668,-0.133,-1.991,6.684,137.372,-0.025,-1.629,-1.775,13.597,65
398,1,398,763.868,33.367,33.444,1646.359,37.914,33.009,1.581,1498.362,36.859,-42.382,-33.964,-57.516,-31.144,0.692,-3.928,11.240,133.542,-0.023,616.605,31.146,31.357,1148.181,34.352,30.028,1.476,960.576,30.897,-37.553,-33.046,-71.028,-31.341,-0.166,-1.991,6.840,135.425,-0.020,-1.654,-1.784,13.578,65
399,1,399,795.793,33.797,33.866,1772.305,38.850,33.040,1.534,1539.126,36.170,-41.416,-37.477,-60.187,-30.881,1.031,-3.707,11.752,122.503,-0.023,607.117,31.356,31.559,1220.309,33.804,30.034,1.470,1005.591,29.510,-37.934,-30.684,-70.454,-31.260,-0.057,-1.887,7.192,127.765,-0.029,-1.615,-1.782,13.906,65
400,1,400,778.817,33.737,33.833,1755.286,38.929,33.031,1.539,1537.386,36.135,-40.830,-38.023,-59.836,-31.013,0.956,-3.909,11.177,128.628,-0.022,605.696,31.348,31.530,1186.331,34.565,30.032,1.466,974.476,30.469,-37.116,-30.610,-70.832,-31.203,-0.169,-2.042,6.637,138.034,-0.020,-1.630,-1.788,13.865,65
401,1,401,762.032,33.638,33.813,1731.735,39.267,33.037,1.546,1532.408,36.302,-40.950,-39.184,-60.143,-30.751,1.127,-3.797,11.351,128.588,-0.027,599.492,31.295,31.475,1185.403,34.159,30.016,1.465,978.678,30.221,-37.413,-30.474,-70.262,-31.632,-0.129,-2.011,6.968,131.336,-0.020,-1.609,-1.785,13.738,65
402,1,402,790.378,33.746,33.868,1761.574,39.108,33.021,1.540,1537.629,36.038,-40.881,-39.864,-60.053,-31.276,0.872,-3.850,11.165,125.741,-0.025,610.077,31.376,31.555,1203.643,34.256,30.045,1.473,990.886,30.040,-38.039,-30.520,-70.174,-31.433,-0.071,-1.945,6.676,134.289,-0.024,-1.611,-1.782,13.582,65
403,1,403,803.295,33.736,33.865,1765.144,38.997,33.040,1.533,1539.598,36.154,-39.762,-38.676,-59.323,-30.132,1.036,-3.827,10.855,132.074,-0.026,620.877,31.377,31.585,1194.172,34.768,30.032,1.457,980.529,30.275,-40.591,-30.297,-70.177,-29.531,-0.114,-1.992,6.487,137.100,-0.022,-1.626,-1.800,13.782,65
404,1,404,813.123,33.737,33.848,1770.988,38.716,33.043,1.533,1544.236,36.079,-39.759,-37.213,-60.276,-31.082,0.943,-3.928,11.113,129.499,-0.023,620.845,31.381,31.582,1191.850,34.818,30.008,1.445,973.963,30.315,-40.289,-30.416,-70.350,-30.777,-0.237,-2.074,6.967,133.518,-0.018,-1.633,-1.801,13.817,65
405,1,405,798.522,33.669,33.798,1788.778,37.898,33.041,1.545,1575.648,35.360,-39.186,-37.491,-59.773,-30.936,0.970,-3.863,11.052,125.862,-0.024,617.016,31.268,31.479,1189.784,34.060,30.029,1.461,984.938,30.116,-37.825,-30.342,-70.160,-30.277,-0.184,-2.044,6.871,135.007,-0.020,-1.632,-1.807,13.768,65
406,1,406,807.145,33.668,33.768,1719.235,39.141,33.032,1.555,1511.194,36.741,-41.755,-36.731,-59.626,-31.486,0.687,-3.903,10.811,131.584,-0.028,626.270,31.330,31.503,1209.723,33.669,30.037,1.487,999.788,29.712,-40.071,-30.630,-70.072,-32.109,-0.159,-2.022,6.263,138.157,-0.021,-1.638,-1.800,14.001,65
407,1,407,805.833,33.722,33.756,1718.424,39.055,33.028,1.520,1487.422,37.284,-40.695,-35.908,-57.718,-30.547,0.749,-3.839,11.370,128.257,-0.021,625.917,31.438,31.627,1202.505,34.860,30.030,1.442,982.546,30.201,-39.528,-33.651,-71.341,-29.481,-0.168,-1.990,6.999,134.652,-0.021,-1.642,-1.785,14.000,65
408,1,408,818.347,33.761,33.808,1769.269,38.405,33.024,1.506,1528.152,36.282,-41.410,-36.950,-59.170,-30.571,0.869,-3.891,11.539,124.462,-0.023,624.655,31.237,31.488,1191.677,34.072,30.011,1.433,983.025,30.047,-36.648,-32.817,-71.627,-30.048,-0.204,-2.004,7.080,134.263,-0.023,-1.618,-1.786,19.296,615
409,1,409,786.968,33.588,33.684,1691.657,39.008,33.033,1.542,1486.944,37.338,-41.160,-35.265,-57.354,-30.748,0.839,-3.842,11.550,125.260,-0.021,625.279,31.419,31.612,1221.099,34.194,30.024,1.459,1000.065,29.612,-38.770,-32.366,-70.511,-31.318,-0.169,-1.951,6.913,134.428,-0.025,-1.641,-1.798,13.863,65
410,1,410,800.080,33.561,33.587,1647.045,39.173,33.032,1.553,1457.868,38.044,-39.550,-35.722,-57.459,-31.113,0.703,-3.928,11.433,129.069,-0.021,624.605,31.335,31.524,1184.023,34.586,30.029,1.468,975.905,30.406,-39.083,-32.488,-70.273,-31.609,-0.208,-2.010,6.387,137.517,-0.019,-1.644,-1.798,13.538,65
501,1,501,841.516,33.715,33.915,1676.310,41.511,33.030,1.503,1453.985,38.684,-37.845,-40.491,-57.776,-31.091,0.118,-4.241,12.219,117.835,0.005,658.712,31.219,31.516,1176.926,34.807,30.019,1.443,942.797,30.384,-42.193,-33.768,-68.537,-27.753,0.732,-1.460,7.751,127.142,-0.032,-1.702,-1.704,12.710,35
502,1,502,810.265,33.491,33.689,1582.046,41.756,33.021,1.515,1406.341,39.889,-38.767,-41.859,-58.098,-30.943,0.341,-4.394,11.980,121.384,0.006,633.197,31.058,31.366,1123.547,35.258,30.007,1.444,912.186,31.313,-42.716,-33.873,-68.667,-26.594,0.701,-1.590,7.605,129.160,-0.028,-1.673,-1.694,13.119,35
503,1,503,829.533,33.689,33.883,1682.075,41.059,33.024,1.510,1467.405,38.285,-38.922,-41.958,-58.365,-31.006,0.012,-4.296,11.848,121.225,0.003,644.713,31.078,31.374,1149.484,34.508,30.011,1.452,931.266,30.698,-41.913,-33.745,-68.902,-27.018,0.619,-1.511,7.399,130.427,-0.032,-1.691,-1.709,13.276,35
504,1,504,847.786,33.623,33.828,1652.029,41.282,33.029,1.504,1438.909,39.072,-37.799,-39.830,-56.721,-31.219,0.434,-4.615,12.085,120.916,0.001,656.545,31.007,31.313,1125.376,34.776,30.010,1.451,916.612,31.180,-41.329,-32.215,-66.966,-25.734,0.771,-1.762,7.534,132.205,-0.039,-1.663,-1.668,13.085,35
505,1,505,824.001,33.543,33.774,1636.185,41.166,33.027,1.527,1451.020,38.737,-35.977,-39.080,-56.684,-30.670,-0.152,-4.712,11.812,124.266,-0.003,648.123,31.129,31.427,1173.035,34.218,30.008,1.459,940.163,30.391,-40.787,-30.209,-67.240,-30.705,0.732,-1.849,7.417,130.431,-0.033,-1.648,-1.650,9.106,535
506,1,506,846.581,33.927,34.127,1803.954,40.492,33.031,1.502,1538.464,36.611,-39.860,-43.851,-58.920,-31.029,0.128,-4.226,11.653,125.906,0.000,664.937,31.178,31.460,1182.345,34.198,30.044,1.457,954.373,30.185,-40.763,-31.923,-68.218,-25.957,0.802,-1.408,7.303,133.314,-0.031,-1.676,-1.692,13.183,35
507,1,507,849.494,33.855,34.062,1762.836,40.825,33.043,1.500,1515.470,37.256,-40.436,-43.847,-59.107,-31.417,0.095,-4.199,11.475,125.884,0.003,669.822,31.140,31.437,1153.661,34.885,30.010,1.440,929.513,30.752,-42.249,-32.328,-67.859,-26.580,0.697,-1.492,7.664,129.398,-0.030,-1.662,-1.672,13.287,35
508,1,508,837.655,33.713,33.927,1692.552,41.219,33.017,1.506,1467.157,38.232,-38.912,-40.272,-57.275,-31.325,-0.072,-4.300,11.821,122.568,0.000,650.855,31.110,31.409,1159.005,34.494,30.007,1.448,935.015,30.546,-42.272,-31.814,-68.157,-26.457,0.695,-1.497,7.407,131.991,-0.036,-1.675,-1.688,13.009,35
509,1,509,842.577,33.721,33.929,1687.622,41.355,33.018,1.507,1461.941,38.371,-38.307,-41.132,-57.419,-31.042,0.138,-4.345,12.013,121.333,0.003,655.498,31.205,31.482,1166.201,34.860,30.023,1.444,933.381,30.715,-41.455,-33.580,-68.120,-29.364,0.713,-1.515,7.605,129.362,-0.039,-1.653,-1.673,12.805,35
510,1,510,820.502,33.669,33.883,1676.814,41.189,33.008,1.512,1458.170,38.385,-39.168,-42.657,-58.672,-31.290,0.279,-4.610,11.732,122.859,0.003,638.413,31.003,31.293,1142.100,34.092,30.024,1.467,936.761,30.612,-41.750,-31.862,-66.909,-28.443,0.608,-1.799,7.442,127.996,-0.029,-1.685,-1.688,13.471,35
511,1,511,844.978,33.605,33.788,1658.622,40.737,33.018,1.514,1446.594,38.771,-36.246,-38.630,-56.889,-30.148,0.133,-4.263,11.916,124.811,0.009,661.678,31.088,31.354,1155.009,34.179,30.017,1.457,935.971,30.586,-43.022,-33.389,-67.967,-28.998,0.699,-1.444,7.485,132.007,-0.032,-1.721,-1.734,13.263,35
512,1,512,810.423,33.550,33.784,1667.496,40.488,33.023,1.521,1479.598,37.973,-37.753,-39.898,-56.794,-30.757,0.120,-4.355,11.755,121.610,-0.001,638.466,30.994,31.287,1121.726,34.678,30.043,1.455,919.683,31.314,-42.169,-35.040,-67.851,-30.907,0.711,-1.511,7.595,128.285,-0.034,-1.669,-1.705,12.631,35
513,1,513,842.712,33.529,33.686,1585.328,41.643,33.025,1.511,1389.324,40.403,-36.050,-40.554,-57.835,-29.597,0.018,-4.444,12.300,118.417,0.003,659.345,31.088,31.380,1146.586,34.647,30.039,1.458,930.047,30.939,-42.150,-32.865,-68.685,-28.465,0.703,-1.644,7.655,127.293,-0.034,-1.686,-1.695,13.464,35
514,1,514,837.218,33.551,33.730,1619.995,41.164,33.020,1.505,1424.247,39.387,-35.022,-39.932,-57.245,-30.973,0.192,-4.306,11.997,124.038,0.008,654.874,31.147,31.440,1180.117,34.109,30.013,1.445,951.588,30.057,-41.410,-33.085,-68.703,-26.083,0.770,-1.474,7.223,134.366,-0.040,-1.630,-1.664,13.545,35
515,1,515,839.265,33.552,33.721,1618.099,41.128,33.018,1.501,1414.252,39.639,-34.937,-40.083,-57.998,-30.796,-0.093,-4.606,12.057,125.207,0.008,650.592,31.183,31.481,1182.736,34.349,30.028,1.446,955.201,30.048,-42.051,-32.192,-68.745,-25.225,0.757,-1.700,7.424,134.859,-0.031,-1.675,-1.680,13.655,35
516,1,516,840.966,33.784,33.988,1747.316,40.489,33.020,1.513,1508.222,37.240,-38.809,-40.140,-57.781,-30.768,0.083,-4.603,11.670,124.389,-0.002,656.515,31.083,31.370,1152.021,34.397,30.042,1.462,938.560,30.680,-42.713,-32.807,-67.967,-29.011,0.707,-1.762,7.527,127.886,-0.032,-1.704,-1.697,13.795,35
517,1,517,825.371,33.493,33.685,1575.378,41.895,33.021,1.521,1398.258,40.113,-36.460,-40.808,-57.322,-31.071,0.357,-4.323,11.544,128.367,0.005,649.357,31.117,31.416,1137.125,35.230,30.027,1.449,917.982,31.254,-42.504,-33.051,-68.135,-25.851,0.688,-1.501,7.229,133.571,-0.031,-1.645,-1.668,12.955,35
518,1,518,829.293,33.541,33.730,1613.628,41.324,33.017,1.511,1419.370,39.496,-37.145,-40.398,-57.456,-29.912,0.078,-4.361,12.016,125.647,0.005,639.949,31.106,31.396,1151.727,34.612,30.042,1.455,931.936,30.897,-41.368,-32.952,-69.014,-28.449,0.679,-1.517,7.649,131.134,-0.036,-1.633,-1.668,12.922,35
519,1,519,824.137,33.329,33.487,1520.124,41.489,33.036,1.535,1371.290,41.027,-33.447,-39.843,-57.260,-30.149,0.197,-4.456,12.253,121.493,0.001,645.105,31.208,31.509,1177.024,34.743,30.034,1.455,940.404,30.561,-43.562,-31.801,-68.046,-27.696,0.771,-1.540,7.317,131.213,-0.035,-1.647,-1.685,13.142,35
520,1,520,822.240,33.686,33.886,1676.167,41.234,33.034,1.525,1468.933,38.336,-39.098,-41.586,-57.965,-30.628,-0.011,-4.369,11.495,131.726,-0.006,651.329,31.228,31.502,1177.588,34.671,30.035,1.459,939.915,30.588,-42.629,-32.463,-68.322,-27.535,0.751,-1.554,7.309,136.399,-0.032,-1.668,-1.680,13.559,35
521,1,521,816.166,33.551,33.713,1604.784,41.392,33.027,1.510,1418.663,39.605,-35.488,-40.853,-57.853,-30.555,0.170,-4.265,12.152,121.749,0.012,641.936,31.235,31.520,1177.182,34.827,30.015,1.439,942.601,30.359,-43.033,-32.997,-68.764,-27.677,0.697,-1.488,7.766,126.490,-0.033,-1.663,-1.695,13.114,35
522,1,522,822.835,33.513,33.693,1591.334,41.548,33.031,1.520,1414.056,39.768,-37.708,-40.572,-57.775,-30.958,0.173,-4.224,11.864,126.074,0.000,646.753,31.148,31.423,1161.474,34.529,30.013,1.452,935.323,30.579,-42.371,-32.291,-68.683,-26.046,0.672,-1.426,7.262,132.552,-0.026,-1.643,-1.686,12.950,35
523,1,523,636.490,18.901,19.309,1248.637,31.004,18.284,1.577,1080.324,29.078,-48.620,-47.111,-63.498,-40.738,-16.908,-19.908,-2.711,93.875,0.445,493.164,17.683,17.635,886.214,25.662,15.127,1.536,711.254,22.584,-61.010,-40.246,-71.822,-39.148,-14.520,-16.377,-5.399,97.949,-0.067,-17.140,-11.512,10.238,35
524,1,524,824.799,33.638,33.849,1659.179,41.301,33.030,1.508,1452.201,38.730,-39.081,-41.418,-57.785,-31.339,0.641,-4.293,12.178,116.683,0.002,640.144,31.077,31.375,1161.150,34.159,30.028,1.461,946.666,30.319,-42.729,-34.983,-68.221,-27.973,1.384,-1.477,7.604,126.291,-0.033,-1.782,-1.710,13.421,35
525,1,525,829.812,33.624,33.840,1653.000,41.373,33.027,1.509,1449.680,38.770,-39.094,-41.894,-58.377,-31.390,-0.223,-4.508,11.375,130.873,0.006,650.456,31.089,31.381,1146.247,34.666,30.048,1.451,930.273,30.999,-42.208,-31.856,-67.268,-25.765,0.693,-1.618,7.306,134.722,-0.032,-1.657,-1.670,13.006,35
526,1,526,860.325,33.789,33.952,1703.676,41.189,33.019,1.491,1459.871,38.440,-36.844,-42.179,-58.599,-31.309,-0.378,-4.444,11.948,124.496,0.004,672.351,31.097,31.380,1167.849,34.001,30.030,1.452,944.197,30.415,-40.461,-34.389,-69.330,-26.560,0.624,-1.627,7.242,135.922,-0.027,-1.654,-1.667,12.913,35
527,1,527,851.955,33.881,34.086,1771.108,40.861,33.014,1.498,1510.119,37.143,-40.345,-42.790,-58.599,-31.395,-0.144,-4.500,11.440,128.709,0.003,669.829,31.105,31.382,1167.194,34.037,30.034,1.454,944.965,30.416,-41.637,-32.098,-67.552,-26.968,0.626,-1.662,7.418,132.413,-0.032,-1.670,-1.669,12.953,35
528,1,528,837.203,33.706,33.913,1692.898,41.078,33.020,1.492,1467.977,38.239,-37.656,-39.750,-57.262,-31.086,-0.052,-4.303,11.732,127.309,0.010,655.484,31.222,31.492,1157.003,35.221,30.009,1.428,926.796,30.836,-44.770,-34.322,-67.745,-28.630,0.797,-1.493,7.707,129.920,-0.032,-1.671,-1.697,13.521,35
529,1,529,832.552,33.553,33.739,1641.462,40.709,33.025,1.512,1446.225,38.848,-37.329,-39.634,-56.570,-30.988,0.049,-4.393,12.196,119.162,0.013,649.553,31.228,31.508,1178.950,34.680,30.020,1.442,946.011,30.286,-42.313,-36.074,-68.041,-27.683,0.672,-1.570,7.643,128.254,-0.038,-1.658,-1.685,13.044,35
530,1,530,832.228,33.504,33.693,1608.841,41.095,33.025,1.520,1429.840,39.279,-35.095,-39.134,-57.109,-31.225,0.165,-4.230,11.818,121.658,0.004,647.378,31.118,31.428,1172.222,34.247,30.034,1.466,945.356,30.404,-42.536,-32.846,-68.787,-27.481,0.640,-1.431,7.076,132.041,-0.036,-1.674,-1.695,12.798,35
531,1,531,824.935,33.518,33.696,1596.798,41.438,33.029,1.522,1421.048,39.562,-36.946,-41.320,-57.866,-30.803,0.045,-4.430,11.936,124.395,0.004,645.202,31.127,31.409,1152.562,34.694,30.019,1.455,926.848,30.898,-42.416,-32.409,-68.755,-26.953,0.651,-1.603,7.140,136.916,-0.029,-1.644,-1.675,13.105,35
532,1,532,841.049,33.662,33.842,1672.035,40.920,33.019,1.489,1453.127,38.610,-36.642,-38.263,-57.372,-31.175,0.071,-4.469,12.207,120.805,0.005,655.469,31.184,31.475,1180.434,34.375,30.043,1.440,955.239,30.154,-43.251,-33.454,-68.570,-26.752,0.667,-1.620,7.763,129.609,-0.036,-1.712,-1.721,13.068,35
533,1,533,827.193,33.659,33.862,1665.351,41.270,33.014,1.505,1448.016,38.701,-37.452,-40.812,-57.231,-31.140,0.152,-4.328,11.416,129.722,0.003,654.889,31.077,31.359,1139.022,34.713,30.032,1.453,925.855,31.033,-41.669,-35.272,-68.398,-25.855,0.665,-1.523,7.373,133.407,-0.031,-1.666,-1.686,13.245,35
534,1,534,844.451,33.678,33.835,1653.158,41.321,33.028,1.514,1439.534,39.049,-35.145,-42.599,-57.673,-31.402,-0.151,-4.290,11.742,124.431,0.011,659.089,31.138,31.436,1175.022,34.226,30.016,1.459,947.456,30.212,-40.850,-31.725,-68.975,-25.921,0.649,-1.494,6.918,135.833,-0.034,-1.660,-1.686,13.377,35
535,1,535,836.074,33.568,33.746,1609.978,41.569,33.036,1.496,1418.241,39.699,-37.208,-41.311,-58.085,-30.964,0.252,-4.400,12.039,121.750,0.005,653.572,31.233,31.537,1181.878,34.820,30.019,1.439,943.121,30.372,-42.092,-33.169,-68.755,-26.957,0.629,-1.578,7.353,132.097,-0.031,-1.648,-1.678,13.177,35
536,1,536,805.350,33.424,33.619,1559.263,41.693,33.035,1.530,1401.856,40.139,-34.577,-39.674,-57.638,-30.687,0.094,-4.350,12.197,118.987,-0.002,637.503,30.994,31.310,1135.627,34.430,30.044,1.468,925.644,31.123,-42.604,-32.632,-68.599,-28.136,0.690,-1.522,7.284,131.233,-0.037,-1.682,-1.696,13.342,35
537,1,537,836.902,33.701,33.908,1696.933,40.935,33.026,1.497,1473.201,38.154,-37.264,-40.285,-57.079,-31.368,-0.200,-4.397,11.972,123.711,0.005,654.121,31.180,31.458,1160.759,34.832,30.018,1.431,934.744,30.636,-41.255,-33.580,-68.537,-25.495,0.710,-1.605,7.955,129.065,-0.033,-1.650,-1.676,13.123,35
538,1,538,817.378,33.638,33.873,1677.755,41.071,33.021,1.511,1469.994,38.191,-38.251,-40.651,-57.759,-29.917,-0.144,-4.338,12.005,121.080,-0.001,632.279,31.112,31.408,1152.058,34.704,30.027,1.457,929.919,30.858,-42.500,-32.401,-68.201,-29.684,0.654,-1.516,7.825,127.912,-0.036,-1.671,-1.696,12.911,35
539,1,539,838.596,33.584,33.754,1620.567,41.380,33.013,1.507,1417.639,39.498,-36.108,-42.257,-58.406,-30.399,0.200,-4.250,11.906,124.560,0.013,654.558,31.212,31.496,1183.437,34.447,30.021,1.451,954.027,30.037,-41.640,-34.065,-69.370,-24.614,0.720,-1.445,7.458,132.388,-0.034,-1.665,-1.682,13.309,35
540,1,540,819.192,33.640,33.835,1648.431,41.438,33.016,1.498,1436.230,39.029,-37.787,-41.743,-58.315,-30.233,-0.029,-4.374,12.140,122.750,0.004,644.946,31.116,31.385,1154.677,34.437,30.012,1.449,931.334,30.701,-42.467,-32.102,-68.294,-28.682,0.653,-1.577,7.746,129.874,-0.026,-1.666,-1.677,12.971,35
541,1,541,853.159,33.897,34.062,1746.413,41.205,33.042,1.490,1485.288,37.996,-39.996,-43.511,-59.259,-30.984,0.152,-4.279,11.846,127.137,0.010,670.379,31.271,31.543,1170.242,35.228,30.002,1.427,930.717,30.652,-40.897,-32.542,-69.058,-25.175,0.681,-1.493,7.782,132.191,-0.031,-1.667,-1.683,13.598,35
542,1,542,838.919,33.709,33.925,1701.118,40.988,33.021,1.499,1478.492,37.983,-38.463,-40.525,-57.326,-31.502,0.013,-4.426,11.780,123.273,0.000,654.761,31.057,31.371,1152.043,34.405,30.032,1.442,942.029,30.495,-41.276,-32.051,-68.002,-27.788,0.736,-1.583,7.949,124.899,-0.038,-1.655,-1.669,13.568,35
543,1,543,833.560,33.475,33.643,1577.734,41.428,33.033,1.513,1405.212,40.030,-37.448,-39.114,-57.974,-31.281,0.360,-4.362,11.912,123.606,0.013,655.243,31.073,31.374,1152.675,34.405,30.032,1.455,938.349,30.617,-43.722,-33.019,-68.233,-26.004,0.646,-1.506,7.308,132.142,-0.034,-1.706,-1.714,12.691,35
544,1,544,818.191,33.559,33.738,1604.001,41.645,33.030,1.506,1416.600,39.686,-37.055,-40.369,-57.774,-30.943,0.649,-3.996,12.327,121.912,0.007,646.384,31.101,31.378,1168.180,33.972,30.005,1.449,947.132,30.146,-42.407,-33.659,-69.039,-27.548,1.570,-1.234,7.703,129.085,-0.036,-1.705,-1.693,12.898,35
545,1,545,829.172,33.559,33.760,1622.103,41.390,33.020,1.520,1430.434,39.216,-36.598,-40.409,-57.215,-31.158,-0.010,-4.393,12.042,120.134,0.005,648.552,31.074,31.371,1145.773,34.603,30.013,1.460,928.933,30.793,-41.898,-33.329,-68.475,-27.851,0.634,-1.577,7.704,126.723,-0.032,-1.648,-1.667,13.076,35
546,1,546,830.226,33.662,33.877,1664.004,41.444,33.015,1.508,1452.570,38.587,-39.073,-41.180,-58.390,-30.871,-0.178,-4.738,12.054,119.541,0.009,653.474,31.101,31.390,1145.818,34.748,30.013,1.448,925.923,30.893,-42.286,-30.751,-67.175,-28.168,0.765,-1.895,7.663,127.977,-0.028,-1.672,-1.662,12.757,35
547,1,547,837.391,33.695,33.889,1677.093,41.232,33.010,1.499,1454.045,38.514,-39.067,-40.356,-57.700,-31.018,0.056,-4.319,11.805,125.783,0.011,651.969,31.132,31.400,1146.308,34.818,30.029,1.445,929.279,30.894,-43.415,-33.350,-68.632,-27.953,0.692,-1.501,7.567,130.566,-0.022,-1.688,-1.697,13.205,35
548,1,548,840.055,33.786,34.000,1729.327,41.028,33.043,1.518,1497.519,37.698,-39.720,-42.320,-57.939,-31.289,0.049,-4.293,11.484,126.958,-0.001,657.636,31.097,31.376,1138.856,34.854,30.035,1.457,923.695,31.121,-42.330,-33.711,-68.231,-26.732,0.732,-1.515,7.194,133.836,-0.032,-1.665,-1.683,13.314,35
549,1,549,848.071,33.774,33.981,1715.192,41.185,33.007,1.497,1476.302,37.913,-39.120,-39.810,-57.622,-31.133,-0.115,-4.414,11.736,124.960,0.009,660.948,31.066,31.364,1154.158,34.286,30.015,1.454,933.863,30.642,-43.095,-32.590,-68.023,-27.703,0.701,-1.558,7.012,136.248,-0.034,-1.687,-1.716,12.943,35
550,1,550,826.282,33.594,33.794,1640.588,41.248,33.020,1.519,1443.884,38.864,-39.053,-40.360,-57.343,-31.301,0.139,-4.470,11.465,125.927,0.003,645.526,31.209,31.502,1166.457,35.008,30.045,1.457,935.459,30.801,-42.225,-34.080,-68.911,-26.329,0.668,-1.587,7.213,132.491,-0.037,-1.675,-1.695,12.929,35
551,1,551,844.827,33.784,33.965,1710.466,41.148,33.006,1.505,1466.795,38.146,-38.153,-41.594,-57.890,-30.992,0.002,-4.337,12.009,123.300,0.007,658.720,31.116,31.384,1170.829,33.944,30.043,1.465,952.371,30.241,-42.615,-33.423,-67.747,-27.218,0.727,-1.456,7.727,131.891,-0.035,-1.673,-1.686,13.448,35
552,1,552,840.786,33.620,33.779,1621.064,41.602,33.030,1.503,1418.264,39.638,-36.819,-40.617,-58.142,-30.810,0.078,-4.447,11.947,123.236,0.014,654.332,31.107,31.403,1146.368,34.833,30.029,1.451,928.519,30.922,-41.626,-32.303,-68.378,-27.046,0.653,-1.613,7.519,130.579,-0.036,-1.639,-1.658,13.056,35
553,1,553,817.167,33.579,33.795,1631.323,41.491,33.022,1.496,1432.113,39.192,-38.044,-40.022,-58.177,-30.500,0.143,-4.429,12.255,119.236,0.008,636.110,31.140,31.476,1167.375,34.775,30.019,1.435,939.229,30.497,-41.733,-31.714,-68.507,-28.069,0.554,-1.633,7.970,126.536,-0.034,-1.688,-1.711,12.717,35
554,1,554,850.676,33.606,33.777,1640.550,41.091,33.005,1.502,1432.068,39.046,-34.504,-40.208,-57.665,-25.327,0.070,-4.429,12.330,121.946,0.010,657.441,31.051,31.336,1164.454,33.759,30.022,1.462,959.439,29.875,-42.575,-31.599,-68.407,-20.292,0.685,-1.574,7.449,146.866,-0.032,-1.686,-1.707,13.684,35
555,1,555,847.138,33.623,33.823,1652.112,41.232,33.011,1.509,1438.510,38.927,-37.673,-38.624,-57.425,-30.703,0.282,-4.240,11.725,123.300,0.006,659.202,31.120,31.419,1137.366,35.245,30.035,1.453,917.884,31.322,-44.694,-31.874,-67.959,-27.673,0.735,-1.400,7.372,131.311,-0.031,-1.701,-1.721,13.315,35
556,1,556,841.403,33.740,33.927,1690.174,41.282,33.034,1.500,1460.089,38.565,-38.861,-40.809,-58.072,-30.885,0.216,-4.382,12.160,118.852,0.000,659.857,31.216,31.490,1163.318,35.009,30.015,1.437,933.359,30.662,-41.856,-32.089,-68.132,-25.547,0.742,-1.531,7.754,129.662,-0.029,-1.690,-1.699,12.859,35
557,1,557,826.952,33.834,34.061,1790.805,40.178,33.018,1.516,1541.241,36.435,-41.839,-44.455,-59.439,-31.487,-0.127,-4.261,11.410,125.316,0.002,651.336,31.033,31.331,1155.520,33.982,30.029,1.465,943.535,30.425,-42.246,-32.281,-67.708,-26.966,0.726,-1.485,7.445,131.715,-0.031,-1.682,-1.685,12.982,35
558,1,558,846.069,33.624,33.803,1655.785,40.953,33.026,1.491,1443.327,38.925,-36.788,-39.276,-56.655,-31.243,0.025,-4.626,12.176,120.836,0.009,662.273,31.075,31.368,1147.437,34.522,30.019,1.439,928.805,30.839,-40.924,-33.247,-68.162,-27.728,0.679,-1.792,7.458,132.153,-0.030,-1.669,-1.679,13.036,35
559,1,559,839.288,33.648,33.848,1670.228,41.020,33.006,1.496,1452.472,38.515,-35.892,-38.629,-56.906,-30.458,0.137,-4.349,12.019,121.036,0.010,657.561,31.084,31.372,1168.887,33.904,30.019,1.446,947.705,30.222,-43.561,-33.324,-68.296,-29.916,0.714,-1.541,7.663,126.605,-0.036,-1.707,-1.733,12.917,35
560,1,560,842.901,33.551,33.719,1615.397,41.177,33.015,1.510,1417.676,39.518,-33.208,-39.348,-57.310,-31.099,-0.055,-4.388,12.109,122.295,0.007,653.173,31.126,31.416,1166.863,34.315,30.047,1.456,946.914,30.447,-42.534,-32.418,-68.615,-26.030,0.688,-1.529,7.376,132.961,-0.031,-1.686,-1.705,13.547,35
561,1,561,832.228,33.719,33.920,1692.003,41.164,33.017,1.503,1470.386,38.153,-39.899,-43.526,-58.644,-30.096,-0.006,-4.207,11.899,123.984,0.000,654.573,31.087,31.378,1182.548,33.554,30.033,1.465,955.622,30.074,-41.197,-34.455,-67.596,-29.214,0.745,-1.410,7.298,133.067,-0.035,-1.648,-1.672,12.947,35
562,1,562,850.518,33.797,33.985,1716.118,41.201,33.039,1.495,1480.291,38.096,-38.191,-39.276,-58.434,-23.231,0.549,-4.297,12.167,145.725,0.006,661.798,31.203,31.465,1172.681,34.524,30.036,1.457,964.060,29.830,-42.746,-33.034,-68.415,-18.558,1.299,-1.493,7.439,207.815,-0.029,-1.723,-1.709,12.816,35
563,1,563,805.260,33.474,33.698,1601.480,41.337,33.028,1.538,1430.976,39.278,-37.153,-41.100,-57.465,-30.301,0.263,-4.270,11.287,130.984,0.003,637.856,31.044,31.354,1151.117,34.301,30.033,1.467,936.008,30.697,-40.959,-33.564,-67.776,-30.510,0.690,-1.435,6.838,133.302,-0.028,-1.662,-1.690,13.418,35
564,1,564,831.340,33.689,33.869,1662.077,41.420,33.024,1.497,1440.783,38.979,-38.206,-41.201,-58.351,-30.714,-0.174,-4.382,12.172,121.232,0.007,649.801,31.181,31.451,1148.317,35.164,30.032,1.442,925.621,31.038,-42.392,-35.676,-67.890,-27.115,0.730,-1.547,7.803,129.495,-0.033,-1.650,-1.681,12.789,35
565,1,565,822.865,33.749,33.956,1725.534,40.703,33.012,1.519,1501.990,37.321,-41.413,-44.484,-59.257,-31.072,0.019,-4.333,11.405,126.704,-0.002,651.608,30.979,31.277,1134.423,34.205,30.020,1.467,924.319,30.992,-42.105,-31.453,-68.095,-27.485,0.651,-1.574,7.414,131.202,-0.030,-1.674,-1.675,13.195,35
566,1,566,831.212,33.628,33.829,1671.372,40.811,33.024,1.510,1466.178,38.314,-38.999,-40.745,-58.352,-31.113,0.025,-4.440,11.524,127.361,0.009,649.838,31.280,31.568,1184.422,34.995,30.015,1.440,940.381,30.433,-43.292,-31.797,-67.935,-26.161,0.649,-1.585,7.208,134.898,-0.034,-1.674,-1.692,13.345,35
567,1,567,828.826,33.594,33.787,1642.304,41.134,33.022,1.518,1445.171,38.848,-37.387,-39.922,-57.700,-30.517,0.125,-4.407,12.053,122.286,0.002,651.193,31.132,31.406,1161.436,34.395,30.024,1.454,938.409,30.561,-42.440,-31.576,-67.982,-28.266,0.782,-1.534,7.650,129.122,-0.038,-1.682,-1.690,13.167,35
568,1,568,805.365,33.418,33.634,1592.215,40.967,33.023,1.543,1432.828,39.185,-36.441,-37.523,-56.510,-28.926,0.202,-4.627,11.855,125.981,-0.004,638.060,31.103,31.384,1151.553,34.524,30.014,1.458,929.754,30.769,-43.911,-31.057,-67.571,-31.166,0.816,-1.747,7.548,128.348,-0.034,-1.714,-1.698,13.810,35
569,1,569,843.970,33.765,33.954,1710.526,41.041,33.016,1.507,1478.876,37.930,-40.154,-42.878,-58.615,-31.483,-0.092,-4.464,11.674,122.116,0.007,666.202,31.159,31.467,1192.717,33.945,30.018,1.461,959.838,29.839,-41.153,-32.185,-68.154,-26.961,0.642,-1.662,7.415,128.551,-0.039,-1.672,-1.671,13.481,35
570,1,570,845.061,33.735,33.926,1693.787,41.182,33.027,1.515,1471.304,38.216,-38.392,-43.476,-58.906,-31.405,-0.126,-4.477,11.736,124.539,0.003,664.779,31.165,31.453,1163.717,34.699,30.004,1.455,933.140,30.590,-41.871,-31.465,-67.859,-26.145,0.710,-1.651,7.536,130.358,-0.028,-1.664,-1.674,13.343,35
571,1,571,831.844,33.501,33.673,1597.288,41.206,33.020,1.508,1415.215,39.637,-34.080,-39.709,-57.636,-31.017,-0.129,-4.649,12.226,119.556,0.006,652.767,31.135,31.429,1166.050,34.438,30.036,1.445,945.770,30.403,-42.243,-31.469,-67.176,-26.574,0.833,-1.671,7.731,127.590,-0.027,-1.680,-1.678,13.352,35
572,1,572,847.424,33.865,34.064,1738.525,41.411,33.025,1.496,1482.195,37.924,-39.566,-43.222,-58.833,-30.702,0.235,-4.226,11.992,120.597,0.008,652.360,31.063,31.348,1164.078,33.863,30.020,1.459,947.607,30.234,-41.352,-32.846,-67.944,-29.133,0.700,-1.442,7.687,126.839,-0.033,-1.693,-1.712,13.518,35
573,1,573,827.998,33.671,33.889,1675.535,41.280,33.027,1.503,1462.663,38.432,-38.885,-41.085,-57.640,-31.357,0.403,-4.201,11.726,123.829,0.002,644.291,31.160,31.449,1158.087,34.839,30.013,1.441,930.393,30.741,-41.983,-33.672,-67.891,-27.462,0.789,-1.411,7.286,133.179,-0.033,-1.662,-1.686,13.314,35
574,1,574,836.157,33.730,33.895,1687.096,41.049,33.023,1.498,1458.448,38.508,-36.928,-41.820,-58.270,-31.081,-0.329,-4.467,11.977,125.150,0.013,661.061,31.165,31.444,1168.338,34.492,30.020,1.447,942.700,30.392,-41.484,-33.555,-67.986,-26.536,0.729,-1.627,7.534,132.771,-0.029,-1.646,-1.657,13.138,35
575,1,575,821.863,33.622,33.830,1656.379,41.189,33.016,1.508,1454.534,38.553,-38.584,-40.871,-58.995,-31.259,0.067,-4.240,11.648,125.642,0.011,644.389,31.026,31.334,1135.733,34.617,30.030,1.452,925.554,31.023,-43.257,-32.804,-68.781,-26.635,0.664,-1.414,7.404,131.177,-0.027,-1.690,-1.712,13.045,35
576,1,576,847.025,33.811,34.018,1730.366,41.168,33.034,1.490,1488.314,37.851,-38.251,-43.169,-58.107,-31.562,0.032,-4.245,11.568,127.275,0.007,654.099,31.035,31.333,1175.255,33.418,30.039,1.452,962.758,29.888,-40.238,-31.956,-68.317,-27.542,0.706,-1.449,7.520,128.152,-0.030,-1.665,-1.687,13.514,35
577,1,577,853.415,33.680,33.878,1688.924,40.849,33.023,1.498,1467.367,38.280,-37.055,-39.846,-57.435,-30.763,0.132,-4.309,11.901,123.571,0.009,659.548,31.121,31.411,1170.129,34.176,30.020,1.443,943.294,30.370,-42.672,-35.300,-68.867,-28.001,0.677,-1.491,7.646,128.386,-0.041,-1.668,-1.688,12.965,35
578,1,578,828.954,33.570,33.761,1622.570,41.386,33.019,1.478,1425.406,39.349,-38.387,-40.956,-57.988,-31.346,0.033,-4.272,12.341,120.382,0.002,643.275,31.164,31.442,1156.529,34.833,30.016,1.419,936.791,30.551,-42.762,-33.131,-68.324,-26.108,0.680,-1.438,8.090,124.880,-0.027,-1.660,-1.694,13.542,35
579,1,579,817.656,33.558,33.767,1628.230,41.308,33.032,1.514,1433.678,39.243,-38.599,-40.933,-58.202,-30.501,0.028,-4.301,11.882,122.653,0.009,639.790,31.059,31.374,1161.241,34.152,30.011,1.459,939.057,30.445,-42.048,-32.745,-67.731,-28.123,0.648,-1.509,7.494,130.567,-0.033,-1.671,-1.705,13.148,35
580,1,580,841.147,33.678,33.830,1657.787,41.156,33.028,1.514,1438.013,39.093,-35.989,-40.368,-57.782,-30.796,0.092,-4.434,11.789,127.861,0.006,662.837,31.223,31.484,1191.370,34.123,30.022,1.463,954.418,30.031,-42.343,-32.723,-67.949,-27.715,0.646,-1.601,7.152,133.535,-0.034,-1.663,-1.681,13.359,35
581,1,581,830.941,33.568,33.756,1646.821,40.730,33.025,1.518,1447.482,38.811,-39.197,-41.600,-58.143,-30.699,0.024,-4.435,11.983,116.501,0.001,645.691,31.111,31.404,1138.006,35.106,30.026,1.455,923.694,31.059,-40.914,-33.462,-67.846,-28.442,0.677,-1.637,7.830,124.425,-0.022,-1.653,-1.671,12.927,35
582,1,582,822.744,33.524,33.697,1612.838,41.029,33.029,1.515,1423.096,39.502,-34.897,-39.994,-57.481,-30.844,0.067,-4.451,11.664,129.995,-0.002,647.378,31.183,31.462,1172.553,34.501,30.032,1.452,945.431,30.384,-42.490,-31.572,-68.426,-24.962,0.696,-1.625,7.401,135.148,-0.031,-1.666,-1.683,13.337,35
583,1,583,840.455,33.538,33.692,1590.830,41.548,33.025,1.508,1396.165,40.207,-34.594,-40.527,-57.635,-30.818,0.000,-4.330,12.005,123.921,0.011,656.018,31.250,31.539,1189.217,34.615,30.016,1.443,948.277,30.188,-42.356,-32.565,-69.055,-26.842,0.640,-1.533,7.573,128.234,-0.035,-1.654,-1.683,12.963,35
584,1,584,814.209,33.563,33.761,1633.431,41.119,33.027,1.502,1437.908,39.087,-36.767,-41.397,-58.239,-30.607,-0.057,-4.430,12.248,123.131,0.009,635.959,31.098,31.368,1170.069,33.835,30.014,1.448,948.194,30.175,-40.519,-33.409,-68.120,-28.779,0.840,-1.575,7.724,132.044,-0.035,-1.649,-1.674,12.835,35
585,1,585,822.278,33.491,33.661,1587.616,41.340,33.027,1.518,1414.199,39.728,-36.417,-38.856,-57.924,-30.427,-0.071,-4.454,12.142,120.341,0.018,649.997,31.132,31.431,1166.246,34.449,30.001,1.449,939.629,30.357,-43.772,-32.323,-68.904,-28.682,0.609,-1.659,7.514,128.092,-0.031,-1.712,-1.726,13.126,35
586,1,586,844.098,33.538,33.719,1614.109,41.205,33.018,1.508,1415.908,39.600,-37.556,-39.223,-57.065,-30.807,0.249,-4.213,12.157,120.553,0.008,660.700,31.158,31.465,1180.727,34.287,30.045,1.451,952.205,30.265,-42.820,-31.710,-68.081,-27.680,0.773,-1.411,7.632,127.783,-0.034,-1.683,-1.689,13.695,35
587,1,587,838.061,33.766,33.969,1704.467,41.326,33.001,1.473,1465.787,38.121,-38.237,-43.517,-58.816,-31.142,0.004,-4.528,12.422,117.679,0.001,649.537,31.049,31.331,1158.117,33.907,30.018,1.436,947.878,30.209,-41.311,-33.277,-67.564,-27.808,0.722,-1.668,8.134,123.497,-0.029,-1.672,-1.685,13.312,35
588,1,588,839.739,33.511,33.690,1616.300,40.883,33.024,1.523,1426.731,39.358,-37.317,-40.624,-57.119,-30.808,0.258,-4.472,11.795,123.491,0.009,650.087,31.205,31.505,1171.522,34.879,30.006,1.450,936.053,30.508,-43.053,-34.062,-68.108,-26.440,1.223,-1.623,7.274,132.900,-0.031,-1.730,-1.704,12.822,35
590,1,590,831.002,33.759,33.896,1701.860,41.367,33.004,1.476,1456.217,38.277,-37.688,-37.802,-55.029,-30.560,1.136,-13.391,11.797,129.744,0.008,644.740,31.336,31.532,1174.325,34.708,30.034,1.428,954.678,30.523,-43.656,-34.888,-68.377,-26.906,-0.173,-9.471,7.208,140.432,-0.038,-1.560,-1.578,13.339,35
591,1,591,856.531,33.805,33.972,1727.134,41.485,33.036,1.484,1479.351,37.973,-38.671,-37.271,-55.676,-31.829,1.041,-13.547,11.598,130.269,0.005,661.286,31.352,31.539,1182.910,34.508,30.018,1.432,959.951,30.245,-45.597,-33.428,-67.719,-28.486,-0.295,-9.671,7.100,138.763,-0.037,-1.592,-1.601,9.315,535
592,1,592,844.671,33.780,33.947,1712.270,41.603,33.020,1.490,1469.369,38.080,-38.177,-38.599,-55.169,-31.174,1.194,-13.353,11.786,128.587,0.009,655.593,31.311,31.489,1164.320,34.672,30.010,1.435,946.716,30.617,-44.009,-34.020,-68.087,-27.533,-0.208,-9.396,7.353,138.300,-0.034,-1.558,-1.580,12.994,35
593,1,593,854.661,33.754,33.881,1728.561,40.589,33.036,1.508,1489.777,37.710,-38.771,-37.638,-56.220,-30.475,1.348,-13.384,11.096,136.342,0.012,659.326,31.378,31.540,1171.313,34.863,30.018,1.441,948.646,30.608,-45.819,-33.767,-67.751,-26.343,-0.226,-9.534,6.794,143.236,-0.030,-1.610,-1.617,13.271,35
594,1,594,859.641,33.776,33.953,1718.849,41.499,33.048,1.505,1487.140,37.879,-38.594,-39.029,-56.047,-31.132,1.189,-13.430,11.167,135.719,0.003,664.756,31.223,31.403,1145.723,34.552,30.007,1.443,935.495,30.969,-43.807,-33.974,-67.165,-27.475,-0.271,-9.625,6.719,144.162,-0.031,-1.575,-1.594,12.830,35
595,1,595,833.841,33.770,33.936,1714.568,41.441,33.016,1.484,1470.346,38.025,-38.587,-37.891,-55.782,-30.727,1.118,-13.567,11.496,133.523,0.007,644.281,31.300,31.485,1155.172,34.916,30.015,1.426,939.708,30.885,-45.402,-33.648,-68.043,-27.075,-0.297,-9.685,7.198,139.251,-0.032,-1.586,-1.588,13.460,35
596,1,596,823.340,33.705,33.880,1680.123,41.742,33.030,1.503,1451.238,38.638,-37.531,-37.950,-54.864,-29.625,1.343,-13.433,11.232,133.573,0.005,639.039,31.339,31.535,1190.293,34.256,30.041,1.455,970.631,30.064,-43.103,-34.016,-67.830,-25.679,-0.208,-9.538,6.740,142.116,-0.034,-1.552,-1.571,13.155,35
597,1,597,849.111,33.751,33.917,1731.934,40.846,33.030,1.506,1497.746,37.463,-38.466,-37.842,-55.936,-31.309,1.368,-13.485,11.101,133.429,0.008,656.554,31.370,31.528,1173.814,34.693,30.004,1.442,949.615,30.481,-45.269,-32.011,-67.442,-27.801,-0.289,-9.634,6.852,139.765,-0.036,-1.607,-1.610,13.219,35
598,1,598,848.577,33.781,33.924,1702.303,41.613,33.004,1.486,1458.681,38.211,-39.083,-39.515,-56.206,-31.630,1.218,-13.607,11.782,128.616,0.004,661.467,31.291,31.467,1153.655,34.821,30.031,1.436,937.666,31.065,-41.760,-34.469,-68.209,-28.926,-0.255,-9.630,7.321,136.839,-0.035,-1.564,-1.568,13.017,35
599,1,599,840.728,33.753,33.905,1697.586,41.553,33.035,1.503,1465.411,38.318,-38.016,-39.782,-55.533,-30.759,1.237,-13.552,11.869,127.473,0.001,644.762,31.395,31.571,1183.503,34.746,30.018,1.441,956.083,30.365,-43.565,-34.561,-68.164,-27.022,-0.191,-9.600,7.309,136.114,-0.030,-1.546,-1.563,13.232,35
600,1,600,812.518,33.645,33.909,1667.409,40.878,33.041,1.538,1472.375,37.765,-39.914,-41.391,-59.109,-31.785,0.666,-4.761,11.004,128.364,-0.013,628.003,31.426,31.630,1152.487,34.694,30.036,1.468,948.478,31.361,-42.030,-34.622,-70.594,-30.452,-0.926,-1.511,6.563,137.282,-0.026,-1.579,-1.845,13.987,55
601,1,601,795.192,33.762,34.051,1777.252,39.674,33.025,1.536,1539.825,36.026,-38.420,-41.590,-60.308,-32.216,0.767,-4.517,10.758,129.262,-0.008,613.657,31.504,31.695,1189.119,34.095,30.038,1.462,975.236,30.487,-37.024,-32.566,-69.305,-31.773,-0.680,-1.268,6.722,131.181,-0.027,-1.531,-1.791,15.210,135
602,1,602,808.188,33.863,34.102,1759.146,40.543,33.028,1.521,1514.408,36.642,-41.016,-40.565,-60.077,-31.366,0.496,-4.678,11.495,118.499,-0.002,616.459,31.272,31.516,1158.450,33.611,30.028,1.477,968.764,30.625,-39.527,-32.728,-69.713,-29.602,-0.818,-1.519,6.745,128.764,-0.032,-1.566,-1.815,18.587,544.9996667
603,1,603,791.363,33.515,33.664,1526.554,42.127,33.018,1.522,1356.239,40.661,-38.583,-38.205,-58.170,-31.153,0.645,-4.702,11.668,124.086,0.002,614.421,31.403,31.629,1171.927,34.087,30.020,1.472,969.520,30.544,-37.596,-34.335,-71.095,-29.669,-0.812,-1.434,6.469,135.490,-0.030,-1.559,-1.805,13.835,55
604,1,604,802.847,33.788,34.031,1785.545,39.310,33.021,1.543,1551.444,35.731,-41.528,-39.735,-60.981,-31.518,0.489,-4.617,11.208,124.991,-0.013,607.544,31.325,31.517,1152.397,33.810,30.024,1.470,959.827,30.891,-39.365,-33.689,-70.394,-30.261,-0.876,-1.386,6.910,128.588,-0.030,-1.544,-1.795,13.803,55
605,1,605,796.405,33.652,33.849,1636.044,41.076,33.040,1.533,1445.594,38.429,-40.459,-40.629,-59.376,-31.130,0.843,-4.719,11.640,122.225,-0.007,616.294,31.431,31.627,1175.095,33.982,30.034,1.472,964.179,30.819,-37.449,-32.921,-70.523,-31.508,-0.753,-1.467,6.773,135.084,-0.025,-1.539,-1.787,13.358,105
606,1,606,797.746,33.619,33.793,1599.150,41.466,33.016,1.527,1406.460,39.241,-41.701,-37.996,-58.402,-31.432,0.879,-4.677,11.896,119.030,-0.009,616.346,31.431,31.636,1176.639,34.003,30.043,1.472,968.554,30.740,-37.071,-33.380,-70.642,-31.560,-0.811,-1.447,6.813,130.548,-0.030,-1.556,-1.807,14.091,55
607,1,607,797.154,33.755,33.961,1653.753,41.709,33.029,1.520,1444.230,38.362,-41.604,-40.173,-59.788,-31.080,0.636,-4.751,12.000,119.464,-0.008,601.679,31.411,31.615,1165.582,34.173,30.035,1.473,966.381,30.752,-36.836,-33.129,-68.834,-31.249,-0.820,-1.473,6.779,131.871,-0.032,-1.555,-1.795,13.403,55
608,1,608,809.267,33.660,33.850,1600.139,41.986,33.016,1.508,1394.100,39.582,-41.622,-39.036,-58.736,-31.551,0.845,-4.794,11.330,123.763,0.001,627.613,31.566,31.782,1191.014,34.724,30.025,1.456,971.011,30.533,-38.414,-31.845,-70.294,-31.331,-0.876,-1.555,6.671,132.023,-0.024,-1.556,-1.796,15.409,95
609,1,609,806.533,33.857,34.041,1730.492,40.628,33.024,1.524,1496.444,37.025,-40.629,-42.262,-60.768,-31.421,0.596,-4.811,11.690,120.067,-0.008,617.283,31.289,31.507,1160.922,33.470,30.025,1.478,971.888,30.503,-38.844,-32.907,-69.066,-31.769,-0.817,-1.585,6.968,129.179,-0.030,-1.538,-1.796,14.459,55
610,1,610,802.825,33.721,33.917,1689.748,40.425,33.039,1.535,1478.615,37.587,-40.790,-38.098,-58.888,-31.549,0.721,-4.750,11.401,123.605,-0.007,615.103,31.379,31.589,1149.056,34.477,30.005,1.465,948.201,31.148,-40.676,-33.791,-70.808,-30.148,-0.954,-1.558,7.038,130.611,-0.029,-1.545,-1.786,13.780,55
611,1,611,809.784,33.806,34.060,1782.451,39.643,33.033,1.525,1541.818,36.049,-38.485,-40.180,-60.384,-31.889,0.657,-4.746,11.424,121.397,-0.006,622.631,31.348,31.535,1151.738,33.968,30.023,1.457,953.392,31.104,-37.605,-34.198,-69.800,-30.786,-0.866,-1.550,6.929,132.326,-0.024,-1.526,-1.778,13.696,55
612,1,612,805.222,33.739,33.919,1665.192,41.032,33.035,1.524,1443.826,38.427,-39.705,-39.302,-59.864,-30.840,0.614,-4.717,11.805,118.188,0.000,614.106,31.372,31.579,1152.233,34.297,30.040,1.472,952.666,31.248,-38.231,-32.289,-70.486,-31.616,-0.814,-1.525,7.244,124.688,-0.034,-1.530,-1.791,13.799,55
613,1,613,812.488,33.814,34.005,1716.611,40.617,33.032,1.516,1484.054,37.393,-41.042,-37.167,-58.402,-31.243,0.792,-4.587,11.774,120.286,-0.003,612.795,31.460,31.680,1179.643,34.259,30.012,1.458,970.284,30.466,-38.384,-34.435,-71.123,-30.845,-0.916,-1.405,6.997,129.639,-0.032,-1.561,-1.812,14.052,55
614,1,614,804.368,33.860,34.018,1745.010,40.095,33.031,1.527,1506.939,36.837,-41.785,-38.576,-61.049,-31.455,0.532,-4.571,11.492,121.786,-0.003,609.792,31.438,31.610,1164.383,34.167,30.020,1.463,960.905,30.825,-41.051,-32.435,-69.726,-30.669,-0.959,-1.369,7.147,126.384,-0.038,-1.540,-1.801,12.958,135
615,1,615,807.866,33.772,33.991,1727.196,40.243,33.013,1.540,1502.489,36.794,-41.957,-39.014,-59.931,-30.988,0.591,-4.661,11.472,120.120,-0.016,615.477,31.364,31.564,1161.761,33.891,30.020,1.479,960.134,30.852,-39.756,-32.416,-70.192,-32.023,-0.900,-1.461,6.736,131.029,-0.033,-1.549,-1.792,14.033,55
616,1,616,812.601,33.908,34.095,1772.937,40.176,33.021,1.513,1518.962,36.471,-39.472,-38.722,-60.363,-31.563,0.744,-4.669,11.805,118.229,-0.001,616.024,31.379,31.564,1165.395,33.784,30.025,1.463,967.033,30.662,-41.175,-32.727,-70.355,-30.518,-0.884,-1.444,7.054,129.431,-0.036,-1.550,-1.798,13.665,55
617,1,617,792.053,33.641,33.823,1576.152,42.349,33.046,1.528,1389.680,39.977,-38.671,-38.755,-57.633,-30.627,0.871,-4.710,11.980,117.156,-0.004,610.383,31.439,31.664,1194.595,33.685,30.026,1.483,988.458,29.986,-36.483,-34.406,-68.714,-32.815,-0.770,-1.490,7.122,123.559,-0.040,-1.541,-1.786,13.479,55
618,1,618,812.780,33.802,34.086,1709.038,41.561,33.011,1.515,1474.053,37.461,-40.520,-41.432,-59.718,-31.748,0.776,-4.742,11.365,122.450,-0.012,619.388,31.350,31.620,1171.028,34.044,30.033,1.475,972.322,30.551,-38.421,-32.481,-68.236,-30.464,-0.782,-1.523,6.767,134.110,-0.027,-1.554,-1.800,13.863,55
619,1,619,800.727,33.901,34.109,1765.686,40.470,33.027,1.525,1511.733,36.688,-37.142,-41.311,-61.036,-30.883,0.990,-4.622,11.455,122.220,-0.007,613.567,31.461,31.640,1167.470,34.314,30.042,1.471,962.494,30.928,-37.419,-33.429,-69.444,-32.202,-0.778,-1.422,6.855,131.056,-0.033,-1.534,-1.794,14.200,55
620,1,620,783.153,33.724,33.929,1640.478,41.734,33.041,1.527,1432.454,38.776,-41.393,-39.432,-58.627,-30.993,1.100,-4.617,11.838,117.599,-0.005,603.866,31.457,31.677,1184.632,34.083,30.045,1.476,977.401,30.465,-36.317,-34.890,-70.206,-31.732,-0.742,-1.396,7.118,129.408,-0.032,-1.540,-1.788,14.211,55
621,1,621,836.378,33.792,33.949,1646.404,41.778,33.005,1.495,1413.314,38.957,-40.983,-40.237,-57.894,-31.304,1.041,-4.776,11.905,117.761,0.001,642.303,31.702,31.901,1227.901,34.582,30.011,1.439,984.660,29.996,-36.557,-34.330,-70.708,-31.584,-0.858,-1.515,7.471,127.845,-0.032,-1.548,-1.786,13.837,55
622,1,622,807.439,33.730,33.905,1649.528,41.278,33.028,1.523,1439.661,38.469,-40.594,-38.523,-58.942,-31.176,0.712,-4.606,11.511,122.392,-0.002,622.706,31.390,31.620,1155.102,34.531,30.011,1.461,954.928,30.962,-37.042,-33.795,-71.089,-31.620,-0.816,-1.410,6.848,131.454,-0.031,-1.550,-1.799,13.785,55
623,1,623,802.638,33.797,34.097,1804.258,39.504,33.028,1.528,1555.796,35.697,-38.714,-40.171,-59.748,-31.758,0.761,-4.519,11.400,120.519,-0.009,610.578,31.561,31.737,1192.714,34.318,30.009,1.447,970.682,30.432,-36.392,-32.731,-69.993,-30.938,-0.792,-1.352,7.166,128.544,-0.030,-1.526,-1.781,13.794,55
624,1,624,823.965,33.758,33.938,1642.816,41.755,33.043,1.512,1427.106,38.938,-41.007,-40.175,-58.158,-31.731,0.716,-4.617,11.314,125.421,-0.005,630.977,31.601,31.821,1202.798,34.680,30.013,1.453,972.464,30.402,-37.182,-34.998,-71.209,-31.362,-0.863,-1.417,6.505,136.041,-0.032,-1.543,-1.771,13.684,55
625,1,625,811.095,33.647,33.787,1592.401,41.582,33.022,1.532,1402.565,39.399,-38.799,-39.492,-57.825,-31.671,0.804,-4.673,11.518,122.407,-0.002,622.137,31.466,31.687,1190.992,33.973,30.007,1.476,976.524,30.232,-36.578,-33.964,-71.324,-31.332,-0.908,-1.487,6.403,133.619,-0.033,-1.521,-1.769,13.977,55
626,1,626,807.522,33.791,33.939,1647.520,41.655,33.026,1.522,1432.380,38.645,-40.525,-41.394,-58.763,-30.950,0.582,-4.593,11.575,125.102,-0.004,621.673,31.325,31.535,1168.856,33.449,30.019,1.480,973.596,30.406,-37.504,-36.413,-69.537,-32.574,-0.724,-1.382,6.894,129.275,-0.030,-1.530,-1.776,14.682,55
627,1,627,822.174,33.897,34.128,1720.065,41.706,33.030,1.494,1469.019,37.752,-41.144,-40.324,-58.836,-31.290,0.762,-4.684,11.845,117.393,-0.003,633.546,31.328,31.594,1181.268,33.542,30.046,1.465,985.724,30.209,-37.415,-33.882,-68.922,-31.460,-0.811,-1.510,6.992,129.884,-0.035,-1.537,-1.780,13.863,55
628,1,628,799.199,33.770,33.921,1632.958,41.842,33.033,1.530,1421.794,38.986,-41.216,-40.543,-59.048,-30.596,1.049,-4.736,11.705,122.761,-0.005,617.081,31.377,31.566,1175.695,33.486,30.010,1.481,976.630,30.246,-36.042,-34.660,-69.407,-33.104,-0.816,-1.543,7.009,129.579,-0.025,-1.520,-1.758,13.869,55
629,1,629,808.803,33.781,34.062,1767.791,39.980,33.031,1.534,1535.787,36.167,-37.665,-42.091,-60.860,-31.544,0.845,-4.691,11.396,122.577,-0.017,613.882,31.378,31.577,1157.364,34.128,30.037,1.472,959.250,31.006,-39.568,-32.807,-68.770,-30.578,-0.787,-1.514,6.849,131.285,-0.032,-1.499,-1.761,13.829,55
800,1,600,860.182,33.789,33.934,1711.616,41.490,33.028,1.480,1467.709,38.197,-38.092,-36.700,-55.177,-31.082,1.193,-13.526,11.659,127.811,0.011,665.214,31.378,31.564,1201.342,34.164,30.018,1.432,973.988,29.806,-45.605,-33.063,-67.785,-27.332,-0.306,-9.647,7.167,137.717,-0.039,-1.618,-1.619,13.217,35
801,1,601,866.116,33.809,33.954,1733.969,41.153,33.034,1.497,1490.032,37.690,-38.394,-38.361,-55.628,-31.255,1.377,-13.411,11.390,129.426,0.010,665.823,31.290,31.464,1166.032,34.420,30.012,1.440,952.207,30.448,-44.683,-33.932,-67.669,-27.725,-0.259,-9.569,7.220,137.216,-0.032,-1.587,-1.606,13.318,35
802,1,602,867.220,33.719,33.857,1667.219,41.831,33.045,1.477,1435.517,39.180,-37.011,-37.504,-55.084,-31.613,1.338,-13.397,11.791,127.668,0.010,666.755,31.282,31.496,1168.489,34.594,30.041,1.436,957.577,30.482,-44.601,-34.719,-68.797,-28.038,-0.164,-9.502,7.214,135.649,-0.039,-1.611,-1.623,13.196,35
803,1,603,864.380,33.791,33.935,1707.658,41.596,33.044,1.474,1464.480,38.420,-36.944,-37.110,-55.233,-30.737,1.327,-13.486,11.813,126.157,0.008,664.388,31.315,31.499,1175.264,34.421,30.015,1.429,956.984,30.319,-43.854,-33.603,-68.086,-27.250,-0.301,-9.619,7.026,137.407,-0.033,-1.605,-1.612,12.983,35
804,1,604,843.094,33.777,33.922,1706.396,41.498,33.038,1.497,1466.087,38.323,-38.266,-38.632,-55.522,-30.299,1.273,-13.592,11.512,134.109,0.002,652.371,31.421,31.587,1179.913,34.983,30.015,1.433,947.948,30.608,-44.857,-33.754,-68.198,-26.663,-0.236,-9.635,7.010,142.042,-0.032,-1.561,-1.576,12.919,35
805,1,605,854.639,33.771,33.929,1706.960,41.560,33.012,1.472,1463.075,38.176,-38.448,-40.544,-56.192,-31.616,1.372,-13.525,11.867,131.654,0.009,654.414,31.304,31.486,1137.671,35.473,30.023,1.407,926.189,31.401,-45.114,-34.784,-67.762,-28.188,-0.219,-9.593,7.723,136.398,-0.029,-1.553,-1.569,12.798,35
806,1,606,853.144,33.474,33.613,1540.366,42.767,33.019,1.498,1358.657,41.096,-36.988,-36.693,-55.088,-32.036,1.139,-13.610,11.469,132.970,0.005,661.564,31.273,31.495,1173.874,34.432,30.008,1.446,956.345,30.289,-44.749,-32.681,-67.003,-26.996,-0.282,-9.707,6.956,137.190,-0.038,-1.586,-1.610,13.156,35
807,1,607,846.947,33.565,33.732,1583.930,42.758,33.024,1.490,1392.705,40.169,-39.064,-38.735,-54.888,-31.869,1.280,-13.449,11.648,130.079,0.009,651.605,31.150,31.382,1141.509,34.519,30.017,1.445,941.196,30.851,-44.156,-34.450,-67.220,-26.816,-0.273,-9.592,7.347,134.478,-0.034,-1.549,-1.581,12.994,35
808,1,608,848.923,33.519,33.687,1568.668,42.729,33.023,1.495,1380.822,40.494,-37.107,-37.176,-54.486,-31.141,1.372,-13.472,11.831,128.822,0.002,654.594,31.227,31.443,1162.382,34.359,30.036,1.453,956.646,30.474,-44.470,-33.966,-66.845,-25.832,-0.215,-9.564,7.074,139.344,-0.036,-1.557,-1.591,13.095,35
809,1,609,861.849,33.825,33.981,1767.093,40.644,33.035,1.489,1511.806,37.164,-37.627,-39.486,-55.575,-29.053,1.493,-13.447,11.425,132.989,0.007,663.292,31.359,31.531,1172.635,34.754,30.014,1.418,952.064,30.472,-43.150,-33.996,-67.981,-25.054,-0.230,-9.560,7.429,139.573,-0.033,-1.553,-1.569,12.624,35
810,1,610,844.056,33.682,33.831,1646.511,42.104,33.017,1.491,1426.204,39.182,-36.139,-38.592,-54.715,-31.850,1.108,-13.522,11.954,127.202,0.004,653.700,31.285,31.484,1174.753,34.313,30.006,1.444,957.359,30.243,-43.236,-33.827,-67.285,-28.574,-0.207,-9.611,7.239,136.698,-0.039,-1.565,-1.581,13.025,35
811,1,611,854.864,33.805,33.947,1727.990,41.228,33.021,1.494,1478.758,37.860,-38.081,-39.273,-55.368,-31.489,1.396,-13.520,11.543,132.766,0.003,658.492,31.431,31.598,1214.719,34.047,30.014,1.439,976.692,29.693,-42.303,-33.631,-67.523,-28.132,-0.179,-9.580,6.897,141.834,-0.037,-1.557,-1.569,13.103,35
812,1,612,843.079,33.695,33.842,1658.071,41.919,33.020,1.480,1428.112,39.153,-36.817,-37.565,-54.843,-30.207,1.182,-13.469,11.705,131.415,0.005,651.807,31.333,31.526,1182.812,34.409,30.018,1.429,960.168,30.236,-42.985,-34.265,-68.071,-26.059,-0.201,-9.551,7.306,138.911,-0.033,-1.573,-1.587,13.339,35
1,1,1,790.122,33.532,33.714,1677.033,40.073,33.028,1.575,1514.846,37.875,-37.346,-37.302,-59.715,-31.317,-0.033,-4.139,11.603,108.328,0.001,622.981,31.063,31.298,1153.179,33.404,29.961,1.462,944.034,29.993,-40.260,-35.504,-63.042,-28.635,0.574,-1.323,7.498,115.260,0.002,-1.664,-1.715,13.686,35
2,1,2,774.273,33.458,33.632,1623.058,40.625,33.030,1.572,1478.683,38.824,-35.688,-36.763,-59.068,-31.175,-0.121,-4.278,11.727,108.121,-0.004,617.642,31.091,31.335,1168.611,33.247,29.960,1.462,954.097,29.670,-42.338,-33.756,-63.294,-28.591,0.606,-1.360,7.334,116.694,-0.002,-1.656,-1.722,13.583,35
3,1,3,781.367,33.480,33.665,1626.758,40.844,33.000,1.556,1467.566,38.844,-36.221,-36.287,-58.705,-30.876,-0.299,-4.359,11.761,110.034,0.000,615.737,31.143,31.383,1166.529,33.679,29.996,1.453,949.868,30.053,-40.430,-32.781,-63.277,-29.688,0.625,-1.435,7.629,115.116,-0.001,-1.659,-1.721,13.832,35
4,1,4,769.478,33.404,33.577,1623.013,40.112,32.977,1.538,1476.009,38.418,-38.210,-35.086,-58.965,-31.290,0.007,-3.764,11.721,107.976,-0.001,618.098,30.981,31.218,1156.637,32.701,29.975,1.462,961.083,29.558,-34.794,-33.675,-63.330,-28.924,0.540,-0.539,7.377,115.826,0.005,-1.668,-1.754,13.972,35
5,1,5,797.603,33.565,33.733,1702.121,39.649,33.005,1.575,1527.597,37.363,-37.217,-37.263,-58.669,-31.631,-0.026,-4.074,11.310,110.334,0.000,626.710,31.016,31.254,1146.648,33.258,30.037,1.481,952.425,30.252,-47.947,-35.329,-63.405,-28.359,0.562,-1.313,6.995,120.278,0.001,-1.652,-1.704,13.853,35
6,1,6,785.551,33.487,33.677,1615.279,41.243,32.980,1.562,1458.402,38.915,-36.361,-36.253,-58.706,-30.738,-0.225,-4.226,11.973,106.690,-0.004,619.606,31.117,31.366,1173.822,33.338,29.992,1.462,956.987,29.798,-38.200,-33.824,-63.509,-29.988,0.645,-1.329,7.507,115.757,-0.002,-1.661,-1.728,13.969,35
7,1,7,771.006,33.409,33.589,1621.434,40.265,32.982,1.575,1481.562,38.322,-37.504,-37.576,-59.365,-30.854,-0.196,-4.271,11.608,110.072,-0.002,615.326,31.048,31.297,1152.940,33.406,29.968,1.462,941.193,30.132,-35.907,-33.697,-63.007,-30.061,0.498,-1.414,7.353,117.334,-0.001,-1.666,-1.713,13.664,35
8,1,8,776.110,33.564,33.750,1637.655,41.366,33.002,1.552,1460.581,39.052,-36.981,-36.621,-59.125,-30.673,0.216,-4.204,11.799,109.851,-0.005,615.895,31.189,31.427,1183.578,33.530,30.025,1.459,965.088,29.776,-44.502,-30.694,-63.431,-29.619,0.723,-1.312,7.725,113.190,0.000,-1.661,-1.721,13.925,35
9,1,9,781.549,33.508,33.714,1692.495,39.700,32.979,1.575,1521.353,37.290,-37.316,-36.803,-59.550,-30.737,-0.182,-4.204,11.511,108.289,-0.003,614.205,31.177,31.428,1180.049,33.641,30.007,1.462,957.729,29.881,-42.100,-31.766,-63.493,-29.156,0.603,-1.282,7.255,118.326,-0.003,-1.669,-1.722,13.727,35
10,1,10,788.616,33.500,33.683,1702.182,39.198,32.998,1.584,1539.941,37.004,-37.343,-36.558,-59.141,-31.578,-0.186,-4.186,11.272,109.249,0.000,622.954,31.052,31.285,1158.630,33.149,30.025,1.478,956.672,30.036,-53.442,-33.234,-63.146,-28.158,0.520,-1.387,7.020,119.205,0.005,-1.673,-1.713,13.813,35
11,1,11,803.744,33.665,33.874,1635.360,42.628,33.043,1.556,1429.674,40.273,-37.982,-38.253,-57.642,-31.520,-0.095,-4.496,11.575,114.420,-0.004,627.680,31.209,31.480,1183.710,33.934,29.985,1.444,953.918,29.847,-38.145,-33.566,-68.304,-27.686,0.854,-1.457,7.325,118.520,0.000,-1.654,-1.697,17.728,35
12,1,12,795.077,33.673,33.879,1666.787,41.871,33.008,1.556,1455.595,39.237,-39.883,-39.348,-57.606,-31.246,-0.131,-4.611,11.767,108.769,-0.002,622.466,31.108,31.378,1171.543,33.495,30.023,1.459,958.243,29.974,-47.041,-33.570,-68.423,-28.962,0.714,-1.750,7.324,117.065,-0.001,-1.668,-1.684,15.909,35
13,1,13,776.528,33.521,33.738,1614.416,41.852,32.968,1.556,1431.216,39.538,-39.598,-38.906,-58.089,-30.744,-0.280,-4.716,11.740,110.119,-0.003,614.151,31.029,31.301,1151.759,33.468,29.983,1.453,944.651,30.129,-45.123,-33.351,-67.846,-29.841,0.621,-1.779,7.322,118.455,-0.002,-1.678,-1.691,13.040,35
14,1,14,795.646,33.642,33.862,1662.216,41.826,33.030,1.572,1463.070,39.233,-39.926,-38.711,-57.839,-31.468,-0.214,-4.481,11.545,111.629,-0.006,623.968,31.139,31.414,1174.498,33.688,29.998,1.453,954.434,29.921,-44.049,-33.439,-68.148,-28.221,0.722,-1.576,7.399,117.382,0.002,-1.685,-1.697,13.147,35
15,1,15,779.514,33.584,33.834,1651.103,41.835,32.989,1.575,1453.158,39.127,-40.627,-39.357,-57.292,-30.807,-0.128,-4.586,11.831,108.628,-0.005,611.880,31.166,31.439,1168.204,34.065,30.019,1.453,946.826,30.305,-37.052,-32.292,-69.086,-28.498,0.757,-1.624,7.681,115.124,0.005,-1.661,-1.688,13.773,35
16,1,16,793.782,33.605,33.836,1618.886,42.683,32.988,1.569,1430.925,39.736,-38.886,-38.066,-57.436,-30.575,0.013,-4.661,12.047,106.455,-0.003,625.062,30.985,31.257,1130.710,33.750,29.985,1.453,931.572,30.561,-35.281,-33.667,-68.502,-29.637,0.565,-1.942,7.715,114.150,0.000,-1.672,-1.697,13.955,35
17,1,17,787.184,33.636,33.862,1688.032,41.191,32.996,1.575,1480.807,38.459,-40.034,-39.134,-56.964,-30.270,-0.310,-4.596,11.802,107.152,-0.002,616.637,31.132,31.393,1166.073,33.768,29.986,1.453,947.079,30.072,-41.134,-32.757,-68.726,-29.097,0.731,-1.672,7.856,111.837,0.001,-1.648,-1.698,13.813,35
18,1,18,782.783,33.669,33.909,1709.533,41.109,32.989,1.544,1492.187,38.108,-40.594,-38.934,-57.582,-30.981,-0.019,-4.645,11.944,107.522,-0.007,611.004,31.159,31.421,1182.428,33.519,30.008,1.434,961.499,29.767,-40.555,-31.801,-68.931,-28.852,0.781,-1.833,7.813,114.367,0.000,-1.670,-1.710,13.745,35
19,1,19,782.390,33.639,33.889,1659.997,42.148,33.004,1.575,1450.436,39.339,-39.533,-39.868,-57.314,-30.845,0.006,-4.554,11.453,112.135,-0.002,614.734,31.098,31.374,1164.158,33.674,29.983,1.462,945.520,30.103,-42.422,-33.393,-68.796,-28.494,0.748,-1.754,7.176,119.390,0.002,-1.644,-1.686,13.984,35
20,1,20,798.216,33.696,33.877,1668.853,41.810,32.971,1.556,1453.545,38.958,-40.782,-40.493,-57.828,-31.539,-0.176,-4.651,11.669,110.185,-0.002,624.995,30.996,31.262,1140.732,33.495,30.026,1.462,945.903,30.386,-38.825,-33.987,-68.370,-28.039,0.645,-1.888,7.352,118.098,0.004,-1.646,-1.695,14.183,35
21,1,21,796.945,33.615,33.741,1657.073,40.801,32.988,1.563,1475.672,38.523,-39.504,-39.083,-57.827,-31.269,-0.272,-4.644,11.898,106.954,0.001,622.568,31.188,31.451,1179.610,33.826,29.965,1.444,949.733,29.844,-49.236,-33.963,-68.308,-28.563,0.742,-1.565,7.471,116.657,0.002,-1.668,-1.680,14.348,35
22,1,22,787.225,33.649,33.880,1691.394,41.273,33.029,1.575,1489.691,38.523,-40.069,-39.658,-57.997,-30.806,-0.229,-4.730,11.992,105.595,-0.002,617.772,31.013,31.277,1147.324,33.418,30.016,1.462,946.741,30.289,-39.544,-33.212,-68.997,-29.578,0.651,-2.018,7.786,112.276,-0.002,-1.653,-1.711,14.193,35
23,1,23,801.822,33.687,33.903,1702.336,41.223,33.035,1.576,1493.092,38.486,-40.863,-39.390,-58.674,-31.294,-0.398,-4.589,11.624,110.504,-0.004,623.143,31.142,31.406,1174.471,33.628,29.962,1.444,951.409,29.771,-40.734,-33.422,-68.914,-28.709,0.722,-1.711,7.622,115.037,0.000,-1.675,-1.705,14.092,35
24,1,24,780.202,33.597,33.814,1631.705,42.136,33.015,1.577,1438.549,39.770,-40.518,-39.855,-57.955,-30.732,-0.210,-4.569,11.832,108.947,-0.001,618.516,31.143,31.412,1167.732,33.866,29.998,1.453,947.100,30.155,-43.611,-33.454,-67.808,-29.424,0.717,-1.586,7.341,118.629,0.003,-1.667,-1.692,14.500,35
25,1,25,798.356,33.629,33.861,1666.173,41.720,33.040,1.575,1471.021,39.113,-40.877,-38.977,-57.204,-31.607,-0.089,-4.435,11.494,110.625,-0.006,627.630,31.269,31.528,1202.387,33.781,29.973,1.444,964.337,29.444,-43.197,-32.663,-67.435,-28.689,0.836,-1.393,7.353,116.774,0.003,-1.679,-1.697,14.115,35
26,1,26,798.329,33.668,33.881,1635.835,42.684,33.014,1.558,1426.791,40.085,-39.588,-38.799,-57.383,-31.401,-0.222,-4.464,11.442,113.385,-0.002,623.556,31.076,31.362,1166.320,33.521,30.010,1.462,952.544,30.066,-42.516,-33.295,-67.682,-27.527,0.683,-1.603,6.957,121.631,0.002,-1.680,-1.699,14.102,35
27,1,27,776.494,33.511,33.742,1662.866,40.674,32.997,1.594,1487.021,38.315,-40.149,-39.691,-57.738,-31.491,-0.476,-4.749,11.575,108.884,-0.003,610.588,31.124,31.404,1175.404,33.587,30.034,1.462,961.725,29.941,-47.635,-32.537,-68.225,-27.531,0.695,-1.657,7.249,117.975,0.000,-1.676,-1.700,13.969,35
28,1,28,797.274,33.648,33.845,1664.733,41.603,32.955,1.556,1452.707,38.834,-39.089,-39.876,-57.277,-31.570,-0.341,-4.466,11.655,110.504,-0.001,625.459,31.087,31.359,1156.731,33.772,30.014,1.453,949.278,30.195,-35.411,-33.101,-68.271,-28.087,0.729,-1.537,7.667,114.011,0.002,-1.648,-1.681,14.065,35
29,1,29,792.910,33.634,33.856,1661.994,41.774,33.017,1.556,1461.351,39.163,-39.537,-38.183,-57.739,-31.507,-0.196,-4.644,11.973,106.793,-0.001,622.091,31.050,31.301,1146.494,33.628,29.992,1.444,942.077,30.272,-37.378,-33.320,-68.304,-26.978,0.605,-1.778,7.667,115.902,0.003,-1.655,-1.713,13.930,35
30,1,30,780.848,33.627,33.839,1609.671,42.961,33.039,1.556,1417.159,40.586,-39.711,-39.063,-58.228,-30.006,-0.197,-4.634,12.166,106.446,0.000,616.820,31.229,31.499,1187.707,33.972,30.012,1.444,956.927,29.938,-50.179,-31.950,-67.945,-30.315,0.867,-1.631,7.781,114.795,0.001,-1.665,-1.692,14.205,35
31,1,31,800.053,33.692,33.979,1754.882,40.701,32.993,1.556,1529.940,37.205,-40.452,-38.231,-57.288,-31.553,0.060,-4.655,11.820,106.938,-0.037,623.754,31.040,31.301,1145.762,33.648,29.987,1.434,939.704,30.316,-32.522,-32.437,-69.028,-28.311,0.609,-1.951,7.700,116.268,0.001,-1.651,-1.700,13.691,35
32,1,32,784.648,33.653,33.902,1656.044,42.369,33.031,1.556,1449.438,39.611,-40.094,-39.456,-58.280,-30.284,-0.128,-4.632,12.044,105.960,-0.003,613.707,31.167,31.443,1168.850,34.076,30.015,1.444,949.165,30.206,-52.056,-32.860,-68.386,-29.276,0.858,-1.734,7.823,113.385,0.003,-1.655,-1.689,13.979,35
33,1,33,795.867,33.688,33.907,1682.192,41.756,32.999,1.556,1467.335,38.843,-40.381,-39.950,-58.346,-31.232,-0.154,-4.574,11.949,106.544,0.001,623.943,31.188,31.451,1168.716,34.146,30.032,1.444,949.812,30.301,-49.686,-32.248,-68.138,-28.922,0.785,-1.729,7.691,114.948,0.004,-1.677,-1.686,13.848,35
34,1,34,791.768,33.597,33.812,1619.047,42.453,32.987,1.556,1423.392,39.926,-40.755,-38.096,-57.837,-30.188,-0.131,-4.684,11.928,108.349,-0.005,621.125,31.169,31.444,1170.474,34.039,30.011,1.444,949.740,30.159,-34.786,-30.788,-68.131,-30.378,0.765,-1.734,7.711,114.391,-0.002,-1.692,-1.712,14.164,35
35,1,35,786.091,33.630,33.851,1659.922,41.777,33.045,1.575,1467.287,39.257,-39.495,-39.481,-57.651,-30.899,-0.231,-4.716,11.828,108.575,-0.004,617.781,31.066,31.332,1150.528,33.749,30.046,1.462,947.627,30.470,-43.812,-33.612,-68.603,-28.984,0.683,-1.856,7.546,115.820,0.002,-1.641,-1.695,13.848,35
36,1,36,788.996,33.661,33.872,1672.703,41.662,33.031,1.575,1472.864,38.985,-39.592,-40.657,-57.867,-31.208,-0.130,-4.602,11.646,112.904,-0.004,620.662,31.140,31.403,1180.968,33.417,29.999,1.453,960.289,29.748,-46.553,-33.198,-68.516,-28.624,0.757,-1.786,7.330,119.141,0.003,-1.649,-1.688,14.128,35
37,1,37,791.890,33.679,33.903,1669.879,42.034,33.035,1.556,1458.482,39.406,-39.836,-39.303,-57.788,-31.425,-0.349,-4.637,11.900,108.550,-0.004,625.857,31.104,31.375,1158.031,33.863,29.960,1.444,941.431,30.072,-38.895,-33.778,-68.378,-27.566,0.700,-1.794,7.591,116.637,-0.002,-1.638,-1.680,14.188,35
38,1,38,793.280,33.631,33.851,1616.013,42.916,33.002,1.547,1408.614,40.486,-36.764,-38.080,-57.380,-31.177,-0.152,-4.629,12.103,107.620,-0.002,624.365,31.167,31.430,1173.886,33.834,29.993,1.444,951.873,29.970,-34.661,-31.329,-69.310,-28.580,0.720,-1.765,7.583,116.532,0.001,-1.675,-1.698,14.454,35
39,1,39,782.561,33.629,33.854,1646.251,42.155,32.967,1.556,1437.525,39.358,-40.018,-40.905,-58.215,-30.518,-0.230,-4.601,11.882,108.151,0.000,622.069,31.006,31.281,1133.230,33.858,29.998,1.453,930.701,30.685,-47.959,-34.771,-68.241,-29.565,0.644,-1.835,7.631,115.867,0.000,-1.667,-1.682,13.907,35
40,1,40,772.861,33.512,33.774,1646.111,41.386,33.030,1.578,1467.503,39.119,-39.461,-38.292,-57.535,-30.497,-0.272,-4.835,11.718,109.392,-0.003,603.864,31.008,31.283,1146.986,33.472,30.044,1.462,949.220,30.405,-36.834,-32.490,-69.546,-28.413,0.670,-1.902,7.502,117.095,0.001,-1.645,-1.714,13.976,35
