Header Section,,,,,,,,,,,,,,,,,,,,,,,,,,,,,,,,,,,,,,,,,,,,,,,,,,,,,,,,,,,,,,,,,,,,,,,,,,,,,,,,,,
Product,VC5268Q,,,,,,,,,,,,,,,,,,,,,,,,,,,,,,,,,,,,,,,,,,,,,,,,,,,,,,,,,,,,,,,,,,,,,,,,,,,,,,,,,
Test Plan,Rev(-),,,,,,,,,,,,,,,,,,,,,,,,,,,,,,,,,,,,,,,,,,,,,,,,,,,,,,,,,,,,,,,,,,,,,,,,,,,,,,,,,
Release Date,2013/5/7 17:52,,,,,,,,,,,,,,,,,,,,,,,,,,,,,,,,,,,,,,,,,,,,,,,,,,,,,,,,,,,,,,,,,,,,,,,,,,,,,,,,,
Comment,Qual Band,"600~629 was generate in Goodark,631_670 generate in JCET",modified goodark gold(1785MHz 2nd harmonic based on the verify data,,,,,,,,,,,,,,,,,,,,,,,,,,,,,,,,,,,,,,,,,,,,,,,,,,,,,,,,,,,,,,,,,,,,,,,,,,,,,,,
,,,,,,,,,,,,,,,,,,,,,,,,,,,,,,,,,,,,,,,,,,,,,,,,,,,,,,,,,,,,,,,,,,,,,,,,,,,,,,,,,,
Data Section,,,,,,,,,,,,,,,,,,,,,,,,,,,,,,,,,,,,,,,,,,,,,,,,,,,,,,,,,,,,,,,,,,,,,,,,,,,,,,,,,,
Device#,1,2,3,4,5,6,7,8,9,10,11,12,13,14,15,16,17,18,19,20,21,22,23,24,25,26,27,28,29,30,31,32,33,34,35,36,37,38,39,40,41,42,43,44,45,46,47,48,49,50,51,52,53,54,55,56,57,58,59,60,61,62,63,64,65,66,67,68,69,70,71,72,73,74,75,76,77,78,79,80,81,82
Test Item,Site No,Device ID,GSM824 Idle Current,GSM824 Max Pout @ 0dBm Drive,GSM824 Max Pout,GSM824 Max Icc,GSM824 Max PAE,GSM824 Rated Pout,GSM824 Rated Vramp,GSM824 Rated Icc,GSM824 Rated PAE,GSM824 2nd har@33dBm,GSM824 3rd har@33dBm,GSM824 Fwd Isolation 1,GSM824 Fwd Isolation 2,GSM824 Pout Leakage@RX0,GSM824 Pout Leakage@RX1,GSM824 CMOS Pout,GSM824 Pout Slope,GSM824 Stress Delta,GSM915 Idle Current,GSM915 Max Pout @ 0dBm Drive,GSM915 Max Pout,GSM915 Max Icc,GSM915 Max PAE,GSM915 Rated Pout,GSM915 Rated Vramp,GSM915 Rated Icc,GSM915 Rated PAE,GSM915 2nd har@33dBm,GSM915 3rd har@33dBm,GSM915 Fwd Isolation 1,GSM915 Fwd Isolation 2,GSM915 Pout Leakage@RX0,GSM915 Pout Leakage@RX1,GSM915 CMOS Pout,GSM915 Pout Slope,GSM915 Stress Delta,DCS1785 Idle Current,DCS1785 Max Pout @ 0dBm Drive,DCS1785 Max Pout,DCS1785 Max Icc,DCS1785 Max PAE,DCS1785 Rated Pout,DCS1785 Rated Vramp,DCS1785 Rated Icc,DCS1785 Rated PAE,DCS1785 2nd har@33dBm,DCS1785 3rd har@33dBm,DCS1785 Fwd Isolation 1,DCS1785 Fwd Isolation 2,DCS1785 Pout Leakage@RX0,DCS1785 Pout Leakage@RX1,DCS1785 CMOS Pout,DCS1785 Pout Slope,DCS1785 Stress Delta,DCS1910 Idle Current,DCS1910 Max Pout @ 0dBm Drive,DCS1910 Max Pout,DCS1910 Max Icc,DCS1910 Max PAE,DCS1910 Rated Pout,DCS1910 Rated Vramp,DCS1910 Rated Icc,DCS1910 Rated PAE,DCS1910 2nd har@33dBm,DCS1910 3rd har@33dBm,DCS1910 Fwd Isolation 1,DCS1910 Fwd Isolation 2,DCS1910 Pout Leakage@RX0,DCS1910 Pout Leakage@RX1,DCS1910 CMOS Pout,DCS1910 Pout Slope,DCS1910 Stress Delta,Insertion Loss Rx0 869MHz,Insertion Loss Rx0 960MHz,Insertion Loss Rx1 1805MHz,Insertion Loss Rx1 1990MHz,Leakage Current,Leakage Current Delay Time,Test Time,Index Time
Low Tolerance,,,60,0.3,0.3,60,,,,60,,2,2,3,2,3,3,1,,,60,0.3,0.3,60,,,,60,,2,2,3,2,3,3,1,,,60,0.3,0.3,60,,,,60,,3,3,3,2,3,3,1,,,60,0.3,0.3,60,,,,60,,3,5,5,2,3,3,1,,,0.3,0.3,0.3,0.3,5,,,
High Tolerance,,,60,0.3,0.3,60,,,,60,,2,2,3,2,3,3,1,,,60,0.3,0.3,60,,,,60,,2,2,3,2,3,3,1,,,60,0.3,0.3,60,,,,60,,3,3,3,2,3,3,1,,,60,0.3,0.3,60,,,,60,,3,5,5,2,3,3,1,,,0.3,0.3,0.3,0.3,5,,,
Enable,,,1,1,1,1,0,0,0,1,0,1,1,1,1,1,1,1,0,0,1,1,1,1,0,0,0,1,0,1,1,1,1,1,1,1,0,0,1,1,1,1,0,0,0,1,0,1,1,1,1,1,1,1,0,0,1,1,1,1,0,0,0,1,0,1,1,1,1,1,1,1,0,0,1,1,1,1,1,0,0,0
600,1,600,893.48,34,34.14,1765.17,40.92,33.02,1.53,1522.19,37.23,-33.2,-30.22,-67.43,-31.32,0.15,-5.13,10.2,125.64,-0.04,812.52,33.65,33.91,1667.41,40.88,33.04,1.54,1472.37,37.77,-39.91,-41.39,-59.11,-31.79,0.67,-4.76,11,128.36,-0.01,628,31.43,31.63,1152.49,34.69,30.04,1.47,948.48,31.36,-47.03,-34.62,-70.59,-30.45,-0.93,-1.51,6.56,137.28,-0.03,627.6,31.17,31.54,1308.19,30.73,30.02,1.52,1077.91,27.92,-39.9,-38,-64.01,-29.57,0.98,-0.4,6.31,137.04,-0.04,-1.66,-1.58,-1.84,-1.86,13.99,55,634.5956667,26212
601,1,601,875.41,34.13,34.3,1864.55,40.17,33.02,1.54,1594.39,35.57,-30.56,-31.44,-67.24,-32.33,0.3,-4.88,10.07,126.04,-0.05,795.19,33.76,34.05,1777.25,39.67,33.03,1.54,1539.83,36.03,-38.42,-41.59,-60.31,-32.22,0.77,-4.52,10.76,129.26,-0.01,613.66,31.5,31.7,1189.12,34.09,30.04,1.46,975.24,30.49,-42.02,-32.57,-69.31,-31.77,-0.68,-1.27,6.72,131.18,-0.03,613.19,31.31,31.65,1329.64,30.97,30.02,1.5,1086.15,27.69,-38.2,-36.3,-63.97,-30.03,1.17,-0.16,6.53,132.16,-0.05,-1.62,-1.53,-1.79,-1.81,15.21,135,766.6316667,9754.666667
602,1,602,888.23,34.12,34.24,1818.7,40.62,33.03,1.52,1558.98,36.39,-30.99,-30.94,-67.58,-30.62,0,-5.05,10.92,118.67,-0.04,808.19,33.86,34.1,1759.15,40.54,33.03,1.52,1514.41,36.64,-41.02,-40.57,-60.08,-31.37,0.5,-4.68,11.5,118.5,0,616.46,31.27,31.52,1158.45,33.61,30.03,1.48,968.76,30.62,-44.53,-32.73,-69.71,-29.6,-0.82,-1.52,6.75,128.76,-0.03,616.57,31.18,31.52,1344.13,29.7,30.02,1.53,1116.15,26.92,-42.76,-35.4,-64.18,-29.3,1,-0.36,6.43,129.55,-0.05,-1.65,-1.57,-1.81,-1.83,18.59,550,1180.539,7390.333333
603,1,603,870.34,34,34.11,1648.31,43.52,33.01,1.49,1410.88,40.05,-35.71,-34.94,-67.41,-31.28,0.1,-5.08,10.95,122.28,-0.03,791.36,33.52,33.66,1526.55,42.13,33.02,1.52,1356.24,40.66,-38.58,-38.21,-58.17,-31.15,0.65,-4.7,11.67,124.09,0,614.42,31.4,31.63,1171.93,34.09,30.02,1.47,969.52,30.54,-42.6,-34.33,-71.1,-29.67,-0.81,-1.43,6.47,135.49,-0.03,614.22,31.27,31.62,1329.25,30.75,30.03,1.52,1092.16,27.56,-38.31,-37.23,-64.61,-29.06,1.08,-0.29,6.27,135.26,-0.05,-1.65,-1.56,-1.8,-1.83,13.83,55,628.4346667,12424
604,1,604,881.79,34.15,34.28,1867.78,39.94,33.03,1.54,1599.15,35.54,-32.45,-31.6,-66.72,-30.79,0,-4.97,10.48,121.9,-0.05,802.85,33.79,34.03,1785.54,39.31,33.02,1.54,1551.44,35.73,-41.53,-39.74,-60.98,-31.52,0.49,-4.62,11.21,124.99,-0.01,607.54,31.33,31.52,1152.4,33.81,30.02,1.47,959.83,30.89,-44.37,-33.69,-70.39,-30.26,-0.88,-1.39,6.91,128.59,-0.03,607.97,31.13,31.45,1318.58,29.8,30.03,1.53,1105.69,27.26,-44.59,-36.05,-64.48,-29.51,1.02,-0.23,6.62,131.12,-0.06,-1.63,-1.54,-1.8,-1.81,13.8,55,653.1776667,6895.333333
605,1,605,878.32,34.07,34.21,1760.68,41.65,33.03,1.52,1510.89,37.57,-34.73,-32.36,-67.06,-32.1,0.31,-5.08,10.81,118.26,-0.04,796.41,33.65,33.85,1636.04,41.08,33.04,1.53,1445.59,38.43,-40.46,-40.63,-59.38,-31.13,0.84,-4.72,11.64,122.22,-0.01,616.29,31.43,31.63,1175.1,33.98,30.03,1.47,964.18,30.82,-42.45,-32.92,-70.52,-31.51,-0.75,-1.47,6.77,135.08,-0.03,613.07,31.21,31.54,1330.23,30.16,30.03,1.53,1097.07,27.44,-38.29,-36.9,-64.02,-30.63,1.17,-0.35,6.46,132.62,-0.05,-1.62,-1.54,-1.79,-1.81,13.36,105,750.3746667,12879.66667
606,1,606,878.52,34.13,34.24,1723.26,42.87,33.01,1.49,1466.41,38.5,-37.38,-37.41,-67.4,-31.57,0.33,-5.06,11.24,118.34,-0.04,797.75,33.62,33.79,1599.15,41.47,33.02,1.53,1406.46,39.24,-41.7,-38,-58.4,-31.43,0.88,-4.68,11.9,119.03,-0.01,616.35,31.43,31.64,1176.64,34,30.04,1.47,968.55,30.74,-42.07,-33.38,-70.64,-31.56,-0.81,-1.45,6.81,130.55,-0.03,616.07,31.23,31.57,1351.43,29.84,30.03,1.53,1116.86,26.95,-38.67,-37.56,-64.37,-30.51,1.14,-0.29,6.45,130.28,-0.05,-1.63,-1.56,-1.81,-1.82,14.09,55,624.9093333,16537.33333
607,1,607,877.72,34.08,34.19,1750.99,41.72,33,1.5,1492.21,37.81,-34.92,-30.72,-67.52,-30.63,0.1,-5.15,11.25,115.84,-0.04,797.15,33.76,33.96,1653.75,41.71,33.03,1.52,1444.23,38.36,-41.6,-40.17,-59.79,-31.08,0.64,-4.75,12,119.46,-0.01,601.68,31.41,31.62,1165.58,34.17,30.03,1.47,966.38,30.75,-41.84,-33.13,-68.83,-31.25,-0.82,-1.47,6.78,131.87,-0.03,600.85,31.34,31.63,1315.95,31.13,30.01,1.51,1077.11,27.88,-37.54,-35.35,-64.3,-29.89,1.01,-0.35,6.67,132.28,-0.04,-1.64,-1.56,-1.79,-1.82,13.4,55,603.7343333,7515
608,1,608,888.38,34.12,34.23,1713.07,43.05,33.02,1.48,1453.98,38.92,-36.85,-34.16,-67.6,-31.68,0.33,-5.16,10.65,122.41,-0.03,809.27,33.66,33.85,1600.14,41.99,33.02,1.51,1394.1,39.58,-41.62,-39.04,-58.74,-31.55,0.85,-4.79,11.33,123.76,0,627.61,31.57,31.78,1191.01,34.72,30.03,1.46,971.01,30.53,-43.41,-31.85,-70.29,-31.33,-0.88,-1.56,6.67,132.02,-0.02,626.21,31.42,31.75,1332.92,31.57,30.04,1.5,1085.32,27.81,-37.43,-35.19,-64.16,-30.15,1.07,-0.36,6.51,131.95,-0.05,-1.64,-1.56,-1.8,-1.82,15.41,95,640.5286667,6746
609,1,609,886.22,33.98,34.11,1795.82,39.92,33.03,1.54,1558.44,36.43,-34.33,-29.25,-68.1,-30.98,0.09,-5.16,10.87,116.58,-0.04,806.53,33.86,34.04,1730.49,40.63,33.02,1.52,1496.44,37.03,-40.63,-42.26,-60.77,-31.42,0.6,-4.81,11.69,120.07,-0.01,617.28,31.29,31.51,1160.92,33.47,30.03,1.48,971.89,30.5,-43.84,-32.91,-69.07,-31.77,-0.82,-1.59,6.97,129.18,-0.03,617.43,31.2,31.52,1331.06,29.97,30.03,1.53,1107.15,27.22,-40.03,-35.87,-64.25,-29.85,1.03,-0.42,6.71,129.78,-0.05,-1.63,-1.54,-1.8,-1.81,14.46,55,686.8536667,17148
610,1,610,884.35,34.18,34.32,1809.38,41.58,33.02,1.51,1535.66,36.88,-32.19,-34.79,-67.11,-31.34,0.18,-5.14,10.58,122.88,-0.04,802.82,33.72,33.92,1689.75,40.42,33.04,1.54,1478.62,37.59,-40.79,-38.1,-58.89,-31.55,0.72,-4.75,11.4,123.61,-0.01,615.1,31.38,31.59,1149.06,34.48,30.01,1.47,948.2,31.15,-45.68,-33.79,-70.81,-30.15,-0.95,-1.56,7.04,130.61,-0.03,616.3,31.16,31.5,1305.35,30.47,30.03,1.52,1084.85,27.79,-43.87,-36.55,-64.2,-29.56,1.02,-0.39,6.74,129.56,-0.05,-1.62,-1.55,-1.79,-1.81,13.78,55,661.2393333,13897
611,1,611,890.93,34.19,34.33,1862.94,40.48,33.01,1.51,1584.39,35.7,-27.66,-32.89,-67.5,-31.61,0.12,-5.14,10.79,121.3,-0.05,809.78,33.81,34.06,1782.45,39.64,33.03,1.52,1541.82,36.05,-38.48,-40.18,-60.38,-31.89,0.66,-4.75,11.42,121.4,-0.01,622.63,31.35,31.54,1151.74,33.97,30.02,1.46,953.39,31.1,-42.61,-34.2,-69.8,-30.79,-0.87,-1.55,6.93,132.33,-0.02,622.64,31.09,31.45,1309.03,30.06,30.03,1.52,1092.28,27.58,-40.75,-38.14,-64.04,-29.96,1.06,-0.39,6.57,132.78,-0.04,-1.6,-1.53,-1.78,-1.8,13.7,55,638.3446667,13673
612,1,612,883.79,34.23,34.34,1792.04,42.23,33.02,1.5,1508.18,37.53,-32.05,-33.89,-67.45,-31.14,0.06,-5.09,11.01,116.02,-0.04,805.22,33.74,33.92,1665.19,41.03,33.03,1.52,1443.83,38.43,-39.71,-39.3,-59.86,-30.84,0.61,-4.72,11.81,118.19,0,614.11,31.37,31.58,1152.23,34.3,30.04,1.47,952.67,31.25,-43.23,-32.29,-70.49,-31.62,-0.81,-1.53,7.24,124.69,-0.03,614.84,31.14,31.49,1315.25,30.2,30.03,1.53,1092.69,27.55,-43.45,-35.67,-64.13,-30.61,1.11,-0.39,6.95,125.79,-0.05,-1.6,-1.53,-1.79,-1.82,13.8,55,627.387,10888.66667
613,1,613,891.44,34.27,34.38,1811.07,42.17,33.04,1.49,1524.75,37.28,-30.48,-35.72,-67.49,-31.29,0.26,-4.97,11.07,118.45,-0.04,812.49,33.81,34,1716.61,40.62,33.03,1.52,1484.05,37.39,-41.04,-37.17,-58.4,-31.24,0.79,-4.59,11.77,120.29,0,612.8,31.46,31.68,1179.64,34.26,30.01,1.46,970.28,30.47,-43.38,-34.44,-71.12,-30.84,-0.92,-1.4,7,129.64,-0.03,612.51,31.29,31.64,1344.77,30.49,30.02,1.51,1104.28,27.21,-39.43,-36.47,-64.6,-30.2,1.03,-0.25,6.78,129.4,-0.05,-1.64,-1.56,-1.81,-1.82,14.05,55,632.5146667,15817
614,1,614,882.59,34.27,34.39,1861.65,41.07,33.04,1.52,1572.19,36.19,-31.69,-33.57,-67.53,-31.13,0.01,-4.92,10.74,121.48,-0.04,804.37,33.86,34.02,1745.01,40.09,33.03,1.53,1506.94,36.84,-41.79,-38.58,-61.05,-31.46,0.53,-4.57,11.49,121.79,0,609.79,31.44,31.61,1164.38,34.17,30.02,1.46,960.91,30.83,-46.05,-32.44,-69.73,-30.67,-0.96,-1.37,7.15,126.38,-0.04,609.83,31.24,31.53,1327.59,30.14,30.03,1.52,1101.31,27.35,-46.16,-34.4,-64.11,-29.95,0.98,-0.22,6.85,128.45,-0.05,-1.64,-1.54,-1.8,-1.82,12.96,135,756.674,12232
615,1,615,887.97,34.13,34.25,1823.53,40.63,33.04,1.54,1560.2,36.48,-33.84,-32.18,-67.77,-31.38,0.08,-5.02,10.71,119.69,-0.04,807.87,33.77,33.99,1727.2,40.24,33.01,1.54,1502.49,36.79,-41.96,-39.01,-59.93,-30.99,0.59,-4.66,11.47,120.12,-0.02,615.48,31.36,31.56,1161.76,33.89,30.02,1.48,960.13,30.85,-44.76,-32.42,-70.19,-32.02,-0.9,-1.46,6.74,131.03,-0.03,615.11,31.18,31.5,1309.62,30.36,30.03,1.53,1088.47,27.69,-43.38,-34.54,-64.21,-30.6,1.02,-0.32,6.55,130.19,-0.05,-1.63,-1.55,-1.79,-1.81,14.03,55,632.854,13538.33333
616,1,616,892.32,34.33,34.45,1877.43,41.26,33.03,1.5,1570.63,36.12,-30.05,-33.67,-67.83,-31.14,0.23,-5.03,11.1,117.39,-0.04,812.6,33.91,34.1,1772.94,40.18,33.02,1.51,1518.96,36.47,-39.47,-38.72,-60.36,-31.56,0.74,-4.67,11.81,118.23,0,616.02,31.38,31.56,1165.39,33.78,30.03,1.46,967.03,30.66,-46.18,-32.73,-70.36,-30.52,-0.88,-1.44,7.05,129.43,-0.04,617.57,31.22,31.52,1347.28,29.63,30.02,1.52,1119.93,26.78,-45.8,-36.44,-64.39,-29.67,1.03,-0.32,6.67,130.3,-0.05,-1.63,-1.55,-1.8,-1.81,13.67,55,669.576,12507.66667
617,1,617,871.78,34,34.09,1659.85,43.04,33.02,1.5,1424.35,39.7,-39.23,-33.15,-67.54,-31.03,0.32,-5.11,11.32,114.92,-0.03,792.05,33.64,33.82,1576.15,42.35,33.05,1.53,1389.68,39.98,-38.67,-38.76,-57.63,-30.63,0.87,-4.71,11.98,117.16,0,610.38,31.44,31.66,1194.59,33.69,30.03,1.48,988.46,29.99,-41.48,-34.41,-68.71,-32.81,-0.77,-1.49,7.12,123.56,-0.04,611.89,31.39,31.69,1377.25,30.07,30.03,1.53,1127.33,26.66,-36.74,-38.74,-64.43,-30.76,1.08,-0.31,6.89,124.37,-0.05,-1.64,-1.54,-1.79,-1.81,13.48,55,650.5573333,13377.66667
618,1,618,892.45,33.93,34.05,1746.05,40.5,33.02,1.53,1521.41,37.26,-34.78,-29.55,-67.62,-31.51,0.25,-5.08,10.78,118.99,-0.04,812.78,33.8,34.09,1709.04,41.56,33.01,1.52,1474.05,37.46,-40.52,-41.43,-59.72,-31.75,0.78,-4.74,11.37,122.45,-0.01,619.39,31.35,31.62,1171.03,34.04,30.03,1.47,972.32,30.55,-43.42,-32.48,-68.24,-30.46,-0.78,-1.52,6.77,134.11,-0.03,618.99,31.29,31.63,1336.33,30.62,30.03,1.52,1099.09,27.39,-40.01,-35.05,-64.11,-30.22,1.05,-0.34,6.52,133.26,-0.05,-1.64,-1.55,-1.8,-1.82,13.86,55,641.5746667,6916.666667
619,1,619,879.81,34.2,34.34,1852.45,40.77,33.03,1.52,1568.54,36.17,-30.06,-30.51,-67.83,-30.81,0.44,-4.99,10.6,118.86,-0.04,800.73,33.9,34.11,1765.69,40.47,33.03,1.53,1511.73,36.69,-37.14,-41.31,-61.04,-30.88,0.99,-4.62,11.45,122.22,-0.01,613.57,31.46,31.64,1167.47,34.31,30.04,1.47,962.49,30.93,-42.42,-33.43,-69.44,-32.2,-0.78,-1.42,6.85,131.06,-0.03,614.93,31.31,31.6,1308.36,31.15,30.02,1.51,1072.84,28.06,-40.56,-35.71,-64.35,-29.68,1.07,-0.28,6.71,132.99,-0.04,-1.63,-1.53,-1.79,-1.81,14.2,55,613.7626667,23528.33333
620,1,620,863.04,34.03,34.14,1720.62,42.01,33.02,1.51,1476.21,38.38,-35.65,-31.56,-68.15,-30.8,0.52,-5,11.1,116.71,-0.03,783.15,33.72,33.93,1640.48,41.73,33.04,1.53,1432.45,38.78,-41.39,-39.43,-58.63,-30.99,1.1,-4.62,11.84,117.6,0,603.87,31.46,31.68,1184.63,34.08,30.04,1.48,977.4,30.46,-41.32,-34.89,-70.21,-31.73,-0.74,-1.4,7.12,129.41,-0.03,603.6,31.36,31.71,1337.52,31.15,30.03,1.51,1087.71,27.7,-36.97,-37.95,-64.68,-29.71,1.07,-0.24,6.89,128.43,-0.05,-1.63,-1.54,-1.79,-1.81,14.21,55,704.5993333,25569
621,1,621,916.33,34.17,34.29,1763.4,42.36,33.01,1.48,1474.99,38.28,-42.85,-32.22,-68.33,-31.24,0.5,-5.15,11.33,117.17,-0.04,836.38,33.79,33.95,1646.4,41.78,33.01,1.49,1413.31,38.96,-40.98,-40.24,-57.89,-31.3,1.04,-4.78,11.9,117.76,0,642.3,31.7,31.9,1227.9,34.58,30.01,1.44,984.66,30,-41.56,-34.33,-70.71,-31.58,-0.86,-1.52,7.47,127.85,-0.03,641.76,31.51,31.88,1388.75,31.16,30.05,1.49,1115.95,27.07,-35.09,-38.81,-64.42,-30.01,1.11,-0.31,7.24,125.22,-0.05,-1.63,-1.55,-1.79,-1.81,13.84,55,610.4686667,27828
622,1,622,888.3,34.16,34.27,1758.71,42.32,33.02,1.5,1494.28,37.91,-32.99,-34.28,-67.79,-31.59,0.18,-4.98,10.83,118.97,-0.03,807.44,33.73,33.91,1649.53,41.28,33.03,1.52,1439.66,38.47,-40.59,-38.52,-58.94,-31.18,0.71,-4.61,11.51,122.39,0,622.71,31.39,31.62,1155.1,34.53,30.01,1.46,954.93,30.96,-42.04,-33.8,-71.09,-31.62,-0.82,-1.41,6.85,131.45,-0.03,621.83,31.2,31.55,1300.65,30.94,30.04,1.51,1075.63,28.1,-40.36,-36.59,-64.55,-30.78,1.12,-0.23,6.61,130.2,-0.04,-1.63,-1.55,-1.8,-1.81,13.79,55,577.3836667,10085
623,1,623,882.6,34.23,34.37,1881.73,40.48,33.03,1.52,1598.33,35.55,-27.54,-32.55,-67.47,-31.48,0.27,-4.88,10.73,120.96,-0.05,802.64,33.8,34.1,1804.26,39.5,33.03,1.53,1555.8,35.7,-38.71,-40.17,-59.75,-31.76,0.76,-4.52,11.4,120.52,-0.01,610.58,31.56,31.74,1192.71,34.32,30.01,1.45,970.68,30.43,-41.39,-32.73,-69.99,-30.94,-0.79,-1.35,7.17,128.54,-0.03,611.29,31.33,31.66,1341.58,30.73,30.03,1.5,1096.03,27.46,-37.58,-36,-64.28,-29.82,1.12,-0.2,6.97,130.74,-0.04,-1.6,-1.53,-1.78,-1.8,13.79,55,714.248,15613.66667
624,1,624,904.78,34.06,34.18,1733.8,42.06,33.02,1.5,1473.23,38.4,-38.63,-31.92,-67.62,-32.12,0.15,-5.03,10.57,126.97,-0.03,823.97,33.76,33.94,1642.82,41.75,33.04,1.51,1427.11,38.94,-41.01,-40.18,-58.16,-31.73,0.72,-4.62,11.31,125.42,0,630.98,31.6,31.82,1202.8,34.68,30.01,1.45,972.46,30.4,-42.18,-35,-71.21,-31.36,-0.86,-1.42,6.5,136.04,-0.03,632.35,31.37,31.77,1345.25,31.45,30.03,1.5,1089.26,27.66,-36.82,-37.34,-64.68,-29.98,1.08,-0.27,6.4,134.45,-0.05,-1.62,-1.54,-1.77,-1.79,13.68,55,656.4543333,15827
625,1,625,891.22,34.1,34.21,1713.38,42.88,33.02,1.5,1455.91,38.85,-41.16,-34.24,-67.99,-31.58,0.26,-5.06,10.8,120.84,-0.03,811.1,33.65,33.79,1592.4,41.58,33.02,1.53,1402.56,39.4,-38.8,-39.49,-57.83,-31.67,0.8,-4.67,11.52,122.41,0,622.14,31.47,31.69,1190.99,33.97,30.01,1.48,976.52,30.23,-41.58,-33.96,-71.32,-31.33,-0.91,-1.49,6.4,133.62,-0.03,624.07,31.28,31.61,1346.73,30.28,30.04,1.53,1111.51,27.16,-37.08,-37.35,-64.72,-30.09,1.05,-0.3,6.17,133.15,-0.05,-1.61,-1.52,-1.77,-1.79,13.98,55,671.5603333,15230
626,1,626,886.76,34.05,34.16,1731.64,41.94,33.01,1.51,1475.9,38.29,-38.44,-30.48,-68.05,-30.86,0.04,-4.98,10.77,122.82,-0.04,807.52,33.79,33.94,1647.52,41.66,33.03,1.52,1432.38,38.64,-40.52,-41.39,-58.76,-30.95,0.58,-4.59,11.58,125.1,0,621.67,31.32,31.53,1168.86,33.45,30.02,1.48,973.6,30.41,-42.5,-36.41,-69.54,-32.57,-0.72,-1.38,6.89,129.28,-0.03,622.63,31.27,31.58,1341.71,30.14,30.03,1.53,1107.29,27.16,-38.16,-39.36,-64.56,-30.09,1.12,-0.21,6.68,129.91,-0.04,-1.61,-1.53,-1.78,-1.79,14.68,55,735.9643333,14611
627,1,627,903.22,34.01,34.13,1760.96,40.94,33.02,1.5,1513.18,37.46,-35.76,-29.94,-68.06,-31.43,0.23,-5.05,11.3,116.76,-0.04,822.17,33.9,34.13,1720.06,41.71,33.03,1.49,1469.02,37.75,-41.14,-40.32,-58.84,-31.29,0.76,-4.68,11.84,117.39,0,633.55,31.33,31.59,1181.27,33.54,30.05,1.46,985.72,30.21,-42.42,-33.88,-68.92,-31.46,-0.81,-1.51,6.99,129.88,-0.04,633.89,31.25,31.61,1368.85,29.71,30.03,1.51,1129.72,26.6,-40.17,-36.63,-64.29,-30.78,1.02,-0.36,6.64,129.02,-0.06,-1.62,-1.54,-1.78,-1.8,13.86,55,708.8946667,18373.66667
628,1,628,881.06,34.04,34.15,1717.93,42.18,33.02,1.51,1468.51,38.58,-35.17,-31.46,-67.51,-30.92,0.49,-5.11,10.98,118.59,-0.03,799.2,33.77,33.92,1632.96,41.84,33.03,1.53,1421.79,38.99,-41.22,-40.54,-59.05,-30.6,1.05,-4.74,11.71,122.76,-0.01,617.08,31.38,31.57,1175.69,33.49,30.01,1.48,976.63,30.25,-41.04,-34.66,-69.41,-33.1,-0.82,-1.54,7.01,129.58,-0.02,616.09,31.28,31.57,1339.11,30.13,30.04,1.53,1109.47,27.18,-37.61,-38.48,-64.26,-30.24,1.08,-0.36,6.77,128.65,-0.05,-1.6,-1.52,-1.76,-1.78,13.87,55,583.6233333,8881.666667
629,1,629,888.66,34.06,34.19,1832.39,39.89,33.03,1.54,1583.76,35.87,-31.42,-29.82,-67.32,-30.99,0.29,-5.07,10.73,122.41,-0.05,808.8,33.78,34.06,1767.79,39.98,33.03,1.53,1535.79,36.17,-37.67,-42.09,-60.86,-31.54,0.85,-4.69,11.4,122.58,-0.02,613.88,31.38,31.58,1157.36,34.13,30.04,1.47,959.25,31.01,-44.57,-32.81,-68.77,-30.58,-0.79,-1.51,6.85,131.28,-0.03,614.35,31.27,31.59,1322.18,30.7,30.02,1.52,1086.43,27.67,-40.62,-36.14,-64.19,-29.06,1.05,-0.38,6.64,131.49,-0.04,-1.59,-1.5,-1.76,-1.78,13.83,55,623.121,15279.66667
631,2,631,848.43,33.63,33.77,1674.90,39.32,33.03,1.57,1502.16,37.54,-37.36,-31.18,-64.99,-26.54,-0.07,-4.73,10.36,131.04,-0.04,849.68,33.54,33.69,1639.92,39.59,33.04,1.58,1476.88,38.01,-43.09,-39.30,-56.94,-25.96,0.82,-3.67,11.03,132.13,-0.01,1026.23,31.59,31.71,1233.95,34.39,30.02,1.46,954.30,30.46,-43.13,-39.46,-67.96,-22.64,0.26,-2.03,6.09,151.30,-0.03,1024.57,31.55,31.76,1319.33,32.27,30.01,1.48,1030.07,28.50,-43.47,-34.89,-61.95,-23.27,0.91,-1.40,6.52,155.55,-0.05,-1.22,-1.22,-1.43,-1.40,0.24,55,631.18,208523.00
632,2,632,862.07,33.69,33.82,1680.00,39.68,33.04,1.55,1499.41,37.72,-38.35,-30.98,-64.84,-26.79,-0.02,-4.73,10.50,131.23,-0.04,863.32,33.57,33.69,1627.44,39.93,33.03,1.56,1460.42,38.36,-43.55,-40.78,-56.94,-26.16,0.89,-3.65,11.10,129.48,-0.01,1036.96,31.59,31.72,1224.68,34.71,30.04,1.46,945.46,30.88,-43.06,-40.06,-68.33,-23.07,0.25,-2.07,5.71,154.33,-0.03,1035.73,31.54,31.76,1305.20,32.62,30.03,1.48,1015.12,29.03,-43.29,-34.41,-62.27,-23.62,0.90,-1.46,6.10,157.90,-0.05,-1.21,-1.22,-1.42,-1.40,0.24,55,616.94,1550.00
633,2,633,845.89,33.56,33.69,1643.15,39.39,33.03,1.57,1489.02,37.87,-39.45,-32.14,-64.33,-25.80,-0.12,-4.75,10.42,133.26,-0.04,848.91,33.49,33.63,1617.86,39.57,33.04,1.57,1468.39,38.21,-43.59,-38.72,-56.75,-25.81,0.78,-3.67,11.05,133.80,-0.01,1019.31,31.48,31.60,1211.06,34.16,30.02,1.47,942.42,30.81,-43.04,-40.28,-68.20,-22.07,0.24,-2.00,5.61,160.16,-0.03,1017.83,31.44,31.67,1308.24,31.84,30.01,1.49,1026.80,28.60,-44.18,-35.71,-62.11,-22.88,0.92,-1.38,5.78,160.62,-0.05,-1.21,-1.22,-1.44,-1.41,0.23,55,613.30,710.33
634,2,634,856.77,33.71,33.83,1659.71,40.31,33.04,1.55,1474.45,38.33,-40.17,-32.20,-64.36,-25.12,0.00,-4.67,10.36,136.97,-0.04,858.17,33.51,33.63,1602.53,39.95,33.04,1.58,1450.75,38.71,-43.59,-40.04,-56.34,-24.45,0.90,-3.57,10.89,134.50,-0.01,1029.17,31.59,31.71,1237.77,34.26,30.02,1.46,956.22,30.40,-42.50,-39.95,-68.58,-21.76,0.25,-2.07,5.82,159.57,-0.03,1028.68,31.54,31.76,1336.26,31.79,30.03,1.50,1045.72,28.16,-42.74,-35.19,-62.20,-22.24,0.95,-1.44,5.94,160.05,-0.05,-1.20,-1.22,-1.42,-1.40,0.23,55,628.40,1197.67
635,2,635,851.13,33.67,33.81,1687.04,39.43,33.04,1.56,1506.24,37.52,-34.73,-31.66,-64.67,-25.52,-0.04,-4.68,10.21,135.41,-0.04,852.84,33.53,33.69,1649.29,39.34,33.03,1.58,1484.73,37.73,-41.32,-39.28,-56.87,-25.12,0.85,-3.61,10.81,135.51,-0.01,1035.65,31.63,31.74,1246.69,34.28,30.01,1.45,957.74,30.28,-42.79,-39.43,-68.02,-22.10,0.24,-1.99,5.63,159.85,-0.03,1034.89,31.59,31.79,1335.68,32.07,30.02,1.48,1040.68,28.28,-43.35,-35.25,-62.04,-22.79,0.95,-1.35,5.83,159.00,-0.04,-1.20,-1.21,-1.43,-1.41,0.23,55,622.67,1181.33
636,2,636,864.09,33.64,33.76,1658.09,39.72,33.04,1.56,1486.86,38.00,-35.84,-30.79,-64.21,-26.09,0.27,-4.63,10.11,136.41,-0.04,865.17,33.53,33.66,1625.00,39.67,33.04,1.58,1466.05,38.25,-42.67,-41.23,-56.42,-25.83,1.19,-3.54,10.64,135.72,-0.01,1036.14,31.65,31.78,1253.47,34.35,30.02,1.46,961.04,30.21,-42.71,-39.92,-68.16,-22.69,0.31,-2.00,5.49,158.33,-0.03,1034.72,31.60,31.82,1340.06,32.17,30.02,1.49,1041.06,28.24,-42.30,-34.42,-62.19,-23.33,0.99,-1.38,5.79,160.36,-0.04,-1.21,-1.22,-1.42,-1.40,0.23,55,600.98,1195.00
637,2,637,855.79,33.71,33.85,1704.86,39.36,33.03,1.55,1517.46,37.22,-33.75,-31.93,-64.58,-25.62,-0.01,-4.67,10.12,133.58,-0.04,859.04,33.57,33.72,1670.41,39.14,33.03,1.56,1496.93,37.44,-41.93,-39.21,-57.10,-25.21,0.88,-3.62,10.83,133.86,-0.01,1039.92,31.69,31.80,1271.99,34.06,30.05,1.47,975.63,29.94,-42.51,-39.88,-67.83,-22.38,0.32,-1.92,5.58,156.79,-0.03,1038.49,31.62,31.83,1365.76,31.64,30.03,1.50,1062.31,27.77,-42.87,-34.93,-61.79,-23.09,1.01,-1.31,5.79,159.18,-0.05,-1.21,-1.22,-1.43,-1.41,0.22,55,605.65,1198.67
638,2,638,850.37,33.68,33.82,1681.59,39.68,33.03,1.56,1495.11,37.75,-41.54,-30.74,-64.56,-26.51,0.12,-4.70,10.44,132.85,-0.04,851.09,33.50,33.61,1609.71,39.67,33.03,1.59,1459.19,38.37,-44.14,-39.90,-56.63,-26.32,1.03,-3.60,11.04,130.50,0.00,1021.61,31.62,31.74,1235.62,34.58,30.01,1.45,952.30,30.41,-43.11,-39.95,-68.32,-23.24,0.24,-2.07,6.14,155.88,-0.03,1021.40,31.56,31.79,1317.32,32.48,30.02,1.48,1029.66,28.56,-43.06,-34.70,-62.23,-23.31,0.93,-1.42,6.35,154.88,-0.04,-1.21,-1.22,-1.43,-1.41,0.22,55,608.18,1212.00
639,2,639,856.20,33.69,33.81,1684.25,39.51,33.03,1.56,1500.83,37.58,-36.39,-30.74,-65.20,-26.70,0.15,-4.68,10.13,133.11,-0.03,859.08,33.55,33.69,1626.16,40.00,33.02,1.57,1457.50,38.36,-41.83,-39.48,-57.51,-26.77,1.06,-3.61,10.89,133.67,-0.01,1027.87,31.56,31.69,1226.67,34.41,30.02,1.46,948.89,30.64,-42.93,-40.11,-67.61,-23.48,0.26,-1.96,5.82,155.29,-0.03,1027.26,31.49,31.71,1306.88,32.22,30.03,1.49,1025.42,28.75,-43.60,-35.10,-61.77,-24.08,0.95,-1.33,6.00,155.10,-0.04,-1.21,-1.22,-1.43,-1.41,0.22,55,613.93,1196.67
640,2,640,863.75,33.62,33.74,1644.56,39.83,33.03,1.57,1478.28,38.19,-40.22,-30.52,-64.58,-25.19,0.11,-4.75,10.14,136.93,-0.04,865.26,33.52,33.65,1596.82,40.30,33.04,1.57,1439.85,38.95,-43.82,-40.71,-57.03,-24.69,1.04,-3.66,10.74,135.89,-0.01,1033.30,31.58,31.72,1232.72,34.50,30.04,1.47,952.11,30.62,-42.97,-39.52,-68.10,-21.38,0.25,-2.08,5.40,160.78,-0.03,1031.38,31.52,31.75,1322.89,32.09,30.04,1.50,1036.56,28.49,-42.99,-34.54,-62.33,-22.43,0.93,-1.44,5.62,160.48,-0.04,-1.22,-1.24,-1.43,-1.41,0.22,55,603.50,1192.00
641,2,641,863.47,33.61,33.74,1663.44,39.36,33.04,1.56,1497.60,37.77,-38.83,-31.72,-64.81,-27.57,-0.10,-4.79,10.45,131.17,-0.04,864.33,33.56,33.70,1637.43,39.76,33.02,1.56,1467.39,38.09,-44.22,-39.72,-56.87,-27.27,0.77,-3.71,11.05,133.84,-0.01,1034.86,31.62,31.73,1253.37,34.02,30.04,1.46,966.26,30.20,-42.87,-39.94,-68.01,-23.76,0.25,-2.05,6.02,155.51,-0.03,1034.46,31.59,31.80,1360.33,31.54,30.04,1.49,1061.08,27.81,-43.00,-35.33,-62.09,-24.36,0.91,-1.42,6.11,151.85,-0.05,-1.22,-1.22,-1.43,-1.41,0.22,55,605.96,1235.00
642,2,642,852.78,33.63,33.77,1673.98,39.37,33.03,1.56,1501.49,37.60,-35.67,-30.97,-64.32,-27.77,-0.05,-4.74,10.42,132.34,-0.04,854.26,33.53,33.67,1642.53,39.41,33.04,1.58,1482.74,37.90,-42.97,-39.43,-56.75,-27.61,0.87,-3.65,11.13,132.30,-0.01,1026.91,31.60,31.72,1240.28,34.25,30.01,1.45,953.39,30.40,-43.11,-39.30,-68.95,-23.88,0.19,-2.12,5.81,159.45,-0.03,1026.10,31.54,31.76,1333.25,31.92,30.03,1.49,1040.74,28.33,-43.04,-35.37,-62.31,-24.37,0.90,-1.48,5.96,157.79,-0.05,-1.21,-1.22,-1.43,-1.41,0.22,55,588.79,1199.67
643,2,643,857.70,33.69,33.82,1647.16,40.47,33.04,1.55,1460.07,38.69,-43.14,-32.20,-64.85,-26.76,-0.15,-4.80,10.66,133.86,-0.04,860.09,33.42,33.51,1549.72,40.27,33.04,1.59,1417.76,39.57,-41.80,-39.26,-56.99,-26.19,0.74,-3.72,11.26,132.80,-0.01,1028.68,31.62,31.73,1251.19,34.05,30.02,1.46,962.95,30.13,-42.95,-39.45,-68.17,-23.02,0.24,-2.07,5.82,157.20,-0.03,1028.01,31.58,31.78,1355.58,31.50,30.01,1.49,1059.01,27.72,-42.85,-35.42,-62.08,-23.82,0.91,-1.45,6.05,157.34,-0.05,-1.20,-1.21,-1.43,-1.40,0.22,55,602.41,1222.67
644,2,644,869.49,33.77,33.90,1689.92,40.15,33.03,1.55,1488.08,37.96,-38.63,-31.50,-64.66,-25.09,0.06,-4.72,10.15,137.50,-0.04,870.61,33.56,33.65,1619.51,39.79,33.04,1.57,1455.82,38.54,-43.08,-39.19,-56.59,-24.74,0.98,-3.63,10.82,140.06,-0.01,1036.74,31.69,31.80,1257.99,34.41,30.02,1.46,962.20,30.22,-42.70,-39.71,-68.69,-21.70,0.23,-2.10,5.24,165.50,-0.03,1035.51,31.62,31.84,1345.98,32.14,30.02,1.49,1044.59,28.15,-42.05,-34.56,-62.36,-22.39,0.91,-1.48,5.47,164.75,-0.04,-1.21,-1.22,-1.43,-1.40,0.22,55,599.90,1204.00
645,2,645,853.44,33.56,33.68,1657.10,38.98,33.04,1.58,1504.68,37.60,-35.91,-31.09,-64.59,-26.22,-0.07,-4.67,10.52,131.46,-0.03,855.61,33.54,33.71,1647.35,39.59,33.03,1.57,1479.61,37.89,-42.88,-39.52,-56.58,-26.07,0.80,-3.62,11.14,132.48,-0.02,1024.97,31.60,31.73,1244.27,34.20,30.04,1.46,962.28,30.31,-43.00,-39.78,-68.17,-22.10,0.31,-1.92,6.22,151.90,-0.03,1023.47,31.56,31.78,1333.24,32.06,30.03,1.49,1042.98,28.28,-43.49,-34.74,-62.29,-22.88,0.98,-1.28,6.45,153.29,-0.05,-1.22,-1.22,-1.43,-1.41,0.22,55,589.55,1205.67
646,2,646,855.99,33.66,33.79,1647.55,40.18,33.04,1.54,1475.30,38.33,-40.61,-32.23,-64.16,-25.46,-0.02,-4.66,10.49,133.35,-0.04,857.73,33.50,33.62,1606.00,39.80,33.03,1.56,1455.07,38.52,-44.30,-39.57,-56.51,-25.00,0.86,-3.59,11.13,133.93,-0.01,1034.43,31.62,31.74,1239.71,34.46,30.03,1.46,954.38,30.54,-42.46,-39.90,-68.66,-21.71,0.27,-2.03,5.70,160.90,-0.03,1033.57,31.60,31.81,1329.28,32.37,30.04,1.48,1031.22,28.64,-42.78,-34.80,-62.35,-22.00,0.96,-1.40,5.94,160.68,-0.05,-1.22,-1.23,-1.44,-1.41,0.22,55,600.26,1212.33
647,2,647,854.26,33.65,33.78,1661.66,39.73,33.04,1.56,1488.03,37.99,-36.85,-32.23,-64.36,-26.68,0.01,-4.75,10.43,132.82,-0.04,855.86,33.49,33.63,1619.05,39.59,33.03,1.58,1465.80,38.25,-43.60,-38.74,-56.94,-26.43,0.89,-3.69,11.01,133.63,-0.01,1021.49,31.61,31.73,1246.00,34.17,30.03,1.46,960.12,30.30,-42.90,-40.23,-68.29,-23.13,0.27,-2.06,5.60,158.53,-0.03,1020.92,31.57,31.78,1337.43,31.97,30.03,1.49,1044.29,28.21,-43.10,-35.19,-62.21,-23.57,0.97,-1.42,5.87,157.77,-0.05,-1.21,-1.22,-1.43,-1.41,0.22,55,574.94,1194.33
648,2,648,865.76,33.70,33.84,1693.82,39.51,33.03,1.56,1503.66,37.51,-35.05,-30.86,-64.49,-26.70,0.12,-4.78,9.73,139.54,-0.04,867.23,33.59,33.71,1655.30,39.46,33.04,1.58,1483.48,37.86,-41.65,-39.60,-56.41,-26.34,1.03,-3.69,10.35,140.92,-0.01,1042.05,31.60,31.71,1251.15,33.90,30.02,1.47,961.66,30.22,-43.16,-39.79,-68.49,-22.96,0.24,-2.14,5.44,162.33,-0.04,1041.40,31.55,31.77,1354.53,31.41,30.03,1.50,1059.18,27.81,-43.79,-35.41,-62.40,-23.25,0.94,-1.49,5.61,160.02,-0.05,-1.21,-1.22,-1.43,-1.41,0.22,55,632.98,1251.00
649,2,649,857.52,33.63,33.75,1625.44,40.43,33.03,1.56,1453.29,38.85,-44.15,-31.71,-64.68,-26.25,-0.02,-4.77,10.50,136.56,-0.04,859.08,33.42,33.54,1551.31,40.44,33.04,1.59,1417.43,39.54,-41.31,-38.98,-56.72,-25.90,0.86,-3.70,11.12,133.83,-0.01,1014.33,31.58,31.69,1223.62,34.54,30.01,1.45,946.92,30.61,-42.91,-40.12,-67.95,-22.35,0.19,-2.05,5.74,162.30,-0.03,1013.00,31.54,31.75,1309.65,32.41,30.00,1.48,1024.91,28.60,-43.18,-34.92,-61.84,-23.20,0.85,-1.43,5.92,160.76,-0.05,-1.21,-1.21,-1.43,-1.41,0.21,55,598.21,1177.33
650,2,650,859.57,33.66,33.79,1707.08,38.81,33.04,1.57,1528.55,37.00,-36.02,-29.46,-65.25,-27.83,0.23,-4.70,10.28,130.46,-0.04,860.45,33.61,33.75,1672.23,39.38,33.04,1.57,1497.31,37.54,-40.78,-41.20,-56.86,-27.57,1.17,-3.60,11.01,133.81,-0.01,1032.07,31.68,31.80,1268.55,34.14,30.00,1.46,967.09,29.88,-42.73,-39.53,-68.28,-24.16,0.21,-2.09,5.48,157.59,-0.03,1030.91,31.64,31.86,1350.92,32.15,30.01,1.48,1044.22,28.12,-42.56,-34.45,-62.25,-24.65,0.90,-1.46,5.83,160.25,-0.05,-1.22,-1.23,-1.43,-1.41,0.21,55,585.46,1209.00
651,2,651,853.24,33.66,33.78,1631.25,40.55,33.03,1.55,1453.56,38.77,-42.18,-33.22,-64.34,-26.04,-0.19,-4.72,10.25,138.17,-0.04,855.73,33.43,33.54,1567.39,40.08,33.03,1.59,1430.51,39.17,-42.94,-38.78,-56.94,-25.68,0.70,-3.65,10.84,139.06,-0.01,1023.88,31.60,31.71,1248.69,33.92,30.01,1.46,964.17,30.02,-42.80,-39.79,-68.25,-22.21,0.24,-2.03,5.57,161.74,-0.03,1022.98,31.56,31.76,1347.72,31.53,30.01,1.49,1055.76,27.77,-43.01,-35.64,-62.10,-23.05,0.94,-1.41,5.79,162.71,-0.05,-1.21,-1.21,-1.43,-1.40,0.21,55,583.24,1241.67
652,2,652,859.51,33.71,33.83,1661.03,40.25,33.03,1.54,1471.78,38.31,-39.12,-31.78,-64.40,-27.39,0.01,-4.75,10.47,135.24,-0.04,861.04,33.54,33.65,1608.76,40.04,33.02,1.56,1446.74,38.64,-44.13,-39.73,-56.47,-27.05,0.92,-3.66,11.07,136.09,-0.01,1032.78,31.62,31.74,1248.77,34.20,30.02,1.46,958.46,30.29,-42.80,-40.20,-68.81,-23.93,0.22,-2.11,5.75,158.75,-0.03,1031.91,31.59,31.80,1345.82,31.88,30.02,1.49,1045.07,28.12,-42.63,-34.79,-62.35,-24.29,0.90,-1.49,6.05,158.97,-0.05,-1.22,-1.22,-1.43,-1.41,0.21,55,610.12,1223.00
653,2,653,857.48,33.56,33.69,1645.20,39.36,33.02,1.57,1486.39,37.89,-39.31,-31.84,-64.58,-24.47,-0.21,-4.73,10.08,141.82,-0.04,860.06,33.49,33.62,1607.40,39.73,33.05,1.58,1459.51,38.51,-43.41,-39.19,-56.89,-23.66,0.69,-3.63,10.60,137.17,-0.01,1042.19,31.61,31.72,1247.32,34.07,30.01,1.46,961.29,30.13,-43.01,-40.01,-67.84,-20.62,0.23,-2.02,5.83,164.79,-0.03,1040.74,31.58,31.78,1350.20,31.64,30.01,1.50,1053.91,27.83,-43.13,-35.54,-62.00,-21.44,0.92,-1.40,5.95,163.19,-0.05,-1.21,-1.22,-1.43,-1.41,0.21,55,612.60,1195.33
654,2,654,861.60,33.62,33.74,1667.16,39.29,33.04,1.57,1500.19,37.66,-36.89,-31.14,-64.21,-23.97,-0.02,-4.81,10.22,140.57,-0.03,863.67,33.55,33.69,1644.69,39.50,33.04,1.57,1482.17,37.91,-43.45,-39.83,-56.50,-22.93,0.89,-3.73,10.69,139.55,-0.02,1037.50,31.47,31.59,1215.17,33.99,30.03,1.47,946.36,30.75,-42.77,-40.58,-68.70,-20.28,0.22,-2.11,5.52,164.56,-0.03,1036.97,31.42,31.64,1317.69,31.43,30.01,1.50,1035.84,28.32,-43.50,-35.90,-62.26,-21.11,0.88,-1.51,5.69,166.65,-0.05,-1.21,-1.21,-1.44,-1.41,0.21,55,623.42,1209.33
655,2,655,850.04,33.76,33.88,1680.81,40.26,33.03,1.54,1480.01,38.10,-41.16,-31.51,-65.28,-25.89,-0.02,-4.73,10.52,135.94,-0.04,852.30,33.52,33.64,1599.12,40.13,33.03,1.57,1442.50,38.82,-44.33,-39.96,-56.68,-25.40,0.88,-3.65,11.11,134.55,-0.01,1020.29,31.64,31.75,1255.60,34.11,30.01,1.46,965.76,30.00,-42.77,-39.64,-68.25,-22.14,0.29,-2.02,5.82,158.94,-0.03,1019.22,31.59,31.80,1348.64,31.83,30.01,1.49,1051.31,27.93,-42.76,-35.15,-62.17,-23.04,0.98,-1.40,5.94,159.18,-0.05,-1.21,-1.22,-1.43,-1.41,0.21,55,599.37,1181.67
656,2,656,862.42,33.64,33.78,1657.98,39.83,33.03,1.56,1481.49,38.12,-42.19,-31.01,-64.21,-24.70,0.03,-4.70,10.62,137.39,-0.04,863.87,33.53,33.65,1612.02,39.94,33.03,1.57,1450.68,38.60,-43.66,-40.93,-56.55,-24.31,0.94,-3.62,11.19,137.32,-0.01,1028.80,31.65,31.76,1265.39,33.92,30.00,1.46,970.84,29.80,-42.78,-40.59,-68.55,-20.86,0.29,-2.07,5.57,165.88,-0.04,1027.95,31.61,31.82,1359.51,31.65,30.01,1.49,1058.82,27.71,-42.30,-34.75,-62.56,-21.96,0.97,-1.43,5.77,166.50,-0.05,-1.21,-1.22,-1.44,-1.41,0.21,55,625.06,1207.67
657,2,657,859.67,33.58,33.70,1630.27,39.85,33.04,1.57,1471.33,38.42,-41.92,-31.86,-64.58,-25.20,-0.15,-4.75,10.14,138.38,-0.04,861.46,33.46,33.58,1581.27,40.07,33.04,1.58,1439.83,39.02,-42.76,-40.33,-56.98,-24.62,0.74,-3.66,10.76,140.06,-0.01,1025.82,31.59,31.70,1240.66,34.11,30.03,1.46,956.81,30.40,-42.72,-40.06,-68.59,-21.68,0.31,-2.02,5.13,166.24,-0.03,1024.63,31.56,31.77,1338.23,31.83,30.04,1.50,1047.00,28.23,-42.78,-35.44,-62.23,-22.10,1.01,-1.35,5.32,163.59,-0.05,-1.21,-1.22,-1.43,-1.40,0.21,55,596.70,1191.00
658,2,658,865.19,33.63,33.76,1676.58,39.27,33.03,1.56,1503.38,37.56,-35.65,-30.38,-64.59,-26.69,0.13,-4.64,10.36,134.83,-0.04,866.09,33.59,33.72,1653.61,39.58,33.05,1.57,1482.76,37.93,-40.74,-41.80,-56.33,-26.40,1.06,-3.54,10.94,134.47,-0.01,1036.48,31.54,31.66,1230.97,34.08,30.01,1.46,949.85,30.53,-42.61,-40.68,-68.67,-22.94,0.30,-2.03,5.59,160.84,-0.04,1036.23,31.49,31.71,1332.29,31.52,30.02,1.50,1043.19,28.18,-43.23,-35.76,-62.31,-23.52,0.98,-1.40,5.80,159.46,-0.05,-1.21,-1.22,-1.43,-1.41,0.21,55,582.57,1209.00
659,2,659,855.01,33.72,33.86,1697.06,39.65,33.03,1.56,1504.49,37.53,-35.36,-31.53,-64.93,-26.98,0.09,-4.68,10.18,133.96,-0.04,856.16,33.55,33.69,1648.80,39.39,33.04,1.58,1482.65,37.85,-41.91,-39.20,-56.77,-27.00,0.99,-3.60,10.95,136.60,-0.01,1025.01,31.57,31.68,1239.67,33.99,30.01,1.46,954.12,30.40,-42.25,-39.85,-68.43,-24.03,0.26,-2.01,5.18,165.10,-0.03,1023.77,31.52,31.73,1333.55,31.63,30.02,1.50,1045.35,28.15,-43.26,-35.20,-61.95,-24.41,0.96,-1.37,5.44,163.95,-0.05,-1.21,-1.22,-1.44,-1.41,0.21,55,598.72,1250.33
660,2,660,855.74,33.70,33.83,1669.83,40.01,33.03,1.56,1483.61,38.07,-36.37,-31.11,-64.23,-27.61,-0.02,-4.69,10.51,129.49,-0.04,856.97,33.54,33.67,1622.51,39.83,33.04,1.58,1463.03,38.42,-42.59,-39.38,-56.74,-27.70,0.89,-3.60,11.21,131.65,-0.02,1034.75,31.58,31.69,1231.16,34.30,30.00,1.45,946.30,30.58,-42.76,-40.44,-68.58,-24.23,0.22,-2.09,6.00,154.84,-0.03,1033.17,31.52,31.73,1322.34,31.96,30.03,1.49,1035.87,28.50,-42.91,-35.33,-62.23,-24.52,0.94,-1.44,6.19,152.72,-0.05,-1.21,-1.22,-1.44,-1.41,0.21,55,596.03,1208.00
661,2,661,852.35,33.54,33.67,1657.15,38.91,33.04,1.59,1505.71,37.58,-37.72,-30.49,-64.83,-27.13,0.07,-4.71,10.41,133.45,-0.04,853.05,33.50,33.64,1627.85,39.49,33.04,1.58,1475.60,38.05,-43.42,-40.12,-56.62,-26.97,0.98,-3.65,11.01,134.59,-0.01,1020.38,31.50,31.61,1231.53,33.68,30.01,1.46,956.39,30.33,-42.94,-40.08,-68.29,-23.69,0.29,-2.04,5.91,158.58,-0.03,1018.59,31.47,31.68,1332.75,31.31,30.04,1.50,1054.51,28.05,-43.90,-35.85,-62.11,-24.24,0.99,-1.37,5.99,156.26,-0.05,-1.21,-1.22,-1.44,-1.42,0.21,55,580.22,1210.67
662,2,662,865.61,33.65,33.77,1634.82,40.38,33.04,1.55,1461.69,38.72,-40.51,-31.45,-64.39,-25.79,0.23,-4.64,10.45,137.45,-0.04,866.89,33.49,33.60,1580.99,40.24,33.03,1.57,1430.92,39.12,-43.94,-41.54,-56.65,-25.06,1.13,-3.58,11.05,136.25,-0.01,1036.44,31.59,31.71,1242.26,34.12,30.01,1.46,954.90,30.36,-42.77,-39.82,-68.69,-21.70,0.33,-2.03,5.79,160.90,-0.04,1035.59,31.56,31.77,1346.67,31.64,30.03,1.49,1050.39,28.04,-43.47,-35.04,-62.21,-22.41,1.02,-1.39,5.90,161.58,-0.05,-1.21,-1.22,-1.43,-1.41,0.21,55,647.13,1236.33
663,2,663,866.88,33.65,33.78,1644.96,40.18,33.04,1.56,1468.74,38.46,-38.57,-32.69,-64.62,-26.22,-0.03,-4.71,10.22,137.01,-0.04,868.96,33.50,33.61,1599.65,39.86,33.04,1.58,1446.09,38.78,-43.32,-38.92,-57.12,-25.83,0.87,-3.64,10.97,139.09,-0.01,1031.51,31.57,31.68,1256.44,33.54,30.02,1.47,970.29,29.94,-42.79,-40.14,-68.70,-22.94,0.28,-1.98,5.34,162.64,-0.03,1030.46,31.56,31.75,1359.98,31.16,30.04,1.50,1069.10,27.62,-43.44,-35.58,-62.23,-23.49,1.00,-1.32,5.52,161.21,-0.05,-1.21,-1.22,-1.44,-1.42,0.21,55,613.97,1168.33
664,2,664,862.59,33.61,33.73,1618.36,40.44,33.04,1.54,1455.48,38.81,-40.71,-32.40,-64.03,-25.56,0.22,-4.74,10.79,134.07,-0.04,864.04,33.45,33.54,1572.81,39.94,33.04,1.57,1439.49,38.98,-43.19,-39.87,-56.25,-25.20,1.13,-3.66,11.27,132.32,-0.01,1037.04,31.54,31.65,1231.75,34.00,30.03,1.46,952.83,30.56,-43.18,-39.83,-68.83,-22.41,0.25,-2.11,5.91,158.87,-0.03,1036.70,31.51,31.72,1339.56,31.44,30.04,1.49,1049.95,28.14,-43.44,-35.98,-62.24,-22.93,0.95,-1.48,6.02,157.64,-0.04,-1.21,-1.22,-1.44,-1.41,0.21,55,635.47,1213.67
665,2,665,852.15,33.64,33.77,1668.13,39.56,33.04,1.57,1494.10,37.82,-35.87,-32.00,-64.32,-27.03,-0.06,-4.78,10.05,137.12,-0.04,854.20,33.51,33.66,1642.84,39.30,33.03,1.59,1482.94,37.82,-43.43,-38.54,-56.75,-26.94,0.83,-3.71,10.73,140.04,-0.01,1016.15,31.64,31.74,1240.85,34.45,30.03,1.46,952.14,30.56,-43.03,-39.25,-68.53,-23.54,0.24,-2.06,5.15,165.06,-0.03,1015.37,31.58,31.79,1320.71,32.41,30.03,1.48,1027.01,28.73,-43.31,-35.05,-62.00,-23.97,0.92,-1.44,5.46,163.53,-0.04,-1.21,-1.22,-1.43,-1.41,0.21,55,622.31,1170.00
666,2,666,851.06,33.63,33.75,1646.52,39.90,33.03,1.57,1474.83,38.24,-41.62,-31.45,-64.35,-27.04,-0.05,-4.73,10.45,133.06,-0.04,852.29,33.48,33.61,1598.74,39.90,33.03,1.59,1448.97,38.63,-43.38,-39.93,-56.55,-26.50,0.86,-3.64,11.08,132.23,-0.01,1023.23,31.63,31.75,1249.00,34.30,30.02,1.46,960.82,30.22,-43.13,-39.78,-69.09,-23.48,0.25,-2.06,5.97,156.07,-0.03,1022.18,31.57,31.80,1337.99,32.05,30.03,1.49,1045.69,28.18,-43.09,-34.26,-62.53,-23.90,0.95,-1.40,6.17,155.69,-0.05,-1.23,-1.24,-1.44,-1.42,0.20,55,600.90,1182.00
667,2,667,849.80,33.67,33.81,1683.88,39.47,33.03,1.57,1503.80,37.55,-37.74,-32.01,-64.65,-26.04,0.08,-4.71,10.12,136.07,-0.04,852.26,33.48,33.62,1626.62,39.35,33.04,1.60,1476.77,38.01,-44.16,-39.33,-56.97,-25.31,0.99,-3.63,10.77,136.48,-0.01,1015.66,31.56,31.68,1232.40,34.16,30.01,1.46,955.71,30.29,-42.89,-39.33,-68.17,-22.44,0.23,-2.04,5.59,162.16,-0.03,1014.53,31.48,31.70,1311.60,31.96,30.01,1.49,1034.14,28.40,-43.31,-34.79,-61.91,-22.99,0.92,-1.42,5.83,159.17,-0.05,-1.22,-1.23,-1.44,-1.41,0.20,55,601.03,1220.67
668,2,668,853.70,33.64,33.76,1640.47,40.12,33.03,1.56,1469.66,38.42,-39.66,-31.24,-64.35,-25.90,0.03,-4.66,10.03,137.54,-0.03,854.60,33.47,33.60,1584.76,40.15,33.04,1.58,1439.04,38.97,-43.23,-41.04,-56.60,-25.54,0.94,-3.57,10.66,136.72,-0.01,1027.56,31.62,31.75,1251.23,34.19,30.02,1.47,961.68,30.18,-42.59,-39.54,-68.21,-22.47,0.27,-2.05,5.18,164.48,-0.03,1025.88,31.56,31.78,1341.80,31.86,30.04,1.50,1050.07,28.12,-42.96,-35.01,-62.38,-23.44,0.98,-1.39,5.38,163.30,-0.05,-1.22,-1.22,-1.44,-1.41,0.20,55,582.00,1216.67
669,2,669,859.81,33.65,33.76,1636.40,40.22,33.04,1.56,1466.66,38.53,-40.35,-32.34,-64.34,-26.20,-0.14,-4.71,10.34,134.99,-0.03,863.22,33.45,33.57,1580.48,40.02,33.04,1.58,1437.78,39.01,-43.10,-39.68,-57.09,-25.98,0.74,-3.64,10.94,135.41,-0.01,1026.38,31.64,31.75,1241.37,34.47,30.01,1.46,955.63,30.34,-42.70,-39.57,-68.03,-22.80,0.28,-2.01,5.44,160.21,-0.03,1024.73,31.57,31.78,1328.01,32.19,30.02,1.49,1038.20,28.33,-42.67,-34.57,-61.83,-23.29,0.97,-1.38,5.68,160.72,-0.05,-1.23,-1.22,-1.44,-1.41,0.21,55,618.34,4656.00
670,2,670,851.01,33.62,33.74,1647.36,39.80,33.04,1.55,1481.07,38.15,-37.26,-31.36,-64.44,-26.76,0.13,-4.70,10.45,133.42,-0.04,851.50,33.50,33.64,1613.05,39.77,33.03,1.57,1459.11,38.39,-43.35,-39.25,-56.18,-26.75,1.03,-3.63,11.05,133.34,-0.02,1027.52,31.65,31.77,1259.74,34.16,30.03,1.45,968.66,30.04,-42.88,-39.65,-68.81,-23.22,0.27,-2.06,6.39,153.18,-0.04,1026.77,31.61,31.84,1355.59,31.91,30.01,1.48,1052.24,27.90,-43.04,-34.30,-62.59,-23.91,0.94,-1.44,6.53,152.54,-0.05,-1.23,-1.23,-1.44,-1.42,0.21,55,611.04,1251.00
