Header Section,,,,,,,,,,,,,,,,,,,,,,,,,,,,,,,,,,,,,,,,,,,,
Product,VC5276,,,,,,,,,,,,,,,,,,,,,,,,,,,,,,,,,,,,,,,,,,,
Test Plan,Rev(B),,,,,,,,,,,,,,,,,,,,,,,,,,,,,,,,,,,,,,,,,,,
Release Date,9/14/2012,,,,,,,,,,,,,,,,,,,,,,,,,,,,,,,,,,,,,,,,,,,
Comment,Dual Band,,,,,,,,,,,,,,,,,,,,,,,,,,,,,,,,,,,,,,,,,,,
,,,,,,,,,,,,,,,,,,,,,,,,,,,,,,,,,,,,,,,,,,,,
Data Section,,,,,,,,,,,,,,,,,,,,,,,,,,,,,,,,,,,,,,,,,,,,
Device#,1,2,3,4,5,6,7,8,9,10,11,12,13,14,15,16,17,18,19,20,21,22,23,24,25,26,27,28,29,30,31,32,33,34,35,36,37,38,39,40,41,42,43,44
Test Item,Site No,Device ID,GSM915 Idle Current,GSM915 Max Pout @ 0dBm Drive,GSM915 Max Pout,GSM915 Max Icc,GSM915 Max PAE,GSM915 Rated Pout,GSM915 Rated Vramp,GSM915 Rated Icc,GSM915 Rated PAE,GSM915 2nd har@33dBm,GSM915 3rd har@33dBm,GSM915 Fwd Isolation 1,GSM915 Fwd Isolation 2,GSM915 Pout Leakage@RX0,GSM915 Pout Leakage@RX1,GSM915 CMOS Pout,GSM915 Pout Slope,GSM915 Stress Delta,DCS1785 Idle Current,DCS1785 Max Pout @ 0dBm Drive,DCS1785 Max Pout,DCS1785 Max Icc,DCS1785 Max PAE,DCS1785 Rated Pout,DCS1785 Rated Vramp,DCS1785 Rated Icc,DCS1785 Rated PAE,DCS1785 2nd har@33dBm,DCS1785 3rd har@33dBm,DCS1785 Fwd Isolation 1,DCS1785 Fwd Isolation 2,DCS1785 Pout Leakage@RX0,DCS1785 Pout Leakage@RX1,DCS1785 CMOS Pout,DCS1785 Pout Slope,DCS1785 Stress Delta,Insertion Loss Rx0 960MHz,Insertion Loss Rx1 1805MHz,Leakage Current,Leakage Current Delay Time,Test Time,Index Time
Low Tolerance,,,60,0.3,0.3,60,,,,60,,2,2,3,2,3,3,1,,,60,0.3,0.3,60,,,,60,,3,3,3,2,3,3,1,,,0.3,0.3,5,,,
High Tolerance,,,60,0.3,0.3,60,,,,60,,2,2,3,2,3,3,1,,,60,0.3,0.3,60,,,,60,,3,3,3,2,3,3,1,,,0.3,0.3,5,,,
Enable,,,1,1,1,1,0,0,0,1,0,1,1,1,1,1,1,1,0,0,1,1,1,1,0,0,0,1,0,1,1,1,1,1,1,1,0,0,1,1,1,0,0,0
251,1,251,822.1466667,33.58366667,33.77766667,1644.742,40.95433333,33.02566667,1.561666667,1420.706333,38.896,-36.57633333,-37.889,-47.35533333,-22.649,1.864666667,-3.237333333,10.77666667,129.985,0.006333333,612.2823333,30.671,31.148,1108.740333,34.38333333,30.02133333,1.529333333,935.837,31.296,-36.48633333,-33.199,-73.156,-23.27233333,1.626333333,-1.324333333,5.553333333,152.3893333,-0.025666667,-1.374666667,-1.832,3.767,55,0,0
252,1,252,812.0933333,33.733,33.994,1816.207,38.99633333,33.02166667,1.581,1548.618,35.75966667,-36.934,-40.69933333,-50.46033333,-22.18666667,2.102333333,-3.182333333,9.662333333,136.2616667,0,612.0426667,30.88666667,31.233,1117.302667,34.778,30.028,1.517666667,932.773,31.44966667,-38.32533333,-33.22433333,-72.31733333,-21.21,1.618,-1.370666667,5.152,161.1843333,-0.032666667,-1.402,-1.828333333,4.204333333,55,0,0
253,1,253,817.5023333,33.498,33.64633333,1584.146333,41.247,33.03233333,1.548666667,1389.940667,39.788,-32.46566667,-38.81433333,-47.41833333,-19.932,1.779,-3.196,10.07666667,142.646,0.012333333,614.4696667,30.87966667,31.23533333,1127.078667,34.487,30.01166667,1.515666667,940.1296667,31.079,-36.81066667,-35.71866667,-72.17766667,-19.008,1.722,-1.279666667,4.644,175.47,-0.030333333,-1.359,-1.830333333,3.45,55,0,0
254,1,254,811.3443333,33.349,33.56166667,1553.889333,41.23333333,33.03433333,1.573,1387.745667,39.861,-32.61233333,-37.86066667,-48.3,-21.28433333,1.825333333,-3.258333333,9.98,139.3906667,0.004333333,607.9296667,30.79266667,31.17933333,1137.154,33.73,30.02533333,1.533666667,957.8013333,30.58833333,-36.78833333,-33.83366667,-72.70033333,-20.58166667,1.697333333,-1.354666667,4.980333333,162.6546667,-0.034333333,-1.366333333,-1.835333333,1.711333333,55,0,0
255,1,255,811.9213333,33.69166667,33.94633333,1718.687333,40.75266667,33.022,1.564333333,1462.567333,37.792,-37.75133333,-40.25366667,-49.302,-20.29366667,2.132333333,-3.193333333,8.928333333,154.802,0.011,603.2176667,30.85233333,31.19566667,1112.044,34.651,30.03366667,1.524,932.9833333,31.48133333,-35.886,-34.00666667,-72.39066667,-19.09066667,1.848,-1.278666667,4.016,187.8013333,-0.029333333,-1.377666667,-1.821,2.445333333,55,0,0
256,1,256,825.48,33.738,33.92266667,1690.288333,41.208,33.028,1.552,1433.681333,38.579,-39.15633333,-40.15633333,-48.472,-21.64466667,1.982333333,-3.294666667,10.20933333,135.1013333,0.009333333,620.3653333,30.82966667,31.17766667,1122.464333,34.17533333,30.01733333,1.528,941.83,31.065,-37.03366667,-35.4,-72.33833333,-20.988,1.710666667,-1.408,5.132666667,161.1143333,-0.024666667,-1.384,-1.826,2.358666667,55,0,0
257,1,257,823.585,33.65666667,33.84366667,1655.154667,41.31966667,33.04266667,1.572,1423.163667,38.98166667,-37.43133333,-40.16333333,-47.09233333,-24.743,1.785,-3.149,11.11266667,121.99,0.007666667,612.6116667,30.80133333,31.171,1125.453,34.031,30.02433333,1.540333333,949.606,30.85466667,-36.17633333,-35.24366667,-72.26233333,-26.684,1.803666667,-1.243333333,6.159666667,134.1206667,-0.027333333,-1.349,-1.816,1.994333333,55,0,0
258,1,258,806.4226667,33.73866667,34.02566667,1803.569667,39.56,33.03033333,1.584,1535.980333,36.11633333,-38.616,-40.02933333,-49.66366667,-22.23133333,1.896,-3.279,9.749,137.078,-0.001,599.4796667,30.68166667,31.00233333,1067.022333,34.59166667,30.009,1.533333333,911.2733333,32.066,-38.64066667,-34.48033333,-72.52766667,-21.27466667,1.612,-1.447333333,5.41,157.528,-0.027333333,-1.397666667,-1.832,2.074333333,55,0,0
259,1,259,826.9333333,33.8,33.97666667,1709.727667,41.25266667,33.00666667,1.552666667,1441.427333,38.19033333,-39.32433333,-40.038,-48.37566667,-20.223,2.063333333,-3.222333333,8.115333333,172.3193333,0.009,616.125,31.00733333,31.313,1136.135333,34.81933333,30.029,1.519,940.377,31.194,-36.681,-32.22066667,-71.11566667,-18.95033333,2.032,-1.191,3.066666667,223.8373333,-0.022333333,-1.370333333,-1.822,2.061666667,55,0,0
260,1,260,800.3246667,33.745,33.93433333,1748.546667,39.94866667,33.03366667,1.577333333,1490.561667,37.207,-39.30766667,-38.382,-49.097,-20.63133333,2.098666667,-3.199,8.603666667,155.2826667,0.006333333,596.446,30.74966667,31.10266667,1109.616667,33.99366667,30.01833333,1.537666667,938.9536667,31.16866667,-35.465,-34.34266667,-70.54,-19.42933333,1.968,-1.198666667,3.879666667,193.4666667,-0.026,-1.369,-1.825,2.709,55,0,0
261,1,261,756.3966667,33.568,33.79166667,1674.849,40.357,33.012,1.559,1453.390667,37.933,-38.17866667,-38.24566667,-47.80366667,-21.96633333,2.039,-3.249,10.044,140.37,0.044333333,588.9026667,30.93933333,31.27033333,1139.049667,34.38966667,30.01666667,1.518,949.0066667,30.818,-37.03533333,-32.927,-73.218,-21.336,1.651333333,-1.381666667,5.209333333,157.9633333,-0.016333333,-1.391666667,-1.844333333,1.913,55,0,0
262,1,262,806.8046667,33.70033333,33.88066667,1725.511667,39.98266667,33,1.55,1472.822667,37.34633333,-37.31666667,-38.70166667,-48.53733333,-20.62366667,1.777666667,-3.436,9.388666667,152.2956667,0.008666667,605.5026667,30.93833333,31.26066667,1130.502,34.579,30.02133333,1.508666667,941.3206667,31.10866667,-38.27166667,-34.03133333,-72.55433333,-19.37833333,1.594666667,-1.535333333,4.503333333,195.9953333,-0.029,-1.395,-1.831666667,2.113,55,0,0
263,1,263,813.1046667,33.80266667,33.99766667,1824.799667,38.84966667,33.03633333,1.569333333,1551.584333,35.81466667,-34.852,-38.58133333,-48.81333333,-20.644,2.174333333,-3.189666667,8.95,153.7466667,0.007333333,607.638,30.919,31.24833333,1112.605667,35.055,30.01533333,1.509333333,927.065,31.55333333,-37.10466667,-33.437,-71.552,-18.879,1.792,-1.290333333,4.252,193.9083333,-0.029,-1.363,-1.809,2.577333333,55,0,0
264,1,264,792.7886667,33.68866667,33.90066667,1732.126333,40.01666667,33.01766667,1.565,1482.584,37.25933333,-36.77033333,-39.87766667,-48.61466667,-22.89033333,2.295,-3.211,10.18733333,132.6503333,0.061,606.237,30.87633333,31.213,1115.737333,34.67233333,30.028,1.524,936.4813333,31.32166667,-36.27033333,-32.00966667,-70.52,-22.51266667,2.079333333,-1.189333333,5.526333333,151.5763333,-0.019666667,-1.369,-1.814666667,2.177333333,55,0,0
265,1,265,768.42,33.36166667,33.56833333,1531.011333,41.90733333,33.032,1.56,1366.171333,40.448,-32.14566667,-38.072,-48.676,-23.94033333,1.858666667,-3.278333333,11.173,125.2733333,0.004666667,578.0476667,30.91566667,31.267,1125.595333,34.78533333,30.01066667,1.523,937.298,31.16733333,-36.27633333,-31.27766667,-70.074,-24.474,2.003666667,-1.199,6.103666667,140.336,-0.033,-1.355333333,-1.835333333,2.753666667,55,0,0
266,1,266,811.292,33.627,33.81766667,1654.555667,41.08666667,33.01866667,1.565666667,1425.973,38.69666667,-34.80666667,-39.74833333,-47.29733333,-22.28933333,1.832,-3.193333333,10.005,139.2773333,0.008,605.9896667,30.806,31.14466667,1127.633,33.75933333,30.024,1.536,951.3063333,30.794,-37.74133333,-34.28833333,-73.043,-21.80833333,1.702666667,-1.338,5.123333333,157.275,-0.026,-1.350666667,-1.807333333,2.722666667,55,0,0
267,1,267,811.629,33.39166667,33.59,1561.522667,41.302,33.03133333,1.560333333,1380.958667,40.028,-32.445,-38.87333333,-47.61133333,-22.79066667,2.080666667,-3.197,11.07366667,127.0573333,0.012333333,605.353,31.10733333,31.46366667,1166.924,35.06733333,30.03266667,1.504666667,955.0443333,30.73233333,-37.33733333,-36.002,-73.338,-22.72933333,1.732333333,-1.282,6.166333333,146.725,-0.033,-1.356333333,-1.824333333,2.995333333,55,0,0
268,1,268,806.767,33.34233333,33.561,1549.634333,41.335,33.02266667,1.566333333,1379.310667,39.99333333,-32.51366667,-38.11333333,-48.13066667,-20.30266667,1.805333333,-3.255666667,8.651333333,162.436,0.01,602.7536667,30.86433333,31.24533333,1148.810333,33.892,30.014,1.528,959.3746667,30.462,-36.92433333,-35.06233333,-72.812,-19.65733333,1.586,-1.383,3.495666667,197.7683333,-0.032,-1.362,-1.825666667,2.266333333,55,0,0
269,1,269,810.655,33.73466667,33.963,1739.085667,40.43266667,33.02733333,1.577666667,1485.647667,37.267,-38.73,-41.00333333,-48.59033333,-23.19833333,1.808333333,-3.167,10.27266667,130.8663333,0.013666667,607.6526667,30.84766667,31.16933333,1117.834667,34.25766667,30.02333333,1.536333333,941.0213333,31.134,-37.948,-33.26766667,-72.70866667,-23.15666667,1.678,-1.321666667,5.627666667,149.756,-0.024666667,-1.373333333,-1.807666667,2.059333333,55,0,0
270,1,270,822.0713333,33.661,33.88733333,1771.057667,39.01866667,33.014,1.589666667,1518.916,36.367,-39.36133333,-41.25733333,-50.09933333,-25.48333333,1.787333333,-3.193666667,10.44,125.6853333,0.013,611.3606667,30.70433333,31.06833333,1117.250333,33.48666667,30.013,1.547333333,949.7933333,30.766,-36.31466667,-34.16966667,-72.864,-26.52266667,1.816,-1.285666667,5.85,140.274,-0.026666667,-1.363,-1.805,1.905,55,0,0
271,1,271,812.2503333,33.64566667,33.861,1688.542667,40.66866667,33.00833333,1.556666667,1449.592667,37.996,-37.74966667,-39.332,-47.46766667,-23.50433333,1.715333333,-3.155,10.29766667,134.0866667,0.013333333,616.8593333,30.84333333,31.23066667,1146.008667,33.85966667,30.02366667,1.525,957.5986667,30.58333333,-36.968,-35.716,-73.70666667,-23.44866667,1.749666667,-1.265666667,5.339333333,148.1753333,-0.027333333,-1.354,-1.81,3.079,55,0,0
272,1,272,808.67,33.781,34.03933333,1760.450333,40.65033333,33.04233333,1.564333333,1491.356,37.26,-38.574,-38.606,-48.131,-20.43166667,2.231333333,-3.125,7.611666667,181.376,0.013333333,605.0683333,30.90466667,31.23433333,1117.684667,34.77866667,30.024,1.525,932.706,31.422,-36.03433333,-33.77633333,-69.87,-19.21333333,1.973666667,-1.148666667,2.467,236.2176667,-0.029333333,-1.356,-1.809666667,4.883333333,55,0,0
273,1,273,849.5266667,33.83066667,33.955,1816.177,38.65033333,33.00966667,1.566333333,1532.4,36.02133333,-38.12766667,-37.674,-47.668,-23.15233333,2.022,-3.274,10.91533333,124.8396667,0.011,637.7296667,31.082,31.38966667,1172.872333,34.29333333,30.03333333,1.506333333,967.1126667,30.34833333,-34.95433333,-32.822,-69.97933333,-22.35533333,1.940666667,-1.195,6.064666667,151.7463333,-0.031,-1.357333333,-1.823,3.515333333,55,0,0
274,1,274,810.318,33.67966667,33.89333333,1709.75,40.46566667,33.03366667,1.569333333,1461.323667,37.92233333,-38.65766667,-38.80466667,-49.282,-25.16366667,1.857666667,-3.268333333,10.95566667,123.089,0.008333333,606.649,30.888,31.22866667,1114.298667,34.842,30.01566667,1.518333333,928.9603333,31.48866667,-37.01233333,-34.12366667,-71.00233333,-26.27733333,1.802333333,-1.294333333,6.405,136.1246667,-0.032,-1.359333333,-1.812666667,3.262666667,55,0,0
275,1,275,782.2786667,33.73733333,33.99533333,1790.317667,39.58033333,33.02533333,1.570333333,1525.657333,36.30933333,-36.38666667,-39.882,-48.06366667,-21.329,2.08,-3.143666667,9.82,134.9103333,0.046,611.376,30.87566667,31.189,1102.208333,34.91966667,30.02066667,1.515,923.417,31.71866667,-37.738,-34.12666667,-70.60233333,-20.18666667,1.832333333,-1.219333333,5.199,162.4663333,-0.006,-1.373333333,-1.814666667,1.846,55,0,0
276,1,276,821.6373333,33.77166667,33.99666667,1771.252667,40.00566667,33.02066667,1.557666667,1501.521333,36.83233333,-38.55466667,-41.814,-48.11766667,-20.48433333,1.882333333,-3.150333333,9.31,145.711,0.021,614.515,30.767,31.08566667,1104.208333,34.032,30.024,1.523333333,936.811,31.27766667,-38.55166667,-35.23066667,-72.496,-19.22066667,1.753,-1.277666667,4.602333333,171.161,-0.027333333,-1.361,-1.806333333,2.596666667,55,0,0
277,1,277,819.1203333,33.83866667,34.00866667,1787.074,39.765,33.02333333,1.555333333,1504.555333,36.77966667,-38.947,-38.593,-49.17033333,-20.61066667,1.721,-3.224333333,8.863666667,156.284,0.008666667,609.5776667,30.813,31.13733333,1096.402,34.69233333,30.022,1.515666667,924.4356667,31.69433333,-35.37266667,-34.70233333,-71.05066667,-19.25433333,1.999,-1.188,4.078,193.302,-0.027,-1.368333333,-1.808,2.291,55,0,0
278,1,278,819.532,33.613,33.79933333,1651.948333,40.98,33.03333333,1.564666667,1430.543,38.70733333,-35.33433333,-40.536,-47.07266667,-21.90033333,1.958,-3.032333333,10.21566667,132.4946667,0.005,620.6576667,30.76433333,31.12733333,1137.042,33.335,30.02833333,1.543333333,961.839,30.48266667,-35.981,-35.33466667,-72.03733333,-21.53266667,1.987,-1.089,5.013,157.734,-0.023333333,-1.339666667,-1.814666667,3.696666667,55,0,0
279,1,279,791.208,33.60466667,33.85266667,1654.226,41.428,33.02266667,1.554,1423.785667,38.78766667,-38.744,-39.92533333,-48.52333333,-20.891,2.154666667,-3.137,10.058,136.4783333,0.013666667,589.906,30.919,31.28533333,1123.767333,34.99066667,30.02,1.517666667,934.414,31.334,-35.73333333,-34.29966667,-71.34966667,-19.97766667,1.896666667,-1.182,5.122333333,161.2243333,-0.023333333,-1.364333333,-1.815,2.717333333,55,0,0
280,1,280,856.441,33.80833333,33.933,1802.124,38.75266667,33.03466667,1.567333333,1521.110667,36.49033333,-38.13166667,-38.263,-49.438,-22.78833333,1.993,-3.233,10.44333333,129.586,0.009,643.2053333,30.99466667,31.307,1136.922333,34.74633333,30.03066667,1.508,941.0886667,31.18333333,-36.84733333,-33.729,-72.56066667,-21.89533333,1.754666667,-1.317333333,5.605666667,156.1113333,-0.032666667,-1.377333333,-1.828,3.137,55,0,0
281,1,281,778.571,33.65966667,33.85133333,1708.656333,40.10766667,33.01033333,1.548666667,1471.04,37.48,-37.65666667,-39.04833333,-47.298,-20.70633333,1.659666667,-3.267666667,9.144,166.7516667,0.041333333,599.1503333,30.894,31.20633333,1133.079,34.07,30.027,1.519333333,952.5423333,30.77766667,-36.71666667,-33.46166667,-70.02033333,-19.62766667,1.737333333,-1.308333333,3.819,229.4673333,-0.022,-1.393333333,-1.847,3.690666667,55,0,0
282,1,282,868.689,33.76066667,33.84066667,1798.071,38.025,33.044,1.572333333,1530.167333,36.36133333,-36.554,-37.03066667,-49.46566667,-22.943,2.093666667,-3.243,10.47033333,131.727,0.012666667,644.322,30.90633333,31.21666667,1118.666333,34.60933333,30.02733333,1.507333333,932.3466667,31.458,-36.04433333,-33.67733333,-71.23966667,-22.08533333,1.929666667,-1.245666667,5.816666667,155.637,-0.022,-1.370333333,-1.833,2.827666667,55,0,0
283,1,283,779.9713333,33.59266667,33.92033333,1725.893667,40.339,33.031,1.572,1486.876333,37.269,-39.083,-39.07033333,-48.14733333,-24.98366667,2.042,-3.037,10.79633333,121.3703333,0.007,586.3626667,30.816,31.20133333,1123.026,34.348,30.01866667,1.533,944.6543333,30.97933333,-34.29833333,-32.512,-70.56933333,-26.16366667,2.130333333,-1.011,6.195666667,136.506,-0.03,-1.348666667,-1.804666667,3.083666667,55,0,0
284,1,284,798.0476667,33.68166667,33.852,1674.864,40.91466667,33.01633333,1.555333333,1435.756667,38.42233333,-38.23233333,-39.42566667,-47.72,-20.13566667,2.034333333,-3.203666667,9.443666667,149.476,0.008333333,596.2136667,30.88233333,31.244,1132.142667,34.39733333,30.02733333,1.525,945.3886667,31.01633333,-36.74366667,-33.275,-72.31066667,-19.067,1.729666667,-1.286,4.484333333,185.7056667,-0.027333333,-1.369666667,-1.809333333,3.291333333,55,0,0
285,1,285,818.124,33.52133333,33.71766667,1613.938667,41.15766667,33.019,1.554666667,1399.274667,39.40766667,-36.99466667,-34.323,-47.98666667,-23.413,2.080666667,-3.205333333,10.77333333,131.622,0.008333333,607.548,30.86833333,31.20433333,1115.932,34.59366667,30.017,1.517666667,933.395,31.34733333,-36.318,-35.63166667,-72.01833333,-23.97033333,1.745333333,-1.291666667,5.728666667,147.3966667,-0.027333333,-1.361333333,-1.821,2.400333333,55,0,0
286,1,286,788.5713333,33.65233333,33.90433333,1718.822,40.35766667,33.02166667,1.562,1479.190333,37.38066667,-38.95866667,-39.17866667,-47.78733333,-20.60766667,2.206333333,-3.123333333,9.814333333,141.692,0.017333333,596.311,30.91833333,31.261,1146.630667,34.07833333,30.02266667,1.525,958.9926667,30.53466667,-36.43133333,-35.742,-71.72466667,-19.406,1.905666667,-1.161333333,4.970333333,179.1463333,-0.023333333,-1.360333333,-1.815,1.852333333,55,0,0
287,1,287,823.1653333,33.72166667,33.925,1748.989,39.85233333,33.021,1.584333333,1495.678333,36.97266667,-38.69366667,-39.523,-48.262,-24.55433333,2.033666667,-3.153,10.00433333,132.5536667,0.014,611.9,30.70733333,31.058,1107.399667,33.71633333,30.018,1.548333333,941.5306667,31.078,-35.51533333,-35.40166667,-71.485,-25.39333333,1.963666667,-1.173,5.229666667,147.5393333,-0.028666667,-1.356333333,-1.803,2.909666667,55,0,0
288,1,288,835.3683333,33.73933333,33.826,1772.346667,38.445,33.01966667,1.560333333,1508.735333,36.65333333,-38.137,-36.821,-48.81766667,-21.00033333,1.890666667,-3.274666667,10.22433333,137.719,0.021333333,626.3353333,30.92233333,31.25166667,1130.667,34.504,30.03766667,1.506,942.2646667,31.19433333,-35.43633333,-32.48066667,-71.09033333,-19.648,1.966,-1.174,5.381666667,164.4233333,-0.031666667,-1.370666667,-1.829,2.425666667,55,0,0
289,1,289,865.55,33.826,34.00466667,1790.849333,39.64533333,33.01033333,1.544666667,1497.865667,36.83266667,-37.85433333,-39.69233333,-48.29366667,-20.728,2.017666667,-3.305333333,8.181333333,175.6493333,0.008666667,642.4266667,30.911,31.258,1122.434333,34.81533333,30.024,1.505,931.762,31.453,-37.23333333,-34.53366667,-72.16966667,-19.38266667,1.688,-1.413333333,3.07,236.209,-0.025666667,-1.366666667,-1.804333333,3.631666667,55,0,0
290,1,290,820.6406667,33.75866667,33.961,1781.186,39.46233333,33.02933333,1.564,1516.646,36.551,-38.78833333,-39.418,-48.80033333,-20.696,2.098666667,-3.262666667,9.422,142.681,0.012666667,610.537,30.85633333,31.18266667,1106.163333,34.73933333,30.02066667,1.513,928.5856667,31.539,-36.18833333,-33.89466667,-70.67333333,-19.33333333,1.881333333,-1.285,4.825,173.0423333,-0.031,-1.359,-1.8,2.049,55,0,0
291,1,291,846.0956667,33.764,33.92666667,1790.692,38.945,33.03166667,1.572666667,1516.908,36.56433333,-37.76933333,-39.00333333,-49.11466667,-20.61866667,1.972666667,-3.135,7.683,183.1383333,0.009666667,635.0253333,30.89333333,31.20966667,1122.980667,34.41333333,30.016,1.52,935.8523333,31.25533333,-37.60366667,-33.81366667,-72.455,-19.065,1.788,-1.253666667,2.811333333,237.6933333,-0.025666667,-1.386666667,-1.824333333,3.140333333,55,0,0
292,1,292,764.5396667,33.347,33.644,1603.054,40.73866667,33.01433333,1.568333333,1410.451333,39.06433333,-37.28066667,-37.533,-48.40966667,-20.518,2.217333333,-3.211,10.05933333,136.5573333,0.009,575.1036667,30.88266667,31.30133333,1119.408,35.26233333,30.02033333,1.513666667,930.6083333,31.46666667,-33.86033333,-33.768,-70.46233333,-19.65266667,2.002,-1.107666667,5.340333333,159.6206667,-0.028,-1.341,-1.808666667,2.225333333,55,0,0
293,1,293,798.025,33.71933333,33.97533333,1736.471333,40.60366667,33.01466667,1.571333333,1480.643333,37.28366667,-38.534,-40.434,-47.56033333,-20.836,2.193666667,-3.126666667,9.915666667,137.2233333,0.011,591.2096667,30.93933333,31.30133333,1137.528667,34.68266667,30.038,1.523666667,947.3136667,31.027,-36.09866667,-33.84333333,-72.829,-19.47766667,1.857,-1.192,5.146,162.264,-0.026333333,-1.353333333,-1.789,2.139,55,0,0
294,1,294,813.0373333,33.57233333,33.77566667,1613.991,41.71,33.01833333,1.544,1394.338,39.53566667,-35.04466667,-39.133,-47.65833333,-20.287,2.219333333,-3.154666667,9.097333333,160.6113333,0.009333333,610.3043333,30.94066667,31.27,1148.668333,34.08833333,30.01433333,1.520333333,954.8123333,30.612,-34.88366667,-32.93866667,-70.839,-19.362,2.130666667,-1.098666667,3.755666667,210.1193333,-0.028,-1.326666667,-1.8,2.998,55,0,0
295,1,295,781.7843333,33.68966667,33.95533333,1779.508,39.44633333,33.033,1.577333333,1527.403333,36.33133333,-39.081,-39.16333333,-49.01566667,-22.404,1.891333333,-3.196333333,10.07866667,135.502,0.004333333,588.1833333,30.75233333,31.092,1111.759333,33.841,30.01333333,1.530666667,942.2873333,31.02,-36.15866667,-33.76433333,-71.449,-21.38033333,1.949,-1.265666667,5.766,152.2173333,-0.03,-1.36,-1.809,1.475666667,55,0,0
296,1,296,804.0326667,33.71166667,33.938,1707.683,40.93633333,33.00466667,1.556666667,1447.877333,38.00766667,-38.85733333,-38.734,-47.839,-22.233,2.026666667,-3.147666667,9.897333333,139.659,0.008666667,596.1163333,30.96533333,31.32266667,1143.282333,34.67233333,30.019,1.517666667,945.066,30.96666667,-36.59866667,-32.98333333,-72.603,-21.54266667,1.773,-1.247,5.222333333,153.7703333,-0.028,-1.355666667,-1.815666667,3.519666667,55,0,0
297,1,297,814.558,33.70866667,33.874,1675.897667,41.09733333,33.01666667,1.554666667,1430.130333,38.568,-37.674,-38.15533333,-48.20566667,-20.28966667,1.768666667,-3.261333333,9.883,142.6776667,0.008,609.7503333,30.817,31.151,1122.756,33.958,30.025,1.53,946.9763333,30.94433333,-36.41566667,-33.489,-72.218,-19.427,1.836,-1.282333333,4.911333333,176.7176667,-0.024333333,-1.379,-1.829666667,2.971,55,0,0
298,1,298,817.5843333,33.406,33.63366667,1584.490667,41.11366667,33.02033333,1.562333333,1395.499,39.52433333,-32.27366667,-38.109,-47.271,-23.721,1.736333333,-3.237333333,11.192,119.7166667,0.008,616.492,30.96933333,31.35033333,1162.991333,34.28533333,30.02566667,1.524333333,962.1536667,30.45233333,-36.605,-35.11633333,-72.57866667,-24.26566667,1.647666667,-1.35,6.053666667,142.742,-0.028666667,-1.346333333,-1.804333333,1.767333333,55,0,0
299,1,299,812.7676667,33.67366667,33.83933333,1693.517333,40.34566667,33.013,1.560666667,1450.476667,38.01533333,-38.064,-37.78733333,-48.32866667,-20.48433333,1.946666667,-3.245333333,9.403666667,145.687,0.017666667,608.005,30.85266667,31.17166667,1123.228333,34.10766667,30.02,1.521,942.0096667,31.07866667,-35.496,-31.817,-71.11766667,-19.53033333,1.985,-1.157,4.454333333,169.5093333,-0.029333333,-1.352333333,-1.817666667,1.625666667,55,0,0
300,1,300,824.611,33.719,33.92033333,1717.136667,40.54566667,33.01966667,1.564666667,1462.889333,37.76266667,-37.95733333,-38.99233333,-48.011,-24.42733333,2.115666667,-3.117666667,10.876,122.528,0.009333333,615.9303333,30.855,31.19166667,1107.324333,34.775,30.021,1.525,929.4846667,31.51166667,-37.317,-35.228,-72.47433333,-25.45633333,1.686,-1.264333333,6.243333333,138.886,-0.025333333,-1.360333333,-1.808666667,1.985333333,55,0,0
301,1,301,774.5626667,33.531,33.849,1685.269333,40.63466667,33.023,1.583333333,1463.368667,37.779,-37.50333333,-39.65966667,-48.677,-22.008,1.970333333,-3.276333333,10.206,130.2503333,0.004,583.606,30.69566667,31.071,1111.819333,33.678,30.017,1.548666667,947.284,30.877,-37.98633333,-33.15333333,-72.667,-21.268,1.638666667,-1.429666667,5.471,154.3133333,-0.027666667,-1.372333333,-1.813,2.556,55,0,0
302,1,302,818.101,33.645,33.83133333,1664.976,40.96333333,33.006,1.545,1427.066667,38.55433333,-35.30533333,-38.36233333,-47.29533333,-20.343,1.725,-3.252333333,10.06,141.4636667,0.007666667,619.9306667,30.895,31.215,1121.602333,34.50133333,30.019,1.513,938.167,31.20066667,-36.82166667,-35.63366667,-72.60966667,-19.569,1.625333333,-1.360333333,5.054,178.882,-0.03,-1.345666667,-1.806666667,2.285,55,0,0
303,1,303,823.5473333,33.771,34.01033333,1770.226667,40.15466667,33.016,1.56,1491.423,37.03066667,-38.451,-39.60066667,-48.71366667,-20.595,1.856,-3.154666667,8.598,160.2173333,0.009333333,607.5926667,30.94866667,31.29266667,1131.558333,34.80333333,30.02133333,1.515666667,938.3016667,31.21033333,-35.72533333,-33.004,-71.67433333,-19.334,1.765,-1.236,3.666333333,206.4603333,-0.029666667,-1.367,-1.807666667,2.235333333,55,0,0
304,1,304,814.3633333,33.8,34.03,1749.573333,40.81533333,33.02166667,1.562666667,1478.853333,37.38433333,-37.83466667,-39.75633333,-49.14566667,-20.36066667,1.867666667,-3.127333333,9.043666667,152.6406667,0.01,609.458,31.016,31.33,1146.937667,34.61566667,30.02433333,1.519333333,947.2386667,30.932,-34.77633333,-32.78533333,-71.055,-18.88666667,2.065333333,-1.083,4.400666667,185.4143333,-0.030666667,-1.347,-1.793666667,1.289333333,55,0,0
305,1,305,805.9433333,33.75733333,34.011,1818.986333,39.09433333,33.04133333,1.577333333,1554.641333,35.782,-37.94266667,-40.27033333,-49.373,-22.09366667,2.066,-3.198666667,10.10033333,133.6203333,0.000666667,605.158,30.73433333,31.05466667,1100.455,33.90933333,30.01533333,1.530333333,936.2416667,31.239,-37.64466667,-33.06033333,-72.29333333,-20.92266667,1.785333333,-1.322666667,5.578,157.1173333,-0.028333333,-1.364,-1.797666667,2.291,55,0,0
