Header Section,,,,,,,,,,,,,,,,,,,,,,,,,,,,,,,
,,,,,,,,,,,,,,,,,,,,,,,,,,,,,,,
Data Section,,,,,,,,,,,,,,,,,,,,,,,,,,,,,,,
Device#,1,2,3,4,5,6,7,8,9,10,11,12,13,14,15,16,17,18,19,20,21,22,23,24,25,26,27,28,29,30,31
Test Item,I_GSM_IDEL,I_DCS_IDEL,RF_GSM_MAX_0dBm,RF_GSM_MAX_3dBm,ICC_GSM,RF_GSM_PAE,RF_GSM_P2H,RF_GSM_P3H,RF_GSM_FWD_ISO01,RF_GSM_FWD_ISO02,RF_GSM_CMOS_OUT,RF_GSM_SLOPE_OUT,RF_GSM_STRESS_DETAL,RF_DCS_MAX_0dBm,RF_DCS_MAX_3dBm,ICCDCS,RF_DCS_PAE,RF_DCS_P2H,RF_DCS_P3H,RF_DCS_FWD_ISO01,RF_DCS_FWD_ISO02,RF_DCS_CMOS_OUT,RF_DCS_SLOPE_OUT,RF_DCS_STRESS_DETAL,RF_LB_TX_RXLB,RF_LB_TX_RXHB,RF_HB_TX_RXLB,RF_HB_TX_RXHB,RF_RX_LB_IL,RF_RX_HB_IL,Leakage
Lower Tolerance,60,60,0.2,0.2,60,,1.5,1.5,3,2,1.5,,,0.2,0.2,60,,3,3,3,2,1.5,,,0.5,0.5,0.5,0.5,0.3,0.3,5
Upper Tolerance,60,60,0.2,0.2,60,,1.5,1.5,3,2,1.5,,,0.2,0.2,60,,3,3,3,2,1.5,,,0.5,0.5,0.5,0.5,0.3,0.3,5
Enable,1,1,1,1,1,0,1,1,1,1,1,0,0,1,1,1,0,1,1,1,1,1,0,0,0,0,0,0,1,1,1
1,866.196,637.074,33.343,33.855,1616.132,42.945,-37.598,-38.389,-50.234,-22.031,10.292,123.424,-0.009,31.068,31.347,959.329,40.611,-37.49,-44.059,-61.397,-19.042,6.023,177.558,-0.009,-3.496,2.235,0.867,2.774,-1.527,-1.705,0.917
2,861.649,632.787,33.217,33.765,1640.367,41.444,-40.323,-39.112,-51.677,-22.568,8.126,178.13,-0.002,30.803,31.091,912.119,40.271,-36.086,-40.678,-60.063,-19.03,3.867,253.732,0.002,-3.661,1.66,0.567,2.482,-1.542,-1.709,5.423
3,892.503,655.511,33.251,33.749,1613.018,41.992,-37.753,-38.012,-50.5,-22.33,7.293,196.809,-0.003,30.891,31.15,944.966,39.403,-36.018,-41.541,-61.927,-19.217,2.853,269.156,-0.014,-3.618,2.062,0.713,2.576,-1.518,-1.708,4.458
4,866.295,641.68,33.29,33.818,1633.572,42.129,-38.568,-37.971,-51.258,-23.16,10.574,113.998,-0.002,30.862,31.126,954.592,38.785,-35.944,-39.026,-61.15,-21.337,6.291,167.26,-0.012,-3.644,1.65,0.641,2.53,-1.535,-1.691,3.331
5,872.546,639.2,33.243,33.77,1590.31,42.802,-39.14,-38.131,-50.928,-21.977,9.726,129.286,-0.015,30.888,31.177,920.794,40.691,-37.614,-41.077,-60.428,-19.161,5.151,181.706,-0.015,-3.605,1.824,0.756,2.608,-1.532,-1.687,0.434
6,886.245,644.81,33.278,33.795,1636,41.849,-39.473,-38.76,-51.833,-22.378,10.205,124.518,-0.005,30.879,31.149,912.816,40.777,-36.613,-42.074,-60.204,-18.868,6.276,182.527,-0.013,-3.622,1.739,0.693,2.512,-1.524,-1.695,-1.015
7,877.377,642.939,33.277,33.796,1580.501,43.32,-38.638,-38.487,-51.216,-21.93,9.877,127.375,-0.034,30.889,31.184,905.396,41.448,-36.451,-42.024,-60.896,-18.756,5.695,180.484,-0.01,-3.564,2.071,0.671,2.568,-1.525,-1.702,8.481
8,876.802,643.747,33.287,33.839,1636.255,42.261,-40.064,-38.542,-51.589,-24.255,10.289,116.72,-0.005,30.846,31.105,918.381,40.126,-36.382,-39.357,-60.844,-22.051,6.293,160.349,0.007,-3.611,1.842,0.647,2.569,-1.533,-1.697,-1.981
9,865.94,645.714,33.279,33.807,1635.533,41.973,-40.219,-38.526,-51.114,-23.027,10.168,118.627,-0.002,30.771,31.037,889.501,40.781,-35.468,-40.569,-59.685,-20.763,6.063,171.582,-0.002,-3.492,2.035,0.604,2.422,-1.525,-1.698,5.101
10,873.256,640.621,33.327,33.862,1617.869,42.967,-39.791,-38.434,-51.516,-22.322,9.678,133.805,0,30.857,31.129,912.188,40.618,-35.769,-40.498,-59.699,-18.684,5.544,198.393,-0.019,-3.498,2.148,0.577,2.514,-1.534,-1.708,-0.049
11,864.582,637.301,33.257,33.817,1651.582,41.657,-40.741,-38.432,-51.616,-22.385,9.917,125.387,0.002,30.852,31.139,904.032,41.08,-36.636,-41.072,-61.213,-19.286,6.147,185.449,-0.025,-3.469,2.019,0.745,2.503,-1.525,-1.707,0.756
12,868.359,633.815,33.27,33.811,1604.577,42.824,-40.088,-38.093,-52.087,-21.926,9.882,123.517,-0.035,30.742,31.035,903.329,40.136,-35.935,-40.119,-59.695,-19.517,5.699,171.121,-0.006,-3.525,1.952,0.597,2.513,-1.519,-1.699,4.779
13,866.099,639.171,33.392,33.891,1620.776,43.178,-38.541,-38.826,-51.239,-22.081,9.955,133.575,-0.011,30.875,31.157,927.483,40.212,-36.317,-41.204,-60.824,-18.808,5.789,194.605,-0.005,-3.47,2.241,0.659,2.578,-1.541,-1.701,6.711
14,870.389,637.072,33.204,33.72,1563.41,43.042,-36.377,-37.629,-50.386,-21.969,10.086,126.28,-0.009,30.932,31.201,924.816,40.736,-37.014,-41.746,-61.732,-18.682,5.75,182.52,-0.007,-3.714,1.873,0.721,2.618,-1.542,-1.71,5.262
15,862.035,633.143,33.239,33.797,1605.074,42.673,-38.731,-37.644,-50.896,-22.008,9.456,131.042,-0.013,30.881,31.179,933.111,40.174,-35.781,-39.405,-60.306,-18.652,5.318,185.425,0.005,-3.542,1.96,0.772,2.587,-1.529,-1.695,3.814
16,866.937,631.594,33.214,33.802,1654.033,41.459,-41.189,-38.545,-51.001,-24.862,11.027,105.853,-0.003,30.686,30.988,906.817,39.56,-35.674,-44.615,-60.237,-22.474,6.939,160.536,0.002,-3.513,2.263,0.562,2.846,-1.53,-1.731,3.492
17,864.259,638.494,33.284,33.83,1655.081,41.695,-39.21,-37.692,-51.295,-22.188,10.224,120.041,-0.005,30.995,31.269,933.719,40.983,-38.06,-41.268,-60.063,-19.429,6.014,179.904,-0.025,-3.503,2.168,0.8,2.681,-1.545,-1.697,2.365
18,867.131,641.619,33.204,33.78,1675.709,40.709,-39.788,-40.166,-51.833,-22.247,9.643,123.979,-0.009,30.819,31.122,950.683,38.914,-41.66,-32.642,-58.623,-19.684,5.657,175.263,0,-3.651,1.766,0.972,2.457,-1.602,-1.714,3.492
19,865.291,620.44,33.264,33.783,1632.608,41.818,-39.469,-38.625,-51.485,-21.821,9.768,123.499,-0.001,30.752,31.047,893.455,40.697,-38.638,-41.448,-59.784,-18.779,5.688,176.76,-0.012,-3.582,1.991,0.641,2.467,-1.519,-1.698,4.779
20,868.967,640.137,33.251,33.8,1636.988,41.866,-39.604,-38.083,-51.014,-22.146,10.136,122.401,-0.004,30.847,31.13,925.819,40.034,-35.984,-40.48,-60.702,-19.628,6.084,175.717,-0.011,-3.602,1.836,0.633,2.513,-1.537,-1.727,1.238
21,876.577,639.009,33.319,33.829,1626.167,42.426,-38.495,-37.583,-50.758,-21.691,9.624,130.413,-0.002,30.831,31.105,903.779,40.773,-37.143,-41.537,-60.634,-18.958,5.53,177.983,-0.005,-3.465,2.134,0.678,2.537,-1.525,-1.698,3.009
22,870.451,640.523,33.26,33.814,1640.511,41.91,-39.759,-38.192,-51.272,-23.859,10.349,114.732,-0.003,30.95,31.198,931.343,40.426,-37.492,-40.564,-59.941,-21.546,6.207,164.259,-0.004,-3.509,1.755,0.808,2.634,-1.52,-1.7,1.56
23,859.842,635.429,33.237,33.827,1647.513,41.857,-38.654,-37.825,-50.554,-22.128,9.43,130.658,-0.01,30.903,31.204,939.496,40.123,-37.667,-41.245,-60.866,-19.085,5.503,185.436,-0.016,-3.452,2.087,0.82,2.658,-1.524,-1.707,2.848
24,860.78,637.012,33.264,33.812,1613.58,42.589,-39.143,-38.118,-51.31,-22.43,8.879,156.103,-0.007,30.973,31.278,931.993,41.143,-37.782,-41.374,-60.034,-18.907,4.797,228,0,-3.546,1.807,0.804,2.646,-1.504,-1.686,3.17
25,864.65,638.332,33.318,33.858,1645.243,42.216,-39.667,-38.328,-50.986,-24.509,10.107,123.227,-0.003,30.827,31.116,909.16,40.633,-37.14,-40.169,-60.634,-22.346,6.248,161.93,-0.007,-3.48,2.726,0.469,3.534,-1.519,-1.72,4.297
26,870.293,635.462,33.26,33.801,1646.856,41.627,-39.012,-38.857,-50.962,-22.333,10.14,124.731,-0.006,30.864,31.155,930.955,40.043,-36.897,-41.94,-60.808,-19.793,5.873,179.919,0.002,-3.462,1.938,0.748,2.59,-1.514,-1.69,2.043
27,867.745,638.332,33.319,33.854,1660.618,41.792,-39.001,-37.87,-50.495,-22.359,8.474,165.763,-0.001,30.973,31.237,918.403,41.366,-37.83,-41.202,-60.861,-18.664,4.159,236.309,-0.011,-3.39,2.188,0.831,2.687,-1.518,-1.701,3.975
28,881.254,651.742,33.238,33.727,1608.611,41.893,-38.986,-38.184,-51.246,-22.435,10.277,124.7,-0.004,30.876,31.114,920.835,40.096,-38.665,-40.845,-60.696,-19.296,6.335,176.086,-0.007,-3.632,1.612,0.686,2.552,-1.536,-1.7,2.043
29,861.877,628.437,33.259,33.791,1581.31,43.255,-38.142,-38.036,-51.581,-23.941,10.775,111.264,-0.01,30.97,31.258,944.951,40.398,-37.162,-40.848,-60.682,-22.454,6.281,161.731,-0.011,-3.478,1.95,0.869,2.712,-1.513,-1.687,3.331
30,877.482,643.975,33.283,33.809,1600.372,42.917,-39.779,-38.348,-51.9,-22.037,9.954,121.975,-0.004,30.845,31.126,916.543,40.395,-36.032,-40.582,-61.121,-19.583,5.97,172.902,0.006,-3.587,1.99,0.668,2.548,-1.503,-1.672,0.112
