Header Section,,,,,,,,,,,,,,,,,,,,,,,,,,,,,,,,,,,,,,,,,,
Product,VC5268,,,,,,,,,,,,,,,,,,,,,,,,,,,,,,,,,,,,,,,,,
Test Plan,Rev(H),,,,,,,,,,,,,,,,,,,,,,,,,,,,,,,,,,,,,,,,,
Release Date,9/26/2012,,,,,,,,,,,,,,,,,,,,,,,,,,,,,,,,,,,,,,,,,
Comment,Dual Band," 501~588 is correlation golden in Sigurd, 600~629 is generated in Goodark (5268Q), 590~599 & 800~812 is generated in Gerad. 1~30 is valid for Acetech",,,,,,,,,,,,,,,,,,,,,,,,,,,,,,,,,,,,,,,,
,,,,,,,,,,,,,,,,,,,,,,,,,,,,,,,,,,,,,,,,,,
Data Section,,,,,,,,,,,,,,,,,,,,,,,,,,,,,,,,,,,,,,,,,,
Device#,1,2,3,4,5,6,7,8,9,10,11,12,13,14,15,16,17,18,19,20,21,22,23,24,25,26,27,28,29,30,31,32,33,34,35,36,37,38,39,40,41,42
Test Item,Site No,Device ID,GSM915 Idle Current,GSM915 Max Pout @ 0dBm Drive,GSM915 Max Pout,GSM915 Max Icc,GSM915 Max PAE,GSM915 Rated Pout,GSM915 Rated Vramp,GSM915 Rated Icc,GSM915 Rated PAE,GSM915 2nd har@33dBm,GSM915 3rd har@33dBm,GSM915 Fwd Isolation 1,GSM915 Fwd Isolation 2,GSM915 Pout Leakage@RX0,GSM915 Pout Leakage@RX1,GSM915 CMOS Pout,GSM915 Pout Slope,GSM915 Stress Delta,DCS1785 Idle Current,DCS1785 Max Pout @ 0dBm Drive,DCS1785 Max Pout,DCS1785 Max Icc,DCS1785 Max PAE,DCS1785 Rated Pout,DCS1785 Rated Vramp,DCS1785 Rated Icc,DCS1785 Rated PAE,DCS1785 2nd har@33dBm,DCS1785 3rd har@33dBm,DCS1785 Fwd Isolation 1,DCS1785 Fwd Isolation 2,DCS1785 Pout Leakage@RX0,DCS1785 Pout Leakage@RX1,DCS1785 CMOS Pout,DCS1785 Pout Slope,DCS1785 Stress Delta,Insertion Loss Rx0 960MHz,Insertion Loss Rx1 1805MHz,Leakage Current,Leakage Current Delay Time
Low Tolerance,,,60,0.3,0.3,60,,,,60,,2,2,3,2,3,3,1,,,60,0.3,0.3,60,,,,60,,3,3,3,2,3,3,1,,,0.3,0.3,5,
High Tolerance,,,60,0.3,0.3,60,,,,60,,2,2,3,2,3,3,1,,,60,0.3,0.3,60,,,,60,,3,3,3,2,3,3,1,,,0.3,0.3,10,
Enable,,,1,1,1,1,0,0,0,1,0,1,1,1,1,1,1,1,0,0,1,1,1,1,0,0,0,1,0,1,1,1,1,1,1,1,0,0,1,1,1,0
1,1,1,790.122,33.532,33.714,1677.033,40.073,33.028,1.575,1514.846,37.875,-37.346,-37.302,-59.715,-31.317,-0.033,-4.139,11.603,108.328,0.001,622.981,31.063,31.298,1153.179,33.404,29.961,1.462,944.034,29.993,-40.26,-35.504,-63.042,-28.635,0.574,-1.323,7.498,115.26,0.002,-1.664,-1.715,13.686,35
2,1,2,774.273,33.458,33.632,1623.058,40.625,33.03,1.572,1478.683,38.824,-35.688,-36.763,-59.068,-31.175,-0.121,-4.278,11.727,108.121,-0.004,617.642,31.091,31.335,1168.611,33.247,29.96,1.462,954.097,29.67,-42.338,-33.756,-63.294,-28.591,0.606,-1.36,7.334,116.694,-0.002,-1.656,-1.722,13.583,35
3,1,3,781.367,33.48,33.665,1626.758,40.844,33,1.556,1467.566,38.844,-36.221,-36.287,-58.705,-30.876,-0.299,-4.359,11.761,110.034,0,615.737,31.143,31.383,1166.529,33.679,29.996,1.453,949.868,30.053,-40.43,-32.781,-63.277,-29.688,0.625,-1.435,7.629,115.116,-0.001,-1.659,-1.721,13.832,35
4,1,4,769.478,33.404,33.577,1623.013,40.112,32.977,1.538,1476.009,38.418,-38.21,-35.086,-58.965,-31.29,0.007,-3.764,11.721,107.976,-0.001,618.098,30.981,31.218,1156.637,32.701,29.975,1.462,961.083,29.558,-34.794,-33.675,-63.33,-28.924,0.54,-0.539,7.377,115.826,0.005,-1.668,-1.754,13.972,35
5,1,5,797.603,33.565,33.733,1702.121,39.649,33.005,1.575,1527.597,37.363,-37.217,-37.263,-58.669,-31.631,-0.026,-4.074,11.31,110.334,0,626.71,31.016,31.254,1146.648,33.258,30.037,1.481,952.425,30.252,-47.947,-35.329,-63.405,-28.359,0.562,-1.313,6.995,120.278,0.001,-1.652,-1.704,13.853,35
6,1,6,785.551,33.487,33.677,1615.279,41.243,32.98,1.562,1458.402,38.915,-36.361,-36.253,-58.706,-30.738,-0.225,-4.226,11.973,106.69,-0.004,619.606,31.117,31.366,1173.822,33.338,29.992,1.462,956.987,29.798,-38.2,-33.824,-63.509,-29.988,0.645,-1.329,7.507,115.757,-0.002,-1.661,-1.728,13.969,35
7,1,7,771.006,33.409,33.589,1621.434,40.265,32.982,1.575,1481.562,38.322,-37.504,-37.576,-59.365,-30.854,-0.196,-4.271,11.608,110.072,-0.002,615.326,31.048,31.297,1152.94,33.406,29.968,1.462,941.193,30.132,-35.907,-33.697,-63.007,-30.061,0.498,-1.414,7.353,117.334,-0.001,-1.666,-1.713,13.664,35
8,1,8,776.11,33.564,33.75,1637.655,41.366,33.002,1.552,1460.581,39.052,-36.981,-36.621,-59.125,-30.673,0.216,-4.204,11.799,109.851,-0.005,615.895,31.189,31.427,1183.578,33.53,30.025,1.459,965.088,29.776,-44.502,-30.694,-63.431,-29.619,0.723,-1.312,7.725,113.19,0,-1.661,-1.721,13.925,35
9,1,9,781.549,33.508,33.714,1692.495,39.7,32.979,1.575,1521.353,37.29,-37.316,-36.803,-59.55,-30.737,-0.182,-4.204,11.511,108.289,-0.003,614.205,31.177,31.428,1180.049,33.641,30.007,1.462,957.729,29.881,-42.1,-31.766,-63.493,-29.156,0.603,-1.282,7.255,118.326,-0.003,-1.669,-1.722,13.727,35
10,1,10,788.616,33.5,33.683,1702.182,39.198,32.998,1.584,1539.941,37.004,-37.343,-36.558,-59.141,-31.578,-0.186,-4.186,11.272,109.249,0,622.954,31.052,31.285,1158.63,33.149,30.025,1.478,956.672,30.036,-53.442,-33.234,-63.146,-28.158,0.52,-1.387,7.02,119.205,0.005,-1.673,-1.713,13.813,35
11,1,11,798.234,33.528,33.704,1626.409,41.222,33.037,1.557,1462.588,39.312,-35.325,-36.034,-58.513,-31.334,0.018,-4.268,11.431,114.724,-0.008,624.442,31.194,31.43,1179.628,33.67,30.004,1.456,957.004,29.883,-61.556,-32.29,-63.504,-28.503,0.678,-1.333,7.284,118.572,0.005,-1.668,-1.735,14.22,35
12,1,12,787.917,33.53,33.704,1659.064,40.404,33.026,1.563,1493.036,38.409,-37.251,-37.181,-59.555,-31.049,0.007,-4.233,11.623,109.096,-0.002,621.776,31.091,31.334,1169.035,33.229,29.97,1.462,953.725,29.754,-39.832,-33.238,-63.317,-29.659,0.558,-1.439,7.265,117.214,0.002,-1.67,-1.722,13.984,35
13,1,13,785.885,33.492,33.678,1628.912,40.906,32.959,1.556,1461.989,38.623,-37.793,-36.516,-59.889,-30.602,-0.036,-4.228,11.594,110.352,-0.004,618.051,31.079,31.32,1157.963,33.436,29.966,1.462,943.275,30.05,-43.583,-33.363,-63.049,-30.415,0.548,-1.374,7.261,118.679,0.002,-1.68,-1.729,13.762,35
14,1,14,784.715,33.509,33.686,1654.895,40.34,33.03,1.572,1498.607,38.305,-37.614,-36.205,-59.589,-31.279,-0.229,-4.18,11.411,111.856,0,625.427,31.116,31.358,1171.046,33.352,29.991,1.462,954.99,29.855,-44.185,-33.335,-63.205,-29.072,0.599,-1.325,7.344,117.317,0.002,-1.682,-1.731,13.968,35
15,1,15,761.03,33.397,33.593,1630.197,40.083,32.98,1.575,1486.718,38.165,-37.993,-36.688,-58.64,-30.7,-0.163,-4.33,11.706,108.95,0.001,606.115,31.096,31.343,1159.272,33.579,30.011,1.462,948.032,30.21,-60.034,-31.895,-63.642,-29.069,0.576,-1.381,7.625,115.015,-0.001,-1.668,-1.73,13.796,35
16,1,16,778.987,33.438,33.622,1599.095,41.136,33.007,1.562,1458.85,39.14,-35.779,-35.698,-58.986,-30.426,0.022,-4.255,11.918,106.58,0,616.653,30.933,31.168,1125.52,33.22,29.966,1.462,934.214,30.347,-47.275,-34.439,-63.286,-30.221,0.373,-1.496,7.625,114.314,0.004,-1.673,-1.727,13.908,35
17,1,17,777.07,33.485,33.672,1673.36,39.774,32.994,1.575,1512.131,37.648,-37.574,-36.776,-58.158,-30.154,-0.179,-4.255,11.675,107.308,-0.004,611.377,31.102,31.331,1161.718,33.418,29.976,1.462,948.148,29.969,-44.629,-32.326,-63.675,-29.398,0.566,-1.387,7.802,111.822,0.005,-1.663,-1.731,13.738,35
18,1,18,737.091,33.209,33.394,1625.482,38.398,33.019,1.556,1534.836,37.306,-36.883,-36.339,-59.151,-30.787,-0.299,-4.516,11.819,108.073,-0.002,589.14,30.959,31.196,1157.139,32.516,30.026,1.444,969.567,29.644,-45.866,-32.844,-63.479,-29.492,0.47,-1.445,7.73,114.785,0.003,-1.675,-1.737,13.492,35
19,1,19,772.149,33.492,33.702,1648.224,40.652,32.996,1.575,1482.824,38.41,-37.39,-37.394,-58.906,-30.679,0.024,-4.209,11.316,112.546,-0.006,608.611,31.061,31.307,1158.845,33.312,30.042,1.481,955.26,30.199,-37.973,-33.681,-63.494,-29.207,0.598,-1.378,7.095,119.517,0.004,-1.657,-1.727,13.769,35
20,1,20,788.789,33.557,33.695,1656.506,40.383,32.973,1.556,1485.908,38.13,-38.395,-37.981,-59.229,-31.339,-0.039,-4.183,11.535,110.467,-0.001,621.285,30.968,31.206,1139.064,33.111,30.004,1.472,947.686,30.179,-53.285,-35.022,-63.333,-28.932,0.486,-1.443,7.265,118.272,0.002,-1.657,-1.727,14.119,35
21,1,21,781.558,33.913,34.062,1712.585,42.503,32.97,1.444,1448.116,39.094,-42.126,-40.683,-56.568,-29.267,2.355,-1.986,12.534,115.722,-0.001,951.655,31.557,31.635,1211.005,38.985,30.012,1.35,854.217,32.774,-45.226,-38.13,-59.12,-25.104,2.96,1.273,7.686,145.176,-0.004,-1.484,-1.593,5.213,35
22,1,22,779.14,33.971,34.081,1613.001,45.331,33.005,1.444,1372.841,41.571,-41.262,-41.487,-57.615,-26.151,2.445,-2.237,12.605,115.599,-0.004,950.823,31.74,31.796,1221.102,40.131,30.002,1.35,877.072,32.591,-45.363,-37.104,-60.812,-22.126,3.044,1.344,7.56,143.654,-0.003,-1.517,-1.599,8.105,35
26,1,26,772.057,34.089,34.222,1699.71,44.441,33.027,1.462,1437.94,39.893,-41.455,-41.875,-57.145,-27.284,2.531,-2.163,12.243,118.045,-0.004,945.81,31.636,31.702,1175.03,41.312,29.98,1.341,849.43,34.286,-43.326,-35.562,-60.613,-22.82,3.016,1.298,7.477,147.213,-0.002,-1.474,-1.598,5.515,35
27,1,27,770.174,34.003,34.14,1629.951,45.474,32.979,1.444,1375.7,41.237,-41.094,-41.706,-57.819,-28.183,2.754,-2.179,13.115,108.115,0.001,944.963,31.741,31.886,1197.305,43.288,29.983,1.322,856.014,34.041,-42.753,-36.045,-61.197,-23.964,3.268,1.367,8,142.826,-0.002,-1.495,-1.589,7.154,35
30,1,30,800.019,34.043,34.144,1683.716,44.056,32.964,1.462,1417.356,39.884,-42.138,-40.318,-57.743,-27.136,2.243,-2.31,12.466,114.4,-0.004,956.875,31.637,31.696,1213.976,39.934,29.987,1.359,860.856,33.088,-41.372,-37.754,-60.349,-22.862,3.119,1.174,7.346,146.464,0,-1.509,-1.616,6.936,35
201,1,201,781.057,33.693,33.85,1592.044,43.551,33.041,1.538,1317.256,43.683,-42.106,-40.402,-56.173,-27.678,1.137,-2.664,11.335,114.348,-0.004,946.982,31.742,31.845,1180.727,37.009,29.994,1.388,868.81,32.839,-42.927,-37.196,-65.02,-24.398,1.765,-0.818,6.419,139.713,-0.008,-1.219,-1.252,4.672,35
202,1,202,795.331,33.7,33.849,1620.549,42.769,33.017,1.551,1340.616,42.692,-41.959,-40.051,-56.149,-28.75,1.196,-2.76,11.23,112.844,-0.004,958.95,31.804,31.897,1209.627,36.561,30.007,1.397,887.813,32.23,-42.882,-36.446,-65.634,-25.388,1.744,-0.893,6.221,139.687,-0.004,-1.234,-1.257,4.619,35
203,1,203,805.735,33.714,33.862,1631.23,42.623,33,1.547,1344.382,42.404,-41.453,-40.876,-56.086,-27.827,1.016,-2.735,11.018,116.985,-0.006,958.115,31.678,31.788,1182.692,36.466,29.991,1.399,870.632,32.747,-44.281,-35.306,-66.223,-24.601,1.655,-0.968,5.899,146.592,0,-1.229,-1.249,4.69,35
204,1,204,779.75,33.692,33.851,1637.034,42.358,33.044,1.556,1364.132,42.213,-41.797,-41.015,-56.889,-28.552,1.244,-2.718,11.161,114.879,-0.003,941.938,31.692,31.799,1177.933,36.707,30.009,1.397,866.219,33.056,-44.412,-36.636,-65.513,-25.554,1.692,-0.904,6.008,146.246,0,-1.219,-1.244,4.677,35
205,1,205,796.355,33.743,33.896,1610.823,43.505,33.026,1.538,1323.043,43.348,-42.019,-40.76,-56.153,-29.597,1.146,-2.557,11.326,114.223,-0.007,963.519,31.797,31.901,1204.538,36.748,30,1.388,879.037,32.501,-43.288,-36.461,-65.326,-26.411,1.821,-0.704,6.356,141.125,-0.006,-1.225,-1.245,4.658,35
206,1,206,780.457,33.673,33.837,1586.891,43.563,32.96,1.538,1302.671,43.362,-41.573,-40.365,-55.616,-28.589,1.221,-2.764,11.311,112.927,-0.007,941.466,31.947,32.036,1224.689,37.281,30.002,1.388,889.885,32.122,-41.126,-38.074,-64.339,-25.644,1.885,-0.692,6.415,136.829,-0.004,-1.233,-1.25,4.635,35
207,1,207,785.21,33.74,33.904,1618.119,43.382,32.984,1.542,1323.341,42.92,-42.031,-40.415,-55.324,-27.515,1.363,-2.751,11.11,113.977,-0.004,949.19,31.927,32.014,1224.643,37.095,29.979,1.388,888.835,31.99,-42.171,-37.118,-64.013,-24.471,1.842,-0.817,6.273,139.533,0,-1.246,-1.27,4.643,35
208,1,208,790.661,33.681,33.835,1651.17,41.847,33.01,1.556,1374.409,41.575,-42.513,-41.086,-55.616,-27.133,1.23,-2.747,10.97,116.083,-0.005,954.142,31.768,31.87,1187.102,37.017,29.998,1.388,869.792,32.832,-43.047,-36.206,-65.519,-24.072,1.732,-0.881,5.92,146.656,-0.002,-1.234,-1.254,4.673,35
209,1,209,809.776,33.756,33.902,1620.805,43.295,33.021,1.538,1326.315,43.186,-41.156,-40.612,-56.217,-24.987,1.258,-2.71,11.221,113.037,-0.008,974.075,31.746,31.846,1185.539,36.867,29.996,1.397,873.299,32.684,-43.632,-37.055,-65.715,-22.027,1.703,-0.897,6.185,140.096,-0.003,-1.231,-1.253,4.639,35
210,1,210,794.923,33.772,33.936,1645.183,42.984,32.99,1.538,1340.731,42.421,-42.374,-40.86,-56.319,-27.545,1.178,-2.788,11.023,117.089,-0.007,959.092,31.687,31.786,1163.699,37.042,29.982,1.392,855.819,33.249,-43.16,-37.195,-65.276,-24.186,1.639,-1.041,6.064,145.47,0,-1.236,-1.266,4.638,35
211,1,211,795.92,33.648,33.81,1560.89,44.012,33.009,1.538,1286.19,44.42,-40.758,-40.925,-56.503,-28.644,0.834,-2.79,11.057,118.865,-0.011,959.108,31.648,31.751,1184.229,36.111,30.001,1.406,878.1,32.543,-42.974,-34.865,-65.832,-25.3,1.67,-1.033,6.235,141.452,-0.005,-1.248,-1.262,4.629,35
212,1,212,805.06,33.697,33.858,1635.665,42.464,33.041,1.556,1359.835,42.316,-41.241,-41.226,-56.219,-28.086,1.001,-2.778,11.15,112.633,-0.007,963.626,31.772,31.866,1193.555,36.787,29.961,1.388,874.474,32.377,-42.466,-36.825,-65.485,-24.515,1.755,-0.903,6.482,136.359,-0.005,-1.245,-1.267,4.638,35
213,1,213,802.635,33.739,33.885,1637.75,42.681,33.008,1.549,1345.187,42.461,-40.953,-39.917,-56.413,-28.516,1.129,-2.623,10.936,119.423,-0.004,967.138,31.709,31.815,1189.294,36.488,30.009,1.397,874.373,32.742,-44.602,-36.448,-66.135,-25.175,1.639,-0.846,6.048,146.002,-0.002,-1.24,-1.256,4.682,35
214,1,214,806.711,33.735,33.884,1636.034,42.714,33.023,1.552,1348.696,42.495,-41.801,-40.989,-56.172,-29.674,1.386,-2.532,11.17,115.038,-0.006,967.201,31.744,31.85,1196.054,36.578,29.994,1.393,875.721,32.579,-43.856,-36.261,-65.879,-26.447,1.732,-0.741,6.28,141.223,-0.002,-1.237,-1.251,4.606,35
215,1,215,776.962,33.736,33.912,1671.435,42.072,33.04,1.556,1385.818,41.515,-41.979,-41.035,-58.003,-29.058,1.271,-2.604,11.239,113.422,-0.006,938.964,31.712,31.811,1174.008,36.929,29.971,1.39,861.235,32.954,-42.751,-35.999,-65.382,-25.597,1.658,-0.866,6.472,141.209,0.003,-1.235,-1.254,4.644,35
301,1,301,760.674,33.696,33.84,1659.475,41.988,33.015,1.519,1496.806,38.522,-42.914,-37.806,-55.245,-30.128,1.239,-3.351,12.874,127.374,-0.002,967.059,31.682,31.795,1156,37.8258,29.9618,1.425,891.6948,32.2066,-40.7962,-43.7742,-67.185,-26.8106,2.4448,-0.5142,16.0398,155.955,0,-1.35,-1.2854,3.5966,35
302,2,302,768.092,33.683,33.839,1675.666,41.577,32.965,1.519,1502.189,37.954,-43.822,-36.289,-56.576,-30.3,0.868,-3.566,12.636,129.235,-0.002,963.981,31.48,31.612,1122,37.3568,30.018,1.444,885.2886,32.8508,-42.7934,-47.8896,-68.3106,-26.766,2.2308,-0.8774,15.8486,157.6078,0.0004,-1.3802,-1.3234,3.6582,35
303,3,303,778.264,33.744,33.872,1698.901,41.32,33.007,1.53,1525.233,37.743,-41.029,-38.436,-55.934,-28.955,1.253,-3.323,12.276,134.741,-0.003,986.437,31.6,31.708,1155,37.0904,30.0142,1.444,901.9878,32.224,-41.0698,-42.1988,-67.3248,-25.1512,2.4224,-0.5994,15.5222,163.052,0.0024,-1.3586,-1.2892,3.6154,35
304,4,304,770.809,33.721,33.848,1687.208,41.381,32.976,1.519,1514.347,37.747,-43.697,-37.379,-55.456,-29.231,0.943,-3.377,12.873,127.02,-0.003,967.305,31.542,31.673,1140,37.2954,30.0302,1.444,898.1012,32.4804,-45.7488,-45.0162,-67.4328,-26.0256,2.2606,-0.661,15.6904,160.7892,-0.0004,-1.3528,-1.2932,3.6404,35
305,5,305,770.224,33.783,33.923,1704.109,41.681,33.012,1.517,1519.682,37.928,-45.449,-37.117,-55.82,-29.446,1.121,-3.412,12.684,128.177,0,979.117,31.614,31.75,1159,37.3448,30.0348,1.444,902.981,32.3396,-43.7302,-49.3936,-67.8914,-26.374,2.4206,-0.6942,15.7064,158.162,0.0008,-1.3694,-1.308,3.6522,35
306,6,306,776.393,33.786,33.923,1707.403,41.601,33.019,1.515,1521.812,37.927,-46.405,-36.548,-55.815,-30.307,0.948,-3.376,12.828,126.308,0.002,982.412,31.52,31.666,1130,37.5708,30.0206,1.444,885.2596,32.8712,-42.4874,-44.1004,-68.2382,-27.3134,2.178,-0.7002,15.6974,159.2662,0.001,-1.3688,-1.3026,3.598,35
307,7,307,750.717,33.609,33.809,1688.202,40.994,32.994,1.524,1528.09,37.563,-42.568,-36.615,-54.992,-30.582,0.866,-3.403,12.496,127.879,0,965.729,31.615,31.777,1145,38.0132,29.989,1.434,887.3794,32.5598,-45.5746,-47.4726,-67.6572,-27.663,2.3188,-0.5396,15.2754,159.5598,0.0022,-1.3626,-1.2922,3.6142,35
308,8,308,777.854,33.787,33.908,1699.42,41.655,32.989,1.505,1511.628,37.925,-43.698,-37.319,-55.371,-29.022,0.983,-3.396,12.8,129,-0.001,991.794,31.559,31.689,1148,37.157,29.996,1.434,896.8374,32.27,-42.3516,-43.1864,-67.3998,-25.3194,2.3718,-0.7478,15.8364,159.2362,0.0008,-1.352,-1.297,3.6354,35
309,9,309,782.102,33.767,33.883,1689.507,41.655,32.979,1.519,1508.213,37.925,-44.218,-36.952,-55.202,-29.674,0.971,-3.428,12.659,131.04,-0.002,987.646,31.57,31.686,1132,37.643,30.001,1.434,883.0702,32.8042,-42.7854,-45.1924,-67.361,-26.1464,2.1518,-0.715,15.509,164.609,0.0006,-1.3634,-1.2946,3.5966,35
310,10,310,779.813,33.742,33.897,1676.267,42.118,32.992,1.505,1494.456,38.38,-46.051,-37.927,-55.716,-27.623,0.813,-3.334,12.753,128.913,-0.002,983.294,31.595,31.73,1162,37.061,30.034,1.444,908.7168,32.1312,-45.4848,-43.8628,-67.2632,-24.3954,2.4492,-0.5856,15.449,162.646,0,-1.336,-1.2818,3.6558,35
311,11,311,757.063,33.638,33.837,1681.473,41.41,32.992,1.524,1516.469,37.826,-43.397,-36.242,-55.903,-28.519,0.837,-3.455,12.635,126.521,-0.005,965.666,31.578,31.732,1148,37.537,30.029,1.444,900.0982,32.3948,-45.1594,-46.964,-67.8694,-25.316,2.316,-0.6216,15.7222,156.7016,-0.0008,-1.3862,-1.312,3.6308,35
312,12,312,761.157,33.717,33.846,1609.136,43.352,33.025,1.496,1447.63,39.913,-43.516,-37.407,-55.803,-30.086,0.914,-3.457,13.478,123.294,-0.001,962.606,31.671,31.782,1154,37.7524,30.009,1.425,897.9822,32.3268,-41.0872,-46.2186,-67.4412,-27.1252,2.3758,-0.646,16.3436,152.504,0.0014,-1.354,-1.2996,3.6032,35
313,13,313,765.939,33.681,33.8,1627.867,42.413,33.016,1.513,1468.873,39.262,-43.594,-36.874,-55.833,-31.355,1.214,-3.351,12.92,128.094,-0.001,972,31.639,31.763,1152,37.6702,30.021,1.44,897.1288,32.4466,-42.2556,-42.2166,-67.5722,-28.852,2.3106,-0.5548,15.5756,160.7992,-0.0016,-1.3582,-1.2966,3.6152,35
314,14,314,779.821,33.793,33.921,1725.35,41.149,32.996,1.519,1535.368,37.404,-41.286,-38.743,-55.403,-31.196,0.958,-3.372,12.808,129.167,-0.001,991.616,31.5,31.621,1140,36.8302,30.0268,1.444,895.5548,32.5454,-44.5656,-44.661,-67.633,-27.4556,2.3038,-0.8342,15.8486,161.4854,0.004,-1.3548,-1.293,3.632,35
315,15,315,778.767,33.771,33.889,1669.069,42.219,32.99,1.505,1486.252,38.574,-43.843,-37.674,-56.453,-28.157,1.032,-3.361,12.73,129.798,-0.002,988.265,31.541,31.673,1139,37.327,30.0202,1.44,894.5738,32.5312,-44.0322,-45.5608,-67.4736,-24.5726,2.3592,-0.6626,15.7488,160.4068,0.0014,-1.385,-1.3026,3.6082,35
316,16,316,759.28,33.615,33.834,1687.549,41.237,33.007,1.53,1524.847,37.754,-44.035,-36.212,-55.809,-29.812,1.006,-3.448,12.532,126.287,-0.006,960.366,31.441,31.614,1128,37.1686,29.9702,1.444,888.1118,32.3948,-42.2398,-44.1572,-68.6632,-26.608,2.2296,-0.8406,15.8448,152.6938,0.004,-1.3514,-1.2882,3.6204,35
317,17,317,764.551,33.696,33.859,1680.976,41.637,33,1.519,1510.953,38.034,-41.838,-36.147,-55.538,-28.96,1.069,-3.396,12.725,127.747,-0.003,971.092,31.566,31.686,1141,37.3826,30.023,1.44,895.5916,32.5164,-43.675,-42.987,-67.941,-25.7646,2.3406,-0.6724,15.764,157.4772,0.003,-1.379,-1.2978,3.6126,35
318,18,318,769.532,33.695,33.853,1738.424,40.219,33.01,1.536,1568.068,36.743,-42.955,-37.077,-55.409,-27.741,0.63,-3.511,12.433,131.3,-0.004,985.433,31.553,31.664,1141,37.187,30.0254,1.442,894.2352,32.582,-41.4234,-44.8206,-67.4208,-24.0786,2.262,-0.813,15.5764,162.6348,0.0008,-1.3532,-1.3012,3.6168,35
319,19,319,770.733,33.718,33.845,1713.561,40.719,32.997,1.528,1542.834,37.23,-43.942,-38.155,-54.748,-30.972,1.139,-3.467,12.724,129.387,-0.002,979.177,31.53,31.652,1143,37.0058,30.0238,1.442,898.1016,32.4318,-38.9062,-43.3842,-67.353,-27.3258,2.2956,-0.8362,15.7966,162.1228,0.0044,-1.3604,-1.3106,3.604,35
320,20,320,767.24,33.709,33.868,1671.373,41.956,33.015,1.517,1501.187,38.408,-44.791,-37.952,-56.622,-29.585,0.992,-3.381,12.81,128.761,0.002,967.542,31.528,31.662,1145,37.0168,30.011,1.444,898.1792,32.334,-41.6024,-43.4136,-68.349,-26.2908,2.3426,-0.7526,15.5666,160.5822,0.0028,-1.352,-1.2886,3.5926,35
321,21,321,770.221,33.749,33.88,1704.111,41.276,33.015,1.519,1528.198,37.739,-43.84,-36.568,-54.87,-29.99,1.18,-3.487,13.012,125.791,-0.002,982.689,31.473,31.594,1127,37.0542,30.0304,1.444,890.2482,32.7634,-41.4664,-42.5214,-67.6608,-26.4242,2.2198,-0.9058,15.9772,158.9702,0.0014,-1.359,-1.3178,3.6168,35
322,22,322,784.556,33.769,33.896,1650.403,42.764,33.009,1.5,1470.42,39.155,-43.817,-36.624,-56.23,-29.643,1.082,-3.365,13.039,126.055,-0.002,987.685,31.66,31.775,1164,37.37,30.0196,1.44,903.0306,32.2274,-40.816,-45.7396,-67.2962,-26.494,2.346,-0.5566,15.1598,165.169,-0.001,-1.3842,-1.3078,3.6226,35
323,23,323,759.621,33.696,33.854,1697.922,41.177,32.974,1.519,1519.676,37.595,-43.493,-37.757,-55.483,-30.034,0.751,-3.51,12.457,132.653,-0.002,973.748,31.543,31.691,1145,37.2916,30.0176,1.44,893.3058,32.5586,-42.6356,-42.5936,-69.094,-26.9572,2.3766,-0.7086,15.562,161.8992,0.0034,-1.372,-1.3032,3.6294,35
324,24,324,776.605,33.721,33.865,1697.237,41.298,32.983,1.504,1518.18,37.714,-43.114,-37.03,-56.128,-29.288,0.894,-3.469,13.421,121.497,-0.006,984.569,31.6,31.722,1157,37.1574,29.9978,1.425,903.2378,32.0602,-39.27,-45.7096,-68.3794,-25.5964,2.4622,-0.7186,16.5784,151.7388,0.0038,-1.3686,-1.2904,3.6174,35
325,25,325,758.984,33.687,33.868,1754.611,39.986,33.014,1.536,1582.194,36.459,-42.396,-37.047,-57.488,-31.893,0.954,-3.518,12.77,125.695,-0.003,964.728,31.607,31.737,1156,37.3192,29.9978,1.4322,899.7082,32.1864,-42.4472,-45.9806,-69.6706,-28.7106,2.4276,-0.7474,16.3572,150.9244,0.0034,-1.3674,-1.2952,3.6264,35
326,26,326,777.221,33.706,33.829,1705.359,40.766,32.994,1.524,1533.895,37.418,-42.292,-36.792,-54.962,-31.47,1.003,-3.503,12.905,127.228,-0.004,987.025,31.578,31.71,1140,37.6108,29.9672,1.425,884.6502,32.4972,-44.4718,-43.306,-68.5194,-28.2374,2.3058,-0.6944,15.9508,160.7944,0.0002,-1.3636,-1.3016,3.6168,35
327,27,327,757.178,33.748,33.876,1708.468,41.129,33.005,1.519,1528.97,37.635,-46.642,-34.493,-56.345,-28.833,0.848,-3.604,13.115,126.017,-0.004,967.363,31.588,31.717,1155,37.173,30.0184,1.44,902.5196,32.236,-43.0886,-43.1324,-68.9768,-25.4414,2.3784,-0.8126,16.3244,155.633,0.002,-1.362,-1.3082,3.658,35
328,28,328,764.685,33.662,33.775,1578.443,43.476,33.022,1.5,1425.148,40.516,-41.267,-36.914,-55.886,-30.988,0.626,-3.603,13.17,128.897,-0.001,975.234,31.556,31.683,1154,36.9082,30.0022,1.444,901.6742,32.1462,-39.8616,-43.3754,-68.3676,-27.5898,2.4408,-0.7696,15.51,162.1446,0.0008,-1.3564,-1.2998,3.6618,35
329,29,329,769.255,33.561,33.698,1679.602,40.168,32.984,1.543,1536.762,37.268,-42.298,-36.697,-56.126,-31.397,0.878,-3.687,12.615,129.058,-0.003,970.687,31.586,31.708,1152,37.2008,30.0076,1.444,900.687,32.2224,-44.2596,-45.4518,-69.019,-27.8658,2.2896,-0.7578,15.1826,166.4074,0.0002,-1.3856,-1.3238,3.6472,35
330,30,330,772.225,33.767,33.91,1699.722,41.665,32.996,1.509,1515.467,37.885,-45.45,-37.082,-55.755,-29.2,1.048,-3.579,12.744,130.807,-0.004,987.463,31.577,31.71,1157,37.0692,30.0036,1.434,903.4,32.0978,-44.614,-44.555,-68.9814,-25.6632,2.384,-0.8178,16.0304,156.9304,0.003,-1.3778,-1.3238,3.6334,35
