Header Section,,,,,,,,,,,,,,,,,,,,,,,,,,,,,,,,,,,,,,,,,,
Product,VC5278,,,,,,,,,,,,,,,,,,,,,,,,,,,,,,,,,,,,,,,,,
Test Plan,Rev(B),,,,,,,,,,,,,,,,,,,,,,,,,,,,,,,,,,,,,,,,,
Release Date,2013/3/25,,,,,,,,,,,,,,,,,,,,,,,,,,,,,,,,,,,,,,,,,
Comment,dual Band,"#201~#220 was generate in Acetec 2013/9/11, For ASEN 5278;701~720 was for JCET_A5_01,2013/9/22, 101~120generated in 2014/3/18, E18.1.1,1~20# generated for VC5378A3E31.1.1,2014/8/6",,,,,,,,,,,,,,,,,,,,,,,,,,,,,,,,,,,,,,,,
,,,,,,,,,,,,,,,,,,,,,,,,,,,,,,,,,,,,,,,,,,
Data Section,,,,,,,,,,,,,,,,,,,,,,,,,,,,,,,,,,,,,,,,,,
Device#,1,2,3,4,5,6,7,8,9,10,11,12,13,14,15,16,17,18,19,20,21,22,23,24,25,26,27,28,29,30,31,32,33,34,35,36,37,38,39,40,41,42
Test Item,Site No,Device ID,GSM915 Idle Current,GSM915 Max Pout@0dBm drive,GSM915 Max Pout,GSM915 Max Icc,GSM915 Max PAE,GSM915 Rated Pout,GSM915 Rated Vramp,GSM915 Rated Icc,GSM915 Rated PAE,GSM915 2nd har@33dBm,GSM915 3rd har@33dBm,GSM915 Max Fwd Iso1,GSM915 Max Fwd Iso2,GSM915 Pout Leakage@RX0,GSM915 Pout Leakage@RX1,GSM915 CMOS Pout,GSM915 Pout Slope1,GSM915 Stress Delta,DCS1785 Idle Current,DCS1785 Max Pout@0dBm drive,DCS1785 Max Pout,DCS1785 Max Icc,DCS1785 Max PAE,DCS1785 Rated Pout,DCS1785 Rated Vramp,DCS1785 Rated Icc,DCS1785 Rated PAE,DCS1785 2nd har@33dBm,DCS1785 3rd har@33dBm,DCS1785 Max Fwd Iso1,DCS1785 Max Fwd Iso2,DCS1785 Pout Leakage@RX0,DCS1785 Pout Leakage@RX1,DCS1785 CMOS Pout,DCS1785 Pout Slope1,DCS1785 Stress Delta,Insertion Loss RX0 960MHz,Insertion Loss RX1 1805MHz,Leakage Current,Leakage Current Wait Time
Low Tolerance,,,60,0.3,0.3,60,0,0,0,60,0,2,2,3,2,3,3,1,0,0,60,0.3,0.3,60,0,0,0,60,0,3,3,3,2,3,3,1,0,0,0.3,0.3,5,0
High Tolerance,,,60,0.3,0.3,60,0,0,0,60,0,2,2,3,2,3,3,1,0,0,60,0.3,0.3,60,0,0,0,60,0,3,3,3,2,3,3,1,0,0,0.3,0.3,10,0
Enable,,,1,1,1,1,0,0,0,1,0,1,1,1,1,1,1,1,0,0,1,1,1,1,0,0,0,1,0,1,1,1,1,1,1,1,0,0,1,1,1,0
101,1,101,900.106,34.358,34.342,1793.044,43.585,32.967,1.407,1481.449,38.466,-38.366,-43.846,-57.953,-24.42,1.32,-2.546,12.887,113.724,0.023,1175.018,31.961,31.904,1275.965,35.059,29.961,1.37,933.827,30.671,-48.023,-46.745,-56.424,-30.956,-0.568,-3.002,5.325,142.976,0.023,-0.737,-0.786,4.589,35
102,1,102,874.251,34.302,34.267,1755.979,43.735,33.025,1.421,1472.951,39.205,-37.072,-45.222,-58.798,-24.166,1.339,-2.965,12.825,115.958,0.021,1153.441,31.901,31.843,1266.897,34.816,30.026,1.388,943.242,30.818,-49.947,-45.547,-56.217,-28.911,-1.105,-3.247,5.313,143.272,0.024,-0.739,-0.787,4.353,35
103,1,103,899.724,34.286,34.292,1780.334,43.399,32.989,1.425,1488.044,38.491,-38.215,-44.595,-58.492,-22.874,0.223,-2.751,12.931,111.467,0.026,1183.257,31.955,31.909,1281.44,34.951,29.996,1.388,949.46,30.407,-45.21,-46.819,-56.228,-27.53,-1.476,-3.152,5.726,135.898,0.029,-0.738,-0.788,4.55,35
104,1,104,875.694,34.174,34.16,1675.453,44.72,33.027,1.406,1417.231,40.748,-36.357,-43.831,-57.66,-24.033,1.138,-2.912,13.009,114.753,0.02,1161.95,32,31.941,1294.806,34.846,29.956,1.369,945.108,30.27,-49.172,-45.008,-56.559,-31.477,-0.978,-3.046,4.893,149.785,0.023,-0.729,-0.777,4.277,35
105,1,105,886.359,34.297,34.276,1766.422,43.567,33.005,1.425,1477.067,38.914,-37.604,-44.504,-58.335,-23.91,1.078,-2.91,12.546,118.139,0.024,1172.377,31.939,31.883,1291.276,34.483,30.014,1.388,955.131,30.355,-48.6,-45.003,-56.09,-28.415,-1.245,-3.194,5.205,142.608,0.024,-0.729,-0.763,4.322,35
106,1,106,884.101,34.263,34.241,1736.748,43.96,32.957,1.406,1451.14,39.172,-37.142,-44.95,-58.822,-24.835,1.186,-2.77,13.258,107.702,0.022,1174.36,32.15,32.107,1325.079,35.367,29.974,1.369,967.043,29.715,-47.88,-45.206,-56.003,-31.212,-0.876,-2.881,5.759,135.46,0.025,-0.733,-0.777,4.247,35
107,1,107,879.21,34.257,34.245,1752.071,43.62,33.034,1.424,1475.969,39.203,-37.518,-43.902,-56.27,-23.947,3.237,-2.668,12.788,115.066,0.025,1175.415,32.102,32.053,1317.07,35.146,30.013,1.377,964.666,30.049,-47.918,-42.839,-56.381,-29.301,-0.104,-2.786,5.01,146.334,0.031,-0.741,-0.789,4.363,35
108,1,108,890.47,34.225,34.195,1721.749,43.872,32.992,1.425,1450.355,39.509,-37.454,-44.892,-58.399,-22.85,0.767,-2.915,12.621,117.39,0.023,1171.34,31.966,31.921,1275.427,35.208,30.002,1.382,943.47,30.64,-50.008,-45.936,-56.042,-26.599,-1.059,-3.112,5.385,140.943,0.024,-0.733,-0.777,4.314,35
109,1,109,870.266,34.088,34.065,1630.996,44.943,33.024,1.425,1396.977,41.313,-35.604,-44.482,-57.727,-22.175,1.688,-3.012,12.843,116.981,0.02,1168.398,32.15,32.093,1308.638,35.693,30.024,1.385,960.578,30.252,-52.147,-41.837,-56.431,-26.677,-0.609,-2.812,4.881,146.022,0.025,-0.741,-0.776,4.326,35
110,1,110,881.212,34.226,34.226,1773.343,42.909,33.019,1.425,1495.521,38.56,-37.601,-44.094,-58.541,-23.357,1.002,-2.868,12.86,115.179,0.027,1164.971,31.943,31.893,1277.622,34.921,30.014,1.376,950.952,30.487,-46.319,-48.248,-56.192,-27.898,-1.164,-3.15,5.753,139.105,0.025,-0.746,-0.777,4.273,35
111,1,111,877.333,34.27,34.262,1764.832,43.467,33.045,1.425,1482.618,39.131,-37.352,-44.341,-58.15,-23.6,1.126,-2.915,12.575,118.553,0.021,1160.159,31.928,31.871,1258.466,35.276,30.015,1.378,929.932,31.17,-50.161,-45.525,-56.503,-29.063,-1.215,-3.195,4.978,148.187,0.022,-0.737,-0.763,4.231,35
112,1,112,893.285,34.275,34.252,1767.523,43.305,33.012,1.417,1486.412,38.74,-37.807,-44.757,-59.054,-23.579,0.52,-2.75,13.097,111.755,0.025,1177.934,32.164,32.121,1324.989,35.484,30.009,1.369,971.921,29.802,-46.368,-43.477,-56.118,-28.1,-0.96,-2.886,5.964,134.155,0.025,-0.741,-0.779,4.089,35
113,1,113,890.119,34.207,34.196,1740.173,43.422,33.003,1.425,1465.83,39.197,-36.879,-44.062,-58.216,-22.978,1.017,-2.77,12.541,119.577,0.021,1173.422,31.957,31.905,1269.711,35.239,30.03,1.387,941.729,30.894,-45.241,-48.1,-56.11,-27.85,-1.054,-3.059,5.031,145.278,0.025,-0.742,-0.796,4.324,35
114,1,114,886.059,34.284,34.275,1793.096,42.918,32.98,1.444,1498.411,38.151,-38.501,-45.215,-58.659,-23.637,0.743,-2.853,12.507,114.369,0.023,1167.02,32.001,31.937,1295.877,34.787,30.011,1.406,959.134,30.207,-46.961,-45.986,-56.089,-28.79,-1.108,-3.145,5.052,141.942,0.023,-0.769,-0.818,4.315,35
115,1,115,873.461,34.122,34.103,1664.186,44.435,32.965,1.426,1412.137,40.328,-36.734,-44.487,-58.709,-20.588,0.266,-3.025,12.498,121.856,0.02,1172.525,32.067,32.022,1277.313,35.974,30.041,1.388,945.901,30.835,-48.414,-46.857,-56.142,-23.708,-1.081,-3.084,4.996,148.549,0.024,-0.77,-0.837,4.408,35
116,1,116,874.57,34.214,34.202,1718.746,44.024,33.032,1.424,1454.932,39.747,-36.992,-44.819,-58.416,-23.753,1.247,-2.815,13.088,111.963,0.024,1162.687,31.952,31.901,1270.861,35.172,30.022,1.378,943.385,30.782,-47.08,-46.31,-56.085,-28.775,-0.975,-3.073,5.593,138.67,0.027,-0.736,-0.802,4.414,35
117,1,117,874.175,34.249,34.264,1774.963,43.247,32.993,1.425,1488.841,38.504,-37.987,-43.834,-58.361,-22.683,0.794,-2.858,12.539,118.853,0.023,1163.896,32.026,31.969,1315.989,34.509,29.971,1.388,969.008,29.636,-47.197,-45.279,-56.277,-27.142,-1.057,-3.086,5.082,145.235,0.024,-0.734,-0.78,4.499,35
118,1,118,879.891,34.254,34.256,1762.979,43.452,33.022,1.421,1481.647,38.952,-37.078,-44.47,-57.298,-23.691,2.058,-2.801,12.835,115.381,0.023,1160.59,31.726,31.665,1266.598,33.442,29.991,1.397,958.541,30.087,-43.928,-54.242,-56.45,-29.314,-0.736,-3.346,5.248,142.107,0.022,-0.748,-0.794,4.258,35
119,1,119,878.294,34.343,34.324,1782.634,43.662,33.01,1.419,1484.202,38.77,-38.1,-44.989,-58.181,-25.02,1.673,-2.824,12.846,113.184,0.023,1177.662,32.233,32.191,1331.654,35.88,29.966,1.369,963.258,29.772,-50.365,-44.225,-56.086,-30.951,-0.65,-2.797,5.25,141.801,0.029,-0.748,-0.786,4.298,35
120,1,120,880.594,34.209,34.214,1745.019,43.476,33.039,1.424,1475.807,39.253,-37.795,-43.489,-57.619,-25.3,1.131,-2.907,12.842,113.443,0.021,1170.823,32.096,32.053,1292.971,35.797,30.031,1.368,948.851,30.673,-50.977,-43.449,-56.348,-32.011,-0.964,-3.003,5.331,142.533,0.025,-0.758,-0.793,4.468,35
201,1,201,883.049,33.404,33.474,1609.842,39.799,33.01,1.53,1486.782,38.732,-39.182,-41.769,-55.609,-23.698,-0.854,-2.173,12.212,116.49,0.01,1166.504,31.632,31.703,1197.299,35.795,30.007,1.424,899.307,32.294,-36.981,-42.306,-55.799,-27.659,-6.235,-2.766,6.58,145.664,0.016,-0.789,-0.855,0.17,35
202,1,202,849.925,33.284,33.335,1556.647,39.858,32.984,1.536,1451.848,39.429,-38.595,-41.66,-55.931,-24.035,-0.86,-2.287,12.349,116.655,0.01,1084.92,31.503,31.592,1167.041,35.799,29.989,1.427,887.502,32.588,-37.793,-42.612,-55.641,-27.45,-6.347,-2.92,7.029,140.501,0.015,-0.791,-0.867,3.835,35
203,1,203,887.047,33.332,33.386,1591.73,39.45,33.003,1.534,1484.713,38.731,-39.917,-40.368,-56.406,-24.614,-1.349,-2.25,12.462,115.631,0.01,1164.293,31.454,31.514,1163.791,35.262,30.004,1.424,888.896,32.646,-37.092,-45.088,-55.66,-29.308,-6.417,-2.996,6.726,143.36,0.016,-0.8,-0.873,3.445,35
204,1,204,869.572,33.303,33.357,1523.258,40.935,33.026,1.532,1438.129,40.178,-36.687,-42.759,-55.792,-24.243,-1.058,-2.276,12.835,113.779,0.013,1136.932,31.527,31.584,1180.744,35.326,30.008,1.43,898.829,32.322,-39.629,-41.748,-55.831,-28.231,-6.445,-2.935,6.629,146.117,0.015,-0.805,-0.877,3.48,35
205,1,205,859.89,33.321,33.376,1548.209,40.453,32.997,1.536,1448.371,39.64,-37.618,-43.239,-55.647,-24.857,-0.995,-2.205,12.389,118.19,0.011,1145.676,31.536,31.583,1165.531,35.771,30.001,1.43,886.176,32.724,-38.006,-44.561,-56.125,-28.337,-6.382,-2.837,6.153,150.818,0.016,-0.816,-0.879,3.517,35
206,1,206,888.032,33.321,33.391,1530.158,41.065,33.008,1.526,1429.166,40.267,-37.522,-42.725,-56.624,-22.236,-0.81,-2.113,12.24,119.028,0.013,1141.604,31.457,31.518,1177.978,34.876,30.014,1.442,903.718,32.195,-39.085,-42.99,-55.708,-26.03,-6.459,-2.889,6.229,149.626,0.017,-0.793,-0.865,3.48,35
207,1,207,889.399,33.282,33.338,1533.831,40.482,33.007,1.536,1452.046,39.632,-37.862,-42.203,-55.957,-23.582,-1.317,-2.341,12.461,114.538,0.013,1166.857,31.336,31.396,1140.586,35.02,30.001,1.43,879.843,32.958,-39.237,-46.118,-55.88,-27.841,-6.592,-3.149,6.662,143.863,0.019,-0.807,-0.869,3.517,35
208,1,208,861.943,33.345,33.41,1580.685,39.94,32.998,1.534,1470.51,39.054,-38.801,-42.113,-56.026,-24.369,-1.053,-2.166,12.398,113.288,0.011,1118.777,31.446,31.494,1150.725,35.495,30,1.43,880.154,32.941,-38.669,-46.939,-55.819,-30.228,-6.473,-2.98,6.584,147.074,0.014,-0.807,-0.879,3.412,35
209,1,209,889.202,33.331,33.386,1525.677,41.139,33.016,1.532,1427.813,40.376,-37.342,-42.329,-55.754,-24.224,-0.649,-2.177,12.236,119.925,0.012,1158.997,31.582,31.649,1179.64,35.879,29.994,1.425,887.616,32.616,-38.233,-43.55,-55.941,-27.29,-6.157,-2.77,6.463,146.39,0.017,-0.795,-0.864,3.469,35
210,1,210,876.684,33.4,33.464,1585.505,40.315,32.999,1.523,1458.229,39.392,-38.969,-41.43,-55.816,-22.87,-1.457,-2.06,12.629,113.913,0.011,1156.198,31.475,31.54,1141.646,36.152,29.989,1.409,866.123,33.382,-38.997,-44.658,-55.906,-26.195,-6.431,-2.891,7.422,138.45,0.018,-0.785,-0.854,3.482,35
211,1,211,887.162,33.355,33.413,1556.998,40.57,32.983,1.517,1441.399,39.701,-37.862,-42.551,-56.354,-22.933,-0.856,-2.152,12.452,117.661,0.014,1153.442,31.417,31.48,1164.753,34.963,29.997,1.429,889.465,32.574,-39.127,-42.405,-56.014,-25.638,-6.408,-2.941,6.594,145.83,0.019,-0.791,-0.86,3.496,35
212,1,212,866.936,33.304,33.362,1537.469,40.602,32.985,1.536,1441.337,39.718,-37.388,-43.121,-55.736,-23.114,-0.917,-2.133,12.564,115.235,0.012,1142.422,31.539,31.597,1180.336,35.435,29.99,1.433,898.273,32.208,-38.35,-43.249,-55.828,-25.412,-6.372,-2.82,6.514,145.877,0.017,-0.799,-0.872,3.505,35
213,1,213,882.733,33.433,33.487,1620.293,39.661,32.995,1.522,1485.714,38.632,-39.616,-42.524,-55.508,-25.276,-1.559,-2.162,12.645,110.928,0.014,1165.939,31.425,31.486,1157.319,35.234,29.984,1.425,884.785,32.648,-37.8,-44.324,-55.924,-29.542,-6.531,-2.996,7.391,133.287,0.016,-0.79,-0.85,3.483,35
214,1,214,885.903,33.39,33.452,1621.513,39.313,33,1.536,1495.184,38.429,-39.989,-41.852,-56.008,-22.888,-1.121,-2.126,12.159,116.53,0.012,1158.229,31.373,31.43,1151.572,34.959,29.989,1.433,886.765,32.616,-38.758,-46.702,-55.782,-26.04,-6.549,-3.005,6.766,143.548,0.016,-0.795,-0.864,3.537,35
215,1,215,881.724,33.414,33.482,1621.045,39.596,33.008,1.534,1492.298,38.578,-38.99,-42.208,-56.267,-24.201,-1.279,-2.199,12.288,115.599,0.015,1164.127,31.487,31.543,1176.562,35.118,29.985,1.433,892.88,32.366,-38.512,-41.135,-55.904,-28.566,-6.441,-2.996,6.407,147.094,0.016,-0.803,-0.866,3.54,35
216,1,216,872.345,33.394,33.458,1597.775,39.95,32.981,1.517,1471.514,38.879,-38.395,-42.437,-55.8,-23.39,-0.79,-2.108,12.512,115.688,0.014,1127.716,31.345,31.394,1144.69,34.883,30.009,1.431,887.386,32.74,-40.155,-45.602,-55.864,-26.881,-6.584,-3.051,6.75,146.471,0.016,-0.8,-0.862,3.403,35
217,1,217,871.632,33.505,33.575,1659.974,39.511,33.013,1.533,1513.211,38.089,-40.994,-43.115,-55.788,-24.305,-1.189,-1.953,12.248,114.511,0.013,1142.404,31.406,31.465,1147.727,35.353,30.001,1.432,881.23,32.905,-40.254,-45.952,-55.863,-27.358,-6.541,-3.011,6.907,141.381,0.017,-0.799,-0.876,3.565,35
218,1,218,866.802,33.279,33.334,1568.591,39.555,32.983,1.54,1476.873,38.752,-37.735,-41.793,-55.939,-23.861,-0.78,-2.291,12.487,114.353,0.01,1153.209,31.325,31.376,1146.088,34.699,29.993,1.433,887.703,32.61,-38.63,-47.369,-55.949,-26.901,-6.55,-3.107,6.922,141.639,0.017,-0.806,-0.876,3.495,35
219,1,219,873.453,33.381,33.437,1590.753,39.932,33.002,1.524,1473.697,39.01,-38.958,-41.394,-56.15,-24.475,-1.336,-2.179,12.443,115.689,0.011,1142.934,31.645,31.713,1186.89,36.188,29.996,1.417,890.245,32.54,-37.53,-41.301,-55.837,-29.441,-6.248,-2.787,6.824,142.588,0.018,-0.794,-0.866,3.49,35
220,1,220,857.499,33.461,33.523,1638.547,39.551,32.993,1.517,1498.146,38.3,-41.919,-42.473,-56.239,-24.671,-1.632,-2.098,12.561,112.321,0.012,1124.383,31.472,31.534,1144.749,36.01,29.996,1.415,874.606,33.111,-38.826,-42.677,-55.674,-28.767,-6.464,-2.955,7.199,139.176,0.018,-0.799,-0.865,3.466,35
701,1,701,795.227,33.634,33.699,1674.23,40.289,33.026,1.5,1534.159,37.679,-38.69,-38.602,-57.83,-24.62,-0.685,-2.198,12.533,111.814,0.014,1038.926,31.32,31.328,1168.865,33.621,29.992,1.434,926.132,31.226,-35.627,-40.984,-56.552,-29.527,-7.173,-3.258,6.598,137.913,0.012,-0.813,-0.831,2.432,35
702,1,702,780.657,33.657,33.707,1668.977,40.49,33.026,1.5,1523.829,37.933,-39.528,-39.083,-58.58,-24.314,-0.362,-2.095,12.371,115.39,0.013,1039.322,31.224,31.226,1154.899,33.24,30.027,1.444,925.039,31.514,-36.687,-41.837,-56.369,-28.454,-7.291,-3.236,5.994,147.089,0.015,-0.838,-0.842,4.389,35
703,1,703,889.586,33.693,33.764,1718.106,39.856,32.991,1.481,1551.36,36.963,-40.908,-38.607,-57.834,-24.536,-0.863,-2.013,12.387,113.35,0.013,1052.229,31.294,31.302,1162.094,33.617,30.025,1.425,923.432,31.556,-36.463,-43.159,-56.37,-28.578,-7.181,-3.164,6.716,137.722,0.015,-0.848,-0.856,4.114,35
704,1,704,897.153,33.672,33.735,1692.661,40.186,33.042,1.5,1543.496,37.584,-40.018,-38.495,-57.231,-24.067,-0.541,-2.199,12.141,115.353,0.012,1054.302,31.299,31.303,1168.119,33.453,29.983,1.434,922.619,31.281,-36.899,-40.951,-56.544,-28.986,-7.211,-3.233,5.763,148.288,0.013,-0.84,-0.845,4.198,35
705,1,705,814.438,33.576,33.616,1601.608,41.317,33.033,1.5,1483.459,39.018,-37.916,-38.995,-58.515,-23.878,-0.823,-2.24,12.733,111.275,0.011,1044.058,31.277,31.283,1155.141,33.671,30.016,1.444,921.201,31.568,-37.052,-42.017,-56.352,-27.144,-7.315,-3.26,6.576,138.244,0.015,-0.827,-0.839,4.126,35
706,1,706,778.858,33.682,33.755,1742.861,39.218,33.032,1.516,1583.067,36.568,-38.38,-39.077,-56.231,-23.239,0.262,-0.839,12.385,113.697,0.012,1042.211,31.393,31.394,1172.159,34.039,30.016,1.444,923.396,31.49,-34.372,-39.63,-57.264,-26.242,-5.479,-1.726,6.445,141.859,0.013,-0.834,-0.831,3.772,35
707,1,707,786.376,33.668,33.736,1709.266,39.806,33.005,1.509,1554.698,37.004,-39.719,-38.766,-58.797,-23.567,-0.558,-2.05,11.986,117.465,0.013,1041.41,31.345,31.349,1177.801,33.531,30.026,1.444,935.619,31.158,-36.113,-38.064,-56.474,-26.536,-7.179,-3.145,6.207,143.369,0.016,-0.837,-0.845,4.094,35
708,1,708,895.86,33.637,33.694,1639.767,41.088,33.041,1.499,1501.899,38.609,-38.21,-38.836,-58.633,-21.793,-0.375,-2.144,12.254,119.708,0.009,1041.616,31.238,31.236,1143.301,33.655,30.04,1.444,915.292,31.94,-37.263,-44.194,-56.472,-24.108,-7.222,-3.255,5.935,151.153,0.01,-0.811,-0.821,4.205,35
709,1,709,807.22,33.567,33.634,1636.295,40.609,33.031,1.516,1510.907,38.296,-37.707,-38.964,-57.93,-23.92,-0.65,-2.075,12.079,116.506,0.012,1032.942,31.342,31.352,1176.662,33.586,30.02,1.453,932.377,31.218,-35.638,-37.499,-56.521,-28.523,-7.07,-3.091,5.696,146.766,0.015,-0.821,-0.826,4.143,35
710,1,710,809.907,33.58,33.634,1633.937,40.668,33.001,1.5,1500.809,38.288,-38.016,-38.232,-57.394,-23.366,-0.436,-2.147,12.573,113.054,0.011,1025.033,31.334,31.329,1174.801,33.465,29.972,1.444,926.342,31.083,-35.645,-40.799,-56.393,-27.214,-7.125,-3.127,6.48,141.487,0.011,-0.826,-0.832,4.185,35
711,1,711,800.914,33.553,33.627,1630.153,40.701,33.012,1.519,1502.352,38.348,-37.868,-38.016,-58.174,-23.31,-0.648,-2.102,12.009,119.69,0.013,1042.888,31.393,31.398,1194.072,33.454,30.041,1.462,942.043,31.052,-36.161,-36.537,-56.52,-27.153,-6.999,-3.031,5.532,151.565,0.015,-0.829,-0.833,4.069,35
712,1,712,883.59,33.668,33.727,1671.296,40.615,33.004,1.5,1518.355,37.872,-39.245,-38.797,-57.726,-23.611,-0.47,-2.126,12.409,112.888,0.012,1047.74,31.318,31.327,1166.168,33.69,30.022,1.444,926.165,31.436,-36.63,-40.309,-56.413,-27.153,-7.204,-3.181,6.535,138.2,0.014,-0.823,-0.822,4.341,35
713,1,713,873.607,33.593,33.647,1656.747,40.229,32.992,1.505,1517.806,37.791,-38.717,-38.416,-57.748,-22.258,-0.294,-2.211,12.071,119.478,0.011,1037.305,31.281,31.286,1161.626,33.506,29.992,1.444,921.706,31.379,-36.574,-39.329,-56.442,-24.651,-7.138,-3.19,5.689,150.136,0.012,-0.817,-0.822,4.099,35
714,1,714,772.988,33.67,33.725,1688.828,40.18,32.98,1.5,1530.661,37.366,-39.559,-39.159,-58.276,-24.511,-0.657,-2.166,12.473,111.418,0.013,1035.283,31.352,31.357,1174.188,33.693,30.038,1.443,929.728,31.436,-36.605,-41.378,-56.4,-28.695,-7.214,-3.195,6.519,139.661,0.014,-0.827,-0.836,4.298,35
715,1,715,785.621,33.553,33.597,1608.588,40.957,32.973,1.5,1478.936,38.597,-37.451,-39.251,-58.336,-23.19,-0.602,-2.198,12.396,116.998,0.011,1036.923,31.34,31.34,1173.169,33.592,30.006,1.444,927.963,31.267,-35.922,-38.642,-56.428,-26.261,-7.177,-3.145,6.198,145.956,0.014,-0.825,-0.828,4.401,35
716,1,716,768.87,33.569,33.634,1613.467,41.178,33,1.5,1485.578,38.669,-37.108,-38.915,-57.617,-20.801,-0.342,-2.144,12.361,118.501,0.012,1050.374,31.339,31.342,1169.844,33.698,29.983,1.444,923.492,31.255,-34.747,-41.802,-56.592,-22.979,-7.103,-3.139,6.347,143.625,0.014,-0.8,-0.808,4.225,35
717,1,717,800.012,33.654,33.715,1705.847,39.692,33.044,1.519,1563.007,37.14,-39.011,-38.386,-57.548,-23.723,-0.46,-2.125,11.93,119.614,0.01,1041.012,31.061,31.066,1120.221,33.037,30.001,1.453,911.733,31.781,-35.227,-42.23,-56.586,-26.837,-7.468,-3.443,5.744,149.179,0.015,-0.814,-0.815,4.023,35
718,1,718,774.625,33.643,33.71,1659.88,40.738,33.028,1.5,1514.753,38.169,-38.794,-39.256,-57.625,-22.842,-0.625,-2.08,12.252,117.717,0.013,1044.721,31.402,31.403,1181.214,33.846,29.992,1.434,925.578,31.249,-36.352,-40.637,-56.399,-25.993,-7.11,-3.09,6.166,146.159,0.013,-0.815,-0.817,4.185,35
719,1,719,859.896,33.628,33.684,1697.078,39.614,32.983,1.5,1548.818,36.957,-39.458,-38.897,-57.942,-23.519,-0.855,-2.159,12.019,117.947,0.009,1033.455,31.263,31.263,1161.905,33.326,30.032,1.444,930.516,31.368,-36.797,-41.307,-56.334,-26.516,-7.28,-3.241,5.862,148.681,0.011,-0.821,-0.828,4.36,35
720,1,720,842.846,33.641,33.685,1616.777,41.575,32.961,1.481,1466.24,38.828,-38.395,-39.307,-57.592,-23.484,-0.527,-2.142,12.419,114.82,0.011,1054.98,31.214,31.225,1142.729,33.586,29.972,1.434,908.669,31.673,-37.013,-42.503,-56.54,-26.809,-7.315,-3.272,6.43,139.56,0.013,-0.816,-0.819,4.322,35
601,1,601,759.546,33.28,33.414,1652.34,37.957,33.009,1.612,1572.71,36.32,-37.791,-41.765,-58.82,-23.905,0.744,-3.521,11.85,94.684,-0.03,1067.683,31.395,31.35,1219.874,31.962,29.977,1.462,955.541,29.745,-51.294,-41.485,-58.668,-29.763,-2.468,-4.19,6.291,113.555,-0.021,-0.785,-0.85,1.853,36.5
602,1,602,754.681,33.379,33.526,1723.875,37.324,33.028,1.612,1621.743,35.379,-41.408,-42.975,-58.933,-23.438,-0.084,-3.755,11.556,95.536,-0.03,1057.545,31.303,31.253,1186.898,32.122,29.967,1.462,939.774,30.172,-48.11,-43.733,-58.239,-29.082,-2.685,-4.402,6.31,114.186,-0.02,-0.795,-0.851,1.685,37.5
603,1,603,745.084,33.429,33.517,1647.775,38.975,32.943,1.575,1528.341,36.816,-38.914,-42.723,-58.62,-24.936,0.062,-3.674,11.62,98.315,-0.028,1024.582,31.18,31.125,1214.667,30.475,30.047,1.5,986.907,29.263,-49.604,-44.002,-58.629,-31.325,-2.569,-4.193,6.078,114.709,-0.02,-0.797,-0.866,1.813,37.5
604,1,604,768.684,33.362,33.434,1609.85,39.134,32.986,1.575,1520.794,37.364,-38.661,-41.69,-58.723,-23.806,0.25,-3.648,11.937,95.841,-0.028,1072.442,31.443,31.41,1230.945,32.117,29.97,1.462,954.77,29.72,-49.366,-40.283,-58.659,-29.834,-2.609,-4.275,6.177,114.367,-0.021,-0.803,-0.864,1.687,39.444
605,1,605,765.666,33.312,33.413,1630.004,38.465,32.921,1.575,1530.202,36.58,-39.765,-41.655,-58.886,-23.051,-0.796,-3.752,11.955,94.019,-0.028,1074.374,31.337,31.287,1231.039,31.213,30.046,1.481,978.612,29.506,-51.118,-43.052,-58.637,-29.533,-2.597,-4.272,6.007,117.336,-0.021,-0.798,-0.869,1.655,38.5
606,1,606,767.13,33.242,33.286,1518.673,40.096,32.938,1.575,1454.497,38.64,-37.674,-41.723,-58.199,-23.763,-0.298,-3.564,12.013,95.024,-0.026,1081.771,31.402,31.356,1242.412,31.422,30.034,1.481,977.8,29.448,-55.322,-44.308,-58.723,-30.278,-2.488,-4.137,6.062,115.469,-0.021,-0.806,-0.873,1.563,37
607,1,607,774.44,33.368,33.447,1629.766,38.773,32.937,1.575,1526.158,36.813,-38.232,-42.904,-58.82,-25.005,0.453,-3.636,11.996,95.515,-0.028,1086.002,31.38,31.33,1243.507,31.212,30.02,1.481,979.828,29.291,-48.329,-41.321,-58.626,-30.661,-2.456,-4.177,6.039,114.968,-0.021,-0.789,-0.853,1.723,39
608,1,608,763.571,33.218,33.276,1565.373,38.811,33.06,1.65,1529.683,37.783,-35.902,-39.877,-58.924,-24.717,0.291,-3.419,11.705,96.205,-0.027,1079.137,31.395,31.332,1238.151,31.356,29.997,1.481,973.709,29.324,-48.428,-44.171,-58.828,-30.987,-2.52,-4.154,5.904,115.838,-0.019,-0.84,-0.887,1.813,36.5
609,1,609,770.296,33.354,33.455,1628.928,38.859,32.922,1.579,1520.799,36.821,-38.974,-41.594,-58.905,-24.154,-0.227,-3.643,11.654,97.334,-0.028,1081.316,31.364,31.318,1230.56,31.452,30.006,1.481,970.389,29.488,-50.222,-45.86,-58.78,-30.375,-2.518,-4.222,6.032,114.058,-0.021,-0.795,-0.85,1.811,40.5
610,1,610,775.45,33.411,33.512,1667.041,38.477,32.94,1.575,1546.827,36.346,-40.11,-41.455,-59.208,-24.287,-0.865,-3.626,11.958,94.345,-0.029,1073.883,31.255,31.2,1212.203,31.073,30.014,1.481,967.356,29.633,-48.92,-43.054,-58.759,-30.413,-2.702,-4.247,6.114,115.878,-0.02,-0.803,-0.872,1.459,36.5
611,1,611,764.725,33.159,33.198,1490.172,40.04,33.032,1.65,1465.891,39.177,-35.88,-40.924,-58.454,-24.556,0.349,-3.403,12.217,93.531,-0.026,1071.858,31.263,31.222,1204.199,31.434,30.043,1.481,963.876,29.94,-51.086,-44.889,-58.852,-30.607,-2.367,-4.049,6.5,110.497,-0.021,-0.795,-0.874,1.691,38
612,1,612,769.636,33.313,33.412,1618.996,38.713,32.94,1.575,1525.39,36.859,-37.945,-40.994,-58.817,-24.381,-0.235,-3.715,11.765,96.313,-0.029,1068.962,31.248,31.212,1204.125,31.365,30.043,1.481,969.086,29.774,-48.58,-45.371,-58.675,-30.464,-2.623,-4.273,6.146,113.828,-0.022,-0.804,-0.88,1.445,38.5
613,1,613,762.378,33.364,33.442,1597.909,39.496,33.006,1.575,1510.513,37.796,-38.193,-42.061,-59.141,-24.378,-0.301,-3.557,11.929,96.024,-0.027,1074.816,31.322,31.274,1224.965,31.277,29.921,1.464,958.042,29.286,-48.408,-44.037,-58.694,-30.52,-2.599,-4.258,6.292,112.974,-0.021,-0.778,-0.848,1.71,39.5
614,1,614,773.516,33.349,33.478,1698.017,37.481,33.033,1.612,1608.096,35.723,-38.283,-41.517,-59.072,-23.688,1.083,-3.666,11.678,95.55,-0.03,1080.831,31.049,30.998,1168.321,30.773,29.996,1.481,951.914,29.987,-45.267,-45.591,-58.326,-29.321,-2.65,-4.328,6.229,115.458,-0.02,-0.791,-0.86,1.641,36.5
615,1,615,772.447,33.381,33.484,1641.426,38.826,33.075,1.612,1558.93,37.201,-37.915,-41.924,-58.915,-23.207,0.17,-3.556,11.748,96.514,-0.028,1078.382,31.214,31.158,1221.062,30.552,30.079,1.5,986.82,29.482,-47.153,-43.619,-58.825,-29.493,-2.553,-4.17,5.846,119.43,-0.02,-0.766,-0.821,1.468,40
616,1,616,768.836,33.362,33.474,1662.374,38.25,32.906,1.575,1544.841,36.108,-39.188,-41.455,-59.037,-24.162,-0.053,-3.812,11.678,96.253,-0.029,1073.273,31.38,31.324,1227.425,31.574,29.908,1.462,953.454,29.337,-48.895,-41.025,-58.411,-30.155,-2.759,-4.413,5.979,117.478,-0.02,-0.798,-0.854,1.75,35.5
617,1,617,767.196,33.223,33.296,1574.464,38.763,33.069,1.65,1536.503,37.699,-36.199,-40.384,-58.666,-24.167,0.954,-3.453,11.911,94.942,-0.028,1077.508,31.263,31.214,1209.069,31.255,30.03,1.481,967.837,29.724,-52.631,-47.529,-58.786,-30.073,-2.428,-4.145,6.412,110.846,-0.021,-0.798,-0.857,1.355,36
618,1,618,769.422,33.378,33.47,1638.604,38.766,33.07,1.612,1559.152,37.156,-38.331,-41.834,-59.287,-24.01,-0.691,-3.555,11.741,96.314,-0.028,1069.171,31.404,31.353,1218.408,32.019,29.916,1.462,945.07,29.653,-48.593,-40.372,-58.657,-30.016,-2.694,-4.366,6.215,113.796,-0.021,-0.79,-0.862,1.537,36
619,1,619,768.649,33.251,33.336,1568.948,39.252,32.923,1.575,1489.986,37.587,-36.318,-41.64,-58.993,-24.584,0.325,-3.617,12.065,95.256,-0.027,1081.244,31.355,31.303,1223.795,31.52,29.965,1.462,961.225,29.484,-47.849,-44.508,-58.45,-30.805,-2.6,-4.275,6.579,110.248,-0.021,-0.789,-0.851,1.684,38
620,1,620,763.469,33.251,33.321,1563.579,39.252,33.023,1.612,1509.011,37.979,-36.838,-41.003,-59.214,-23.5,0.37,-3.554,12.063,94.857,-0.026,1053.015,31.301,31.243,1222.292,31.125,30.003,1.481,970.045,29.475,-51.353,-41.972,-58.685,-30.115,-2.56,-4.221,6.174,115.565,-0.02,-0.8,-0.864,1.909,35.5
301,1,301,704.469,33.617,33.802,1729.928,39.638,33.093,1.575,1570.467,37.088,-39.035,-34.369,-61.581,-25.324,1.261,0.796,11.045,100.072,-0.042,1026.322,31.608,31.564,1189.053,34.447,30.014,1.369,879.08,32.605,-16.589,-36.843,-59.998,-30.429,-2.259,-0.577,8.579,108.384,-0.02,-0.864,-0.854,1.625,38.5
302,1,302,706.764,33.62,33.813,1738.268,39.551,33.054,1.575,1568.642,36.795,-38.622,-33.728,-60.145,-25.718,1.552,0.95,11.199,98.207,-0.042,1016.69,31.882,31.844,1241.338,35.192,30.046,1.369,903.541,31.955,-20.009,-37.486,-58.173,-30.235,-1.982,-0.405,8.609,108.013,-0.02,-0.879,-0.884,1.751,38.5
303,1,303,722.486,33.729,33.786,1640.851,41.638,33.06,1.538,1475.901,39.163,-33.294,-34.219,-62.959,-26.27,1.299,0.779,11.716,96.371,-0.036,1020.382,31.621,31.583,1206.529,34.092,30.073,1.388,903.935,32.146,-16.863,-33.458,-60.42,-31.572,-2.38,-0.585,8.649,105.702,-0.02,-0.896,-0.914,1.694,37
304,1,304,727.753,33.69,33.838,1720.563,40.189,33.042,1.556,1542.768,37.312,-37.35,-34.565,-62.948,-28.432,1.334,0.828,11.252,99.738,-0.041,1024.039,31.59,31.537,1190.84,34.182,30.092,1.388,895.187,32.599,-16.025,-34.07,-59.17,-32.234,-2.126,-0.403,8.59,109.612,-0.02,-0.874,-0.868,1.759,38.333
305,1,305,715.39,33.794,33.914,1730.693,40.651,32.928,1.538,1513.816,37.037,-38.703,-34.69,-62.058,-27.201,1.152,0.662,11.321,98.141,-0.038,1008.95,31.766,31.717,1219.402,34.792,29.994,1.369,893.87,31.921,-16.715,-34.436,-60.348,-32.307,-2.319,-0.603,8.616,108.121,-0.02,-0.874,-0.895,1.796,39
306,1,306,722.365,33.692,33.807,1691.487,40.587,32.966,1.538,1504.538,37.598,-37.348,-34.246,-60.534,-28.03,1.363,0.761,11.066,102.253,-0.039,1040.804,31.621,31.575,1201.704,34.169,30.09,1.388,894.653,32.604,-23.1,-35.195,-59.041,-31.668,-2.094,-0.418,8.432,112.732,-0.02,-0.864,-0.863,1.428,40
307,1,307,730.94,33.798,33.904,1709.177,41.07,33.02,1.538,1511.649,37.888,-37.249,-34.424,-60.372,-24.253,1.2,0.887,11.438,96.983,-0.038,1042.668,31.782,31.732,1216.934,34.983,29.908,1.35,873.106,32.034,-19.826,-34.445,-58.845,-29.477,-2.152,-0.529,8.755,107.329,-0.02,-0.884,-0.874,1.571,39.5
308,1,308,706.207,33.718,33.873,1738.412,40.097,32.99,1.538,1542.455,36.874,-38.305,-34.148,-60.154,-26.65,1.576,0.928,11.402,97.47,-0.041,994.769,31.677,31.608,1187.167,34.853,29.907,1.35,867.27,32.242,-20.77,-38.015,-58.463,-30.566,-2.162,-0.499,8.848,105.323,-0.019,-0.863,-0.865,1.517,41
309,1,309,718.932,33.736,33.887,1735.583,40.29,33.017,1.556,1540.854,37.137,-38.248,-34.311,-62.996,-25.572,1.234,0.815,11.336,98.309,-0.04,1016.748,31.647,31.595,1200.332,34.366,29.97,1.369,884.125,32.091,-17.866,-35.309,-59.789,-30.334,-2.27,-0.539,8.7,106.741,-0.019,-0.864,-0.875,1.783,39
310,1,310,714.723,33.752,33.852,1692.242,40.987,33.02,1.556,1506.495,38.012,-38.268,-34.4,-61.057,-26.877,1.27,0.82,11.239,99.902,-0.037,989.287,31.803,31.759,1218.07,35.169,30.004,1.369,891.184,32.091,-17.506,-36.72,-59.448,-31.305,-2.188,-0.507,8.526,110.467,-0.02,-0.868,-0.871,1.739,42.5
311,1,311,724.433,33.681,33.849,1728.038,40.116,33.043,1.556,1548.381,37.181,-36.744,-33.973,-61.671,-25.24,1.343,0.843,11.353,96.464,-0.042,1034.263,31.725,31.696,1205.684,35.021,29.954,1.356,877.692,32.212,-18.635,-35.72,-58.642,-29.482,-2.149,-0.501,8.879,103.242,-0.021,-0.843,-0.853,2.01,36
312,1,312,714.66,33.732,33.849,1699.777,40.78,33.026,1.556,1515.881,37.837,-38.28,-34.241,-62.307,-24.998,1.667,0.835,11.051,101.138,-0.038,1018.007,31.773,31.732,1225.24,34.747,30.004,1.369,893.129,32.021,-16.857,-32.067,-59.735,-29.989,-2.098,-0.478,8.636,109.213,-0.021,-0.873,-0.886,1.671,38
313,1,313,710.148,33.716,33.876,1740.765,40.064,33.046,1.556,1554.762,37.053,-37.873,-34.176,-61.456,-28.294,1.212,0.86,11.33,99.863,-0.041,1011.187,31.783,31.74,1221.901,34.909,29.913,1.35,883.468,31.699,-20.129,-36.41,-58.631,-31.591,-2.288,-0.594,8.721,109.109,-0.02,-0.875,-0.894,1.706,42
314,1,314,725.231,33.769,33.893,1714.518,40.835,33.017,1.556,1519.087,37.67,-39.068,-34.21,-62.162,-26.975,1.699,0.841,11.031,101.822,-0.039,1031.889,31.667,31.631,1200.871,34.637,29.979,1.369,880.236,32.3,-18.04,-39.788,-59.463,-30.739,-2.092,-0.495,8.557,109.755,-0.021,-0.851,-0.859,1.714,41
315,1,315,714.168,33.767,33.882,1709.469,40.858,32.949,1.538,1503.052,37.484,-37.436,-34.315,-60.604,-26.582,1.397,0.821,11.331,99.408,-0.038,1011.172,31.721,31.667,1204.035,34.829,30.039,1.369,884.424,32.595,-18.512,-39.605,-58.896,-30.894,-2.017,-0.422,8.628,109.45,-0.019,-0.878,-0.904,1.748,36.5
1,1,1,725.629,33.423,33.468,1559.459,40.716,32.993,1.575,1439.64,39.532,-39.039,-43.933,-59.195,-25.175,-0.604,-4.483,12.542,92.666,-0.026,1049.674,31.379,31.318,1167.449,33.15,29.97,1.462,910.788,31.155,-39.301,-44.016,-56.78,-31.825,-3.182,-3.237,7.081,106.685,-0.019,-0.801,-0.805,1.508,39
2,1,2,749.924,33.405,33.445,1519.424,41.569,32.94,1.575,1391.641,40.4,-38.548,-43.856,-58.345,-25.386,-0.198,-4.432,12.357,95.331,-0.025,1084.166,31.508,31.446,1216.304,32.768,29.967,1.481,930.8,30.46,-39.903,-44.498,-58.417,-31.879,-2.823,-3.148,6.532,112.526,-0.018,-0.804,-0.826,1.402,38
3,1,3,759.503,33.423,33.493,1567.766,40.733,33.074,1.612,1458.835,39.747,-38.152,-43.303,-58.692,-25.214,0.033,-4.221,11.984,97.555,-0.027,1100.444,31.608,31.556,1231.76,33.192,30.007,1.481,935.627,30.588,-37.433,-42.179,-59.235,-31.222,-2.57,-2.976,6.239,113.323,-0.018,-0.784,-0.78,1.476,36.5
4,1,4,780.133,33.394,33.416,1508.602,41.582,33.017,1.575,1405.008,40.731,-37.33,-43.775,-58.96,-24.186,-0.524,-4.27,12.625,92.587,-0.024,1121.624,31.738,31.653,1251.533,33.404,30.006,1.462,941.54,30.388,-39.5,-43.437,-58.505,-31.011,-2.82,-3.028,6.742,110.841,-0.017,-0.797,-0.804,1.85,37.222
5,1,5,748.496,33.511,33.57,1596.419,40.717,33.002,1.575,1453.251,39.246,-38.866,-43.529,-58.909,-23.74,0.637,-3.71,12.353,93.83,-0.027,1074.866,31.285,31.22,1164.904,32.479,30.04,1.481,918.611,31.391,-40.041,-45.036,-57.696,-29.721,-1.406,-2.447,6.848,110.247,-0.018,-0.799,-0.844,1.683,36
6,1,6,751.739,33.427,33.488,1557.438,40.959,33.043,1.612,1440.373,39.969,-37.905,-42.643,-58.615,-22.408,0.008,-4.366,12.247,92.98,-0.025,1088.892,31.487,31.437,1194.569,33.294,29.987,1.485,913.888,31.174,-38.028,-42.478,-58.227,-28.862,-2.781,-3.128,6.601,109.753,-0.018,-0.772,-0.782,1.626,36
7,1,7,746.664,33.518,33.581,1616.381,40.32,32.921,1.577,1450.579,38.589,-39.218,-42.795,-58.855,-24.747,0.001,-4.338,12.058,96.397,-0.026,1072.456,31.525,31.473,1209.542,33.162,29.996,1.481,924.357,30.88,-37.862,-43.003,-58.699,-31.388,-2.582,-2.988,6.209,115.977,-0.019,-0.801,-0.806,1.731,37
8,1,8,784.033,33.474,33.539,1642.63,39.287,32.912,1.575,1485.005,37.619,-38.55,-42.678,-58.764,-25.632,0.574,-4.415,11.992,96.64,-0.028,1138.905,31.407,31.34,1194.258,32.568,29.915,1.462,913.818,30.661,-38.827,-45.291,-58.182,-32.268,-2.769,-3.095,6.79,111.21,-0.018,-0.826,-0.827,1.679,35.5
9,1,9,773.46,33.428,33.471,1570.284,40.466,33.062,1.612,1462.154,39.549,-37.39,-43.992,-59.386,-24.707,-0.289,-4.408,12.079,95.844,-0.025,1105.707,31.513,31.432,1229.504,32.314,30.063,1.5,952.701,30.428,-38.772,-42.123,-59.048,-31.404,-2.814,-3.068,6.188,116.228,-0.017,-0.797,-0.813,1.78,37
10,1,10,766.03,33.475,33.55,1639.541,39.463,32.909,1.575,1477.935,37.772,-40.146,-43.386,-59.492,-24.696,-0.244,-4.57,12.411,92.6,-0.027,1105.113,31.452,31.383,1180.794,33.273,30.064,1.462,918.003,31.584,-39.916,-45.178,-58.822,-30.771,-2.887,-3.108,7.158,108.726,-0.018,-0.803,-0.807,1.395,35.5
11,1,11,773.001,33.525,33.603,1640.459,39.925,33.084,1.61,1504.672,38.627,-40.601,-43.602,-59.19,-24.654,-0.862,-4.457,12.096,94.775,-0.026,1106.343,31.64,31.57,1234.982,33.21,30.035,1.481,939.783,30.651,-39.389,-43.786,-58.676,-30.9,-3.088,-3.207,6.424,115.161,-0.018,-0.81,-0.809,1.502,36
12,1,12,740.443,33.364,33.431,1563.808,40.258,32.977,1.612,1446.233,39.213,-36.334,-43.404,-59.623,-24.559,0.808,-4.45,12.192,94.074,-0.026,1061.476,31.295,31.237,1160.13,32.743,30.063,1.5,918.996,31.548,-38.766,-44.283,-58.952,-30.742,-2.75,-3.06,6.727,111.249,-0.017,-0.797,-0.824,1.663,36
13,1,13,761.025,33.469,33.537,1615.973,39.922,32.911,1.575,1460.015,38.252,-37.276,-43.165,-58.795,-25.779,0.694,-4.515,12.082,97.333,-0.027,1101.722,31.468,31.404,1208.96,32.649,30.007,1.481,931.354,30.726,-39.038,-43.542,-58.694,-31.756,-2.802,-3.099,6.337,115.443,-0.018,-0.803,-0.808,1.733,37.5
14,1,14,763.57,33.439,33.499,1551.26,41.223,32.934,1.575,1408.821,39.851,-38.95,-43.467,-58.888,-24.526,-0.543,-4.36,12.182,96.433,-0.026,1093.177,31.57,31.513,1230.326,32.904,29.971,1.481,935.532,30.34,-38.913,-41.774,-58.871,-30.95,-2.705,-3.073,6.33,114.305,-0.018,-0.79,-0.788,1.795,35
15,1,15,758.793,33.463,33.539,1604.603,40.221,33.066,1.607,1481.292,39.077,-39.222,-43.696,-58.907,-25.623,0.162,-4.424,11.867,100.934,-0.026,1101.679,31.539,31.49,1219.276,33.023,30.041,1.481,936.53,30.794,-38.037,-41.778,-58.708,-31.943,-2.817,-3.111,6.062,119.749,-0.019,-0.795,-0.809,1.567,37
16,1,16,753.727,33.492,33.594,1658.762,39.407,33.037,1.612,1516.892,37.899,-41.506,-43.287,-59.213,-24.735,-0.768,-4.406,11.894,95.775,-0.027,1089.583,31.61,31.548,1207.119,33.802,29.944,1.462,911.545,30.939,-39.305,-44.19,-58.772,-30.824,-3.049,-3.227,6.671,112.478,-0.018,-0.804,-0.815,1.542,35.5
17,1,17,791.696,33.465,33.51,1585.354,40.44,33.029,1.575,1461.14,39.277,-36.865,-42.919,-59.159,-24.499,0.046,-4.28,12.217,94.372,-0.026,1146.085,31.307,31.258,1177.758,32.413,29.961,1.462,913.021,31.012,-39.437,-43.129,-58.765,-30.876,-2.871,-3.125,6.752,111.109,-0.019,-0.807,-0.818,1.783,37.5
18,1,18,774.892,33.463,33.503,1566.379,40.862,32.963,1.575,1427.256,39.607,-39.77,-44.297,-58.748,-24.771,-0.824,-4.521,12.378,93.91,-0.025,1110.829,31.443,31.375,1178.185,33.281,29.919,1.462,899.083,31.188,-40.806,-44.258,-58.373,-31.039,-3.257,-3.26,6.672,112.325,-0.018,-0.837,-0.838,1.569,39
19,1,19,752.046,33.478,33.547,1593.661,40.573,32.958,1.575,1445.43,39.057,-38.385,-43.542,-58.876,-25.072,0.317,-4.481,12.343,95.392,-0.027,1075.809,31.718,31.663,1235.97,33.901,30.004,1.462,933.08,30.649,-37.977,-41.39,-59.088,-31.099,-2.747,-3.101,6.771,110.575,-0.018,-0.804,-0.812,1.272,38
20,1,20,771.132,33.464,33.527,1616.913,39.804,33.068,1.608,1495.93,38.715,-40.907,-43.187,-59.146,-22.406,-0.473,-4.322,12.565,88.125,-0.027,1112.854,31.496,31.432,1184.844,33.53,29.993,1.462,906.28,31.476,-39.757,-43.691,-58.818,-29.056,-2.904,-3.113,7.201,106.372,-0.018,-0.807,-0.823,1.316,36.5
21,1,21,725.635,33.65,33.74,1640.22,41.213,32.966,1.575,1488.081,38.014,-37.332,-33.169,-60.689,-29.812,0.714,-0.203,11.14,101.929,-0.034,1026.944,31.454,31.449,1180.796,33.781,30.032,1.406,869.73,33.098,-19.396,-37.171,-59.677,-29.867,-1.358,-0.313,8.437,112.227,-0.018,-0.801,-0.805,1.508,39
22,1,22,725.663,33.756,33.864,1697.985,40.962,32.937,1.575,1512.31,37.148,-38.324,-31.663,-60.586,-29.642,0.924,-0.243,11.038,102.784,-0.034,1068.841,31.599,31.595,1215.258,33.94,30.029,1.404,876.332,32.821,-18.823,-36.082,-62.094,-33.201,-1.224,-0.261,8.271,118.021,-0.02,-0.804,-0.826,1.402,38
23,1,23,730.776,33.684,33.772,1651.276,41.244,32.974,1.575,1493.624,37.939,-36.094,-32.163,-59.964,-30.43,1.091,-0.121,11.011,104.67,-0.033,1069.324,31.554,31.571,1223.037,33.545,30.039,1.406,887.628,32.477,-20.454,-37.271,-58.885,-30.119,-1.346,-0.297,8.178,119.134,-0.02,-0.784,-0.78,1.476,36.5
24,1,24,716.929,33.745,33.841,1657.257,41.753,32.981,1.575,1486.13,38.195,-37.158,-32.279,-59.485,-29.379,0.673,-0.242,11.116,103.772,-0.032,1050.082,31.636,31.652,1225.017,34.118,30.028,1.404,883.001,32.568,-18.118,-36.952,-59.847,-31.759,-1.298,-0.343,8.337,115.797,-0.02,-0.797,-0.804,1.85,37.222
25,1,25,735.993,33.799,33.876,1661.143,41.992,33.075,1.573,1501.439,38.632,-36.961,-32.979,-60.348,-29.771,0.846,-0.105,11.422,99.233,-0.033,1034.88,31.61,31.613,1218.541,33.991,29.907,1.388,873.833,32.005,-17.291,-37.405,-58.725,-30.09,-1.462,-0.436,8.369,114.026,-0.019,-0.799,-0.844,1.683,36
26,1,26,728.772,33.701,33.786,1656.465,41.243,32.94,1.575,1487.608,37.799,-38.01,-32.514,-60.419,-29.772,1.07,-0.186,11.085,104.19,-0.033,1046.046,31.412,31.401,1196.877,32.959,30.042,1.425,884.091,32.635,-17.861,-37.453,-61.996,-31.632,-1.237,-0.247,8.233,114.935,-0.018,-0.772,-0.782,1.626,36
27,1,27,718.903,33.785,33.878,1678.881,41.56,32.955,1.575,1494.653,37.744,-37.786,-33.072,-60.464,-28.571,0.828,-0.205,11.087,101.74,-0.033,1029.799,31.555,31.541,1211.868,33.615,30.081,1.425,890.728,32.679,-16.979,-37.086,-61.158,-32.366,-1.182,-0.236,8.355,111.62,-0.018,-0.801,-0.806,1.731,37
28,1,28,724.094,33.74,33.799,1622.153,42.243,33.087,1.575,1481.051,39.267,-36.054,-33.771,-60.858,-28.883,1.123,0.009,11.366,101.389,-0.032,1053.744,31.577,31.578,1218.79,33.716,29.937,1.392,873.336,32.241,-19.072,-37.293,-58.891,-30.655,-1.334,-0.335,8.406,114.616,-0.019,-0.826,-0.827,1.679,35.5
29,1,29,713.952,33.69,33.765,1626.063,41.804,32.964,1.575,1467.723,38.523,-36.952,-31.495,-59.958,-27.314,1.154,-0.184,10.942,101.344,-0.032,1047.858,31.555,31.561,1197.348,34.184,29.964,1.388,856.82,33.068,-19.256,-37.451,-58.844,-31.198,-1.278,-0.395,8.502,112.56,-0.019,-0.797,-0.813,1.78,37
30,1,30,733.899,33.707,33.806,1673.94,41.003,33.005,1.594,1513.706,37.704,-38.014,-31.389,-60.475,-29.441,0.957,-0.167,10.879,105.486,-0.032,1058.865,31.429,31.413,1195.072,33.101,30.087,1.425,883.825,32.984,-19.49,-37.356,-61.302,-32.17,-1.23,-0.27,8.21,117.221,-0.017,-0.803,-0.807,1.395,35.5
31,1,31,740.661,33.716,33.775,1625.854,41.91,33.083,1.575,1491.065,38.974,-34.621,-31.757,-59.37,-28.439,1.246,-0.025,11.508,98.884,-0.032,1046.906,31.368,31.349,1188.553,32.793,30.048,1.425,893.424,32.335,-16.901,-35.529,-60.217,-32.057,-1.284,-0.298,8.493,110.101,-0.018,-0.81,-0.809,1.502,36
32,1,32,752.779,33.711,33.827,1684.15,40.948,33.006,1.59,1519.208,37.578,-38.743,-32.942,-60.365,-29.228,1.035,-0.119,10.912,103.742,-0.034,1064.891,31.535,31.524,1213.049,33.456,30.011,1.406,875.096,32.733,-18.394,-37.091,-63.313,-32.955,-1.328,-0.302,8.201,118.12,-0.019,-0.797,-0.824,1.663,36
33,1,33,736.244,33.742,33.823,1640.532,41.995,32.968,1.575,1471.492,38.452,-36.425,-32.075,-60.549,-28.557,1.085,-0.179,11.131,100.989,-0.032,1047.955,31.541,31.541,1196.678,34.048,30.029,1.406,868.573,33.113,-19.397,-36.763,-59.084,-31.748,-1.222,-0.295,8.315,114.291,-0.019,-0.803,-0.808,1.733,37.5
34,1,34,737.945,33.7,33.816,1674.69,41.08,32.927,1.577,1498.536,37.407,-37.437,-32.668,-59.885,-30.866,1.063,-0.208,10.909,105.893,-0.034,1056.894,31.567,31.571,1220.595,33.606,30.013,1.406,886.139,32.342,-18.811,-37.379,-62.362,-30.588,-1.298,-0.31,8.192,119.598,-0.02,-0.79,-0.788,1.795,35
35,1,35,740.705,33.722,33.832,1684.493,40.984,32.973,1.575,1513.477,37.434,-38.607,-32.735,-60.602,-30.848,1.152,-0.208,11.351,100.124,-0.034,1072.453,31.496,31.492,1208.944,33.323,29.918,1.388,874.914,32.041,-17.876,-37.304,-61.601,-31.35,-1.405,-0.421,8.427,112.971,-0.019,-0.795,-0.809,1.567,37
36,1,36,756.677,33.778,33.869,1680.77,41.432,33.056,1.575,1518.112,38.039,-38.212,-32.19,-59.833,-30.604,1.092,-0.038,11.277,101.126,-0.034,1075.121,31.645,31.637,1222.891,34.063,29.991,1.388,874.197,32.62,-19.19,-36.578,-60.187,-30.29,-1.272,-0.326,8.568,114.18,-0.018,-0.804,-0.815,1.542,35.5
37,1,37,724.661,33.728,33.809,1648.583,41.661,33.025,1.575,1494.451,38.368,-36.911,-31.33,-60.42,-29.597,1.12,-0.072,11.105,101.425,-0.034,1055.977,31.283,31.276,1168.721,32.795,30.019,1.425,872.616,32.888,-16.752,-37.594,-60.655,-31.75,-1.26,-0.264,8.189,114.05,-0.019,-0.807,-0.818,1.783,37.5
38,1,38,731.953,33.731,33.79,1615.774,42.316,33.067,1.575,1471.539,39.339,-34.626,-31.995,-60.248,-30.262,1.277,-0.081,11.29,104.85,-0.031,1046.704,31.493,31.503,1202.459,33.585,30.017,1.406,878.337,32.656,-18.962,-37.499,-62.04,-29.915,-1.402,-0.376,8.195,117.541,-0.02,-0.837,-0.838,1.569,39
39,1,39,741.989,33.702,33.783,1652.458,41.316,32.942,1.575,1484.845,37.88,-37.847,-32.35,-60.3,-30.601,0.983,-0.097,10.984,103.297,-0.033,1071.643,31.471,31.471,1199.187,33.431,29.99,1.406,866.336,32.904,-17.647,-36.308,-58.769,-28.771,-1.206,-0.276,8.064,120.098,-0.018,-0.804,-0.812,1.272,38
40,1,40,742.268,33.764,33.855,1674.241,41.461,33.027,1.575,1508.985,38.011,-36.873,-31.444,-59.202,-27.499,1.18,-0.059,11.318,99.367,-0.033,1057.319,31.423,31.409,1187.163,33.293,30.019,1.406,870.226,32.975,-17.574,-37.623,-61.981,-32.61,-1.251,-0.274,8.601,109.942,-0.018,-0.807,-0.823,1.316,36.5
41,1,41,778.344,33.513,33.562,1649.300,39.337,33.056,1.612,1520.107,37.992,-39.338,-42.701,-58.533,-24.870,0.243,-4.346,12.088,92.381,-0.031,1110.152,31.477,31.471,1217.918,32.915,29.931,1.500,929.291,30.258,-37.079,-44.595,-57.025,-32.580,-4.550,-2.509,6.229,112.859,-0.021,-0.808,-0.736,1.594,37.500
42,1,42,775.495,33.617,33.693,1716.879,38.951,33.019,1.612,1547.857,36.993,-42.214,-42.812,-58.605,-26.180,-0.544,-4.347,11.741,96.926,-0.032,1108.763,31.315,31.298,1191.716,32.327,29.920,1.502,919.959,30.492,-37.640,-46.031,-57.491,-33.663,-4.639,-2.562,6.274,113.601,-0.021,-0.791,-0.728,1.618,35.500
43,1,43,769.133,33.547,33.638,1718.995,38.412,32.952,1.612,1549.166,36.394,-43.240,-42.140,-57.881,-25.586,0.214,-4.306,11.731,96.537,-0.032,1105.494,31.283,31.254,1187.755,32.109,29.939,1.500,920.573,30.605,-36.487,-45.668,-57.412,-32.586,-4.562,-2.449,6.136,116.642,-0.019,-0.800,-0.741,1.502,36.000
44,1,44,781.623,33.565,33.616,1657.656,39.635,33.011,1.612,1504.237,37.989,-44.441,-41.897,-57.844,-26.616,-0.985,-4.319,11.628,100.202,-0.030,1112.159,31.458,31.445,1224.594,32.541,29.998,1.519,941.414,30.338,-38.037,-45.280,-57.229,-33.724,-4.661,-2.483,5.758,119.793,-0.020,-0.800,-0.745,1.509,35.000
45,1,45,776.290,33.657,33.701,1692.774,39.573,33.085,1.612,1535.362,37.862,-41.715,-39.157,-59.334,-25.624,-0.912,-4.156,11.864,95.470,-0.029,1118.040,31.482,31.472,1223.048,32.789,29.951,1.500,930.232,30.366,-36.981,-44.295,-55.712,-32.574,-4.555,-2.478,6.267,115.140,-0.020,-0.804,-0.741,1.257,39.000
46,1,46,769.092,33.548,33.657,1737.299,38.176,32.931,1.612,1559.859,35.968,-45.423,-41.992,-57.939,-26.414,-1.083,-4.441,11.667,98.167,-0.034,1086.219,31.239,31.231,1180.816,32.126,29.911,1.500,917.254,30.518,-37.718,-46.406,-57.427,-33.482,-4.698,-2.566,6.306,115.891,-0.021,-0.808,-0.746,1.427,37.000
47,1,47,775.576,33.535,33.593,1654.718,39.493,33.038,1.612,1513.270,38.004,-40.120,-42.226,-58.128,-25.018,-0.052,-4.346,12.029,94.977,-0.030,1104.741,31.335,31.313,1199.211,32.240,30.012,1.513,933.171,30.708,-37.111,-45.976,-56.798,-32.505,-4.557,-2.464,6.221,116.250,-0.020,-0.802,-0.744,1.473,37.000
48,1,48,772.594,33.498,33.573,1676.744,38.792,33.035,1.612,1539.920,37.321,-40.316,-42.286,-58.117,-25.684,-0.184,-4.339,12.071,95.174,-0.032,1107.625,31.376,31.370,1205.070,32.502,29.982,1.500,933.338,30.485,-36.577,-44.165,-56.810,-33.088,-4.495,-2.479,6.412,113.493,-0.021,-0.795,-0.732,1.380,38.500
49,1,49,778.106,33.544,33.662,1789.468,37.101,33.069,1.650,1638.803,35.340,-43.945,-42.321,-58.189,-24.954,-0.247,-4.399,11.772,93.540,-0.035,1113.627,31.345,31.323,1194.653,32.436,29.970,1.500,923.165,30.739,-36.291,-45.746,-57.546,-32.305,-4.666,-2.553,6.280,115.352,-0.020,-0.805,-0.749,1.741,38.000
50,1,50,761.006,33.535,33.600,1651.119,39.645,33.062,1.612,1515.053,38.164,-40.296,-42.032,-58.615,-24.671,-0.415,-4.242,12.092,93.118,-0.030,1087.283,31.323,31.310,1193.531,32.369,29.907,1.500,919.908,30.400,-36.496,-46.477,-57.964,-32.673,-4.681,-2.549,6.561,110.974,-0.020,-0.824,-0.759,1.524,36.500
51,1,51,785.391,33.614,33.676,1684.636,39.543,33.054,1.612,1527.350,37.794,-42.078,-41.961,-58.367,-24.622,-0.544,-4.268,11.990,92.916,-0.031,1120.874,31.348,31.321,1203.965,32.167,29.914,1.500,924.495,30.296,-37.562,-45.059,-56.490,-32.416,-4.631,-2.553,6.379,111.048,-0.019,-0.805,-0.751,1.510,36.500
52,1,52,776.967,33.592,33.650,1712.015,38.678,33.072,1.612,1563.737,37.068,-43.204,-42.446,-59.764,-25.903,-0.402,-4.200,11.875,95.429,-0.032,1106.881,31.223,31.190,1185.789,31.689,29.963,1.500,929.373,30.481,-37.645,-45.983,-56.454,-32.353,-4.566,-2.466,6.402,116.023,-0.019,-0.806,-0.751,1.798,35.500
53,1,53,777.020,33.595,33.647,1668.299,39.658,32.999,1.594,1505.732,37.848,-41.265,-41.813,-58.192,-25.509,0.028,-4.330,11.911,96.432,-0.030,1103.586,31.372,31.346,1218.348,31.973,29.916,1.500,935.168,29.967,-36.878,-4534.212,-57.824,-33.250,-4.504,-2.471,6.006,116.567,-0.019,-0.817,-0.753,1.655,37.500
54,1,54,773.074,33.546,33.644,1727.867,38.264,33.050,1.612,1576.702,36.572,-42.377,-41.661,-58.074,-24.066,0.359,-4.265,12.134,92.741,-0.033,1111.644,31.442,31.430,1220.233,32.542,30.088,1.500,950.529,30.669,-37.150,-46.040,-57.522,-31.816,-4.271,-2.298,6.757,110.577,-0.021,-0.804,-0.741,1.739,35.500
55,1,55,781.163,33.587,33.652,1663.240,39.825,33.074,1.612,1516.440,38.242,-42.117,-41.421,-58.309,-24.925,-0.076,-4.218,12.007,94.548,-0.031,1113.879,31.385,31.386,1205.839,32.601,29.947,1.500,924.886,30.517,-37.015,-44.581,-57.707,-32.497,-4.487,-2.458,6.504,111.404,-0.020,-0.795,-0.740,1.553,37.000
56,1,56,781.912,33.616,33.675,1667.478,39.938,32.908,1.575,1479.420,37.725,-41.117,-42.069,-58.029,-25.061,-0.523,-4.345,12.077,94.203,-0.030,1119.634,31.538,31.526,1238.607,32.781,29.981,1.500,941.048,30.227,-37.175,-43.922,-58.015,-32.768,-4.465,-2.390,6.255,114.879,-0.020,-0.809,-0.731,1.578,36.500
57,1,57,757.910,33.525,33.624,1712.343,38.439,32.933,1.614,1541.543,36.412,-42.164,-41.831,-57.904,-25.184,-0.215,-4.436,11.788,94.297,-0.033,1070.097,31.336,31.311,1189.306,32.490,30.018,1.513,930.276,30.843,-37.766,-44.865,-57.918,-32.680,-4.571,-2.470,6.546,113.059,-0.020,-0.843,-0.766,1.433,37.000
58,1,58,787.151,33.585,33.661,1708.874,38.843,32.989,1.612,1541.043,36.900,-43.006,-41.206,-58.079,-24.415,-0.477,-4.408,12.004,92.535,-0.032,1121.636,31.385,31.376,1205.960,32.522,29.928,1.500,925.655,30.361,-36.754,-44.578,-58.255,-32.201,-4.579,-2.528,6.543,110.302,-0.020,-0.809,-0.751,1.751,35.500
59,1,59,776.179,33.608,33.671,1688.056,39.410,33.037,1.612,1528.593,37.617,-41.986,-41.886,-58.169,-26.067,-0.123,-4.240,11.651,98.190,-0.032,1116.899,31.518,31.499,1250.611,32.262,30.030,1.519,959.531,29.981,-37.106,-44.564,-58.078,-33.390,-4.395,-2.373,5.989,116.411,-0.019,-0.801,-0.732,1.497,37.500
60,1,60,777.647,33.526,33.637,1723.611,38.302,32.971,1.612,1557.095,36.363,-42.732,-41.634,-58.102,-23.846,-0.224,-4.367,11.885,92.197,-0.033,1111.386,31.432,31.413,1220.330,32.414,29.990,1.500,937.463,30.406,-36.908,-45.077,-58.207,-31.874,-4.502,-2.439,6.330,113.775,-0.020,-0.813,-0.747,1.694,37.000
