Header Section,,,,,,,,,,,,,,,,,,,,,,,,,,,,,,,
,,,,,,,,,,,,,,,,,,,,,,,,,,,,,,,
Data Section,,,,,,,,,,,,,,,,,,,,,,,,,,,,,,,
Device#,1,2,3,4,5,6,7,8,9,10,11,12,13,14,15,16,17,18,19,20,21,22,23,24,25,26,27,28,29,30,31
Test Item,I_GSM_IDEL,I_DCS_IDEL,RF_GSM_MAX_3dBm,ICC_GSM,RF_GSM_PAE,RF_GSM_MAX_33,RF_GSM_P2H,RF_GSM_P3H,RF_GSM_FWD_ISO01,RF_GSM_FWD_ISO02,RF_GSM_CMOS_OUT,RF_GSM_SLOPE_OUT,RF_GSM_STRESS_DETAL,RF_DCS_MAX_3dBm,ICCDCS,RF_DCS_PAE,RF_DCS_MAX_30,RF_DCS_P2H,RF_DCS_P3H,RF_DCS_FWD_ISO01,RF_DCS_FWD_ISO02,RF_DCS_CMOS_OUT,RF_DCS_SLOPE_OUT,RF_DCS_STRESS_DETAL,RF_LB_TX_RXLB,RF_LB_TX_RXHB,RF_HB_TX_RXLB,RF_HB_TX_RXHB,RF_RX_LB_IL,RF_RX_HB_IL,Leakage
Lower Tolerance,60,60,0.2,60,,,1.5,1.5,3,2,1.5,,,0.2,60,,,1.5,1.5,3,2,1.5,,,0.5,0.5,0.5,0.5,0.2,0.2,5
Upper Tolerance,60,60,0.2,60,,,1.5,1.5,3,2,1.5,,,0.2,60,,,1.5,1.5,3,2,1.5,,,0.5,0.5,0.5,0.5,0.2,0.2,5
Enable,1,1,1,1,0,0,1,1,1,1,1,0,0,1,1,0,0,1,1,1,1,1,0,0,1,1,1,1,1,1,1
31,999.3,732.434,33.832,1573.933,42.649,33.044,-41.737,-37.216,-65.248,-26.914,13.04,237.384,0.08,31.452,955.707,40.604,30.036,-44.977,-33.282,-53.427,-22.593,5.392,278.49,0,-2.461,0.927,0.442,1.596,-1.09,-1.443,0.823
32,986.699,732.463,34.008,1712.483,40.818,33.03,-45.594,-37.719,-66.629,-26.734,12.837,220.858,0.06,31.277,935.566,39.843,30.018,-36.669,-33.607,-53.946,-22.224,6.448,273.159,-0.005,-2.257,1.061,0.36,1.414,-1.111,-1.462,-1.591
33,996.277,737.685,33.975,1678.677,41.324,33.087,-41.834,-36.781,-66.146,-26.734,12.594,233.187,0.076,31.392,958.835,39.916,30.013,-37.237,-33.272,-53.917,-22.73,5.584,281.564,-0.004,-2.358,0.816,0.52,1.445,-1.105,-1.461,-2.557
34,989.823,730.631,33.997,1688.234,41.297,33.039,-43.748,-36.578,-65.824,-26.861,12.811,239.598,0.079,31.267,928.383,40.054,30.017,-38.773,-33.507,-53.398,-22.549,5.783,281.562,0.006,-2.153,1.079,0.452,1.459,-1.109,-1.472,1.789
35,986.219,730.433,33.993,1661.194,41.939,33.061,-43.321,-36.384,-65.864,-26.994,9.506,311.397,0.072,31.446,952.033,40.703,30.023,-36.963,-33.396,-53.97,-22.939,-2.166,279.578,-0.003,-2.294,0.88,0.567,1.452,-1.112,-1.472,2.594
36,990.251,730.245,34.02,1688.368,41.517,33.058,-43.288,-37.14,-65.933,-26.666,12.155,242.361,0.076,31.309,927.489,40.485,29.992,-37.74,-33.68,-53.462,-22.146,5.372,283.069,-0.003,-2.363,0.955,0.27,1.377,-1.114,-1.462,0.662
37,986.799,728.507,33.972,1661.458,41.73,33.052,-43.33,-37.736,-65.96,-26.632,12.494,237.356,0.068,31.3,935.022,40.074,30.031,-38.24,-33.442,-53.765,-22.439,4.841,285.105,0.013,-2.383,0.902,0.298,1.343,-1.126,-1.463,0.823
38,996.923,729.504,34.046,1684.19,41.872,33.019,-47.483,-37.276,-68.183,-26.723,12.673,234.165,0.066,31.41,948.885,40.498,30.027,-43.211,-32.686,-53.846,-22.029,6.164,282.718,-0.005,-2.087,1.242,0.508,1.518,-1.126,-1.47,-2.235
39,1004.403,741.013,34.043,1682.744,41.877,33.041,-45.04,-37.322,-66.83,-26.809,12.148,257.518,0.074,31.448,959.859,40.395,30.017,-33.741,-30.951,-54.023,-22.425,4.592,287.66,-0.001,-2.203,1.212,0.505,1.479,-1.116,-1.484,1.95
40,982.901,730.215,34.013,1690.897,41.392,33.053,-44.238,-36.666,-66.236,-26.769,10.861,287.237,0.072,31.277,931.358,40.019,30.023,-38.175,-33.632,-54.438,-22.917,1.535,294.57,0,-2.338,1.086,0.237,1.292,-1.121,-1.494,-1.269
41,989.283,733.793,33.941,1632.402,42.165,33.044,-41.74,-37.171,-66.158,-26.582,12.971,221.602,0.072,31.483,970.915,40.255,30.035,-40.566,-32.806,-54.19,-22.223,6.566,276.379,-0.005,-2.178,1.07,0.656,1.662,-1.103,-1.45,-0.143
42,992.406,726.027,33.958,1650.029,41.882,33.04,-43.54,-36.852,-65.543,-29.19,13.799,196.351,0.064,31.461,969.361,40.116,30.041,-40.709,-33.042,-53.871,-25.519,7.757,268.516,0.005,-2.302,1.026,0.519,1.569,-1.133,-1.475,0.179
43,989.956,727.06,33.943,1667.706,41.296,33.038,-43.786,-38.416,-65.333,-26.817,9.951,306.273,0.076,31.444,961.259,40.294,30.029,-40.982,-33.383,-55.006,-22.501,-0.321,289.864,-0.009,-2.359,0.874,0.546,1.608,-1.106,-1.466,-1.752
44,992.953,734.184,33.979,1656.418,41.919,33.067,-44.107,-37.262,-65.999,-26.878,13.321,197.714,0.069,31.486,967.471,40.423,30.032,-47.703,-32.259,-54.605,-22.164,7.636,265.522,-0.004,-2.093,1.795,0.622,2.621,-1.118,-1.533,-2.074
45,986.543,725.411,33.946,1671.332,41.234,33.063,-45.545,-37.506,-66.723,-27.548,13.442,200.876,0.064,31.361,939.599,40.443,30.036,-37.632,-32.677,-54.299,-23.012,7.473,271.675,-0.005,-2.307,1.017,0.459,1.463,-1.115,-1.473,1.789
46,973.81,721.703,33.896,1626.083,41.893,33.046,-42.832,-37.06,-65.543,-26.777,13.308,219.098,0.063,31.238,930.873,39.684,30.008,-40.009,-33.566,-54.799,-22.814,6.692,279.308,0.005,-2.332,0.966,0.343,1.352,-1.126,-1.477,-0.626
47,996.6,731.409,34.029,1694.128,41.465,33.03,-45.025,-37.044,-66.658,-26.704,11.956,259.879,0.072,31.496,971.704,40.34,30.011,-41.933,-32.673,-54.828,-22.356,4.293,284.245,-0.004,-1.95,1.128,0.904,1.676,-1.12,-1.507,-0.143
48,986.48,721.67,33.964,1666.153,41.533,33.045,-42.295,-37.391,-65.952,-26.91,13.559,197.703,0.064,31.426,955.851,40.356,30.026,-39.036,-33.409,-54.653,-23.36,7.618,270.529,0.015,-2.298,0.994,0.508,1.528,-1.125,-1.475,0.501
49,1000.246,730.501,33.925,1661.484,41.279,33.051,-42.265,-36.745,-65.808,-26.785,12.923,226.641,0.074,31.395,956.145,40.057,30.025,-41.552,-32.936,-54.312,-22.715,5.858,273.082,0.001,-2.374,0.738,0.512,1.501,-1.123,-1.491,-2.718
50,988.668,730.831,33.964,1652.939,41.866,33.053,-43.169,-38.279,-66.779,-27.467,13.515,185.978,0.062,31.398,947.004,40.47,30.028,-42.08,-32.164,-54.251,-23.558,7.963,266.497,-0.007,-2.27,1.086,0.425,1.516,-1.111,-1.478,-4.327
51,1003.758,737.725,33.907,1616.316,42.258,33.049,-42.344,-36.183,-65.529,-27.604,13.692,198.361,0.073,31.363,953.341,39.877,30.023,-38.702,-33.791,-54.514,-23.5,7.233,272.036,0.006,-2.368,0.933,0.417,1.481,-1.127,-1.48,4.364
52,1004.4,737.666,33.907,1616.058,42.265,33.059,-43.249,-36.315,-65.196,-27.495,13.686,189.927,0.071,31.359,947.115,40.103,30.038,-41.588,-33.425,-54.288,-24.01,7.18,270.177,0.003,-2.313,0.948,0.45,1.421,-1.141,-1.483,0.501
53,993.15,733.667,33.944,1644.125,41.892,33.039,-42.213,-37.254,-64.371,-26.799,12.261,254.803,0.071,31.244,928.068,39.857,30.014,-40.942,-33.544,-54.849,-22.528,3.829,284.178,0.01,-2.363,0.813,0.329,1.392,-1.135,-1.486,-4.971
54,990.219,727.119,33.902,1671.882,40.802,33.057,-44.476,-36.543,-65.422,-26.773,12.994,208.574,0.058,31.153,917.725,39.476,30.041,-40.332,-33.965,-54.224,-22.625,6.624,276.741,0.009,-2.385,0.735,0.243,1.225,-1.121,-1.478,-4.649
55,993.053,729.572,33.944,1660.737,41.476,33.039,-44.341,-36.093,-66.419,-26.974,13.082,213.993,0.068,31.495,976.414,40.142,30.021,-39.546,-33.008,-54.338,-22.877,6.361,271.942,-0.011,-2.319,0.956,0.575,1.575,-1.148,-1.5,-1.752
56,993.055,729.894,33.867,1613.89,41.925,33.077,-42.538,-35.526,-65.084,-26.684,13.182,217.223,0.067,31.29,940.712,39.737,30.037,-40.12,-32.95,-54.665,-22.412,6.711,273.809,0.01,-2.44,0.893,0.377,1.368,-1.149,-1.479,-1.108
57,983.965,726.541,33.908,1646.98,41.479,33.033,-41.912,-37.8,-66.26,-27.23,13.355,221.497,0.078,31.258,934.959,39.695,30.035,-37.93,-33.746,-54.668,-22.599,6.401,271.794,0.013,-2.366,0.887,0.395,1.427,-1.14,-1.499,-1.591
58,1003.275,735.987,34.018,1696.112,41.307,33.022,-44.594,-37.629,-65.665,-26.861,12.989,238.666,0.076,31.223,920.898,39.973,30.031,-40.847,-33.692,-55.409,-22.718,6.02,279.968,-0.009,-2.253,0.981,0.36,1.289,-1.136,-1.499,0.823
59,985.869,728.053,33.94,1640.199,41.955,33.047,-42.137,-37.439,-66.494,-26.605,13.116,223.266,0.059,31.281,934.192,39.935,30.024,-40.932,-33.438,-54.803,-22.51,6.49,275.269,0.011,-2.315,0.803,0.346,1.415,-1.137,-1.488,-3.845
60,1000.499,740.921,33.954,1641.63,42.054,33.026,-41.15,-36.544,-66.031,-26.593,13.221,223.417,0.066,31.35,955.282,39.678,30.031,-42.96,-33.493,-55.645,-22.355,5.887,276.168,0.001,-2.379,0.848,0.318,1.345,-1.153,-1.502,0.984
