Header Section,,,,,,,,,,,,,,,,,,,,,,,,,,,,,,,,,,,,,,
,,,,,,,,,,,,,,,,,,,,,,,,,,,,,,,,,,,,,,
Data Section,,,,,,,,,,,,,,,,,,,,,,,,,,,,,,,,,,,,,,
Device#,1,2,3,4,5,6,7,8,9,10,11,12,13,14,15,16,17,18,19,20,21,22,23,24,25,26,27,28,29,30,31,32,33,34,35,36,37,38
Test Item,Site No,Device ID,GSM Idle Current,GSM900 Max Pout@0dBm drive,GSM900 Max Pout,GSM900 Max Icc,GSM900 Max PAE,GSM900 Max Fwd Iso1,GSM900 Max Fwd Iso2,GSM900 CMOS Pout,GSM900 Pout Slope1,GSM900 Rated Pout,GSM900 Rated Vramp,GSM900 2nd har@33dBm,GSM900 3rd har@33dBm,GSM900 Stress Delta,GSM900 Pout Leakage@RX0,GSM900 Pout Leakage@RX1,GSM900 Insertion Loss@RX0,DCS Idle Current,DCS1800 Max Pout@0dBm drive,DCS1800 Max Pout,DCS1800 Max Icc,DCS1800 Max PAE,DCS1800 Max Fwd Iso1,DCS1800 Max Fwd Iso2,DCS1800 CMOS Pout,DCS1800 Pout Slope1,DCS1800 Rated Pout,DCS1800 Rated Vramp,DCS1800 2nd har@33dBm,DCS1800 3rd har@33dBm,DCS1800 Stress Delta,DCS1800 Pout Leakage@RX0,DCS1800 Pout Leakage@RX1,DCS1800 Insertion Loss@RX0,Leakage Current,Leakage Current Delay Time
Lower Tolerance,,,60,0.3,0.3,60,,3,2,1,,,,2,2,,3,3,0.3,60,0.3,0.3,60,,3,2,1,,,,3,3,,3,3,0.3,5,
Upper Tolerance,,,60,0.3,0.3,60,,3,2,1,,,,2,2,,3,3,0.3,60,0.3,0.3,60,,3,2,1,,,,3,3,,3,3,0.3,5,
Enable,,,1,1,1,1,0,1,1,1,0,0,0,1,1,0,1,1,1,1,1,1,1,0,1,1,1,0,0,0,1,1,0,1,1,1,1,0
1,1,1,827.621,33.603,33.678,1620.968,41.114,-53.107,-27.616,10.938,133.024,33.000,1.516,-38.241,-37.243,-0.014,2.523,-2.037,-1.331,1000.367,31.578,31.697,1203.155,34.938,-65.902,-28.614,5.409,155.021,29.968,1.444,-35.831,-39.276,-0.023,1.310,0.480,-1.495,0.000,35.000
2,1,2,811.475,33.618,33.726,1638.961,41.112,-52.440,-29.244,11.202,130.466,32.990,1.519,-37.957,-36.215,-0.035,2.344,-2.068,-1.305,988.109,31.525,31.632,1181.537,35.046,-65.433,-30.646,5.324,156.253,29.970,1.444,-37.211,-40.954,-0.055,1.210,0.344,-1.487,0.000,35.000
3,1,3,823.849,33.613,33.719,1622.173,41.469,-53.107,-26.119,10.663,134.886,32.975,1.522,-38.326,-37.240,-0.048,2.305,-1.983,-1.311,997.397,31.589,31.709,1204.073,35.012,-64.812,-27.122,4.924,159.050,30.024,1.459,-36.424,-37.845,-0.036,1.340,0.518,-1.481,0.000,35.000
4,1,4,819.877,33.616,33.674,1615.216,41.216,-53.835,-24.543,10.793,134.372,32.969,1.519,-40.147,-35.906,-0.036,2.360,-2.016,-1.312,992.093,31.674,31.792,1206.276,35.616,-64.979,-26.643,4.931,162.517,30.007,1.444,-35.826,-37.800,-0.048,1.395,0.597,-1.469,0.000,35.000
5,1,5,829.277,33.735,33.839,1672.318,41.352,-53.403,-27.513,10.856,129.483,32.978,1.522,-43.124,-37.973,-0.052,2.519,-1.821,-1.304,996.381,31.567,31.674,1162.100,35.981,-64.488,-28.959,5.726,150.839,30.021,1.441,-35.587,-38.599,-0.029,1.267,0.494,-1.483,0.000,35.000
6,1,6,826.903,33.688,33.793,1658.483,41.257,-53.005,-26.397,10.677,131.873,33.014,1.531,-40.518,-37.910,-0.041,2.423,-1.990,-1.299,993.109,31.525,31.646,1167.346,35.589,-64.434,-27.621,4.997,159.440,29.980,1.445,-34.352,-37.359,-0.027,1.193,0.400,-1.472,0.000,35.000
7,1,7,819.746,33.651,33.788,1655.286,41.292,-53.101,-23.776,9.822,142.249,33.004,1.538,-40.244,-36.587,-0.042,2.289,-2.024,-1.311,1000.474,31.658,31.774,1204.122,35.537,-64.322,-25.895,4.579,167.763,29.996,1.450,-34.731,-36.247,-0.024,1.333,0.527,-1.489,0.000,35.000
8,1,8,827.809,33.624,33.737,1623.516,41.606,-53.035,-26.178,10.572,133.842,32.972,1.519,-38.925,-38.060,-0.039,2.173,-2.031,-1.324,992.675,31.494,31.600,1172.991,35.045,-65.601,-27.713,4.737,160.905,30.000,1.459,-35.903,-38.675,-0.024,1.229,0.345,-1.496,0.000,35.000
9,1,9,827.815,33.691,33.789,1651.563,41.392,-53.506,-26.159,10.688,131.968,32.994,1.525,-41.298,-38.091,-0.036,2.450,-1.917,-1.318,993.225,31.545,31.684,1169.395,35.843,-65.370,-27.964,4.997,159.738,29.976,1.444,-36.415,-37.449,-0.025,1.242,0.423,-1.484,0.000,35.000
10,1,10,813.212,33.623,33.767,1634.830,41.605,-53.349,-26.698,10.448,134.426,33.032,1.538,-40.583,-37.812,-0.057,2.235,-1.921,-1.316,994.397,31.525,31.674,1173.426,35.636,-65.007,-28.079,5.080,156.658,29.973,1.444,-35.765,-37.482,-0.046,1.277,0.446,-1.481,0.000,35.000
11,1,11,810.170,33.587,33.721,1616.796,41.632,-53.380,-27.864,10.682,134.822,33.010,1.538,-40.615,-36.304,-0.038,2.508,-1.992,-1.321,980.515,31.696,31.805,1219.237,35.346,-65.029,-29.778,5.065,154.622,30.001,1.450,-35.487,-36.172,-0.058,1.373,0.553,-1.491,0.000,35.000
12,1,12,825.522,33.621,33.776,1666.823,40.891,-53.319,-25.427,10.171,137.388,33.021,1.550,-40.527,-36.569,-0.040,2.364,-2.039,-1.324,994.823,31.648,31.747,1206.244,35.254,-63.482,-27.620,4.617,163.886,29.965,1.444,-36.041,-37.188,-0.052,1.324,0.435,-1.495,0.000,35.000
13,1,13,813.820,33.650,33.758,1615.604,42.012,-53.228,-28.200,10.699,131.825,32.983,1.519,-40.552,-38.022,-0.037,2.334,-1.865,-1.305,998.117,31.592,31.716,1183.880,35.658,-64.300,-29.657,5.343,151.703,29.980,1.448,-35.868,-37.670,-0.041,1.325,0.513,-1.481,0.000,35.000
14,1,14,803.279,33.660,33.743,1649.849,40.996,-53.061,-25.265,10.531,135.331,32.972,1.519,-40.617,-36.463,-0.035,2.292,-1.984,-1.312,993.236,31.654,31.774,1217.509,35.146,-66.048,-27.126,4.697,160.640,30.006,1.456,-35.073,-36.847,-0.043,1.327,0.495,-1.490,0.000,35.000
15,1,15,813.650,33.687,33.808,1660.060,41.364,-53.337,-29.442,10.737,129.267,33.027,1.538,-41.857,-37.592,-0.051,2.474,-2.002,-1.315,988.355,31.615,31.750,1192.571,35.684,-64.543,-30.605,4.749,157.649,29.990,1.447,-35.520,-36.514,-0.042,1.310,0.453,-1.494,0.000,35.000
16,1,16,825.166,33.588,33.672,1615.601,41.195,-53.775,-27.510,11.022,130.237,32.998,1.519,-37.963,-35.530,-0.041,2.360,-2.025,-1.309,998.338,31.662,31.780,1212.599,35.338,-65.504,-29.087,5.436,153.067,29.982,1.444,-35.097,-38.216,-0.040,1.389,0.522,-1.490,0.000,35.000
17,1,17,833.177,33.623,33.766,1662.310,40.907,-53.133,-25.615,10.824,131.835,32.994,1.519,-39.688,-35.993,-0.035,2.400,-1.982,-1.314,1014.127,31.648,31.758,1203.875,35.410,-65.018,-27.444,5.221,158.274,30.009,1.444,-35.657,-38.137,-0.043,1.350,0.508,-1.495,0.000,35.000
18,1,18,822.746,33.626,33.741,1645.203,41.096,-54.121,-25.811,10.166,137.083,32.995,1.538,-41.901,-37.000,-0.036,2.480,-1.860,-1.314,986.627,31.624,31.723,1201.221,35.206,-64.655,-27.687,4.622,160.807,29.982,1.447,-35.723,-36.904,-0.020,1.307,0.531,-1.484,0.000,35.000
19,1,19,816.319,33.547,33.670,1595.408,41.691,-53.214,-29.096,10.902,130.892,33.020,1.538,-39.062,-36.849,-0.032,2.257,-2.017,-1.316,989.583,31.602,31.739,1183.900,35.851,-64.366,-30.328,5.010,154.882,30.019,1.442,-35.604,-37.552,-0.057,1.342,0.504,-1.489,0.000,35.000
20,1,20,831.648,33.595,33.709,1617.277,41.497,-53.118,-27.769,10.400,137.395,32.971,1.522,-38.069,-36.596,-0.021,2.387,-1.971,-1.329,1000.943,31.701,31.814,1228.255,35.163,-64.637,-29.460,4.208,161.998,30.008,1.456,-35.191,-37.029,-0.047,1.385,0.576,-1.503,0.000,35.000
21,1,21,812.905,33.497,33.631,1597.562,41.263,-53.754,-28.664,10.450,134.940,32.959,1.538,-40.386,-36.920,-0.025,2.074,-2.027,-1.317,973.715,31.466,31.580,1163.823,35.162,-64.715,-30.198,5.124,155.209,29.974,1.444,-35.884,-38.240,-0.028,1.226,0.373,-1.491,0.000,35.000
22,1,22,825.485,33.561,33.707,1613.861,41.570,-53.495,-27.131,10.922,130.952,33.025,1.535,-37.554,-36.819,-0.043,2.183,-1.995,-1.327,998.251,31.739,31.827,1234.917,35.075,-64.752,-28.732,5.127,156.180,29.983,1.444,-35.772,-36.438,-0.036,1.441,0.611,-1.484,0.000,35.000
23,1,23,830.531,33.602,33.733,1619.584,41.675,-52.212,-27.299,10.424,137.466,32.965,1.519,-38.378,-36.615,-0.047,2.411,-1.987,-1.324,1005.983,31.726,31.832,1222.557,35.468,-65.450,-28.564,5.221,155.438,30.015,1.441,-35.191,-37.563,-0.028,1.414,0.591,-1.510,0.000,35.000
24,1,24,822.219,33.590,33.712,1609.877,41.723,-53.935,-26.476,10.526,135.801,32.958,1.519,-40.350,-37.407,-0.045,2.494,-1.941,-1.320,985.133,31.637,31.723,1202.573,35.167,-64.221,-27.771,4.700,159.331,29.988,1.447,-35.280,-36.647,-0.030,1.371,0.616,-1.486,0.000,35.000
25,1,25,825.586,33.585,33.676,1592.756,41.819,-53.203,-26.874,11.018,132.688,33.028,1.519,-37.077,-37.259,-0.027,2.280,-1.993,-1.309,1002.622,31.646,31.775,1218.351,35.126,-64.081,-28.092,5.046,156.559,29.999,1.450,-35.640,-37.156,-0.038,1.399,0.560,-1.475,0.000,35.000
26,1,26,805.008,33.614,33.743,1639.360,41.258,-53.262,-26.208,10.511,134.993,33.002,1.538,-40.839,-36.498,-0.042,2.189,-1.953,-1.339,981.946,31.701,31.794,1219.153,35.258,-65.285,-27.899,5.124,156.460,30.001,1.444,-34.773,-36.940,-0.038,1.366,0.573,-1.502,0.000,35.000
27,1,27,816.316,33.609,33.718,1638.417,41.052,-52.742,-23.797,10.208,139.157,32.998,1.538,-38.644,-37.010,-0.027,2.247,-2.088,-1.331,994.166,31.621,31.733,1200.622,35.303,-65.099,-25.901,4.910,166.595,30.002,1.456,-35.735,-38.879,-0.023,1.263,0.511,-1.492,0.000,35.000
28,1,28,799.186,33.651,33.783,1678.951,40.663,-53.221,-26.321,10.403,135.378,33.000,1.544,-42.746,-36.841,-0.048,2.451,-1.964,-1.322,981.888,31.668,31.766,1198.743,35.632,-64.999,-28.144,4.861,158.983,29.983,1.444,-35.700,-37.854,-0.030,1.362,0.489,-1.495,0.000,35.000
29,1,29,801.727,33.544,33.710,1642.125,40.878,-52.034,-22.475,10.458,138.809,33.015,1.550,-38.274,-35.914,-0.062,2.241,-2.005,-1.333,980.359,31.635,31.746,1210.500,35.123,-65.234,-24.964,4.921,168.929,29.999,1.447,-34.982,-38.036,-0.041,1.308,0.541,-1.506,0.000,35.000
30,1,30,817.266,33.629,33.770,1615.853,42.129,-54.348,-26.798,10.705,134.767,32.987,1.519,-41.389,-37.184,-0.042,2.461,-1.920,-1.305,993.732,31.666,31.797,1201.968,35.788,-64.771,-28.097,5.290,156.059,30.016,1.444,-35.091,-37.505,-0.053,1.373,0.541,-1.497,0.000,35.000
