Header Section,,,,,,,,,,,,,,,,,,,,,,,,,,,,,,,,,,,
,,,,,,,,,,,,,,,,,,,,,,,,,,,,,,,,,,,
Data Section,,,,,,,,,,,,,,,,,,,,,,,,,,,,,,,,,,,
Device#,1,2,3,4,5,6,7,8,9,10,11,12,13,14,15,16,17,18,19,20,21,22,23,24,25,26,27,28,29,30,31,32,33,34,35
Test Item,Site No,Device ID,I_GSM_IDEL,I_DCS_IDEL,RF_GSM_MAX_0dBm,RF_GSM_MAX_3dBm,ICC_GSM,RF_GSM_PAE,RF_GSM_MAX_33,RF_GSM_P2H,RF_GSM_P3H,RF_GSM_FWD_ISO01,RF_GSM_FWD_ISO02,RF_GSM_CMOS_OUT,RF_GSM_SLOPE_OUT,RF_GSM_STRESS_DETAL,RF_DCS_MAX_0dBm,RF_DCS_MAX_3dBm,ICCDCS,RF_DCS_PAE,RF_DCS_MAX_30,RF_DCS_P2H,RF_DCS_P3H,RF_DCS_FWD_ISO01,RF_DCS_FWD_ISO02,RF_DCS_CMOS_OUT,RF_DCS_SLOPE_OUT,RF_DCS_STRESS_DETAL,RF_LB_TX_RXLB,RF_LB_TX_RXHB,RF_HB_TX_RXLB,RF_HB_TX_RXHB,RF_RX_LB_IL,RF_RX_HB_IL,Leakage
Lower Tolerance,,,60,60,0.2,0.2,60,,,2,2,3,2,1.5,,,0.2,0.2,60,,,3,3,3,2,1.5,,,0.5,0.5,0.5,0.5,0.3,0.3,5
Upper Tolerance,,,60,60,0.2,0.2,60,,,2,2,3,2,1.5,,,0.2,0.2,60,,,3,3,4,2,1.5,,,0.5,0.5,0.5,0.5,0.3,0.3,5
Enable,,,1,1,1,1,1,0,0,1,1,1,1,1,0,0,1,1,1,0,0,1,1,1,1,1,0,0,0,0,0,0,1,1,1
41,,,851.771,645.445,33.484,33.81,1633.153,42.061,33.068,-37.175,-37.917,-66.819,-22.361,8.78,171.985,0.056,31.371,31.631,1073.151,38.763,30.089,-36.728,-36.516,-62.794,-18.735,4.716,218.087,0.068,-3.308,1.479,-0.423,1.799,-1.505,-1.731,4.042
42,,,842.138,632.512,33.42,33.707,1571.467,42.687,33.051,-35.213,-37.673,-65.253,-24.006,10.311,136.628,0.057,31.285,31.57,1062.646,38.592,30.081,-36.962,-36.479,-63.699,-21.306,6.159,158.496,0.055,-3.256,1.333,-0.389,1.766,-1.485,-1.705,3.72
43,,,852.907,639.089,33.391,33.679,1559.41,42.739,33.09,-34.131,-37.489,-65.356,-21.93,9.006,178.503,0.065,31.26,31.533,1055.882,38.515,30.089,-38.259,-34.974,-63.937,-18.417,4.163,220.02,0.047,-3.362,1.352,-0.493,1.749,-1.484,-1.69,4.847
44,,,846.524,642.087,33.403,33.667,1537.916,43.225,33.078,-34.571,-36.95,-65.263,-28.253,11.092,127.661,0.058,31.211,31.476,1041.697,38.526,30.074,-33.744,-27.723,-63.426,-25.373,6.574,142.709,0.058,-3.424,1.326,-0.583,1.577,-1.498,-1.719,3.72
45,,,854.874,639.604,33.434,33.681,1542.039,43.245,33.087,-34.919,-38.442,-65.587,-21.795,10.63,141.659,0.05,31.296,31.563,1063.093,38.516,30.08,-39.341,-35.237,-64.09,-19.337,5.792,167.883,0.059,-3.451,1.04,-0.493,1.746,-1.48,-1.708,3.881
46,,,856.196,646.02,33.499,33.755,1570.335,43.197,33.096,-36.089,-38.27,-66.357,-21.769,9.295,165.629,0.055,31.33,31.613,1059.413,39.103,30.066,-37.232,-35.379,-63.803,-18.319,4.9,204.801,0.044,-3.265,1.494,-0.416,1.824,-1.488,-1.711,4.364
47,,,849.457,641.123,33.445,33.753,1589.187,42.661,33.08,-35.859,-37.276,-65.569,-21.916,8.765,172.694,0.07,31.345,31.611,1068.083,38.761,30.051,-36.495,-35.379,-63.65,-18.611,4.275,215.638,0.049,-3.311,1.453,-0.437,1.753,-1.49,-1.713,2.594
48,,,849.878,639.864,33.461,33.755,1582.496,42.862,33.068,-36.791,-38.659,-65.94,-25.383,10.627,136.406,0.065,31.309,31.576,1059.565,38.759,30.077,-36.363,-36.071,-63.405,-22.921,6.239,148.281,0.061,-3.162,1.495,-0.34,1.815,-1.486,-1.706,3.559
49,,,848.362,636.22,33.561,33.831,1644.191,41.988,33.065,-38.131,-38.256,-66.848,-21.942,10.098,144.098,0.054,31.199,31.463,1028.099,38.926,30.05,-39.697,-35.835,-63.476,-19.029,5.662,172.403,0.057,-3.151,1.484,-0.477,1.648,-1.492,-1.721,4.364
50,,,842.17,638.158,33.526,33.809,1602.026,42.869,33.074,-37.571,-39.907,-66.654,-21.989,9.418,166.688,0.054,31.277,31.539,1049.572,38.8,30.061,-38.451,-35.668,-63.741,-18.335,4.887,209.116,0.066,-3.245,1.612,-0.392,1.769,-1.478,-1.71,0.823
51,,,852.422,634.902,33.442,33.728,1563.434,43.121,33.096,-36.168,-37.261,-66.528,-21.562,8.938,163.938,0.057,31.278,31.567,1049.201,39.063,30.086,-36.111,-38.416,-62.827,-18.238,4.357,199.607,0.048,-3.338,1.491,-0.368,1.737,-1.504,-1.732,1.789
52,,,835.759,631.803,33.391,33.653,1540.37,43.017,33.075,-34.583,-37.284,-65.5,-21.404,8.608,173.098,0.056,31.294,31.56,1049.662,38.987,30.076,-39.41,-36.329,-63.967,-18.142,4.278,210.472,0.038,-3.478,1.133,-0.592,1.667,-1.505,-1.739,4.686
53,,,853.749,642.958,33.478,33.739,1561.019,43.289,33.074,-35.236,-37.343,-65.548,-21.608,9.821,156.573,0.065,31.371,31.629,1070.466,38.835,30.067,-36.331,-34.772,-64.29,-18.105,4.915,181.199,0.047,-3.445,1.339,-0.526,1.697,-1.505,-1.744,5.008
54,,,850.906,641.156,33.527,33.797,1630.907,41.996,33.068,-37.063,-37.842,-65.884,-26.063,11.251,125.948,0.06,31.411,31.683,1080.694,38.954,30.08,-35.906,-36.58,-64.156,-23.479,6.908,147.205,0.042,-3.261,1.591,-0.427,1.814,-1.497,-1.723,2.754
55,,,849.17,636.22,33.506,33.802,1616.676,42.417,33.058,-37.678,-37.426,-66.535,-21.916,9.661,154.895,0.066,31.401,31.684,1101.503,38.229,30.083,-37.372,-34.855,-63.738,-18.524,4.945,189.233,0.06,-3.366,1.346,-0.455,1.722,-1.525,-1.753,3.237
56,,,851.682,638.734,33.512,33.79,1609.04,42.499,33.098,-35.703,-38.373,-65.849,-21.567,9.7,150.491,0.066,31.281,31.565,1048.306,39.08,30.068,-37.515,-35.538,-64.484,-18.956,5.334,173.114,0.054,-3.31,1.371,-0.462,1.713,-1.504,-1.729,4.364
57,,,853.196,637.704,33.502,33.804,1604.655,42.756,33.056,-37.309,-37.956,-65.832,-23.885,10.311,139.309,0.063,31.308,31.586,1064.426,38.675,30.096,-36.774,-35.805,-63.47,-21.673,5.814,155.661,0.044,-3.249,1.447,-0.487,1.793,-1.511,-1.724,6.778
58,,,842.109,634.992,33.456,33.709,1569.522,42.762,33.081,-36.45,-37.669,-66.889,-21.569,9.156,170.585,0.065,31.357,31.633,1070.936,38.858,30.068,-35.536,-35.82,-63.417,-18.059,4.315,200.714,0.056,-3.267,1.357,-0.33,1.761,-1.515,-1.741,0.018
59,,,839.531,636.025,33.535,33.793,1632.607,41.909,33.078,-36.747,-37.912,-66.697,-21.712,10.113,148.182,0.063,31.301,31.573,1049.893,39.094,30.063,-38.236,-36.457,-63.44,-18.753,5.975,173.475,0.042,-3.327,1.292,-0.495,1.615,-1.516,-1.755,3.881
60,,,852.907,633.995,33.477,33.751,1591.21,42.59,33.065,-35.767,-37.974,-65.897,-26.448,11.042,130.057,0.059,31.337,31.613,1081.604,38.296,30.075,-33.18,-27.624,-63.686,-23.367,6.498,146.95,0.05,-3.33,1.555,-0.419,1.794,-1.509,-1.713,7.583
61,,,850.328,640.604,33.443,33.726,1568.973,42.945,32.95,-35.873,-36.795,-65.196,-21.726,8.846,176.55,0.069,31.344,31.615,1060.313,39.083,30.062,-38.457,-35.205,-64.369,-18.199,3.978,212.022,0.055,-3.396,1.332,-0.544,1.675,-1.532,-1.748,5.33
62,,,848.813,641.54,33.46,33.705,1552.865,43.182,33.073,-35.511,-38.093,-65.596,-21.913,10.3,147.44,0.056,31.352,31.612,1069.019,38.74,30.073,-38.141,-36.13,-64.834,-18.457,5.525,181.79,0.047,-3.431,1.307,-0.572,1.71,-1.505,-1.763,4.525
63,,,844.137,637.186,33.471,33.738,1575.647,42.878,33.042,-36.285,-38.729,-65.363,-25.283,10.817,134.555,0.056,31.346,31.587,1058.066,38.917,30.064,-39.355,-35.436,-63.864,-22.668,6.402,153.066,0.055,-3.264,1.276,-0.41,1.847,-1.52,-1.74,5.973
64,,,850.875,639.122,33.497,33.801,1601.187,42.814,33.097,-37.35,-38.135,-66.575,-21.878,8.615,175.269,0.06,31.37,31.638,1077.467,38.665,30.056,-36.076,-36.048,-63.319,-18.361,3.733,219.644,0.061,-3.312,1.449,-0.45,1.777,-1.514,-1.763,5.491
65,,,841.011,635.124,33.596,33.861,1652.075,42.07,33.058,-37.916,-38.677,-66.03,-24.822,10.365,139.098,0.065,31.219,31.486,1038.531,38.733,30.065,-39.949,-32.946,-64.037,-22.388,6.034,156.277,0.055,-3.235,1.425,-0.505,1.669,-1.529,-1.76,5.169
66,,,834.435,629.868,33.571,33.872,1706.392,40.837,33.034,-37.68,-39.268,-67.818,-23.308,10.067,139.483,0.057,31.272,31.536,1042.515,39.035,30.079,-37.987,-38.017,-63.163,-20.52,5.871,160.404,0.043,-3.204,1.39,-0.551,1.569,-1.532,-1.752,7.422
67,,,853.97,636.702,33.501,33.808,1624.856,42.256,33.052,-37.462,-37.913,-66.706,-26.501,10.969,127.93,0.061,31.27,31.535,1048.761,38.794,30.062,-37.927,-35.929,-63.111,-23.37,6.695,147.11,0.057,-3.27,1.518,-0.502,1.712,-1.531,-1.757,4.042
68,,,848.617,640.959,33.492,33.763,1584.582,42.89,33.078,-36.606,-37.786,-66.747,-21.585,9.38,161.785,0.051,31.418,31.682,1087.997,38.679,30.053,-35.883,-36.267,-62.783,-18.191,4.774,191.575,0.051,-3.142,2.032,-0.238,2.707,-1.522,-1.771,2.433
69,,,843.685,633.768,33.403,33.601,1522.056,43.01,33.072,-32.288,-37.974,-64.978,-21.764,10.958,140.904,0.051,31.321,31.597,1060.844,38.902,30.073,-37.664,-34.415,-64.879,-19.466,6.095,164.117,0.046,-3.449,1.136,-0.395,1.791,-1.514,-1.742,5.491
70,,,845.684,638.639,33.465,33.771,1573.398,43.271,33.099,-34.998,-37.999,-65.672,-21.69,9.747,152.704,0.058,31.315,31.602,1063.433,38.854,30.053,-39.285,-36.233,-64.248,-18.374,5.01,182.33,0.055,-3.267,1.518,-0.379,1.81,-1.538,-1.771,4.847
71,,,839.831,633.204,33.627,33.836,1695.075,40.768,33.042,-37.2005,-37.2433,-66.105,-22.344,10.339,131.35,0.053,31.23,31.488,1042.406,38.611,30.074,-40.5741,-34.3568,-65.471,-19.58,6.078,149.749,0.065,-3.672,0.779,-1.629,1.542,-1.449,-1.656,4.734
72,,,866.372,652.199,33.708,33.897,1715.311,40.862,33.076,-35.8625,-37.4483,-67.218,-21.764,10.107,139.017,0.05,31.351,31.58,1058.079,38.854,30.087,-36.5691,-33.5538,-64.665,-19.212,5.768,153.631,0.046,-3.517,1.253,-1.475,1.788,-1.432,-1.639,5.217
73,,,842.926,638.783,33.644,33.86,1663.455,41.774,33.055,-37.5965,-37.9013,-67.077,-21.117,9.937,140.845,0.059,31.317,31.531,1057.009,38.454,30.059,-36.6691,-34.7128,-63.589,-18.325,5.484,159.829,0.059,-3.437,1.165,-1.443,1.813,-1.436,-1.648,5.861
74,,,865.664,653.747,33.736,33.887,1667.378,41.939,33.056,-37.2965,-39.0533,-71.616,-20.931,9.988,140.23,0.045,31.235,31.435,1031.48,38.546,30.056,-36.5831,-34.4728,-62.518,-18.384,5.604,161.733,0.05,-3.442,1.168,-1.428,1.719,-1.424,-1.627,5.861
75,,,864.888,647.974,33.729,33.933,1811.315,39.017,33.031,-37.2105,-36.6733,-66.503,-21.782,9.89,141.326,0.059,31.166,31.358,1028.857,37.968,30.096,-39.9411,-34.5458,-65.592,-18.456,5.676,161.15,0.071,-3.498,0.802,-1.596,1.303,-1.447,-1.657,1.836
76,,,875.724,649.522,33.727,33.923,1695.187,41.59,33.051,-36.6905,-39.9343,-66.012,-22.006,8.696,173.951,0.053,31.316,31.534,1070.114,38.014,30.068,-38.9291,-31.9688,-64.487,-18.347,3.968,214.423,0.05,-3.445,1.322,-1.423,1.988,-1.393,-1.6,4.412
77,,,872.757,649.296,33.695,33.91,1726.501,40.717,33.025,-37.0055,-37.6213,-67.275,-21.821,9.683,137.804,0.051,31.289,31.503,1055.063,38.282,30.082,-39.4971,-34.6648,-63.924,-18.999,5.311,157.885,0.055,-3.447,1.109,-1.417,1.705,-1.438,-1.654,2.641
78,,,873.273,657.874,33.721,33.929,1703.577,41.443,33.041,-37.3835,-38.0483,-66.642,-27.199,11.078,123.674,0.05,31.328,31.544,1058.574,38.514,30.067,-39.2201,-34.2208,-64.977,-24.111,6.708,136.143,0.053,-3.381,1.18,-1.304,1.896,-1.434,-1.631,4.573
79,,,853.214,634.655,33.649,33.88,1746.366,39.976,33.027,-37.0765,-38.2793,-67.552,-22.73,10.649,130.074,0.051,31.206,31.457,1037.526,38.514,30.076,-45.1241,-35.8078,-64.02,-20.495,6.405,147.143,0.038,-4.266,1.086,-1.684,1.401,-1.493,-1.645,3.929
80,,,868.631,661.196,33.641,33.837,1658.532,41.68,33.063,-36.6065,-37.3593,-66.19,-21.442,9.416,154.353,0.056,31.415,31.633,1079.503,38.552,30.079,-37.3521,-34.4788,-64.862,-18.108,4.854,180.829,0.038,-3.59,1.292,-1.445,1.814,-1.45,-1.653,3.124
81,,,866.178,652.134,33.693,33.902,1737.637,40.381,33.037,-37.0775,-38.8903,-66.782,-26.347,10.433,125.458,0.056,31.274,31.485,1055.3,38.108,30.078,-38.6461,-33.8048,-63.823,-23.77,6.113,142.321,0.057,-3.427,1.132,-1.489,1.712,-1.432,-1.638,2.158
82,,,871.564,655.811,33.684,33.885,1684.191,41.503,33.035,-38.1665,-37.9083,-67.022,-27.384,11.088,122.743,0.049,31.265,31.486,1054.779,38.136,30.097,-37.9601,-34.8198,-64.044,-25.085,6.652,133.088,0.052,-3.334,1.166,-1.374,1.739,-1.433,-1.651,3.446
83,,,873.305,658.52,33.595,33.864,1684.702,41.288,33.044,-37.4635,-38.2833,-67.689,-27.681,11.363,118.581,0.049,31.169,31.395,1036.774,38.001,30.07,-40.7461,-34.9678,-63.662,-25.13,6.922,130.133,0.042,-3.509,1.001,-1.564,1.545,-1.42,-1.638,4.412
84,,,876.595,651.715,33.634,33.832,1643.315,42.012,33.034,-38.0065,-38.0363,-66.019,-24.926,10.655,132.198,0.051,31.335,31.552,1061.751,38.465,30.071,-37.9181,-35.6208,-64.373,-22.211,6.405,143.338,0.052,-3.587,1.069,-1.451,1.752,-1.42,-1.621,3.768
85,,,873.982,652.133,33.605,33.801,1635.14,41.923,33.044,-37.4015,-37.7213,-67.416,-29.064,10.567,126.636,0.037,31.255,31.474,1045.475,38.372,30.075,-38.1031,-32.9508,-64.588,-26.05,6.249,132.35,0.048,-3.762,1.033,-1.644,1.71,-1.412,-1.615,4.412
86,,,863.985,652.231,33.648,33.86,1726.744,40.249,33.035,-36.8415,-36.3803,-67.995,-21.651,10.246,137.069,0.046,31.352,31.564,1067.226,38.379,30.082,-36.4771,-34.1378,-64.427,-18.738,5.738,158.077,0.05,-3.541,1.199,-1.476,1.797,-1.442,-1.645,4.251
87,,,876.013,659.712,33.709,33.948,1735.794,40.85,33.031,-36.4065,-38.2753,-66.992,-26.416,10.964,122.149,0.049,31.213,31.448,1043.927,38.201,30.073,-39.9811,-34.8638,-64.158,-23.352,6.778,139.947,0.043,-3.505,1.139,-1.662,1.692,-1.438,-1.648,2.802
88,,,874.369,655.778,33.654,33.894,1700.423,41.188,33.041,-37.2775,-37.0713,-66.876,-21.839,10.07,136.61,0.062,31.286,31.512,1065.255,37.988,30.097,-37.4331,-34.8298,-64.189,-19.366,5.685,158.262,0.04,-3.463,1.254,-1.5,1.675,-1.454,-1.661,1.997
89,,,856.761,656.198,33.672,33.854,1703.675,40.729,33.035,-36.6465,-37.2923,-66.491,-21.381,8.872,160.573,0.045,31.219,31.424,1035.452,38.3,30.083,-39.2561,-33.7708,-64.478,-17.856,4.528,195.483,0.052,-3.554,1.152,-1.635,1.623,-1.439,-1.646,5.056
90,,,865.21,655.488,33.719,33.872,1704.315,40.884,33.06,-36.1585,-37.4523,-66.109,-22.669,10.525,134.3,0.037,31.289,31.511,1044.82,38.723,30.072,-38.3721,-35.2078,-64.258,-21.002,6.237,149.507,0.038,-3.63,1.048,-1.628,1.67,-1.446,-1.651,7.148
91,,,873.144,654.262,33.661,33.873,1682.712,41.426,33.033,-36.6115,-38.4833,-67.365,-25.68,10.735,126.052,0.049,31.336,31.554,1080.621,37.813,30.084,-36.2881,-34.0108,-63.914,-22.88,6.274,139.037,0.052,-3.546,1.292,-1.517,1.874,-1.437,-1.645,6.505
92,,,870.531,662.26,33.683,33.951,1772.772,40.033,33.014,-37.3835,-38.8073,-66.942,-25.316,10.284,128.243,0.057,31.279,31.491,1054.966,38.178,30.045,-38.8601,-31.5488,-64.196,-22.902,6.069,139.902,0.064,-3.457,1.306,-1.525,1.828,-1.431,-1.634,5.539
93,,,843.7,636.494,33.658,33.861,1702.326,40.834,33.018,-37.7725,-38.3763,-68.022,-28.296,10.882,122.474,0.046,31.301,31.544,1061.229,38.415,30.075,-40.1461,-33.9308,-64.345,-25.569,6.624,132.469,0.049,-3.554,1.187,-1.647,1.707,-1.442,-1.651,4.09
94,,,849.246,639.298,33.696,33.936,1793.777,39.422,33.003,-35.2385,-38.1313,-68.932,-26.759,10.981,119.974,0.06,31.288,31.498,1040.965,38.749,30.084,-41.2111,-36.0568,-63.568,-23.834,7.02,134.497,0.057,-3.482,1.376,-1.602,1.672,-1.432,-1.635,6.022
95,,,856.213,645.426,33.67,33.881,1672.635,41.751,33.049,-36.2175,-39.9853,-67.514,-21.26,9.809,143.699,0.047,31.379,31.599,1070.485,38.57,30.059,-38.4441,-33.9658,-62.622,-17.871,5.408,166.145,0.041,-3.316,1.13,-1.147,2.043,-1.408,-1.612,3.607
96,,,873.434,658.713,33.687,33.899,1704.798,41.134,33.048,-37.2665,-37.5363,-66.309,-22.01,9.763,147.899,0.049,31.298,31.516,1066.964,37.962,30.085,-39.0271,-32.7488,-65.111,-18.476,5.292,185.137,0.039,-3.511,1.016,-1.569,1.793,-1.436,-1.642,4.09
97,,,862.533,642.169,33.696,33.876,1702.014,40.982,33.042,-36.6625,-37.7183,-66.347,-21.257,9.905,142.821,0.041,31.253,31.49,1041.1,38.678,30.077,-39.7891,-34.8388,-63.641,-19.082,5.468,157.399,0.026,-3.654,0.934,-1.607,1.701,-1.437,-1.635,5.217
98,,,879.949,659.81,33.667,33.865,1694.007,41.074,33.042,-37.5325,-36.8553,-66.633,-24.057,10.665,127.586,0.047,31.221,31.448,1042.96,38.235,30.082,-41.3321,-33.8318,-65.329,-21.756,6.168,145.604,0.048,-3.532,1.122,-1.584,1.629,-1.416,-1.628,5.217
99,,,844.217,635.01,33.637,33.885,1669.857,41.858,33.067,-37.7235,-39.5253,-66.532,-21.479,10.082,139.776,0.053,31.303,31.558,1057.392,38.684,30.071,-38.3381,-34.0828,-63.279,-17.96,5.669,163.694,0.045,-3.391,1.233,-1.418,1.825,-1.4,-1.6,0.388
100,,,876.755,658.326,33.665,33.899,1727.474,40.59,33.03,-36.4155,-36.4343,-65.483,-26.892,11.07,117.846,0.06,31.382,31.612,1082.62,38.252,30.068,-37.5921,-33.5668,-63.972,-23.887,6.529,137.871,0.039,-3.548,1.104,-1.474,1.769,-1.453,-1.651,4.734
101,,,886.914,660.132,33.732,33.938,1725.111,41.017,33.049,-37.7505,-37.7283,-66.247,-21.822,8.97,167.12,0.056,31.258,31.489,1051.204,38.297,30.076,-39.2251,-33.4018,-64.968,-18.344,4.639,201.753,0.048,-3.578,1.075,-1.68,1.727,-1.435,-1.633,2.158
102,,,872.692,653.746,33.703,33.897,1686.416,41.559,33.072,-36.1845,-40.0063,-66.546,-21.925,9.144,160.758,0.053,31.264,31.472,1057.778,37.911,30.061,-40.8161,-32.9538,-63.477,-18.211,4.672,192.559,0.046,-3.251,1.2,-1.288,1.877,-1.407,-1.615,2.319
103,,,872.369,653.745,33.68,33.915,1723.545,40.828,33.039,-36.6395,-37.2683,-66.626,-23.109,10.557,129.985,0.055,31.351,31.566,1081.243,37.899,30.058,-39.0061,-33.3948,-64.492,-20.618,6.113,151.528,0.066,-3.451,1.282,-1.406,1.775,-1.445,-1.639,4.412
104,,,880.302,661.002,33.761,33.967,1744.78,40.823,33.037,-37.5505,-38.4243,-66.941,-21.275,9.52,142.157,0.064,31.341,31.557,1049.387,38.967,30.071,-38.3691,-34.0488,-64.183,-18.068,5.322,159.787,0.041,-3.599,0.916,-1.498,1.744,-1.435,-1.641,5.378
105,,,876.723,657.713,33.706,33.917,1702.192,41.361,33.041,-37.2065,-38.2313,-66.597,-25.438,10.999,125.139,0.046,31.246,31.465,1058.498,37.822,30.085,-38.0471,-32.8798,-63.916,-23.666,6.57,140.134,0.059,-3.429,1.266,-1.458,1.699,-1.43,-1.638,3.929
106,,,886.623,658.132,33.701,33.933,1744.206,40.519,33.02,-36.9815,-38.0923,-66.919,-26.575,10.568,126.043,0.057,31.294,31.513,1058.283,38.252,30.06,-38.1081,-32.7898,-63.696,-23.557,6.22,141.602,0.066,-3.672,1.057,-1.655,1.701,-1.421,-1.616,4.573
107,,,881.044,657.067,33.722,33.909,1713.57,41.012,33.023,-37.6465,-37.7083,-66.168,-23.593,9.815,136.618,0.05,31.326,31.547,1054.295,38.697,30.08,-36.5931,-33.7348,-64.81,-20.793,5.528,152.82,0.056,-3.577,1.239,-1.492,1.777,-1.417,-1.622,4.734
108,,,857.632,645.103,33.723,33.9,1739.604,40.315,33.078,-36.6105,-36.8653,-66.708,-22.683,10.419,134.722,0.052,31.298,31.518,1060.75,38.202,30.078,-37.5571,-34.2008,-65.243,-19.658,6.065,151.656,0.053,-3.462,1.193,-1.38,1.803,-1.44,-1.642,3.768
109,,,871.595,650.167,33.731,33.948,1704.711,41.599,33.032,-36.7175,-39.1283,-67.002,-26.593,11.558,118.469,0.053,31.423,31.653,1090.291,38.34,30.051,-38.9991,-32.6988,-62.873,-24.431,7.108,134.548,0.036,-3.482,1.298,-1.418,2.001,-1.405,-1.603,3.124
110,,,881.269,655.164,33.736,33.936,1699.422,41.615,33.016,-39.3165,-38.2383,-67.203,-21.669,9.501,147.672,0.051,31.242,31.456,1045.743,38.205,30.08,-36.9811,-34.4148,-64.082,-18.062,4.906,174.57,0.054,-3.325,1.382,-1.454,1.732,-1.43,-1.632,0.066
111,,,866.435,652.585,33.73,33.929,1762.83,40.055,33.008,-37.3675,-38.9663,-67.484,-27.583,10.751,121.799,0.058,31.286,31.511,1051.134,38.49,30.073,-39.0571,-33.3328,-64.013,-24.503,6.456,136.687,0.047,-3.474,1.389,-1.515,1.766,-1.431,-1.634,3.768
112,,,866.532,649.037,33.622,33.814,1626.394,42.273,33.066,-37.2295,-37.8503,-66.372,-22.167,10.26,136.523,0.054,31.212,31.428,1035.724,38.324,30.081,-40.5371,-34.4348,-64.579,-20.152,5.879,153.214,0.053,-3.618,1.072,-1.543,1.691,-1.442,-1.638,1.836
113,,,885.688,656.004,33.744,33.933,1701.53,41.535,33.051,-36.7305,-39.9403,-66.764,-21.814,9.641,151.204,0.05,31.27,31.488,1049.79,38.337,30.072,-39.1201,-34.6858,-64.766,-18.206,5.089,178.41,0.04,-3.245,1.167,-1.293,1.86,-1.412,-1.61,3.929
114,,,881.561,656.649,33.703,33.919,1739.536,40.499,33.053,-36.0985,-37.1703,-66.473,-22.168,9.399,152.39,0.051,31.332,31.537,1067.855,38.119,30.095,-39.7901,-34.4298,-64.016,-18.58,5.183,195.803,0.053,-3.583,1.439,-1.606,1.716,-1.44,-1.643,1.675
115,,,872.821,663.002,33.707,33.91,1681.728,41.796,33.06,-37.7725,-37.4863,-66.429,-23.287,10.44,132.827,0.05,31.344,31.571,1079.174,38.016,30.061,-34.9671,-35.0568,-64.122,-20.403,5.74,148.45,0.058,-3.463,1.245,-1.389,1.813,-1.427,-1.626,7.47
116,,,884.561,660.229,33.728,33.933,1701.846,41.525,33.065,-37.6715,-36.8133,-66.611,-22.058,10.279,138.426,0.05,31.251,31.484,1052.29,38.209,30.061,-38.7461,-34.5108,-64.231,-18.686,6.137,168.086,0.033,-3.495,1.104,-1.573,1.726,-1.44,-1.641,1.675
117,,,868.048,659.036,33.663,33.864,1647.594,42.216,33.08,-37.6815,-37.6603,-66.343,-21.824,9.759,148.999,0.051,31.267,31.501,1051.054,38.404,30.028,-37.5171,-34.7368,-64.398,-18.223,5.198,181.221,0.033,-3.572,1.085,-1.56,1.753,-1.431,-1.634,4.412
118,,,885.27,665.066,33.712,33.895,1665.707,42.057,33.062,-36.7475,-39.8373,-66.717,-21.447,10.22,142.143,0.047,31.344,31.556,1054.333,38.776,30.078,-41.1921,-33.9668,-64.231,-17.87,5.702,165.611,0.035,-3.44,1.164,-1.414,1.957,-1.409,-1.611,5.861
119,,,872.079,653.746,33.666,33.899,1690.711,41.472,33.054,-37.7685,-40.2643,-66.634,-22.179,9.699,157.494,0.073,31.31,31.531,1066.421,38.114,30.073,-37.9201,-33.7368,-63.913,-18.557,5.054,200.01,0.057,-3.274,1.579,-1.292,1.881,-1.399,-1.602,5.539
120,,,876.143,658.648,33.703,33.899,1713.86,40.912,33.047,-38.3265,-36.3633,-66.856,-22.546,9.989,136.728,0.057,31.259,31.483,1051.528,38.233,30.08,-38.6491,-34.2748,-64.678,-20.126,5.607,150.682,0.043,-3.581,1.229,-1.684,1.646,-1.443,-1.644,2.48
