Header Section,,,,,,,,,,,,,,,,,,,,,,,,,,,,,,,,,,,
,,,,,,,,,,,,,,,,,,,,,,,,,,,,,,,,,,,
Data Section,,,,,,,,,,,,,,,,,,,,,,,,,,,,,,,,,,,
Device#,1,2,3,4,5,6,7,8,9,10,11,12,13,14,15,16,17,18,19,20,21,22,23,24,25,26,27,28,29,30,31,32,33,34,35
Test Item,Site No,Device ID,I_GSM_IDEL,I_DCS_IDEL,RF_GSM_MAX_0dBm,RF_GSM_MAX_3dBm,ICC_GSM,RF_GSM_PAE,RF_GSM_MAX_33,RF_GSM_P2H,RF_GSM_P3H,RF_GSM_FWD_ISO01,RF_GSM_FWD_ISO02,RF_GSM_CMOS_OUT,RF_GSM_SLOPE_OUT,RF_GSM_STRESS_DETAL,RF_DCS_MAX_0dBm,RF_DCS_MAX_3dBm,ICCDCS,RF_DCS_PAE,RF_DCS_MAX_30,RF_DCS_P2H,RF_DCS_P3H,RF_DCS_FWD_ISO01,RF_DCS_FWD_ISO02,RF_DCS_CMOS_OUT,RF_DCS_SLOPE_OUT,RF_DCS_STRESS_DETAL,RF_LB_TX_RXLB,RF_LB_TX_RXHB,RF_HB_TX_RXLB,RF_HB_TX_RXHB,RF_RX_LB_IL,RF_RX_HB_IL,Leakage
Lower Tolerance,,,60,60,0.2,0.2,60,,,2,2,3,2,1.5,,,0.2,0.2,60,,,3,3,3,2,1.5,,,0.5,0.5,0.5,0.5,0.3,0.3,5
Upper Tolerance,,,60,60,0.2,0.2,60,,,2,2,3,2,1.5,,,0.2,0.2,60,,,3,3,4,2,1.5,,,0.5,0.5,0.5,0.5,0.3,0.3,5
Enable,,,1,1,1,1,1,0,0,1,1,1,1,1,0,0,1,1,1,0,0,1,1,1,1,1,0,0,0,0,0,0,1,1,1
1,1,1,888.049,666.26,33.657,33.826,1719.412,40.099,33.053,-39.628,-35.726,-47.328,-20.899,10.123,139.004,0.061,30.867,31.248,1068.383,35.647,30.053,-45.073,-37.292,-65.565,-19.549,5.384,166.049,0.064,2.401,-2.138,2.71,1.698,-1.354,-1.793,0.066
2,1,2,900.785,671.29,33.624,33.817,1715.339,40.114,33.041,-39.627,-36.921,-47.109,-20.953,10.057,142.882,0.056,30.893,31.324,1099.347,35.253,30.09,-42.191,-35,-66.567,-20.167,5.326,175.394,0.078,2.217,-2.109,2.786,1.814,-1.343,-1.785,3.607
3,1,3,897.303,673.065,33.567,33.731,1667.235,40.46,33.049,-37.263,-36.622,-47.151,-20.815,9.33,154.243,0.057,30.916,31.304,1089.044,35.422,30.067,-41.39,-35.859,-65.002,-19.736,4.268,189.724,0.073,2.074,-2.222,2.771,1.839,-1.339,-1.782,6.344
4,1,4,895.625,664.034,33.624,33.755,1706.059,39.762,33.036,-38.747,-36.864,-46.646,-20.706,9.496,150.809,-0.026,30.761,31.155,1071.801,34.778,30.078,-38.254,-32.957,-65.083,-19.718,4.498,192.905,0.072,2.488,-2.073,2.641,1.678,-1.346,-1.778,1.675
5,1,5,887.241,667.839,33.557,33.699,1658.119,40.384,33.04,-37.683,-35.951,-47.161,-20.469,10.11,140.491,0.049,30.786,31.201,1052.451,35.795,30.073,-45.065,-40.203,-64.962,-19.602,5.467,170.018,0.062,2.032,-2.117,2.664,1.8,-1.36,-1.77,6.344
6,1,6,900.85,676.708,33.548,33.648,1655.125,39.986,33.051,-36.942,-36.169,-46.497,-20.922,10.021,136.978,0.052,30.708,31.109,1055.918,34.927,30.046,-39.345,-37.272,-65.934,-20.883,5.101,158.478,0.073,2.297,-2.268,2.681,1.642,-1.359,-1.794,1.514
7,1,7,906.332,674.451,33.619,33.766,1681.284,40.446,33.032,-38.142,-36.771,-47.18,-22.482,10.884,125.313,0.051,30.71,31.096,1042.691,35.265,30.075,-42.137,-39.071,-63.993,-23.155,5.727,146.985,0.064,2.022,-2.155,2.625,1.663,-1.34,-1.772,0.549
8,1,8,860.248,637.783,33.468,33.707,1685.525,39.804,33.064,-38.18,-36.556,-47.406,-21.027,9.77,138.273,0.084,30.705,31.194,1065.673,35.291,30.047,-43.005,-38.212,-64.761,-19.926,5.169,176.059,0.078,2.086,-2.29,2.684,1.649,-1.334,-1.796,3.285
9,1,9,895.625,662.712,33.603,33.78,1705.358,40.007,33.048,-39.015,-36.481,-46.739,-20.756,9.269,157.205,0.059,30.973,31.366,1097.326,35.663,30.081,-41.491,-37.907,-64.084,-19.558,4.339,194,0.079,2.123,-2.217,2.891,1.861,-1.329,-1.762,10.207
10,1,10,868.473,655.521,33.492,33.677,1629.811,40.882,33.042,-39.424,-36.253,-46.372,-21.776,10.49,133.222,0.052,30.812,31.236,1067.959,35.558,30.068,-43.695,-37.133,-64.145,-21.681,5.592,149.614,0.081,2.161,-2.253,2.775,1.785,-1.314,-1.746,1.192
11,1,11,895.787,664.518,33.659,33.837,1723.799,40.103,33.083,-39.502,-36.914,-47.405,-20.875,8.483,173.052,0.064,30.784,31.186,1085.873,34.572,30.065,-40.813,-34.902,-65.576,-19.62,3.133,221.008,0.091,3.048,-2.088,3.846,1.639,-1.411,-1.792,9.563
12,1,12,905.559,677.612,33.551,33.709,1679.076,39.976,33.043,-37.073,-39.326,-46.976,-20.605,9.888,138.902,0.056,30.86,31.261,1083.916,35.242,29.97,-44.976,-37.658,-63.156,-19.646,5.006,171.616,0.078,2.091,-2.241,2.896,1.818,-1.346,-1.776,2.963
13,1,13,893.53,656.94,33.48,33.656,1613.557,41.092,33.032,-37.387,-36.492,-46.569,-22.198,10.848,129.613,0.055,30.884,31.283,1097.396,34.987,30.093,-41.431,-35.919,-64.793,-22.41,5.614,148.104,0.073,2.229,-2.255,2.83,1.778,-1.32,-1.751,5.217
14,1,14,908.654,675.16,33.546,33.671,1666.128,39.935,33.022,-36.865,-37.548,-47.227,-22.801,11.132,124.052,0.049,30.797,31.185,1074.064,34.947,30.077,-40.553,-36.87,-64.149,-23.496,6.134,144.02,0.075,1.735,-2.276,2.761,1.801,-1.318,-1.764,2.963
15,1,15,882.694,663.099,33.573,33.758,1699.866,39.936,33.042,-38.257,-35.972,-47.82,-20.922,9.988,140.272,0.072,30.76,31.145,1063.018,34.987,30.065,-42.425,-38.444,-64.737,-19.858,5.092,161.017,0.074,2.067,-2.274,2.65,1.61,-1.338,-1.755,2.319
16,1,16,869.859,657.391,33.498,33.671,1666.778,39.915,33.042,-38.427,-36.776,-46.882,-20.746,10.037,138.836,0.058,30.937,31.338,1110.549,35.012,30.074,-42.627,-33.929,-64.787,-19.511,5.16,174.275,0.08,1.923,-2.219,2.901,1.9,-1.331,-1.765,4.412
17,1,17,881.147,649.619,33.52,33.727,1690.642,39.86,33.048,-37.965,-36.385,-47.675,-21.059,8.216,175.343,0.069,30.76,31.189,1069.759,35.12,30.066,-41.219,-36.459,-66.033,-19.559,2.922,221.904,0.082,2.355,-2.167,2.756,1.771,-1.331,-1.766,2.963
18,1,18,865.15,582.508,33.439,33.629,1619.151,40.695,33.054,-37.797,-36.337,-46.725,-20.812,9.88,138.858,0.043,30.779,31.519,1130.246,35.866,30.032,-52.945,-37.768,-64.989,-20.648,5.215,166.65,0.144,2.376,-2.252,3.119,2.096,-1.331,-1.775,-3.476
19,1,19,908.88,674.161,33.524,33.64,1634.997,40.402,33.032,-37.101,-36.586,-47.253,-20.779,9.589,155.085,0.041,30.859,31.245,1106.297,34.403,30.067,-40.894,-35.53,-64.386,-19.784,4.134,199.197,0.079,1.928,-2.321,2.823,1.804,-1.332,-1.766,4.734
20,1,20,901.624,671.646,33.554,33.694,1661.888,40.242,33.05,-37.571,-36.925,-47.397,-20.689,9.703,145.727,0.061,30.795,31.202,1080.203,34.884,30.061,-44.449,-35.161,-65.263,-19.576,4.426,177.377,0.071,2.063,-2.229,2.776,1.686,-1.337,-1.765,5.378
21,1,21,888.725,673.226,33.463,33.59,1609.977,40.565,33.044,-37.599,-36.911,-46.867,-20.323,9.27,154.564,0.05,30.693,31.067,1061.702,34.403,30.087,-41.503,-35.299,-64.199,-19.502,4.202,184.211,0.078,1.994,-2.347,2.622,1.56,-1.335,-1.747,1.192
22,1,22,915.815,673.452,33.491,33.653,1615.036,41.024,33.059,-36.529,-38.408,-46.867,-20.53,7.509,202.812,0.056,30.816,31.229,1084.842,34.949,30.064,-42.055,-35.835,-64.978,-19.587,1.93,254.082,0.068,2.118,-2.215,2.887,1.851,-1.312,-1.745,2.319
23,1,23,883.242,660.004,33.594,33.746,1692.869,39.988,33.013,-38.647,-35.452,-47.807,-20.761,9.745,144.693,0.055,30.75,31.136,1083.847,34.244,30.067,-41.696,-35.035,-63.608,-19.57,4.781,174.969,0.076,2.243,-2.143,2.769,1.754,-1.346,-1.779,1.675
24,1,24,904.914,676.87,33.696,33.788,1731.958,39.468,33.039,-39.22,-37.528,-50.999,-20.904,9.233,147.793,0.054,30.722,31.115,1061.492,34.794,30.06,-39.95,-34.716,-61.836,-19.713,4.398,186.279,0.066,2.03,-2.155,2.729,1.698,-1.312,-1.743,2.963
25,1,25,895.271,668.163,33.514,33.619,1610.531,40.819,33.052,-37.66,-36.345,-46.61,-20.352,10.245,141.229,0.048,30.913,31.333,1108.64,35.034,30.076,-41.942,-35.067,-63.337,-19.416,4.917,165.085,0.073,2.384,-2.296,2.882,1.863,-1.322,-1.758,3.285
26,1,26,886.822,661.035,33.5,33.661,1633.261,40.645,33.016,-37.201,-37.23,-46.799,-22.018,10.96,126.536,0.058,30.873,31.258,1084.679,35.193,30.077,-43.309,-35.509,-63.922,-22.174,5.871,149.606,0.065,1.976,-2.276,2.842,1.884,-1.322,-1.787,0.388
27,1,27,886.531,661.325,33.396,33.557,1583.006,40.941,33.039,-35.162,-35.74,-47.179,-20.756,10.971,129.461,0.06,30.87,31.267,1076.462,35.534,30.071,-45.013,-37.622,-63.386,-19.917,5.712,163.46,0.072,1.946,-2.444,2.809,1.792,-1.343,-1.781,0.549
28,1,28,886.338,660.229,33.433,33.611,1642.892,39.939,33.04,-35.798,-36.632,-47.657,-22.45,11.129,122.911,0.066,30.764,31.154,1057.746,35.235,30.064,-48.706,-42.09,-63.088,-22.563,6.232,148.304,0.098,2.086,-2.325,2.714,1.797,-1.345,-1.805,2.641
29,1,29,892.272,667.744,33.58,33.777,1713.329,39.79,33.001,-39.023,-35.979,-46.882,-21.625,10.37,130.875,0.057,30.909,31.318,1093.338,35.396,30.07,-43.022,-38.025,-63.212,-21.368,5.648,150.93,0.082,2.035,-2.185,2.866,1.94,-1.352,-1.789,5.217
30,1,30,868.182,640.622,33.473,33.644,1619.975,40.814,33.037,-37.291,-35.99,-46.747,-20.732,9.132,156.563,0.056,30.799,31.23,1091.555,34.745,30.093,-46.063,-35.934,-62.789,-19.833,3.947,196.168,0.089,2.3,-2.299,2.812,1.718,-1.333,-1.76,1.192
31,1,31,870.891,652.489,33.445,33.713,1694.27,39.655,33.037,-37.868,-37.242,-46.972,-20.669,9.781,136.921,0.076,30.672,31.065,1067.755,34.194,30.048,-41.042,-34.917,-64.087,-19.828,5,162.843,0.073,2.119,-2.09,2.714,1.743,-1.319,-1.751,2.158
32,1,32,901.979,677.386,33.511,33.635,1641.544,40.192,33.045,-36.604,-36.975,-46.493,-21.736,10.998,127.431,0.054,30.744,31.145,1048.981,35.455,30.08,-43.508,-44.218,-63.304,-22.187,5.939,150.735,0.074,2.086,-2.295,2.675,1.731,-1.319,-1.763,2.963
33,1,33,877.921,660.648,33.494,33.653,1642.893,40.33,33.029,-37.977,-35.576,-47.158,-20.532,9.724,144.066,0.056,30.794,31.208,1060.514,35.584,30.075,-43.198,-37.25,-62.564,-19.488,4.889,175.44,0.074,2.039,-2.375,2.763,1.668,-1.331,-1.776,1.353
34,1,34,887.178,661.262,33.652,33.826,1711.906,40.273,33.047,-39.089,-36.732,-47.516,-20.713,10.207,137.36,0.058,30.846,31.263,1076.698,35.493,30.062,-43.837,-39.356,-62.897,-19.65,5.395,161.638,0.076,2.838,-2.064,3.659,1.825,-1.391,-1.781,-2.832
35,1,35,869.601,641.589,33.434,33.633,1617.577,40.776,33.064,-36.535,-35.789,-47.373,-20.548,9.661,143.854,0.059,30.817,31.274,1079.912,35.473,30.088,-43.169,-37.183,-64.192,-19.419,4.658,169.737,0.087,2.082,-2.297,2.884,1.904,-1.329,-1.738,4.412
36,1,36,917.168,674.644,33.541,33.701,1680.446,39.868,33.027,-36.431,-36.748,-47.325,-22.411,10.977,127.424,0.063,30.709,31.101,1068.012,34.468,30.077,-40.535,-37.268,-63.93,-22.108,5.744,153.283,0.076,1.887,-2.124,2.707,1.847,-1.33,-1.746,6.344
37,1,37,858.895,643.717,33.322,33.497,1555.531,41.095,32.998,-35.043,-36.664,-47.238,-20.709,10.222,139.512,0.06,30.711,31.143,1069.259,34.764,30.076,-41.15,-36.135,-64.055,-19.73,5.048,169.09,0.08,1.958,-2.398,2.795,1.766,-1.32,-1.744,3.446
38,1,38,884.792,663.68,33.541,33.705,1654.351,40.533,33.053,-37.364,-36.075,-47.637,-20.871,9.977,139.101,0.063,30.866,31.27,1088.818,35.158,30.078,-43.679,-37.64,-62.939,-19.711,5.244,170.228,0.064,1.982,-2.259,2.833,1.886,-1.324,-1.749,-0.095
39,1,39,874.116,649.974,33.408,33.723,1688.497,39.874,33.024,-37.532,-36.183,-45.427,-20.405,9.539,150.858,0.073,30.843,31.234,1076.031,35.278,30.079,-42.391,-37.541,-60.729,-19.676,4.696,180.531,0.079,2.124,-2.151,2.792,1.894,-1.322,-1.736,0.71
40,1,40,899.174,674.323,33.478,33.736,1695.921,39.82,33.021,-39.197,-35.608,-44.847,-20.246,10.353,134.052,0.066,30.819,31.196,1063.298,35.393,30.065,-42.257,-37.828,-59.609,-20.639,5.272,158.389,0.074,1.942,-2.24,2.706,1.755,-1.335,-1.789,6.183
