Header Section,,,,,,,,,,,,,,,,,,,,,,,,,,,,,,,,,,,,,,,,,,,,,,,,,,
Product,VC5232D,,,,,,,,,,,,,,,,,,,,,,,,,,,,,,,,,,,,,,,,,,,,,,,,,
Test Plan,Rev(-),,,,,,,,,,,,,,,,,,,,,,,,,,,,,,,,,,,,,,,,,,,,,,,,,
Release Date,2012/8/6,,,,,,,,,,,,,,,,,,,,,,,,,,,,,,,,,,,,,,,,,,,,,,,,,
Comment,Dual Band,,,,,,,,,,,,,,,,,,,,,,,,,,,,,,,,,,,,,,,,,,,,,,,,,
,,,,,,,,,,,,,,,,,,,,,,,,,,,,,,,,,,,,,,,,,,,,,,,,,,
Data Section,,,,,,,,,,,,,,,,,,,,,,,,,,,,,,,,,,,,,,,,,,,,,,,,,,
Device#,1,2,3,4,5,6,7,8,9,10,11,12,13,14,15,16,17,18,19,20,21,22,23,24,25,26,27,28,29,30,31,32,33,34,35,36,37,38,39,40,41,42,43,44,45,46,47,48,49,50
Test Item,Site No,Device ID,GSM915 Idle Current,GSM915 Max Pout @ 0dBm Drive,GSM915 Max Pout,GSM915 Max Icc,GSM915 Max PAE,GSM915 Rated Pout,GSM915 Rated Vramp,GSM915 Rated Icc,GSM915 Rated PAE,GSM915 2nd har@33dBm,GSM915 3rd har@33dBm,GSM915 Fwd Isolation 1,GSM915 Fwd Isolation 2,GSM915 Pout Leakage@RX1,GSM915 Pout Leakage@RX2,GSM915 Pout Leakage@RX3,GSM915 Pout Leakage@RX4,GSM915 CMOS Pout,GSM915 Pout Slope,GSM915 Stress Delta,DCS1785 Idle Current,DCS1785 Max Pout @ 0dBm Drive,DCS1785 Max Pout,DCS1785 Max Icc,DCS1785 Max PAE,DCS1785 Rated Pout,DCS1785 Rated Vramp,DCS1785 Rated Icc,DCS1785 Rated PAE,DCS1785 2nd har@33dBm,DCS1785 3rd har@33dBm,DCS1785 Fwd Isolation 1,DCS1785 Fwd Isolation 2,DCS1785 Pout Leakage@RX1,DCS1785 Pout Leakage@RX2,DCS1785 Pout Leakage@RX3,DCS1785 Pout Leakage@RX4,DCS1785 CMOS Pout,DCS1785 Pout Slope,DCS1785 Stress Delta,Insertion Loss Rx1 960MH,Insertion Loss Rx2 1990MHz,Insertion Loss TRx1 2170MHz,Insertion Loss TRx2 2170MHz,Leakage Current,Leakage Current Delay Time,Test Time,Index Time
Low Tolerance,,,60,0.3,0.3,60,,,,60,,2,2,3,2,3,3,3,3,1,,,60,0.3,0.3,60,,,,60,,3,3,3,2,3,3,3,3,1,,,0.3,0.3,0.3,0.3,5,,,
High Tolerance,,,60,0.3,0.3,60,,,,60,,2,2,3,2,3,3,3,3,1,,,60,0.3,0.3,60,,,,60,,3,3,3,2,3,3,3,3,1,,,0.3,0.3,0.3,0.3,5,,,
Enable,,,1,1,1,0,0,0,0,1,0,1,1,1,1,1,1,1,1,1,0,0,1,1,1,0,0,0,0,1,0,1,1,1,1,1,1,1,1,1,0,0,1,1,1,1,1,0,0,0
1,1,1,908.725,33.803,33.847,1821.328,38.044,33.04,1.506,1507.861,38.156,-40.331,-35.211,-53.754,-29.082,0.989,-4.762,-22.133,-7.055,11.225,123.806,0.012,1032.839,31.468,31.643,1213.642,34.367,30.036,1.458,925.021,31.148,-35.825,-34.168,-63.023,-29.728,-0.878,-2.087,-3.505,-0.681,5.467,153.279,-0.038,-1.964,-1.924,-1.201,-1.344,0.022,15,731.264,92967
2,1,2,880.491,33.798,33.92,1844.728,38.198,33.04,1.521,1536.799,37.436,-40.816,-36.875,-50.885,-29.433,0.752,-4.763,-22,-7.029,11.416,123.126,0.019,1006.101,31.645,31.819,1250.991,34.716,30,1.464,938.439,30.444,-34.163,-33.291,-63.18,-30.107,-0.739,-1.835,-3.348,-0.469,5.402,155.274,-0.043,-1.933,-1.884,-1.206,-1.342,0.007,15,721.23,29852
3,1,3,891.026,33.722,33.771,1788.802,38.061,33.024,1.518,1491.95,38.423,-39.922,-35.444,-52.653,-29.219,0.8,-4.871,-22.136,-7.22,11.09,129.768,0.021,1016.061,31.43,31.596,1194.805,34.535,30.021,1.464,907.192,31.649,-36.255,-32.524,-63.135,-30.272,-0.994,-2.137,-3.524,-0.776,5.151,173.345,-0.02,-1.951,-1.892,-1.193,-1.325,0.083,15,739.569,41024
4,1,4,890.246,33.853,33.877,1860.736,37.489,33.047,1.526,1533.287,37.588,-40.692,-36.466,-54.266,-29.374,0.994,-4.705,-21.929,-6.843,10.82,129.03,0.008,1001.549,31.391,31.567,1189.971,34.442,29.984,1.473,914.421,31.128,-34.655,-31.473,-63.233,-29.486,-0.71,-1.898,-3.352,-0.453,5.18,155.418,-0.031,-1.927,-1.885,-1.202,-1.34,0.113,15,718.77,17990
5,1,5,918.155,33.834,33.889,1835.732,38.111,33.031,1.517,1505.736,38.127,-40.779,-36.858,-52.743,-29.516,1.061,-4.67,-22.11,-6.968,11.507,120.493,0.008,1001.603,31.439,31.609,1221.359,33.887,30.008,1.474,931.297,30.733,-34.093,-31.325,-63.271,-30.512,-0.921,-2.069,-3.486,-0.546,5.196,151.69,-0.03,-1.939,-1.878,-1.204,-1.339,0.098,15,731.996,21210
6,1,6,904.813,33.771,33.887,1839.265,38.015,33.042,1.535,1532.247,37.567,-40.723,-35.212,-51.85,-29.63,0.93,-4.687,-22.299,-7.078,11.165,125.356,0.005,1030.13,31.48,31.658,1192.757,35.093,29.992,1.463,897.492,31.775,-37.464,-38.537,-63.088,-29.879,-1.113,-2.165,-3.681,-0.756,5.412,154.203,-0.038,-1.939,-1.888,-1.192,-1.325,0.014,15,729.106,21911
7,1,7,913.169,33.859,33.9,1858.915,37.727,33.045,1.513,1540.04,37.405,-39.077,-36.158,-52.143,-28.902,0.88,-4.712,-22.105,-7.087,10.934,125.951,0.007,1043.482,31.615,31.783,1246.168,34.569,30.044,1.466,940.856,30.678,-36.211,-33.642,-63.112,-28.911,-0.85,-1.908,-3.404,-0.562,5.164,154.662,-0.033,-1.915,-1.867,-1.197,-1.328,0.021,15,737.293,23047
8,1,8,887.168,33.763,33.876,1855.317,37.596,33.049,1.532,1557.229,37.02,-41.688,-37.189,-51.67,-29.665,0.924,-4.593,-22.055,-7.025,10.742,132.225,0.022,1020.722,31.429,31.6,1198.024,34.475,29.988,1.465,902.879,31.556,-36.11,-33.677,-62.958,-30.141,-0.898,-1.964,-3.448,-0.55,4.568,162.99,-0.037,-1.935,-1.877,-1.205,-1.335,-0.033,15,726.018,21586
9,1,9,918.306,33.781,33.801,1821.231,37.641,33.031,1.501,1504.284,38.169,-40.872,-37.098,-54.374,-29.332,0.945,-4.634,-22.009,-6.879,11.52,122.131,0.004,1040.209,31.539,31.701,1223.754,34.538,30.029,1.448,926.896,31.033,-33.795,-31.63,-62.966,-30.389,-0.906,-1.994,-3.384,-0.483,5.715,149.54,-0.026,-1.936,-1.88,-1.194,-1.333,0.193,15,732.19,25933
10,1,10,887.937,33.791,33.818,1812.538,37.967,33.04,1.52,1493.771,38.514,-40.8,-35.645,-54.357,-29.313,1.063,-4.598,-22.265,-7.082,11.229,125.422,0.011,1019.725,31.457,31.63,1209.805,34.376,30.045,1.473,919.808,31.384,-33.982,-32.217,-63.015,-30.65,-0.931,-2.071,-3.62,-0.764,5.179,155.885,-0.034,-1.952,-1.899,-1.182,-1.313,0.016,15,721.257,22708
11,1,11,908.693,33.874,33.925,1903.992,37.048,33.036,1.547,1574.809,36.503,-41.224,-35.115,-52.171,-28.612,0.837,-4.698,-22.209,-7.006,10.707,127.023,-0.001,1019.562,31.504,31.68,1230.496,34.19,30.01,1.487,930.57,30.775,-37.881,-32.254,-63.328,-28.535,-0.814,-2.017,-3.529,-0.599,5.096,156.337,-0.044,-1.927,-1.878,-1.182,-1.319,0.023,15,719.932,79976
12,1,12,902.19,33.789,33.86,1810.24,38.391,33.009,1.521,1491.213,38.305,-39.64,-36.415,-51.423,-29.375,0.724,-4.879,-22.036,-6.894,11.166,125.516,0.013,1023.497,31.519,31.687,1225.64,34.375,30.041,1.474,924.772,31.186,-35.146,-33.424,-63.19,-30.168,-0.978,-2.088,-3.47,-0.528,5.274,148.578,-0.034,-1.916,-1.872,-1.181,-1.324,0.091,15,760.658,19627
13,1,13,921.179,33.808,33.87,1824.948,38.165,33.014,1.518,1505.249,37.991,-40.746,-36.58,-52.997,-29.273,0.915,-4.709,-21.994,-6.965,11.063,124.465,0.01,1035.484,31.467,31.636,1223.191,34.046,29.978,1.467,919.559,30.912,-34.799,-31.66,-62.809,-29.926,-0.786,-1.977,-3.456,-0.55,4.642,157.818,-0.037,-1.921,-1.873,-1.187,-1.327,0.097,15,731.775,17904
14,1,14,914.21,33.784,33.839,1831.895,37.753,32.957,1.532,1522.221,37.082,-39.574,-35.487,-51.922,-29.416,0.915,-4.745,-22.186,-7.154,10.726,128.9,0.014,1033.013,31.497,31.676,1201.026,34.989,30.01,1.474,902.944,31.716,-36.493,-36.091,-63.043,-29.963,-1.024,-2.128,-3.46,-0.747,4.618,160.813,-0.035,-1.937,-1.884,-1.192,-1.327,0.018,15,734.717,26595
15,1,15,884.859,33.805,33.868,1827.463,38.099,33.025,1.537,1517.572,37.783,-39.89,-36.569,-51.413,-29.448,0.903,-4.754,-22.036,-7.023,11.43,121.537,0.012,981.758,31.323,31.499,1197.298,33.703,30.017,1.483,921.52,31.126,-34.45,-31.583,-63.103,-30.246,-1.04,-2.125,-3.406,-0.55,5.476,175.007,-0.032,-1.917,-1.867,-1.202,-1.335,0.007,15,736.42,18407
16,1,16,918.556,33.887,33.962,1867.228,38.103,33.049,1.515,1535.921,37.534,-41.121,-35.689,-52.101,-29.147,1.01,-4.725,-22.189,-7.006,11.266,125.151,0.01,1050.018,31.58,31.751,1233.097,34.678,30.018,1.456,922.615,31.093,-34.94,-34.415,-63.153,-29.449,-1.095,-2.149,-3.551,-0.63,5.356,154.567,-0.037,-1.941,-1.877,-1.185,-1.313,0.103,15,744.266,19551
17,1,17,883.602,33.851,33.903,1856.282,37.806,33.003,1.535,1523.555,37.441,-41.536,-35.024,-53.909,-29.586,0.865,-4.863,-22.204,-7.185,10.553,129.828,0.007,964.471,31.359,31.535,1201.709,33.852,29.993,1.485,919.916,31.01,-34.593,-31.31,-63.256,-30.48,-0.927,-2.084,-3.615,-0.78,4.504,154.921,-0.037,-1.94,-1.894,-1.187,-1.321,0.098,15,731.619,20931
18,1,18,915.467,33.826,33.924,1857.355,37.969,33.043,1.537,1537.233,37.457,-39.355,-35.66,-51.162,-29.798,0.755,-4.994,-22.164,-7.189,10.965,122.871,0.012,1043.721,31.661,31.828,1258.34,34.59,29.986,1.471,932.955,30.524,-37.582,-36.112,-63.149,-30.362,-1.006,-2.061,-3.478,-0.709,4.949,152.831,-0.034,-1.935,-1.874,-1.186,-1.326,0.184,15,731.144,15846
19,1,19,914.155,33.92,33.981,1862.871,38.354,32.979,1.521,1525.408,37.192,-40.897,-35.643,-52.772,-29.576,0.698,-4.818,-22.07,-7.003,11.113,123.294,0.012,1035.224,31.587,31.752,1226.193,34.883,30.03,1.464,919.862,31.273,-37.446,-36.382,-63.066,-30.226,-1.019,-2.123,-3.405,-0.551,5.644,149.507,-0.029,-1.928,-1.879,-1.194,-1.327,0.098,15,716.898,22736
20,1,20,902.32,33.832,33.862,1849.768,37.583,32.99,1.532,1528.486,37.208,-39.699,-36.82,-52.936,-29.525,0.697,-4.872,-22.135,-6.95,11.314,123.788,0.012,1015.877,31.508,31.677,1227.851,34.237,30.023,1.479,929.508,30.9,-35.45,-32.521,-63.278,-30.37,-0.908,-2.019,-3.487,-0.539,5.171,151.327,-0.032,-1.923,-1.878,-1.188,-1.322,0.094,15,730.532,19843
21,1,21,895.698,33.82,33.935,1865.364,37.907,33.016,1.53,1547.269,36.979,-41.201,-35.991,-51.791,-29.722,0.945,-4.673,-22.176,-6.89,10.773,128.712,0.004,1010.404,31.575,31.746,1220.514,34.991,29.964,1.465,920.599,30.777,-37.107,-36.569,-63.077,-30.3,-0.889,-1.986,-3.491,-0.563,4.822,156.017,-0.033,-1.92,-1.87,-1.194,-1.32,0.016,15,719.547,228782
22,1,22,863.952,33.735,33.854,1814.652,38.245,33.027,1.549,1521.69,37.693,-39.937,-35.696,-51.185,-28.96,0.75,-4.931,-22.153,-7.13,10.915,127.001,0.005,960.634,31.5,31.682,1221.034,34.469,30.05,1.484,931.004,31.042,-35.648,-34.82,-63.62,-29.266,-0.899,-2.02,-3.472,-0.616,5.615,151.639,-0.037,-1.92,-1.884,-1.19,-1.321,0.007,15,716.799,30859
23,1,23,890.766,33.827,33.909,1855.523,37.874,33.016,1.532,1538.522,37.191,-40.38,-36.429,-51.439,-29.396,0.981,-4.669,-22.098,-6.946,10.995,125.675,0.011,1008.312,31.411,31.575,1220.395,33.646,30.015,1.48,934.223,30.687,-33.544,-31.093,-63.283,-30.502,-0.856,-1.971,-3.409,-0.514,5.005,152.431,-0.03,-1.915,-1.865,-1.189,-1.326,-0.056,15,709.559,43146
24,1,24,894.375,33.736,33.829,1814.272,38.03,33.017,1.525,1516.531,37.739,-40.112,-37.321,-51.554,-29.499,0.709,-4.83,-22.062,-7.02,10.754,131.524,0.007,1027.853,31.547,31.714,1216.98,34.838,29.992,1.462,914.866,31.175,-36.677,-34.07,-63.13,-30.193,-0.95,-2.007,-3.445,-0.534,5.009,151.84,-0.031,-1.911,-1.875,-1.189,-1.328,0.041,15,731.008,25172
25,1,25,911.869,33.83,33.912,1837.293,38.275,33.046,1.522,1516.542,37.988,-39.751,-37.172,-50.893,-29.485,0.76,-4.806,-22.079,-6.984,10.726,129.884,0.013,1030.726,31.426,31.595,1227.407,33.607,30.035,1.48,933.323,30.857,-33.609,-30.33,-63.392,-30.318,-0.819,-1.921,-3.424,-0.479,4.478,160.396,-0.032,-1.917,-1.863,-1.194,-1.325,0.087,15,716.926,26454
26,1,26,875.961,33.763,33.829,1789.875,38.55,33.025,1.518,1487.441,38.546,-40.646,-35.402,-53.248,-29.259,0.903,-4.789,-22.283,-7.188,11.208,125.403,0.011,1009.699,31.447,31.606,1217.035,33.981,30.023,1.474,924.371,31.076,-33.885,-31.984,-63.323,-30.561,-0.947,-2.1,-3.6,-0.798,5.006,165.907,-0.025,-1.958,-1.892,-1.174,-1.305,0.024,15,739.71,23435
27,1,27,912.302,33.944,34.009,1875,38.359,33.012,1.5,1521.148,37.584,-40.649,-37.481,-52.369,-29.596,0.88,-4.72,-22.05,-6.972,11.366,128.377,0.006,1037.673,31.648,31.813,1263.499,34.329,30.044,1.468,948.649,30.421,-36.164,-33.636,-63.287,-30.562,-0.745,-1.877,-3.288,-0.427,5.003,153.571,-0.031,-1.912,-1.863,-1.195,-1.337,0.103,15,740.215,24279
28,1,28,908.639,33.804,33.828,1812.354,38.063,33.014,1.51,1486.292,38.476,-40.876,-37.53,-53.458,-29.207,1.24,-4.591,-21.939,-6.919,11.012,128.484,0.013,1038.28,31.504,31.67,1236.479,33.944,30.034,1.473,934.375,30.817,-34.768,-30.389,-63.184,-30.094,-0.556,-1.763,-3.383,-0.471,4.965,157.311,-0.032,-1.914,-1.874,-1.187,-1.325,0.016,15,724.587,21015
29,1,29,899.751,33.729,33.792,1774.604,38.552,33.021,1.498,1480.071,38.704,-40.037,-34.726,-52.816,-29.217,1.722,-4.9,-22.029,-7.094,11.31,125.77,0.005,1020.874,31.472,31.639,1215.42,34.288,30.017,1.449,920.372,31.165,-35.651,-32.477,-63.088,-30.208,0.773,-1.912,-3.52,-0.692,5.545,152.511,-0.041,-1.989,-1.906,-1.191,-1.343,0.006,15,747.598,23742
30,1,30,906.807,33.753,33.841,1806.479,38.298,33.033,1.543,1502.853,38.223,-39.636,-36.931,-50.925,-29.544,0.81,-4.825,-22.005,-6.957,10.985,125.567,0.014,1025.046,31.487,31.648,1238.625,33.715,30.012,1.49,939.024,30.513,-35.105,-31.588,-63.378,-30.153,-0.893,-2.028,-3.428,-0.531,5.356,152.491,-0.038,-1.933,-1.875,-1.199,-1.338,0.008,15,715.532,29964
31,1,31,901.735,33.811,33.86,1844.533,37.678,33.045,1.527,1525.755,37.754,-40.968,-35.61,-53.434,-29.435,1.017,-4.718,-22.037,-6.93,10.927,127.383,0.016,1026.986,31.426,31.595,1212.255,34.027,30.008,1.474,919.082,31.145,-34.545,-31.88,-63.219,-30.192,-1.08,-2.131,-3.513,-0.646,5.114,155.365,-0.03,-1.935,-1.892,-1.186,-1.328,0.014,15,721.487,19830
32,1,32,909.755,33.776,33.846,1807.065,38.331,33.049,1.54,1503.374,38.347,-41.418,-38.787,-53.165,-29.429,0.769,-4.71,-21.818,-6.727,10.937,128.287,0.007,1014.219,31.567,31.74,1191.608,35.791,29.982,1.473,898.587,31.663,-39.842,-37.347,-62.782,-30.144,-0.885,-2.003,-3.222,-0.289,4.848,158.694,-0.026,-1.904,-1.86,-1.197,-1.341,0.09,15,722.794,23610
33,1,33,905.582,33.762,33.808,1797.462,38.2,33.033,1.529,1489.522,38.562,-40.041,-37.14,-52.345,-29.377,0.888,-4.688,-22.079,-6.832,11.127,129.25,0.007,1020.754,31.521,31.686,1215.485,34.658,30.026,1.476,918.096,31.304,-34.505,-33.609,-63.172,-30.165,-1.007,-2.03,-3.492,-0.508,5.183,152.744,-0.031,-1.922,-1.863,-1.184,-1.318,-0.068,15,722.742,21277
34,1,34,902.092,33.885,33.934,1859.717,38.009,33.022,1.524,1527.045,37.519,-40.8,-36.662,-53.137,-29.525,1.09,-4.432,-22.061,-6.82,10.921,146.309,0.002,1032.113,31.602,31.781,1243.545,34.62,30.033,1.472,934.646,30.799,-37.418,-34.403,-63.303,-30.031,-0.211,-1.58,-3.459,-0.507,4.872,151.369,-0.036,-1.911,-1.865,-1.19,-1.327,0.134,15,730.437,16087
35,1,35,898.7,33.878,33.931,1860.552,37.967,33.029,1.529,1529.223,37.532,-40.898,-36.853,-52.115,-29.212,1.02,-4.569,-22.073,-6.886,11.012,137.799,0.012,1031.94,31.593,31.761,1239.416,34.583,29.99,1.476,934.375,30.509,-37.218,-33.733,-63.109,-29.717,-0.826,-1.926,-3.464,-0.528,5.431,149.682,-0.033,-1.936,-1.878,-1.198,-1.336,0.103,15,729.684,19921
36,1,36,872.883,33.836,33.922,1854.775,38.008,33.041,1.529,1536.702,37.451,-41.135,-36.749,-52.974,-29.182,0.998,-4.596,-22.124,-6.941,10.86,134.239,0.004,987.383,31.411,31.579,1173.367,35.027,30.047,1.468,895.443,32.257,-36.761,-35.498,-63.01,-29.607,-0.796,-1.951,-3.411,-0.524,5.293,161.758,-0.024,-1.923,-1.873,-1.196,-1.335,0.091,15,722.745,27067
37,1,37,913.147,33.883,33.912,1877.59,37.454,33.045,1.524,1550.26,37.156,-40.148,-36.942,-57.197,-28.988,1.376,-4.452,-22.035,-6.864,11.17,123.619,0.006,1053.226,31.502,31.678,1202.186,34.976,30.04,1.465,912.503,31.598,-33.504,-33.634,-62.818,-29.139,-0.874,-2.034,-3.396,-0.496,5.629,148.24,-0.029,-1.939,-1.873,-1.186,-1.325,0.012,15,716.008,17855
38,1,38,914.676,33.825,33.947,1856.629,38.183,33.028,1.539,1537.124,37.324,-40.343,-35.461,-51.02,-29.783,0.958,-4.715,-22.199,-7.078,11.114,124.543,0.002,1027.908,31.427,31.596,1213.967,33.987,30.003,1.48,920.74,31.052,-34.489,-32.965,-63.237,-30.307,-1.059,-2.14,-3.546,-0.671,5.35,151.93,-0.035,-1.926,-1.885,-1.184,-1.315,0.097,15,715.403,22777
39,1,39,896.294,33.843,33.928,1875.401,37.643,33.032,1.553,1551.821,37.01,-41.72,-36.716,-52.294,-29.656,0.915,-4.622,-22.178,-7.041,10.477,131.401,0.004,964.991,31.467,31.648,1186.687,35.189,30.008,1.476,901.144,31.764,-37.589,-38.967,-63.141,-30.177,-0.904,-1.991,-3.436,-0.606,4.448,160.094,-0.027,-1.926,-1.875,-1.2,-1.335,0.002,15,739.988,15972
40,1,40,920.853,33.812,33.9,1874.739,37.409,32.958,1.54,1557.587,36.247,-40.29,-35.102,-51.242,-29.616,0.823,-4.874,-22.158,-7.025,10.697,128.668,0.005,1053.562,31.497,31.664,1213.36,34.541,29.965,1.475,918.334,30.861,-36.016,-34.92,-63.4,-29.839,-1.095,-2.194,-3.479,-0.638,4.991,157.1,-0.032,-1.932,-1.88,-1.182,-1.322,0.098,15,717.241,19102
41,1,41,888.425,33.766,33.814,1803.217,38.128,33.032,1.52,1497.12,38.362,-40.319,-35.494,-53.398,-29.57,0.897,-4.831,-22.182,-7.235,10.88,130.117,0.017,1010.74,31.64,31.819,1231.352,35.276,30.045,1.463,921.174,31.342,-36.276,-34.951,-63.152,-30.317,-0.929,-2.063,-3.457,-0.717,4.6,160.475,-0.031,-1.942,-1.889,-1.182,-1.32,0.019,15,741.692,18299
42,1,42,909.311,33.794,33.894,1842.723,38.01,33.032,1.529,1533.428,37.455,-39.844,-36.266,-51.479,-29.477,0.927,-4.769,-22.081,-6.9,11.103,140.382,0.009,1032.102,31.477,31.642,1224.296,34.063,30.032,1.479,934.678,30.794,-33.841,-31.634,-63.268,-30.022,-0.843,-1.997,-3.491,-0.533,5.674,146.567,-0.026,-1.912,-1.863,-1.186,-1.324,0.011,15,737.792,15981
43,1,43,909.592,33.862,33.928,1879.411,37.556,33.049,1.547,1548.407,37.238,-40.674,-35.914,-51.629,-29.29,0.804,-4.871,-22.164,-7.071,10.779,128.417,0.003,1011.152,31.503,31.678,1219.983,34.465,30.04,1.485,924.219,31.202,-36.306,-35.416,-63.285,-29.813,-1.004,-2.059,-3.422,-0.635,4.999,153.638,-0.04,-1.918,-1.876,-1.185,-1.327,0.101,15,717.897,18606
44,1,44,918.707,33.824,33.924,1865.917,37.798,33.01,1.519,1542.879,37.038,-41.313,-36.483,-51.529,-29.602,0.695,-4.797,-22.115,-6.964,10.906,126.432,0.008,1057.063,31.507,31.683,1217.62,34.571,30.002,1.461,918.063,31.137,-37.446,-32.153,-63.28,-29.805,-1.04,-2.156,-3.468,-0.536,5.437,150.216,-0.038,-1.93,-1.871,-1.187,-1.325,0.196,15,727.406,15291
45,1,45,906.547,33.93,33.99,1900.903,37.666,33.046,1.528,1555.788,37.031,-41.431,-35.706,-53.319,-29.672,0.919,-4.817,-22.094,-6.994,11.217,123.53,0.009,1014.013,31.541,31.713,1202.75,35.24,30.02,1.466,902.142,31.818,-35.42,-36.855,-63.424,-30.131,-1.019,-2.16,-3.38,-0.542,4.86,175.957,-0.03,-1.924,-1.867,-1.194,-1.327,0.099,15,727.663,17156
46,1,46,896.771,33.821,33.892,1808.149,38.716,33.037,1.511,1494.324,38.472,-40.392,-36.488,-53.079,-29.323,1.029,-4.523,-21.906,-6.849,11.34,122.913,0.001,1035.245,31.632,31.808,1234.387,35.096,29.975,1.459,929.552,30.559,-39.493,-36.753,-63.115,-29.956,-0.853,-1.968,-3.385,-0.514,6.019,145.236,-0.036,-1.922,-1.869,-1.192,-1.335,0.098,15,720.747,17282
47,1,47,870.986,33.83,33.858,1852.607,37.491,33.019,1.522,1526.026,37.517,-40.224,-36.791,-53.567,-29.405,1.046,-4.691,-22.23,-6.967,11.168,126.485,0.001,994.07,31.406,31.576,1192.323,34.447,30.045,1.478,913.316,31.608,-33.98,-33.16,-63.458,-29.709,-0.969,-2.064,-3.437,-0.589,5.049,156.373,-0.032,-1.918,-1.873,-1.195,-1.334,0.1,15,730.649,16154
48,1,48,907.804,33.778,33.852,1827.538,37.951,33.042,1.528,1524.953,37.75,-40.399,-35.299,-51.94,-29.301,0.748,-4.766,-22.233,-7.138,10.697,129.71,0.013,1025.296,31.582,31.747,1231.569,34.687,30.034,1.471,927.633,31.046,-36.321,-34.821,-63.19,-29.604,-0.972,-2.105,-3.531,-0.688,4.978,157.892,-0.029,-1.932,-1.873,-1.178,-1.311,0.098,15,720.955,15815
49,1,49,895.264,33.892,33.915,1869.049,37.65,33.014,1.522,1527.478,37.438,-40.941,-35.426,-53.686,-29.475,0.976,-4.804,-22.071,-7.083,10.971,143.892,0.014,1013.222,31.443,31.614,1218.433,34.001,29.981,1.478,924.88,30.76,-33.957,-32.991,-63.415,-30.007,-0.842,-2.023,-3.426,-0.641,5.33,153.501,-0.037,-1.919,-1.878,-1.183,-1.322,0.022,15,724.193,19269
50,1,50,899.35,33.782,33.875,1829.294,38.116,33,1.53,1513.301,37.674,-39.546,-36.326,-51.211,-29.552,0.74,-4.868,-22.142,-6.994,11.329,122.987,0.009,1022.185,31.553,31.73,1244.586,34.19,30.031,1.477,937.279,30.699,-34.315,-32.946,-63.216,-30.156,-0.975,-2.053,-3.493,-0.586,5.418,148.448,-0.033,-1.921,-1.868,-1.181,-1.324,0.092,15,732.112,19254
