Header Section,,,,,,,,,,,,,,,,,,,,,,,,,,,,,,,,,,,,,,,,,,,,,,,,,,,,,,,,,,,,,,,,,,,,,,,,,,,,,,,,
Product,VC5276Q,,,,,,,,,,,,,,,,,,,,,,,,,,,,,,,,,,,,,,,,,,,,,,,,,,,,,,,,,,,,,,,,,,,,,,,,,,,,,,,
Test Plan,Rev(B),,,,,,,,,,,,,,,,,,,,,,,,,,,,,,,,,,,,,,,,,,,,,,,,,,,,,,,,,,,,,,,,,,,,,,,,,,,,,,,
Release Date,2013/3/25,,,,,,,,,,,,,,,,,,,,,,,,,,,,,,,,,,,,,,,,,,,,,,,,,,,,,,,,,,,,,,,,,,,,,,,,,,,,,,,
Comment,Qual Band,#1~#5 was generate in Acetec 2013/3/25,,,,,,,,,,,,,,,,,,,,,,,,,,,,,,,,,,,,,,,,,,,,,,,,,,,,,,,,,,,,,,,,,,,,,,,,,,,,,,
,,,,,,,,,,,,,,,,,,,,,,,,,,,,,,,,,,,,,,,,,,,,,,,,,,,,,,,,,,,,,,,,,,,,,,,,,,,,,,,,
Data Section,,,,,,,,,,,,,,,,,,,,,,,,,,,,,,,,,,,,,,,,,,,,,,,,,,,,,,,,,,,,,,,,,,,,,,,,,,,,,,,,
Device#,1,2,3,4,5,6,7,8,9,10,11,12,13,14,15,16,17,18,19,20,21,22,23,24,25,26,27,28,29,30,31,32,33,34,35,36,37,38,39,40,41,42,43,44,45,46,47,48,49,50,51,52,53,54,55,56,57,58,59,60,61,62,63,64,65,66,67,68,69,70,71,72,73,74,75,76,77,78,79,80
Test Item,Site No,Device ID,GSM824 Idle Current,GSM824 Max Pout@0dBm drive,GSM824 Max Pout,GSM824 Max Icc,GSM824 Max PAE,GSM824 Rated Pout,GSM824 Rated Vramp,GSM824 Rated Icc,GSM824 Rated PAE,GSM824 2nd har@33dBm,GSM824 3rd har@33dBm,GSM824 Max Fwd Iso1,GSM824 Max Fwd Iso2,GSM824 Pout Leakage@RX0,GSM824 Pout Leakage@RX1,GSM824 CMOS Pout,GSM824 Pout Slope1,GSM824 Stress Delta,GSM915 Idle Current,GSM915 Max Pout@0dBm drive,GSM915 Max Pout,GSM915 Max Icc,GSM915 Max PAE,GSM915 Rated Pout,GSM915 Rated Vramp,GSM915 Rated Icc,GSM915 Rated PAE,GSM915 2nd har@33dBm,GSM915 3rd har@33dBm,GSM915 Max Fwd Iso1,GSM915 Max Fwd Iso2,GSM915 Pout Leakage@RX0,GSM915 Pout Leakage@RX1,GSM915 CMOS Pout,GSM915 Pout Slope1,GSM915 Stress Delta,DCS1785 Idle Current,DCS1785 Max Pout@0dBm drive,DCS1785 Max Pout,DCS1785 Max Icc,DCS1785 Max PAE,DCS1785 Rated Pout,DCS1785 Rated Vramp,DCS1785 Rated Icc,DCS1785 Rated PAE,DCS1785 2nd har@33dBm,DCS1785 3rd har@33dBm,DCS1785 Max Fwd Iso1,DCS1785 Max Fwd Iso2,DCS1785 Pout Leakage@RX0,DCS1785 Pout Leakage@RX1,DCS1785 CMOS Pout,DCS1785 Pout Slope1,DCS1785 Stress Delta,PCS1910 Idle Current,PCS1910 Max Pout@0dBm drive,PCS1910 Max Pout,PCS1910 Max Icc,PCS1910 Max PAE,PCS1910 Rated Pout,PCS1910 Rated Vramp,PCS1910 Rated Icc,PCS1910 Rated PAE,PCS1910 2nd har@33dBm,PCS1910 3rd har@33dBm,PCS1910 Max Fwd Iso1,PCS1910 Max Fwd Iso2,PCS1910 Pout Leakage@RX0,PCS1910 Pout Leakage@RX1,PCS1910 CMOS Pout,PCS1910 Pout Slope1,PCS1910 Stress Delta,Insertion Loss RX0 869MHz,Insertion Loss RX0 960MHz,Insertion Loss RX1 1805MHz,Insertion Loss RX1 1990MHz,Leakage Current,Leakage Current Wait Time
Low Tolerance,,,60,0.3,0.3,60,0,0,0,60,0,2,2,3,2,3,3,1,0,0,60,0.3,0.3,60,0,0,0,60,0,2,2,3,2,3,3,1,0,0,60,0.3,0.3,60,0,0,0,60,0,3,3,3,2,3,3,1,0,0,60,0.3,0.3,60,0,0,0,60,0,3,3,3,2,3,3,1,0,0,0.3,0.3,0.3,0.3,5,0
High Tolerance,,,60,0.3,0.3,60,0,0,0,60,0,2,2,3,2,3,3,1,0,0,60,0.3,0.3,60,0,0,0,60,0,2,2,3,2,3,3,1,0,0,60,0.3,0.3,60,0,0,0,60,0,3,3,3,2,3,3,1,0,0,60,0.3,0.3,60,0,0,0,60,0,3,3,3,2,3,3,1,0,0,0.3,0.3,0.3,0.3,10,0
Enable,,,1,1,1,1,0,0,0,1,0,1,1,1,1,1,1,1,0,0,1,1,1,1,0,0,0,1,0,1,1,1,1,1,1,1,0,0,1,1,1,1,0,0,0,1,0,1,1,1,1,1,1,1,0,0,1,1,1,1,0,0,0,1,0,1,1,1,1,1,1,1,0,0,1,1,1,1,1,0
301,1,301,728.817,33.676,33.812,1517.172,45.581,33.027,1.462,1323.014,43.638,-36.460,-38.815,-62.751,-30.313,1.239,-3.706,12.946,130.736,0.003,760.674,33.696,33.840,1659.475,41.988,33.015,1.519,1496.806,38.522,-42.914,-37.806,-55.245,-30.128,1.239,-3.351,12.874,127.374,-0.002,967.059,31.682,31.795,1156 ,37.8258,29.9618,1.425,891.6948,32.2066,-40.7962,-43.7742,-67.185,-26.8106,2.4448,-0.5142,16.0398,155.955,0,967.6574,31.36,31.6246,1271.576,33.1098,29.9922,1.453,961.5912,30.1066,-43.3446,-35.7182,-82.8438,-26.6138,2.8976,0.2062,15.3896,153.501,0.0044,-1.2924,-1.35,-1.2854,-1.393,3.5966,35
302,2,302,742.353,33.740,33.866,1543.188,45.374,33.015,1.462,1338.012,43.038,-36.482,-38.905,-62.519,-30.425,0.976,-3.824,12.659,132.622,0.001,768.092,33.683,33.839,1675.666,41.577,32.965,1.519,1502.189,37.954,-43.822,-36.289,-56.576,-30.300,0.868,-3.566,12.636,129.235,-0.002,963.981,31.480,31.612,1122 ,37.3568,30.018,1.444,885.2886,32.8508,-42.7934,-47.8896,-68.3106,-26.766,2.2308,-0.8774,15.8486,157.6078,0.0004,964.7588,31.151,31.4718,1262.467,32.208,29.994,1.481,983.6344,29.4538,-43.2428,-37.9212,-83.0788,-26.909,2.6372,-0.1696,14.9134,154.8498,0.0008,-1.313,-1.3802,-1.3234,-1.4012,3.6582,35
303,3,303,748.393,33.699,33.846,1548.681,45.014,32.998,1.470,1341.097,42.772,-35.512,-37.495,-62.494,-29.265,1.265,-3.657,12.365,138.695,0.000,778.264,33.744,33.872,1698.901,41.320,33.007,1.530,1525.233,37.743,-41.029,-38.436,-55.934,-28.955,1.253,-3.323,12.276,134.741,-0.003,986.437,31.600,31.708,1155 ,37.0904,30.0142,1.444,901.9878,32.224,-41.0698,-42.1988,-67.3248,-25.1512,2.4224,-0.5994,15.5222,163.052,0.0024,983.873,31.2894,31.5474,1294.8384,31.958,30.0284,1.481,997.348,29.282,-42.1088,-34.902,-82.7056,-25.4254,2.8278,0.1216,14.7026,160.0538,0.0018,-1.29,-1.3586,-1.2892,-1.3884,3.6154,35
304,4,304,742.486,33.786,33.918,1556.787,45.520,33.024,1.458,1344.162,42.926,-36.311,-38.621,-62.475,-29.429,1.118,-3.588,12.986,131.059,0.002,770.809,33.721,33.848,1687.208,41.381,32.976,1.519,1514.347,37.747,-43.697,-37.379,-55.456,-29.231,0.943,-3.377,12.873,127.020,-0.003,967.305,31.542,31.673,1140 ,37.2954,30.0302,1.444,898.1012,32.4804,-45.7488,-45.0162,-67.4328,-26.0256,2.2606,-0.661,15.6904,160.7892,-0.0004,964.5558,31.1994,31.4848,1273.2952,32.0324,30.0062,1.481,996.9332,29.1482,-42.9364,-36.8946,-82.7018,-26.1178,2.6362,0.003,14.8068,157.7164,0.0008,-1.288,-1.3528,-1.2932,-1.3898,3.6404,35
305,5,305,743.364,33.821,33.962,1573.267,45.503,32.995,1.453,1343.112,42.680,-37.112,-38.201,-62.748,-29.603,1.260,-3.654,12.816,132.118,0.002,770.224,33.783,33.923,1704.109,41.681,33.012,1.517,1519.682,37.928,-45.449,-37.117,-55.820,-29.446,1.121,-3.412,12.684,128.177,0.000,979.117,31.614,31.750,1159 ,37.3448,30.0348,1.444,902.981,32.3396,-43.7302,-49.3936,-67.8914,-26.374,2.4206,-0.6942,15.7064,158.162,0.0008,982.3478,31.3046,31.6048,1307.738,32.0602,29.9888,1.481,1005.8518,28.7802,-44.8088,-37.9058,-82.7274,-26.56,2.8276,0.023,14.7906,155.5608,0.0026,-1.2966,-1.3694,-1.308,-1.3942,3.6522,35
306,6,306,749.312,33.890,34.025,1590.328,45.667,32.972,1.444,1347.134,42.329,-36.424,-38.226,-62.358,-30.356,1.157,-3.556,12.857,130.013,-0.001,776.393,33.786,33.923,1707.403,41.601,33.019,1.515,1521.812,37.927,-46.405,-36.548,-55.815,-30.307,0.948,-3.376,12.828,126.308,0.002,982.412,31.520,31.666,1130 ,37.5708,30.0206,1.444,885.2596,32.8712,-42.4874,-44.1004,-68.2382,-27.3134,2.178,-0.7002,15.6974,159.2662,0.001,979.5908,31.2166,31.5194,1286.201,31.967,29.9838,1.485,993.5558,29.0976,-43.467,-37.2032,-82.7832,-27.197,2.643,-0.013,14.7432,156.0708,0.0052,-1.295,-1.3688,-1.3026,-1.397,3.598,35
307,7,307,722.753,33.753,33.895,1554.421,45.356,33.013,1.457,1347.466,42.720,-34.357,-39.694,-62.712,-30.553,1.071,-3.588,12.534,131.217,0.000,750.717,33.609,33.809,1688.202,40.994,32.994,1.524,1528.090,37.563,-42.568,-36.615,-54.992,-30.582,0.866,-3.403,12.496,127.879,0.000,965.729,31.615,31.777,1145 ,38.0132,29.989,1.434,887.3794,32.5598,-45.5746,-47.4726,-67.6572,-27.663,2.3188,-0.5396,15.2754,159.5598,0.0022,965.058,31.214,31.5798,1257.4966,33.1362,29.9862,1.472,965.7302,29.9372,-46.7804,-37.9938,-81.8444,-27.4114,2.707,0.102,14.5338,156.0376,0.0002,-1.3132,-1.3626,-1.2922,-1.4012,3.6142,35
308,8,308,750.920,33.707,33.852,1547.290,45.112,33.020,1.457,1342.912,42.927,-37.469,-38.484,-62.359,-29.278,1.027,-3.750,12.901,132.982,0.002,777.854,33.787,33.908,1699.420,41.655,32.989,1.505,1511.628,37.925,-43.698,-37.319,-55.371,-29.022,0.983,-3.396,12.800,129.000,-0.001,991.794,31.559,31.689,1148 ,37.157,29.996,1.434,896.8374,32.27,-42.3516,-43.1864,-67.3998,-25.3194,2.3718,-0.7478,15.8364,159.2362,0.0008,988.0862,31.299,31.5642,1309.1516,31.7328,29.9892,1.472,1007.6206,28.7322,-42.2146,-36.1706,-82.8082,-25.5708,2.8252,0.0004,14.9206,156.6208,0.0022,-1.2802,-1.352,-1.297,-1.3836,3.6354,35
309,9,309,755.032,33.726,33.871,1546.225,45.345,32.999,1.462,1332.923,43.038,-37.329,-38.589,-62.339,-29.787,1.074,-3.701,12.709,134.728,0.000,782.102,33.767,33.883,1689.507,41.655,32.979,1.519,1508.213,37.925,-44.218,-36.952,-55.202,-29.674,0.971,-3.428,12.659,131.040,-0.002,987.646,31.570,31.686,1132 ,37.643,30.001,1.434,883.0702,32.8042,-42.7854,-45.1924,-67.361,-26.1464,2.1518,-0.715,15.509,164.609,0.0006,985.625,31.263,31.536,1245.4654,33.12,29.9996,1.462,955.5166,30.3448,-43.8568,-37.3498,-82.4672,-26.048,2.5522,-0.049,14.8194,160.69,0.0012,-1.3004,-1.3634,-1.2946,-1.3882,3.5966,35
310,10,310,752.968,33.729,33.859,1532.847,45.605,32.999,1.451,1325.971,43.263,-40.838,-41.202,-62.095,-28.205,0.879,-3.677,12.813,133.038,0.002,779.813,33.742,33.897,1676.267,42.118,32.992,1.505,1494.456,38.380,-46.051,-37.927,-55.716,-27.623,0.813,-3.334,12.753,128.913,-0.002,983.294,31.595,31.730,1162 ,37.061,30.034,1.444,908.7168,32.1312,-45.4848,-43.8628,-67.2632,-24.3954,2.4492,-0.5856,15.449,162.646,0,987.8742,31.2888,31.5688,1320.945,31.4872,29.9802,1.481,1020.9772,28.3052,-42.982,-35.9954,-82.656,-24.8152,2.8644,0.129,14.5138,160.1084,0.0008,-1.2854,-1.336,-1.2818,-1.384,3.6558,35
311,11,311,728.927,33.691,33.832,1541.275,45.082,32.975,1.462,1338.536,42.625,-35.487,-38.277,-62.497,-28.921,0.939,-3.746,12.743,130.361,0.001,757.063,33.638,33.837,1681.473,41.410,32.992,1.524,1516.469,37.826,-43.397,-36.242,-55.903,-28.519,0.837,-3.455,12.635,126.521,-0.005,965.666,31.578,31.732,1148 ,37.537,30.029,1.444,900.0982,32.3948,-45.1594,-46.964,-67.8694,-25.316,2.316,-0.6216,15.7222,156.7016,-0.0008,966.3058,31.2274,31.5886,1278.2084,32.6722,30.0076,1.481,992.2526,29.292,-45.866,-38.0182,-82.9746,-25.5636,2.7092,0.0754,14.862,154.4342,0.0004,-1.315,-1.3862,-1.312,-1.4014,3.6308,35
312,12,312,732.117 ,33.694 ,33.837 ,1491.720 ,46.618 ,33.023 ,1.442 ,1291.711 ,44.647 ,-41.356 ,-39.431 ,-63.234 ,-29.962 ,0.978 ,-3.775 ,13.661 ,127.391 ,0.002 ,761.157 ,33.717 ,33.846 ,1609.136 ,43.352 ,33.025 ,1.496 ,1447.630 ,39.913 ,-43.516 ,-37.407 ,-55.803 ,-30.086 ,0.914 ,-3.457 ,13.478 ,123.294 ,-0.001 ,962.606 ,31.671 ,31.782 ,1154 ,37.7524,30.009,1.425,897.9822,32.3268,-41.0872,-46.2186,-67.4412,-27.1252,2.3758,-0.646,16.3436,152.504,0.0014,962.4864,31.3862,31.6648,1273.8908,33.3522,30.0016,1.4512,973.5626,29.8074,-45.2416,-37.043,-82.7064,-26.8838,2.8234,0.0988,15.6414,150.2752,0.0008,-1.2938,-1.354,-1.2996,-1.3886,3.6032,35
313,13,313,739.121 ,33.783 ,33.915 ,1527.489 ,46.362 ,32.991 ,1.444 ,1310.642 ,43.685 ,-36.411 ,-38.532 ,-62.744 ,-31.025 ,1.391 ,-3.516 ,12.918 ,131.770 ,0.001 ,765.939 ,33.681 ,33.800 ,1627.867 ,42.413 ,33.016 ,1.513 ,1468.873 ,39.262 ,-43.594 ,-36.874 ,-55.833 ,-31.355 ,1.214 ,-3.351 ,12.920 ,128.094 ,-0.001 ,972.000 ,31.639 ,31.763 ,1152 ,37.6702,30.021,1.44,897.1288,32.4466,-42.2556,-42.2166,-67.5722,-28.852,2.3106,-0.5548,15.5756,160.7992,-0.0016,970.404,31.3126,31.5966,1271.2518,32.9086,30.0018,1.47,972.5038,29.84,-44.361,-36.0678,-82.2688,-28.2072,2.7624,0.1264,14.8852,156.3152,0.0008,-1.294,-1.3582,-1.2966,-1.3924,3.6152,35
314,14,314,752.113 ,33.693 ,33.841 ,1554.066 ,44.803 ,32.997 ,1.462 ,1347.173 ,42.566 ,-35.824 ,-38.026 ,-62.436 ,-31.005 ,0.995 ,-3.731 ,12.863 ,131.981 ,-0.003 ,779.821 ,33.793 ,33.921 ,1725.350 ,41.149 ,32.996 ,1.519 ,1535.368 ,37.404 ,-41.286 ,-38.743 ,-55.403 ,-31.196 ,0.958 ,-3.372 ,12.808 ,129.167 ,-0.001 ,991.616 ,31.500 ,31.621 ,1140 ,36.8302,30.0268,1.444,895.5548,32.5454,-44.5656,-44.661,-67.633,-27.4556,2.3038,-0.8342,15.8486,161.4854,0.004,992.4236,31.1748,31.4436,1291.8074,31.2866,29.9864,1.481,998.532,28.9714,-41.6824,-36.636,-83.4422,-27.2754,2.6668,-0.1542,14.8806,157.2432,0.0032,-1.2784,-1.3548,-1.293,-1.3878,3.632,35
315,15,315,749.959 ,33.690 ,33.837 ,1529.962 ,45.457 ,33.026 ,1.460 ,1328.733 ,43.438 ,-38.912 ,-38.252 ,-63.091 ,-28.569 ,1.078 ,-3.676 ,12.879 ,134.369 ,0.000 ,778.767 ,33.771 ,33.889 ,1669.069 ,42.219 ,32.990 ,1.505 ,1486.252 ,38.574 ,-43.843 ,-37.674 ,-56.453 ,-28.157 ,1.032 ,-3.361 ,12.730 ,129.798 ,-0.002 ,988.265 ,31.541 ,31.673 ,1139 ,37.327,30.0202,1.44,894.5738,32.5312,-44.0322,-45.5608,-67.4736,-24.5726,2.3592,-0.6626,15.7488,160.4068,0.0014,986.8446,31.2568,31.5306,1267.7856,32.5056,29.9906,1.468,977.64,29.6096,-43.7494,-37.382,-83.6936,-24.9452,2.7518,0.0322,14.9904,157.7136,0.004,-1.3174,-1.385,-1.3026,-1.4122,3.6082,35
316,16,316,731.094 ,33.737 ,33.877 ,1554.035 ,45.170 ,32.977 ,1.462 ,1345.726 ,42.420 ,-36.008 ,-38.224 ,-62.260 ,-30.050 ,1.151 ,-3.685 ,12.516 ,129.465 ,-0.002 ,759.280 ,33.615 ,33.834 ,1687.549 ,41.237 ,33.007 ,1.530 ,1524.847 ,37.754 ,-44.035 ,-36.212 ,-55.809 ,-29.812 ,1.006 ,-3.448 ,12.532 ,126.287 ,-0.006 ,960.366 ,31.441 ,31.614 ,1128 ,37.1686,29.9702,1.444,888.1118,32.3948,-42.2398,-44.1572,-68.6632,-26.608,2.2296,-0.8406,15.8448,152.6938,0.004,958.7146,31.013,31.4012,1269.0522,31.5346,30.0086,1.5,1002.499,29.0054,-42.0316,-35.3332,-82.6064,-26.71,2.6298,-0.177,14.8794,150.0262,-0.0002,-1.2896,-1.3514,-1.2882,-1.3906,3.6204,35
317,17,317,733.593 ,33.643 ,33.791 ,1521.682 ,45.226 ,32.999 ,1.462 ,1328.292 ,43.195 ,-33.633 ,-37.660 ,-62.800 ,-29.155 ,1.103 ,-3.726 ,12.914 ,132.088 ,0.000 ,764.551 ,33.696 ,33.859 ,1680.976 ,41.637 ,33.000 ,1.519 ,1510.953 ,38.034 ,-41.838 ,-36.147 ,-55.538 ,-28.960 ,1.069 ,-3.396 ,12.725 ,127.747 ,-0.003 ,971.092 ,31.566 ,31.686 ,1141 ,37.3826,30.023,1.44,895.5916,32.5164,-43.675,-42.987,-67.941,-25.7646,2.3406,-0.6724,15.764,157.4772,0.003,974.774,31.2052,31.5002,1271.43,32.1898,30.0136,1.4756,983.3818,29.5928,-42.5406,-35.3694,-82.8762,-25.9288,2.7652,0.0146,14.969,155.2238,0.0002,-1.3122,-1.379,-1.2978,-1.4136,3.6126,35
318,18,318,742.077 ,33.691 ,33.832 ,1569.132 ,44.282 ,33.002 ,1.470 ,1366.768 ,42.010 ,-35.006 ,-38.937 ,-62.065 ,-28.175 ,0.751 ,-3.820 ,12.585 ,135.849 ,-0.001 ,769.532 ,33.695 ,33.853 ,1738.424 ,40.219 ,33.010 ,1.536 ,1568.068 ,36.743 ,-42.955 ,-37.077 ,-55.409 ,-27.741 ,0.630 ,-3.511 ,12.433 ,131.300 ,-0.004 ,985.433 ,31.553 ,31.664 ,1141 ,37.187,30.0254,1.442,894.2352,32.582,-41.4234,-44.8206,-67.4208,-24.0786,2.262,-0.813,15.5764,162.6348,0.0008,983.1214,31.2334,31.503,1281.5842,31.9602,30.0238,1.4792,989.3574,29.4854,-40.9688,-35.7262,-83.2076,-24.4914,2.6824,-0.0796,14.7236,160.125,-0.0008,-1.2888,-1.3532,-1.3012,-1.3954,3.6168,35
319,19,319,742.848 ,33.691 ,33.844 ,1569.938 ,44.383 ,32.999 ,1.472 ,1363.284 ,42.090 ,-37.367 ,-38.403 ,-62.288 ,-30.783 ,1.209 ,-3.757 ,12.783 ,133.066 ,0.000 ,770.733 ,33.718 ,33.845 ,1713.561 ,40.719 ,32.997 ,1.528 ,1542.834 ,37.230 ,-43.942 ,-38.155 ,-54.748 ,-30.972 ,1.139 ,-3.467 ,12.724 ,129.387 ,-0.002 ,979.177 ,31.530 ,31.652 ,1143 ,37.0058,30.0238,1.442,898.1016,32.4318,-38.9062,-43.3842,-67.353,-27.3258,2.2956,-0.8362,15.7966,162.1228,0.0044,978.027,31.2734,31.5466,1306.5332,31.6698,30.0226,1.481,1011.85,28.832,-41.8248,-36.0608,-82.614,-27.0872,2.7642,-0.0628,14.843,158.3284,0.0002,-1.285,-1.3604,-1.3106,-1.3776,3.604,35
320,20,320,740.540 ,33.740 ,33.868 ,1534.678 ,45.650 ,33.017 ,1.457 ,1329.786 ,43.320 ,-38.300 ,-38.648 ,-62.415 ,-29.935 ,1.099 ,-3.663 ,12.826 ,132.112 ,-0.001 ,767.240 ,33.709 ,33.868 ,1671.373 ,41.956 ,33.015 ,1.517 ,1501.187 ,38.408 ,-44.791 ,-37.952 ,-56.622 ,-29.585 ,0.992 ,-3.381 ,12.810 ,128.761 ,0.002 ,967.542 ,31.528 ,31.662 ,1145 ,37.0168,30.011,1.444,898.1792,32.334,-41.6024,-43.4136,-68.349,-26.2908,2.3426,-0.7526,15.5666,160.5822,0.0028,969.8164,31.1678,31.4644,1300.6314,31.2232,30.003,1.491,1016.6332,28.57,-41.5612,-35.3228,-82.7776,-26.5208,2.7724,-0.0694,14.5858,157.7934,0.0008,-1.2902,-1.352,-1.2886,-1.3962,3.5926,35
321,21,321,744.664 ,33.736 ,33.879 ,1558.371 ,45.067 ,33.024 ,1.458 ,1349.867 ,42.743 ,-36.908 ,-39.242 ,-62.855 ,-30.030 ,1.229 ,-3.795 ,13.178 ,130.049 ,0.000 ,770.221 ,33.749 ,33.880 ,1704.111 ,41.276 ,33.015 ,1.519 ,1528.198 ,37.739 ,-43.840 ,-36.568 ,-54.870 ,-29.990 ,1.180 ,-3.487 ,13.012 ,125.791 ,-0.002 ,982.689 ,31.473 ,31.594 ,1127 ,37.0542,30.0304,1.444,890.2482,32.7634,-41.4664,-42.5214,-67.6608,-26.4242,2.2198,-0.9058,15.9772,158.9702,0.0014,983.0702,31.1712,31.4592,1275.9488,31.7802,30.0228,1.481,991.9778,29.4002,-41.748,-35.7666,-82.753,-26.5386,2.6504,-0.172,15.0876,156.1408,0.0008,-1.291,-1.359,-1.3178,-1.3816,3.6168,35
322,22,322,753.491 ,33.684 ,33.827 ,1506.509 ,46.065 ,32.965 ,1.444 ,1298.534 ,43.834 ,-40.055 ,-38.757 ,-62.993 ,-29.724 ,1.111 ,-3.709 ,13.168 ,130.105 ,0.002 ,784.556 ,33.769 ,33.896 ,1650.403 ,42.764 ,33.009 ,1.500 ,1470.420 ,39.155 ,-43.817 ,-36.624 ,-56.230 ,-29.643 ,1.082 ,-3.365 ,13.039 ,126.055 ,-0.002 ,987.685 ,31.660 ,31.775 ,1164 ,37.37,30.0196,1.44,903.0306,32.2274,-40.816,-45.7396,-67.2962,-26.494,2.346,-0.5566,15.1598,165.169,-0.001,985.0314,31.3766,31.6462,1294.6884,32.687,30.0034,1.47,988.1694,29.3852,-44.0024,-36.866,-82.6506,-26.5526,2.8004,0.1582,14.4452,161.834,0.0004,-1.312,-1.3842,-1.3078,-1.4122,3.6226,35
323,23,323,732.427 ,33.773 ,33.915 ,1563.349 ,45.302 ,32.993 ,1.453 ,1342.816 ,42.668 ,-36.860 ,-39.549 ,-63.249 ,-29.876 ,0.946 ,-3.671 ,12.556 ,137.027 ,0.000 ,759.621 ,33.696 ,33.854 ,1697.922 ,41.177 ,32.974 ,1.519 ,1519.676 ,37.595 ,-43.493 ,-37.757 ,-55.483 ,-30.034 ,0.751 ,-3.510 ,12.457 ,132.653 ,-0.002 ,973.748 ,31.543 ,31.691 ,1145 ,37.2916,30.0176,1.44,893.3058,32.5586,-42.6356,-42.5936,-69.094,-26.9572,2.3766,-0.7086,15.562,161.8992,0.0034,972.9822,31.1552,31.4734,1293.1456,31.465,29.9714,1.481,995.4168,28.9614,-42.0998,-35.2556,-84.1932,-26.929,2.836,-0.0066,14.663,158.2476,0.0026,-1.3038,-1.372,-1.3032,-1.4188,3.6294,35
324,24,324,747.702 ,33.721 ,33.857 ,1552.629 ,45.012 ,32.975 ,1.444 ,1341.684 ,42.524 ,-36.760 ,-38.388 ,-63.494 ,-29.577 ,1.025 ,-3.673 ,13.557 ,125.344 ,0.002 ,776.605 ,33.721 ,33.865 ,1697.237 ,41.298 ,32.983 ,1.504 ,1518.180 ,37.714 ,-43.114 ,-37.030 ,-56.128 ,-29.288 ,0.894 ,-3.469 ,13.421 ,121.497 ,-0.006 ,984.569 ,31.600 ,31.722 ,1157 ,37.1574,29.9978,1.425,903.2378,32.0602,-39.27,-45.7096,-68.3794,-25.5964,2.4622,-0.7186,16.5784,151.7388,0.0038,983.6798,31.2868,31.5544,1298.3392,31.923,30.0328,1.462,1000.3378,29.2258,-40.674,-35.0778,-84.0726,-25.5962,2.9456,0.0388,15.748,149.2588,0.0042,-1.2956,-1.3686,-1.2904,-1.4272,3.6174,35
325,25,325,730.942 ,33.804 ,33.935 ,1607.370 ,44.273 ,32.992 ,1.462 ,1384.882 ,41.374 ,-34.379 ,-38.366 ,-63.798 ,-31.697 ,1.152 ,-3.634 ,12.777 ,128.547 ,0.000 ,758.984 ,33.687 ,33.868 ,1754.611 ,39.986 ,33.014 ,1.536 ,1582.194 ,36.459 ,-42.396 ,-37.047 ,-57.488 ,-31.893 ,0.954 ,-3.518 ,12.770 ,125.695 ,-0.003 ,964.728 ,31.607 ,31.737 ,1156 ,37.3192,29.9978,1.4322,899.7082,32.1864,-42.4472,-45.9806,-69.6706,-28.7106,2.4276,-0.7474,16.3572,150.9244,0.0034,964.218,31.23,31.5436,1291.9778,31.9998,30.0192,1.4774,998.6962,29.1848,-42.5066,-35.522,-83.8066,-28.0816,2.8852,-0.0248,15.4698,147.671,-0.0014,-1.2938,-1.3674,-1.2952,-1.4154,3.6264,35
326,26,326,750.151 ,33.769 ,33.908 ,1564.365 ,45.198 ,32.994 ,1.451 ,1346.668 ,42.558 ,-33.251 ,-39.783 ,-63.297 ,-31.222 ,1.216 ,-3.613 ,12.953 ,130.850 ,0.000 ,777.221 ,33.706 ,33.829 ,1705.359 ,40.766 ,32.994 ,1.524 ,1533.895 ,37.418 ,-42.292 ,-36.792 ,-54.962 ,-31.470 ,1.003 ,-3.503 ,12.905 ,127.228 ,-0.004 ,987.025 ,31.578 ,31.710 ,1140 ,37.6108,29.9672,1.425,884.6502,32.4972,-44.4718,-43.306,-68.5194,-28.2374,2.3058,-0.6944,15.9508,160.7944,0.0002,987.9296,31.2754,31.5528,1264.3424,32.757,30.0188,1.462,969.8486,30.034,-44.0104,-36.6838,-83.5658,-27.5224,2.8004,0.0416,15.2068,155.8468,0.0008,-1.3012,-1.3636,-1.3016,-1.413,3.6168,35
327,27,327,730.211 ,33.822 ,33.957 ,1579.493 ,45.270 ,32.973 ,1.446 ,1347.559 ,42.321 ,-35.453 ,-37.688 ,-64.076 ,-29.146 ,1.055 ,-3.722 ,13.238 ,130.225 ,0.002 ,757.178 ,33.748 ,33.876 ,1708.468 ,41.129 ,33.005 ,1.519 ,1528.970 ,37.635 ,-46.642 ,-34.493 ,-56.345 ,-28.833 ,0.848 ,-3.604 ,13.115 ,126.017 ,-0.004 ,967.363 ,31.588 ,31.717 ,1155 ,37.173,30.0184,1.44,902.5196,32.236,-43.0886,-43.1324,-68.9768,-25.4414,2.3784,-0.8126,16.3244,155.633,0.002,964.7898,31.2456,31.5228,1309.911,31.418,29.9772,1.481,1011.2198,28.5546,-42.4718,-35.3934,-83.9604,-25.4884,2.8642,-0.0794,15.352,153.058,0.0012,-1.2926,-1.362,-1.3082,-1.4056,3.658,35
328,28,328,738.497 ,33.517 ,33.659 ,1438.477 ,46.404 ,33.020 ,1.462 ,1272.896 ,45.273 ,-43.476 ,-39.910 ,-63.340 ,-31.237 ,0.696 ,-3.922 ,13.125 ,131.304 ,0.003 ,764.685 ,33.662 ,33.775 ,1578.443 ,43.476 ,33.022 ,1.500 ,1425.148 ,40.516 ,-41.267 ,-36.914 ,-55.886 ,-30.988 ,0.626 ,-3.603 ,13.170 ,128.897 ,-0.001 ,975.234 ,31.556 ,31.683 ,1154 ,36.9082,30.0022,1.444,901.6742,32.1462,-39.8616,-43.3754,-68.3676,-27.5898,2.4408,-0.7696,15.51,162.1446,0.0008,974.762,31.2244,31.4968,1292.7306,31.6456,30.0208,1.481,999.3178,29.1746,-42.0152,-34.6004,-83.4804,-27.5984,2.8796,-0.029,14.7004,158.1358,0.0006,-1.2998,-1.3564,-1.2998,-1.4158,3.6618,35
329,29,329,740.572 ,33.641 ,33.779 ,1538.201 ,44.621 ,32.987 ,1.470 ,1346.073 ,42.503 ,-33.924 ,-39.416 ,-63.459 ,-31.554 ,1.091 ,-3.779 ,12.626 ,132.209 ,0.000 ,769.255 ,33.561 ,33.698 ,1679.602 ,40.168 ,32.984 ,1.543 ,1536.762 ,37.268 ,-42.298 ,-36.697 ,-56.126 ,-31.397 ,0.878 ,-3.687 ,12.615 ,129.058 ,-0.003 ,970.687 ,31.586 ,31.708 ,1152 ,37.2008,30.0076,1.444,900.687,32.2224,-44.2596,-45.4518,-69.019,-27.8658,2.2896,-0.7578,15.1826,166.4074,0.0002,970.438,31.2426,31.5318,1250.3802,32.9614,30.0082,1.472,965.5472,30.0948,-44.9926,-36.9142,-83.484,-27.1584,2.7466,-0.0624,14.5498,161.1298,-0.0008,-1.3264,-1.3856,-1.3238,-1.4374,3.6472,35
330,30,330,743.128 ,33.759 ,33.895 ,1560.661 ,45.168 ,33.016 ,1.457 ,1347.686 ,42.739 ,-38.023 ,-39.309 ,-64.168 ,-29.537 ,1.153 ,-3.764 ,12.741 ,134.415 ,0.002 ,772.225 ,33.767 ,33.910 ,1699.722 ,41.665 ,32.996 ,1.509 ,1515.467 ,37.885 ,-45.450 ,-37.082 ,-55.755 ,-29.200 ,1.048 ,-3.579 ,12.744 ,130.807 ,-0.004 ,987.463 ,31.577 ,31.710 ,1157 ,37.0692,30.0036,1.434,903.4,32.0978,-44.614,-44.555,-68.9814,-25.6632,2.384,-0.8178,16.0304,156.9304,0.003,984.6772,31.25,31.5524,1302.5278,31.8076,30.0252,1.4792,1013.077,28.815,-44.1124,-36.8776,-84.2076,-25.7516,2.809,-0.0914,15.0992,154.1396,0.0002,-1.3058,-1.3778,-1.3238,-1.414,3.6334,35
