Header Section,,,,,,,,,,,,,,,,,,,,,,,,,,,,,,,,,,,,,,,,,,
Product,VC5276,,,,,,,,,,,,,,,,,,,,,,,,,,,,,,,,,,,,,,,,,
Test Plan,Rev(B),,,,,,,,,,,,,,,,,,,,,,,,,,,,,,,,,,,,,,,,,
Release Date,2013/3/25,,,,,,,,,,,,,,,,,,,,,,,,,,,,,,,,,,,,,,,,,
Comment,Qual Band,#1~#5 was generate in Acetec 2013/3/25,,,,,,,,,,,,,,,,,,,,,,,,,,,,,,,,,,,,,,,,
,,,,,,,,,,,,,,,,,,,,,,,,,,,,,,,,,,,,,,,,,,
Data Section,,,,,,,,,,,,,,,,,,,,,,,,,,,,,,,,,,,,,,,,,,
Device#,1,2,3,4,5,6,7,8,9,10,11,12,13,14,15,16,17,18,19,20,21,22,23,24,25,26,27,28,29,30,31,32,33,34,35,36,37,38,39,40,41,42
Test Item,Site No,Device ID,GSM915 Idle Current,GSM915 Max Pout@0dBm drive,GSM915 Max Pout,GSM915 Max Icc,GSM915 Max PAE,GSM915 Rated Pout,GSM915 Rated Vramp,GSM915 Rated Icc,GSM915 Rated PAE,GSM915 2nd har@33dBm,GSM915 3rd har@33dBm,GSM915 Max Fwd Iso1,GSM915 Max Fwd Iso2,GSM915 Pout Leakage@RX0,GSM915 Pout Leakage@RX1,GSM915 CMOS Pout,GSM915 Pout Slope1,GSM915 Stress Delta,DCS1785 Idle Current,DCS1785 Max Pout@0dBm drive,DCS1785 Max Pout,DCS1785 Max Icc,DCS1785 Max PAE,DCS1785 Rated Pout,DCS1785 Rated Vramp,DCS1785 Rated Icc,DCS1785 Rated PAE,DCS1785 2nd har@33dBm,DCS1785 3rd har@33dBm,DCS1785 Max Fwd Iso1,DCS1785 Max Fwd Iso2,DCS1785 Pout Leakage@RX0,DCS1785 Pout Leakage@RX1,DCS1785 CMOS Pout,DCS1785 Pout Slope1,DCS1785 Stress Delta,Insertion Loss RX0 960MHz,Insertion Loss RX1 1805MHz,Leakage Current,Leakage Current Wait Time
Low Tolerance,,,60,0.3,0.3,60,0,0,0,60,0,2,2,3,2,3,3,1,0,0,60,0.3,0.3,60,0,0,0,60,0,3,3,3,2,3,3,1,0,0,0.3,0.3,5,0
High Tolerance,,,60,0.3,0.3,60,0,0,0,60,0,2,2,3,2,3,3,1,0,0,60,0.3,0.3,60,0,0,0,60,0,3,3,3,2,3,3,1,0,0,0.3,0.3,10,0
Enable,,,1,1,1,1,0,0,0,1,0,1,1,1,1,1,1,1,0,0,1,1,1,1,0,0,0,1,0,1,1,1,1,1,1,1,0,0,1,1,1,0
1,1,1,894.347,33.542,33.862,1655.498,42.282,32.966,1.538,1434.504,39.717,-42.472,-37.52,-56.424,-23.621,-1.867,-3.001,11.83,126.238,-0.002,973.808,31.298,31.504,1154,35.448,30.002,1.406,902.804,32.1,-37.119,-39.281,-60.889,-22.65,-1.01,1.914,6.657,158.963,0.001,-1.352,-1.271,5,35
2,1,2,922.016,33.891,34.204,1770.175,42.782,32.994,1.531,1449.455,39.567,-40.672,-39.308,-58.015,-20.44,-0.88,-2.354,9.385,163.222,0,653.324,31.175,31.472,1122,36.172,29.97,1.444,911.276,31.576,-43.033,-37.628,-71.442,-18.882,-0.58,0.519,4.604,200.105,0.001,-1.613,-1.523,7,35
3,1,3,894.247,33.603,33.898,1688.398,41.809,33.038,1.555,1471.26,39.379,-44.244,-37.662,-56.611,-25.829,-1.539,-3.012,11.817,125.898,-0.001,978.579,31.371,31.574,1161,35.802,29.999,1.406,898.034,32.246,-37.23,-42.672,-57.816,-28.239,-0.956,1.789,6.443,160.851,0,-1.361,-1.278,3.5,35
4,1,4,881.09,33.353,33.803,1640.729,42.089,32.969,1.5,1434.66,39.741,-37.769,-41.674,-56.514,-25.926,-1.911,-2.57,12.299,117.166,0,640.901,30.706,31.067,1099,33.677,29.977,1.428,941.355,30.625,-42.539,-40.848,-56.314,-26.38,-0.927,0.076,7.452,134.495,0,-1.688,-1.566,14,35
5,1,5,896.172,33.545,33.859,1682.262,41.585,33.029,1.556,1475.036,39.193,-41.798,-36.201,-55.818,-23.591,-1.845,-2.954,11.623,127.457,-0.001,982.113,31.402,31.594,1182,35.315,29.982,1.406,914.324,31.554,-37.371,-41.057,-57.289,-22.455,-0.937,1.974,6.299,162.637,-0.001,-1.345,-1.277,3.5,35
410,1,410,911.778,33.372,33.586,1552.176,42.315,33.04,1.5,1422.713,40.724,-39.293,-35.368,-49.451,-25.18,2.721,-1.11,11.464,130.374,-0.005,1021.38,31.285,31.51,1190.885,34.377,29.988,1.425,951.854,30.346,-42.433,-38.57,-65.126,-27.58,3.111,1.6,5.73,153.439,0,-1.469,-1.541,1.239,35
411,1,411,876.573,33.24,33.561,1560.985,41.836,32.977,1.519,1436.803,39.752,-38.202,-34.564,-49.372,-24.922,2.855,1.303,11.267,126.871,-0.002,996.204,31.178,31.421,1192.063,33.656,30.012,1.444,957.87,30.323,-34.966,-37.489,-61.644,-25.573,3.561,4.546,6.073,150.324,0,-1.598,-1.584,3.516,35
412,1,412,903.405,33.46,33.711,1634.022,41.372,32.984,1.519,1478.345,38.705,-39.766,-35.508,-49.445,-25.117,2.881,1.466,11.007,131.436,-0.003,1039.08,31.204,31.409,1184.584,33.773,30.027,1.441,948.247,30.728,-35.477,-40.333,-61.333,-26.262,3.605,4.754,5.58,158.631,0.002,-1.603,-1.567,3.512,35
413,1,413,909.288,33.416,33.631,1594.381,41.627,33.029,1.516,1460.306,39.583,-37.023,-36.532,-49.228,-23.503,2.703,1.413,11.022,133.147,-0.001,1043.727,31.165,31.343,1215.692,32.431,30,1.453,969.061,29.892,-35.488,-31.322,-61.651,-22.817,3.586,4.706,5.429,159.304,0.002,-1.57,-1.55,3.512,35
414,1,414,908.02,33.54,33.733,1625.661,41.803,33.008,1.5,1462.023,39.343,-44.606,-37.985,-51.256,-24.616,2.902,-0.771,10.968,137.332,0.001,1025.92,31.224,31.432,1200.664,33.505,30.029,1.444,970.489,30.045,-43.573,-47.02,-58.834,-25.893,3.771,2.16,5.138,162.791,0,-1.486,-1.553,5.078,35
415,1,415,894.756,33.148,33.437,1514.899,41.898,33.033,1.519,1418.009,40.796,-38.022,-36.636,-48.079,-24.823,2.482,-1.147,11.061,133.894,-0.005,1015.086,31.343,31.565,1186.52,34.938,29.986,1.434,946.312,30.507,-41.536,-43.254,-67.643,-24.836,3.075,1.339,5.387,158.941,0.001,-1.456,-1.555,4.019,35
416,1,416,916.841,33.512,33.814,1626.082,42.569,32.997,1.481,1438.623,39.88,-42.237,-39.038,-49.13,-25.25,2.875,-0.707,10.992,132.149,-0.001,1029.788,31.38,31.606,1198.309,34.92,30.018,1.421,938.978,30.967,-42.487,-37.152,-67.58,-26.2,3.159,1.624,5.662,154.642,0,-1.481,-1.546,3.813,35
417,1,417,911.64,33.337,33.627,1592.061,41.649,33.026,1.5,1453.413,39.739,-39.763,-34.83,-48.381,-24.611,2.513,-1.082,10.956,137.913,0,1038.877,31.179,31.39,1176,33.886,29.981,1.425,936.175,30.798,-42.416,-34.875,-67.349,-24.693,2.772,1.366,5.339,163.551,0.003,-1.456,-1.542,3.729,35
418,1,418,917.749,33.304,33.527,1539.693,42.086,33.001,1.489,1415.979,40.554,-38.413,-36.797,-48.417,-21.385,2.326,-1.089,11.114,136.826,0.003,1039.432,31.38,31.588,1216,34.282,30.02,1.425,965.355,30.144,-42.197,-42.475,-67.651,-20.27,3.064,1.517,5.638,162.292,0.001,-1.48,-1.548,3.628,35
419,1,419,878.099,33.324,33.586,1560.954,42.076,33.008,1.5,1431.48,40.181,-40.179,-38.219,-48.827,-24.928,2.495,-0.99,11.089,135.496,0,1004.271,31.17,31.388,1170,34.039,29.98,1.425,938.424,30.719,-42.599,-36.813,-67.487,-25.441,2.843,1.41,5.623,158.024,0,-1.469,-1.532,4.252,35
420,1,420,919.427,33.275,33.478,1511.298,42.389,32.989,1.5,1389.518,41.202,-38.228,-37.036,-48.678,-25.361,2.493,-1.173,11.095,137.787,-0.001,1035.474,31.283,31.488,1184,34.41,29.994,1.425,934.983,30.928,-41.345,-36.195,-67.178,-26.916,2.972,1.592,5.222,160.009,0.004,-1.455,-1.546,3.983,35
421,1,421,894.175,33.188,33.475,1528.697,41.89,32.974,1.5,1409.294,40.498,-38.043,-34.837,-49.107,-24.593,2.559,-1.24,11.311,135.126,-0.005,1021.709,31.068,31.295,1181,33.015,29.987,1.434,952.288,30.322,-42.681,-33.634,-67.689,-24.49,2.74,1.475,5.812,157.788,0.005,-1.466,-1.544,3.347,35
422,1,422,923.826,33.3,33.51,1529.315,42.204,33.03,1.5,1413.747,40.885,-38.117,-37.39,-48.201,-25.533,2.658,-1.15,11.564,126.098,0.001,1035.639,31.241,31.445,1180,34.171,30.008,1.434,945.112,30.696,-42.021,-36.299,-67.417,-26.698,2.847,1.586,5.429,154.911,0.001,-1.461,-1.54,3.505,35
423,1,423,902.825,33.531,33.76,1610.216,42.458,33.025,1.496,1447.312,39.901,-42.319,-37.903,-49.808,-25.457,2.663,-0.98,10.979,134.903,-0.002,1020.779,31.306,31.496,1208,33.784,29.983,1.429,954.303,30.232,-42.548,-36.843,-67.798,-25.581,2.95,1.608,5.586,156.365,0.002,-1.487,-1.546,3.373,35
501,1,501,919.417,33.666,33.900,1694.617,41.693,32.974,1.519,1501.331,38.048,-43.327,-43.018,-49.306,-26.157,1.948,-3.144,10.996,130.466,0.009,1068.707,31.351,31.567,1171.972,35.418,30.013,1.425,925.827,31.401,-37.819,-37.978,-55.576,-26.294,4.008,2.083,5.688,152.925,0.013,-1.288,-1.151,4.166,35
502,1,502,902.762,33.576,33.805,1625.541,42.515,33.032,1.519,1464.957,39.510,-39.345,-40.576,-49.378,-24.559,2.531,-3.040,11.208,127.588,0.007,1057.472,31.230,31.452,1143.502,35.355,29.975,1.425,908.141,31.731,-37.050,-31.584,-55.560,-24.006,3.884,2.204,6.017,151.818,0.014,-1.296,-1.197,4.197,35
503,1,503,924.336,33.624,33.831,1643.642,42.308,33.001,1.519,1467.938,39.147,-41.320,-41.294,-50.278,-25.457,2.375,-3.100,10.904,130.414,0.009,1066.527,31.291,31.506,1161.991,35.225,29.980,1.425,914.904,31.533,-37.431,-33.795,-55.477,-25.262,3.944,2.186,5.622,151.763,0.011,-1.306,-1.192,4.279,35
504,1,504,872.015,33.380,33.592,1545.606,42.582,32.987,1.505,1423.455,40.237,-37.886,-38.750,-47.714,-26.097,2.196,-3.196,11.190,129.879,0.009,1036.329,31.208,31.416,1150.129,34.864,29.993,1.425,921.720,31.400,-37.147,-33.371,-55.739,-26.754,3.956,1.971,5.337,156.114,0.013,-1.282,-1.168,4.265,35
505,1,505,903.714,33.574,33.802,1713.352,40.329,32.997,1.538,1538.778,37.325,-43.587,-38.594,-50.115,-24.823,2.152,-3.041,10.722,130.638,0.009,1064.994,31.179,31.393,1139.206,35.010,29.980,1.434,912.122,31.631,-38.046,-33.453,-55.682,-23.841,3.850,1.993,5.549,155.747,0.014,-1.304,-1.188,4.250,35
506,1,506,910.803,33.580,33.819,1662.985,41.705,32.994,1.527,1489.756,38.523,-41.993,-36.356,-48.729,-26.217,2.045,-3.174,11.118,127.837,0.008,1052.997,31.329,31.541,1154.122,35.752,30.000,1.425,914.611,31.683,-37.368,-35.156,-55.674,-26.118,3.966,2.102,5.800,150.948,0.012,-1.320,-1.190,4.126,35
507,1,507,901.349,33.602,33.817,1631.453,42.484,33.008,1.519,1461.199,39.394,-39.810,-38.194,-48.803,-25.788,2.053,-3.204,11.291,126.412,0.010,1059.670,31.249,31.463,1147.493,35.317,29.973,1.425,908.067,31.719,-37.992,-33.115,-55.639,-26.095,3.922,2.074,5.945,149.340,0.010,-1.295,-1.189,4.093,35
508,1,508,927.755,33.618,33.838,1666.030,41.808,33.005,1.529,1488.182,38.656,-41.701,-37.673,-49.436,-26.367,2.071,-3.080,10.995,128.694,0.009,1073.921,31.254,31.463,1164.039,34.828,30.014,1.444,923.877,31.471,-37.711,-33.626,-55.946,-26.521,3.926,1.921,5.008,155.028,0.011,-1.306,-1.181,4.112,35
509,1,509,903.209,33.605,33.899,1635.892,43.172,32.970,1.500,1444.948,39.488,-41.875,-40.789,-50.135,-25.369,2.174,-3.118,11.231,127.010,0.009,1030.627,31.168,31.392,1145.662,34.805,30.018,1.434,918.223,31.695,-38.445,-31.766,-55.907,-25.188,3.865,1.979,6.030,148.496,0.010,-1.286,-1.180,4.295,35
510,1,510,871.982,33.379,33.601,1629.115,40.493,33.031,1.538,1511.274,38.297,-39.776,-38.344,-48.690,-26.874,1.829,-3.248,11.093,128.009,0.009,1032.727,31.128,31.324,1149.723,34.159,30.005,1.434,927.530,31.287,-37.586,-32.051,-55.765,-27.153,3.783,1.962,5.539,152.676,0.011,-1.291,-1.176,4.315,35
511,1,511,892.686,33.59,33.845,1663.528,41.938,33.01,1.538,1490.629,38.638,-42.737,-43.633,-48.841,-26.417,2.269,-3.046,10.570,135.944,0.011,1039.729,31.298,31.527,1173.561,35.051,30.019,1.434,925.274,31.464,-38.116,-36.201,-55.673,-26.928,3.951,2.259,5.235,156.308,0.013,-1.302,-1.179,4.462,35
512,1,512,910.056,33.591,33.775,1615.975,42.473,32.984,1.519,1446.197,39.582,-40.261,-40.431,-49.755,-25.990,2.106,-3.142,10.888,133.679,0.007,1057.087,31.250,31.454,1153.233,35.073,30.003,1.434,914.282,31.720,-37.985,-33.097,-55.713,-26.405,3.853,1.979,4.828,160.264,0.012,-1.298,-1.177,4.376,35
513,1,513,906.854,33.546,33.806,1642.95,42.081,32.994,1.519,1475.061,38.899,-41.325,-40.247,-48.75,-26.726,1.900,-3.198,11.228,125.275,0.009,1054.030,31.332,31.552,1171.469,35.315,30.004,1.425,922.832,31.438,-36.607,-33.327,-55.644,-27.533,4.003,2.131,5.561,150.569,0.012,-1.286,-1.168,4.170,35
514,1,514,856.836,33.306,33.542,1543.918,42.14,33.045,1.519,1445.174,40.167,-37.715,-37.941,-48.832,-25.892,1.715,-3.292,11.285,128.513,0.004,1026.842,31.171,31.362,1130.010,35.046,30.012,1.421,909.858,31.938,-37.390,-32.114,-57.852,-25.776,3.837,1.849,5.636,154.133,0.012,-1.282,-1.165,4.136,35
515,1,515,870.33,33.324,33.543,1558.889,41.749,33.015,1.512,1444.325,39.918,-39.288,-36.203,-48.998,-24.994,1.132,-2.825,11.179,130.152,-0.002,1012.267,31.299,31.521,1171.121,34.996,30.003,1.425,917.703,31.526,-33.133,-37.467,-73.077,-24.91,0.713,3.157,5.271,158.463,0.002,-1.243,-1.379,3.774,35
551,1,551,947.739,33.528,33.673,1568.057,42.755,33.03,1.498,1417.105,40.814,-43.665,-38.44,-48.203,-25.141,1.337,-3.097,11.277,136.181,-0.001,1053.666,31.498,31.655,1185.474,35.648,29.998,1.413,918.515,31.464,-37.371,-38.846,-67.077,-25.372,3.835,3.694,5.334,164.715,0.003,-1.117,-1.24,3.722,35
552,1,552,951.322,33.449,33.565,1516.269,43.13,32.99,1.481,1373.668,41.704,-41.604,-38.62,-48.09,-21.973,1.206,-3.112,11.267,139.138,0,1067.71,31.387,31.546,1155.48,35.671,30.008,1.416,908.063,31.892,-37.46,-38.36,-66.819,-21.269,3.788,3.663,5.593,167.113,0.004,-1.115,-1.235,3.718,35
553,1,553,946.328,33.555,33.684,1577.091,42.62,32.972,1.481,1405.655,40.601,-43.807,-37.926,-49.525,-22.59,1.408,-2.896,11.21,136.747,-0.001,1067.449,31.447,31.611,1177.322,35.537,29.966,1.407,907.802,31.597,-38.405,-36.428,-66.906,-22.207,3.838,3.68,5.54,165.393,0.004,-1.14,-1.27,3.802,35
554,1,554,946.952,33.579,33.69,1577.919,42.653,33.016,1.48,1409.601,40.899,-42.245,-38.853,-49.881,-24.055,1.365,-2.826,11.632,132.602,-0.001,1061.711,31.532,31.69,1196.511,35.608,29.984,1.406,918.843,31.349,-36.985,-38.554,-66.905,-24.066,3.881,3.76,5.775,161.929,0.003,-1.147,-1.27,3.734,35
555,1,555,947.415,33.407,33.509,1503.542,42.937,32.989,1.487,1365.353,41.951,-41.497,-36.848,-49.756,-24.52,1.309,-3.099,11.411,135.848,-0.002,1064.471,31.52,31.669,1202.651,35.264,29.999,1.415,930.55,31.066,-37.108,-38.408,-66.854,-24.514,3.859,3.587,5.123,164.771,0.002,-1.15,-1.279,3.74,35
556,1,556,940.472,33.441,33.576,1540.538,42.563,33.02,1.499,1402.995,41.125,-42.325,-37.565,-49.892,-23.582,1.184,-3.196,11.262,136.499,-0.002,1051.056,31.43,31.588,1180.259,35.262,30.002,1.416,923.772,31.309,-38.902,-37.078,-67.445,-22.722,3.786,3.74,5.669,163.628,0.002,-1.142,-1.252,3.739,35
557,1,557,921.377,33.377,33.512,1516.198,42.606,33.023,1.497,1387.189,41.618,-42.085,-37.937,-49.274,-23.271,1.255,-3.177,11.691,133.667,-0.001,1034.541,31.493,31.676,1196.107,35.507,30.029,1.406,923.454,31.518,-36.809,-35.185,-67.089,-23.11,3.896,3.932,6.031,160.559,0.004,-1.14,-1.249,3.693,35
558,1,558,952.482,33.547,33.684,1583.314,42.454,33.029,1.497,1427.523,40.509,-41.913,-38.441,-48.763,-23.761,1.419,-3.009,11.314,133.233,-0.001,1054.915,31.407,31.567,1172.511,35.327,30.03,1.424,921.762,31.581,-37.366,-37.688,-67.341,-23.112,3.746,3.541,5.762,160.38,0.002,-1.134,-1.264,3.643,35
559,1,559,947.756,33.43,33.552,1533.45,42.526,33.002,1.5,1393.742,41.224,-41.862,-36.972,-49.06,-25.158,1.118,-3.123,11.098,139.878,-0.003,1050.803,31.217,31.387,1123.388,35.371,29.958,1.425,892.356,32.081,-40.168,-38.134,-67.129,-25.04,3.529,3.436,5.197,165.737,0.003,-1.149,-1.266,3.684,35
560,1,560,933.663,33.4,33.542,1524.589,42.663,33.021,1.499,1391.505,41.47,-41.227,-35.945,-48.85,-23.261,1.445,-3.21,11.307,138.447,-0.004,1045.509,31.507,31.685,1166.077,36.489,29.961,1.406,905.67,31.634,-38.077,-43.016,-67.536,-22.658,3.707,3.54,5.534,166.89,0.002,-1.153,-1.258,3.768,35
561,1,561,950.101,33.587,33.695,1600.792,42.098,33.001,1.5,1432.258,40.117,-44.675,-40.611,-50.256,-25.242,1.547,-2.993,11.054,138.176,-0.001,1058.051,31.484,31.639,1192.104,35.327,30.028,1.423,926.115,31.423,-38.183,-38.827,-67.179,-25.135,3.911,3.663,5.124,167.624,0.002,-1.141,-1.259,3.753,35
562,1,562,934.273,33.412,33.557,1528.462,42.706,33.004,1.5,1393.204,41.265,-40.929,-37.614,-49.187,-23.442,1.148,-3.108,11.696,131.455,0,1037.285,31.431,31.592,1174.609,35.465,30.026,1.422,921.759,31.554,-37.868,-36.756,-67.397,-22.792,3.638,3.493,5.821,163.112,0.001,-1.128,-1.255,3.748,35
563,1,563,948.826,33.338,33.465,1476.418,43.281,33.018,1.5,1355.577,42.536,-40.958,-38.627,-49.445,-24.533,1.205,-3.206,11.339,134.501,-0.002,1056.128,31.493,31.663,1201.95,35.235,30.028,1.423,934.038,31.159,-37.497,-38.032,-67.409,-24.403,3.945,3.723,5.703,158.81,0.004,-1.139,-1.265,3.713,35
564,1,564,924.935,33.381,33.52,1518.107,42.636,32.991,1.489,1381.505,41.485,-40.96,-37.916,-49.458,-24.391,1.239,-3.105,11.833,130.504,-0.002,1032.645,31.448,31.608,1182.7,35.351,30.03,1.406,916.271,31.767,-37.018,-33.779,-67.071,-23.882,3.809,3.843,6.475,155.64,0.002,-1.133,-1.262,3.721,35
565,1,565,942.998,33.474,33.598,1538.047,42.847,33.025,1.499,1395.593,41.393,-41.977,-40.203,-49.464,-25.679,1.581,-2.873,11.625,132.992,0,1053.598,31.555,31.712,1195.762,35.811,29.98,1.406,919.693,31.296,-37.646,-39.936,-67.269,-25.968,3.986,3.683,5.742,161.339,0.002,-1.163,-1.277,3.767,35
261,1,261,748.124,33.483,33.564,1655.029,39.526,32.961,1.575,1542.43,36.93,-36.604,-38.878,-45.894,-22.133,1.443,-3.407,9.44,142.105,-0.002,588.587,31.024,31.29,1075.815,36.181,30.006,1.49,908.521,31.931,-37.364,-35.973,-55.675,-21.765,2.368,1.963,4.897,167.739,0.001,-1.542,-1.402,6.452,35
262,1,262,753.787,33.571,33.759,1723.209,39.701,33.022,1.574,1569.739,36.8,-37.9,-40.613,-46.734,-20.563,1.641,-3.325,9.04,153.537,-0.003,580.188,31.007,31.276,1080.793,35.897,30.008,1.49,910.394,31.875,-40.956,-34.101,-55.637,-19.315,2.43,1.785,4.452,173.64,0.001,-1.528,-1.386,0.215,35
263,1,263,724.281,33.422,33.55,1629.167,40.018,33.021,1.594,1529.204,37.761,-36.772,-36.474,-46.538,-24.235,1.032,-3.674,9.697,138.198,0.016,568.288,30.788,31.094,1051.777,35.382,29.986,1.509,904.98,31.907,-38.416,-33.475,-55.618,-24.445,2.142,1.535,5.171,148.18,0.002,-1.567,-1.434,1.409,35
264,1,264,737.841,33.542,33.632,1739.262,38.213,32.968,1.594,1607.009,35.513,-38.471,-37.818,-47.595,-21.269,1.276,-3.54,8.417,153.867,-0.001,575.639,30.718,30.997,1033.527,35.215,29.999,1.509,898.07,32.246,-41.813,-33.969,-55.557,-20.594,2.048,1.514,4.05,172.278,-0.001,-1.561,-1.421,12.667,35
265,1,265,742.933,33.427,33.588,1700.313,38.683,32.998,1.582,1602.285,35.863,-37.793,-40.252,-46.422,-22.82,1.133,-3.63,9.244,144.078,-0.002,573.882,30.68,30.946,1035.009,34.76,29.999,1.506,908.363,31.883,-41.547,-33.977,-55.571,-22.205,2.078,1.395,5.255,163.779,0.002,-1.545,-1.411,11.497,35
