Header Section,,,,,,,,,,,,,,,,,,,,,,
Product,VC5341,,,,,,,,,,,,,,,,,,,,,
Test Plan,Rev(-),,,,,,,,,,,,,,,,,,,,,
Release Date,11/3/2012,,,,,,,,,,,,,,,,,,,,,
Comment,"VC5341_Goodark?? 51~53 was generated in goodark Pax on 20130503 for rev1.1.1,101~140 Generated in JCET, E5.20.1;141~180 generate in JCET, E3.9.1 , 211 -250 in JCET A5_01",,,,,,,,,,,,,,,,,,,,,
,,,,,,,,,,,,,,,,,,,,,,
Data Section,,,,,,,,,,,,,,,,,,,,,,
Device#,1,2,3,4,5,6,7,8,9,10,11,12,13,14,15,16,17,18,19,20,21,22
Test Item,Site No,Device ID,Idle_H_Vbat,Idle_H_Vcc,Idle_H_Total,Pin_H_1980,Pout_H_1980,Gain_H_1980,Icc_H_Vbat_1980,Icc_H_Vcc_1980,Icc_H_Total_1980,PAE_H_Total_1980,ACP_L_H_1980,ACP_U_H_1980,ALT_L_H_1980,ALT_U_H_1980,EVM_H_1980,2fo_H_1980,3fo_H_1980,Leakage_Current,Test Time,Index Time
Low Tolerance,,,5,10,10,0.2,,,1,30,30,,1.5,1.5,2,2,0.5,2,2,5,,
High Tolerance,,,5,10,10,0.2,,,1,30,30,,1.5,1.5,2,2,0.5,2,2,5,,
Enable,,,1,1,1,1,0,0,0,1,1,,1,1,1,1,1,1,1,1,,
1,1,1,2.555,70.708,73.263,2.264,27.535,25.271,6.927,408.79,415.717,36.402,-38.167,-38.805,-49.764,-50.838,2.603,-12.824,-28.681,-0.031,682,10710
2,1,2,2.557,70.59,73.147,2.073,27.539,25.466,6.884,404.032,410.916,36.817,-38.358,-39.267,-50.482,-51.453,2.569,-12.641,-28.747,-0.073,673,11106
3,1,3,2.587,70.215,72.801,2.243,27.539,25.296,7.087,406.527,413.614,36.6,-37.514,-37.983,-49.682,-50.892,2.85,-12.969,-28.523,0.19,681,13291
4,1,4,2.557,70.016,72.573,2.292,27.545,25.253,7.074,407.726,414.8,36.554,-38.336,-38.967,-50.303,-51.236,2.628,-12.861,-28.679,-0.104,691,11550
5,1,5,2.584,71.503,74.087,1.957,27.534,25.577,7.005,409.971,416.975,36.291,-38.394,-39.052,-50.079,-51.367,2.558,-12.628,-28.77,-0.05,689,8971
6,1,6,2.434,65.097,67.531,2.613,27.541,24.928,6.848,401.981,408.828,37.011,-38.493,-39.296,-49.727,-50.656,2.544,-12.615,-28.924,0.126,690,11795
7,1,7,2.585,70.75,73.335,2.366,27.536,25.171,7.002,403.675,410.677,36.818,-37.472,-38.069,-49.648,-50.662,2.917,-12.871,-28.627,-0.044,692,9966
8,1,8,2.573,70.845,73.418,2.218,27.534,25.317,7.117,406.492,413.609,36.559,-38.049,-38.812,-50.112,-51.354,2.601,-12.668,-28.802,0.119,680,11272
9,1,9,2.495,67.567,70.062,2.091,27.536,25.444,6.9,405.377,412.277,36.679,-38.64,-39.464,-49.964,-51.034,2.496,-12.611,-28.787,0.253,682,11512
10,1,10,2.527,69.241,71.768,1.941,27.54,25.599,6.95,405.438,412.388,36.711,-38.846,-39.872,-50.44,-51.412,2.401,-12.639,-28.857,-0.095,694,13996
11,1,11,2.514,68.224,70.737,2.231,27.541,25.311,6.811,403.846,410.657,36.86,-38.098,-38.816,-49.964,-51.031,2.626,-12.649,-28.776,-0.044,698,9102
12,1,12,2.524,70.27,72.794,2.266,27.536,25.27,7.01,406.472,413.482,36.589,-38.298,-38.887,-49.99,-50.939,2.609,-12.823,-28.708,-0.074,674,9956
13,1,13,2.515,68.452,70.967,2.235,27.535,25.3,6.9,404.741,411.641,36.725,-39.136,-40.047,-50.474,-51.382,2.333,-12.645,-28.971,-0.039,685,12094
14,1,14,2.557,70.69,73.247,2.402,27.54,25.138,6.627,403.196,409.824,36.915,-37.992,-38.666,-50.115,-50.991,2.646,-12.86,-28.63,-0.082,679,9556
15,1,15,2.581,70.729,73.31,2.313,27.541,25.228,6.802,405.478,412.28,36.726,-38.072,-38.648,-49.861,-50.905,2.622,-12.753,-28.696,-0.081,685,9795
16,1,16,2.589,72.158,74.747,2.07,27.54,25.47,6.888,409.79,416.678,36.365,-38.892,-39.963,-50.74,-51.558,2.298,-12.654,-28.944,-0.021,678,12454
17,1,17,2.489,68.263,70.752,2.301,27.537,25.236,6.805,404.034,410.839,36.81,-38.6,-39.464,-49.643,-50.672,2.463,-12.568,-28.893,-0.038,680,9683
18,1,18,2.549,70.302,72.851,2.216,27.543,25.327,6.912,403.705,410.616,36.873,-37.059,-37.452,-49.368,-50.8,3.045,-12.838,-28.581,-0.066,685,8481
19,1,19,2.636,72.833,75.469,2.3,27.544,25.243,7.149,405.436,412.585,36.723,-37.69,-38.321,-50.301,-51.288,2.766,-12.796,-28.649,0.003,678,11642
20,1,20,2.486,67.454,69.94,2.271,27.536,25.265,6.936,400.394,407.33,37.084,-38.072,-38.848,-49.55,-50.503,2.721,-12.57,-28.862,-0.071,702,11459
21,1,21,2.522,69.999,72.521,2.246,27.537,25.291,6.786,404.6,411.386,36.762,-37.31,-37.745,-49.195,-50.37,2.96,-12.811,-28.579,-0.06,685,4705
22,1,22,2.479,68.023,70.502,2.28,27.526,25.245,6.588,404.541,411.129,36.689,-38.82,-39.791,-50.266,-51.048,2.385,-12.644,-28.94,-0.018,693,10760
23,1,23,2.581,71.522,74.102,1.943,27.543,25.6,6.997,408.906,415.903,36.451,-38.548,-39.327,-50.531,-51.761,2.5,-12.586,-28.851,-0.013,701,10995
24,1,24,2.555,70.108,72.663,2.347,27.541,25.194,6.806,406.543,413.349,36.637,-38.404,-39.116,-49.83,-50.847,2.538,-12.805,-28.706,-0.062,686,10531
25,1,25,2.598,71.513,74.112,2.122,27.542,25.42,7.024,409.015,416.039,36.435,-38.48,-39.267,-50.35,-51.325,2.521,-12.7,-28.782,-0.041,680,10161
26,1,26,2.625,72.768,75.393,2.077,27.543,25.465,7.02,407.359,414.38,36.571,-38.406,-39.192,-50.692,-51.783,2.478,-12.689,-28.773,-0.087,679,15800
27,1,27,2.547,71.078,73.626,1.884,27.539,25.656,6.799,407.097,413.896,36.582,-38.787,-39.757,-50.407,-51.435,2.349,-12.508,-29.036,-0.121,674,12042
28,1,28,2.579,69.32,71.898,2.508,27.542,25.034,6.801,402.639,409.44,36.968,-37.892,-38.475,-49.669,-50.502,2.774,-12.875,-28.698,0.037,676,10056
29,1,29,2.522,69.325,71.847,2.316,27.544,25.228,6.725,405.32,412.045,36.773,-38.753,-39.602,-50.326,-51.15,2.482,-12.649,-28.84,-0.065,705,8923
30,1,30,2.577,71.424,74.001,2.315,27.542,25.227,6.936,404.193,411.128,36.828,-38.111,-38.942,-50.485,-51.372,2.575,-12.662,-28.803,-0.044,691,8531
31,1,31,2.576,71.05,73.625,2.096,27.545,25.45,6.871,409.194,416.065,36.458,-38.376,-38.97,-50.319,-51.463,2.579,-12.997,-28.635,-0.089,684,13558
32,1,32,2.612,73.417,76.03,1.994,27.543,25.548,6.991,409.244,416.234,36.424,-38.568,-39.516,-50.643,-51.585,2.447,-12.574,-28.872,0.056,678,8980
33,1,33,2.51,69.628,72.138,2.273,27.524,25.252,6.786,402.509,409.296,36.828,-38.098,-38.71,-49.722,-50.726,2.675,-12.835,-28.701,-0.144,675,11579
34,1,34,2.51,69.192,71.702,2.066,27.541,25.475,6.836,407.031,413.867,36.599,-38.446,-39.164,-50.215,-51.357,2.49,-12.656,-28.767,-0.03,678,9011
35,1,35,2.572,70.009,72.581,2.394,27.524,25.13,7.012,408.976,415.988,36.284,-38.884,-39.734,-50.641,-51.479,2.395,-12.826,-28.815,-0.03,699,9223
36,1,36,2.417,72.167,74.585,1.941,27.521,25.58,6.464,400.67,407.134,36.286,-38.807,-39.842,-51.063,-51.628,0.728,-16.334,-32.544,14.972,784,18777
37,1,37,2.403,71.356,73.759,1.575,27.537,25.961,6.702,412.497,419.199,35.48,-39.064,-40.399,-51.872,-52.433,0.564,-15.59,-32.742,14.074,775,11321
38,1,38,2.446,71.793,74.24,1.573,27.532,25.959,6.7,413.421,420.12,35.369,-38.95,-40.402,-52.027,-52.666,0.575,-14.458,-32.852,14.755,777,12124
39,1,39,2.449,72.976,75.425,1.98,27.543,25.563,6.581,406.093,412.673,36.03,-38.704,-39.801,-51.171,-51.845,0.757,-16.377,-32.494,14.543,770,18932
40,1,40,2.391,70.967,73.358,1.752,27.521,25.769,6.497,404.078,410.575,36.015,-38.82,-39.946,-51.207,-51.915,0.689,-16.12,-32.616,14.768,782,22239
41,1,41,2.342,70.488,72.83,1.831,27.539,25.708,6.708,407.889,414.597,35.851,-38.792,-40.033,-51.468,-52.098,0.671,-15.66,-32.657,14.846,771,13563
42,1,42,2.409,69.433,71.842,1.951,27.537,25.586,6.526,403.168,409.694,36.213,-38.726,-39.751,-51.035,-51.662,0.728,-16.288,-32.501,15.327,773,12171
43,1,43,2.465,77.677,80.142,1.713,27.527,25.813,6.516,406.21,412.725,35.896,-39.265,-40.013,-52.102,-52.719,0.816,-16.76,-32.467,14.56,777,11141
44,1,44,2.446,74.14,76.586,1.93,27.523,25.592,6.636,404.829,411.465,35.959,-38.568,-39.804,-51.252,-51.947,0.709,-16.21,-32.597,14.211,777,21273
45,1,45,2.365,70.168,72.533,1.881,27.538,25.657,6.596,408.088,414.684,35.835,-38.95,-39.978,-51.181,-51.774,0.695,-16.127,-32.578,14.085,773,13228
46,1,46,2.458,72.175,74.633,1.643,27.541,25.898,6.56,404.126,410.686,36.165,-38.88,-39.966,-51.303,-51.923,0.746,-15.877,-32.535,14.944,773,16085
47,1,47,2.399,71.431,73.829,2.262,27.505,25.243,6.486,405.163,411.649,35.796,-38.625,-40.074,-51.552,-52.285,0.624,-16.126,-33.023,15.818,781,10489
48,1,48,2.288,66.092,68.381,1.983,27.538,25.556,6.674,412.371,419.045,35.505,-38.247,-39.731,-51.564,-52.143,0.597,-14.546,-32.781,15.235,776,14548
49,1,49,2.354,69.648,72.002,2.122,27.547,25.425,6.511,402.824,409.335,36.327,-38.542,-39.693,-51.015,-51.703,0.744,-15.457,-32.475,14.942,773,12568
50,1,50,2.422,72.34,74.762,1.609,27.525,25.917,6.823,417.405,424.228,35.014,-38.77,-40.289,-52.306,-52.842,0.599,-14.228,-32.895,15.18,776,10984
51,1,51,2.503,68.19,70.693,2.962,27.49,24.528,6.364,384.762,391.125,42.191,-37.319,-37.991,-50.749,-51.949,3.045,-14.42,-36.381,0.368,377,50971
52,1,52,2.617,74.642,77.26,2.504,27.473,24.97,6.508,390.476,396.984,41.406,-38.532,-39.366,-52.202,-53.391,2.921,-13.435,-36.392,0.408,372,11456
53,1,53,2.377,69.005,71.382,2.998,27.486,24.488,6.384,389.135,395.519,41.684,-36.975,-38.121,-51.168,-52.339,2.875,-13.908,-36.639,0.368,376,10089
54,1,54,2.357,67.1,69.457,3.171,27.497,24.326,6.397,388.642,395.039,41.839,-37.35,-38.179,-50.812,-52.002,2.993,-14.828,-36.493,0.361,391,9454
55,1,55,2.52,72.115,74.635,2.725,27.466,24.741,6.755,391.907,398.662,41.168,-37.807,-38.893,-51.895,-53.015,2.835,-13.663,-36.396,0.364,392,9696
56,1,56,2.471,66.208,68.679,2.924,27.475,24.552,6.579,392.106,398.685,41.25,-37.021,-38.114,-51.323,-52.518,2.856,-14.815,-36.634,0.369,397,19102
57,1,57,2.522,73.292,75.815,2.804,27.49,24.686,6.513,391.959,398.472,41.414,-37.794,-38.673,-51.325,-52.479,2.936,-14.756,-36.575,0.362,368,21148
58,1,58,2.505,71.728,74.234,2.813,27.515,24.701,6.401,389.275,395.676,41.942,-37.574,-38.546,-51.371,-52.525,2.942,-13.438,-36.398,0.352,384,11619
59,1,59,2.476,70.848,73.324,2.441,27.471,25.029,6.519,392.009,398.527,41.22,-37.927,-39.039,-51.993,-53.18,2.828,-13.307,-36.465,0.366,375,10044
60,1,60,2.515,70.186,72.701,2.4,27.461,25.061,6.467,387.191,393.658,41.637,-38.304,-39.073,-51.803,-52.922,2.904,-14.117,-36.406,0.364,361,10474
61,1,61,2.533,69.212,71.745,2.427,27.475,25.047,6.473,385.967,392.44,41.899,-37.615,-37.788,-51.058,-52.235,3.14,-14.351,-36.156,0.396,369,26253
62,1,62,2.568,66.483,69.051,3.371,27.504,24.134,6.522,395.909,402.431,41.141,-37.302,-37.906,-50.444,-51.598,2.937,-17.069,-36.437,0.362,405,17078
63,1,63,2.528,71.629,74.157,2.536,27.466,24.93,6.497,389.623,396.12,41.427,-38.087,-39.224,-52.388,-53.547,2.807,-13.684,-36.504,0.366,362,15011
64,1,64,2.656,72.079,74.736,2.523,27.481,24.958,6.378,390.767,397.145,41.462,-38.075,-38.698,-51.671,-52.91,3.037,-14.222,-36.312,0.369,405,14776
65,1,65,2.579,74.885,77.464,2.381,27.461,25.08,6.884,393.257,400.141,40.967,-38.493,-39.289,-51.983,-53.124,2.81,-14.801,-36.557,0.368,362,15787
66,1,66,2.622,75.945,78.567,2.545,27.473,24.928,6.699,397.648,404.348,40.647,-38.406,-39.534,-52.608,-53.834,2.817,-14.016,-36.422,0.374,378,13367
67,1,67,2.51,69.836,72.346,2.854,27.495,24.641,6.579,397.848,404.427,40.852,-37.708,-38.842,-51.855,-53.029,2.815,-14.904,-36.617,0.368,407,14160
68,1,68,2.562,68.828,71.389,2.664,27.46,24.796,6.677,393.636,400.313,40.937,-37.766,-38.847,-51.906,-53.088,2.779,-14.168,-36.392,0.372,375,17641
69,1,69,2.509,71.1,73.609,2.902,27.497,24.596,6.458,394.468,400.926,41.229,-37.824,-38.676,-51.37,-52.597,2.896,-15.812,-36.489,0.385,363,20835
70,1,70,2.579,74.179,76.758,2.716,27.467,24.75,6.337,393.651,399.987,41.034,-38.184,-39.023,-51.713,-52.909,2.839,-13.874,-36.372,0.376,401,13927
71,1,71,2.62,71.429,74.049,2.858,27.526,24.668,6.606,392.567,399.173,41.679,-37.462,-38.407,-51.287,-52.487,2.982,-14.245,-36.368,0.372,380,33472
72,1,72,2.664,68.578,71.242,2.846,27.497,24.651,6.854,391.319,398.174,41.513,-37.111,-38.074,-50.998,-52.143,2.871,-13.75,-36.543,0.371,359,16432
73,1,73,2.529,67.208,69.737,2.935,27.514,24.579,6.494,393.866,400.359,41.441,-37.47,-38.237,-50.863,-52.144,3.008,-16.853,-36.41,0.365,366,13289
74,1,74,2.667,71.076,73.742,2.899,27.498,24.599,6.691,391.263,397.953,41.541,-37.642,-38.38,-51.062,-52.304,2.977,-15.387,-36.384,0.366,409,14867
75,1,75,2.577,72.339,74.915,2.424,27.492,25.068,6.726,395.727,402.453,41.017,-38.338,-39.026,-51.767,-52.915,2.949,-14.325,-36.263,0.358,363,19422
76,1,76,2.462,68.149,70.611,2.801,27.535,24.734,6.61,399.113,405.723,41.094,-36.637,-37.902,-51.607,-52.729,2.874,-13.75,-36.393,0.369,410,13848
77,1,77,2.794,72.322,75.115,2.646,27.454,24.808,6.423,394.082,400.505,40.861,-38.59,-39.169,-51.917,-53.062,2.86,-15.182,-36.357,0.372,379,18103
78,1,78,2.62,69.881,72.501,2.906,27.501,24.595,6.437,389.26,395.697,41.809,-37.552,-38.03,-50.698,-51.918,3.004,-14.61,-36.322,0.37,411,14417
79,1,79,2.549,68.519,71.068,2.845,27.493,24.648,6.523,390.085,396.608,41.638,-37.242,-38.403,-51.352,-52.581,2.859,-14.252,-36.532,0.371,360,16795
80,1,80,2.553,69.361,71.913,2.789,27.478,24.689,6.556,396.951,403.507,40.783,-37.246,-38.347,-51.464,-52.599,2.778,-14.407,-36.602,0.364,366,13993
81,1,81,2.582,74.301,76.883,2.396,27.464,25.068,6.549,395.595,402.144,40.787,-37.927,-39.207,-52.591,-53.75,2.821,-13.161,-36.598,0.371,369,14219
82,1,82,2.425,70.044,72.469,2.834,27.531,24.696,6.422,396.537,402.96,41.335,-37.334,-38.397,-51.324,-52.461,2.838,-14.848,-36.366,0.366,375,14041
83,1,83,2.549,73.547,76.096,2.778,27.464,24.686,6.64,393.603,400.242,40.983,-38.322,-39.165,-51.882,-52.968,2.838,-13.142,-36.381,0.371,379,13051
101,1,101,2.632,71.024,73.268,1.223,27.453,26.446,6.658,382.029,403.147,40.581,-39.122,-39.636,-51.601,-51.697,1.803,-11.387,-42.625,0.607,421,292287
102,1,102,2.591,70.627,72.83,1.368,27.457,26.305,6.726,385.875,407.06,40.227,-38.752,-39.089,-51.165,-51.324,1.806,-11.492,-42.555,0.606,390,11284
103,1,103,2.481,68.691,70.783,1.349,27.454,26.322,6.386,384.084,404.93,40.415,-38.415,-38.754,-51.346,-51.457,1.787,-11.027,-42.624,0.601,431,15245
104,1,104,2.61,72.824,75.045,1.461,27.458,26.213,6.641,384.164,405.265,40.416,-39.927,-40.19,-51.062,-51.096,1.784,-11.795,-42.551,0.619,423,22651
105,1,105,2.567,71.331,73.509,1.567,27.46,26.11,6.618,380.591,401.668,40.802,-39.162,-39.755,-51.474,-51.543,1.818,-11.4,-42.438,0.605,417,10034
106,1,106,2.584,70.749,72.944,1.225,27.455,26.446,6.726,385.562,406.747,40.24,-38.342,-38.809,-51.199,-51.273,1.804,-11.275,-42.545,0.606,419,10548
107,1,107,2.662,75.128,77.402,1.413,27.455,26.259,6.737,385.288,406.484,40.267,-39.454,-39.95,-51.076,-51.148,1.798,-11.624,-42.648,0.612,407,9323
108,1,108,2.63,75.223,77.464,1.305,27.456,26.368,6.653,384.231,405.344,40.398,-39.356,-39.992,-51.459,-51.539,1.79,-10.894,-42.258,0.609,457,9703
109,1,109,2.507,70.285,72.403,1.118,27.455,26.553,6.44,383.861,404.761,40.436,-39.103,-39.592,-51.204,-51.352,1.825,-10.941,-42.563,0.606,446,9740
110,1,110,2.597,72.835,75.044,1.305,27.457,26.369,6.635,383.766,404.86,40.45,-38.85,-39.507,-51.2,-51.315,1.8,-10.867,-45.01,0.609,458,9668
111,1,111,2.679,74.394,76.684,1.307,27.459,26.368,6.673,381.635,402.768,40.676,-39.578,-40.128,-51.708,-51.696,1.817,-11.615,-39.956,0.608,399,8532
112,1,112,2.605,72.45,74.666,1.531,27.455,26.141,6.543,379.5,400.503,40.87,-39.64,-40.043,-50.954,-51.054,1.813,-11.499,-41.026,0.603,430,11010
113,1,113,2.498,69.576,71.686,1.416,27.457,26.258,6.384,381.792,402.636,40.675,-39.629,-39.807,-51.212,-51.286,1.792,-11.598,-41.181,0.604,429,9839
114,1,114,2.555,70.169,72.336,1.509,27.459,26.167,6.599,382.303,403.363,40.616,-39.796,-40.053,-51.111,-51.117,1.795,-11.885,-38.258,0.603,412,11580
115,1,115,2.535,69.944,72.091,1.286,27.456,26.386,6.567,380.712,401.738,40.753,-39.027,-39.596,-51.548,-51.655,1.819,-11.664,-39.912,0.601,402,10234
116,1,116,2.498,69.47,71.579,1.391,27.46,26.286,6.523,383.01,403.992,40.564,-38.783,-39.186,-51.234,-51.289,1.783,-11.489,-39.112,0.604,406,8768
117,1,117,2.584,70.305,72.501,1.467,27.457,26.206,6.615,384.63,405.705,40.36,-38.693,-39.275,-51.645,-51.734,1.829,-11.199,-41.995,0.608,424,11446
118,1,118,2.522,71.095,73.228,1.42,27.452,26.249,6.495,389.505,410.46,39.849,-38.102,-38.484,-51.424,-51.529,1.816,-11.119,-42.42,0.606,394,10382
119,1,119,2.507,68.613,70.731,1.68,27.452,25.989,6.636,386.928,408.023,40.086,-38.147,-38.504,-51.452,-51.537,1.806,-11.635,-39.502,0.609,414,9503
120,1,120,2.563,70.556,72.731,1.388,27.458,26.287,6.589,384.857,405.905,40.351,-39.291,-39.588,-51.136,-51.25,1.76,-11.089,-48.614,0.606,423,11874
121,1,121,2.533,70.79,72.934,1.382,27.466,26.301,6.646,387.204,408.309,40.194,-39.239,-39.65,-51.308,-51.4,1.802,-10.485,-48.488,0.607,449,9177
122,1,122,2.588,71.528,73.727,1.354,27.456,26.319,6.48,381.022,401.962,40.728,-39.063,-39.304,-51.212,-51.261,1.798,-11.491,-49.152,0.605,390,10092
123,1,123,2.542,71.683,73.837,1.383,27.453,26.344,6.391,384.893,405.744,40.323,-39.087,-39.182,-51.308,-51.335,1.764,-11.466,-52.937,0.6,426,19956
124,1,124,2.627,72.271,74.51,1.546,27.462,26.134,6.716,385.886,407.062,40.276,-38.231,-38.791,-51.592,-51.766,1.818,-11.582,-40.228,0.608,420,11028
125,1,125,2.549,70.06,72.22,1.501,27.459,26.176,6.575,386.076,407.111,40.248,-38.534,-38.966,-51.382,-51.502,1.803,-11.186,-42.981,0.605,410,10480
126,1,126,2.485,68.811,70.908,1.573,27.455,26.099,6.448,383.808,404.716,40.446,-37.854,-38.129,-51.007,-51.081,1.823,-10.808,-44.136,0.604,409,9187
127,1,127,2.464,69.613,71.689,1.223,27.454,26.448,6.445,386.883,407.788,40.135,-38.765,-38.906,-50.892,-51.078,1.813,-10.69,-51.182,0.603,448,9785
128,1,128,2.438,67.947,69.996,1.56,27.461,26.118,6.493,386.736,407.688,40.205,-38.218,-38.52,-51.219,-51.329,1.779,-10.736,-42.473,0.607,423,9506
129,1,129,2.462,69.276,71.349,1.342,27.457,26.331,6.386,386.177,407.022,40.236,-38.421,-38.711,-51.552,-51.624,1.776,-11.026,-42.639,0.607,428,9197
130,1,130,2.524,70.296,72.431,1.362,27.455,26.31,6.478,382.901,403.838,40.534,-39.049,-39.273,-51.043,-51.148,1.767,-11.738,-40.126,0.601,436,9031
131,1,131,2.64,72.525,74.777,1.461,27.452,26.208,6.729,384.704,405.893,40.304,-39.54,-39.885,-51.018,-51.058,1.804,-11.297,-40.688,0.623,419,9409
132,1,132,2.563,69.759,71.933,1.468,27.458,26.207,6.68,384.125,405.264,40.422,-39.017,-39.422,-51.032,-51.117,1.773,-11.583,-39.206,0.605,417,9466
133,1,133,2.614,72.103,74.329,1.205,27.46,26.472,6.731,386.522,407.713,40.19,-39.115,-39.929,-51.944,-52.099,1.794,-11.054,-42.51,0.61,438,9234
134,1,134,2.666,75.062,77.34,1.419,27.457,26.256,6.713,385.45,406.623,40.276,-39.592,-40.008,-51.282,-51.31,1.785,-11.611,-42.625,0.605,411,10855
135,1,135,2.577,69.672,71.86,1.401,27.454,26.27,6.717,387.132,408.309,40.085,-38.628,-39.177,-51.774,-51.839,1.822,-11.495,-42.537,0.607,423,9530
136,1,136,2.579,71.273,73.464,1.539,27.452,26.129,6.517,380.194,401.171,40.77,-39.306,-39.644,-51.192,-51.22,1.798,-11.821,-42.629,0.603,383,9916
137,1,137,2.496,69.576,71.683,1.448,27.459,26.228,6.456,383.363,404.279,40.525,-39.118,-39.426,-50.902,-51.022,1.811,-11.298,-42.553,0.606,422,8620
138,1,138,2.544,69.918,72.074,1.702,27.452,25.967,6.56,380.946,401.966,40.695,-39.169,-39.504,-51.399,-51.348,1.771,-11.822,-42.511,0.604,429,8877
139,1,139,2.562,70.862,73.036,1.337,27.454,26.333,6.639,385.036,406.135,40.297,-39.254,-39.737,-51.606,-51.675,1.792,-11.781,-42.612,0.607,443,8541
140,1,140,2.605,72.394,74.61,1.196,27.46,26.481,6.679,383.326,404.465,40.514,-39.442,-40.039,-51.405,-51.532,1.808,-11.2,-42.596,0.606,419,9995
141,1,141,2.549,72.557,73.365,2.444,27.459,25.941,6.412,389.103,397.438,41.223,-37.842,-38.875,-51.427,-51.528,1.784,-11.92,-41.313,0.602,386.451,42665.333
142,1,142,2.561,73.986,74.804,2.442,27.451,25.935,6.457,390.158,398.538,41.037,-38.277,-39.36,-51.685,-51.831,1.725,-12.869,-41.561,0.604,389.228,14190.667
143,1,143,2.563,70.565,71.385,2.989,27.462,25.399,6.503,390.833,399.26,41.062,-37.988,-39.036,-51.998,-52.069,1.776,-12.849,-41.599,0.6,369.609,13238.333
144,1,144,2.564,73.555,74.377,2.485,27.458,25.898,6.407,389.355,397.686,41.186,-38.538,-39.579,-51.511,-51.579,1.688,-12.92,-41.457,0.603,390.498,19049.667
145,1,145,2.562,73.642,74.462,2.807,27.453,25.571,6.412,389.534,397.87,41.118,-39.574,-40.566,-51.726,-51.789,1.621,-13.404,-41.313,0.6,392.033,8922
146,1,146,2.644,75.976,76.877,2.713,27.453,25.666,6.504,388.787,397.214,41.191,-39.17,-40.235,-51.892,-51.999,1.668,-13.201,-41.44,0.603,390.828,15198
147,1,147,2.67,77.867,78.794,2.903,27.455,25.478,6.632,394.633,403.189,40.597,-39.497,-40.363,-51.998,-51.977,1.636,-13.671,-41.491,0.614,401.786,14985.333
148,1,148,2.567,74.064,74.888,2.664,27.456,25.719,6.545,395.556,404.025,40.526,-38.57,-39.627,-52.078,-52.212,1.705,-12.462,-41.379,0.607,402.456,10897.333
149,1,149,2.54,71.81,72.608,3.18,27.459,25.206,6.403,389.186,397.512,41.221,-37.326,-38.271,-51.49,-51.593,1.842,-13.058,-41.425,0.602,378.303,10791.667
150,1,150,2.645,76.84,77.743,2.937,27.454,25.443,6.558,392.09,400.572,40.851,-39.145,-40.159,-51.846,-51.976,1.689,-13.326,-41.406,0.606,397.746,12603
151,1,151,2.601,75.031,75.889,2.766,27.461,25.621,6.491,391.367,399.781,41,-39.407,-40.527,-51.829,-51.88,1.648,-13.368,-41.294,0.609,418.104,12580
152,1,152,2.526,70.272,71.055,3.483,27.454,24.897,6.482,392.958,401.363,40.774,-37.524,-38.641,-51.989,-52.091,1.827,-12.64,-41.463,0.605,368.463,10868.667
153,1,153,2.584,74.3,75.141,2.845,27.464,25.545,6.478,394.067,402.468,40.754,-38.638,-39.644,-51.878,-51.959,1.694,-13.032,-41.437,0.611,397.431,14367
154,1,154,2.6,75.096,75.953,2.926,27.462,25.462,6.564,392.345,400.832,40.906,-38.914,-39.846,-51.586,-51.62,1.677,-13.442,-41.382,0.607,402.354,17517
155,1,155,2.737,81.131,82.125,2.752,27.455,25.629,6.685,394.335,402.944,40.626,-39.097,-40.084,-52.005,-52.131,1.684,-13.424,-41.584,0.605,406.419,13844
156,1,156,2.634,76.352,77.244,2.925,27.458,25.459,6.52,394.949,403.393,40.61,-38.552,-39.541,-51.799,-51.855,1.706,-13.24,-41.419,0.608,406.159,10184.333
157,1,157,2.568,72.774,73.599,3.043,27.461,25.343,6.475,392.062,400.46,40.927,-37.982,-38.948,-51.456,-51.591,1.753,-13.005,-41.394,0.604,371.505,10238
158,1,158,2.627,74.595,75.48,2.907,27.451,25.47,6.544,390.461,398.928,40.996,-38.763,-39.673,-52.03,-52.079,1.705,-13.324,-41.444,0.604,357.817,14914
159,1,159,2.603,75.105,75.966,3.04,27.464,25.35,6.581,392.752,401.256,40.876,-39.522,-40.62,-51.917,-52.034,1.625,-13.466,-41.308,0.608,402.636,11005
160,1,160,2.638,76.06,76.956,2.753,27.453,25.626,6.559,393.402,401.885,40.714,-39.164,-40.104,-52.011,-52.006,1.656,-13.335,-41.406,0.601,375.266,20499.333
161,1,161,2.634,76.248,77.141,2.79,27.456,25.594,6.515,392.724,401.163,40.82,-39.278,-40.247,-52.008,-52.032,1.635,-12.888,-41.324,0.604,399.611,14539
162,1,162,2.705,76.037,77,2.565,27.456,25.817,6.571,393.955,402.45,40.684,-39.214,-40.264,-52.32,-52.382,1.656,-13.265,-41.518,0.602,378.401,10314
163,1,163,2.586,74.172,75.016,2.514,27.458,25.87,6.519,394.694,403.137,40.633,-38.456,-39.435,-51.919,-52.034,1.735,-13.697,-41.574,0.604,395.786,10300
164,1,164,2.572,73.322,74.152,2.85,27.461,25.538,6.501,394.69,403.114,40.665,-38.067,-39.022,-51.872,-51.916,1.758,-12.554,-41.355,0.601,382.597,10189.667
165,1,165,2.595,73.806,74.658,2.849,27.456,25.533,6.556,396.642,405.121,40.412,-37.544,-38.485,-51.728,-51.73,1.804,-12.568,-41.541,0.602,385.941,12101
166,1,166,2.639,75.567,76.465,3.143,27.472,25.255,6.622,396.915,405.459,40.526,-38.76,-39.924,-52.215,-52.282,1.715,-13.376,-41.23,0.606,414.486,9484.333
167,1,167,2.639,76.493,77.389,2.773,27.457,25.61,6.577,396.196,404.696,40.462,-38.285,-39.265,-51.602,-51.656,1.743,-12.733,-41.394,0.607,393.441,13534.333
168,1,168,2.552,70.823,71.633,3.745,27.467,24.647,6.525,393.813,402.261,40.8,-37.266,-38.37,-52.589,-52.604,1.863,-12.684,-41.54,0.603,349.987,10082
169,1,169,2.584,74.538,75.38,3.15,27.48,25.255,6.532,393.852,402.307,40.92,-38.079,-39.205,-51.626,-51.664,1.763,-12.54,-41.073,0.605,392.231,8573.333
170,1,170,2.575,73.131,73.964,2.862,27.453,25.517,6.436,391.293,399.652,40.939,-38.819,-39.744,-51.81,-51.946,1.663,-13.446,-41.463,0.605,374.247,9452.667
171,1,171,2.588,74.242,75.087,3.092,27.465,25.298,6.52,393.203,401.647,40.849,-38.094,-39.177,-51.816,-51.863,1.776,-12.54,-41.271,0.606,396.647,8151.667
172,1,172,2.52,69.881,70.659,3.746,27.464,24.645,6.465,392.015,400.403,40.97,-38.065,-39.06,-52.072,-52.146,1.777,-13.629,-41.317,0.604,369.901,11040
173,1,173,2.58,74.936,75.773,2.884,27.462,25.504,6.602,395.138,403.664,40.617,-38.523,-39.587,-51.914,-52.005,1.715,-12.661,-41.383,0.604,398.399,9470.667
174,1,174,2.509,71.076,71.842,2.94,27.455,25.442,6.451,392.691,401.065,40.82,-38.713,-39.655,-51.849,-51.944,1.676,-13.083,-41.311,0.605,399.347,9633.667
175,1,175,2.53,71.147,71.934,3.144,27.476,25.258,6.554,394.709,403.187,40.797,-37.463,-38.513,-51.446,-51.522,1.836,-12.791,-41.177,0.607,390.8,10149
176,1,176,2.622,76.112,76.992,2.963,27.454,25.417,6.534,397.253,405.71,40.338,-38.501,-39.491,-51.929,-52.038,1.735,-13.029,-41.45,0.607,392.938,10302.667
177,1,177,2.586,74.105,74.949,2.718,27.454,25.662,6.586,395.977,404.487,40.46,-38.511,-39.497,-51.966,-52.004,1.703,-13.037,-41.399,0.602,399.857,12851
178,1,178,2.672,77.918,78.848,2.647,27.458,25.737,6.738,397.78,406.442,40.301,-38.857,-39.99,-52.249,-52.39,1.732,-12.783,-41.537,0.608,414.344,11314
179,1,179,2.621,75.746,76.625,2.647,27.456,25.735,6.623,395.849,404.395,40.483,-38.714,-39.805,-52.008,-52.11,1.711,-12.594,-41.386,0.606,408.876,7855.667
180,1,180,2.513,69.883,70.653,3.287,27.454,25.093,6.446,392.023,400.393,40.876,-37.593,-38.636,-52.015,-52.132,1.81,-12.459,-41.351,0.602,362.74,7823
201,1,201,2.683,70.344,73.028,1.592,27.476,25.883,6.913,403.808,410.721,40.044,-39.001,-40.157,-52.164,-53.294,2.613,-15.789,-36.203,0.366,410,13352
202,1,202,2.909,72.097,75.005,1.765,27.472,25.707,7.028,404.166,411.193,39.961,-38.911,-39.738,-52.28,-53.434,2.744,-16.74,-36.091,0.361,412,11294
203,1,203,2.856,69.91,72.766,1.977,27.476,25.499,6.815,406.638,413.453,39.787,-38.886,-40.227,-52.283,-53.419,2.545,-15.706,-36.228,0.346,377,11726
204,1,204,2.912,70.566,73.479,1.513,27.47,25.958,6.93,407.218,414.147,39.665,-39.841,-40.908,-53.088,-54.142,2.563,-16.59,-36.307,0.382,380,12155
205,1,205,2.911,68.479,71.39,2.068,27.47,25.402,6.917,402.204,409.121,40.15,-38.968,-40.16,-52.329,-53.444,2.624,-16.528,-36.165,0.356,396,11381
206,1,206,2.703,69.862,72.565,1.676,27.48,25.804,6.727,404.644,411.371,40.022,-39.147,-40.388,-52.413,-53.549,2.565,-15.095,-36.238,0.362,367,11225
207,1,207,2.865,70.559,73.424,1.815,27.474,25.659,7.015,404.815,411.83,39.918,-39.162,-40.607,-52.775,-53.888,2.544,-16.339,-36.305,0.362,383,11122
208,1,208,2.845,68.704,71.55,2.066,27.475,25.409,6.739,402.983,409.722,40.132,-38.798,-39.984,-52.078,-53.286,2.661,-16.764,-36.137,0.384,371,11934
209,1,209,2.781,68.683,71.465,1.748,27.48,25.732,6.916,410.232,417.148,39.467,-38.774,-40.274,-52.709,-53.739,2.449,-13.96,-36.308,0.382,371,9736
210,1,210,2.758,67.102,69.86,2.301,27.456,25.155,6.917,408.981,415.898,39.368,-38.422,-39.929,-52.397,-53.595,2.55,-17.43,-36.275,0.355,372,10174
211,1,211,2.278,70.438,72.716,1.76,27.462,25.787,6.124,373.875,379.999,42.561,-34.061,-33.473,-51.016,-50.844,3.353,-14.501,-33.699,0.733,356.285,27571.333
212,1,212,2.401,72.881,75.283,1.884,27.453,25.655,6.722,404.661,411.383,39.279,-41.105,-40.979,-55.583,-55.676,2.339,-15.882,-32.493,0.739,380.123,21762.667
213,1,213,2.246,67.959,70.204,1.955,27.463,25.594,6.408,393.356,399.764,40.498,-40.472,-40.561,-55.317,-55.35,2.376,-14.922,-32.729,0.737,372.994,16445
214,1,214,2.248,67.743,69.991,1.689,27.465,25.862,6.437,396.127,402.565,40.232,-40.829,-41.089,-55.813,-56.051,2.344,-14.149,-33.801,0.736,374.344,108581
215,1,215,2.391,73.857,76.249,1.762,27.465,25.788,6.416,390.591,397.007,40.79,-40.999,-40.795,-55.113,-55.184,2.405,-14.891,-34.157,0.734,362.529,17019.667
216,1,216,2.301,69.825,72.126,1.877,27.456,25.665,6.113,373.265,379.378,42.579,-33.252,-32.71,-50.958,-50.843,3.518,-14.195,-34.811,0.728,353.685,28916.333
217,1,217,2.406,73.431,75.837,1.933,27.461,25.614,6.666,403.367,410.034,39.475,-40.889,-41.158,-55.809,-55.862,2.325,-14.152,-33.151,0.738,352.52,16770.667
218,1,218,2.434,75.039,77.474,1.911,27.459,25.633,6.589,397.267,403.857,40.052,-41.395,-41.269,-55.485,-55.496,2.407,-13.991,-34.098,0.736,340.557,11577.333
219,1,219,2.331,70.472,72.803,1.734,27.456,25.808,6.528,398.218,404.745,39.942,-40.608,-40.315,-55.215,-55.281,2.428,-13.847,-34.72,0.739,355.697,9608.667
220,1,220,2.283,69.151,71.434,1.79,27.466,25.762,6.286,387.066,393.352,41.174,-40.123,-39.724,-54.531,-54.546,2.501,-14.827,-34.632,0.734,342.788,9589.667
221,1,221,2.298,70.023,72.321,1.913,27.469,25.642,6.429,393.58,400.008,40.522,-40.381,-40.604,-55.239,-55.302,2.358,-13.875,-34.36,0.735,351.856,8331
222,1,222,2.227,67.844,70.071,2.037,27.468,25.517,6.103,371.462,377.565,42.894,-33.224,-32.658,-50.675,-50.541,3.534,-14.311,-34.682,0.733,361.543,13074
223,1,223,2.307,70.867,73.174,1.799,27.455,25.741,6.503,397.682,404.184,39.985,-40.486,-40.371,-55.229,-55.301,2.401,-13.862,-34.405,0.734,343.892,10363.667
224,1,224,2.298,70.836,73.134,1.865,27.459,25.68,6.571,403.036,409.608,39.494,-40.261,-40.144,-55.015,-55.029,2.387,-14.609,-33.247,0.732,347.43,11635.333
225,1,225,2.218,66.838,69.057,1.923,27.462,25.624,6.075,370.666,376.742,42.921,-33.491,-32.925,-50.59,-50.487,3.479,-14.642,-35.558,0.73,347.706,9267.333
226,1,226,2.296,71.163,73.459,1.995,27.457,25.548,6.147,377.013,383.16,42.167,-33.522,-33,-50.746,-50.595,3.496,-15.341,-34.051,0.727,343.864,10689.667
227,1,227,2.32,70.49,72.81,1.823,27.459,25.721,6.303,380.888,387.191,41.75,-34.472,-33.873,-51.541,-51.492,3.27,-14.763,-34.852,0.732,356.866,10877
228,1,228,2.225,68.574,70.8,2.169,27.46,25.376,6.106,374.259,380.366,42.501,-33.985,-33.385,-50.9,-50.777,3.418,-13.741,-35.626,0.737,349.357,12273.667
229,1,229,2.412,74.036,76.449,2.006,27.454,25.534,7.002,424.513,431.516,37.471,-40.945,-42.205,-56.061,-56.306,2.278,-14.859,-29.92,0.742,372.251,10723.333
230,1,230,2.329,71.708,74.037,2.214,27.455,25.326,6.26,379.835,386.095,41.832,-32.694,-32.161,-50.248,-50.107,3.674,-14.591,-34.73,0.735,360.137,13483.333
231,1,231,2.234,68.015,70.249,1.913,27.464,25.636,6.058,374.806,380.865,42.484,-34.128,-33.481,-50.922,-50.84,3.323,-14.805,-34.505,0.731,342.81,13827
232,1,232,2.262,69.575,71.837,1.827,27.463,25.722,6.161,374.766,380.928,42.47,-32.939,-32.405,-50.872,-50.73,3.602,-15.412,-34.513,0.731,341.49,10623.667
233,1,233,2.298,71.158,73.456,1.911,27.462,25.637,6.105,376.251,382.357,42.307,-34.007,-33.375,-51.188,-51.12,3.392,-14.437,-35.159,0.732,355.616,11009
234,1,234,2.243,68.281,70.525,2.053,27.463,25.495,6.118,376.243,382.361,42.311,-34.084,-33.45,-50.814,-50.686,3.355,-13.901,-35.206,0.736,343.974,11185
235,1,235,2.223,67.157,69.38,1.936,27.46,25.609,6.07,371.503,377.573,42.809,-34.119,-33.477,-51.025,-50.96,3.36,-14.035,-34.184,0.726,354.544,11329.667
236,1,236,2.314,70.107,72.42,1.909,27.465,25.642,6.204,376.865,383.069,42.252,-34.502,-33.89,-51.192,-51.065,3.293,-14.423,-34.723,0.733,352.917,11096
237,1,237,2.216,67.844,70.06,2.072,27.462,25.475,6.094,374.127,380.22,42.533,-33.923,-33.291,-50.682,-50.581,3.419,-13.297,-36.644,0.731,340.096,9440.667
238,1,238,2.279,69.632,71.911,2.151,27.461,25.395,6.182,377.42,383.603,42.157,-33.83,-33.241,-50.727,-50.579,3.415,-14.991,-33.551,0.735,373.354,11486
239,1,239,2.268,69.606,71.873,1.961,27.464,25.589,6.189,378.182,384.371,42.103,-34.066,-33.411,-51.057,-50.913,3.373,-14.792,-34.632,0.733,343.313,15644.667
240,1,240,2.282,69.117,71.399,1.873,27.457,25.67,6.165,377.954,384.119,42.065,-33.69,-33.104,-51.083,-51.018,3.464,-14.716,-34.51,0.731,338.997,10190.667
241,1,241,2.31,70.521,72.831,1.782,27.459,25.762,6.188,377.264,383.452,42.156,-34.293,-33.688,-51.22,-51.168,3.321,-12.817,-36.262,0.729,337.034,12788.333
242,1,242,2.189,66.199,68.389,2.031,27.464,25.518,6.054,371.132,377.186,42.895,-32.978,-32.431,-50.551,-50.442,3.573,-14.858,-34.521,0.733,349.583,14435.667
243,1,243,2.286,70.228,72.515,2.224,27.46,25.322,6.218,382.571,388.789,41.591,-33.486,-32.843,-50.496,-50.234,3.496,-15.022,-33.318,0.732,348.835,9061.333
244,1,244,2.183,64.233,66.415,2.154,27.461,25.392,6.098,372.546,378.644,42.705,-34.19,-33.465,-50.812,-50.738,3.368,-14.448,-35.828,0.734,348.48,31655.333
245,1,245,2.232,68.049,70.281,2.144,27.46,25.402,6.192,374.985,381.177,42.41,-32.739,-32.205,-50.437,-50.318,3.615,-13.787,-35.853,0.733,360.24,9024.333
246,1,246,2.221,67.266,69.487,2.136,27.455,25.405,6.181,377.951,384.132,42.044,-34.122,-33.527,-50.758,-50.623,3.365,-15.064,-33.96,0.73,347.86,8852.667
247,1,247,2.28,70.022,72.301,1.954,27.457,25.589,6.234,377.343,383.577,42.121,-33.518,-32.966,-50.903,-50.774,3.504,-15.073,-33.923,0.733,355.865,8685
248,1,248,2.354,71.593,73.947,2.021,27.457,25.521,6.265,381.074,387.34,41.719,-34.428,-33.792,-51.099,-51,3.294,-14.59,-34.064,0.733,350.891,10629.333
249,1,249,2.194,66.613,68.808,2.062,27.457,25.481,6.123,376.005,382.129,42.283,-33.838,-33.208,-50.595,-50.42,3.425,-13.86,-34.05,0.73,346.35,7885.333
250,1,250,2.262,69.438,71.7,2.018,27.461,25.529,6.162,376.39,382.552,42.272,-34.023,-33.371,-50.815,-50.746,3.365,-14.087,-34.37,0.732,345.552,8831.667
