Header Section,,,,,,,,,,,,,,,,,,,,
Product,VC5345,,,,,,,,,,,,,,,,,,,
Test Plan,Rev(-),,,,,,,,,,,,,,,,,,,
Release Date,1/24/2014,,,,,,,,,,,,,,,,,,,
Comment,,,,,,,,,,,,,,,,,,,,
,,,,,,,,,,,,,,,,,,,,
Data Section,,,,,,,,,,,,,,,,,,,,
Device#,1,2,3,4,5,6,7,8,9,10,11,12,13,14,15,16,17,18,19,20
Test Item,Site No,Device ID,Idle_H_Vbat,Idle_H_Vcc,Idle_H_Total,Pin_H_849,Pout_H_849,Gain_H_849,Icc_H_Vbat_849,Icc_H_Vcc_849,Icc_H_Total_849,PAE_H_Total_849,ACP_L_H_849,ACP_U_H_849,ALT_L_H_849,ALT_U_H_849,EVM_H_849,2fo_H_849,3fo_H_849,Leakage_Current
Low Tolerance,,,5,10,10,0.3,,,1,30,30,,1.5,1.5,1.5,1.5,0.5,1.5,1.5,5
High Tolerance,,,5,10,10,0.3,,,1,30,30,,1.5,1.5,1.5,1.5,0.5,1.5,1.5,5
Enable,,,1,1,1,1,0,0,0,1,1,,1,1,1,1,1,1,1,1
500,1,500,2.69,76.026,78.716,0.22,26.933,26.712,6.462,379.534,385.996,37.058,-40.21648,-41.23544,-53.9732,-53.94144,1.681,-17.276,-28.255,1.806
501,1,501,2.557,71.014,73.57,0.493,26.951,26.459,6.372,374.313,380.685,37.733,-39.60848,-40.33844,-55.4852,-55.49444,1.758,-18.176,-28.672,1.687
502,1,502,2.592,72.539,75.13,0.179,27.003,26.824,6.357,376.162,382.519,38.004,-39.69748,-40.57444,-53.1582,-53.00644,1.76,-19.227,-28.476,1.938
503,1,503,2.645,74.982,77.627,0.082,26.994,26.912,6.481,384.695,391.176,37.084,-39.91148,-40.80144,-53.3922,-53.22444,1.714,-18.324,-29.599,1.578
504,1,504,2.651,76.457,79.107,0.307,27.023,26.716,6.46,385.378,391.838,37.267,-40.64948,-41.69944,-51.5882,-51.62144,1.813,-19.231,-32.648,2.032
505,1,505,2.685,77.92,80.605,-0.091,27.013,27.104,6.392,377.283,383.675,37.978,-40.54948,-41.83244,-53.6002,-53.50044,1.698,-18.002,-28.749,1.801
506,1,506,2.521,71.955,74.476,0.007,27.007,27,6.427,380.662,387.089,37.59,-39.37548,-40.13144,-53.8382,-53.58244,1.777,-18.712,-27.395,1.321
507,1,507,2.619,75.166,77.784,0.1,26.909,26.809,6.364,377.478,383.841,37.065,-39.64948,-40.56844,-53.8122,-53.72044,1.733,-18.881,-28.731,1.487
508,1,508,2.622,74.15,76.773,0.357,27.072,26.715,6.533,385.607,392.139,37.667,-40.35248,-41.24044,-55.5182,-55.50044,1.65,-18.675,-29.229,1.381
509,1,509,2.634,74.743,77.377,0.032,27.005,26.974,6.437,380.548,386.985,37.583,-39.96048,-40.99244,-53.7452,-53.57144,1.726,-17.899,-28.258,1.478
510,1,510,2.58,73.918,76.497,0.02,26.926,26.905,6.309,371.877,378.186,37.763,-39.47148,-40.29044,-54.2962,-54.13844,1.761,-17.872,-26.926,1.801
511,1,511,2.587,73.996,76.583,0.278,27.045,26.767,6.505,386.588,393.092,37.342,-39.90048,-40.80244,-55.1062,-54.99744,1.721,-17.917,-28.351,1.664
512,1,512,2.643,76.202,78.844,-0.011,26.925,26.936,6.457,383.16,389.618,36.647,-39.78248,-40.60944,-54.5122,-54.34544,1.721,-18.059,-27.514,1.74
513,1,513,2.611,74.241,76.852,0.067,26.914,26.847,6.392,377.095,383.486,37.141,-39.58648,-40.63644,-54.4162,-54.30844,1.76,-18.48,-27.375,1.591
514,1,514,2.625,74.992,77.617,0.187,27.084,26.897,6.435,382.049,388.484,38.12,-39.44548,-40.32344,-53.9312,-53.79344,1.77,-18.361,-26.384,1.228
515,1,515,2.668,76.979,79.648,0.094,26.949,26.856,6.446,381.981,388.426,36.969,-40.18248,-41.21244,-54.2882,-54.15344,1.688,-18.696,-28.389,1.145
516,1,516,2.61,74.553,77.162,0.329,26.926,26.597,6.462,382.538,388.999,36.717,-39.71348,-40.22144,-55.8222,-55.80244,1.787,-19.012,-27.938,1.658
517,1,517,2.591,73.022,75.612,0.153,27.086,26.933,6.488,387.539,394.027,37.605,-39.47248,-40.16044,-53.8112,-53.53844,1.749,-17.529,-27.788,1.435
518,1,518,2.537,71.55,74.087,0.502,27.069,26.566,6.497,385.318,391.815,37.668,-40.19848,-41.01944,-54.5792,-54.48744,1.657,-18.362,-30.874,1.214
519,1,519,2.647,75.67,78.318,-0.134,27.001,27.135,6.446,384.921,391.367,37.125,-39.80948,-40.73944,-54.0292,-53.80844,1.714,-18.769,-28.334,2.617
