Header Section,,,,,,,,,,,,,,,,,,,,,,,,,,,,,,,,,,,,
Product,VC5341,,,,,,,,,,,,,,,,,,,,,,,,,,,,,,,,,,,
Test Plan,Rev(-),,,,,,,,,,,,,,,,,,,,,,,,,,,,,,,,,,,
Release Date,11/3/2012,,,,,,,,,,,,,,,,,,,,,,,,,,,,,,,,,,,
Comment,VC5341_Goodark?? 51~53 was generated in goodark Pax on 20130503 for rev1.1.1,,,,,,,,,,,,,,,,,,,,,,,,,,,,,,,,,,,
,,,,,,,,,,,,,,,,,,,,,,,,,,,,,,,,,,,,
Data Section,,,,,,,,,,,,,,,,,,,,,,,,,,,,,,,,,,,,
Device#,1,2,3,4,5,6,7,8,9,10,11,12,13,14,15,16,17,18,19,20,21,22,23,24,25,26,27,28,29,30,31,32,33,34,35,36
Test Item,Site No,Device ID,Idle_H_Vbat_1920,Idle_H_Vcc_1920,Idle_H_Total_1920,Pin_H_1920,Pout_H_1920,Gain_H_1920,Icc_H_Vbat_1920,Icc_H_Vcc_1920,Icc_H_Total_1920,PAE_H_Total_1920,ACP_L_H_1920,ACP_U_H_1920,ALT_L_H_1920,ALT_U_H_1920,EVM_H_1920,2fo_H_1920,3fo_H_1920,Pin_H_1980,Pout_H_1980,Gain_H_1980,Icc_H_Vbat_1980,Icc_H_Vcc_1980,Icc_H_Total_1980,PAE_H_Total_1980,ACP_L_H_1980,ACP_U_H_1980,ALT_L_H_1980,ALT_U_H_1980,EVM_H_1980,2fo_H_1980,3fo_H_1980,Leakage_Current,Test Time,Index Time
Low Tolerance,,,5,10,10,0.2,,,1,30,30,,1.5,1.5,1.5,1.5,0.5,1.5,1.5,0.2,,,1,30,30,,1.5,1.5,1.5,1.5,0.5,1.5,1.5,5,,
High Tolerance,,,5,10,10,0.2,,,1,30,30,,1.5,1.5,1.5,1.5,0.5,1.5,1.5,0.2,,,1,30,30,,1.5,1.5,1.5,1.5,0.5,1.5,1.5,5,,
Enable,,,1,1,1,1,0,0,0,1,1,,1,1,1,1,1,1,1,1,0,0,0,1,1,,1,1,1,1,1,1,1,1,,
1,1,1,2.555,70.708,73.263,2.067,27.527,25.46,6.845,406.397,413.242,36.855,-38.928,-39.625,-50.561,-51.442,2.429,-11.311,-47.537,2.264,27.535,25.271,6.927,408.79,415.717,36.402,-38.167,-38.805,-49.764,-50.838,2.603,-12.824,-28.681,-0.031,682,10710
2,1,2,2.557,70.59,73.147,1.787,27.526,25.739,6.776,402.213,408.99,37.196,-38.402,-39.303,-50.953,-51.731,2.489,-11.315,-48.075,2.073,27.539,25.466,6.884,404.032,410.916,36.817,-38.358,-39.267,-50.482,-51.453,2.569,-12.641,-28.747,-0.073,673,11106
3,1,3,2.587,70.215,72.801,1.812,27.507,25.696,6.935,403.183,410.119,36.942,-38.891,-39.384,-50.467,-51.51,2.508,-11.31,-47.353,2.243,27.539,25.296,7.087,406.527,413.614,36.6,-37.514,-37.983,-49.682,-50.892,2.85,-12.969,-28.523,0.19,681,13291
4,1,4,2.557,70.016,72.573,1.973,27.507,25.534,6.791,404.326,411.117,36.858,-39.027,-39.752,-50.785,-51.641,2.411,-11.311,-47.608,2.292,27.545,25.253,7.074,407.726,414.8,36.554,-38.336,-38.967,-50.303,-51.236,2.628,-12.861,-28.679,-0.104,691,11550
5,1,5,2.584,71.503,74.087,1.829,27.526,25.697,7.055,408.729,415.784,36.637,-38.841,-39.46,-50.567,-51.634,2.463,-11.316,-48.051,1.957,27.534,25.577,7.005,409.971,416.975,36.291,-38.394,-39.052,-50.079,-51.367,2.558,-12.628,-28.77,-0.05,689,8971
6,1,6,2.434,65.097,67.531,2.28,27.505,25.224,6.803,398.958,405.76,37.279,-38.817,-39.722,-50.378,-51.22,2.467,-11.316,-48.215,2.613,27.541,24.928,6.848,401.981,408.828,37.011,-38.493,-39.296,-49.727,-50.656,2.544,-12.615,-28.924,0.126,690,11795
7,1,7,2.585,70.75,73.335,1.836,27.527,25.691,6.787,401.222,408.009,37.281,-38.398,-39.132,-50.464,-51.324,2.619,-11.31,-47.438,2.366,27.536,25.171,7.002,403.675,410.677,36.818,-37.472,-38.069,-49.648,-50.662,2.917,-12.871,-28.627,-0.044,692,9966
8,1,8,2.573,70.845,73.418,1.904,27.53,25.626,6.948,405.37,412.317,36.95,-38.368,-39.136,-50.535,-51.511,2.551,-11.313,-47.924,2.218,27.534,25.317,7.117,406.492,413.609,36.559,-38.049,-38.812,-50.112,-51.354,2.601,-12.668,-28.802,0.119,680,11272
9,1,9,2.495,67.567,70.062,1.921,27.527,25.606,6.995,403.832,410.827,37.055,-38.864,-39.637,-50.519,-51.419,2.434,-11.318,-48.131,2.091,27.536,25.444,6.9,405.377,412.277,36.679,-38.64,-39.464,-49.964,-51.034,2.496,-12.611,-28.787,0.253,682,11512
10,1,10,2.527,69.241,71.768,1.864,27.506,25.642,6.67,401.904,408.574,37.063,-38.678,-39.584,-50.841,-51.662,2.517,-11.316,-48.241,1.941,27.54,25.599,6.95,405.438,412.388,36.711,-38.846,-39.872,-50.44,-51.412,2.401,-12.639,-28.857,-0.095,694,13996
11,1,11,2.514,68.224,70.737,1.922,27.509,25.587,6.663,401.457,408.121,37.118,-38.6,-39.408,-50.482,-51.356,2.553,-11.314,-48.059,2.231,27.541,25.311,6.811,403.846,410.657,36.86,-38.098,-38.816,-49.964,-51.031,2.626,-12.649,-28.776,-0.044,698,9102
12,1,12,2.524,70.27,72.794,2.118,27.522,25.404,6.826,403.606,410.432,37.043,-39.029,-39.585,-50.618,-51.464,2.416,-11.311,-47.581,2.266,27.536,25.27,7.01,406.472,413.482,36.589,-38.298,-38.887,-49.99,-50.939,2.609,-12.823,-28.708,-0.074,674,9956
13,1,13,2.515,68.452,70.967,2.208,27.505,25.297,6.736,402.449,409.185,36.996,-39.181,-39.943,-50.871,-51.564,2.393,-11.318,-48.392,2.235,27.535,25.3,6.9,404.741,411.641,36.725,-39.136,-40.047,-50.474,-51.382,2.333,-12.645,-28.971,-0.039,685,12094
14,1,14,2.557,70.69,73.247,2.076,27.527,25.451,6.759,401.035,407.794,37.3,-38.553,-39.295,-50.673,-51.349,2.487,-11.311,-47.467,2.402,27.54,25.138,6.627,403.196,409.824,36.915,-37.992,-38.666,-50.115,-50.991,2.646,-12.86,-28.63,-0.082,679,9556
15,1,15,2.581,70.729,73.31,2.076,27.528,25.452,6.838,403.515,410.353,37.099,-38.874,-39.513,-50.544,-51.337,2.493,-11.312,-47.677,2.313,27.541,25.228,6.802,405.478,412.28,36.726,-38.072,-38.648,-49.861,-50.905,2.622,-12.753,-28.696,-0.081,685,9795
16,1,16,2.589,72.158,74.747,1.915,27.528,25.613,6.942,407.853,414.795,36.739,-38.564,-39.549,-51.091,-51.802,2.45,-11.317,-48.231,2.07,27.54,25.47,6.888,409.79,416.678,36.365,-38.892,-39.963,-50.74,-51.558,2.298,-12.654,-28.944,-0.021,678,12454
17,1,17,2.489,68.263,70.752,2.147,27.528,25.381,6.727,402.812,409.539,37.161,-38.73,-39.62,-50.267,-50.989,2.448,-11.321,-48.343,2.301,27.537,25.236,6.805,404.034,410.839,36.81,-38.6,-39.464,-49.643,-50.672,2.463,-12.568,-28.893,-0.038,680,9683
18,1,18,2.549,70.302,72.851,1.849,27.527,25.677,6.782,401.605,408.387,37.249,-38.545,-38.885,-50.261,-51.307,2.56,-11.31,-47.475,2.216,27.543,25.327,6.912,403.705,410.616,36.873,-37.059,-37.452,-49.368,-50.8,3.045,-12.838,-28.581,-0.066,685,8481
19,1,19,2.636,72.833,75.469,1.864,27.527,25.664,6.873,403.476,410.349,37.095,-38.556,-39.26,-50.836,-51.771,2.46,-11.311,-47.612,2.3,27.544,25.243,7.149,405.436,412.585,36.723,-37.69,-38.321,-50.301,-51.288,2.766,-12.796,-28.649,0.003,678,11642
20,1,20,2.486,67.454,69.94,1.85,27.507,25.658,6.71,398.038,404.747,37.392,-38.493,-39.379,-50.309,-51.254,2.535,-11.32,-48.484,2.271,27.536,25.265,6.936,400.394,407.33,37.084,-38.072,-38.848,-49.55,-50.503,2.721,-12.57,-28.862,-0.071,702,11459
21,1,21,2.522,69.999,72.521,1.824,27.524,25.701,6.797,402.659,409.456,37.143,-38.748,-39.143,-50.16,-51.173,2.588,-11.311,-47.506,2.246,27.537,25.291,6.786,404.6,411.386,36.762,-37.31,-37.745,-49.195,-50.37,2.96,-12.811,-28.579,-0.06,685,4705
22,1,22,2.479,68.023,70.502,1.973,27.527,25.553,6.694,403.923,410.617,37.066,-38.681,-39.683,-50.608,-51.365,2.418,-11.317,-48.173,2.28,27.526,25.245,6.588,404.541,411.129,36.689,-38.82,-39.791,-50.266,-51.048,2.385,-12.644,-28.94,-0.018,693,10760
23,1,23,2.581,71.522,74.102,1.764,27.525,25.761,6.79,407.296,414.085,36.767,-38.679,-39.403,-50.963,-51.824,2.476,-11.32,-48.422,1.943,27.543,25.6,6.997,408.906,415.903,36.451,-38.548,-39.327,-50.531,-51.761,2.5,-12.586,-28.851,-0.013,701,10995
24,1,24,2.555,70.108,72.663,1.991,27.527,25.537,6.77,404.004,410.774,37.059,-38.734,-39.587,-50.471,-51.341,2.484,-11.312,-47.713,2.347,27.541,25.194,6.806,406.543,413.349,36.637,-38.404,-39.116,-49.83,-50.847,2.538,-12.805,-28.706,-0.062,686,10531
25,1,25,2.598,71.513,74.112,1.724,27.527,25.802,6.897,407.317,414.214,36.772,-38.685,-39.527,-50.706,-51.665,2.494,-11.315,-47.981,2.122,27.542,25.42,7.024,409.015,416.039,36.435,-38.48,-39.267,-50.35,-51.325,2.521,-12.7,-28.782,-0.041,680,10161
26,1,26,2.625,72.768,75.393,1.896,27.528,25.632,6.865,406.108,412.973,36.888,-38.508,-39.241,-51.066,-51.973,2.514,-11.315,-48.074,2.077,27.543,25.465,7.02,407.359,414.38,36.571,-38.406,-39.192,-50.692,-51.783,2.478,-12.689,-28.773,-0.087,679,15800
27,1,27,2.547,71.078,73.626,1.901,27.527,25.626,6.618,405.681,412.299,36.932,-38.528,-39.264,-50.696,-51.524,2.565,-11.327,-48.901,1.884,27.539,25.656,6.799,407.097,413.896,36.582,-38.787,-39.757,-50.407,-51.435,2.349,-12.508,-29.036,-0.121,674,12042
28,1,28,2.579,69.32,71.898,2.077,27.524,25.446,6.758,400.281,407.038,37.34,-38.892,-39.515,-50.46,-51.152,2.481,-11.311,-47.485,2.508,27.542,25.034,6.801,402.639,409.44,36.968,-37.892,-38.475,-49.669,-50.502,2.774,-12.875,-28.698,0.037,676,10056
29,1,29,2.522,69.325,71.847,2.108,27.487,25.379,6.784,401.289,408.073,36.938,-39.034,-39.949,-50.891,-51.507,2.358,-11.316,-48.267,2.316,27.544,25.228,6.725,405.32,412.045,36.773,-38.753,-39.602,-50.326,-51.15,2.482,-12.649,-28.84,-0.065,705,8923
30,1,30,2.577,71.424,74.001,1.844,27.522,25.678,6.919,402.932,409.851,37.084,-38.302,-39.195,-50.85,-51.689,2.487,-11.316,-48.098,2.315,27.542,25.227,6.936,404.193,411.128,36.828,-38.111,-38.942,-50.485,-51.372,2.575,-12.662,-28.803,-0.044,691,8531
31,1,31,2.576,71.05,73.625,1.898,27.529,25.632,6.979,406.551,413.53,36.851,-38.95,-39.515,-50.879,-51.732,2.492,-11.31,-47.406,2.096,27.545,25.45,6.871,409.194,416.065,36.458,-38.376,-38.97,-50.319,-51.463,2.579,-12.997,-28.635,-0.089,684,13558
32,1,32,2.612,73.417,76.03,1.779,27.529,25.75,6.813,407.162,413.975,36.809,-38.38,-39.21,-50.791,-51.702,2.496,-11.321,-48.472,1.994,27.543,25.548,6.991,409.244,416.234,36.424,-38.568,-39.516,-50.643,-51.585,2.447,-12.574,-28.872,0.056,678,8980
33,1,33,2.51,69.628,72.138,1.88,27.526,25.646,6.576,400.978,407.554,37.314,-38.758,-39.466,-50.425,-51.302,2.459,-11.311,-47.548,2.273,27.524,25.252,6.786,402.509,409.296,36.828,-38.098,-38.71,-49.722,-50.726,2.675,-12.835,-28.701,-0.144,675,11579
34,1,34,2.51,69.192,71.702,1.79,27.529,25.739,6.651,405.187,411.838,36.988,-38.737,-39.41,-50.662,-51.713,2.434,-11.316,-48.114,2.066,27.541,25.475,6.836,407.031,413.867,36.599,-38.446,-39.164,-50.215,-51.357,2.49,-12.656,-28.767,-0.03,678,9011
35,1,35,2.572,70.009,72.581,2.141,27.528,25.387,7.102,407.535,414.637,36.745,-38.956,-39.902,-50.979,-51.736,2.341,-11.312,-47.667,2.394,27.524,25.13,7.012,408.976,415.988,36.284,-38.884,-39.734,-50.641,-51.479,2.395,-12.826,-28.815,-0.03,699,9223
36,1,36,2.417,72.167,74.585,1.902,27.519,25.617,6.5,396.957,403.457,36.824,-37.985,-39.502,-51.939,-53.009,1.028,-11.041,-45.023,1.941,27.521,25.58,6.464,400.67,407.134,36.286,-38.807,-39.842,-51.063,-51.628,0.728,-16.334,-32.544,14.972,784,18777
37,1,37,2.403,71.356,73.759,1.758,27.534,25.776,6.653,407.503,414.155,36.092,-38.036,-39.65,-52.387,-53.378,1.069,-10.967,-45.151,1.575,27.537,25.961,6.702,412.497,419.199,35.48,-39.064,-40.399,-51.872,-52.433,0.564,-15.59,-32.742,14.074,775,11321
38,1,38,2.446,71.793,74.24,1.838,27.53,25.693,6.698,408.793,415.491,35.961,-37.82,-39.405,-52.241,-53.268,1.142,-10.94,-45.422,1.573,27.532,25.959,6.7,413.421,420.12,35.369,-38.95,-40.402,-52.027,-52.666,0.575,-14.458,-32.852,14.755,777,12124
39,1,39,2.449,72.976,75.425,1.818,27.514,25.696,6.593,400.239,406.832,36.512,-37.662,-39.278,-52.09,-53.148,1.085,-11.043,-45.072,1.98,27.543,25.563,6.581,406.093,412.673,36.03,-38.704,-39.801,-51.171,-51.845,0.757,-16.377,-32.494,14.543,770,18932
40,1,40,2.391,70.967,73.358,1.714,27.533,25.819,6.473,400.167,406.64,36.687,-37.801,-39.35,-52.023,-53.091,1.097,-11.008,-44.976,1.752,27.521,25.769,6.497,404.078,410.575,36.015,-38.82,-39.946,-51.207,-51.915,0.689,-16.12,-32.616,14.768,782,22239
41,1,41,2.342,70.488,72.83,1.906,27.534,25.627,6.597,403.067,409.665,36.449,-37.811,-39.404,-52.151,-53.2,1.076,-10.98,-45.172,1.831,27.539,25.708,6.708,407.889,414.597,35.851,-38.792,-40.033,-51.468,-52.098,0.671,-15.66,-32.657,14.846,771,13563
42,1,42,2.409,69.433,71.842,1.878,27.514,25.636,6.509,397.72,404.229,36.715,-37.903,-39.464,-51.974,-53.073,1.04,-11.031,-45.09,1.951,27.537,25.586,6.526,403.168,409.694,36.213,-38.726,-39.751,-51.035,-51.662,0.728,-16.288,-32.501,15.327,773,12171
43,1,43,2.465,77.677,80.142,1.597,27.543,25.947,6.453,403.417,409.87,36.513,-38.753,-40.461,-52.848,-54.056,1.017,-11.083,-44.736,1.713,27.527,25.813,6.516,406.21,412.725,35.896,-39.265,-40.013,-52.102,-52.719,0.816,-16.76,-32.467,14.56,777,11141
44,1,44,2.446,74.14,76.586,1.94,27.54,25.599,6.535,400.884,407.419,36.678,-37.53,-39.063,-51.938,-53.076,1.14,-11.021,-44.99,1.93,27.523,25.592,6.636,404.829,411.465,35.959,-38.568,-39.804,-51.252,-51.947,0.709,-16.21,-32.597,14.211,777,21273
45,1,45,2.365,70.168,72.533,1.877,27.536,25.659,6.542,403.726,410.267,36.418,-38.051,-39.574,-52.099,-53.128,0.994,-11.022,-45.086,1.881,27.538,25.657,6.596,408.088,414.684,35.835,-38.95,-39.978,-51.181,-51.774,0.695,-16.127,-32.578,14.085,773,13228
46,1,46,2.458,72.175,74.633,1.641,27.535,25.894,6.577,399.933,406.511,36.713,-37.854,-39.433,-52.048,-53.086,1.111,-11.002,-44.87,1.643,27.541,25.898,6.56,404.126,410.686,36.165,-38.88,-39.966,-51.303,-51.923,0.746,-15.877,-32.535,14.944,773,16085
47,1,47,2.399,71.431,73.829,2.366,27.52,25.154,6.444,402.319,408.763,36.404,-37.751,-39.403,-52.251,-53.297,1.072,-11.014,-45.075,2.262,27.505,25.243,6.486,405.163,411.649,35.796,-38.625,-40.074,-51.552,-52.285,0.624,-16.126,-33.023,15.818,781,10489
48,1,48,2.288,66.092,68.381,2.207,27.514,25.306,6.573,406.893,413.466,35.981,-37.321,-38.902,-51.806,-52.869,1.16,-10.94,-45.417,1.983,27.538,25.556,6.674,412.371,419.045,35.505,-38.247,-39.731,-51.564,-52.143,0.597,-14.546,-32.781,15.235,776,14548
49,1,49,2.354,69.648,72.002,2.025,27.54,25.516,6.495,399.432,405.927,36.805,-37.576,-39.196,-51.851,-52.924,1.098,-10.977,-45.079,2.122,27.547,25.425,6.511,402.824,409.335,36.327,-38.542,-39.693,-51.015,-51.703,0.744,-15.457,-32.475,14.942,773,12568
50,1,50,2.422,72.34,74.762,1.912,27.534,25.621,6.722,411.904,418.627,35.748,-37.481,-39.001,-52.253,-53.292,1.278,-10.937,-45.509,1.609,27.525,25.917,6.823,417.405,424.228,35.014,-38.77,-40.289,-52.306,-52.842,0.599,-14.228,-32.895,15.18,776,10984
51,1,51,2.503,68.19,70.693,2.018,27.493,25.474,6.353,380.86,387.213,42.644,-37.585,-38.849,-51.561,-52.88,2.725,-11.365,-52.598,2.962,27.49,24.528,6.364,384.762,391.125,42.191,-37.319,-37.991,-50.749,-51.949,3.045,-14.42,-36.381,0.368,377.288,50971.33333
52,1,52,2.617,74.642,77.26,1.581,27.519,25.938,6.526,388.782,395.309,42.021,-37.794,-39.158,-52.472,-53.838,2.743,-11.325,-52.762,2.504,27.473,24.97,6.508,390.476,396.984,41.406,-38.532,-39.366,-52.202,-53.391,2.921,-13.435,-36.392,0.408,371.8833333,11456.33333
53,1,53,2.377,69.005,71.382,2.283,27.487,25.205,6.255,385.081,391.337,42.141,-36.895,-38.184,-51.489,-52.76,2.705,-11.332,-52.678,2.998,27.486,24.488,6.384,389.135,395.519,41.684,-36.975,-38.121,-51.168,-52.339,2.875,-13.908,-36.639,0.368,376.188,10089.33333
54,1,54,2.357,67.1,69.457,2.257,27.488,25.231,6.432,384.083,390.515,42.234,-37.397,-38.649,-51.661,-52.95,2.698,-11.379,-52.627,3.171,27.497,24.326,6.397,388.642,395.039,41.839,-37.35,-38.179,-50.812,-52.002,2.993,-14.828,-36.493,0.361,390.9616667,9454
55,1,55,2.52,72.115,74.635,1.957,27.501,25.544,6.705,388.748,395.453,41.831,-37.066,-38.366,-51.855,-53.157,2.762,-11.326,-52.688,2.725,27.466,24.741,6.755,391.907,398.662,41.168,-37.807,-38.893,-51.895,-53.015,2.835,-13.663,-36.396,0.364,391.8133333,9696
56,1,56,2.471,66.208,68.679,2.117,27.479,25.362,6.474,387.282,393.756,41.806,-37.015,-38.281,-51.756,-53.032,2.714,-11.35,-52.572,2.924,27.475,24.552,6.579,392.106,398.685,41.25,-37.021,-38.114,-51.323,-52.518,2.856,-14.815,-36.634,0.369,397.199,19101.66667
57,1,57,2.522,73.292,75.815,1.924,27.498,25.574,6.371,387.218,393.588,42.004,-37.618,-38.94,-51.851,-53.199,2.678,-11.374,-52.775,2.804,27.49,24.686,6.513,391.959,398.472,41.414,-37.794,-38.673,-51.325,-52.479,2.936,-14.756,-36.575,0.362,367.5356667,21147.66667
58,1,58,2.505,71.728,74.234,1.955,27.503,25.549,6.349,384.603,390.952,42.338,-37.503,-38.81,-51.944,-53.257,2.67,-11.324,-52.706,2.813,27.515,24.701,6.401,389.275,395.676,41.942,-37.574,-38.546,-51.371,-52.525,2.942,-13.438,-36.398,0.352,384.0243333,11619.33333
59,1,59,2.476,70.848,73.324,1.716,27.522,25.806,6.46,390.242,396.702,41.909,-37.16,-38.516,-51.927,-53.245,2.756,-11.321,-52.717,2.441,27.471,25.029,6.519,392.009,398.527,41.22,-37.927,-39.039,-51.993,-53.18,2.828,-13.307,-36.465,0.366,375.396,10044.33333
60,1,60,2.515,70.186,72.701,1.689,27.52,25.83,6.493,386.179,392.673,42.312,-37.83,-39.128,-52.026,-53.252,2.726,-11.338,-52.627,2.4,27.461,25.061,6.467,387.191,393.658,41.637,-38.304,-39.073,-51.803,-52.922,2.904,-14.117,-36.406,0.364,360.7183333,10474
61,1,61,2.533,69.212,71.745,1.395,27.5,26.105,6.27,382.365,388.635,42.561,-38.303,-39.455,-51.948,-53.186,2.685,-11.371,-52.697,2.427,27.475,25.047,6.473,385.967,392.44,41.899,-37.615,-37.788,-51.058,-52.235,3.14,-14.351,-36.156,0.396,368.804,26253
62,1,62,2.568,66.483,69.051,2.455,27.486,25.031,6.432,388.743,395.174,41.721,-37.505,-38.598,-51.411,-52.684,2.593,-11.539,-52.653,3.371,27.504,24.134,6.522,395.909,402.431,41.141,-37.302,-37.906,-50.444,-51.598,2.937,-17.069,-36.437,0.362,404.588,17078
63,1,63,2.528,71.629,74.157,1.841,27.495,25.654,6.558,386.833,393.392,41.992,-37.243,-38.615,-52.258,-53.505,2.766,-11.324,-52.653,2.536,27.466,24.93,6.497,389.623,396.12,41.427,-38.087,-39.224,-52.388,-53.547,2.807,-13.684,-36.504,0.366,362.227,15011
64,1,64,2.656,72.079,74.736,1.619,27.516,25.897,6.459,387.782,394.241,42.108,-37.603,-38.856,-51.961,-53.352,2.772,-11.353,-52.771,2.523,27.481,24.958,6.378,390.767,397.145,41.462,-38.075,-38.698,-51.671,-52.91,3.037,-14.222,-36.312,0.369,404.987,14776
65,1,65,2.579,74.885,77.464,1.605,27.521,25.916,6.762,391.049,397.81,41.778,-37.819,-39.035,-52.05,-53.375,2.658,-11.368,-52.741,2.381,27.461,25.08,6.884,393.257,400.141,40.967,-38.493,-39.289,-51.983,-53.124,2.81,-14.801,-36.557,0.368,361.886,15787
66,1,66,2.622,75.945,78.567,1.706,27.525,25.819,6.724,394.984,401.708,41.41,-37.241,-38.533,-52.524,-53.928,2.769,-11.332,-52.692,2.545,27.473,24.928,6.699,397.648,404.348,40.647,-38.406,-39.534,-52.608,-53.834,2.817,-14.016,-36.422,0.374,377.654,13367
67,1,67,2.51,69.836,72.346,2.037,27.498,25.461,6.478,392.131,398.609,41.474,-37.403,-38.742,-52.314,-53.592,2.705,-11.367,-52.705,2.854,27.495,24.641,6.579,397.848,404.427,40.852,-37.708,-38.842,-51.855,-53.029,2.815,-14.904,-36.617,0.368,407.335,14160
68,1,68,2.562,68.828,71.389,1.911,27.485,25.574,6.549,389.592,396.141,41.609,-37.222,-38.548,-51.885,-53.262,2.675,-11.331,-52.604,2.664,27.46,24.796,6.677,393.636,400.313,40.937,-37.766,-38.847,-51.906,-53.088,2.779,-14.168,-36.392,0.372,374.927,17641
69,1,69,2.509,71.1,73.609,1.915,27.501,25.586,6.474,389.173,395.647,41.81,-37.791,-39.041,-52.183,-53.527,2.689,-11.45,-52.677,2.902,27.497,24.596,6.458,394.468,400.926,41.229,-37.824,-38.676,-51.37,-52.597,2.896,-15.812,-36.489,0.385,362.637,20835
70,1,70,2.579,74.179,76.758,1.786,27.51,25.725,6.537,390.886,397.423,41.715,-37.49,-38.765,-51.955,-53.229,2.652,-11.332,-52.741,2.716,27.467,24.75,6.337,393.651,399.987,41.034,-38.184,-39.023,-51.713,-52.909,2.839,-13.874,-36.372,0.376,401.453,13927
71,1,71,2.62,71.429,74.049,2.007,27.499,25.493,6.484,387.083,393.567,42.016,-37.41,-38.648,-52.017,-53.232,2.748,-11.344,-52.569,2.858,27.526,24.668,6.606,392.567,399.173,41.679,-37.462,-38.407,-51.287,-52.487,2.982,-14.245,-36.368,0.372,379.748,33472
72,1,72,2.664,68.578,71.242,1.998,27.494,25.496,6.481,386.733,393.214,42.008,-37.102,-38.229,-51.575,-52.777,2.648,-11.326,-52.722,2.846,27.497,24.651,6.854,391.319,398.174,41.513,-37.111,-38.074,-50.998,-52.143,2.871,-13.75,-36.543,0.371,358.523,16432
73,1,73,2.529,67.208,69.737,2.062,27.492,25.429,6.361,386.225,392.586,42.051,-37.714,-38.935,-51.785,-53.173,2.687,-11.518,-52.612,2.935,27.514,24.579,6.494,393.866,400.359,41.441,-37.47,-38.237,-50.863,-52.144,3.008,-16.853,-36.41,0.365,366.225,13289
74,1,74,2.667,71.076,73.742,1.974,27.486,25.512,6.317,385.931,392.249,42.034,-37.773,-39.024,-51.975,-53.269,2.68,-11.434,-52.683,2.899,27.498,24.599,6.691,391.263,397.953,41.541,-37.642,-38.38,-51.062,-52.304,2.977,-15.387,-36.384,0.366,409.015,14867
75,1,75,2.577,72.339,74.915,1.439,27.481,26.042,6.691,390.163,396.854,41.494,-37.938,-39.23,-52.387,-53.655,2.628,-11.348,-52.862,2.424,27.492,25.068,6.726,395.727,402.453,41.017,-38.338,-39.026,-51.767,-52.915,2.949,-14.325,-36.263,0.358,362.55,19422
76,1,76,2.462,68.149,70.611,2.088,27.5,25.412,6.314,392.015,398.329,41.52,-36.593,-37.814,-51.622,-52.892,2.859,-11.323,-52.63,2.801,27.535,24.734,6.61,399.113,405.723,41.094,-36.637,-37.902,-51.607,-52.729,2.874,-13.75,-36.393,0.369,410.006,13848
77,1,77,2.794,72.322,75.115,1.747,27.491,25.744,6.538,390.118,396.656,41.611,-38.154,-39.436,-52.481,-53.665,2.671,-11.404,-52.703,2.646,27.454,24.808,6.423,394.082,400.505,40.861,-38.59,-39.169,-51.917,-53.062,2.86,-15.182,-36.357,0.372,378.894,18103
78,1,78,2.62,69.881,72.501,1.939,27.505,25.566,6.336,384.655,390.991,42.353,-38.058,-39.22,-51.742,-53.037,2.666,-11.366,-52.742,2.906,27.501,24.595,6.437,389.26,395.697,41.809,-37.552,-38.03,-50.698,-51.918,3.004,-14.61,-36.322,0.37,411.173,14417
79,1,79,2.549,68.519,71.068,2.015,27.497,25.482,6.385,386.253,392.638,42.092,-37.076,-38.39,-51.773,-53.015,2.739,-11.338,-52.666,2.845,27.493,24.648,6.523,390.085,396.608,41.638,-37.242,-38.403,-51.352,-52.581,2.859,-14.252,-36.532,0.371,359.679,16795
80,1,80,2.553,69.361,71.913,2.076,27.502,25.426,6.357,392.58,398.937,41.481,-37.229,-38.512,-51.697,-52.996,2.717,-11.337,-52.61,2.789,27.478,24.689,6.556,396.951,403.507,40.783,-37.246,-38.347,-51.464,-52.599,2.778,-14.407,-36.602,0.364,366.43,13993
81,1,81,2.582,74.301,76.883,1.708,27.511,25.803,6.617,393.624,400.241,41.432,-37.128,-38.523,-52.182,-53.488,2.755,-11.319,-52.745,2.396,27.464,25.068,6.549,395.595,402.144,40.787,-37.927,-39.207,-52.591,-53.75,2.821,-13.161,-36.598,0.371,368.758,14219
82,1,82,2.425,70.044,72.469,2.014,27.503,25.489,6.192,389.109,395.302,41.867,-37.386,-38.667,-51.906,-53.2,2.703,-11.365,-52.699,2.834,27.531,24.696,6.422,396.537,402.96,41.335,-37.334,-38.397,-51.324,-52.461,2.838,-14.848,-36.366,0.366,374.509,14041
83,1,83,2.549,73.547,76.096,1.783,27.496,25.713,6.673,390.733,397.407,41.581,-37.564,-38.799,-51.97,-53.391,2.708,-11.321,-52.721,2.778,27.464,24.686,6.64,393.603,400.242,40.983,-38.322,-39.165,-51.882,-52.968,2.838,-13.142,-36.381,0.371,379,13051
101,1,101,2.632,71.024,73.268,1.331,27.499,27.691,6.889,393.923,407.364,40.587,-39.344,-39.863,-51.816,-51.922,1.864,-7.192,-43.732,1.223,27.453,26.446,6.658,382.029,403.147,40.581,-39.122,-39.636,-51.601,-51.697,1.803,-11.387,-42.625,0.607,421,292287
102,1,102,2.591,70.627,72.83,1.377,27.521,27.668,6.879,396.511,409.941,40.542,-39.034,-39.367,-51.492,-51.675,1.846,-7.273,-43.858,1.368,27.457,26.305,6.726,385.875,407.06,40.227,-38.752,-39.089,-51.165,-51.324,1.806,-11.492,-42.555,0.606,390,11284
103,1,103,2.481,68.691,70.783,1.424,27.508,27.607,6.562,393.98,407.094,40.699,-38.87,-39.186,-51.247,-51.481,1.853,-6.941,-43.639,1.349,27.454,26.322,6.386,384.084,404.93,40.415,-38.415,-38.754,-51.346,-51.457,1.787,-11.027,-42.624,0.601,431,15245
104,1,104,2.61,72.824,75.045,1.392,27.513,27.646,6.824,395.651,409.026,40.563,-39.665,-40.049,-51.648,-51.92,1.813,-7.625,-44.144,1.461,27.458,26.213,6.641,384.164,405.265,40.416,-39.927,-40.19,-51.062,-51.096,1.784,-11.795,-42.551,0.619,423,22651
105,1,105,2.567,71.331,73.509,1.46,27.517,27.582,6.835,391.521,404.906,41.009,-39.135,-39.778,-51.679,-51.916,1.845,-7.283,-43.953,1.567,27.46,26.11,6.618,380.591,401.668,40.802,-39.162,-39.755,-51.474,-51.543,1.818,-11.4,-42.438,0.605,417,10034
106,1,106,2.584,70.749,72.944,1.378,27.501,27.647,6.946,395.03,408.528,40.5,-38.779,-39.232,-51.574,-51.724,1.861,-7.121,-43.847,1.225,27.455,26.446,6.726,385.562,406.747,40.24,-38.342,-38.809,-51.199,-51.273,1.804,-11.275,-42.545,0.606,419,10548
107,1,107,2.662,75.128,77.402,1.349,27.484,27.659,6.916,395.534,409.001,40.288,-39.239,-39.8,-51.614,-51.832,1.835,-7.494,-44.21,1.413,27.455,26.259,6.737,385.288,406.484,40.267,-39.454,-39.95,-51.076,-51.148,1.798,-11.624,-42.648,0.612,407,9323
108,1,108,2.426,75.035,77.46,1.334,27.457,26.122,6.595,391.574,404.721,40.461,-40.229,-40.753,-52.503,-52.496,1.769,-6.736,-39.017,1.233,27.456,26.223,6.248,371.549,392.257,41.74,-39.039,-39.85,-51.492,-51.461,1.799,-9.538,-42.258,0.597,400,18527
109,1,109,2.507,70.285,72.403,1.211,27.467,27.781,6.61,393.749,406.911,40.34,-39.242,-39.727,-51.447,-51.677,1.835,-6.874,-43.51,1.118,27.455,26.553,6.44,383.861,404.761,40.436,-39.103,-39.592,-51.204,-51.352,1.825,-10.941,-42.563,0.606,446,9740
110,1,110,2.4,72.648,75.047,1.418,27.461,26.043,6.582,391.034,404.168,40.559,-39.874,-40.357,-52.229,-52.23,1.823,-6.662,-39.074,1.243,27.459,26.217,6.303,371.139,391.902,41.808,-38.513,-39.307,-51.408,-51.36,1.829,-9.514,-45.01,0.6,417,14653
111,1,111,2.479,74.275,76.753,1.094,27.458,26.365,6.589,389.196,402.336,40.715,-40.087,-40.476,-52.936,-52.948,1.825,-7.292,-41.21,1.25,27.456,26.206,6.267,369.156,389.883,41.995,-39.235,-39.946,-51.604,-51.7,1.817,-10.252,-39.956,0.598,385,15206
112,1,112,2.407,72.308,74.716,1.454,27.459,26.005,6.496,387.35,400.398,40.918,-40.257,-40.562,-52.492,-52.455,1.775,-7.252,-40.987,1.425,27.457,26.032,6.187,366.959,387.605,42.254,-39.268,-39.841,-51.206,-51.215,1.787,-10.154,-41.026,0.595,388,12103
113,1,113,2.289,69.409,71.698,1.401,27.457,26.056,6.34,389.67,402.561,40.679,-40.324,-40.343,-52.476,-52.43,1.743,-7.271,-42.09,1.314,27.458,26.144,6.044,369.361,389.865,42.017,-39.27,-39.597,-51.334,-51.334,1.784,-10.259,-41.181,0.597,410,14396
114,1,114,2.348,69.95,72.299,1.435,27.454,26.019,6.589,389.752,402.893,40.617,-40.377,-40.589,-52.754,-52.693,1.78,-7.496,-44.921,1.469,27.461,25.991,6.244,369.865,390.568,41.965,-39.471,-39.917,-51.125,-51.132,1.794,-10.509,-38.258,0.595,399,12924
115,1,115,2.33,69.883,72.213,1.407,27.457,26.051,6.521,388.971,402.043,40.737,-40.057,-40.508,-52.665,-52.598,1.789,-7.236,-40.735,1.278,27.457,26.179,6.169,369.236,389.864,42.001,-38.769,-39.493,-51.652,-51.626,1.811,-10.278,-39.912,0.593,393,11194
116,1,116,2.296,69.15,71.446,1.275,27.454,26.18,6.39,389.357,402.298,40.686,-39.626,-39.86,-52.528,-52.445,1.815,-7.093,-41.664,1.21,27.461,26.251,6.091,368.89,389.441,42.092,-38.262,-38.772,-51.377,-51.436,1.814,-10.177,-39.112,0.592,367,12842
117,1,117,2.362,70.051,72.413,1.413,27.455,26.041,6.534,390.719,403.805,40.533,-39.696,-40.129,-52.664,-52.634,1.81,-6.901,-40.289,1.37,27.454,26.084,6.208,371.361,392.029,41.748,-38.306,-38.997,-51.88,-51.851,1.856,-9.861,-41.995,0.598,392,12072
118,1,118,2.308,70.826,73.134,1.533,27.461,25.928,6.426,395.74,408.717,40.102,-39.381,-39.604,-52.261,-52.256,1.836,-6.778,-39.316,1.429,27.466,26.037,6.148,376.612,397.219,41.316,-37.838,-38.335,-51.411,-51.425,1.841,-9.75,-42.42,0.604,414,12997
119,1,119,2.286,68.481,70.768,1.659,27.459,25.799,6.601,394.596,407.749,40.181,-39.269,-39.511,-52.164,-52.17,1.795,-7.161,-42.611,1.866,27.456,25.59,6.283,375.519,396.261,41.32,-38.049,-38.547,-51.534,-51.631,1.849,-10.281,-39.502,0.6,395,12453
120,1,120,2.352,70.47,72.823,1.278,27.462,26.184,6.452,392.676,405.679,40.413,-39.863,-39.92,-52.07,-52.02,1.776,-6.723,-35.875,1.358,27.462,26.104,6.154,372.649,393.263,41.694,-38.918,-39.35,-51.253,-51.337,1.799,-9.63,-48.614,0.59,388,13886
121,1,121,2.338,70.578,72.916,1.097,27.455,26.359,6.457,393.846,406.855,40.236,-39.833,-39.958,-51.829,-51.794,1.818,-6.208,-34.981,1.206,27.457,26.251,6.173,373.909,394.541,41.506,-38.66,-39.169,-51.389,-51.515,1.793,-9.052,-48.488,0.589,376,13676
122,1,122,2.366,71.319,73.685,1.147,27.459,26.312,6.456,389.063,402.071,40.749,-39.722,-39.766,-51.932,-51.878,1.776,-6.936,-37.695,1.435,27.452,26.018,6.124,369.839,390.423,41.899,-38.779,-39.15,-51.285,-51.348,1.792,-9.957,-49.152,0.598,377,13512
123,1,123,2.328,71.592,73.919,1.274,27.462,26.188,6.374,393.456,406.382,40.347,-39.749,-39.663,-51.869,-51.846,1.778,-6.936,-36.974,1.318,27.456,26.138,6.007,373.489,393.955,41.557,-38.737,-38.998,-51.278,-51.33,1.811,-9.987,-52.937,0.587,394,13185
124,1,124,2.402,72.202,74.604,1.561,27.458,25.897,6.624,391.784,404.96,40.45,-39.451,-39.886,-52.51,-52.458,1.828,-7.134,-40.706,1.467,27.459,25.992,6.292,372.992,393.744,41.606,-37.89,-38.561,-51.838,-51.706,1.865,-10.236,-40.228,0.599,398,13044
125,1,125,2.338,69.902,72.241,1.488,27.455,25.967,6.533,392.3,405.385,40.382,-39.63,-39.896,-52.412,-52.391,1.805,-6.897,-40.453,1.39,27.456,26.066,6.156,373.124,393.74,41.585,-38.144,-38.681,-51.6,-51.625,1.82,-9.861,-42.981,0.596,376,12685
126,1,126,2.278,68.683,70.962,1.578,27.46,25.882,6.369,390.207,403.127,40.651,-39.2,-39.303,-51.942,-51.854,1.844,-6.612,-38.588,1.541,27.455,25.914,6.135,371.041,391.636,41.796,-37.538,-37.909,-51.135,-51.12,1.842,-9.481,-44.136,0.596,385,11794
127,1,127,2.257,69.518,71.775,1.039,27.455,26.417,6.342,394.082,406.976,40.224,-39.377,-39.233,-51.633,-51.604,1.812,-6.399,-36.14,1.172,27.464,26.291,6.013,375.05,395.522,41.466,-38.305,-38.577,-50.998,-51.064,1.804,-9.227,-51.182,0.586,382,12725
128,1,128,2.438,67.947,69.996,1.541,27.497,27.481,6.641,395.457,408.65,40.442,-38.848,-39.127,-50.959,-51.134,1.844,-6.642,-43.562,1.56,27.461,26.118,6.493,386.736,407.688,40.205,-38.218,-38.52,-51.219,-51.329,1.779,-10.736,-42.473,0.607,423,9506
129,1,129,2.462,69.276,71.349,1.351,27.48,27.653,6.591,394.785,407.928,40.355,-38.895,-39.214,-51.359,-51.541,1.828,-6.831,-43.543,1.342,27.457,26.331,6.386,386.177,407.022,40.236,-38.421,-38.711,-51.552,-51.624,1.776,-11.026,-42.639,0.607,428,9197
130,1,130,2.313,70.16,72.473,1.435,27.462,26.028,6.404,390.814,403.769,40.609,-39.855,-39.91,-52.301,-52.242,1.762,-7.293,-42.199,1.23,27.46,26.23,6.066,370.294,390.819,41.93,-38.656,-39.025,-51.24,-51.216,1.794,-10.382,-40.126,0.594,391,10704
131,1,131,2.426,72.341,74.767,1.355,27.459,26.103,6.682,392.292,405.526,40.399,-40.088,-40.321,-52.493,-52.383,1.771,-7.063,-41.301,1.355,27.463,26.108,6.333,372.627,393.42,41.679,-39.179,-39.684,-51.147,-51.128,1.799,-9.947,-40.688,0.597,386,13408
132,1,132,2.368,69.77,72.138,1.429,27.465,26.036,6.688,392.095,405.335,40.47,-39.882,-40.18,-52.41,-52.412,1.797,-7.218,-43.038,1.429,27.46,26.032,6.297,372.153,392.909,41.713,-38.709,-39.273,-51.194,-51.163,1.791,-10.217,-39.206,0.599,405,17701
133,1,133,2.4,71.918,74.318,1.315,27.457,26.142,6.6,392.899,406.051,40.332,-40.15,-40.774,-52.882,-52.834,1.822,-6.762,-40.466,1.14,27.46,26.319,6.335,374.158,394.953,41.492,-38.794,-39.708,-52.096,-52.096,1.808,-9.7,-42.51,0.599,406,12087
134,1,134,2.666,75.062,77.34,1.29,27.454,27.689,6.843,394.089,407.483,40.16,-39.327,-39.839,-51.821,-52.064,1.828,-7.473,-44.194,1.419,27.457,26.256,6.713,385.45,406.623,40.276,-39.592,-40.008,-51.282,-51.31,1.785,-11.611,-42.625,0.605,411,10855
135,1,135,2.577,69.672,71.86,1.453,27.508,27.58,6.886,396.924,410.361,40.382,-39.013,-39.57,-51.847,-51.917,1.848,-7.27,-43.684,1.401,27.454,26.27,6.717,387.132,408.309,40.085,-38.628,-39.177,-51.774,-51.839,1.822,-11.495,-42.537,0.607,423,9530
136,1,136,2.579,71.273,73.464,1.407,27.513,27.63,6.728,392.308,405.588,40.905,-39.141,-39.547,-51.67,-51.84,1.845,-7.625,-44.099,1.539,27.452,26.129,6.517,380.194,401.171,40.77,-39.306,-39.644,-51.192,-51.22,1.798,-11.821,-42.629,0.603,383,9916
137,1,137,2.496,69.576,71.683,1.403,27.509,27.63,6.615,393.706,406.873,40.732,-39.162,-39.49,-51.289,-51.542,1.826,-7.254,-43.847,1.448,27.459,26.228,6.456,383.363,404.279,40.525,-39.118,-39.426,-50.902,-51.022,1.811,-11.298,-42.553,0.606,422,8620
138,1,138,2.544,69.918,72.074,1.508,27.515,27.532,6.728,392.233,405.513,40.931,-39.028,-39.435,-51.636,-51.878,1.836,-7.624,-44.12,1.702,27.452,25.967,6.56,380.946,401.966,40.695,-39.169,-39.504,-51.399,-51.348,1.771,-11.822,-42.511,0.604,429,8877
139,1,139,2.562,70.862,73.036,1.352,27.511,27.684,6.875,396.299,409.726,40.474,-39.341,-39.84,-51.855,-51.92,1.824,-7.489,-43.868,1.337,27.454,26.333,6.639,385.036,406.135,40.297,-39.254,-39.737,-51.606,-51.675,1.792,-11.781,-42.612,0.607,443,8541
140,1,140,2.605,72.394,74.61,1.262,27.461,27.723,6.832,391.773,405.157,40.453,-39.529,-40.158,-51.891,-51.946,1.816,-7.078,-43.64,1.196,27.46,26.481,6.679,383.326,404.465,40.514,-39.442,-40.039,-51.405,-51.532,1.808,-11.2,-42.596,0.606,419,9995
201,1,201,2.683,70.344,73.028,1.013,27.512,26.498,6.725,400.295,407.019,40.747,-38.292,-39.589,-52.06,-53.308,2.615,-11.45,-52.252,1.592,27.476,25.883,6.913,403.808,410.721,40.044,-39.001,-40.157,-52.164,-53.294,2.613,-15.789,-36.203,0.366,410,13352
202,1,202,2.909,72.097,75.005,0.838,27.522,26.683,6.939,400.111,407.05,40.838,-38.597,-39.864,-52.534,-53.788,2.666,-11.554,-52.32,1.765,27.472,25.707,7.028,404.166,411.193,39.961,-38.911,-39.738,-52.28,-53.434,2.744,-16.74,-36.091,0.361,412,11294
203,1,203,2.856,69.91,72.766,1.411,27.486,26.075,6.788,401.734,408.522,40.357,-37.963,-39.361,-52.289,-53.547,2.598,-11.443,-52.261,1.977,27.476,25.499,6.815,406.638,413.453,39.787,-38.886,-40.227,-52.283,-53.419,2.545,-15.706,-36.228,0.346,377,11726
204,1,204,2.912,70.566,73.479,1.037,27.499,26.462,7.122,402.267,409.389,40.393,-39.238,-40.603,-52.989,-54.182,2.613,-11.514,-52.283,1.513,27.47,25.958,6.93,407.218,414.147,39.665,-39.841,-40.908,-53.088,-54.142,2.563,-16.59,-36.307,0.382,380,12155
205,1,205,2.911,68.479,71.39,1.258,27.482,26.225,6.628,397.307,403.935,40.777,-38.077,-39.46,-52.34,-53.57,2.633,-11.503,-52.245,2.068,27.47,25.402,6.917,402.204,409.121,40.15,-38.968,-40.16,-52.329,-53.444,2.624,-16.528,-36.165,0.356,396,11381
206,1,206,2.703,69.862,72.565,1.039,27.489,26.45,6.532,400.026,406.558,40.581,-38.31,-39.694,-52.455,-53.658,2.632,-11.397,-52.288,1.676,27.48,25.804,6.727,404.644,411.371,40.022,-39.147,-40.388,-52.413,-53.549,2.565,-15.095,-36.238,0.362,367,11225
207,1,207,2.865,70.559,73.424,1.201,27.499,26.297,6.695,399.555,406.25,40.698,-38.068,-39.589,-52.489,-53.779,2.636,-11.495,-52.257,1.815,27.474,25.659,7.015,404.815,411.83,39.918,-39.162,-40.607,-52.775,-53.888,2.544,-16.339,-36.305,0.362,383,11122
208,1,208,2.845,68.704,71.55,1.236,27.494,26.258,6.834,398.372,405.206,40.764,-37.767,-39.219,-52.361,-53.599,2.675,-11.553,-52.195,2.066,27.475,25.409,6.739,402.983,409.722,40.132,-38.798,-39.984,-52.078,-53.286,2.661,-16.764,-36.137,0.384,371,11934
209,1,209,2.781,68.683,71.465,1.351,27.501,26.15,6.918,406.486,413.404,40.016,-37.918,-39.28,-52.189,-53.435,2.61,-11.32,-52.195,1.748,27.48,25.732,6.916,410.232,417.148,39.467,-38.774,-40.274,-52.709,-53.739,2.449,-13.96,-36.308,0.382,371,9736
210,1,210,2.758,67.102,69.86,1.464,27.487,26.023,6.708,403.26,409.968,40.224,-37.128,-38.593,-52.344,-53.558,2.677,-11.56,-52.231,2.301,27.456,25.155,6.917,408.981,415.898,39.368,-38.422,-39.929,-52.397,-53.595,2.55,-17.43,-36.275,0.355,372,10174
211,1,211,2.278,70.438,72.716,1.804,27.463,26.536,6.275,382.238,388.513,41.370,-38.451,-37.632,-52.002,-51.839,2.348,-10.321,-35.353,1.760,27.462,25.787,6.124,373.875,379.999,42.561,-34.061,-33.473,-51.016,-50.844,3.353,-14.501,-33.699,0.733,356.285,27571.333
212,1,212,2.401,72.881,75.283,1.823,27.460,26.514,6.779,406.014,412.794,38.950,-39.292,-39.255,-53.555,-53.651,2.074,-10.791,-34.568,1.884,27.453,25.655,6.722,404.661,411.383,39.279,-41.105,-40.979,-55.583,-55.676,2.339,-15.882,-32.493,0.739,380.123,21762.667
213,1,213,2.246,67.959,70.204,1.926,27.461,26.412,6.492,396.709,403.202,39.875,-39.269,-39.437,-53.676,-53.562,2.098,-10.143,-34.699,1.955,27.463,25.594,6.408,393.356,399.764,40.498,-40.472,-40.561,-55.317,-55.350,2.376,-14.922,-32.729,0.737,372.994,16445.000
214,1,214,2.248,67.743,69.991,1.582,27.459,26.753,6.614,403.007,409.620,39.235,-39.364,-39.773,-53.673,-53.605,2.102,-9.635,-35.920,1.689,27.465,25.862,6.437,396.127,402.565,40.232,-40.829,-41.089,-55.813,-56.051,2.344,-14.149,-33.801,0.736,374.344,108581.000
215,1,215,2.391,73.857,76.249,1.588,27.460,26.749,6.543,396.210,402.753,39.904,-40.142,-40.385,-53.801,-53.771,2.058,-10.323,-35.763,1.762,27.465,25.788,6.416,390.591,397.007,40.790,-40.999,-40.795,-55.113,-55.184,2.405,-14.891,-34.157,0.734,362.529,17019.667
216,1,216,2.301,69.825,72.126,1.844,27.462,26.495,6.295,385.008,391.303,41.068,-37.492,-36.539,-51.292,-51.217,2.484,-10.166,-36.016,1.877,27.456,25.665,6.113,373.265,379.378,42.579,-33.252,-32.710,-50.958,-50.843,3.518,-14.195,-34.811,0.728,353.685,28916.333
217,1,217,2.406,73.431,75.837,1.741,27.470,26.605,6.746,408.348,415.093,38.828,-39.183,-39.477,-53.302,-53.283,2.064,-9.552,-35.709,1.933,27.461,25.614,6.666,403.367,410.034,39.475,-40.889,-41.158,-55.809,-55.862,2.325,-14.152,-33.151,0.738,352.520,16770.667
218,1,218,2.434,75.039,77.474,1.849,27.458,26.486,6.721,403.829,410.549,39.143,-40.112,-40.298,-53.622,-53.624,2.094,-9.601,-36.101,1.911,27.459,25.633,6.589,397.267,403.857,40.052,-41.395,-41.269,-55.485,-55.496,2.407,-13.991,-34.098,0.736,340.557,11577.333
219,1,219,2.331,70.472,72.803,1.714,27.458,26.621,6.750,406.971,413.721,38.851,-39.318,-39.332,-53.395,-53.359,2.096,-9.523,-36.504,1.734,27.456,25.808,6.528,398.218,404.745,39.942,-40.608,-40.315,-55.215,-55.281,2.428,-13.847,-34.720,0.739,355.697,9608.667
220,1,220,2.283,69.151,71.434,1.828,27.461,26.510,6.484,395.941,402.424,39.948,-39.535,-39.588,-53.370,-53.334,2.120,-10.299,-35.919,1.790,27.466,25.762,6.286,387.066,393.352,41.174,-40.123,-39.724,-54.531,-54.546,2.501,-14.827,-34.632,0.734,342.788,9589.667
221,1,221,2.298,70.023,72.321,1.827,27.469,26.520,6.615,401.449,408.064,39.481,-39.072,-39.404,-53.155,-53.084,2.096,-9.497,-36.424,1.913,27.469,25.642,6.429,393.580,400.008,40.522,-40.381,-40.604,-55.239,-55.302,2.358,-13.875,-34.360,0.735,351.856,8331.000
222,1,222,2.227,67.844,70.071,1.878,27.465,26.464,6.270,382.645,388.915,41.346,-37.506,-36.627,-51.292,-51.134,2.471,-10.235,-36.041,2.037,27.468,25.517,6.103,371.462,377.565,42.894,-33.224,-32.658,-50.675,-50.541,3.534,-14.311,-34.682,0.733,361.543,13074.000
223,1,223,2.307,70.867,73.174,1.812,27.457,26.522,6.666,406.391,413.056,38.905,-38.899,-38.990,-53.106,-53.063,2.102,-9.481,-36.381,1.799,27.455,25.741,6.503,397.682,404.184,39.985,-40.486,-40.371,-55.229,-55.301,2.401,-13.862,-34.405,0.734,343.892,10363.667
224,1,224,2.298,70.836,73.134,1.755,27.455,26.577,6.691,407.657,414.347,38.767,-38.942,-38.986,-53.288,-53.320,2.085,-9.985,-35.175,1.865,27.459,25.680,6.571,403.036,409.608,39.494,-40.261,-40.144,-55.015,-55.029,2.387,-14.609,-33.247,0.732,347.430,11635.333
225,1,225,2.218,66.838,69.057,1.945,27.462,26.394,6.225,381.671,387.896,41.421,-37.088,-36.208,-50.961,-50.732,2.430,-10.460,-36.415,1.923,27.462,25.624,6.075,370.666,376.742,42.921,-33.491,-32.925,-50.590,-50.487,3.479,-14.642,-35.558,0.730,347.706,9267.333
226,1,226,2.296,71.163,73.459,1.854,27.462,26.485,6.299,385.788,392.087,40.991,-38.029,-37.153,-51.523,-51.449,2.457,-10.923,-35.187,1.995,27.457,25.548,6.147,377.013,383.160,42.167,-33.522,-33.000,-50.746,-50.595,3.496,-15.341,-34.051,0.727,343.864,10689.667
227,1,227,2.320,70.490,72.810,1.735,27.463,26.605,6.436,390.677,397.113,40.490,-38.372,-37.430,-52.061,-51.939,2.354,-10.563,-35.987,1.823,27.459,25.721,6.303,380.888,387.191,41.750,-34.472,-33.873,-51.541,-51.492,3.270,-14.763,-34.852,0.732,356.866,10877.000
228,1,228,2.225,68.574,70.800,2.033,27.462,26.305,6.355,386.706,393.060,40.889,-37.351,-36.476,-51.148,-51.063,2.418,-9.790,-36.624,2.169,27.460,25.376,6.106,374.259,380.366,42.501,-33.985,-33.385,-50.900,-50.777,3.418,-13.741,-35.626,0.737,349.357,12273.667
229,1,229,2.412,74.036,76.449,1.684,27.463,26.656,6.995,418.112,425.107,37.870,-39.915,-40.604,-53.283,-53.460,2.052,-9.639,-33.190,2.006,27.454,25.534,7.002,424.513,431.516,37.471,-40.945,-42.205,-56.061,-56.306,2.278,-14.859,-29.920,0.742,372.251,10723.333
230,1,230,2.329,71.708,74.037,2.143,27.459,26.193,6.344,388.336,394.680,40.693,-37.133,-36.142,-51.007,-50.910,2.478,-10.420,-35.870,2.214,27.455,25.326,6.260,379.835,386.095,41.832,-32.694,-32.161,-50.248,-50.107,3.674,-14.591,-34.730,0.735,360.137,13483.333
231,1,231,2.234,68.015,70.249,1.931,27.455,26.401,6.260,384.010,390.270,41.110,-37.620,-36.665,-51.459,-51.317,2.381,-10.564,-35.910,1.913,27.464,25.636,6.058,374.806,380.865,42.484,-34.128,-33.481,-50.922,-50.840,3.323,-14.805,-34.505,0.731,342.810,13827.000
232,1,232,2.262,69.575,71.837,1.665,27.456,26.667,6.230,383.468,389.698,41.173,-37.679,-36.689,-51.560,-51.438,2.482,-11.097,-35.951,1.827,27.463,25.722,6.161,374.766,380.928,42.470,-32.939,-32.405,-50.872,-50.730,3.602,-15.412,-34.513,0.731,341.490,10623.667
233,1,233,2.298,71.158,73.456,2.026,27.462,26.313,6.291,386.648,392.939,40.904,-37.752,-36.746,-51.605,-51.411,2.390,-10.342,-36.285,1.911,27.462,25.637,6.105,376.251,382.357,42.307,-34.007,-33.375,-51.188,-51.120,3.392,-14.437,-35.159,0.732,355.616,11009.000
234,1,234,2.243,68.281,70.525,2.008,27.458,26.327,6.293,388.041,394.333,40.726,-37.441,-36.583,-51.344,-51.217,2.402,-9.919,-36.473,2.053,27.463,25.495,6.118,376.243,382.361,42.311,-34.084,-33.450,-50.814,-50.686,3.355,-13.901,-35.206,0.736,343.974,11185.000
235,1,235,2.223,67.157,69.380,1.959,27.466,26.384,6.211,383.336,389.547,41.288,-37.446,-36.515,-51.218,-51.119,2.451,-9.994,-36.076,1.936,27.460,25.609,6.070,371.503,377.573,42.809,-34.119,-33.477,-51.025,-50.960,3.360,-14.035,-34.184,0.726,354.544,11329.667
236,1,236,2.314,70.107,72.420,2.058,27.459,26.278,6.413,387.626,394.039,40.762,-37.909,-37.070,-51.692,-51.480,2.378,-10.220,-35.890,1.909,27.465,25.642,6.204,376.865,383.069,42.252,-34.502,-33.890,-51.192,-51.065,3.293,-14.423,-34.723,0.733,352.917,11096.000
237,1,237,2.216,67.844,70.060,2.099,27.466,26.245,6.262,387.668,393.930,40.838,-36.954,-36.123,-50.914,-50.794,2.412,-9.505,-37.419,2.072,27.462,25.475,6.094,374.127,380.220,42.533,-33.923,-33.291,-50.682,-50.581,3.419,-13.297,-36.644,0.731,340.096,9440.667
238,1,238,2.279,69.632,71.911,2.018,27.463,26.321,6.260,386.064,392.324,40.969,-37.466,-36.559,-51.290,-51.157,2.421,-10.593,-35.333,2.151,27.461,25.395,6.182,377.420,383.603,42.157,-33.830,-33.241,-50.727,-50.579,3.415,-14.991,-33.551,0.735,373.354,11486.000
239,1,239,2.268,69.606,71.873,1.967,27.454,26.364,6.309,386.914,393.223,40.795,-37.587,-36.596,-51.500,-51.377,2.384,-10.505,-35.925,1.961,27.464,25.589,6.189,378.182,384.371,42.103,-34.066,-33.411,-51.057,-50.913,3.373,-14.792,-34.632,0.733,343.313,15644.667
240,1,240,2.282,69.117,71.399,1.831,27.454,26.500,6.322,387.441,393.763,40.742,-37.614,-36.600,-51.479,-51.367,2.433,-10.488,-35.838,1.873,27.457,25.670,6.165,377.954,384.119,42.065,-33.690,-33.104,-51.083,-51.018,3.464,-14.716,-34.510,0.731,338.997,10190.667
241,1,241,2.310,70.521,72.831,1.770,27.470,26.577,6.349,389.522,395.872,40.684,-37.705,-36.865,-51.421,-51.257,2.424,-9.271,-37.880,1.782,27.459,25.762,6.188,377.264,383.452,42.156,-34.293,-33.688,-51.220,-51.168,3.321,-12.817,-36.262,0.729,337.034,12788.333
242,1,242,2.189,66.199,68.389,1.819,27.460,26.517,6.174,381.199,387.373,41.458,-37.193,-36.249,-51.022,-50.992,2.523,-10.593,-35.773,2.031,27.464,25.518,6.054,371.132,377.186,42.895,-32.978,-32.431,-50.551,-50.442,3.573,-14.858,-34.521,0.733,349.583,14435.667
243,1,243,2.286,70.228,72.515,2.261,27.461,26.078,6.345,389.446,395.791,40.606,-37.268,-36.287,-51.365,-51.229,2.379,-10.600,-35.159,2.224,27.460,25.322,6.218,382.571,388.789,41.591,-33.486,-32.843,-50.496,-50.234,3.496,-15.022,-33.318,0.732,348.835,9061.333
244,1,244,2.183,64.233,66.415,2.391,27.467,25.953,6.227,384.598,390.825,41.164,-36.587,-35.684,-50.842,-50.725,2.455,-10.190,-36.522,2.154,27.461,25.392,6.098,372.546,378.644,42.705,-34.190,-33.465,-50.812,-50.738,3.368,-14.448,-35.828,0.734,348.480,31655.333
245,1,245,2.232,68.049,70.281,2.201,27.458,26.135,6.322,387.245,393.567,40.806,-36.837,-35.924,-50.789,-50.645,2.498,-9.898,-36.784,2.144,27.460,25.402,6.192,374.985,381.177,42.410,-32.739,-32.205,-50.437,-50.318,3.615,-13.787,-35.853,0.733,360.240,9024.333
246,1,246,2.221,67.266,69.487,2.117,27.465,26.225,6.314,386.968,393.282,40.895,-37.577,-36.731,-51.304,-51.167,2.407,-10.579,-35.111,2.136,27.455,25.405,6.181,377.951,384.132,42.044,-34.122,-33.527,-50.758,-50.623,3.365,-15.064,-33.960,0.730,347.860,8852.667
247,1,247,2.280,70.022,72.301,1.969,27.461,26.369,6.327,385.924,392.251,40.963,-37.816,-36.844,-51.517,-51.400,2.414,-10.701,-35.439,1.954,27.457,25.589,6.234,377.343,383.577,42.121,-33.518,-32.966,-50.903,-50.774,3.504,-15.073,-33.923,0.733,355.865,8685.000
248,1,248,2.354,71.593,73.947,2.173,27.462,26.166,6.463,390.578,397.040,40.485,-38.041,-37.139,-51.756,-51.582,2.329,-10.245,-35.505,2.021,27.457,25.521,6.265,381.074,387.340,41.719,-34.428,-33.792,-51.099,-51.000,3.294,-14.590,-34.064,0.733,350.891,10629.333
249,1,249,2.194,66.613,68.808,1.883,27.456,26.449,6.283,386.443,392.725,40.865,-37.277,-36.413,-51.113,-51.054,2.411,-9.861,-35.731,2.062,27.457,25.481,6.123,376.005,382.129,42.283,-33.838,-33.208,-50.595,-50.420,3.425,-13.860,-34.050,0.730,346.350,7885.333
250,1,250,2.262,69.438,71.700,1.954,27.462,26.385,6.279,386.739,393.017,40.895,-37.765,-36.840,-51.498,-51.375,2.401,-10.064,-36.074,2.018,27.461,25.529,6.162,376.390,382.552,42.272,-34.023,-33.371,-50.815,-50.746,3.365,-14.087,-34.370,0.732,345.552,8831.667
