Header Section,,,,,,,,,,,,,,,,,,,,,,,,,,,,,,,,,,
Product,VC5341,,,,,,,,,,,,,,,,,,,,,,,,,,,,,,,,,
Test Plan,Rev(-),,,,,,,,,,,,,,,,,,,,,,,,,,,,,,,,,
Release Date,12/12/2012,,,,,,,,,,,,,,,,,,,,,,,,,,,,,,,,,
Comment,"vc5341-21E4.20.1,100-109/20140605 ,111 - 130/20140610,4120-4139 A3_02 recorrelation ,4140-4159 cu A3E16.20.1 gu, 4160-4179-Access-A18.25.1",,,,,,,,,,,,,,,,,,,,,,,,,,,,,,,,,
,,,,,,,,,,,,,,,,,,,,,,,,,,,,,,,,,,
Data Section,,,,,,,,,,,,,,,,,,,,,,,,,,,,,,,,,,
Device#,1,2,3,4,5,6,7,8,9,10,11,12,13,14,15,16,17,18,19,20,21,22,23,24,25,26,27,28,29,30,31,32,33,34
Test Item,Site No,Device ID,Idle_H_Vbat_1920,Idle_H_Vcc_1920,Idle_H_Total_1920,Pin_H_1920,Pout_H_1920,Gain_H_1920,Icc_H_Vbat_1920,Icc_H_Vcc_1920,Icc_H_Total_1920,PAE_H_Total_1920,ACP_L_H_1920,ACP_U_H_1920,ALT_L_H_1920,ALT_U_H_1920,EVM_H_1920,2fo_H_1920,3fo_H_1920,Pin_H_1980,Pout_H_1980,Gain_H_1980,Icc_H_Vbat_1980,Icc_H_Vcc_1980,Icc_H_Total_1980,PAE_H_Total_1980,ACP_L_H_1980,ACP_U_H_1980,ALT_L_H_1980,ALT_U_H_1980,EVM_H_1980,2fo_H_1980,3fo_H_1980,Leakage_Current
Low Tolerance,,,5,10,10,0.2,,,1,30,30,,1.5,1.5,1.5,1.5,0.5,2,2,0.2,,,1,30,30,,1.5,1.5,1.5,1.5,0.5,2,2,5
High Tolerance,,,5,10,10,0.2,,,1,30,30,,1.5,1.5,1.5,1.5,0.5,2,2,0.2,,,1,30,30,,1.5,1.5,1.5,1.5,0.5,2,2,5
Enable,,,1,1,1,1,0,0,0,1,1,,1,1,1,1,1,1,1,1,0,0,0,1,1,,1,1,1,1,1,1,1,1
100,1,100,3.558,70.008,73.565,2.085,27.439,25.354,400.755,6.603,407.359,39.453,-41.215,-41.241,-52.043,-52.203,1.537,-9.98,-32.02,1.789,27.528,25.739,418.361,6.772,425.134,38.59,-37.98,-36.949,-50.616,-50.672,2.392,-15.358,-27.744,1.784
101,1,101,3.529,68.964,72.492,2.145,27.442,25.297,398.018,6.547,404.565,39.754,-41.819,-41.678,-52.223,-52.424,1.497,-11.246,-30.248,2.04,27.546,25.506,413.912,6.726,420.638,39.159,-36.495,-35.291,-50.458,-50.499,2.842,-17.287,-25.418,2.292
102,1,102,3.456,67.701,71.157,2.547,27.556,25.008,401.16,6.697,407.858,40.482,-41.381,-41.123,-51.193,-51.643,1.461,-9.559,-33.143,1.762,27.538,25.777,412.188,6.793,418.981,39.247,-37.89,-37.01,-50.524,-50.867,2.384,-14.606,-28.843,2.235
103,1,103,3.463,66.322,69.785,2.561,27.567,25.006,394.442,6.496,400.938,41.283,-40.792,-40.728,-50.604,-50.843,1.592,-9.8,-31.528,2.064,27.517,25.453,400.684,6.542,407.225,40.182,-37.399,-36.645,-50.288,-50.559,2.511,-14.812,-27.894,1.664
104,1,104,3.488,67.346,70.833,2.734,27.465,24.73,396.661,6.689,403.35,40.081,-40.915,-40.68,-51.189,-51.705,1.436,-9.114,-33.328,1.924,27.514,25.589,407.092,6.777,413.869,39.506,-38.269,-37.626,-50.471,-50.897,2.249,-13.847,-29.376,1.947
105,1,105,3.516,66.731,70.246,2.529,27.582,25.053,398.125,6.671,404.796,41.035,-41.429,-41.399,-51.214,-51.463,1.501,-9.902,-30.992,2.107,27.538,25.431,404.509,6.709,411.217,39.99,-36.706,-35.703,-50.465,-50.628,2.752,-15.095,-26.408,1.592
106,1,106,3.422,67.397,70.82,2.563,27.542,24.978,405.22,6.669,411.889,39.954,-41.027,-40.454,-50.915,-51.284,1.524,-10.126,-32.172,1.949,27.482,25.533,415.329,6.767,422.096,38.455,-39.955,-38.643,-50.887,-51.22,1.831,-15.276,-28.439,1.947
107,1,107,3.398,62.946,66.345,2.606,27.537,24.932,394.261,6.584,400.845,41.013,-41.05,-40.691,-50.929,-51.276,1.524,-9.269,-31.723,2.107,27.509,25.402,401.697,6.658,408.355,39.997,-38.253,-37.221,-50.444,-50.723,2.296,-13.905,-27.522,2.506
108,1,108,3.552,67.668,71.22,2.638,27.569,24.931,397.087,6.702,403.789,41.01,-40.737,-40.816,-50.419,-50.719,1.57,-8.05,-33.563,1.919,27.537,25.618,399.645,6.707,406.352,40.454,-37.035,-36.503,-50.2,-50.499,2.581,-11.965,-30.233,1.7
109,1,109,3.466,67.986,71.452,2.252,27.442,25.19,392.119,6.436,398.555,40.354,-41.612,-41.437,-51.679,-51.861,1.545,-11.16,-29.92,2.157,27.531,25.374,408.706,6.638,415.344,39.529,-36.638,-35.368,-50.328,-50.286,2.81,-16.928,-25.407,1.875
111,1,111,3.364,63.705,67.068,2.675,27.525,24.849,404.694,6.568,411.261,39.861,-40.023,-40.323,-50.65,-50.913,1.591,-9.016,-33.471,2.239,27.492,25.254,406.148,6.562,412.71,39.425,-38.407,-38.098,-51.053,-51.335,2.146,-13.156,-31.31,2.186
112,1,112,3.552,70.138,73.69,2.267,27.436,25.169,383.683,6.392,390.075,41.171,-41.806,-42.142,-51.263,-51.636,1.544,-8.967,-33.629,2.092,27.583,25.491,390.86,6.45,397.31,41.814,-34.718,-34.002,-50.884,-51.165,3.294,-12.788,-29.438,1.526
113,1,113,3.481,68.313,71.795,2.031,27.42,25.389,394.124,6.548,400.671,39.936,-41.212,-41.152,-51.416,-51.51,1.544,-8.715,-33.855,1.859,27.533,25.674,401.76,6.594,408.354,40.217,-37.495,-36.912,-51.182,-51.38,2.467,-12.644,-30.804,2.157
114,1,114,3.557,68.669,72.226,2.135,27.425,25.291,400.734,6.643,407.376,39.325,-40.361,-40.217,-50.835,-51.013,1.556,-7.783,-32.36,1.681,27.523,25.843,408.052,6.672,414.724,39.516,-38.346,-37.838,-50.897,-51.135,2.205,-11.507,-29.993,2.012
115,1,115,3.505,68.176,71.681,1.654,27.428,25.774,384.999,6.365,391.363,40.962,-41.424,-41.224,-50.956,-50.982,1.593,-9.094,-32.853,1.662,27.529,25.867,391.885,6.427,398.312,41.201,-36.142,-35.327,-50.507,-50.591,2.888,-13.166,-29.248,2.351
116,1,116,3.525,68.194,71.718,2.026,27.42,25.394,392.855,6.54,399.396,40.06,-40.748,-40.863,-51.065,-51.145,1.581,-8.616,-34.462,1.797,27.574,25.777,401.471,6.552,408.024,40.631,-36.024,-35.504,-50.577,-50.785,2.878,-12.571,-30.865,1.323
117,1,117,3.545,70.515,74.059,2.111,27.426,25.315,394.09,6.562,400.652,39.994,-40.67,-41.121,-51.138,-51.353,1.591,-9.512,-34.123,1.968,27.579,25.611,403.292,6.602,409.893,40.495,-34.974,-34.408,-50.474,-50.784,3.194,-13.881,-29.957,0.762
118,1,118,3.48,68.631,72.112,2.019,27.417,25.397,403.488,6.628,410.116,38.987,-40.596,-40.253,-50.644,-50.866,1.542,-7.881,-33.754,1.568,27.496,25.929,411.743,6.656,418.399,38.924,-39.668,-39.038,-51.242,-51.48,1.854,-11.525,-32.441,1.333
119,1,119,3.511,69.266,72.778,2.291,27.433,25.142,389.131,6.485,395.616,40.571,-40.154,-40.518,-50.302,-50.592,1.628,-8.806,-33.815,1.983,27.586,25.604,396.931,6.523,403.454,41.212,-34.357,-33.878,-49.648,-49.995,3.39,-12.861,-29.665,1.918
120,1,120,3.576,69.186,72.762,2.316,27.438,25.121,397.367,6.576,403.942,39.775,-40.968,-41.187,-51.344,-51.526,1.533,-9.65,-31.763,2.101,27.527,25.427,406.694,6.624,413.318,39.686,-36.824,-36.222,-50.856,-51.106,2.646,-14.365,-27.979,1.208
121,1,121,3.473,66.269,69.742,2.561,27.447,24.886,389.734,6.457,396.191,40.641,-40.249,-40.639,-50.212,-50.637,1.615,-8.683,-34.51,2.028,27.564,25.536,395.797,6.497,402.293,41.12,-35.003,-34.602,-50.074,-50.489,3.16,-12.703,-30.717,1.518
122,1,122,3.46,66.913,70.373,2.179,27.432,25.253,395.342,6.517,401.859,39.932,-40.074,-40.069,-50.744,-50.881,1.595,-8.34,-33.513,1.855,27.53,25.675,401.963,6.561,408.524,40.173,-37.375,-36.946,-50.558,-50.806,2.465,-12.374,-30.366,1.538
123,1,123,3.461,66.896,70.358,2.43,27.442,25.013,382.671,6.342,389.013,41.347,-40.644,-41.303,-50.667,-50.917,1.656,-9.965,-33.552,2.402,27.549,25.147,390.874,6.433,397.307,41.487,-34.235,-33.543,-50.052,-50.333,3.464,-14.445,-29.159,1.708
124,1,124,3.509,69.472,72.981,2.023,27.429,25.406,385.271,6.447,391.718,40.931,-41.72,-41.889,-51.254,-51.451,1.571,-9.525,-33.557,2.015,27.587,25.572,395.471,6.552,402.023,41.363,-34.493,-33.714,-50.514,-50.784,3.381,-13.805,-29.215,1.679
125,1,125,3.558,69.028,72.586,2.752,27.537,24.785,396.949,6.562,403.51,40.74,-40.319,-40.836,-50.318,-50.772,1.618,-9.586,-32.896,2.184,27.555,25.37,401.77,6.592,408.362,40.42,-34.784,-34.333,-49.954,-50.459,3.241,-13.998,-28.932,1.341
126,1,126,3.557,69.062,72.619,2.169,27.424,25.255,392.487,6.476,398.963,40.143,-41.032,-41.006,-50.863,-51.091,1.538,-9.172,-32.67,1.833,27.548,25.715,401.424,6.523,407.947,40.4,-36.873,-36.434,-50.875,-51.195,2.619,-13.232,-29.801,2.586
127,1,127,3.484,67.224,70.709,2.436,27.449,25.014,392.014,6.47,398.484,40.427,-39.944,-40.281,-50.212,-50.513,1.67,-9.412,-32.754,2.077,27.542,25.465,399.405,6.535,405.94,40.541,-35.683,-35.308,-50.02,-50.401,2.948,-13.946,-29.166,2.085
128,1,128,3.598,72.236,75.834,1.769,27.424,25.655,385.075,6.473,391.547,40.91,-41.447,-41.67,-51.126,-51.294,1.568,-9.048,-32.929,1.671,27.534,25.863,392.213,6.528,398.741,41.198,-34.636,-33.967,-50.464,-50.683,3.323,-13.085,-28.804,1.593
129,1,129,3.5,68.648,72.148,1.739,27.41,25.671,392.117,6.492,398.608,40.054,-40.983,-40.964,-51.424,-51.504,1.534,-10.053,-32.134,1.851,27.556,25.705,406.558,6.612,413.17,39.959,-36.938,-36.124,-50.569,-50.721,2.653,-14.871,-27.979,1.23
130,1,130,3.619,71.845,75.464,1.858,27.415,25.557,397.561,6.661,404.222,39.541,-41.623,-41.208,-51.346,-51.517,1.494,-8.389,-33.123,1.562,27.524,25.962,407.451,6.717,414.167,39.576,-38.903,-38.118,-51.482,-51.676,2.118,-12.282,-30.681,1.518
4100,1,4100,2.701,67.324,70.024,2.235,27.543,25.309,411.428,6.715,418.143,39.372,-41.595,-41.871,-51.182,-50.974,1.964,-8.137,-39.969,2.067,27.524,25.457,407.193,6.752,413.945,39.594,-36.979,-36.269,-51.144,-51.041,2.911,-13.89,-32.849,0.924
4101,1,4101,2.65,66.612,69.262,2.276,27.57,25.294,413.905,6.644,420.549,39.388,-41.016,-41.472,-50.365,-50.17,2.149,-7.598,-39.713,1.988,27.547,25.559,408.153,6.674,414.827,39.722,-35.796,-35.325,-50.617,-50.61,3.23,-13.126,-32.692,2.33
4102,1,4102,2.78,70.566,73.346,1.926,27.411,25.486,405.425,6.794,412.22,38.743,-42.392,-42.865,-51.886,-51.596,1.763,-8.771,-38.921,2.158,27.541,25.382,409.945,6.914,416.859,39.469,-35.693,-34.713,-51.24,-50.986,3.338,-14.701,-31.121,2.634
4103,1,4103,2.737,69.801,72.538,2.158,27.514,25.357,422.587,7.032,429.619,38.065,-42.024,-42.332,-51.983,-51.644,1.746,-7.579,-39.727,1.938,27.513,25.575,417.115,7.057,424.171,38.541,-38.365,-37.737,-52.246,-52.047,2.483,-13.084,-33.166,1.997
4104,1,4104,2.661,67.546,70.207,2.203,27.557,25.354,413.611,6.81,420.421,39.281,-42.043,-42.372,-51.467,-51.367,1.7,-9.105,-38.308,2.06,27.522,25.462,412.069,6.867,418.935,39.107,-37.114,-36.188,-51.353,-51.232,2.891,-15.473,-31.085,2.288
4105,1,4105,2.668,65.569,68.237,2.213,27.526,25.312,411.996,6.72,418.715,39.157,-41.642,-41.726,-51.436,-51.198,1.744,-7.892,-39.396,2.128,27.51,25.382,408.44,6.786,415.225,39.343,-38.01,-37.021,-51.328,-51.125,2.644,-13.6,-32.082,2.254
4106,1,4106,2.732,68.422,71.154,2.215,27.571,25.356,413.148,6.797,419.945,39.454,-42.135,-42.424,-51.3,-51.18,1.688,-8.255,-38.294,1.998,27.529,25.531,407.631,6.8,414.431,39.589,-37.327,-36.559,-51.681,-51.618,2.788,-14.173,-31.193,2.08
4107,1,4107,2.741,71.042,73.782,1.979,27.422,25.443,411.757,6.735,418.492,38.256,-41.63,-42.03,-51.745,-51.759,1.82,-9.512,-38.42,1.858,27.551,25.693,420.284,6.933,427.217,38.605,-36.612,-36.064,-51.324,-51.386,2.982,-16.307,-31.056,1.799
4108,1,4108,2.831,72.711,75.542,2.182,27.483,25.301,417.703,6.989,424.692,38.234,-42.981,-42.76,-52.423,-52.326,1.943,-7.505,-40.048,1.916,27.508,25.593,414.897,7.035,421.933,38.705,-39.357,-38.585,-52.534,-52.463,2.276,-13.193,-33.111,1.315
4109,1,4109,2.72,69.801,72.521,2.072,27.546,25.475,418.337,6.75,425.088,38.755,-41.239,-41.388,-51.457,-51.086,1.83,-7.551,-39.471,1.889,27.515,25.626,417.722,6.852,424.574,38.523,-38.752,-37.921,-51.32,-51.124,2.428,-13.209,-32.772,2.164
4110,1,4110,2.676,67.691,70.367,2.209,27.512,25.303,413.971,6.792,420.764,38.842,-41.496,-41.856,-51.593,-51.358,2.268,-7.988,-39.575,2.024,27.531,25.507,410.519,6.825,417.343,39.333,-36.855,-36.176,-51.22,-51.087,2.928,-13.836,-32.119,1.866
4111,1,4111,2.732,70.59,73.322,2.124,27.558,25.434,419.976,6.916,426.891,38.691,-42.36,-42.647,-52.011,-51.749,1.702,-8.008,-39.173,1.906,27.52,25.614,417.967,6.978,424.945,38.537,-38.369,-37.468,-51.992,-51.86,2.524,-13.809,-32.418,1.149
4112,1,4112,2.809,71.929,74.739,2.218,27.502,25.284,416.879,6.825,423.704,38.488,-41.63,-41.785,-51.685,-51.516,2.427,-7.896,-39.334,1.923,27.524,25.601,416.191,6.886,423.077,38.741,-37.649,-37.018,-51.433,-51.4,2.696,-13.692,-32.384,2.248
4113,1,4113,2.736,69.186,71.921,2.26,27.564,25.305,411.48,6.78,418.26,39.553,-42.514,-42.872,-51.581,-51.462,1.929,-8.79,-39.729,2.117,27.532,25.415,408.092,6.866,414.958,39.571,-36.374,-35.539,-51.448,-51.355,3.095,-14.843,-32.558,1.624
4114,1,4114,2.708,68.038,70.746,2.424,27.459,25.035,403.105,6.683,409.789,39.402,-41.917,-42.577,-50.229,-50.196,0.675,-8.736,-38.446,2.235,27.519,25.284,404.463,6.819,411.282,39.803,-36.475,-35.696,-51.315,-51.248,3.052,-14.917,-31.091,1.801
4115,1,4115,2.722,68.379,71.101,2.452,27.425,24.972,409.768,6.785,416.553,38.459,-41.4,-42.232,-49.994,-49.974,1.009,-9.43,-39.085,2.25,27.519,25.27,413.873,6.939,420.812,38.907,-35.819,-35.195,-51,-51.022,3.243,-16.15,-31.536,1.811
4116,1,4116,2.71,71.726,74.436,1.824,27.412,25.588,414.794,6.756,421.55,37.887,-42.277,-42.134,-52.393,-52.214,1.808,-7.62,-39.069,1.697,27.527,25.83,420.715,6.928,427.643,38.352,-38.904,-37.987,-51.857,-51.714,2.441,-13.387,-31.901,1.072
4117,1,4117,2.653,67.109,69.762,2.202,27.432,25.23,415.507,6.71,422.217,38.008,-40.915,-41.16,-51.794,-51.655,1.831,-7.716,-40.054,1.92,27.518,25.598,417.571,6.811,424.382,38.57,-37.924,-37.491,-51.345,-51.332,2.587,-13.591,-32.777,1.231
4118,1,4118,2.693,67.553,70.245,2.359,27.532,25.173,410.09,6.769,416.859,39.393,-41.789,-42.679,-50.085,-49.807,0.713,-8.681,-39.134,2.285,27.521,25.236,407.24,6.836,414.076,39.555,-35.897,-34.998,-51.146,-50.966,3.261,-14.656,-31.882,2.765
4119,1,4119,2.733,69.481,72.214,2.192,27.577,25.385,415.053,6.806,421.86,39.328,-42.296,-42.426,-51.375,-51.248,1.67,-7.793,-39.401,1.85,27.536,25.686,408.386,6.813,415.199,39.586,-37.616,-36.917,-51.837,-51.778,2.706,-13.348,-32.65,2.108
4120,1,4120,2.787,68.036,70.824,2.042,27.489,25.447,6.94,416.798,423.738,38.366,-42.286,-42.969,-53.598,-54.091,1.319,-9.801,-42.929,2.375,27.414,25.039,7.143,426.966,434.108,36.813,-42.24,-41.989,-53.884,-53.738,1.408,-16.059,-29.265,1.773
4121,1,4121,2.791,67.568,70.359,1.676,27.456,25.78,6.731,404.434,411.165,39.239,-41.549,-42.394,-54.107,-54.416,1.4,-9.733,-43.598,2.333,27.432,25.099,6.934,412.354,419.288,38.275,-42.294,-42.707,-53.656,-53.57,1.373,-16.178,-29.891,2.206
4122,1,4122,2.727,67.129,69.855,1.551,27.593,26.042,6.835,417.231,424.065,39.268,-42.136,-42.538,-53.746,-53.818,1.304,-9.807,-44.181,2.004,27.409,25.406,6.921,415.528,422.448,37.786,-42.657,-42.576,-54.591,-54.393,1.342,-15.509,-30.44,1.934
4123,1,4123,2.876,70.318,73.194,1.561,27.58,26.02,6.881,416.723,423.604,39.198,-42.002,-42.791,-53.956,-53.865,1.328,-9.764,-43.301,2.021,27.44,25.419,6.968,415.022,421.989,38.094,-42.9,-43.371,-54.422,-54.24,1.32,-15.59,-30.382,1.52
4124,1,4124,2.821,68.736,71.556,1.575,27.476,25.902,6.63,395.153,401.783,40.348,-41.464,-42.101,-52.839,-52.508,1.377,-9.214,-44.097,1.822,27.571,25.749,6.666,395.668,402.335,41.179,-40.838,-42.061,-52.607,-52.542,1.732,-14.939,-31.909,2.001
4125,1,4125,2.891,72.067,74.957,1.799,27.446,25.647,6.752,398.892,405.644,39.69,-42.657,-42.793,-53.297,-53.114,1.276,-9.066,-44.306,2.079,27.471,25.392,6.796,398.613,405.409,39.936,-42.428,-42.674,-53.532,-53.433,1.479,-14.685,-32.714,1.503
4126,1,4126,2.792,67.645,70.438,1.906,27.472,25.567,6.72,400.97,407.689,39.728,-41.44,-41.92,-53.08,-52.779,1.389,-8.482,-45.624,2.161,27.458,25.298,6.729,396.911,403.639,39.997,-42.198,-42.899,-53.372,-53.112,1.449,-14.185,-33.401,2.288
4127,1,4127,2.818,68.893,71.711,1.933,27.419,25.485,6.802,404.178,410.979,38.924,-42.599,-43.296,-54.408,-54.487,1.262,-9.091,-44.204,2.292,27.441,25.149,6.928,407.686,414.614,38.785,-42.796,-43.254,-54.05,-53.894,1.398,-15.053,-31.117,1.616
4128,1,4128,2.809,66.585,69.393,1.958,27.57,25.612,6.892,411.936,418.828,39.546,-43.056,-42.871,-53.239,-52.951,1.199,-7.919,-43.221,2.112,27.415,25.303,6.898,405.47,412.368,38.758,-42.81,-42.34,-54.405,-54.103,1.398,-12.925,-32.929,2.759
4129,1,4129,2.775,69.422,72.197,1.686,27.466,25.781,6.662,400.415,407.076,39.733,-41.454,-41.949,-52.873,-52.66,1.399,-9.367,-43.85,1.835,27.53,25.694,6.697,402.346,409.043,40.122,-41.655,-42.322,-52.865,-52.765,1.564,-14.935,-31.793,1.616
4130,1,4130,2.831,69.475,72.306,1.909,27.466,25.557,6.854,410.441,417.295,38.751,-42.944,-43.76,-54.671,-55.283,1.216,-10.339,-43.422,2.517,27.44,24.924,7.034,418.5,425.534,37.782,-42.44,-42.56,-53.903,-53.79,1.483,-16.764,-29.702,2.499
4131,1,4131,2.69,63.3,65.99,1.902,27.475,25.573,6.872,412.887,419.759,38.61,-40.762,-41.481,-52.864,-53.139,1.507,-9.559,-42.441,2.341,27.498,25.157,7.125,426.657,433.782,37.559,-41.25,-41.358,-53.181,-53.009,1.41,-15.309,-28.438,1.795
4132,1,4132,2.966,73.244,76.21,1.762,27.519,25.757,6.915,411.247,418.162,39.151,-42.507,-43.015,-54.109,-54.018,1.246,-8.84,-44.352,2.066,27.465,25.399,6.993,408.617,415.609,38.902,-42.833,-43.292,-54.107,-53.941,1.436,-14.769,-31.404,1.737
4133,1,4133,2.739,65.928,68.667,1.551,27.478,25.927,6.805,406.378,413.183,39.25,-40.953,-41.412,-53.221,-52.92,1.479,-8.565,-44.945,1.633,27.492,25.859,6.817,406.263,413.08,39.384,-42.305,-42.855,-53.654,-53.447,1.347,-14.136,-32.237,1.902
4134,1,4134,2.756,66.524,69.28,2.227,27.488,25.261,6.693,400.486,407.179,39.923,-41.348,-41.89,-53.248,-53.107,1.402,-9.221,-43.404,2.329,27.443,25.115,6.684,396.428,403.112,39.911,-42.107,-42.694,-53.276,-53.169,1.398,-15.05,-31.252,1.64
4135,1,4135,2.829,68.931,71.76,1.564,27.422,25.858,6.813,412.237,419.05,38.205,-41.204,-41.984,-53.891,-54.151,1.48,-9.883,-43.111,1.941,27.468,25.527,7.093,424.149,431.242,37.517,-42.183,-42.43,-53.911,-53.688,1.345,-15.498,-29.553,1.439
4136,1,4136,2.889,71.488,74.377,1.476,27.457,25.982,6.758,402.809,409.567,39.409,-42.928,-43.23,-54.701,-54.628,1.255,-8.712,-44.117,1.92,27.475,25.555,6.806,403.061,409.867,39.536,-42.998,-43.2,-54.405,-54.307,1.411,-14.793,-31.409,1.548
4137,1,4137,2.888,71.957,74.845,1.282,27.484,26.202,6.686,396.969,403.655,40.234,-42.174,-42.447,-52.777,-52.312,1.304,-8.148,-44.384,1.459,27.481,26.022,6.685,392.501,399.186,40.655,-41.886,-42.731,-53.439,-53.3,1.581,-13.524,-33.981,1.625
4138,1,4138,2.794,65.719,68.513,2.312,27.479,25.167,6.69,398.215,404.905,40.062,-41.467,-42.197,-53.563,-53.328,1.359,-8.888,-44.043,2.549,27.458,24.909,6.677,394.018,400.694,40.286,-41.896,-42.885,-53.267,-53.213,1.518,-14.69,-31.894,1.833
4139,1,4139,2.814,68.405,71.218,1.661,27.535,25.874,6.732,405.607,412.339,39.846,-41.478,-41.957,-53.706,-53.477,1.398,-9.11,-44.96,1.947,27.432,25.485,6.754,402.255,409.009,39.23,-42.485,-42.74,-54.066,-53.876,1.333,-14.64,-32.701,1.447
4140,1,4140,3.905,67.401,71.306,1.756,27.453,25.697,6.884,412.33,419.214,38.461,-42.449,-42.122,-51.251,-51.077,1.411,-8.128,-39.464,1.796,27.469,25.673,7.143,430.082,437.224,37.015,-39.509,-39.55,-52.08,-52.017,1.939,-12.893,-33.678,2.372
4141,1,4141,3.897,66.929,70.826,1.755,27.537,25.782,6.603,401.171,407.774,40.315,-41.652,-41.873,-52.204,-52.121,1.456,-8.407,-42.794,1.915,27.484,25.57,6.789,410.062,416.85,38.961,-39.295,-39.965,-51.886,-51.797,1.962,-13.438,-34.338,1.594
4142,1,4142,3.933,66.434,70.367,1.871,27.409,25.538,6.638,397.377,404.014,39.506,-41.609,-41.612,-53.285,-53.047,1.482,-7.51,-44.798,2.339,27.576,25.237,6.885,410.695,417.58,39.723,-39.121,-39.654,-51.771,-51.71,1.982,-12.278,-35.756,2.192
4143,1,4143,3.882,65.464,69.346,1.746,27.498,25.752,6.742,408.145,414.886,39.266,-41.323,-41.352,-52.272,-52.046,1.518,-7.481,-42.109,1.818,27.453,25.635,6.983,418.316,425.298,37.913,-40.262,-40.382,-52.561,-52.507,1.719,-12.384,-34.429,1.696
4144,1,4144,3.821,65.357,69.178,1.763,27.535,25.772,6.625,403.72,410.345,40.042,-40.562,-40.505,-50.785,-50.522,1.622,-7.012,-42.999,1.783,27.453,25.67,6.795,411.693,418.489,38.533,-39.42,-39.53,-51.638,-51.587,1.827,-11.609,-35.881,2.705
4145,1,4145,3.953,69.773,73.726,1.663,27.503,25.84,6.828,408.31,415.138,39.287,-43.108,-42.742,-53.111,-53.319,1.367,-8.123,-42.619,1.975,27.459,25.484,7.128,423.036,430.163,37.538,-40.187,-40.064,-52.922,-52.854,1.832,-13.209,-33.758,1.928
4146,1,4146,3.88,65.369,69.249,1.877,27.448,25.572,6.637,400.517,407.154,39.56,-41.637,-41.899,-52.742,-52.892,1.48,-8.652,-40.852,2.112,27.473,25.361,6.884,415.624,422.508,38.341,-39.651,-39.98,-52.092,-52.04,1.895,-13.771,-32.336,2.74
4147,1,4147,3.919,66.77,70.689,1.587,27.581,25.994,6.781,410.466,417.247,39.801,-41.306,-41.574,-52.04,-51.727,1.492,-7.588,-42.096,1.671,27.47,25.799,6.941,416.565,423.506,38.221,-40.459,-40.837,-52.607,-52.54,1.715,-12.426,-35.031,2.238
4148,1,4148,3.999,70.977,74.976,1.655,27.553,25.897,6.802,405.441,412.243,40.02,-42.609,-42.62,-52.837,-52.896,1.374,-8.147,-42.819,1.834,27.473,25.639,7.015,416.509,423.523,38.246,-39.921,-40.181,-52.529,-52.487,1.864,-13.23,-34.153,2.154
4149,1,4149,3.936,68.887,72.822,1.682,27.487,25.805,6.801,407.722,414.523,39.205,-42.772,-42.644,-53.276,-53.293,1.393,-7.601,-43.422,2.023,27.463,25.44,7.053,420.594,427.647,37.791,-40.361,-40.376,-52.959,-52.853,1.784,-12.55,-34.491,1.646
4150,1,4150,3.858,64.594,68.452,1.77,27.416,25.646,6.666,403.107,409.773,39.014,-40.178,-40.401,-52.008,-51.824,1.675,-7.287,-44.553,1.961,27.462,25.5,6.875,414.459,421.333,38.345,-39.896,-40.346,-51.915,-51.777,1.752,-12.179,-35.189,1.93
4151,1,4151,3.896,66.764,70.659,1.893,27.427,25.535,6.666,400.703,407.369,39.347,-42.899,-42.463,-53.411,-53.462,1.376,-7.82,-41.766,2.22,27.481,25.261,6.957,416.004,422.962,38.371,-39.853,-39.862,-52.775,-52.745,1.861,-12.791,-33.812,1.858
4152,1,4152,3.846,65.262,69.108,1.851,27.454,25.602,6.644,402.463,409.107,39.418,-40.871,-41.107,-52.545,-52.439,1.567,-7.952,-42.618,2.028,27.469,25.441,6.872,413.847,420.719,38.468,-39.83,-40.305,-52.011,-51.951,1.806,-13.018,-33.553,3.525
4153,1,4153,3.961,69.113,73.073,1.821,27.452,25.631,6.712,401.179,407.891,39.522,-43.049,-43.213,-53.691,-53.937,1.354,-8.921,-41.133,2.178,27.482,25.304,7.018,416.855,423.873,38.293,-39.602,-40.035,-52.521,-52.47,1.938,-14.173,-32.425,1.904
4154,1,4154,3.843,63.016,66.859,1.838,27.443,25.605,6.567,394.719,401.286,40.087,-40.925,-40.857,-52.087,-52.083,1.595,-8.077,-43.412,2.054,27.47,25.416,6.756,405.082,411.838,39.302,-39.366,-39.626,-51.794,-51.789,1.909,-13.015,-35.27,2.958
4155,1,4155,3.934,67.747,71.681,1.842,27.502,25.66,6.552,397.654,404.206,40.34,-42.604,-42.384,-52.59,-52.641,1.389,-8.802,-39.026,2.175,27.482,25.307,6.785,409.351,416.136,39.006,-39.09,-39.397,-52.09,-52.069,2.03,-13.935,-31.759,1.191
4156,1,4156,4.046,71.923,75.969,1.722,27.508,25.785,6.917,412.796,419.713,38.904,-43.837,-43.526,-53.562,-53.763,1.296,-8.063,-42.655,1.946,27.457,25.511,7.217,429.788,437.005,36.93,-40.483,-40.252,-53.387,-53.303,1.782,-13.185,-33.193,3.334
4157,1,4157,3.937,70.234,74.17,1.753,27.545,25.793,6.748,406.01,412.758,39.903,-44.039,-43.335,-53.137,-53.27,1.302,-7.989,-42.206,2.022,27.469,25.447,7.012,417.317,424.329,38.136,-39.796,-39.73,-53.005,-52.936,1.909,-12.954,-34.224,2.622
4158,1,4158,3.853,63.902,67.755,2.104,27.484,25.38,6.757,409.277,416.034,39.036,-40.709,-41.442,-52.299,-52.091,1.553,-8.286,-41.475,2.06,27.46,25.4,7.036,425.36,432.396,37.354,-40.397,-40.873,-52.394,-52.307,1.669,-13.437,-33.235,1.667
4159,1,4159,3.87,66.317,70.187,2.082,27.471,25.388,6.713,406.865,413.577,39.146,-41.814,-41.803,-51.946,-51.821,1.466,-7.967,-41.887,2.118,27.462,25.345,6.99,423.302,430.292,37.551,-39.896,-39.852,-52.306,-52.252,1.799,-12.903,-33.943,2.472
4160,1,4160,3.328,65.987,69.315,0.579,27.505,26.925,6.938,419.292,426.229,38.283,-40.627,-40.561,-54.257,-54.148,1.624,-7.719,-36.192,0.644,27.5,26.855,7.01,424.703,431.714,37.751,-41.011,-40.551,-53.45,-53.25,1.484,-12.655,-26.833,3.12
4161,1,4161,3.316,65.779,69.094,0.641,27.502,26.861,6.836,416.9,423.736,38.484,-40.652,-40.534,-54.396,-54.292,1.625,-8.419,-37.101,0.736,27.503,26.767,6.879,419.013,425.892,38.296,-40.633,-40.446,-53.361,-53.168,1.568,-13.326,-27.845,3.235
4162,1,4162,3.35,66.571,69.921,0.397,27.492,27.095,7.043,425.803,432.846,37.591,-40.162,-39.817,-53.964,-53.9,1.721,-7.642,-36.16,0.407,27.496,27.09,7.066,428.477,435.542,37.392,-41.733,-41.171,-53.682,-53.642,1.319,-12.424,-28.309,1.203
4163,1,4163,3.38,68.242,71.622,0.507,27.495,26.987,6.989,425.244,432.233,37.664,-40.243,-40.254,-54.183,-54.131,1.644,-7.895,-36.603,0.522,27.497,26.975,7.04,425.101,432.141,37.694,-41.268,-41.328,-53.532,-53.537,1.421,-12.594,-28.875,2.584
4164,1,4164,3.373,70.39,73.763,0.357,27.491,27.133,6.902,420.837,427.739,38.025,-41.133,-40.422,-54.525,-54.292,1.656,-7.896,-37.432,0.487,27.503,27.015,6.938,425.009,431.947,37.758,-40.936,-40.439,-53.774,-53.577,1.524,-12.751,-28.044,3.401
4165,1,4165,3.418,69.864,73.281,0.266,27.488,27.222,7.001,426.339,433.34,37.51,-40.884,-40.167,-54.276,-54.269,1.7,-7.931,-37.287,0.33,27.502,27.173,7.05,428.121,435.171,37.476,-41.35,-40.926,-53.942,-53.878,1.407,-12.728,-29.455,1.724
4166,1,4166,3.334,65.937,69.272,0.773,27.501,26.728,6.862,425.069,431.931,37.749,-40.107,-40.153,-54.399,-54.251,1.652,-7.811,-37.594,0.845,27.537,26.692,6.956,429.643,436.599,37.651,-41.568,-41.166,-53.578,-53.501,1.344,-12.512,-28.022,1.849
4167,1,4167,3.35,67.786,71.136,0.632,27.502,26.87,6.952,418.677,425.628,38.316,-40.96,-40.989,-54.491,-54.46,1.586,-8.781,-35.652,0.661,27.506,26.846,7.034,425.5,432.534,37.74,-40.53,-40.372,-53.449,-53.333,1.63,-14.073,-26.518,3.323
4168,1,4168,3.343,66.339,69.683,0.71,27.497,26.787,6.997,426.682,433.679,37.558,-40.071,-39.877,-53.593,-53.593,1.698,-7.021,-36.312,0.696,27.537,26.841,7.036,428.211,435.247,37.769,-41.682,-41.414,-53.661,-53.632,1.319,-11.391,-31.404,3.986
4169,1,4169,3.271,62.294,65.565,1.333,27.493,26.159,6.868,420.887,427.755,38.04,-39.946,-40.165,-53.609,-53.605,1.675,-6.937,-38.736,1.276,27.525,26.249,6.87,422.597,429.468,38.175,-41.352,-41.251,-53.446,-53.354,1.393,-11.274,-30.258,1.779
4170,1,4170,3.412,68.108,71.519,1.039,27.5,26.462,7.012,422.87,429.882,37.918,-40.64,-40.512,-54.407,-54.409,1.64,-8.411,-36.726,1.085,27.537,26.452,7.066,428.913,435.979,37.706,-41.233,-40.891,-53.53,-53.465,1.445,-13.572,-27.475,1.896
4171,1,4171,3.507,72.09,75.597,-0.024,27.489,27.514,6.904,419.449,426.354,38.139,-41.113,-40.464,-54.527,-54.431,1.667,-9.194,-34.965,0.214,27.518,27.304,7.01,428.028,435.038,37.62,-40.542,-40.058,-53.485,-53.246,1.603,-14.717,-26.497,2.68
4172,1,4172,3.321,65.274,68.595,1.161,27.492,26.331,6.842,421.016,427.858,38.03,-40.427,-40.633,-54.455,-54.554,1.627,-8.002,-38.208,1.07,27.529,26.46,6.93,426.106,433.036,37.894,-41.395,-41.28,-53.725,-53.739,1.4,-12.895,-28.511,3.015
4173,1,4173,3.301,65.296,68.597,0.654,27.494,26.84,6.989,426.493,433.482,37.552,-40.569,-39.881,-53.882,-53.814,1.733,-7.399,-36.547,0.712,27.505,26.793,7.037,431.022,438.059,37.249,-41.371,-40.66,-53.713,-53.573,1.401,-12.207,-28.153,3.024
4174,1,4174,3.384,68.658,72.041,0.61,27.495,26.885,6.903,417.635,424.539,38.348,-41.023,-40.706,-54.435,-54.296,1.64,-8.026,-36.879,0.751,27.508,26.758,6.933,421.044,427.978,38.158,-40.559,-40.318,-53.579,-53.383,1.598,-12.803,-27.363,3.003
4175,1,4175,3.366,67.192,70.558,0.325,27.493,27.168,6.99,423.769,430.758,37.784,-40.683,-40.094,-54.179,-54.048,1.693,-7.722,-36.123,0.509,27.503,26.993,7.075,428.7,435.775,37.426,-41.03,-40.531,-53.487,-53.389,1.483,-12.634,-27.753,1.608
4176,1,4176,3.362,65.291,68.654,1.258,27.493,26.234,6.959,422.941,429.9,37.852,-40.169,-40.424,-54.6,-54.481,1.617,-8.132,-38.05,1.299,27.527,26.228,7.012,426.219,433.231,37.86,-41.231,-41.142,-53.517,-53.477,1.443,-12.904,-28.573,3.824
4177,1,4177,3.271,61.971,65.242,1.245,27.497,26.251,6.9,419.442,426.341,38.201,-39.75,-40.026,-53.77,-53.739,1.7,-6.949,-37.964,1.139,27.527,26.388,6.919,420.679,427.598,38.354,-41.394,-41.338,-53.287,-53.227,1.376,-11.233,-29.869,1.828
4178,1,4178,3.352,68.082,71.434,0.243,27.489,27.246,6.958,422.932,429.89,37.82,-40.829,-40.075,-53.894,-53.84,1.737,-7.478,-37.638,0.353,27.507,27.153,6.966,425.314,432.28,37.766,-41.124,-40.67,-53.877,-53.712,1.472,-12.168,-29.848,3.324
4179,1,4179,3.32,64.971,68.291,0.785,27.497,26.712,6.878,416.141,423.019,38.505,-40.519,-40.113,-53.671,-53.65,1.7,-7.207,-38.14,0.749,27.502,26.753,6.863,415.815,422.677,38.58,-40.902,-40.653,-53.508,-53.347,1.508,-11.621,-30.22,2.319
