Header Section,,,,,,,,,,,,,,,,,,,,,,,,,,,,
Product,VC5439,,,,,,,,,,,,,,,,,,,,,,,,,,,
Test Plan,Rev(-),,,,,,,,,,,,,,,,,,,,,,,,,,,
Release Date,12/5/2014,,,,,,,,,,,,,,,,,,,,,,,,,,,
Comment,"VC5439A3E10.20.1 - 20140905 - 3901~3920 , update-3921~3940",,,,,,,,,,,,,,,,,,,,,,,,,,,
,,,,,,,,,,,,,,,,,,,,,,,,,,,,
Data Section,,,,,,,,,,,,,,,,,,,,,,,,,,,,
Device#,1,2,3,4,5,6,7,8,9,10,11,12,13,14,15,16,17,18,19,20,21,22,23,24,25,26,27,28
Test Item,Site No,Device ID,Idle_H_Vbat,Idle_H__Vcc,Idle_H_Total,Pin_H_1880,Pout_H_1880,Gain_H_1880,Icc_H_Vbat_1880,Icc_H_Vcc_1880,Icc_H_Total_1880,PAE_H_Total_1880,E-UTRA_ACP_L_B39_1880,UTRA_ACP1_L_B39_1880,UTRA_ACP2_L_B39_1880,EVM_H_1880,Pin_H_1920,Pout_H_1920,Gain_H_1920,Icc_H_Vbat_1920,Icc_H_Vcc_1920,Icc_H_Total_1920,PAE_H_Total_1920,E-UTRA_ACP_L_B39_1920,UTRA_ACP1_L_B39_1920,UTRA_ACP2_L_B39_1920,EVM_H_1920,Leakage Current
Low Tolerance,,,5,10,10,0.2,,,1,30,30,,1.5,1.5,1.5,0.5,0.2,,,1,30,30,,1.5,1.5,1.5,0.5,5
High Tolerance,,,5,10,10,0.2,,,1,30,30,,1.5,1.5,1.5,0.5,0.2,,,1,30,30,,1.5,1.5,1.5,0.5,5
Enable,,,1,1,1,1,0,0,0,1,1,,1,1,1,1,1,0,0,0,1,1,,1,1,1,1,1
3901,1,3901,2.407,68.191,70.598,-0.837,26.935,27.771,6.295,384.83,391.124,37.062,-38.237,-37.603,-47.082,3.527,-0.69,27.018,27.708,6.252,372.955,379.207,38.967,-38.302,-37.36,-47.432,3.222,2.137
3902,1,3902,2.306,65.922,68.228,-0.606,26.938,27.544,6.373,388.917,395.289,36.697,-37.949,-37.563,-46.59,3.613,-0.443,27.058,27.502,6.356,378.976,385.331,38.702,-37.696,-36.712,-46.818,3.049,1.964
3903,1,3903,2.437,70.658,73.095,-0.827,26.928,27.755,6.327,382.388,388.715,37.237,-38.505,-37.77,-47.466,3.432,-0.685,26.992,27.677,6.276,369.015,375.291,39.137,-38.79,-37.802,-47.918,3.203,2.102
3904,1,3904,2.516,72.136,74.651,-1.174,26.917,28.091,6.368,384.688,391.056,36.928,-38.774,-37.969,-47.777,3.427,-0.844,26.995,27.84,6.356,373.793,380.149,38.671,-38.919,-37.75,-48.184,3.067,1.804
3905,1,3905,2.447,72.162,74.609,-1.01,26.925,27.934,6.332,383.076,389.408,37.144,-38.722,-37.957,-47.697,3.407,-0.787,26.993,27.78,6.284,370.331,376.615,39.015,-39.005,-37.95,-48.147,3.122,1.796
3906,1,3906,2.471,69.836,72.308,-0.999,26.919,27.918,6.353,381.782,388.135,37.22,-38.604,-37.807,-47.6,3.46,-0.583,27.005,27.588,6.307,370.597,376.904,39.085,-38.766,-37.709,-47.938,3.169,2.195
3907,1,3907,2.448,69.906,72.354,-1.068,26.924,27.992,6.308,381.18,387.487,37.324,-38.458,-37.68,-47.42,3.457,-0.746,26.986,27.732,6.244,367.956,374.201,39.203,-38.717,-37.735,-47.914,3.258,2.267
3908,1,3908,2.412,65.855,68.267,-0.974,26.927,27.901,6.397,386.975,393.372,36.791,-38.161,-37.599,-46.959,3.576,-0.748,27.025,27.773,6.345,375.494,381.839,38.762,-38.018,-36.946,-47.278,3.112,1.967
3909,1,3909,2.509,72.325,74.835,-1.021,26.926,27.947,6.375,385.133,391.507,36.959,-38.677,-37.976,-47.579,3.443,-0.851,27.004,27.856,6.333,373.212,379.545,38.815,-38.803,-37.793,-47.934,3.101,1.325
3910,1,3910,2.452,70.6,73.051,-0.757,27.092,27.849,6.439,395.807,402.246,37.368,-38.197,-37.494,-47.13,3.477,-0.823,27.005,27.828,6.333,376.506,382.839,38.484,-38.676,-37.789,-47.674,3.348,1.499
3911,1,3911,2.513,73.119,75.632,-0.999,26.918,27.917,6.388,385.952,392.34,36.811,-38.615,-37.915,-47.5,3.434,-0.927,26.986,27.913,6.333,372.471,378.804,38.725,-38.914,-38.008,-47.978,3.181,1.372
3912,1,3912,2.37,67.364,69.734,-0.615,26.986,27.601,6.37,386.524,392.894,37.334,-38.181,-37.677,-46.94,3.522,-0.474,27.043,27.517,6.331,373.797,380.128,39.092,-38.234,-37.282,-47.256,3.119,1.167
3913,1,3913,2.422,69.573,71.994,-0.864,26.931,27.795,6.337,383.723,390.06,37.132,-38.392,-37.713,-47.299,3.507,-0.75,27.01,27.761,6.288,371.749,378.036,39.02,-38.494,-37.524,-47.612,3.191,3.162
3914,1,3914,2.476,71.261,73.737,-0.913,26.946,27.859,6.391,389.181,395.572,36.742,-38.562,-37.946,-47.37,3.441,-0.762,27.01,27.772,6.36,376.315,382.674,38.55,-38.731,-37.772,-47.766,3.092,1.749
3915,1,3915,2.427,70.064,72.491,-0.995,26.929,27.924,6.449,391.396,397.845,36.392,-38.467,-37.834,-47.302,3.544,-0.721,27.023,27.743,6.418,380.354,386.772,38.248,-38.24,-37.1,-47.519,3.029,1.638
3916,1,3916,2.436,69.964,72.4,-0.831,26.931,27.762,6.34,377.947,384.286,37.692,-38.249,-37.53,-47.21,3.538,-0.699,26.997,27.696,6.26,365.016,371.276,39.61,-38.373,-37.448,-47.506,3.309,1.643
3917,1,3917,2.493,72.35,74.842,-1.159,26.916,28.075,6.35,384.799,391.149,36.909,-38.75,-38.028,-47.686,3.424,-0.9,26.995,27.895,6.311,373.639,379.95,38.692,-38.943,-37.936,-48.031,3.09,1.937
3918,1,3918,2.411,69.068,71.48,-0.696,27.035,27.731,6.425,392.052,398.477,37.231,-38.103,-37.537,-46.933,3.55,-0.613,27.029,27.642,6.362,376.735,383.097,38.673,-38.169,-37.236,-47.218,3.209,0.954
3919,1,3919,2.504,72.183,74.687,-0.452,26.969,27.421,6.409,387.489,393.898,37.091,-38.486,-37.82,-47.434,3.523,-0.455,27.023,27.479,6.381,374.7,381.08,38.82,-38.591,-37.545,-47.625,3.098,1.971
3920,1,3920,2.523,76.454,78.977,-1.041,26.92,27.961,6.455,390.996,397.451,36.354,-39.048,-38.23,-48.095,3.451,-0.919,27.005,27.923,6.443,380.207,386.651,38.107,-39.099,-37.935,-48.253,3,1.939
3921,1,3921,2.512,71.63,74.143,-0.617,26.985,27.901,6.076,362.473,368.548,39.791,-38.17,-37.443,-47.261,3.298,-1.018,26.995,28.163,6.03,352.841,358.871,40.968,-38.107,-38.436,-47.566,3.414,1.97
3922,1,3922,2.479,70.155,72.634,-0.69,26.974,27.964,6.256,372.401,378.657,38.638,-38.363,-37.734,-47.252,3.31,-0.867,27.009,28.026,6.217,363.681,369.897,39.869,-37.863,-38.029,-47.603,3.233,2.609
3923,1,3923,2.522,72.332,74.854,-0.852,26.981,28.133,6.131,365.196,371.327,39.462,-38.206,-37.476,-47.244,3.284,-1.326,26.963,28.439,6.051,353.144,359.195,40.637,-38.149,-38.495,-47.734,3.433,2.458
3924,1,3924,2.528,72.187,74.715,-0.547,26.984,27.831,6.222,367.879,374.101,39.194,-38.236,-37.656,-47.116,3.309,-1.012,27.003,28.165,6.159,356.401,362.559,40.619,-37.97,-38.318,-47.527,3.325,1.69
3925,1,3925,2.549,72.99,75.54,-0.601,26.983,27.884,6.101,364.976,371.077,39.501,-38.106,-37.428,-47.154,3.336,-0.991,27,28.141,6.079,355.345,361.424,40.726,-37.935,-38.282,-47.371,3.412,1.752
3926,1,3926,2.556,73.237,75.794,-0.623,26.975,27.898,6.174,365.324,371.498,39.392,-38.339,-37.523,-47.54,3.266,-0.839,27.003,27.992,6.141,355.555,361.696,40.721,-38.326,-38.57,-47.908,3.394,1.278
3927,1,3927,2.734,76.71,79.444,-0.943,26.981,28.223,6.37,373.082,379.452,38.619,-38.746,-37.871,-47.974,3.201,-1.137,26.962,28.249,6.352,363.79,370.143,39.416,-38.854,-39.174,-48.333,3.306,1.603
3928,1,3928,2.515,69.248,71.763,-0.247,26.977,27.524,6.235,367.995,374.23,39.11,-38.152,-37.633,-46.966,3.301,-0.708,27.018,27.876,6.168,356.74,362.908,40.723,-37.991,-38.235,-47.589,3.281,2.096
3929,1,3929,2.464,69.895,72.359,-0.435,26.983,27.717,6.175,368.231,374.406,39.151,-37.964,-37.472,-46.747,3.35,-0.931,27.009,28.091,6.092,356.122,362.214,40.72,-37.672,-37.971,-47.319,3.364,1.912
3930,1,3930,2.53,71.195,73.725,-0.67,26.98,27.95,6.213,367.716,373.929,39.177,-38.277,-37.583,-47.281,3.325,-0.94,27.003,28.092,6.177,357.459,363.636,40.502,-37.827,-38.041,-47.603,3.327,0.932
3931,1,3931,2.527,72.31,74.837,-0.486,26.977,27.763,6.123,364.427,370.55,39.505,-38.162,-37.545,-47.125,3.327,-0.887,27.014,28.051,6.101,355.998,362.1,40.773,-38.007,-38.363,-47.377,3.353,1.678
3932,1,3932,2.49,69.621,72.11,-0.663,26.985,27.948,6.15,367.387,373.537,39.265,-38.245,-37.624,-47.173,3.294,-0.914,27.008,28.072,6.118,358.052,364.17,40.485,-38.016,-38.322,-47.565,3.311,2.53
3933,1,3933,2.426,67.595,70.021,-0.655,26.982,27.937,6.083,362.509,368.592,39.761,-38.099,-37.636,-46.861,3.301,-1.053,27.001,28.204,5.992,349.853,355.845,41.373,-37.957,-38.227,-47.651,3.303,1.853
3934,1,3934,2.485,69.66,72.144,-0.593,26.974,27.867,6.176,366.813,372.989,39.22,-38.309,-37.67,-47.249,3.296,-0.948,26.995,28.094,6.151,356.793,362.945,40.507,-38.101,-38.469,-47.644,3.336,2.393
3935,1,3935,2.589,74.399,76.988,-0.595,26.97,27.865,6.172,365.101,371.273,39.366,-38.429,-37.693,-47.511,3.302,-1.014,26.989,28.153,6.12,354.594,360.714,40.695,-38.277,-38.588,-47.812,3.329,2.273
3936,1,3936,2.568,72.189,74.757,-0.657,26.98,27.937,6.208,367.342,373.55,39.211,-38.473,-37.799,-47.442,3.25,-1.013,26.996,28.16,6.174,357.404,363.578,40.451,-38.382,-38.705,-47.879,3.28,0.89
3937,1,3937,2.448,68.961,71.408,-0.546,26.977,27.822,6.166,365.015,371.181,39.435,-38.008,-37.591,-46.709,3.357,-0.902,27.024,28.076,6.112,353.943,360.056,41.106,-37.564,-37.869,-47.13,3.279,2.181
3938,1,3938,2.477,70.948,73.425,-0.55,26.971,27.821,6.167,366.679,372.846,39.212,-38.187,-37.664,-46.983,3.3,-0.799,27.018,27.967,6.123,356.635,362.758,40.74,-38.009,-38.367,-47.487,3.303,2.072
3939,1,3939,2.609,74.172,76.781,-0.821,26.978,28.099,6.245,370.885,377.13,38.83,-38.512,-37.776,-47.563,3.283,-0.919,27.015,28.084,6.22,361.96,368.18,40.112,-38.244,-38.343,-47.925,3.213,2.414
3940,1,3940,2.473,67.84,70.314,-0.139,26.975,27.414,6.173,364.273,370.446,39.495,-37.823,-37.375,-46.581,3.404,-0.639,27.033,27.822,6.116,353.954,360.07,41.186,-37.437,-37.703,-47.035,3.336,1.023
