Header Section,,,,,,,,,,,,,,,,,,,,,,,,,,,,,,,,,,,,,,,,,,,,,,,,,,,,,,,,,,,,,,,,,,,,,,,,,,,,,,
Product,VC7824,,,,,,,,,,,,,,,,,,,,,,,,,,,,,,,,,,,,,,,,,,,,,,,,,,,,,,,,,,,,,,,,,,,,,,,,,,,,,
Test Plan,Rev(-),,,,,,,,,,,,,,,,,,,,,,,,,,,,,,,,,,,,,,,,,,,,,,,,,,,,,,,,,,,,,,,,,,,,,,,,,,,,,
Release Date,2015/08/10,,,,,,,,,,,,,,,,,,,,,,,,,,,,,,,,,,,,,,,,,,,,,,,,,,,,,,,,,,,,,,,,,,,,,,,,,,,,,
Comment,#1~25/A5E13.18.1;#25~50/A5E14.18.1,,,,,,,,,,,,,,,,,,,,,,,,,,,,,,,,,,,,,,,,,,,,,,,,,,,,,,,,,,,,,,,,,,,,,,,,,,,,,
,,,,,,,,,,,,,,,,,,,,,,,,,,,,,,,,,,,,,,,,,,,,,,,,,,,,,,,,,,,,,,,,,,,,,,,,,,,,,,
Data Section,,,,,,,,,,,,,,,,,,,,,,,,,,,,,,,,,,,,,,,,,,,,,,,,,,,,,,,,,,,,,,,,,,,,,,,,,,,,,,
Device#,1,2,3,4,5,6,7,8,9,10,11,12,13,14,15,16,17,18,19,20,21,22,23,24,25,26,27,28,29,30,31,32,33,34,35,36,37,38,39,40,41,42,43,44,45,46,47,48,49,50,51,52,53,54,55,56,57,58,59,60,61,62,63,64,65,66,67,68,69,70,71,72,73,74,75,76,77,78
Test Item,Site No,Device ID,Idle_TDD_Vbat,Idle_TDD_Vcc,Idle_TDD_Total,Pin_B40_2300,Pout_B40_2300,Gain_B40_2300,Icc_Vbat_B40_2300,Icc_Vcc_B40_2300,Icc_Total_B40_2300,PAE_Total_B40_2300,E-UTRA_ACP_L_B40_2300,UTRA_ACP1_L_B40_2300,UTRA_ACP2_L_B40_2300,EVM_B40_2300,Pin_B40_2655,Pout_B40_2655,Gain_B40_2655,Icc_Vbat_B40_2655,Icc_Vcc_B40_2655,Icc_Total_B40_2655,PAE_Total_B40_2655,E-UTRA_ACP_L_B40_2655,UTRA_ACP1_L_B40_2655,UTRA_ACP2_L_B40_2655,EVM_B40_2655,Pin_B38_2300,Pout_B38_2300,Gain_B38_2300,Icc_Vbat_B38_2300,Icc_Vcc_B38_2300,Icc_Total_B38_2300,PAE_Total_B38_2300,E-UTRA_ACP_L_B38_2300,UTRA_ACP1_L_B38_2300,UTRA_ACP2_L_B38_2300,EVM_B38_2300,Pin_B38_2400,Pout_B38_2400,Gain_B38_2400,Icc_Vbat_B38_2400,Icc_Vcc_B38_2400,Icc_Total_B38_2400,PAE_Total_B38_2400,E-UTRA_ACP_L_B38_2400,UTRA_ACP1_L_B38_2400,UTRA_ACP2_L_B38_2400,EVM_B38_2400,Pin_B41_2496,Pout_B41_2496,Gain_B41_2496,Icc_Vbat_B41_2496,Icc_Vcc_B41_2496,Icc_Total_B41_2496,PAE_Total_B41_2496,E-UTRA_ACP_L_B41_2496,UTRA_ACP1_L_B41_2496,UTRA_ACP2_L_B41_2496,EVM_B41_2496,Pin_B41_2655,Pout_B41_2655,Gain_B41_2655,Icc_Vbat_B41_2655,Icc_Vcc_B41_2655,Icc_Total_B41_2655,PAE_Total_B41_2655,E-UTRA_ACP_L_B41_2655,UTRA_ACP1_L_B41_2655,UTRA_ACP2_L_B41_2655,EVM_B41_2655,IL_RX1_B40_2496,IL_RX2_B38_2496,IL_RX2_B7 _2496,IL_RX2_B41_2496,Leakage Current,Test Time,Index Time
Low Tolerance,,,5,10,10,0.3,,,1,30,30,,1.5,1.5,1.5,0.5,0.3,,,1,30,30,,1.5,1.5,1.5,0.5,0.3,,,1,30,30,,1.5,1.5,1.5,0.5,0.3,,,1,30,30,,1.5,1.5,1.5,0.5,0.3,,,1,30,30,,1.5,1.5,1.5,0.5,0.3,,,1,30,30,,1.5,1.5,1.5,0.5,0.3,0.3,0.3,0.3,5,,
High Tolerance,,,5,10,10,0.5,,,1,30,30,,1.5,1.5,1.5,0.5,0.5,,,1,30,30,,1.5,1.5,1.5,0.5,0.5,,,1,30,30,,1.5,1.5,1.5,0.5,0.5,,,1,30,30,,1.5,1.5,1.5,0.5,0.5,,,1,30,30,,1.5,1.5,1.5,0.5,0.5,,,1,30,30,,1.5,1.5,1.5,0.5,0.3,0.3,0.3,0.3,5,,
Enable,,,1,1,1,1,0,0,0,1,1,,1,1,1,1,1,0,0,0,1,1,,1,1,1,1,1,0,0,0,1,1,,1,1,1,1,1,0,0,0,1,1,,1,1,1,1,1,0,0,0,1,1,,1,1,1,1,1,0,0,0,1,1,,1,1,1,1,1,1,1,1,1,,
1,1,1,3.89,138.91,142.79,-1.29,26.55,27.84,10.24,613.63,623.87,21.28,-41.56,-42.44,-49.26,1.31,1.78,26.55,24.77,9.26,545.21,554.47,23.99,-36.97,-35.32,-52.06,4.17,0.15,27.56,27.41,11.09,682.55,693.64,24.19,-36.92,-35.76,-48.36,3.36,-1.54,27.57,29.11,10.33,644.08,654.41,25.66,-39.52,-38.66,-50.44,2.39,0.75,27.54,26.79,9.55,559.44,568.99,29.34,-35.29,-33.69,-49.38,4.65,2.83,27.52,24.7,9.89,586.9,596.79,27.87,-35.43,-33.68,-50.88,4.71,-1.15,-1.24,-1.21,-1.61,3.92,1693,26293
2,1,2,4.02,146.6,150.63,-0.83,26.5,27.33,10.25,619.93,630.18,20.84,-41.17,-41.94,-49.1,1.69,1.32,26.56,25.24,9.12,541.18,550.29,24.19,-37.35,-35.74,-52.78,3.79,0.41,27.42,27.01,11.02,676.01,687.03,23.66,-37.01,-35.86,-48.82,3.08,-1.22,27.55,28.77,10.25,644.79,655.05,25.52,-39.34,-38.46,-50.26,2.52,0.91,27.55,26.64,9.63,564.33,573.95,29.15,-34.51,-32.83,-48.28,5.52,2.67,27.51,24.84,9.81,586.77,596.58,27.79,-35.25,-33.49,-50.78,4.84,-1.13,-1.21,-1.23,-1.69,3.99,1717,15087
3,1,3,4.06,148.22,152.27,-0.58,26.53,27.11,10.35,622.16,632.51,20.93,-41.09,-41.81,-49.25,1.81,0.96,26.52,25.56,9.17,542.83,551.99,23.88,-37.17,-35.55,-52.46,3.93,0.62,27.42,26.8,11.15,677.61,688.76,23.55,-37.06,-35.89,-49.04,3.08,-1.24,27.56,28.8,10.38,648.33,658.71,25.42,-39.33,-38.42,-50.43,2.6,0.42,27.55,27.14,9.71,562.55,572.26,29.26,-34.68,-32.99,-48.55,5.35,2.32,27.56,25.23,9.98,591.59,601.58,27.85,-34.9,-33.13,-50.13,5.17,-1.14,-1.21,-1.23,-1.65,3.89,1704,9663
4,1,4,4.1,148.85,152.95,-1.01,26.55,27.56,10.4,616.9,627.29,21.18,-41.09,-41.8,-49.31,1.82,1.5,26.55,25.05,9.18,537.04,546.22,24.34,-37.06,-35.38,-52.52,4.09,0.29,27.49,27.2,11.11,677.63,688.74,23.93,-36.82,-35.64,-48.81,3.38,-1.55,27.58,29.12,10.23,639.87,650.1,25.85,-39.38,-38.46,-50.64,2.52,0.86,27.55,26.69,9.7,564.05,573.75,29.15,-34.7,-33.01,-48.72,5.33,2.69,27.51,24.82,9.85,588.1,597.95,27.74,-35.36,-33.57,-51.06,4.78,-1.18,-1.19,-1.26,-1.71,3.96,1722,10108
5,1,5,3.95,140.9,144.85,-1.27,26.54,27.81,10.23,611.86,622.09,21.29,-41.69,-42.62,-49.41,1.13,1.46,26.53,25.07,9.24,541.91,551.15,23.99,-37.06,-35.41,-52.19,4.08,0.14,27.57,27.43,11.16,679.59,690.74,24.32,-37.05,-35.91,-48.45,3.17,-1.61,27.55,29.16,10.24,635.79,646.03,25.88,-39.91,-39.12,-50.94,1.97,0.77,27.54,26.77,9.59,555.67,565.26,29.53,-35.31,-33.72,-49.41,4.62,2.62,27.5,24.89,9.88,586.13,596.01,27.78,-35.5,-33.76,-50.77,4.65,-1.15,-1.22,-1.27,-1.61,4.04,1693,8819
6,1,6,4.03,146.51,150.54,-0.84,26.52,27.36,10.31,612.12,622.42,21.21,-41.47,-42.25,-49.67,1.43,1.48,26.54,25.06,9.21,540.51,549.73,24.13,-36.99,-35.33,-52.24,4.15,0.36,27.45,27.08,10.89,667.81,678.69,24.08,-37.43,-36.28,-49.35,2.67,-1.34,27.55,28.89,10.23,638.38,648.61,25.75,-39.65,-38.76,-51.07,2.27,0.63,27.57,26.93,9.55,558.28,567.83,29.57,-35.01,-33.35,-49.18,4.98,2.59,27.51,24.93,9.76,582.6,592.36,27.99,-35.35,-33.59,-50.82,4.78,-1.13,-1.21,-1.22,-1.67,3.92,1695,10751
7,1,7,4.11,148.72,152.83,-0.91,26.54,27.45,10.37,619.4,629.78,21.06,-41.22,-41.91,-49.58,1.73,1.56,26.55,24.99,9.22,543.92,553.14,24,-37.1,-35.41,-52.58,4.07,0.3,27.48,27.17,11.1,678.54,689.64,23.87,-37,-35.81,-49.09,3.16,-1.32,27.55,28.87,10.29,643.87,654.16,25.57,-39.43,-38.5,-50.88,2.48,0.7,27.56,26.86,9.67,560.64,570.3,29.39,-35,-33.32,-49.29,5,2.66,27.51,24.85,9.81,582.1,591.91,28.02,-35.43,-33.63,-51.14,4.74,-1.2,-1.22,-1.25,-1.63,3.97,1688,10562
8,1,8,4.02,142.06,146.08,-1.19,26.56,27.75,10.27,616.84,627.11,21.24,-41.09,-41.79,-49.15,1.85,1.62,26.53,24.92,9.27,538.55,547.82,24.16,-36.94,-35.26,-52.16,4.21,0.22,27.53,27.31,11.13,679.97,691.1,24.08,-36.59,-35.4,-48.45,3.68,-1.58,27.57,29.15,10.29,641.32,651.61,25.76,-39.25,-38.33,-50.27,2.66,0.69,27.56,26.87,9.65,560.91,570.56,29.41,-34.74,-33.07,-48.64,5.28,2.73,27.54,24.8,9.88,583.91,593.79,28.08,-35.19,-33.39,-50.74,4.96,-1.25,-1.23,-1.26,-1.69,3.92,1703,9647
9,1,9,4.01,145.17,149.18,-0.8,26.53,27.33,10.3,614.13,624.43,21.19,-41.12,-41.88,-48.99,1.78,1.57,26.55,24.98,9.15,535.81,544.96,24.41,-37.09,-35.43,-52.53,4.05,0.37,27.44,27.08,10.99,671.27,682.26,23.93,-37.02,-35.87,-48.71,3.15,-1.23,27.55,28.78,10.3,639.88,650.18,25.72,-39.33,-38.43,-50.37,2.59,0.85,27.52,26.67,9.57,560.13,569.7,29.15,-34.76,-33.08,-48.74,5.28,2.82,27.52,24.7,9.82,583.54,593.36,27.99,-35.18,-33.39,-50.87,4.92,-1.19,-1.2,-1.26,-1.68,4.02,1726,9173
10,1,10,4.09,149.69,153.78,-0.28,26.57,26.85,10.39,623.35,633.74,21.09,-41.04,-41.75,-49.34,1.89,0.86,26.51,25.65,9.27,545.69,554.96,23.72,-36.91,-35.27,-52.04,4.18,0.83,27.44,26.6,11.06,674.44,685.5,23.77,-37.15,-35.98,-49.14,3.03,-1.2,27.54,28.74,10.21,640.59,650.8,25.6,-39.73,-38.84,-51.05,2.23,0.24,27.54,27.3,9.56,556.9,566.46,29.44,-35.18,-33.52,-49.35,4.8,2.1,27.54,25.44,9.77,588.3,598.07,27.89,-34.94,-33.18,-49.94,5.14,-1.18,-1.29,-1.32,-1.65,3.9,1744,9248
11,1,11,3.93,139.73,143.65,-0.84,26.54,27.38,10.22,617.46,627.68,21.1,-41.07,-41.87,-48.68,1.78,1.37,26.55,25.18,9.18,538.36,547.54,24.29,-37.32,-35.7,-52.65,3.84,0.35,27.45,27.1,10.99,674.64,685.63,23.85,-36.95,-35.82,-48.46,3.19,-1.17,27.55,28.72,10.17,641.64,651.81,25.63,-39.43,-38.57,-50.16,2.45,0.91,27.55,26.64,9.66,562.8,572.47,29.22,-34.66,-32.99,-48.43,5.37,2.7,27.51,24.82,9.8,585.3,595.1,27.88,-35.37,-33.62,-50.89,4.74,-1.18,-1.22,-1.24,-1.72,3.97,1705,9756
12,1,12,4,145.57,149.57,-0.99,26.54,27.53,10.2,612.06,622.26,21.29,-41.4,-42.2,-49.44,1.47,1.23,26.53,25.3,9.14,537.72,546.86,24.19,-37.02,-35.36,-52.28,4.12,0.26,27.5,27.24,10.96,672.62,683.58,24.2,-37.12,-35.96,-48.95,3.01,-1.48,27.55,29.03,10.2,632.92,643.12,25.98,-39.78,-38.93,-50.91,2.12,0.8,27.56,26.76,9.57,559.4,568.96,29.45,-34.75,-33.07,-48.66,5.28,2.65,27.58,24.93,9.88,590.98,600.86,28.02,-34.95,-33.16,-50.27,5.17,-1.14,-1.23,-1.28,-1.7,3.92,1705,9615
13,1,13,4.1,151.07,155.17,-0.59,26.53,27.11,10.32,615.11,625.43,21.13,-41.26,-42,-49.58,1.62,0.93,26.52,25.59,9.24,539.72,548.97,24.03,-37.13,-35.5,-52.43,3.98,0.55,27.42,26.88,10.99,668.27,679.26,23.93,-37.3,-36.14,-49.39,2.75,-1.25,27.55,28.8,10.25,641.43,651.68,25.66,-39.48,-38.57,-50.74,2.44,0.44,27.55,27.11,9.59,560.42,570.01,29.35,-34.69,-32.98,-48.66,5.35,2.28,27.55,25.26,9.85,589.38,599.23,27.9,-34.87,-33.08,-50.12,5.21,-1.18,-1.25,-1.27,-1.67,4,1743,11254
14,1,14,4.01,146.69,150.7,-0.34,26.58,26.92,10.33,624.92,635.26,21.05,-41.02,-41.77,-49.04,1.89,1.08,26.54,25.46,9.21,544.7,553.91,23.94,-36.98,-35.35,-52.13,4.11,0.77,27.43,26.65,10.9,674.64,685.55,23.73,-37.2,-36.05,-49,2.97,-1.15,27.54,28.69,10.2,645.08,655.28,25.44,-39.52,-38.63,-50.71,2.42,0.45,27.58,27.13,9.63,564.62,574.24,29.36,-34.77,-33.08,-48.75,5.25,2.45,27.58,25.13,9.8,591.07,600.86,28.04,-34.88,-33.11,-50.13,5.18,-1.18,-1.25,-1.27,-1.71,3.92,1706,10271
15,1,15,4.01,144.72,148.73,-0.74,26.54,27.29,10.53,633.99,644.52,20.59,-40.88,-41.59,-48.75,2.06,1.63,26.53,24.89,9.36,554.39,563.75,23.44,-37.04,-35.36,-52.37,4.14,0.34,27.46,27.11,10.98,674.78,685.75,23.88,-37.11,-35.95,-48.92,3.04,-1.24,27.56,28.8,10.25,645.18,655.43,25.57,-39.33,-38.42,-50.49,2.58,0.95,27.54,26.59,9.59,560,569.59,29.32,-34.91,-33.22,-49.04,5.12,2.79,27.56,24.77,9.82,588.55,598.38,28.03,-35.04,-33.23,-50.56,5.1,-1.22,-1.2,-1.3,-1.73,4.04,1711,9364
16,1,16,4.03,147.19,151.22,-0.56,26.53,27.09,10.3,621.68,631.98,20.92,-41.16,-41.93,-49.14,1.7,0.99,26.53,25.54,9.21,542.81,552.02,23.97,-37.39,-35.79,-52.79,3.75,0.6,27.42,26.82,11.02,678.22,689.24,23.58,-37.09,-35.95,-48.96,2.97,-1.02,27.54,28.57,10.34,647.61,657.94,25.36,-39.46,-38.59,-50.58,2.41,0.7,27.52,26.81,9.62,564.31,573.93,28.93,-34.67,-33,-48.53,5.34,2.5,27.58,25.08,9.97,596.1,606.07,27.77,-34.94,-33.16,-50.31,5.15,-1.17,-1.24,-1.26,-1.7,3.93,1712,10724
17,1,17,3.99,143.04,147.03,-0.8,26.5,27.29,10.21,610.09,620.3,21.17,-41.57,-42.43,-49.58,1.29,1.42,26.53,25.1,9.13,537.2,546.34,24.19,-36.85,-35.17,-52.04,4.28,0.36,27.45,27.09,10.93,667.93,678.85,24.07,-37.4,-36.27,-49.08,2.73,-1.35,27.55,28.9,10.23,635.37,645.6,25.88,-39.73,-38.89,-50.94,2.2,0.74,27.56,26.82,9.55,557.91,567.46,29.53,-35.01,-33.35,-49.08,5,2.67,27.56,24.89,9.79,585.9,595.69,28.17,-35,-33.22,-50.33,5.1,-1.17,-1.22,-1.3,-1.69,4,1720,9305
18,1,18,3.97,138.32,142.29,-1.05,26.54,27.59,10.37,615.3,625.67,21.18,-41.3,-42.21,-48.59,1.49,1.71,26.57,24.85,9.19,538.35,547.55,24.37,-37.24,-35.59,-52.51,3.94,0.27,27.5,27.23,11.17,677.66,688.84,24,-36.97,-35.85,-48.07,3.25,-1.27,27.56,28.82,10.32,641.54,651.86,25.67,-39.48,-38.66,-49.95,2.4,0.96,27.54,26.58,9.71,557.9,567.6,29.38,-35.08,-33.44,-49.06,4.91,2.9,27.54,24.63,9.91,582.43,592.34,28.15,-35.48,-33.74,-50.94,4.65,-1.16,-1.24,-1.25,-1.68,3.95,1702,9401
19,1,19,4.07,147.83,151.9,-0.11,26.57,26.68,10.33,625.28,635.61,20.98,-40.96,-41.66,-49.19,1.98,0.84,26.52,25.68,9.22,547.4,556.63,23.71,-36.95,-35.35,-51.91,4.11,1.07,27.42,26.35,11.03,675.52,686.54,23.64,-37.06,-35.88,-49,3.14,-1.05,27.54,28.58,10.32,643.55,653.87,25.47,-39.58,-38.67,-50.91,2.39,0.39,27.56,27.17,9.64,564.96,574.59,29.16,-34.61,-32.91,-48.57,5.42,2.23,27.54,25.31,10.01,598.74,608.75,27.45,-34.76,-33.01,-49.6,5.28,-1.14,-1.22,-1.27,-1.68,3.94,1718,9394
20,1,20,3.94,144.09,148.04,-0.81,26.53,27.35,10.25,614.95,625.2,21.17,-41.19,-41.98,-49.17,1.69,1.42,26.53,25.11,9.14,539.8,548.94,24.12,-36.98,-35.33,-52.17,4.15,0.38,27.44,27.06,11,671.06,682.05,23.92,-37.12,-35.97,-48.84,3.05,-1.25,27.56,28.81,10.3,640.26,650.56,25.72,-39.46,-38.57,-50.76,2.46,0.82,27.56,26.73,9.53,561.59,571.12,29.33,-34.78,-33.1,-48.79,5.24,2.78,27.59,24.81,9.88,590.18,600.06,28.11,-34.86,-33.07,-50.15,5.24,-1.14,-1.25,-1.25,-1.65,3.96,1685,8662
21,1,21,4.07,148.82,152.89,-0.23,26.57,26.8,10.42,630.25,640.67,20.82,-40.67,-41.33,-48.93,2.3,0.73,26.51,25.79,9.32,555.07,564.39,23.36,-36.8,-35.19,-51.65,4.25,0.92,27.42,26.5,11.08,681.67,692.74,23.44,-36.69,-35.5,-48.64,3.6,-1.23,27.56,28.79,10.43,650.96,661.4,25.32,-39.22,-38.27,-50.54,2.8,0.3,27.54,27.24,9.69,568.9,578.59,28.87,-34.37,-32.66,-48.12,5.68,2.12,27.51,25.39,10.04,605.42,615.46,26.94,-34.57,-32.82,-49.26,5.46,-1.17,-1.3,-1.3,-1.71,3.91,1713,10467
22,1,22,4.02,144.57,148.59,-0.94,26.53,27.47,10.28,615.03,625.31,21.17,-41.55,-42.31,-49.88,1.38,1.5,26.54,25.04,9.24,543.32,552.55,24,-36.99,-35.33,-52.18,4.14,0.31,27.47,27.16,10.94,673.87,684.81,24.01,-37.33,-36.16,-49.35,2.81,-1.49,27.56,29.05,10.34,644.01,654.35,25.59,-39.55,-38.63,-50.9,2.4,0.44,27.57,27.13,9.58,560.5,570.08,29.51,-35.17,-33.52,-49.37,4.8,2.56,27.54,24.98,9.74,582.63,592.37,28.15,-35.35,-33.58,-50.8,4.79,-1.19,-1.24,-1.27,-1.64,3.94,1695,10319
23,1,23,4.11,149.22,153.32,-1.01,26.53,27.54,10.28,617.62,627.9,21.09,-41.54,-42.28,-50,1.4,1.38,26.53,25.15,9.26,547.59,556.85,23.77,-37.11,-35.44,-52.46,4.03,0.28,27.49,27.21,11.04,678.03,689.07,23.93,-37.2,-36.01,-49.35,2.94,-1.51,27.57,29.08,10.36,648.91,659.26,25.46,-39.43,-38.5,-50.96,2.49,0.51,27.57,27.05,9.74,564.79,574.54,29.23,-35.03,-33.36,-49.27,4.96,2.59,27.58,24.99,9.96,594.8,604.76,27.83,-35.12,-33.31,-50.61,5.03,-1.16,-1.24,-1.27,-1.65,4.02,1676,8767
24,1,24,4.09,144.49,148.58,-0.21,26.58,26.8,10.44,623.54,633.98,21.12,-40.79,-41.51,-48.64,2.13,1.03,26.54,25.51,9.21,538.46,547.67,24.2,-37.02,-35.4,-52.23,4.07,0.91,27.42,26.51,11.2,675.31,686.51,23.68,-36.93,-35.78,-48.6,3.28,-1.14,27.49,28.62,10.31,634.37,644.68,25.55,-39.81,-38.99,-50.82,2.09,0.72,27.57,26.85,9.68,562.83,572.52,29.34,-34.45,-32.75,-48.1,5.6,2.47,27.57,25.1,9.96,591.8,601.77,27.93,-34.75,-32.98,-49.88,5.3,-1.2,-1.25,-1.27,-1.73,3.96,1718,9618
25,1,25,3.96,142.54,146.5,-0.76,26.52,27.28,10.32,616.71,627.02,21.06,-41.31,-42.1,-49.25,1.59,1.63,26.55,24.92,9.21,541.97,551.18,24.11,-37.02,-35.37,-52.27,4.12,0.41,27.43,27.02,10.9,671.65,682.55,23.84,-37.31,-36.16,-49.03,2.82,-1.18,27.56,28.74,10.28,645.51,655.79,25.52,-39.33,-38.42,-50.47,2.59,0.78,27.55,26.77,9.56,561.37,570.93,29.32,-35.01,-33.35,-49.15,4.99,2.75,27.52,24.76,9.84,583.77,593.61,27.97,-35.38,-33.62,-50.93,4.76,-1.18,-1.21,-1.26,-1.63,4.01,1718,9189
26,1,26,4.01,149.39,153.4,-1,26.43,27.42,9.96,587.18,597.14,21.64,-40.39,-40.21,-50.22,1.82,0.32,26.5,26.18,8.79,525.15,533.94,24.63,-37.3,-36,-50.92,3.8,0.37,27.42,27.05,10.72,654.59,665.31,24.38,-36.72,-35.25,-49.86,3.28,-1.47,27.42,28.89,10.21,642.25,652.46,24.91,-39.52,-38.52,-51.96,2,-0.33,27.49,27.82,9.96,596.83,606.79,27.19,-38.83,-37.84,-51.17,2.63,1.34,27.42,26.08,10.19,625.23,635.43,25.56,-35.96,-34.3,-51.1,4.51,-1,-0.95,-0.97,-1.05,3.95,1650,0
27,1,27,4.07,150.7,154.77,-0.81,26.45,27.26,9.93,586.09,596.02,21.8,-40.14,-39.91,-49.98,2.09,0.48,26.5,26.02,9.05,523.92,532.97,24.66,-37.02,-35.69,-50.6,4.04,0.45,27.43,26.97,10.76,652.91,663.67,24.5,-36.59,-35.12,-49.79,3.4,-1.27,27.43,28.69,10.41,642.87,653.28,24.9,-39.14,-38.11,-51.58,2.38,-0.19,27.44,27.63,10.04,593.04,603.08,27.05,-38.75,-37.74,-51.17,2.73,1.58,27.42,25.84,10.4,625.19,635.59,25.53,-35.63,-34,-50.91,4.73,-0.98,-0.99,-1,-1.05,3.95,1707,0
28,1,28,3.98,148.5,152.49,-0.68,26.46,27.14,9.97,595.96,605.93,21.47,-39.94,-39.72,-49.66,2.3,0.3,26.5,26.21,9.05,528.39,537.44,24.46,-37.26,-35.96,-50.97,3.82,0.73,27.43,26.7,10.73,665.75,676.48,24.06,-36.19,-34.7,-49.16,3.96,-1.17,27.42,28.59,10.32,651.68,662,24.54,-39.08,-38.05,-51.48,2.48,-0.29,27.47,27.76,10.09,600.05,610.14,26.93,-38.72,-37.72,-51.06,2.75,1.35,27.42,26.07,10.23,626.72,636.95,25.47,-35.92,-34.27,-51.05,4.58,-1.01,-1.01,-1.05,-1.06,3.86,1687,0
29,1,29,4.02,148.72,152.74,-0.26,26.43,26.69,10.13,597.68,607.81,21.28,-39.71,-39.48,-49.29,2.52,0.29,26.51,26.22,9.06,531.31,540.36,24.38,-37.4,-36.13,-51.05,3.69,1.18,27.42,26.24,10.9,668.88,679.78,23.88,-35.74,-34.25,-48.53,4.51,-0.79,27.45,28.23,10.26,650.56,660.82,24.73,-39.07,-38.04,-51.31,2.49,-0.01,27.45,27.47,10.19,600.75,610.94,26.77,-38.88,-37.88,-51.36,2.6,1.34,27.42,26.09,10.47,629.84,640.31,25.39,-36,-34.35,-51.05,4.51,-0.98,-1.02,-1.08,-1.11,3.96,1733.67,0
30,1,30,3.79,136.69,140.49,-0.16,26.44,26.61,9.86,600.33,610.19,21.25,-39.64,-39.49,-48.7,2.61,-0.06,26.5,26.56,8.86,532.18,541.04,24.27,-37.39,-36.21,-50.57,3.64,1.36,27.42,26.06,10.89,677.56,688.45,23.6,-35.55,-34.09,-47.8,4.87,-0.52,27.42,27.94,10.19,663.66,673.85,24.12,-38.4,-37.37,-50.01,3.29,-0.3,27.48,27.78,9.92,610.2,620.12,26.52,-38.57,-37.56,-50.56,2.95,1.2,27.48,26.28,10.38,642.76,653.14,25.22,-35.57,-33.98,-50.42,4.87,-0.96,-1.04,-1.04,-1.08,3.82,1791.67,0
31,1,31,4.01,148.96,152.97,-0.65,26.46,27.1,9.83,589.02,598.85,21.72,-40.02,-39.8,-49.67,2.2,0.24,26.5,26.27,8.87,526,534.87,24.57,-37.26,-35.95,-50.94,3.84,0.68,27.43,26.75,10.71,659.71,670.42,24.29,-36.34,-34.86,-49.32,3.74,-1.05,27.45,28.5,10.24,646.33,656.57,24.89,-39.19,-38.17,-51.45,2.34,-0.2,27.44,27.64,9.96,594.21,604.17,27.01,-38.93,-37.94,-51.32,2.54,1.31,27.43,26.13,10.27,626.54,636.8,25.57,-35.78,-34.13,-50.98,4.68,-0.97,-1,-1.05,-1.04,3.85,1722.33,0
32,1,32,3.77,135.11,138.89,-0.51,26.45,26.96,9.74,586.28,596.02,21.77,-40.02,-39.95,-48.95,2.17,0.64,26.5,25.86,8.79,524.86,533.65,24.64,-36.8,-35.57,-49.61,4.16,0.81,27.43,26.62,10.63,654.71,665.34,24.46,-36.24,-34.82,-48.35,3.99,-0.78,27.42,28.2,10.15,645.24,655.38,24.76,-38.94,-37.94,-50.67,2.66,0.07,27.44,27.37,9.73,592.42,602.15,27.08,-38.71,-37.73,-50.73,2.78,1.85,27.43,25.58,10.42,630.54,640.96,25.4,-35.33,-33.78,-50.3,4.87,-0.96,-1.01,-1.05,-1.06,3.91,1787,0
33,1,33,3.93,144.02,147.95,-0.23,26.44,26.66,10.18,597.4,607.58,21.3,-39.63,-39.44,-48.96,2.59,-0.03,26.51,26.54,8.88,525.77,534.65,24.62,-37.39,-36.15,-51.05,3.68,1.33,27.43,26.1,10.83,672.94,683.77,23.8,-35.49,-34.01,-48.1,4.85,-0.74,27.42,28.16,10.16,652.11,662.27,24.53,-38.84,-37.82,-50.74,2.75,-0.28,27.47,27.75,10.08,601.51,611.59,26.85,-38.73,-37.73,-50.87,2.76,1.2,27.49,26.29,10.4,633.24,643.64,25.62,-35.63,-34,-50.64,4.91,-1.03,-1.09,-1.11,-1.13,4.03,1734.33,0
34,1,34,3.97,144.37,148.34,-0.28,26.45,26.73,9.92,588.98,598.91,21.66,-40.03,-39.86,-49.49,2.2,0.2,26.5,26.29,8.98,523.14,532.11,24.67,-37.08,-35.8,-50.6,3.96,1.06,27.42,26.36,10.87,658.77,669.64,24.27,-36.24,-34.77,-48.92,3.93,-0.63,27.42,28.05,10.17,648.57,658.74,24.64,-38.92,-37.9,-51.01,2.66,-0.22,27.45,27.67,9.85,594.96,604.81,27.02,-38.86,-37.86,-51.1,2.64,1.31,27.45,26.15,10.45,625.77,636.22,25.71,-35.61,-34.01,-50.61,4.81,-0.98,-1.05,-1.06,-1.09,3.97,1703,0
35,1,35,4.13,153.53,157.66,-0.9,26.44,27.34,10.14,602.36,612.5,21.16,-39.5,-39.22,-49.3,2.68,0.23,26.51,26.28,9.14,527.44,536.57,24.54,-37.44,-36.15,-51.29,3.66,0.65,27.41,26.76,11.02,675.33,686.35,23.62,-35.58,-34.1,-48.83,4.53,-1.32,27.43,28.75,10.35,656.37,666.72,24.39,-38.79,-37.75,-51.07,2.69,-0.32,27.48,27.8,10.03,602.52,612.55,26.89,-38.63,-37.62,-50.87,2.86,1.29,27.44,26.15,10.45,628.14,638.59,25.55,-35.94,-34.27,-51.1,4.61,-1.03,-1.02,-1.06,-1.1,3.97,1694.67,0
36,1,36,3.88,141.34,145.22,-0.67,26.46,27.13,9.77,588.5,598.27,21.75,-39.9,-39.73,-49.24,2.32,0.13,26.49,26.37,8.7,522.22,530.92,24.71,-37.32,-36,-50.88,3.86,0.65,27.43,26.78,10.48,656.82,667.3,24.4,-36.18,-34.71,-48.77,4.02,-1.41,27.42,28.83,10.1,641.19,651.28,24.92,-39.16,-38.16,-50.97,2.47,-0.34,27.49,27.83,9.92,595.93,605.85,27.25,-38.49,-37.48,-50.52,3.01,1.29,27.44,26.15,10.18,623.47,633.65,25.73,-35.7,-34.05,-50.95,4.81,-1.01,-1.05,-1.12,-1.13,3.82,1724.33,0
37,1,37,3.99,150.1,154.09,-0.24,26.44,26.67,9.95,597.97,607.92,21.3,-39.83,-39.59,-49.53,2.42,0.01,26.5,26.49,9.03,528.6,537.63,24.43,-37.34,-36.04,-51.15,3.76,1.18,27.42,26.24,11.01,671.04,682.06,23.81,-35.87,-34.38,-48.79,4.36,-0.7,27.42,28.12,10.2,654.8,664.99,24.39,-38.94,-37.89,-51.27,2.63,-0.2,27.44,27.63,10.15,603.02,613.17,26.6,-38.87,-37.86,-51.37,2.61,1.24,27.47,26.23,10.48,636.29,646.77,25.37,-35.63,-33.99,-50.85,4.85,-1.01,-1.04,-1.06,-1.1,3.96,1725,0
38,1,38,3.96,148.97,152.93,-1.07,26.43,27.5,9.69,580.57,590.26,21.9,-40.57,-40.42,-50.4,1.64,0.35,26.5,26.15,8.78,521.17,529.95,24.77,-37.31,-35.94,-51.12,3.88,0.26,27.42,27.17,10.5,651.43,661.93,24.55,-36.85,-35.39,-49.92,3.15,-1.54,27.42,28.96,10.1,640.35,650.45,24.94,-39.5,-38.49,-51.95,2.04,-0.29,27.47,27.76,9.84,595.01,604.85,27.16,-38.77,-37.75,-51.25,2.72,1.4,27.42,26.03,10.28,624.61,634.89,25.59,-35.84,-34.17,-51.27,4.62,-1.01,-1.03,-1.06,-1.06,3.93,1635.67,0
39,1,39,4.1,156.4,160.49,-1.13,26.42,27.55,9.78,591.98,601.76,21.42,-40.25,-39.97,-50.43,2.01,0.31,26.5,26.18,9.11,531.58,540.68,24.27,-37.33,-35.96,-51.2,3.84,0.28,27.42,27.14,10.89,664.3,675.18,24.05,-36.4,-34.89,-49.93,3.61,-1.6,27.47,29.07,10.18,647.56,657.73,24.98,-39.39,-38.34,-52.09,2.15,-0.18,27.43,27.61,9.95,602.25,612.2,26.61,-38.76,-37.74,-51.44,2.69,1.5,27.43,25.94,10.39,634.65,645.04,25.24,-35.77,-34.09,-51.3,4.67,-1,-1.07,-1.09,-1.11,3.87,1673.67,0
40,1,40,3.93,143.62,147.55,-0.95,26.44,27.4,9.77,582.79,592.56,21.88,-40.16,-39.99,-49.67,2.05,0.47,26.51,26.04,8.75,518.62,527.38,24.97,-37.11,-35.79,-50.52,3.99,0.38,27.42,27.04,10.76,651.32,662.07,24.53,-36.54,-35.07,-49.39,3.53,-1.48,27.42,28.9,10.16,640.01,650.17,25,-39.09,-38.07,-51.21,2.46,-0.29,27.47,27.76,10.01,592.78,602.79,27.26,-38.54,-37.52,-50.76,2.94,1.51,27.43,25.92,10.4,620.9,631.3,25.77,-35.69,-34.07,-50.82,4.72,-1.01,-1.04,-1.1,-1.12,3.97,1738.67,0
41,1,41,3.86,140.73,144.59,-0.57,26.45,27.02,9.78,595.25,605.03,21.47,-39.92,-39.75,-49.33,2.3,0.19,26.51,26.32,8.76,526.8,535.56,24.57,-37.19,-35.93,-50.66,3.87,0.85,27.42,26.57,10.74,669.31,680.05,23.9,-36.02,-34.55,-48.65,4.22,-1.04,27.42,28.46,10.14,656.4,666.54,24.38,-38.86,-37.83,-50.79,2.76,-0.34,27.49,27.83,9.83,603.85,613.69,26.89,-38.59,-37.58,-50.63,2.91,1.32,27.43,26.11,10.3,630.83,641.13,25.39,-35.78,-34.15,-50.76,4.71,-1.03,-1.06,-1.07,-1.11,3.87,1710,0
42,1,42,3.82,140.45,144.26,-0.93,26.45,27.37,9.81,596.89,606.69,21.4,-39.85,-39.66,-49.08,2.38,0.49,26.51,26.01,8.71,529.33,538.04,24.45,-37.11,-35.82,-50.5,3.95,0.5,27.43,26.93,10.85,668.7,679.54,23.94,-36.02,-34.55,-48.69,4.16,-1.28,27.42,28.7,10.09,648.9,658.99,24.65,-39.07,-38.07,-51.06,2.45,-0.09,27.43,27.51,9.76,596.12,605.89,26.86,-38.87,-37.92,-50.95,2.58,1.63,27.42,25.79,10.13,630.77,640.91,25.35,-35.58,-33.96,-50.7,4.86,-1.03,-1.05,-1.06,-1.07,3.89,1736.67,0
43,1,43,4,148.82,152.82,-0.53,26.45,26.98,10.14,592.35,602.49,21.53,-39.99,-39.76,-49.65,2.23,0.14,26.5,26.36,8.92,523.43,532.35,24.69,-37.45,-36.14,-51.2,3.71,0.83,27.43,26.6,10.87,665.04,675.91,24.07,-36.19,-34.71,-49.16,3.92,-0.93,27.43,28.35,10.27,645.2,655.47,24.8,-39.2,-38.18,-51.41,2.35,-0.14,27.42,27.56,10,593.08,603.08,26.93,-39.09,-38.12,-51.61,2.36,1.27,27.45,26.18,10.24,626.45,636.69,25.66,-35.88,-34.21,-51.15,4.64,-1.01,-1.02,-1.03,-1.07,3.93,1704,0
44,1,44,4.21,160.37,164.58,-1.1,26.43,27.53,10.21,594.49,604.71,21.38,-40.11,-39.81,-50.44,2.14,0.63,26.53,25.9,9.32,535.82,545.14,24.29,-37.16,-35.83,-50.93,3.89,0.36,27.43,27.07,10.91,667.79,678.7,23.97,-36.28,-34.77,-49.94,3.73,-1.32,27.42,28.74,10.53,657.76,668.29,24.31,-38.89,-37.8,-51.86,2.6,-0.19,27.44,27.63,10.14,603.39,613.52,26.58,-38.81,-37.79,-51.59,2.62,1.61,27.42,25.81,10.54,633.55,644.09,25.23,-35.95,-34.31,-51.14,4.44,-0.99,-0.99,-1.03,-1.05,3.96,1708,0
45,1,45,3.95,145.75,149.7,-0.68,26.45,27.13,9.98,595.16,605.13,21.44,-39.96,-39.73,-49.59,2.31,0.51,26.51,26,8.79,532.49,541.27,24.31,-37.1,-35.8,-50.61,3.96,0.72,27.42,26.71,10.75,667.64,678.4,23.94,-36.13,-34.64,-48.99,4.06,-1.02,27.42,28.44,10.33,655.58,665.91,24.37,-38.93,-37.88,-51.23,2.65,-0.14,27.42,27.56,9.85,600.25,610.11,26.62,-38.82,-37.83,-51.14,2.63,1.6,27.42,25.81,10.39,632.41,642.79,25.23,-35.72,-34.09,-50.82,4.7,-1.02,-1.07,-1.08,-1.1,3.9,1731.33,0
46,1,46,3.81,138.14,141.95,-0.67,26.46,27.13,9.78,590.75,600.54,21.65,-39.8,-39.71,-48.77,2.36,0.22,26.51,26.29,8.75,516.1,524.85,25.1,-37.21,-35.99,-50.56,3.82,0.72,27.43,26.7,10.65,664.57,675.22,24.09,-35.98,-34.55,-48.19,4.28,-1.34,27.42,28.76,10.02,642.94,652.96,24.87,-39.17,-38.22,-50.81,2.4,-0.33,27.49,27.81,9.62,592.04,601.66,27.39,-38.78,-37.84,-50.68,2.66,1.32,27.43,26.11,10.08,617.48,627.57,25.94,-35.94,-34.31,-50.7,4.6,-0.97,-1.04,-1.1,-1.11,3.89,1725,0
47,1,47,3.89,144.47,148.36,-0.45,26.46,26.91,9.74,596.43,606.17,21.48,-39.9,-39.72,-49.31,2.34,0.18,26.49,26.31,8.84,531.15,539.99,24.28,-37.28,-35.99,-50.87,3.84,0.97,27.42,26.45,11,670.7,681.7,23.83,-36.06,-34.58,-48.75,4.16,-0.85,27.42,28.27,10.26,656.03,666.29,24.37,-38.97,-37.94,-51.12,2.64,0.39,27.44,27.05,10.13,609.89,620.02,26.31,-38.6,-37.58,-50.83,2.94,1.68,27.42,25.74,10.45,638.7,649.15,25.03,-35.6,-33.96,-51.06,4.83,-1.03,-1.02,-1.11,-1.18,3.97,1754.33,0
48,1,48,3.98,146.58,150.56,-0.31,26.44,26.74,9.93,597.05,606.97,21.34,-39.8,-39.58,-49.36,2.43,0.15,26.5,26.35,9.18,530.15,539.33,24.39,-37.26,-35.99,-50.9,3.81,1.12,27.41,26.29,10.87,670.86,681.72,23.78,-35.91,-34.42,-48.69,4.33,-0.66,27.44,28.09,10.47,660.11,670.59,24.3,-38.66,-37.61,-50.74,2.95,-0.22,27.45,27.67,9.99,601.96,611.95,26.72,-38.79,-37.79,-51.07,2.69,1.29,27.44,26.15,10.43,633.66,644.1,25.32,-35.73,-34.1,-50.77,4.77,-1.03,-1.03,-1.05,-1.1,3.93,1730,0
49,1,49,3.9,144.14,148.04,-1.31,26.45,27.75,9.76,588.39,598.15,21.7,-40.12,-39.9,-49.74,2.16,0.69,26.5,25.81,8.86,528.02,536.88,24.47,-36.95,-35.58,-50.44,4.17,0.05,27.42,27.38,10.59,658.44,669.03,24.3,-36.45,-34.96,-49.48,3.64,-1.58,27.42,29,10.27,645.45,655.72,24.76,-39.07,-38.02,-51.49,2.47,0.03,27.45,27.42,10.02,598.84,608.86,26.84,-38.43,-37.41,-50.63,3.06,1.91,27.42,25.5,10.44,634.53,644.97,25.16,-35.28,-33.67,-50.81,5.04,-0.99,-1.06,-1.09,-1.13,3.94,1760,0
50,1,50,3.95,144.33,148.28,-0.37,26.44,26.81,9.91,595.51,605.42,21.39,-39.77,-39.57,-49.18,2.47,-0.05,26.48,26.53,8.91,524.22,533.13,24.52,-37.46,-36.19,-51.19,3.68,1.16,27.43,26.27,10.87,671.05,681.92,23.88,-35.67,-34.19,-48.34,4.64,-0.95,27.42,28.37,10.25,654.91,665.16,24.42,-38.87,-37.85,-50.75,2.75,-0.35,27.5,27.85,10.15,605.38,615.53,26.85,-38.49,-37.47,-50.42,3.04,1.21,27.47,26.26,10.31,632.69,643.01,25.55,-35.52,-33.88,-50.75,5.04,-1.03,-1.05,-1.1,-1.13,3.98,1775.33,0
51,1,51,3.73,130.62,134.35,-0.88,26.42,27.31,10.34,635.73,646.06,19.97,-40.63,-41.5,-47.95,2.11,0.74,26.52,25.78,9.09,534.05,543.15,24.3,-37.84,-36.57,-52.09,2.97,0.66,27.38,26.72,11.61,626.47,637.08,22.46,-37.44,-36.55,-48.69,2.75,-0.92,27.38,28.31,10.82,614.49,624.31,22.94,-39.38,-38.72,-49.98,1.65,0.42,27.41,26.99,10.18,625.68,635.87,25.5,-38.04,-37.25,-49.8,2.2,2.06,27.42,25.36,11.24,686.86,698.1,23.24,-35.49,-33.55,-49.87,4.85,-1.02,-0.98,-1.08,-1.07,4.01,2085,132912
52,1,52,3.89,137.84,141.72,-0.77,26.42,27.18,10.61,645.98,656.59,19.63,-40.56,-41.41,-48.2,2.15,0.81,26.52,25.71,9.25,543.07,552.32,23.88,-38,-36.69,-52.47,2.88,0.45,27.39,26.95,11.7,627.55,638.25,22.52,-38,-37.05,-49,2.13,-0.86,27.28,28.14,10.94,622.57,632.52,22.15,-39.57,-38.88,-50.3,1.45,0.71,27.43,26.72,10.43,639.25,649.68,25.04,-37.87,-37.06,-49.79,2.39,2.1,27.41,25.31,11.77,695.61,707.39,22.93,-35.64,-33.66,-50.17,4.76,-1.03,-0.95,-1.06,-1.08,4.03,2001.67,7015.67
53,1,53,3.8,131.45,135.26,-0.83,26.41,27.24,10.37,641.97,652.35,19.74,-40.35,-41.21,-47.68,2.44,0.58,26.54,25.95,9.09,536.83,545.92,24.28,-37.91,-36.66,-52.19,2.92,0.94,27.35,26.42,11.8,633.26,644.06,22.1,-36.91,-36.09,-48.55,3.22,-0.91,27.34,28.24,10.86,620.18,630.05,22.49,-39.04,-38.41,-49.82,1.97,0.28,27.42,27.14,10.43,626.8,637.23,25.46,-38.02,-37.24,-49.72,2.19,1.66,27.42,25.76,11.34,680.5,691.84,23.47,-35.93,-33.95,-50.07,4.47,-0.99,-0.94,-1.05,-1.07,4.1,2061.67,8726.67
54,1,54,3.97,143.79,147.76,-0.22,26.43,26.65,10.76,652.48,663.24,19.5,-40.12,-40.91,-48.44,2.68,-0.09,26.52,26.61,9.03,546.76,555.8,23.72,-38.35,-36.99,-53.21,2.71,1.33,27.34,26.01,11.71,641.1,651.8,21.8,-37.04,-36.19,-48.92,3.03,-0.44,27.33,27.77,11.26,632.99,643.25,22.06,-38.82,-38.2,-50.18,2.16,0.38,27.44,27.05,10.55,646.14,656.69,24.82,-37.43,-36.61,-49.4,2.83,1.09,27.42,26.33,11.37,689.38,700.74,23.18,-36.1,-34.05,-50.64,4.45,-1,-1.03,-1.14,-1.16,4.11,2206,6966.67
55,1,55,4.1,152.48,156.58,-0.87,26.41,27.28,10.95,657.06,668.01,19.28,-40.46,-41.24,-49.12,2.19,0.15,26.54,26.39,9.06,554.61,563.66,23.5,-38.36,-36.94,-53.46,2.73,0.78,27.36,26.58,11.85,648.36,659.2,21.71,-37.18,-36.3,-49.01,2.87,-0.97,27.3,28.27,11.77,638.47,649.24,21.72,-39.21,-38.55,-50.62,1.71,0.49,27.44,26.95,10.7,657.63,668.33,24.41,-37.57,-36.73,-49.82,2.7,1.32,27.42,26.1,11.74,703.77,715.51,22.68,-36.09,-34.04,-50.8,4.43,-0.99,-0.97,-1.07,-1.12,4.05,2005,8227.67
56,1,56,4.01,144.95,148.96,-0.63,26.44,27.07,10.89,659.18,670.06,19.32,-40.15,-40.94,-48.58,2.57,0.49,26.56,26.07,9.54,558.79,568.33,23.45,-37.99,-36.58,-52.77,3,0.9,27.35,26.45,11.96,647.35,658.31,21.68,-37.09,-36.23,-48.96,2.94,-0.65,27.3,27.95,11.28,639.53,649.81,21.69,-38.89,-38.26,-50.31,2.02,0.67,27.43,26.76,10.43,654.03,664.46,24.49,-37.47,-36.64,-49.59,2.8,1.64,27.42,25.78,11.6,701.76,713.37,22.74,-35.91,-33.89,-50.55,4.54,-1.02,-1,-1.09,-1.11,4.14,2024.67,10107.67
57,1,57,4.06,145.57,149.64,-0.32,26.44,26.76,10.73,652.53,663.25,19.52,-40.05,-40.88,-48.05,2.73,0.41,26.51,26.09,9.15,540.55,549.69,23.95,-38.46,-37.22,-53.26,2.42,1.29,27.34,26.06,11.77,639.44,650.21,21.87,-36.89,-36.07,-48.64,3.19,-0.64,27.35,27.99,11.14,624.67,634.81,22.41,-39.2,-38.55,-50.09,1.82,0.34,27.42,27.08,10.69,631.12,641.81,25.29,-38.14,-37.33,-50.23,2.06,1.3,27.42,26.13,11.24,676.91,688.14,23.61,-36.63,-34.57,-50.42,3.93,-0.98,-0.92,-1.08,-1.06,4.19,2039.67,9448.67
58,1,58,3.94,141.57,145.51,-0.44,26.42,26.86,10.54,636.06,646.61,19.96,-40.92,-41.73,-48.84,1.82,0.63,26.56,25.93,9.19,546.99,556.18,23.98,-37.55,-36.17,-52.02,3.32,0.87,27.39,26.52,11.68,622.28,632.97,22.67,-38.04,-37.04,-49.09,2.22,-0.52,27.28,27.8,10.8,614.01,623.81,22.4,-39.72,-39.02,-50.65,1.3,0.51,27.43,26.92,10.61,634.44,645.05,25.23,-37.76,-36.93,-49.86,2.49,1.82,27.44,25.62,11.27,691.87,703.14,23.2,-35.47,-33.54,-49.89,4.81,-0.99,-0.97,-1.05,-1.13,4.02,2016.33,10082.33
59,1,59,3.83,133.59,137.42,-0.58,26.43,27.01,10.69,644.96,655.65,19.72,-40.25,-41.1,-47.68,2.58,0.48,26.57,26.09,9.29,544.79,554.08,24.09,-37.83,-36.5,-52.2,3.07,1,27.35,26.35,11.61,634.43,645.04,22.07,-37.02,-36.18,-48.54,3.17,-0.65,27.34,27.99,10.91,622.91,632.83,22.45,-39.03,-38.39,-49.8,2.02,0.54,27.42,26.88,10.21,631.15,641.36,25.32,-37.87,-37.07,-49.68,2.37,1.75,27.42,25.66,11.19,687.09,698.27,23.24,-35.79,-33.8,-50.16,4.63,-0.97,-0.95,-1.03,-1.05,4.1,2126,8993
60,1,60,3.72,131.19,134.92,-0.35,26.43,26.78,10.29,645.47,655.77,19.72,-40.12,-40.98,-47.39,2.73,1,26.52,25.52,8.73,549.11,557.85,23.67,-37.84,-36.59,-51.79,3.02,1.19,27.34,26.15,11.26,633.15,643.41,22.07,-37.02,-36.2,-48.75,3,-0.4,27.7,28.1,10.9,624.55,634.46,24.52,-38.87,-38.27,-49.68,2.1,0.94,27.43,26.49,10.18,639.94,650.12,25.01,-37.35,-36.58,-48.67,2.93,2.41,27.4,24.99,11.15,698.89,710.04,22.77,-35.47,-33.51,-49.84,5,-1.06,-1.03,-1.14,-1.14,4.12,2070,10060.33
61,1,61,3.83,136.3,140.13,-0.36,26.42,26.78,10.3,650.7,660.99,19.53,-39.96,-40.81,-47.64,2.81,0.86,26.52,25.66,9.15,544.38,553.54,23.85,-38.18,-36.92,-52.58,2.71,1.28,27.33,26.05,11.67,638.05,648.72,21.84,-36.74,-35.96,-48.63,3.22,0.72,27.36,26.64,11.31,656.62,666.93,21.55,-37.17,-36.87,-47.63,3.54,1,27.43,26.43,10.09,638.46,648.55,25.1,-37.58,-36.78,-49.23,2.7,1.94,27.41,25.47,11.02,685.75,696.77,23.27,-36.2,-34.17,-50.3,4.31,-1.02,-0.98,-1.1,-1.14,3.95,2106,9252.67
62,1,62,3.97,143.9,147.87,-1.07,26.44,27.51,10.61,638.36,648.96,19.95,-40.84,-41.65,-49,1.81,0.57,26.56,25.99,9.06,547.26,556.32,23.93,-37.99,-36.57,-52.76,3.05,0.05,27.43,27.38,11.27,620.74,631.02,22.92,-38.36,-37.34,-49.49,1.73,-0.97,27.37,28.34,11.03,621.54,631.57,22.62,-39.28,-38.61,-50.49,1.64,0.66,27.43,26.77,10.47,632.35,642.82,25.31,-37.76,-36.95,-49.89,2.49,1.72,27.41,25.7,11.4,687.29,698.7,23.21,-35.89,-33.87,-50.56,4.56,-1,-0.96,-1.14,-1.11,4.1,2179,11659.33
63,1,63,3.97,144.04,148.01,-1.01,26.43,27.44,10.59,652.54,663.12,19.5,-40.84,-41.63,-49.18,1.84,0.25,26.54,26.28,9.19,554.68,563.87,23.49,-38.2,-36.81,-53,2.82,0.43,27.4,26.97,11.61,645.25,655.86,21.99,-37.85,-36.87,-49.23,2.32,-0.95,27.35,28.29,11.13,642.64,652.77,21.85,-39.12,-38.46,-50.5,1.85,0.31,27.43,27.12,10.54,649.23,659.77,24.68,-37.78,-36.96,-49.96,2.45,1.46,27.42,25.96,11.54,700.9,712.44,22.79,-35.98,-33.95,-50.6,4.46,-1.01,-0.97,-1.08,-1.13,4.09,2103.33,9614.67
64,1,64,3.9,141.09,144.98,-0.64,26.41,27.06,10.63,641.81,652.44,19.74,-40.77,-41.57,-48.83,2.01,0.35,26.53,26.18,9.02,547.12,556.14,23.78,-37.83,-36.4,-52.6,3.16,0.76,27.39,26.63,11.63,629.66,640.3,22.4,-37.75,-36.79,-49.14,2.47,-0.62,27.36,27.98,11.18,629.8,639.98,22.3,-39.12,-38.46,-50.32,1.9,0.58,27.42,26.85,10.47,635.98,646.45,25.15,-37.68,-36.85,-49.74,2.59,1.83,27.41,25.58,11.61,693.65,705.26,22.97,-35.39,-33.45,-50.1,4.95,-1.04,-0.95,-1.07,-1.09,4.03,2224,12499.67
65,1,65,4.02,143.24,147.26,-0.55,26.42,26.97,10.68,651.71,662.39,19.48,-40.6,-41.39,-48.75,2.18,-0.29,26.52,26.81,9.32,549.3,558.62,23.6,-38.19,-36.86,-52.92,2.76,1.03,27.37,26.34,11.91,644.16,655.07,21.89,-37.49,-36.55,-48.88,2.83,-0.67,27.34,28.01,11.24,641.77,652,21.83,-38.96,-38.31,-50.15,2.13,-0.26,27.42,27.68,10.72,644.56,655.29,24.8,-37.92,-37.1,-50.07,2.29,0.79,27.42,26.63,11.54,693.73,705.27,23.02,-36.07,-34.06,-50.39,4.35,-1.03,-1,-1.1,-1.13,3.99,2057.33,9078.33
66,1,66,4.05,146.28,150.33,-0.86,26.43,27.29,10.57,644.93,655.51,19.7,-40.81,-41.58,-49.33,1.9,0.17,26.51,26.34,9.4,551.19,560.59,23.52,-37.96,-36.53,-52.83,3.07,0.56,27.4,26.83,11.77,631.89,642.66,22.37,-37.89,-36.91,-49.44,2.27,-0.77,27.74,28.51,11.6,634.8,645.4,24.39,-38.96,-38.32,-50.53,1.98,0.28,27.43,27.15,10.58,645.93,656.51,24.77,-37.54,-36.71,-49.68,2.7,1.52,27.41,25.9,11.6,695.99,707.59,22.91,-35.56,-33.59,-50.36,4.8,-1.04,-0.99,-1.08,-1.14,4.09,2013.67,10057.67
67,1,67,3.84,138.82,142.66,-0.03,26.42,26.44,10.73,648.66,659.39,19.56,-39.85,-40.7,-47.62,2.98,0.52,26.52,26,8.8,540.18,548.98,24.05,-38.29,-37.09,-52.77,2.54,1.68,27.31,25.63,11.71,640.42,651.13,21.69,-36.54,-35.79,-48.51,3.44,-0.27,27.34,27.61,10.98,622.35,632.33,22.45,-39.02,-38.4,-49.79,1.99,0.54,27.42,26.87,10.31,629.71,640.02,25.35,-37.99,-37.21,-49.83,2.21,1.41,27.42,26,10.79,675.96,686.75,23.62,-36.55,-34.5,-50.24,4.01,-1,-0.99,-1.09,-1.1,4.16,2197.33,11083.67
68,1,68,3.91,142.25,146.16,-0.06,26.42,26.48,10.68,662.53,673.21,19.14,-39.73,-40.57,-47.69,3.08,0.41,26.57,26.16,9.11,556.86,565.97,23.58,-38.05,-36.74,-52.64,2.86,1.67,27.3,25.63,11.68,651.72,662.4,21.29,-36.42,-35.67,-48.42,3.6,-0.2,27.3,27.51,11.11,643.65,653.76,21.61,-38.49,-37.92,-49.75,2.45,0.74,27.42,26.68,10.44,651.09,661.54,24.57,-37.34,-36.53,-49.18,2.93,1.38,27.42,26.04,11.02,693.89,704.91,23.02,-36.3,-34.27,-50.33,4.2,-1.04,-1.01,-1.13,-1.14,4.07,2159.67,15747.67
69,1,69,4.19,155.38,159.57,-0.82,26.44,27.26,11.01,668.08,679.09,19.08,-40.3,-41.05,-49.31,2.42,-0.26,26.52,26.78,9.51,558.81,568.32,23.22,-38.38,-37,-53.54,2.63,1.01,27.35,26.34,12.22,661.88,673.1,21.24,-36.94,-36.08,-48.98,3.2,-0.92,27.33,28.25,11.72,655.27,665.99,21.35,-38.75,-38.12,-50.53,2.22,-0.3,27.42,27.72,10.79,657.5,668.29,24.31,-37.79,-36.96,-50.26,2.38,0.75,27.42,26.67,11.62,703.78,715.4,22.71,-36.33,-34.29,-50.56,4.16,-0.99,-1.01,-1.12,-1.14,4.1,2035.67,11040.33
70,1,70,3.9,140.4,144.3,-0.14,26.43,26.58,10.96,660.75,671.71,19.26,-40.25,-41.03,-48.4,2.59,0.29,26.55,26.26,9.51,559.27,568.78,23.37,-38.08,-36.71,-52.74,2.9,1.29,27.35,26.06,11.72,643.2,653.91,21.81,-37.27,-36.37,-49,2.91,-0.1,27.3,27.4,11.47,648.54,659,21.43,-38.51,-37.93,-50.09,2.44,0.6,27.43,26.83,10.89,652.87,663.76,24.51,-37.45,-36.62,-49.5,2.82,1.49,27.42,25.93,11.29,700.08,711.36,22.83,-35.97,-33.96,-50.4,4.45,-1.02,-0.97,-1.05,-1.11,4.03,2049.33,8740
71,1,71,3.92,141.33,145.25,-0.6,26.43,27.03,10.77,650.81,661.57,19.56,-40.51,-41.3,-48.69,2.23,0.84,26.52,25.68,9.2,554.07,563.27,23.42,-37.99,-36.63,-52.59,2.94,0.8,27.37,26.57,11.6,637.58,648.19,22.1,-37.6,-36.67,-49.25,2.48,-0.15,27.3,27.45,11.28,644.73,655.01,21.56,-38.34,-37.79,-50.06,2.49,0.77,27.42,26.65,10.54,649.77,660.3,24.61,-37.49,-36.68,-49.45,2.77,2.12,27.42,25.3,11.67,703.47,715.13,22.71,-35.7,-33.72,-50.19,4.68,-1.03,-1,-1.07,-1.12,4.14,2055.33,15071
72,1,72,3.96,142.13,146.09,-0.61,26.42,27.03,11,651.77,662.77,19.47,-40.54,-41.33,-48.8,2.22,0.63,26.56,25.93,9.38,555.57,564.95,23.6,-37.86,-36.46,-52.55,3.11,0.91,27.37,26.46,11.56,642.16,652.72,21.91,-37.4,-36.5,-49.16,2.69,-0.37,27.32,27.69,11.48,643.77,654.25,21.66,-38.69,-38.08,-50.22,2.23,0.65,27.43,26.78,10.56,649.08,659.65,24.69,-37.55,-36.73,-49.56,2.71,1.91,27.42,25.51,11.78,703.07,714.85,22.7,-35.67,-33.69,-50.3,4.73,-0.98,-0.95,-1.08,-1.12,3.94,2030.67,8846
73,1,73,3.91,138.5,142.41,-0.17,26.44,26.61,10.69,652.17,662.86,19.54,-40.27,-41.1,-48,2.58,-0.06,26.53,26.59,8.88,543.29,552.17,23.95,-38.22,-36.9,-53.04,2.72,1.27,27.37,26.1,11.49,639.04,649.53,22.03,-37.29,-36.39,-48.56,3.04,-0.27,27.33,27.6,11.09,632.44,642.52,22.1,-38.98,-38.33,-49.8,2.14,0.24,27.41,27.17,10.24,634.93,645.18,25.13,-38.08,-37.26,-50.16,2.16,0.99,27.42,26.44,11.11,683.95,695.07,23.37,-36.11,-34.1,-50.34,4.36,-1.03,-0.98,-1.07,-1.11,4.1,1991.67,8691.67
74,1,74,3.93,140.32,144.26,-1.18,26.44,27.62,10.66,645.39,656.05,19.74,-40.71,-41.52,-48.76,1.98,0.77,26.58,25.81,9.21,551.02,560.22,23.88,-37.68,-36.29,-52.18,3.24,0.31,27.39,27.08,11.47,636.91,647.38,22.22,-37.68,-36.74,-49.13,2.47,-1.01,27.35,28.36,11.37,635.61,645.98,22.05,-39,-38.36,-50.32,1.94,0.42,27.42,27,10.55,642.16,652.71,24.88,-37.78,-36.97,-49.79,2.46,2.01,27.42,25.4,11.28,700.07,711.35,22.8,-35.46,-33.51,-50.07,4.88,-1.02,-0.97,-1.11,-1.08,4.03,2026.33,6944.67
75,1,75,4.08,151.5,155.58,-1.02,26.42,27.45,10.82,663.79,674.61,19.13,-40.45,-41.23,-49.31,2.18,0.24,26.55,26.3,9.36,563.81,573.17,23.17,-38.19,-36.78,-53.16,2.83,0.65,27.37,26.71,11.86,656.75,667.6,21.49,-37.24,-36.35,-49.13,2.82,-0.67,27.34,28.01,11.71,664.88,675.59,21.15,-38.18,-37.65,-50.06,2.64,0.3,27.43,27.13,10.86,665.61,676.47,24.08,-37.39,-36.57,-49.57,2.87,1.37,27.42,26.05,11.6,710.52,722.12,22.5,-36,-33.97,-50.61,4.44,-1.06,-1,-1.1,-1.12,4.07,2002,9040.67
