Header Section,,,,,,,,,,,,,,,,,,,,,,,,,,,,,,,,,,,,,,,,,,,,,,,,,,,,,,,,,,,,,,,,,,,,,,,,,,,,,,,,,,,,,
Product,VC7824,,,,,,,,,,,,,,,,,,,,,,,,,,,,,,,,,,,,,,,,,,,,,,,,,,,,,,,,,,,,,,,,,,,,,,,,,,,,,,,,,,,,
Test Plan,Rev(-),,,,,,,,,,,,,,,,,,,,,,,,,,,,,,,,,,,,,,,,,,,,,,,,,,,,,,,,,,,,,,,,,,,,,,,,,,,,,,,,,,,,
Release Date,2015/12/14,,,,,,,,,,,,,,,,,,,,,,,,,,,,,,,,,,,,,,,,,,,,,,,,,,,,,,,,,,,,,,,,,,,,,,,,,,,,,,,,,,,,
Comment,#1~25/A5E13.18.1;#25~50/A5E14.18.1;#55~85/A5_01??#86-110/A5E22.41.1;#111-120/A5E21.18.1/#126-151/-31J2.17.1,,,,,,,,,,,,,,,,,,,,,,,,,,,,,,,,,,,,,,,,,,,,,,,,,,,,,,,,,,,,,,,,,,,,,,,,,,,,,,,,,,,,
,,,,,,,,,,,,,,,,,,,,,,,,,,,,,,,,,,,,,,,,,,,,,,,,,,,,,,,,,,,,,,,,,,,,,,,,,,,,,,,,,,,,,
Data Section,,,,,,,,,,,,,,,,,,,,,,,,,,,,,,,,,,,,,,,,,,,,,,,,,,,,,,,,,,,,,,,,,,,,,,,,,,,,,,,,,,,,,
Device#,1,2,3,4,5,6,7,8,9,10,11,12,13,14,15,16,17,18,19,20,21,22,23,24,25,26,27,28,29,30,31,32,33,34,35,36,37,38,39,40,41,42,43,44,45,46,47,48,49,50,51,52,53,54,55,56,57,58,59,60,61,62,63,64,65,66,67,68,69,70,71,72,73,74,75,76,77,78,79,80,81,82,83,84,85
Test Item,Site No,Device ID,Mipi_Function,Idle_TDD_Vbat,Idle_TDD_Vcc,Idle_TDD_Total,Pin_B40_2300,Pout_B40_2300,Gain_B40_2300,Icc_Vbat_B40_2300,Icc_Vcc_B40_2300,Icc_Total_B40_2300,PAE_Total_B40_2300,E-UTRA_ACP_L_B40_2300,UTRA_ACP1_L_B40_2300,UTRA_ACP2_L_B40_2300,EVM_B40_2300,2fo_B40_2300,Pin_B40_2655,Pout_B40_2655,Gain_B40_2655,Icc_Vbat_B40_2655,Icc_Vcc_B40_2655,Icc_Total_B40_2655,PAE_Total_B40_2655,E-UTRA_ACP_L_B40_2655,UTRA_ACP1_L_B40_2655,UTRA_ACP2_L_B40_2655,EVM_B40_2655,2fo_B40_2655,Pin_B38_2300,Pout_B38_2300,Gain_B38_2300,Icc_Vbat_B38_2300,Icc_Vcc_B38_2300,Icc_Total_B38_2300,PAE_Total_B38_2300,E-UTRA_ACP_L_B38_2300,UTRA_ACP1_L_B38_2300,UTRA_ACP2_L_B38_2300,EVM_B38_2300,2fo_B38_2300,Pin_B38_2400,Pout_B38_2400,Gain_B38_2400,Icc_Vbat_B38_2400,Icc_Vcc_B38_2400,Icc_Total_B38_2400,PAE_Total_B38_2400,E-UTRA_ACP_L_B38_2400,UTRA_ACP1_L_B38_2400,UTRA_ACP2_L_B38_2400,EVM_B38_2400,2fo_B38_2400,Pin_B41_2496,Pout_B41_2496,Gain_B41_2496,Icc_Vbat_B41_2496,Icc_Vcc_B41_2496,Icc_Total_B41_2496,PAE_Total_B41_2496,E-UTRA_ACP_L_B41_2496,UTRA_ACP1_L_B41_2496,UTRA_ACP2_L_B41_2496,EVM_B41_2496,2fo_B41_2496,Pin_B41_2655,Pout_B41_2655,Gain_B41_2655,Icc_Vbat_B41_2655,Icc_Vcc_B41_2655,Icc_Total_B41_2655,PAE_Total_B41_2655,E-UTRA_ACP_L_B41_2655,UTRA_ACP1_L_B41_2655,UTRA_ACP2_L_B41_2655,EVM_B41_2655,2fo_B41_2655,IL_RX1_B40_2496,IL_RX2_B38_2496,IL_RX2_B7 _2496,IL_RX2_B41_2496,Leakage Current,Test Time,Index Time
Low Tolerance,,,,5,10,10,0.3,,,1,30,30,,1.5,1.5,1.5,0.5,,0.3,,,1,30,30,,1.5,1.5,1.5,0.5,,0.3,,,1,30,30,,1.5,1.5,1.5,0.5,,0.3,,,1,30,30,,1.5,1.5,1.5,0.5,,0.3,,,1,30,30,,1.5,1.5,1.5,0.5,,0.3,,,1,30,30,,1.5,1.5,1.5,0.5,,0.3,0.3,0.3,0.3,5,,
High Tolerance,,,,5,10,10,0.5,,,1,30,30,,1.5,1.5,1.5,0.5,,0.5,,,1,30,30,,1.5,1.5,1.5,0.5,,0.5,,,1,30,30,,1.5,1.5,1.5,0.5,,0.5,,,1,30,30,,1.5,1.5,1.5,0.5,,0.5,,,1,30,30,,1.5,1.5,1.5,0.5,,0.5,,,1,30,30,,1.5,1.5,1.5,0.5,,0.3,0.3,0.3,0.3,5,,
Enable,,,,1,1,1,1,0,0,0,1,1,,1,1,1,1,,1,0,0,0,1,1,,1,1,1,1,,1,0,0,0,1,1,,1,1,1,1,,1,0,0,0,1,1,,1,1,1,1,,1,0,0,0,1,1,,1,1,1,1,,1,0,0,0,1,1,,1,1,1,1,,1,1,1,1,1,,
1,1,1,0,3.89,138.91,142.79,-1.29,26.55,27.84,10.24,613.63,623.87,21.28,-41.56,-42.44,-49.26,1.31,0,1.78,26.55,24.77,9.26,545.21,554.47,23.99,-36.97,-35.32,-52.06,4.17,0,0.15,27.56,27.41,11.09,682.55,693.64,24.19,-36.92,-35.76,-48.36,3.36,0,-1.54,27.57,29.11,10.33,644.08,654.41,25.66,-39.52,-38.66,-50.44,2.39,0,0.75,27.54,26.79,9.55,559.44,568.99,29.34,-35.29,-33.69,-49.38,4.65,0,2.83,27.52,24.7,9.89,586.9,596.79,27.87,-35.43,-33.68,-50.88,4.71,0,-1.15,-1.24,-1.21,-1.61,3.92,1693,26293
2,1,2,0,4.02,146.6,150.63,-0.83,26.5,27.33,10.25,619.93,630.18,20.84,-41.17,-41.94,-49.1,1.69,0,1.32,26.56,25.24,9.12,541.18,550.29,24.19,-37.35,-35.74,-52.78,3.79,0,0.41,27.42,27.01,11.02,676.01,687.03,23.66,-37.01,-35.86,-48.82,3.08,0,-1.22,27.55,28.77,10.25,644.79,655.05,25.52,-39.34,-38.46,-50.26,2.52,0,0.91,27.55,26.64,9.63,564.33,573.95,29.15,-34.51,-32.83,-48.28,5.52,0,2.67,27.51,24.84,9.81,586.77,596.58,27.79,-35.25,-33.49,-50.78,4.84,0,-1.13,-1.21,-1.23,-1.69,3.99,1717,15087
3,1,3,0,4.06,148.22,152.27,-0.58,26.53,27.11,10.35,622.16,632.51,20.93,-41.09,-41.81,-49.25,1.81,0,0.96,26.52,25.56,9.17,542.83,551.99,23.88,-37.17,-35.55,-52.46,3.93,0,0.62,27.42,26.8,11.15,677.61,688.76,23.55,-37.06,-35.89,-49.04,3.08,0,-1.24,27.56,28.8,10.38,648.33,658.71,25.42,-39.33,-38.42,-50.43,2.6,0,0.42,27.55,27.14,9.71,562.55,572.26,29.26,-34.68,-32.99,-48.55,5.35,0,2.32,27.56,25.23,9.98,591.59,601.58,27.85,-34.9,-33.13,-50.13,5.17,0,-1.14,-1.21,-1.23,-1.65,3.89,1704,9663
4,1,4,0,4.1,148.85,152.95,-1.01,26.55,27.56,10.4,616.9,627.29,21.18,-41.09,-41.8,-49.31,1.82,0,1.5,26.55,25.05,9.18,537.04,546.22,24.34,-37.06,-35.38,-52.52,4.09,0,0.29,27.49,27.2,11.11,677.63,688.74,23.93,-36.82,-35.64,-48.81,3.38,0,-1.55,27.58,29.12,10.23,639.87,650.1,25.85,-39.38,-38.46,-50.64,2.52,0,0.86,27.55,26.69,9.7,564.05,573.75,29.15,-34.7,-33.01,-48.72,5.33,0,2.69,27.51,24.82,9.85,588.1,597.95,27.74,-35.36,-33.57,-51.06,4.78,0,-1.18,-1.19,-1.26,-1.71,3.96,1722,10108
5,1,5,0,3.95,140.9,144.85,-1.27,26.54,27.81,10.23,611.86,622.09,21.29,-41.69,-42.62,-49.41,1.13,0,1.46,26.53,25.07,9.24,541.91,551.15,23.99,-37.06,-35.41,-52.19,4.08,0,0.14,27.57,27.43,11.16,679.59,690.74,24.32,-37.05,-35.91,-48.45,3.17,0,-1.61,27.55,29.16,10.24,635.79,646.03,25.88,-39.91,-39.12,-50.94,1.97,0,0.77,27.54,26.77,9.59,555.67,565.26,29.53,-35.31,-33.72,-49.41,4.62,0,2.62,27.5,24.89,9.88,586.13,596.01,27.78,-35.5,-33.76,-50.77,4.65,0,-1.15,-1.22,-1.27,-1.61,4.04,1693,8819
6,1,6,0,4.03,146.51,150.54,-0.84,26.52,27.36,10.31,612.12,622.42,21.21,-41.47,-42.25,-49.67,1.43,0,1.48,26.54,25.06,9.21,540.51,549.73,24.13,-36.99,-35.33,-52.24,4.15,0,0.36,27.45,27.08,10.89,667.81,678.69,24.08,-37.43,-36.28,-49.35,2.67,0,-1.34,27.55,28.89,10.23,638.38,648.61,25.75,-39.65,-38.76,-51.07,2.27,0,0.63,27.57,26.93,9.55,558.28,567.83,29.57,-35.01,-33.35,-49.18,4.98,0,2.59,27.51,24.93,9.76,582.6,592.36,27.99,-35.35,-33.59,-50.82,4.78,0,-1.13,-1.21,-1.22,-1.67,3.92,1695,10751
7,1,7,0,4.11,148.72,152.83,-0.91,26.54,27.45,10.37,619.4,629.78,21.06,-41.22,-41.91,-49.58,1.73,0,1.56,26.55,24.99,9.22,543.92,553.14,24,-37.1,-35.41,-52.58,4.07,0,0.3,27.48,27.17,11.1,678.54,689.64,23.87,-37,-35.81,-49.09,3.16,0,-1.32,27.55,28.87,10.29,643.87,654.16,25.57,-39.43,-38.5,-50.88,2.48,0,0.7,27.56,26.86,9.67,560.64,570.3,29.39,-35,-33.32,-49.29,5,0,2.66,27.51,24.85,9.81,582.1,591.91,28.02,-35.43,-33.63,-51.14,4.74,0,-1.2,-1.22,-1.25,-1.63,3.97,1688,10562
8,1,8,0,4.02,142.06,146.08,-1.19,26.56,27.75,10.27,616.84,627.11,21.24,-41.09,-41.79,-49.15,1.85,0,1.62,26.53,24.92,9.27,538.55,547.82,24.16,-36.94,-35.26,-52.16,4.21,0,0.22,27.53,27.31,11.13,679.97,691.1,24.08,-36.59,-35.4,-48.45,3.68,0,-1.58,27.57,29.15,10.29,641.32,651.61,25.76,-39.25,-38.33,-50.27,2.66,0,0.69,27.56,26.87,9.65,560.91,570.56,29.41,-34.74,-33.07,-48.64,5.28,0,2.73,27.54,24.8,9.88,583.91,593.79,28.08,-35.19,-33.39,-50.74,4.96,0,-1.25,-1.23,-1.26,-1.69,3.92,1703,9647
9,1,9,0,4.01,145.17,149.18,-0.8,26.53,27.33,10.3,614.13,624.43,21.19,-41.12,-41.88,-48.99,1.78,0,1.57,26.55,24.98,9.15,535.81,544.96,24.41,-37.09,-35.43,-52.53,4.05,0,0.37,27.44,27.08,10.99,671.27,682.26,23.93,-37.02,-35.87,-48.71,3.15,0,-1.23,27.55,28.78,10.3,639.88,650.18,25.72,-39.33,-38.43,-50.37,2.59,0,0.85,27.52,26.67,9.57,560.13,569.7,29.15,-34.76,-33.08,-48.74,5.28,0,2.82,27.52,24.7,9.82,583.54,593.36,27.99,-35.18,-33.39,-50.87,4.92,0,-1.19,-1.2,-1.26,-1.68,4.02,1726,9173
10,1,10,0,4.09,149.69,153.78,-0.28,26.57,26.85,10.39,623.35,633.74,21.09,-41.04,-41.75,-49.34,1.89,0,0.86,26.51,25.65,9.27,545.69,554.96,23.72,-36.91,-35.27,-52.04,4.18,0,0.83,27.44,26.6,11.06,674.44,685.5,23.77,-37.15,-35.98,-49.14,3.03,0,-1.2,27.54,28.74,10.21,640.59,650.8,25.6,-39.73,-38.84,-51.05,2.23,0,0.24,27.54,27.3,9.56,556.9,566.46,29.44,-35.18,-33.52,-49.35,4.8,0,2.1,27.54,25.44,9.77,588.3,598.07,27.89,-34.94,-33.18,-49.94,5.14,0,-1.18,-1.29,-1.32,-1.65,3.9,1744,9248
11,1,11,0,3.93,139.73,143.65,-0.84,26.54,27.38,10.22,617.46,627.68,21.1,-41.07,-41.87,-48.68,1.78,0,1.37,26.55,25.18,9.18,538.36,547.54,24.29,-37.32,-35.7,-52.65,3.84,0,0.35,27.45,27.1,10.99,674.64,685.63,23.85,-36.95,-35.82,-48.46,3.19,0,-1.17,27.55,28.72,10.17,641.64,651.81,25.63,-39.43,-38.57,-50.16,2.45,0,0.91,27.55,26.64,9.66,562.8,572.47,29.22,-34.66,-32.99,-48.43,5.37,0,2.7,27.51,24.82,9.8,585.3,595.1,27.88,-35.37,-33.62,-50.89,4.74,0,-1.18,-1.22,-1.24,-1.72,3.97,1705,9756
12,1,12,0,4,145.57,149.57,-0.99,26.54,27.53,10.2,612.06,622.26,21.29,-41.4,-42.2,-49.44,1.47,0,1.23,26.53,25.3,9.14,537.72,546.86,24.19,-37.02,-35.36,-52.28,4.12,0,0.26,27.5,27.24,10.96,672.62,683.58,24.2,-37.12,-35.96,-48.95,3.01,0,-1.48,27.55,29.03,10.2,632.92,643.12,25.98,-39.78,-38.93,-50.91,2.12,0,0.8,27.56,26.76,9.57,559.4,568.96,29.45,-34.75,-33.07,-48.66,5.28,0,2.65,27.58,24.93,9.88,590.98,600.86,28.02,-34.95,-33.16,-50.27,5.17,0,-1.14,-1.23,-1.28,-1.7,3.92,1705,9615
13,1,13,0,4.1,151.07,155.17,-0.59,26.53,27.11,10.32,615.11,625.43,21.13,-41.26,-42,-49.58,1.62,0,0.93,26.52,25.59,9.24,539.72,548.97,24.03,-37.13,-35.5,-52.43,3.98,0,0.55,27.42,26.88,10.99,668.27,679.26,23.93,-37.3,-36.14,-49.39,2.75,0,-1.25,27.55,28.8,10.25,641.43,651.68,25.66,-39.48,-38.57,-50.74,2.44,0,0.44,27.55,27.11,9.59,560.42,570.01,29.35,-34.69,-32.98,-48.66,5.35,0,2.28,27.55,25.26,9.85,589.38,599.23,27.9,-34.87,-33.08,-50.12,5.21,0,-1.18,-1.25,-1.27,-1.67,4,1743,11254
14,1,14,0,4.01,146.69,150.7,-0.34,26.58,26.92,10.33,624.92,635.26,21.05,-41.02,-41.77,-49.04,1.89,0,1.08,26.54,25.46,9.21,544.7,553.91,23.94,-36.98,-35.35,-52.13,4.11,0,0.77,27.43,26.65,10.9,674.64,685.55,23.73,-37.2,-36.05,-49,2.97,0,-1.15,27.54,28.69,10.2,645.08,655.28,25.44,-39.52,-38.63,-50.71,2.42,0,0.45,27.58,27.13,9.63,564.62,574.24,29.36,-34.77,-33.08,-48.75,5.25,0,2.45,27.58,25.13,9.8,591.07,600.86,28.04,-34.88,-33.11,-50.13,5.18,0,-1.18,-1.25,-1.27,-1.71,3.92,1706,10271
15,1,15,0,4.01,144.72,148.73,-0.74,26.54,27.29,10.53,633.99,644.52,20.59,-40.88,-41.59,-48.75,2.06,0,1.63,26.53,24.89,9.36,554.39,563.75,23.44,-37.04,-35.36,-52.37,4.14,0,0.34,27.46,27.11,10.98,674.78,685.75,23.88,-37.11,-35.95,-48.92,3.04,0,-1.24,27.56,28.8,10.25,645.18,655.43,25.57,-39.33,-38.42,-50.49,2.58,0,0.95,27.54,26.59,9.59,560,569.59,29.32,-34.91,-33.22,-49.04,5.12,0,2.79,27.56,24.77,9.82,588.55,598.38,28.03,-35.04,-33.23,-50.56,5.1,0,-1.22,-1.2,-1.3,-1.73,4.04,1711,9364
16,1,16,0,4.03,147.19,151.22,-0.56,26.53,27.09,10.3,621.68,631.98,20.92,-41.16,-41.93,-49.14,1.7,0,0.99,26.53,25.54,9.21,542.81,552.02,23.97,-37.39,-35.79,-52.79,3.75,0,0.6,27.42,26.82,11.02,678.22,689.24,23.58,-37.09,-35.95,-48.96,2.97,0,-1.02,27.54,28.57,10.34,647.61,657.94,25.36,-39.46,-38.59,-50.58,2.41,0,0.7,27.52,26.81,9.62,564.31,573.93,28.93,-34.67,-33,-48.53,5.34,0,2.5,27.58,25.08,9.97,596.1,606.07,27.77,-34.94,-33.16,-50.31,5.15,0,-1.17,-1.24,-1.26,-1.7,3.93,1712,10724
17,1,17,0,3.99,143.04,147.03,-0.8,26.5,27.29,10.21,610.09,620.3,21.17,-41.57,-42.43,-49.58,1.29,0,1.42,26.53,25.1,9.13,537.2,546.34,24.19,-36.85,-35.17,-52.04,4.28,0,0.36,27.45,27.09,10.93,667.93,678.85,24.07,-37.4,-36.27,-49.08,2.73,0,-1.35,27.55,28.9,10.23,635.37,645.6,25.88,-39.73,-38.89,-50.94,2.2,0,0.74,27.56,26.82,9.55,557.91,567.46,29.53,-35.01,-33.35,-49.08,5,0,2.67,27.56,24.89,9.79,585.9,595.69,28.17,-35,-33.22,-50.33,5.1,0,-1.17,-1.22,-1.3,-1.69,4,1720,9305
18,1,18,0,3.97,138.32,142.29,-1.05,26.54,27.59,10.37,615.3,625.67,21.18,-41.3,-42.21,-48.59,1.49,0,1.71,26.57,24.85,9.19,538.35,547.55,24.37,-37.24,-35.59,-52.51,3.94,0,0.27,27.5,27.23,11.17,677.66,688.84,24,-36.97,-35.85,-48.07,3.25,0,-1.27,27.56,28.82,10.32,641.54,651.86,25.67,-39.48,-38.66,-49.95,2.4,0,0.96,27.54,26.58,9.71,557.9,567.6,29.38,-35.08,-33.44,-49.06,4.91,0,2.9,27.54,24.63,9.91,582.43,592.34,28.15,-35.48,-33.74,-50.94,4.65,0,-1.16,-1.24,-1.25,-1.68,3.95,1702,9401
19,1,19,0,4.07,147.83,151.9,-0.11,26.57,26.68,10.33,625.28,635.61,20.98,-40.96,-41.66,-49.19,1.98,0,0.84,26.52,25.68,9.22,547.4,556.63,23.71,-36.95,-35.35,-51.91,4.11,0,1.07,27.42,26.35,11.03,675.52,686.54,23.64,-37.06,-35.88,-49,3.14,0,-1.05,27.54,28.58,10.32,643.55,653.87,25.47,-39.58,-38.67,-50.91,2.39,0,0.39,27.56,27.17,9.64,564.96,574.59,29.16,-34.61,-32.91,-48.57,5.42,0,2.23,27.54,25.31,10.01,598.74,608.75,27.45,-34.76,-33.01,-49.6,5.28,0,-1.14,-1.22,-1.27,-1.68,3.94,1718,9394
20,1,20,0,3.94,144.09,148.04,-0.81,26.53,27.35,10.25,614.95,625.2,21.17,-41.19,-41.98,-49.17,1.69,0,1.42,26.53,25.11,9.14,539.8,548.94,24.12,-36.98,-35.33,-52.17,4.15,0,0.38,27.44,27.06,11,671.06,682.05,23.92,-37.12,-35.97,-48.84,3.05,0,-1.25,27.56,28.81,10.3,640.26,650.56,25.72,-39.46,-38.57,-50.76,2.46,0,0.82,27.56,26.73,9.53,561.59,571.12,29.33,-34.78,-33.1,-48.79,5.24,0,2.78,27.59,24.81,9.88,590.18,600.06,28.11,-34.86,-33.07,-50.15,5.24,0,-1.14,-1.25,-1.25,-1.65,3.96,1685,8662
21,1,21,0,4.07,148.82,152.89,-0.23,26.57,26.8,10.42,630.25,640.67,20.82,-40.67,-41.33,-48.93,2.3,0,0.73,26.51,25.79,9.32,555.07,564.39,23.36,-36.8,-35.19,-51.65,4.25,0,0.92,27.42,26.5,11.08,681.67,692.74,23.44,-36.69,-35.5,-48.64,3.6,0,-1.23,27.56,28.79,10.43,650.96,661.4,25.32,-39.22,-38.27,-50.54,2.8,0,0.3,27.54,27.24,9.69,568.9,578.59,28.87,-34.37,-32.66,-48.12,5.68,0,2.12,27.51,25.39,10.04,605.42,615.46,26.94,-34.57,-32.82,-49.26,5.46,0,-1.17,-1.3,-1.3,-1.71,3.91,1713,10467
22,1,22,0,4.02,144.57,148.59,-0.94,26.53,27.47,10.28,615.03,625.31,21.17,-41.55,-42.31,-49.88,1.38,0,1.5,26.54,25.04,9.24,543.32,552.55,24,-36.99,-35.33,-52.18,4.14,0,0.31,27.47,27.16,10.94,673.87,684.81,24.01,-37.33,-36.16,-49.35,2.81,0,-1.49,27.56,29.05,10.34,644.01,654.35,25.59,-39.55,-38.63,-50.9,2.4,0,0.44,27.57,27.13,9.58,560.5,570.08,29.51,-35.17,-33.52,-49.37,4.8,0,2.56,27.54,24.98,9.74,582.63,592.37,28.15,-35.35,-33.58,-50.8,4.79,0,-1.19,-1.24,-1.27,-1.64,3.94,1695,10319
23,1,23,0,4.11,149.22,153.32,-1.01,26.53,27.54,10.28,617.62,627.9,21.09,-41.54,-42.28,-50,1.4,0,1.38,26.53,25.15,9.26,547.59,556.85,23.77,-37.11,-35.44,-52.46,4.03,0,0.28,27.49,27.21,11.04,678.03,689.07,23.93,-37.2,-36.01,-49.35,2.94,0,-1.51,27.57,29.08,10.36,648.91,659.26,25.46,-39.43,-38.5,-50.96,2.49,0,0.51,27.57,27.05,9.74,564.79,574.54,29.23,-35.03,-33.36,-49.27,4.96,0,2.59,27.58,24.99,9.96,594.8,604.76,27.83,-35.12,-33.31,-50.61,5.03,0,-1.16,-1.24,-1.27,-1.65,4.02,1676,8767
24,1,24,0,4.09,144.49,148.58,-0.21,26.58,26.8,10.44,623.54,633.98,21.12,-40.79,-41.51,-48.64,2.13,0,1.03,26.54,25.51,9.21,538.46,547.67,24.2,-37.02,-35.4,-52.23,4.07,0,0.91,27.42,26.51,11.2,675.31,686.51,23.68,-36.93,-35.78,-48.6,3.28,0,-1.14,27.49,28.62,10.31,634.37,644.68,25.55,-39.81,-38.99,-50.82,2.09,0,0.72,27.57,26.85,9.68,562.83,572.52,29.34,-34.45,-32.75,-48.1,5.6,0,2.47,27.57,25.1,9.96,591.8,601.77,27.93,-34.75,-32.98,-49.88,5.3,0,-1.2,-1.25,-1.27,-1.73,3.96,1718,9618
25,1,25,0,3.96,142.54,146.5,-0.76,26.52,27.28,10.32,616.71,627.02,21.06,-41.31,-42.1,-49.25,1.59,0,1.63,26.55,24.92,9.21,541.97,551.18,24.11,-37.02,-35.37,-52.27,4.12,0,0.41,27.43,27.02,10.9,671.65,682.55,23.84,-37.31,-36.16,-49.03,2.82,0,-1.18,27.56,28.74,10.28,645.51,655.79,25.52,-39.33,-38.42,-50.47,2.59,0,0.78,27.55,26.77,9.56,561.37,570.93,29.32,-35.01,-33.35,-49.15,4.99,0,2.75,27.52,24.76,9.84,583.77,593.61,27.97,-35.38,-33.62,-50.93,4.76,0,-1.18,-1.21,-1.26,-1.63,4.01,1718,9189
26,1,26,0,4.01,149.39,153.4,-1,26.43,27.42,9.96,587.18,597.14,21.64,-40.39,-40.21,-50.22,1.82,0,0.32,26.5,26.18,8.79,525.15,533.94,24.63,-37.3,-36,-50.92,3.8,0,0.37,27.42,27.05,10.72,654.59,665.31,24.38,-36.72,-35.25,-49.86,3.28,0,-1.47,27.42,28.89,10.21,642.25,652.46,24.91,-39.52,-38.52,-51.96,2,0,-0.33,27.49,27.82,9.96,596.83,606.79,27.19,-38.83,-37.84,-51.17,2.63,0,1.34,27.42,26.08,10.19,625.23,635.43,25.56,-35.96,-34.3,-51.1,4.51,0,-1,-0.95,-0.97,-1.05,3.95,1650,0
27,1,27,0,4.07,150.7,154.77,-0.81,26.45,27.26,9.93,586.09,596.02,21.8,-40.14,-39.91,-49.98,2.09,0,0.48,26.5,26.02,9.05,523.92,532.97,24.66,-37.02,-35.69,-50.6,4.04,0,0.45,27.43,26.97,10.76,652.91,663.67,24.5,-36.59,-35.12,-49.79,3.4,0,-1.27,27.43,28.69,10.41,642.87,653.28,24.9,-39.14,-38.11,-51.58,2.38,0,-0.19,27.44,27.63,10.04,593.04,603.08,27.05,-38.75,-37.74,-51.17,2.73,0,1.58,27.42,25.84,10.4,625.19,635.59,25.53,-35.63,-34,-50.91,4.73,0,-0.98,-0.99,-1,-1.05,3.95,1707,0
28,1,28,0,3.98,148.5,152.49,-0.68,26.46,27.14,9.97,595.96,605.93,21.47,-39.94,-39.72,-49.66,2.3,0,0.3,26.5,26.21,9.05,528.39,537.44,24.46,-37.26,-35.96,-50.97,3.82,0,0.73,27.43,26.7,10.73,665.75,676.48,24.06,-36.19,-34.7,-49.16,3.96,0,-1.17,27.42,28.59,10.32,651.68,662,24.54,-39.08,-38.05,-51.48,2.48,0,-0.29,27.47,27.76,10.09,600.05,610.14,26.93,-38.72,-37.72,-51.06,2.75,0,1.35,27.42,26.07,10.23,626.72,636.95,25.47,-35.92,-34.27,-51.05,4.58,0,-1.01,-1.01,-1.05,-1.06,3.86,1687,0
29,1,29,0,4.02,148.72,152.74,-0.26,26.43,26.69,10.13,597.68,607.81,21.28,-39.71,-39.48,-49.29,2.52,0,0.29,26.51,26.22,9.06,531.31,540.36,24.38,-37.4,-36.13,-51.05,3.69,0,1.18,27.42,26.24,10.9,668.88,679.78,23.88,-35.74,-34.25,-48.53,4.51,0,-0.79,27.45,28.23,10.26,650.56,660.82,24.73,-39.07,-38.04,-51.31,2.49,0,-0.01,27.45,27.47,10.19,600.75,610.94,26.77,-38.88,-37.88,-51.36,2.6,0,1.34,27.42,26.09,10.47,629.84,640.31,25.39,-36,-34.35,-51.05,4.51,0,-0.98,-1.02,-1.08,-1.11,3.96,1733.67,0
30,1,30,0,3.79,136.69,140.49,-0.16,26.44,26.61,9.86,600.33,610.19,21.25,-39.64,-39.49,-48.7,2.61,0,-0.06,26.5,26.56,8.86,532.18,541.04,24.27,-37.39,-36.21,-50.57,3.64,0,1.36,27.42,26.06,10.89,677.56,688.45,23.6,-35.55,-34.09,-47.8,4.87,0,-0.52,27.42,27.94,10.19,663.66,673.85,24.12,-38.4,-37.37,-50.01,3.29,0,-0.3,27.48,27.78,9.92,610.2,620.12,26.52,-38.57,-37.56,-50.56,2.95,0,1.2,27.48,26.28,10.38,642.76,653.14,25.22,-35.57,-33.98,-50.42,4.87,0,-0.96,-1.04,-1.04,-1.08,3.82,1791.67,0
31,1,31,0,4.01,148.96,152.97,-0.65,26.46,27.1,9.83,589.02,598.85,21.72,-40.02,-39.8,-49.67,2.2,0,0.24,26.5,26.27,8.87,526,534.87,24.57,-37.26,-35.95,-50.94,3.84,0,0.68,27.43,26.75,10.71,659.71,670.42,24.29,-36.34,-34.86,-49.32,3.74,0,-1.05,27.45,28.5,10.24,646.33,656.57,24.89,-39.19,-38.17,-51.45,2.34,0,-0.2,27.44,27.64,9.96,594.21,604.17,27.01,-38.93,-37.94,-51.32,2.54,0,1.31,27.43,26.13,10.27,626.54,636.8,25.57,-35.78,-34.13,-50.98,4.68,0,-0.97,-1,-1.05,-1.04,3.85,1722.33,0
32,1,32,0,3.77,135.11,138.89,-0.51,26.45,26.96,9.74,586.28,596.02,21.77,-40.02,-39.95,-48.95,2.17,0,0.64,26.5,25.86,8.79,524.86,533.65,24.64,-36.8,-35.57,-49.61,4.16,0,0.81,27.43,26.62,10.63,654.71,665.34,24.46,-36.24,-34.82,-48.35,3.99,0,-0.78,27.42,28.2,10.15,645.24,655.38,24.76,-38.94,-37.94,-50.67,2.66,0,0.07,27.44,27.37,9.73,592.42,602.15,27.08,-38.71,-37.73,-50.73,2.78,0,1.85,27.43,25.58,10.42,630.54,640.96,25.4,-35.33,-33.78,-50.3,4.87,0,-0.96,-1.01,-1.05,-1.06,3.91,1787,0
33,1,33,0,3.93,144.02,147.95,-0.23,26.44,26.66,10.18,597.4,607.58,21.3,-39.63,-39.44,-48.96,2.59,0,-0.03,26.51,26.54,8.88,525.77,534.65,24.62,-37.39,-36.15,-51.05,3.68,0,1.33,27.43,26.1,10.83,672.94,683.77,23.8,-35.49,-34.01,-48.1,4.85,0,-0.74,27.42,28.16,10.16,652.11,662.27,24.53,-38.84,-37.82,-50.74,2.75,0,-0.28,27.47,27.75,10.08,601.51,611.59,26.85,-38.73,-37.73,-50.87,2.76,0,1.2,27.49,26.29,10.4,633.24,643.64,25.62,-35.63,-34,-50.64,4.91,0,-1.03,-1.09,-1.11,-1.13,4.03,1734.33,0
34,1,34,0,3.97,144.37,148.34,-0.28,26.45,26.73,9.92,588.98,598.91,21.66,-40.03,-39.86,-49.49,2.2,0,0.2,26.5,26.29,8.98,523.14,532.11,24.67,-37.08,-35.8,-50.6,3.96,0,1.06,27.42,26.36,10.87,658.77,669.64,24.27,-36.24,-34.77,-48.92,3.93,0,-0.63,27.42,28.05,10.17,648.57,658.74,24.64,-38.92,-37.9,-51.01,2.66,0,-0.22,27.45,27.67,9.85,594.96,604.81,27.02,-38.86,-37.86,-51.1,2.64,0,1.31,27.45,26.15,10.45,625.77,636.22,25.71,-35.61,-34.01,-50.61,4.81,0,-0.98,-1.05,-1.06,-1.09,3.97,1703,0
35,1,35,0,4.13,153.53,157.66,-0.9,26.44,27.34,10.14,602.36,612.5,21.16,-39.5,-39.22,-49.3,2.68,0,0.23,26.51,26.28,9.14,527.44,536.57,24.54,-37.44,-36.15,-51.29,3.66,0,0.65,27.41,26.76,11.02,675.33,686.35,23.62,-35.58,-34.1,-48.83,4.53,0,-1.32,27.43,28.75,10.35,656.37,666.72,24.39,-38.79,-37.75,-51.07,2.69,0,-0.32,27.48,27.8,10.03,602.52,612.55,26.89,-38.63,-37.62,-50.87,2.86,0,1.29,27.44,26.15,10.45,628.14,638.59,25.55,-35.94,-34.27,-51.1,4.61,0,-1.03,-1.02,-1.06,-1.1,3.97,1694.67,0
36,1,36,0,3.88,141.34,145.22,-0.67,26.46,27.13,9.77,588.5,598.27,21.75,-39.9,-39.73,-49.24,2.32,0,0.13,26.49,26.37,8.7,522.22,530.92,24.71,-37.32,-36,-50.88,3.86,0,0.65,27.43,26.78,10.48,656.82,667.3,24.4,-36.18,-34.71,-48.77,4.02,0,-1.41,27.42,28.83,10.1,641.19,651.28,24.92,-39.16,-38.16,-50.97,2.47,0,-0.34,27.49,27.83,9.92,595.93,605.85,27.25,-38.49,-37.48,-50.52,3.01,0,1.29,27.44,26.15,10.18,623.47,633.65,25.73,-35.7,-34.05,-50.95,4.81,0,-1.01,-1.05,-1.12,-1.13,3.82,1724.33,0
37,1,37,0,3.99,150.1,154.09,-0.24,26.44,26.67,9.95,597.97,607.92,21.3,-39.83,-39.59,-49.53,2.42,0,0.01,26.5,26.49,9.03,528.6,537.63,24.43,-37.34,-36.04,-51.15,3.76,0,1.18,27.42,26.24,11.01,671.04,682.06,23.81,-35.87,-34.38,-48.79,4.36,0,-0.7,27.42,28.12,10.2,654.8,664.99,24.39,-38.94,-37.89,-51.27,2.63,0,-0.2,27.44,27.63,10.15,603.02,613.17,26.6,-38.87,-37.86,-51.37,2.61,0,1.24,27.47,26.23,10.48,636.29,646.77,25.37,-35.63,-33.99,-50.85,4.85,0,-1.01,-1.04,-1.06,-1.1,3.96,1725,0
38,1,38,0,3.96,148.97,152.93,-1.07,26.43,27.5,9.69,580.57,590.26,21.9,-40.57,-40.42,-50.4,1.64,0,0.35,26.5,26.15,8.78,521.17,529.95,24.77,-37.31,-35.94,-51.12,3.88,0,0.26,27.42,27.17,10.5,651.43,661.93,24.55,-36.85,-35.39,-49.92,3.15,0,-1.54,27.42,28.96,10.1,640.35,650.45,24.94,-39.5,-38.49,-51.95,2.04,0,-0.29,27.47,27.76,9.84,595.01,604.85,27.16,-38.77,-37.75,-51.25,2.72,0,1.4,27.42,26.03,10.28,624.61,634.89,25.59,-35.84,-34.17,-51.27,4.62,0,-1.01,-1.03,-1.06,-1.06,3.93,1635.67,0
39,1,39,0,4.1,156.4,160.49,-1.13,26.42,27.55,9.78,591.98,601.76,21.42,-40.25,-39.97,-50.43,2.01,0,0.31,26.5,26.18,9.11,531.58,540.68,24.27,-37.33,-35.96,-51.2,3.84,0,0.28,27.42,27.14,10.89,664.3,675.18,24.05,-36.4,-34.89,-49.93,3.61,0,-1.6,27.47,29.07,10.18,647.56,657.73,24.98,-39.39,-38.34,-52.09,2.15,0,-0.18,27.43,27.61,9.95,602.25,612.2,26.61,-38.76,-37.74,-51.44,2.69,0,1.5,27.43,25.94,10.39,634.65,645.04,25.24,-35.77,-34.09,-51.3,4.67,0,-1,-1.07,-1.09,-1.11,3.87,1673.67,0
40,1,40,0,3.93,143.62,147.55,-0.95,26.44,27.4,9.77,582.79,592.56,21.88,-40.16,-39.99,-49.67,2.05,0,0.47,26.51,26.04,8.75,518.62,527.38,24.97,-37.11,-35.79,-50.52,3.99,0,0.38,27.42,27.04,10.76,651.32,662.07,24.53,-36.54,-35.07,-49.39,3.53,0,-1.48,27.42,28.9,10.16,640.01,650.17,25,-39.09,-38.07,-51.21,2.46,0,-0.29,27.47,27.76,10.01,592.78,602.79,27.26,-38.54,-37.52,-50.76,2.94,0,1.51,27.43,25.92,10.4,620.9,631.3,25.77,-35.69,-34.07,-50.82,4.72,0,-1.01,-1.04,-1.1,-1.12,3.97,1738.67,0
41,1,41,0,3.86,140.73,144.59,-0.57,26.45,27.02,9.78,595.25,605.03,21.47,-39.92,-39.75,-49.33,2.3,0,0.19,26.51,26.32,8.76,526.8,535.56,24.57,-37.19,-35.93,-50.66,3.87,0,0.85,27.42,26.57,10.74,669.31,680.05,23.9,-36.02,-34.55,-48.65,4.22,0,-1.04,27.42,28.46,10.14,656.4,666.54,24.38,-38.86,-37.83,-50.79,2.76,0,-0.34,27.49,27.83,9.83,603.85,613.69,26.89,-38.59,-37.58,-50.63,2.91,0,1.32,27.43,26.11,10.3,630.83,641.13,25.39,-35.78,-34.15,-50.76,4.71,0,-1.03,-1.06,-1.07,-1.11,3.87,1710,0
42,1,42,0,3.82,140.45,144.26,-0.93,26.45,27.37,9.81,596.89,606.69,21.4,-39.85,-39.66,-49.08,2.38,0,0.49,26.51,26.01,8.71,529.33,538.04,24.45,-37.11,-35.82,-50.5,3.95,0,0.5,27.43,26.93,10.85,668.7,679.54,23.94,-36.02,-34.55,-48.69,4.16,0,-1.28,27.42,28.7,10.09,648.9,658.99,24.65,-39.07,-38.07,-51.06,2.45,0,-0.09,27.43,27.51,9.76,596.12,605.89,26.86,-38.87,-37.92,-50.95,2.58,0,1.63,27.42,25.79,10.13,630.77,640.91,25.35,-35.58,-33.96,-50.7,4.86,0,-1.03,-1.05,-1.06,-1.07,3.89,1736.67,0
43,1,43,0,4,148.82,152.82,-0.53,26.45,26.98,10.14,592.35,602.49,21.53,-39.99,-39.76,-49.65,2.23,0,0.14,26.5,26.36,8.92,523.43,532.35,24.69,-37.45,-36.14,-51.2,3.71,0,0.83,27.43,26.6,10.87,665.04,675.91,24.07,-36.19,-34.71,-49.16,3.92,0,-0.93,27.43,28.35,10.27,645.2,655.47,24.8,-39.2,-38.18,-51.41,2.35,0,-0.14,27.42,27.56,10,593.08,603.08,26.93,-39.09,-38.12,-51.61,2.36,0,1.27,27.45,26.18,10.24,626.45,636.69,25.66,-35.88,-34.21,-51.15,4.64,0,-1.01,-1.02,-1.03,-1.07,3.93,1704,0
44,1,44,0,4.21,160.37,164.58,-1.1,26.43,27.53,10.21,594.49,604.71,21.38,-40.11,-39.81,-50.44,2.14,0,0.63,26.53,25.9,9.32,535.82,545.14,24.29,-37.16,-35.83,-50.93,3.89,0,0.36,27.43,27.07,10.91,667.79,678.7,23.97,-36.28,-34.77,-49.94,3.73,0,-1.32,27.42,28.74,10.53,657.76,668.29,24.31,-38.89,-37.8,-51.86,2.6,0,-0.19,27.44,27.63,10.14,603.39,613.52,26.58,-38.81,-37.79,-51.59,2.62,0,1.61,27.42,25.81,10.54,633.55,644.09,25.23,-35.95,-34.31,-51.14,4.44,0,-0.99,-0.99,-1.03,-1.05,3.96,1708,0
45,1,45,0,3.95,145.75,149.7,-0.68,26.45,27.13,9.98,595.16,605.13,21.44,-39.96,-39.73,-49.59,2.31,0,0.51,26.51,26,8.79,532.49,541.27,24.31,-37.1,-35.8,-50.61,3.96,0,0.72,27.42,26.71,10.75,667.64,678.4,23.94,-36.13,-34.64,-48.99,4.06,0,-1.02,27.42,28.44,10.33,655.58,665.91,24.37,-38.93,-37.88,-51.23,2.65,0,-0.14,27.42,27.56,9.85,600.25,610.11,26.62,-38.82,-37.83,-51.14,2.63,0,1.6,27.42,25.81,10.39,632.41,642.79,25.23,-35.72,-34.09,-50.82,4.7,0,-1.02,-1.07,-1.08,-1.1,3.9,1731.33,0
46,1,46,0,3.81,138.14,141.95,-0.67,26.46,27.13,9.78,590.75,600.54,21.65,-39.8,-39.71,-48.77,2.36,0,0.22,26.51,26.29,8.75,516.1,524.85,25.1,-37.21,-35.99,-50.56,3.82,0,0.72,27.43,26.7,10.65,664.57,675.22,24.09,-35.98,-34.55,-48.19,4.28,0,-1.34,27.42,28.76,10.02,642.94,652.96,24.87,-39.17,-38.22,-50.81,2.4,0,-0.33,27.49,27.81,9.62,592.04,601.66,27.39,-38.78,-37.84,-50.68,2.66,0,1.32,27.43,26.11,10.08,617.48,627.57,25.94,-35.94,-34.31,-50.7,4.6,0,-0.97,-1.04,-1.1,-1.11,3.89,1725,0
47,1,47,0,3.89,144.47,148.36,-0.45,26.46,26.91,9.74,596.43,606.17,21.48,-39.9,-39.72,-49.31,2.34,0,0.18,26.49,26.31,8.84,531.15,539.99,24.28,-37.28,-35.99,-50.87,3.84,0,0.97,27.42,26.45,11,670.7,681.7,23.83,-36.06,-34.58,-48.75,4.16,0,-0.85,27.42,28.27,10.26,656.03,666.29,24.37,-38.97,-37.94,-51.12,2.64,0,0.39,27.44,27.05,10.13,609.89,620.02,26.31,-38.6,-37.58,-50.83,2.94,0,1.68,27.42,25.74,10.45,638.7,649.15,25.03,-35.6,-33.96,-51.06,4.83,0,-1.03,-1.02,-1.11,-1.18,3.97,1754.33,0
48,1,48,0,3.98,146.58,150.56,-0.31,26.44,26.74,9.93,597.05,606.97,21.34,-39.8,-39.58,-49.36,2.43,0,0.15,26.5,26.35,9.18,530.15,539.33,24.39,-37.26,-35.99,-50.9,3.81,0,1.12,27.41,26.29,10.87,670.86,681.72,23.78,-35.91,-34.42,-48.69,4.33,0,-0.66,27.44,28.09,10.47,660.11,670.59,24.3,-38.66,-37.61,-50.74,2.95,0,-0.22,27.45,27.67,9.99,601.96,611.95,26.72,-38.79,-37.79,-51.07,2.69,0,1.29,27.44,26.15,10.43,633.66,644.1,25.32,-35.73,-34.1,-50.77,4.77,0,-1.03,-1.03,-1.05,-1.1,3.93,1730,0
49,1,49,0,3.9,144.14,148.04,-1.31,26.45,27.75,9.76,588.39,598.15,21.7,-40.12,-39.9,-49.74,2.16,0,0.69,26.5,25.81,8.86,528.02,536.88,24.47,-36.95,-35.58,-50.44,4.17,0,0.05,27.42,27.38,10.59,658.44,669.03,24.3,-36.45,-34.96,-49.48,3.64,0,-1.58,27.42,29,10.27,645.45,655.72,24.76,-39.07,-38.02,-51.49,2.47,0,0.03,27.45,27.42,10.02,598.84,608.86,26.84,-38.43,-37.41,-50.63,3.06,0,1.91,27.42,25.5,10.44,634.53,644.97,25.16,-35.28,-33.67,-50.81,5.04,0,-0.99,-1.06,-1.09,-1.13,3.94,1760,0
50,1,50,0,3.95,144.33,148.28,-0.37,26.44,26.81,9.91,595.51,605.42,21.39,-39.77,-39.57,-49.18,2.47,0,-0.05,26.48,26.53,8.91,524.22,533.13,24.52,-37.46,-36.19,-51.19,3.68,0,1.16,27.43,26.27,10.87,671.05,681.92,23.88,-35.67,-34.19,-48.34,4.64,0,-0.95,27.42,28.37,10.25,654.91,665.16,24.42,-38.87,-37.85,-50.75,2.75,0,-0.35,27.5,27.85,10.15,605.38,615.53,26.85,-38.49,-37.47,-50.42,3.04,0,1.21,27.47,26.26,10.31,632.69,643.01,25.55,-35.52,-33.88,-50.75,5.04,0,-1.03,-1.05,-1.1,-1.13,3.98,1775.33,0
51,1,51,0,3.73,130.62,134.35,-0.88,26.42,27.31,10.34,635.73,646.06,19.97,-40.63,-41.5,-47.95,2.11,0,0.74,26.52,25.78,9.09,534.05,543.15,24.3,-37.84,-36.57,-52.09,2.97,0,0.66,27.38,26.72,11.61,626.47,637.08,22.46,-37.44,-36.55,-48.69,2.75,0,-0.92,27.38,28.31,10.82,614.49,624.31,22.94,-39.38,-38.72,-49.98,1.65,0,0.42,27.41,26.99,10.18,625.68,635.87,25.5,-38.04,-37.25,-49.8,2.2,0,2.06,27.42,25.36,11.24,686.86,698.1,23.24,-35.49,-33.55,-49.87,4.85,0,-1.02,-0.98,-1.08,-1.07,4.01,2085,132912
52,1,52,0,3.89,137.84,141.72,-0.77,26.42,27.18,10.61,645.98,656.59,19.63,-40.56,-41.41,-48.2,2.15,0,0.81,26.52,25.71,9.25,543.07,552.32,23.88,-38,-36.69,-52.47,2.88,0,0.45,27.39,26.95,11.7,627.55,638.25,22.52,-38,-37.05,-49,2.13,0,-0.86,27.28,28.14,10.94,622.57,632.52,22.15,-39.57,-38.88,-50.3,1.45,0,0.71,27.43,26.72,10.43,639.25,649.68,25.04,-37.87,-37.06,-49.79,2.39,0,2.1,27.41,25.31,11.77,695.61,707.39,22.93,-35.64,-33.66,-50.17,4.76,0,-1.03,-0.95,-1.06,-1.08,4.03,2001.67,7015.67
53,1,53,0,3.8,131.45,135.26,-0.83,26.41,27.24,10.37,641.97,652.35,19.74,-40.35,-41.21,-47.68,2.44,0,0.58,26.54,25.95,9.09,536.83,545.92,24.28,-37.91,-36.66,-52.19,2.92,0,0.94,27.35,26.42,11.8,633.26,644.06,22.1,-36.91,-36.09,-48.55,3.22,0,-0.91,27.34,28.24,10.86,620.18,630.05,22.49,-39.04,-38.41,-49.82,1.97,0,0.28,27.42,27.14,10.43,626.8,637.23,25.46,-38.02,-37.24,-49.72,2.19,0,1.66,27.42,25.76,11.34,680.5,691.84,23.47,-35.93,-33.95,-50.07,4.47,0,-0.99,-0.94,-1.05,-1.07,4.1,2061.67,8726.67
54,1,54,0,3.97,143.79,147.76,-0.22,26.43,26.65,10.76,652.48,663.24,19.5,-40.12,-40.91,-48.44,2.68,0,-0.09,26.52,26.61,9.03,546.76,555.8,23.72,-38.35,-36.99,-53.21,2.71,0,1.33,27.34,26.01,11.71,641.1,651.8,21.8,-37.04,-36.19,-48.92,3.03,0,-0.44,27.33,27.77,11.26,632.99,643.25,22.06,-38.82,-38.2,-50.18,2.16,0,0.38,27.44,27.05,10.55,646.14,656.69,24.82,-37.43,-36.61,-49.4,2.83,0,1.09,27.42,26.33,11.37,689.38,700.74,23.18,-36.1,-34.05,-50.64,4.45,0,-1,-1.03,-1.14,-1.16,4.11,2206,6966.67
55,1,55,0,2.281,142.505,144.786,-0.52,26.489,27.009,10.899,581.241,592.14,22.1,-40.014,-40.45,-49.493,1.825,0,0.534,26.488,25.954,10.617,552.119,562.736,23.241,-38.815,-37.62,-51.736,3.026,0,0.836,27.531,26.694,12.865,672.347,685.212,23.238,-35.9,-34.642,-48.612,3.762,0,-0.195,27.481,27.676,12.514,675.6,688.114,23.902,-37.796,-36.819,-50.005,2.779,0,0.637,27.51,26.873,12.098,643.754,655.852,25.227,-37.935,-37.084,-50.197,2.72,0,1.987,27.518,25.531,12.433,640.18,652.613,24.639,-34.984,-33.299,-50.357,4.811,0,-1.096,-1.188,-1.216,-1.197,1.067,311.871,27230.918
56,1,56,0,2.128,137.008,139.136,-0.488,26.463,26.951,10.838,574.861,585.699,22.207,-39.888,-40.471,-48.96,1.75,0,0.66,26.473,25.813,10.477,549.589,560.067,23.271,-38.619,-37.472,-51.382,3.091,0,0.762,27.497,26.735,12.749,665.538,678.287,23.285,-35.979,-34.809,-48.552,3.6,0,0.069,27.488,27.419,12.441,672.044,684.485,24.07,-37.741,-36.806,-49.848,2.739,0,0.763,27.484,26.721,11.951,635.515,647.465,25.403,-37.91,-37.13,-50.057,2.687,0,2.118,27.525,25.407,12.274,636.738,649.012,24.812,-34.897,-33.246,-49.958,4.857,0,-1.115,-1.2,-1.221,-1.147,1.072,302.18,13081.799
57,1,57,0,2.146,136.287,138.433,0.044,26.486,26.442,10.775,573.062,583.837,22.393,-38.665,-38.978,-48.26,2.347,0,0.66,26.485,25.825,10.326,538.636,548.962,23.802,-37.955,-36.725,-50.855,3.45,0,1.287,27.465,26.178,12.639,658.678,671.316,23.335,-34.855,-33.564,-47.482,4.432,0,0.073,27.499,27.426,12.258,661.417,673.676,24.512,-36.769,-35.798,-48.916,3.246,0,0.629,27.499,26.87,11.724,624.75,636.474,25.931,-37.239,-36.408,-49.489,3.036,0,2.135,27.539,25.405,12.038,625.904,637.942,25.311,-34.081,-32.42,-48.954,5.573,0,-1.061,-1.153,-1.099,-1.125,1.09,304.678,11645.862
59,1,59,0,2.034,127.277,129.311,0.025,26.472,26.447,10.615,564.932,575.547,22.642,-39.153,-40.515,-47.276,1.606,0,0.66,26.498,25.838,10.178,533.803,543.981,24.094,-38.332,-37.288,-50.837,3.152,0,1.246,27.471,26.225,12.444,646.27,658.713,23.796,-35.84,-35.163,-47.143,3.303,0,-0.163,27.5,27.663,12.035,650.8,662.836,24.922,-37.772,-37.355,-48.687,2.433,0,0.615,27.486,26.871,11.55,616.295,627.845,26.209,-38.018,-37.554,-49.378,2.465,0,2.077,27.519,25.441,11.902,616.416,628.318,25.567,-34.668,-33.076,-49.215,5.027,0,-1.193,-1.096,-1.132,-1.166,1.078,307.354,10657.549
60,1,60,0,1.988,125.024,127.012,0.143,26.469,26.326,10.399,563.838,574.237,22.677,-39.193,-40.437,-47.751,1.631,0,1.276,26.478,25.202,10.196,540.158,550.354,23.701,-38.252,-37.252,-50.597,3.172,0,1.302,27.46,26.159,12.165,644.991,657.156,23.79,-35.97,-35.244,-47.525,3.24,0,0.034,27.464,27.43,11.8,650.593,662.392,24.732,-37.656,-37.298,-48.741,2.407,0,0.916,27.455,26.539,11.368,619.032,630.4,25.918,-37.679,-37.166,-49.205,2.601,0,2.671,27.466,24.795,11.819,622.096,633.914,25.035,-34.691,-33.184,-48.969,4.948,0,-1.145,-1.17,-1.204,-1.203,1.057,315.074,8649.201
65,1,65,0,2.11,134.665,136.775,0.563,26.501,25.938,10.817,574.72,585.537,22.404,-39.976,-40.85,-48.772,1.551,0,0.03,26.509,26.479,10.539,545.517,556.055,23.636,-38.41,-37.32,-51.021,3.133,0,1.906,27.462,25.557,12.703,658.347,671.05,23.321,-36.447,-35.455,-48.424,3.177,0,-0.326,27.502,27.828,12.425,668.569,680.993,24.271,-37.955,-37.271,-49.452,2.505,0,-0.005,27.506,27.511,11.946,633.148,645.094,25.632,-38.064,-37.456,-49.698,2.509,0,1.351,27.52,26.169,12.288,629.52,641.808,25.059,-34.855,-33.227,-49.825,4.887,0,-1.105,-1.139,-1.153,-1.165,1.405,317.395,9956.454
66,1,66,0,2.112,137.549,139.661,-0.293,26.476,26.769,10.774,566.863,577.637,22.583,-40.402,-41.029,-49.674,1.555,0,0.533,26.484,25.951,10.538,545.91,556.448,23.479,-38.261,-36.931,-51.297,3.401,0,1.119,27.497,26.378,12.628,654.551,667.178,23.651,-36.586,-35.448,-49.148,3.192,0,-0.423,27.519,27.942,12.435,666.646,679.082,24.434,-37.799,-36.824,-50.1,2.724,0,0.357,27.492,27.135,11.898,629.244,641.141,25.703,-37.706,-36.9,-50.002,2.786,0,1.932,27.495,25.563,12.306,630.548,642.853,24.871,-34.455,-32.776,-49.518,5.267,0,-1.122,-1.18,-1.199,-1.241,1.072,306.68,10688.479
67,1,67,0,2.118,131.331,133.45,0.365,26.485,26.12,10.564,566.256,576.82,22.659,-39.048,-39.825,-48.111,1.898,0,0.773,26.46,25.687,10.193,533.547,543.741,23.897,-38.629,-37.803,-50.958,2.855,0,1.476,27.455,25.978,12.37,649.37,661.739,23.599,-35.508,-34.464,-47.764,3.759,0,0.346,27.468,27.122,11.99,650.869,662.859,24.737,-37.43,-36.864,-48.874,2.629,0,0.863,27.478,26.615,11.5,617.127,628.627,26.128,-37.965,-37.44,-49.685,2.496,0,2.121,27.459,25.338,11.825,613.653,625.478,25.324,-35.186,-33.696,-50.016,4.477,0,-1.138,-1.189,-1.119,-1.109,1.171,313.751,11239.136
68,1,68,0,2.08,133.854,135.934,0.177,26.479,26.302,10.682,578.4,589.082,22.158,-39.343,-40.192,-48.094,1.804,0,0.536,26.469,25.933,10.385,550.028,560.413,23.236,-38.759,-37.871,-51.037,2.812,0,1.34,27.482,26.141,12.37,660.104,672.474,23.385,-35.7,-34.675,-47.706,3.657,0,0.006,27.481,27.475,12.046,666.268,678.315,24.25,-37.587,-36.926,-49.065,2.63,0,0.608,27.472,26.864,11.58,632.599,644.178,25.466,-38.013,-37.336,-49.847,2.574,0,1.875,27.504,25.629,12.026,633.569,645.595,24.817,-35.112,-33.571,-49.935,4.554,0,-1.124,-1.116,-1.194,-1.165,1.066,298.755,15279.956
71,1,71,0,2.029,128.628,130.658,0.125,26.507,26.382,11.046,575.225,586.271,22.408,-39.608,-40.746,-47.959,1.565,0,0.393,26.476,26.083,10.568,547.752,558.319,23.359,-38.531,-37.648,-50.722,2.927,0,1.34,27.48,26.14,12.599,655.662,668.261,23.52,-36.076,-35.226,-47.714,3.288,0,-0.157,27.461,27.618,12.317,659.636,671.954,24.363,-38.051,-37.566,-49.12,2.313,0,0.496,27.475,26.979,11.849,624.06,635.908,25.812,-38.248,-37.772,-49.804,2.346,0,1.781,27.52,25.74,12.284,630.815,643.099,25.007,-34.982,-33.471,-49.454,4.662,0,-1.071,-1.134,-1.1,-1.094,1.101,303.97,29218.117
72,1,72,0,2.087,136.467,138.554,-0.094,26.468,26.562,10.619,568.533,579.151,22.481,-39.661,-40.419,-48.539,1.733,0,0.784,26.466,25.682,10.296,539.69,549.986,23.656,-38.621,-37.391,-51.47,3.136,0,1.163,27.508,26.345,12.432,656.602,669.034,23.643,-35.852,-34.778,-48.142,3.585,0,-0.085,27.493,27.578,12.011,659.116,671.127,24.575,-37.615,-36.824,-49.397,2.698,0,0.732,27.469,26.737,11.55,619.858,631.407,25.96,-37.832,-37.1,-49.853,2.677,0,2.184,27.464,25.28,11.907,617.44,629.347,25.202,-34.887,-33.244,-50.053,4.874,0,-1.169,-1.193,-1.128,-1.229,1.066,312.148,12348.994
73,1,73,0,2.106,137.008,139.115,-0.303,26.463,26.766,10.685,571.921,582.606,22.325,-40.201,-41.097,-48.809,1.533,0,0.882,26.461,25.579,10.415,545.403,555.818,23.38,-38.815,-37.637,-51.492,3.027,0,0.954,27.52,26.566,12.818,657.548,670.366,23.671,-36.314,-35.311,-48.357,3.28,0,-0.051,27.528,27.579,12.423,663.421,675.844,24.602,-37.962,-37.143,-49.808,2.567,0,0.858,27.456,26.598,12.005,627.216,639.221,25.564,-38.1,-37.318,-50.192,2.598,0,2.346,27.471,25.125,12.421,627.451,639.872,24.841,-34.897,-33.246,-49.967,4.856,0,-1.087,-1.109,-1.105,-1.181,1.074,311.063,15189.237
74,1,74,0,2.165,131.512,133.677,0.494,26.508,26.014,10.653,571.933,582.586,22.551,-39.533,-40.804,-47.67,1.55,0,0.927,26.462,25.535,10.286,541.643,551.928,23.551,-38.092,-36.977,-50.587,3.317,0,1.638,27.456,25.818,12.355,651.325,663.68,23.539,-36.225,-35.616,-47.329,3.03,0,0.032,27.47,27.438,12.034,657.011,669.045,24.519,-37.928,-37.535,-48.757,2.344,0,0.685,27.488,26.803,11.529,624.952,636.481,25.868,-38.006,-37.492,-49.462,2.469,0,2.287,27.461,25.174,12.045,625.694,637.739,24.865,-34.504,-32.931,-48.967,5.131,0,-1.144,-1.153,-1.166,-1.192,1.177,309.504,10862.747
75,1,75,0,2.161,135.116,137.277,0.518,26.484,25.966,11.033,584.53,595.563,21.94,-39.963,-40.839,-48.422,1.599,0,0.313,26.492,26.179,10.742,559.069,569.811,22.974,-38.712,-37.693,-51.225,2.922,0,1.801,27.473,25.672,13.019,673.134,686.153,22.89,-35.957,-34.927,-48.115,3.495,0,0.208,27.462,27.254,12.673,678.583,691.256,23.69,-37.877,-37.139,-49.465,2.558,0,0.545,27.477,26.932,12.117,643.072,655.189,25.067,-38.117,-37.458,-49.92,2.486,0,1.71,27.509,25.799,12.543,645.055,657.598,24.413,-35.17,-33.594,-50.011,4.546,0,-1.163,-1.208,-1.22,-1.19,1.077,317.819,8738.957
76,1,76,0,2.055,132.683,134.738,-0.401,26.457,26.858,10.563,564.847,575.411,22.573,-39.486,-40.573,-48.062,1.59,0,0.834,26.457,25.623,10.311,540.756,551.068,23.561,-38.819,-37.909,-51.12,2.863,0,0.746,27.483,26.737,12.429,649.817,662.246,23.747,-36.095,-35.274,-47.739,3.199,0,-0.195,27.489,27.684,12.087,657.615,669.702,24.607,-37.775,-37.243,-49.132,2.462,0,0.647,27.481,26.834,11.518,622.426,633.944,25.929,-38.093,-37.535,-49.831,2.475,0,2.069,27.46,25.391,11.898,621.513,633.411,25.023,-35.356,-33.833,-50.059,4.398,0,-1.154,-1.189,-1.144,-1.142,1.068,305.754,12226.019
77,1,77,0,2.046,125.384,127.43,0.052,26.509,26.457,10.779,566.86,577.639,22.753,-39.191,-40.533,-47.408,1.599,0,0.688,26.46,25.772,10.183,537.885,548.068,23.71,-38.503,-37.65,-50.768,2.937,0,1.239,27.512,26.273,12.321,652.794,665.115,23.803,-36.149,-35.591,-47.211,3.032,0,-0.097,27.471,27.568,12.095,658.222,670.317,24.483,-37.821,-37.449,-48.809,2.363,0,0.715,27.467,26.752,11.529,619.206,630.735,25.977,-38.134,-37.686,-49.554,2.382,0,2.041,27.49,25.45,11.841,620.522,632.363,25.242,-35.068,-33.56,-49.606,4.613,0,-1.181,-1.157,-1.131,-1.124,1.07,299.738,9348.699
78,1,78,0,2.167,142.505,144.672,-0.165,26.462,26.627,10.786,581.89,592.675,21.938,-39.989,-40.603,-48.953,1.705,0,0.688,26.51,25.822,10.477,557.961,568.437,23.12,-39.161,-38.155,-51.597,2.735,0,1.1,27.493,26.393,12.676,670.118,682.794,23.112,-35.988,-34.84,-48.424,3.535,0,0.07,27.469,27.399,12.347,677.874,690.222,23.765,-37.797,-36.937,-49.84,2.64,0,0.796,27.465,26.669,11.894,640.552,652.446,25.098,-38.144,-37.379,-50.245,2.55,0,2.019,27.524,25.505,12.145,639.492,651.637,24.706,-35.542,-33.957,-50.627,4.275,0,-1.172,-1.218,-1.258,-1.229,1.109,305.544,8973.97
79,1,79,0,2.169,143.676,145.845,-1.287,26.482,27.769,10.87,570.293,581.163,22.487,-40.105,-40.42,-49.599,1.835,0,0.908,26.464,25.556,10.558,542.714,553.272,23.501,-38.514,-37.192,-51.457,3.243,0,0.145,27.492,27.346,12.772,656.389,669.161,23.565,-36.087,-34.854,-48.798,3.594,0,-0.498,27.499,27.997,12.436,661.319,673.754,24.518,-37.578,-36.523,-50.098,2.86,0,0.7,27.481,26.781,11.812,624.876,636.688,25.815,-38.025,-37.15,-50.319,2.671,0,2.291,27.464,25.173,12.28,624.817,637.097,24.902,-34.768,-33.099,-50.043,4.937,0,-1.199,-1.162,-1.16,-1.12,1.064,317.643,8952.486
80,1,80,0,1.99,124.844,126.834,0.12,26.527,26.407,10.572,572.383,582.956,22.638,-39.195,-40.837,-47.107,1.471,0,0.832,26.464,25.632,10.131,539.42,549.551,23.662,-38.791,-38.05,-50.899,2.755,0,1.175,27.457,26.282,12.264,649.769,662.033,23.606,-36.365,-36.009,-47.118,2.75,0,0.125,27.463,27.338,11.931,654.308,666.24,24.585,-38.278,-38.316,-48.541,1.972,0,0.868,27.468,26.6,11.505,621.176,632.681,25.899,-38.569,-38.4,-49.29,2.072,0,2.255,27.477,25.221,11.874,619.48,631.353,25.198,-35.4,-33.908,-49.964,4.364,0,-1.08,-1.134,-1.101,-1.201,1.051,315.529,24436.157
81,1,81,0,2.106,133.764,135.871,-0.658,26.461,27.119,10.939,574.633,585.572,22.207,-39.973,-40.468,-49.254,1.746,0,0.487,26.472,25.985,10.609,549.064,559.673,23.281,-38.458,-37.343,-51.188,3.135,0,0.684,27.486,26.802,12.831,664.033,676.864,23.271,-35.943,-34.707,-48.923,3.64,0,-0.393,27.482,27.875,12.565,673.224,685.79,23.988,-37.142,-36.057,-49.91,3.084,0,0.396,27.486,27.09,12.019,637.323,649.342,25.346,-37.703,-36.906,-50.01,2.766,0,1.936,27.536,25.601,12.423,637.951,650.374,24.827,-34.667,-33.032,-49.652,5.025,0,-1.115,-1.212,-1.138,-1.19,1.106,312.739,10980.859
82,1,82,0,2.107,134.936,137.042,-1.339,26.507,27.846,10.913,571.452,582.366,22.569,-39.861,-40.087,-49.653,1.904,0,0.966,26.472,25.506,10.597,545.496,556.093,23.429,-38.379,-37.163,-51.176,3.238,0,0.021,27.493,27.472,12.745,653.1,665.845,23.686,-36.04,-34.804,-48.767,3.571,0,-0.427,27.482,27.909,12.411,658.381,670.792,24.526,-37.274,-36.21,-49.876,2.971,0,0.78,27.465,26.685,11.913,624.234,636.147,25.738,-37.861,-37.022,-50.169,2.705,0,2.389,27.472,25.083,12.355,626.421,638.775,24.888,-34.82,-33.19,-49.807,4.85,0,-1.062,-1.183,-1.118,-1.147,1.07,319.762,10533.714
83,1,83,0,2.185,134.756,136.941,0.296,26.487,26.191,11.067,575.663,586.731,22.289,-39.243,-39.629,-48.558,2.074,0,0.354,26.486,26.132,10.653,542.556,553.208,23.632,-38.61,-37.483,-51.4,3.009,0,1.564,27.462,25.898,13.08,659.834,672.914,23.259,-35.301,-34.031,-48.289,4.08,0,0.401,27.459,27.058,12.642,663.775,676.418,24.194,-37.121,-36.188,-49.317,2.995,0,0.843,27.465,26.622,12.104,628.285,640.389,25.57,-37.749,-36.992,-49.927,2.695,0,1.8,27.501,25.7,12.424,623.48,635.904,25.169,-35.083,-33.423,-50.7,4.655,0,-1.133,-1.197,-1.166,-1.168,1.242,320.689,10533.219
84,1,84,0,2.232,141.694,143.926,-0.491,26.465,26.956,11.051,576.366,587.418,22.153,-39.573,-39.51,-49.857,2.216,0,0.585,26.461,25.876,10.7,548.845,559.545,23.228,-38.632,-37.435,-51.534,3.065,0,0.783,27.462,26.679,12.925,660.765,673.69,23.247,-35.471,-34.069,-48.941,4.071,0,-0.1,27.487,27.587,12.553,668.632,681.185,24.182,-36.987,-35.807,-49.937,3.223,0,0.728,27.532,26.804,12.046,637.449,649.496,25.609,-37.573,-36.636,-50.111,2.901,0,1.989,27.496,25.507,12.425,632.212,644.637,24.804,-34.983,-33.336,-50.433,4.718,0,-1.142,-1.209,-1.142,-1.096,1.082,311.737,10912.353
85,1,85,0,2.187,136.197,138.384,-0.624,26.465,27.089,10.818,573.083,583.901,22.29,-39.985,-40.526,-49.024,1.744,0,0.454,26.47,26.016,10.453,543.904,554.358,23.492,-38.375,-37.173,-51.199,3.184,0,0.718,27.48,26.761,12.636,657.939,670.575,23.445,-36.103,-34.949,-48.649,3.499,0,-0.475,27.529,28.004,12.441,670.759,683.199,24.347,-37.131,-36.048,-49.712,3.101,0,0.388,27.498,27.11,11.896,633.154,645.05,25.581,-37.693,-36.853,-50.023,2.773,0,1.86,27.508,25.648,12.232,629.196,641.428,25.002,-34.647,-32.99,-49.945,5.008,0,-1.133,-1.129,-1.156,-1.134,1.075,308.989,10246.398
86,1,86,0,2.209,145.812,148.021,-0.264,26.477,26.741,11.128,581.809,592.936,21.991,-38.821,-38.347,-48.638,2.531,0,0.638,26.475,25.837,10.567,539.589,550.156,23.677,-38.092,-37.06,-51.049,3.247,0,1.197,27.464,26.267,12.877,689.041,701.918,23.296,-35.06,-33.489,-47.859,4.72,0,-0.321,27.495,27.816,12.727,675.499,688.226,23.973,-37.411,-36.189,-49.778,3.39,0,0.616,27.478,26.861,12.402,656.049,668.451,24.567,-37.645,-36.699,-49.581,3.215,0,2.34,27.46,25.121,12.322,645.88,658.202,24.815,-34.852,-33.207,-49.916,5.304,0,-1.206,-1.044,-1.156,-1.111,1.204,0.307,12.994
87,1,87,0,2.126,142.115,144.24,-0.298,26.496,26.794,10.976,581.424,592.399,22.11,-38.605,-37.984,-48.809,2.675,0,1.033,26.478,25.446,10.408,537.302,547.71,23.79,-38.242,-37.231,-51.289,3.176,0,1.186,27.479,26.294,12.689,685.827,698.516,23.493,-34.954,-33.329,-48.021,4.807,0,-0.266,27.473,27.738,12.473,667.57,680.042,24.139,-37.263,-36.012,-49.838,3.446,0,0.978,27.474,26.496,12.154,647.921,660.075,24.853,-37.495,-36.483,-49.685,3.327,0,2.721,27.465,24.744,12.098,638.63,650.728,25.119,-34.91,-33.267,-50.188,5.264,0,-1.135,-1.056,-1.115,-1.119,1.092,0.308,16.832
88,1,88,0,2.121,133.818,135.94,0.243,26.512,26.269,10.98,580.594,591.574,22.213,-38.616,-38.915,-47.469,2.299,0,0.938,26.483,25.545,10.474,539.451,549.925,23.724,-38.053,-37.133,-50.957,3.184,0,1.532,27.466,25.934,12.648,680.783,693.431,23.584,-35.531,-34.483,-47.072,4.155,0,0.213,27.466,27.253,12.495,669.025,681.52,24.044,-37.771,-37.038,-49.086,3.036,0,0.996,27.469,26.473,12.249,652.529,664.778,24.648,-37.895,-37.13,-49.358,2.969,0,2.613,27.466,24.853,12.229,645.937,658.166,24.846,-34.924,-33.358,-49.744,5.21,0,-1.165,-1.064,-1.116,-1.129,1.176,0.311,12.587
89,1,89,0,2.128,136.344,138.471,-0.302,26.511,26.813,10.867,581.373,592.239,22.19,-38.336,-37.979,-48.269,2.609,0,0.837,26.48,25.643,10.27,537.443,547.713,23.802,-38.186,-37.299,-51.02,3.138,0,1.059,27.502,26.443,12.558,685.983,698.542,23.616,-34.953,-33.475,-47.585,4.7,0,-0.128,27.48,27.608,12.307,669.424,681.731,24.118,-37.291,-36.241,-49.523,3.335,0,0.849,27.458,26.609,11.916,650.476,662.392,24.675,-37.838,-37.025,-49.45,3.03,0,2.442,27.456,25.014,11.953,643.163,655.116,24.905,-35.202,-33.638,-50.135,5.041,0,-1.178,-1.06,-1.111,-1.118,1.054,0.296,9.229
90,1,90,0,2.117,138.327,140.444,-0.417,26.487,26.904,10.965,580.811,591.776,22.088,-38.941,-38.734,-48.405,2.405,0,1.009,26.468,25.459,10.435,541.239,551.675,23.563,-38.133,-37.103,-51.267,3.221,0,1.023,27.494,26.471,12.639,686.75,699.39,23.542,-35.46,-34.082,-47.727,4.411,0,-0.213,27.477,27.69,12.489,672.653,685.142,23.978,-37.649,-36.545,-49.635,3.247,0,0.87,27.459,26.59,12.054,648.33,660.384,24.76,-37.78,-36.875,-49.489,3.124,0,2.648,27.472,24.823,12.135,643.734,655.869,24.964,-34.918,-33.266,-49.965,5.282,0,-1.208,-1.087,-1.11,-1.103,1.071,0.302,9.915
91,1,91,0,2.069,133.277,135.347,-0.836,26.455,27.291,10.624,561.546,572.171,22.68,-39.273,-39.494,-48.424,2.15,0,1.391,26.47,25.079,10.274,530.232,540.506,24.056,-37.529,-36.248,-51.208,3.645,0,0.533,27.491,26.958,12.316,665.159,677.475,24.297,-36.16,-35.099,-47.85,3.889,0,-0.404,27.457,27.862,12.127,650.747,662.874,24.676,-37.773,-36.771,-49.823,3.144,0,1.05,27.465,26.415,11.92,638.781,650.7,25.156,-37.443,-36.55,-49.233,3.289,0,2.992,27.459,24.467,12.06,637.816,649.875,25.112,-34.306,-32.572,-49.091,5.843,0,-1.231,-1.028,-1.059,-1.112,1.065,0.315,22.138
92,1,92,0,2.146,140.582,142.728,-0.177,26.521,26.698,10.923,581.108,592.03,22.249,-38.462,-38.08,-48.039,2.631,0,0.924,26.517,25.592,10.314,536.138,546.453,24.059,-38.202,-37.206,-51.307,3.156,0,1.13,27.477,26.347,12.579,681.559,694.138,23.63,-34.996,-33.492,-47.572,4.735,0,0.009,27.486,27.477,12.356,664.341,676.698,24.33,-37.482,-36.364,-49.536,3.313,0,0.979,27.466,26.487,12.045,645.068,657.114,24.92,-37.831,-36.923,-49.661,3.097,0,2.579,27.521,24.942,11.957,638.38,650.338,25.465,-35.035,-33.442,-50.255,5.137,0,-1.149,-1.048,-1.143,-1.121,1.061,0.301,9.009
93,1,93,0,2.173,139.77,141.942,-0.605,26.464,27.068,10.91,573.801,584.711,22.237,-38.825,-38.667,-48.162,2.426,0,1.149,26.475,25.326,10.419,536.577,546.996,23.803,-38.072,-37.001,-51.211,3.268,0,0.775,27.481,26.706,12.559,677.525,690.084,23.792,-35.337,-33.981,-47.525,4.448,0,-0.252,27.467,27.72,12.368,660.828,673.196,24.351,-37.642,-36.558,-49.597,3.251,0,1.023,27.457,26.434,12.111,644.603,656.714,24.883,-37.809,-36.889,-49.562,3.113,0,2.792,27.47,24.678,12.128,639.724,651.852,25.102,-34.885,-33.223,-50.001,5.308,0,-1.166,-0.989,-1.073,-1.119,1.042,0.311,10.04
94,1,94,0,2.177,145.361,147.538,-1.009,26.465,27.473,10.887,575.872,586.759,22.169,-38.87,-38.243,-49.089,2.572,0,1.183,26.471,25.287,10.424,540.746,551.17,23.597,-38.25,-37.129,-51.554,3.241,0,0.46,27.518,27.057,12.608,682.662,695.27,23.822,-35.086,-33.46,-48.104,4.747,0,-0.447,27.469,27.916,12.374,665.039,677.413,24.214,-37.34,-35.981,-50.147,3.465,0,1.03,27.457,26.427,12.157,651.904,664.061,24.605,-37.669,-36.667,-49.78,3.236,0,2.833,27.474,24.642,12.208,648.609,660.818,24.787,-34.924,-33.242,-49.905,5.312,0,-1.177,-0.999,-1.075,-1.04,1.04,0.307,10.462
95,1,95,0,2.208,145.09,147.299,-0.243,26.486,26.729,10.908,576.975,587.883,22.228,-38.82,-38.445,-48.439,2.521,0,0.948,26.492,25.543,10.39,536.788,547.178,23.89,-38.224,-37.136,-51.354,3.217,0,1.174,27.465,26.291,12.552,679.972,692.523,23.619,-35.201,-33.642,-47.917,4.669,0,-0.231,27.517,27.749,12.269,666.377,678.646,24.437,-37.493,-36.254,-49.832,3.38,0,0.9,27.475,26.575,12.086,648.113,660.199,24.857,-37.424,-36.378,-49.603,3.414,0,2.655,27.499,24.844,12.024,641.909,653.934,25.195,-34.726,-33.053,-49.756,5.413,0,-1.147,-1.049,-1.101,-1.129,1.033,0.302,11.365
96,1,96,0,2.16,135.532,137.692,-0.087,26.513,26.601,10.863,574.916,585.779,22.446,-39.01,-39.108,-48.094,2.257,0,1.041,26.466,25.425,10.268,533.247,543.515,23.906,-37.988,-36.932,-51.233,3.303,0,1.232,27.487,26.255,12.497,677.76,690.257,23.814,-35.853,-34.681,-47.773,4.086,0,-0.231,27.52,27.752,12.241,664.573,676.814,24.52,-37.754,-36.809,-49.535,3.14,0,0.905,27.502,26.597,11.98,644.711,656.691,25.145,-37.63,-36.726,-49.368,3.2,0,2.686,27.483,24.796,11.886,637.599,649.485,25.27,-34.786,-33.111,-49.701,5.411,0,-1.224,-1.075,-1.109,-1.145,1.012,0.297,10.922
97,1,97,0,2.111,135.352,137.462,-0.614,26.468,27.082,10.761,565.764,576.525,22.575,-39.065,-39.307,-48.102,2.201,0,1.549,26.463,24.914,10.316,532.195,542.511,23.924,-37.976,-36.795,-51.421,3.398,0,0.662,27.473,26.811,12.328,665.923,678.251,24.169,-36,-34.985,-47.547,3.916,0,-0.231,27.474,27.706,12.05,651.618,663.668,24.74,-38.095,-37.196,-49.764,2.972,0,1.382,27.466,26.084,11.977,639.442,651.418,25.133,-37.616,-36.685,-49.465,3.231,0,3.248,27.46,24.212,12.077,637.77,649.848,25.111,-34.509,-32.789,-49.317,5.663,0,-1.163,-0.994,-1.081,-1.159,1.042,0.313,13.41
98,1,98,0,2.076,133.277,135.353,-1.097,26.472,27.569,10.671,563.924,574.596,22.675,-39.034,-39.231,-48.083,2.23,0,1.639,26.464,24.825,10.203,528.426,538.628,24.099,-37.977,-36.757,-51.501,3.437,0,0.294,27.535,27.24,12.32,668.769,681.09,24.417,-35.763,-34.588,-47.738,4.129,0,-0.394,27.479,27.872,12.061,647.218,659.278,24.934,-37.839,-36.865,-49.749,3.085,0,1.363,27.468,26.104,11.892,635.853,647.745,25.284,-37.551,-36.623,-49.516,3.242,0,3.31,27.465,24.155,11.988,636.397,648.385,25.198,-34.438,-32.698,-49.268,5.753,0,-1.161,-0.974,-1.038,-1.059,1.052,0.31,9.871
99,1,99,0,2.168,134.269,136.437,-0.381,26.492,26.872,10.89,569.957,580.847,22.528,-38.5,-38.406,-48.071,2.47,0,1.202,26.47,25.268,10.396,533.042,543.439,23.93,-37.974,-36.927,-51.111,3.309,0,0.981,27.462,26.48,12.536,672.899,685.436,23.846,-35.297,-33.942,-47.684,4.464,0,-0.142,27.464,27.606,12.374,659.836,672.21,24.369,-37.354,-36.316,-49.619,3.327,0,1.097,27.497,26.401,12.047,643.938,655.985,25.142,-37.468,-36.547,-49.421,3.299,0,2.856,27.479,24.623,12.109,638.038,650.148,25.225,-34.776,-33.131,-49.629,5.4,0,-1.169,-1.071,-1.103,-1.069,1.109,0.306,10.907
100,1,100,0,2.219,144.369,146.588,-0.816,26.496,27.312,10.941,574.092,585.033,22.391,-39.358,-38.73,-49.385,2.446,0,1.12,26.484,25.365,10.499,538.498,548.997,23.767,-38.12,-36.922,-51.606,3.346,0,0.602,27.498,26.895,12.654,680.543,693.197,23.783,-35.638,-34.009,-48.607,4.451,0,-0.319,27.48,27.799,12.543,668.962,681.505,24.124,-37.616,-36.191,-50.437,3.418,0,1.021,27.486,26.465,12.265,651.889,664.154,24.768,-37.485,-36.43,-49.89,3.363,0,2.801,27.49,24.689,12.272,647.284,659.556,24.924,-34.711,-32.952,-49.994,5.527,0,-1.158,-1.022,-1.141,-1.109,1.054,0.303,8.951
101,1,101,0,2.136,140.13,142.266,-0.352,26.522,26.875,10.95,582.644,593.594,22.2,-38.911,-38.468,-48.678,2.506,0,1.085,26.467,25.382,10.429,541.895,552.324,23.532,-38.318,-37.327,-51.437,3.132,0,1.025,27.487,26.461,12.76,689.062,701.822,23.423,-35.325,-33.822,-48.086,4.543,0,-0.024,27.471,27.495,12.539,676.572,689.111,23.809,-37.396,-36.184,-49.741,3.37,0,1.1,27.506,26.406,12.185,659.49,671.675,24.601,-37.609,-36.7,-49.478,3.184,0,2.747,27.49,24.743,12.254,653.455,665.709,24.694,-35.074,-33.449,-50.192,5.145,0,-1.167,-1.038,-1.071,-1.136,1.084,0.302,10.992
102,1,102,0,2.147,137.696,139.843,-0.219,26.509,26.728,10.876,576.416,587.293,22.367,-38.381,-38.102,-48.092,2.601,0,0.96,26.48,25.52,10.347,532.456,542.804,24.016,-38.066,-37.056,-51.188,3.256,0,1.057,27.473,26.416,12.555,677.155,689.71,23.759,-35.022,-33.534,-47.641,4.684,0,-0.062,27.459,27.52,12.255,658.565,670.82,24.387,-37.482,-36.406,-49.598,3.281,0,1.022,27.478,26.456,12.085,645.778,657.863,24.955,-37.682,-36.75,-49.652,3.193,0,2.637,27.511,24.873,12.098,641.29,653.389,25.284,-34.742,-33.096,-49.859,5.419,0,-1.167,-1.08,-1.159,-1.109,1.05,0.306,9.882
103,1,103,0,2.188,138.778,140.966,-0.381,26.502,26.883,10.966,578.929,589.895,22.233,-38.523,-38.183,-48.327,2.554,0,0.997,26.483,25.486,10.398,538.88,549.277,23.748,-38.033,-37.019,-51.152,3.268,0,0.993,27.49,26.497,12.514,683.918,696.433,23.623,-35.094,-33.604,-47.845,4.636,0,-0.184,27.509,27.693,12.337,670.023,682.359,24.259,-37.234,-36.05,-49.617,3.427,0,0.928,27.49,26.561,12.135,654.955,667.09,24.681,-37.572,-36.644,-49.502,3.234,0,2.624,27.491,24.867,12.094,647.419,659.513,24.938,-34.838,-33.216,-49.844,5.306,0,-1.188,-1.051,-1.171,-1.121,1.062,0.3,9.383
104,1,104,0,2.191,136.704,138.896,-0.928,26.466,27.394,10.824,570.645,581.468,22.374,-39.492,-39.486,-48.791,2.16,0,1.271,26.475,25.204,10.415,539.778,550.193,23.664,-37.928,-36.74,-51.427,3.426,0,0.496,27.494,26.998,12.486,677.194,689.681,23.884,-36.15,-34.871,-48.342,3.994,0,-0.534,27.47,28.004,12.328,665.709,678.037,24.197,-37.717,-36.571,-49.98,3.216,0,0.952,27.478,26.525,12.139,650.425,662.563,24.78,-37.597,-36.688,-49.524,3.206,0,2.912,27.472,24.56,12.197,647.452,659.65,24.818,-34.615,-32.903,-49.558,5.573,0,-1.204,-1.068,-1.055,-1.073,1.054,0.311,10.449
105,1,105,0,2.16,137.335,139.495,-0.276,26.525,26.801,10.847,575.941,586.788,22.469,-39.091,-38.913,-48.599,2.343,0,0.987,26.492,25.505,10.403,537.972,548.375,23.842,-37.896,-36.78,-51.089,3.386,0,1.061,27.489,26.429,12.626,678.123,690.749,23.813,-35.683,-34.342,-47.921,4.265,0,-0.267,27.477,27.744,12.327,661.949,674.275,24.366,-37.603,-36.518,-49.833,3.236,0,0.82,27.492,26.671,12.187,648.522,660.71,24.932,-37.619,-36.685,-49.677,3.217,0,2.626,27.497,24.871,12.204,644.194,656.398,25.091,-34.676,-32.993,-49.799,5.486,0,-1.2,-1.003,-1.13,-1.07,1.054,0.302,7.945
106,1,106,0,2.213,144.188,146.401,-0.511,26.491,27.002,11.012,577.122,588.134,22.243,-39.018,-38.574,-48.664,2.518,0,0.954,26.476,25.522,10.44,537.103,547.543,23.786,-38.089,-36.946,-51.267,3.307,0,0.869,27.499,26.63,12.599,681.896,694.495,23.74,-35.236,-33.651,-48.132,4.678,0,-0.267,27.494,27.761,12.357,666.752,679.109,24.287,-37.527,-36.219,-50.098,3.409,0,0.871,27.462,26.591,12.261,651.336,663.597,24.656,-37.703,-36.688,-49.902,3.202,0,2.604,27.472,24.868,12.23,644.404,656.634,24.935,-34.83,-33.141,-50.053,5.353,0,-1.225,-1.027,-1.041,-1.09,1.049,0.298,14.057
107,1,107,0,2.238,135.712,137.951,-0.381,26.475,26.856,10.968,577.393,588.361,22.154,-38.977,-39.514,-47.454,2.187,0,1.255,26.465,25.21,10.388,539.55,549.938,23.617,-38.225,-37.194,-51.29,3.19,0,0.909,27.472,26.562,12.606,681.553,694.159,23.603,-35.953,-35.058,-47.09,3.917,0,-0.1,27.463,27.563,12.388,666.217,678.605,24.13,-38.213,-37.521,-49.28,2.877,0,1.108,27.458,26.35,12.147,651.183,663.329,24.64,-38.182,-37.474,-49.5,2.808,0,2.908,27.47,24.562,12.2,647.801,660,24.789,-34.987,-33.315,-49.966,5.258,0,-1.159,-1.131,-1.254,-1.2,1.043,0.307,11.892
108,1,108,0,2.185,142.295,144.48,-0.185,26.509,26.695,10.974,584.655,595.628,22.056,-38.922,-38.814,-48.108,2.417,0,0.856,26.479,25.623,10.406,540.683,551.089,23.651,-38.308,-37.293,-51.258,3.162,0,1.101,27.487,26.386,12.619,685.665,698.284,23.544,-35.431,-34.043,-47.617,4.467,0,-0.156,27.46,27.616,12.416,668.932,681.348,24.02,-37.853,-36.795,-49.581,3.168,0,0.916,27.477,26.56,12.246,659.605,671.85,24.432,-37.975,-37.071,-49.753,3.01,0,2.559,27.498,24.94,12.199,652.914,665.112,24.77,-34.968,-33.316,-50.22,5.227,0,-1.16,-1.051,-1.12,-1.172,1.062,0.305,10.714
109,1,109,0,2.191,141.664,143.854,-0.125,26.506,26.63,10.969,576.248,587.217,22.352,-39.038,-38.756,-48.589,2.412,0,1.177,26.462,25.285,10.455,538.167,548.623,23.66,-38.118,-37.018,-51.252,3.274,0,1.159,27.462,26.303,12.488,676.662,689.151,23.713,-35.528,-34.099,-48.034,4.42,0,0.025,27.462,27.437,12.388,664.877,677.265,24.175,-37.641,-36.45,-49.983,3.308,0,1.227,27.472,26.245,12.145,650.17,662.315,24.753,-37.423,-36.415,-49.546,3.388,0,2.946,27.47,24.523,12.165,644.32,656.485,24.922,-34.63,-32.94,-49.602,5.519,0,-1.179,-1.108,-1.157,-1.203,1.1,0.31,12.463
110,1,110,0,2.146,140.311,142.458,0.181,26.532,26.352,11.038,587.823,598.861,22.048,-38.628,-38.405,-48.134,2.515,0,0.791,26.495,25.704,10.481,544.723,555.204,23.562,-38.154,-37.184,-50.952,3.197,0,1.455,27.485,26.031,12.727,690.435,703.162,23.363,-35.165,-33.738,-47.73,4.583,0,0.096,27.473,27.377,12.535,675.926,688.461,23.84,-37.568,-36.521,-49.619,3.247,0,0.876,27.492,26.616,12.27,661.721,673.991,24.444,-37.723,-36.807,-49.647,3.147,0,2.487,27.52,25.032,12.215,653.903,666.118,24.855,-34.897,-33.305,-49.912,5.239,0,-1.182,-1.18,-1.268,-1.229,1.228,0.304,10.692
111,1,111,0,4.276,143.219,147.496,-1.951,26.486,28.437,9.05,585.848,594.898,21.989,-41.104,-41.6,-49.511,1.872,7.32,1.37,26.493,25.123,8.724,545.489,554.214,23.625,-38.23,-36.966,-51.182,3.252,2.939,-0.497,27.46,27.957,10.4,686.988,697.388,23.464,-37.873,-36.787,-49.225,3.429,7.762,-0.942,27.479,28.42,10.165,662.634,672.799,24.438,-39.05,-37.702,-51.084,2.969,10.98,0.939,27.492,26.553,9.724,620.336,630.059,26.164,-38.861,-38.147,-49.89,2.725,7.973,2.993,27.458,24.465,10.049,638.535,648.584,25.205,-35.243,-33.457,-49.348,5.124,3.539,-0.962,-0.851,-1.039,-0.969,1.082,277.248,0
112,1,112,0,4.249,142.291,146.54,-1.826,26.475,28.302,9.067,584.166,593.233,21.999,-40.924,-41.442,-49.138,1.843,6.494,1.103,26.485,25.381,8.681,539.178,547.859,23.854,-38.293,-37.018,-51.321,3.223,2.447,-0.499,27.46,27.959,10.389,683.043,693.432,23.597,-37.764,-36.771,-48.862,3.37,6.904,-0.988,27.477,28.465,10.125,657.594,667.72,24.613,-39.246,-38.091,-50.736,2.834,10.336,0.931,27.502,26.572,9.729,619.581,629.31,26.261,-38.989,-38.339,-49.837,2.66,7.434,2.733,27.458,24.725,9.931,630.391,640.322,25.531,-35.384,-33.593,-49.76,5.073,3.087,-1.026,-0.966,-1.075,-0.993,1.113,226.429,0
113,1,113,0,4.191,139.717,143.908,-1.504,26.496,27.999,9.093,590.41,599.503,21.868,-40.725,-41.197,-49.195,1.943,5.644,1.112,26.489,25.377,8.709,544.678,553.387,23.64,-38.238,-37.033,-51.04,3.215,2.979,-0.148,27.465,27.613,10.413,689.658,700.071,23.399,-37.48,-36.401,-48.826,3.536,6.098,-0.798,27.477,28.275,10.161,663.944,674.105,24.378,-39.102,-37.887,-50.857,2.916,10.758,0.812,27.505,26.692,9.731,622.698,632.429,26.146,-38.994,-38.326,-49.944,2.664,8.022,2.71,27.458,24.747,9.961,636.014,645.975,25.306,-35.461,-33.746,-49.525,4.98,3.619,-1.079,-0.98,-1.104,-1.044,1.126,218.317,0
114,1,114,0,4.264,144.269,148.533,-0.006,26.454,26.46,9.13,599.984,609.114,21.306,-39.19,-39.357,-48.055,2.381,0.64,-0.068,26.475,26.544,8.689,550.153,558.842,23.345,-39.143,-38.296,-51.108,2.805,4.04,1.299,27.515,26.216,10.51,707.055,717.565,23.077,-35.471,-34.178,-47.204,4.43,1.345,-0.07,27.462,27.532,10.114,669.638,679.752,24.09,-38.439,-37.568,-49.621,3.01,9.867,0.265,27.459,27.195,9.611,624.434,634.045,25.813,-39.61,-39.014,-50.25,2.472,9.242,1.558,27.468,25.911,9.849,638.19,648.039,25.298,-36.199,-34.693,-50.177,4.456,4.886,-1.035,-0.982,-1.071,-1.003,1.14,230.769,0
115,1,115,0,4.091,135.237,139.327,-0.628,26.462,27.09,9.029,585.302,594.33,21.882,-39.605,-40.396,-47.529,2.093,1.079,0.507,26.515,26.008,8.604,539.05,547.654,24.036,-38.38,-37.39,-50.733,3.045,2.927,0.71,27.497,26.787,10.386,690.493,700.879,23.538,-36.19,-35.329,-47.092,3.931,1.766,-0.491,27.52,28.011,10.018,658.096,668.114,24.841,-38.843,-38.281,-49.365,2.838,9.624,0.319,27.453,27.134,9.466,608.729,618.195,26.436,-39.706,-39.206,-50.069,2.377,8.105,2.097,27.469,25.372,9.749,625.21,634.959,25.82,-35.643,-34.073,-49.655,4.744,3.737,-1.029,-0.953,-1.038,-0.965,1.176,236.999,0
116,1,116,0,4.234,140.901,145.136,-1.557,26.513,28.07,9.175,591.528,600.702,21.912,-40.698,-40.929,-49.562,1.999,5.642,1.23,26.485,25.255,8.757,545.028,553.786,23.602,-38.048,-36.759,-51.065,3.298,2.94,-0.244,27.464,27.708,10.441,687.583,698.024,23.465,-37.462,-36.234,-49.133,3.588,6.056,-0.951,27.474,28.426,10.189,662.125,672.314,24.43,-38.876,-37.499,-51.057,3.01,10.677,0.792,27.5,26.708,9.749,620.829,630.579,26.196,-38.787,-38.07,-49.857,2.764,7.931,2.777,27.459,24.682,10,635.5,645.5,25.332,-35.376,-33.632,-49.504,5.036,3.548,-1.058,-0.946,-1.057,-0.992,1.094,227.615,0
117,1,117,0,4.155,141.151,145.307,-0.278,26.463,26.741,8.952,587.275,596.227,21.814,-39.081,-39.246,-47.98,2.429,0.593,0.289,26.52,26.231,8.523,539.412,547.935,24.052,-38.6,-37.641,-50.859,2.975,3.271,1.088,27.504,26.416,10.349,696.217,706.566,23.381,-35.416,-34.116,-47.299,4.474,1.446,-0.349,27.483,27.832,9.931,657.436,667.367,24.662,-38.268,-37.336,-49.579,3.041,8.703,0.394,27.453,27.059,9.432,613.591,623.023,26.232,-39.347,-38.744,-50.135,2.558,8.209,1.885,27.467,25.581,9.692,628.56,638.252,25.675,-35.786,-34.218,-49.952,4.687,4.146,-1,-0.974,-1.075,-1.004,1.143,236.654,0
118,1,118,0,4.094,135.563,139.657,-0.807,26.464,27.271,9,583.223,592.223,21.973,-39.985,-40.595,-48.07,2.075,1.612,0.77,26.512,25.742,8.637,542.171,550.808,23.882,-38.57,-37.548,-50.98,2.998,3.468,0.478,27.494,27.016,10.305,684.927,695.231,23.715,-36.408,-35.409,-47.51,3.923,2.196,-0.507,27.506,28.012,9.947,653.018,662.965,24.952,-38.891,-38.017,-49.909,2.913,9.971,0.7,27.473,26.773,9.506,610.726,620.232,26.467,-39.281,-38.604,-50.147,2.606,8.519,2.373,27.473,25.1,9.795,628.576,638.371,25.704,-35.617,-34.01,-49.553,4.8,4.237,-1.004,-0.959,-1.061,-0.998,1.092,263.717,0
119,1,119,0,4.371,142.617,146.988,-0.973,26.465,27.438,9.084,590.407,599.491,21.709,-39.728,-40.06,-48.315,2.226,1.508,0.87,26.518,25.648,8.675,545.425,554.1,23.769,-39.009,-38.004,-51.32,2.878,3.423,0.343,27.486,27.142,10.399,693.486,703.885,23.379,-36.13,-34.888,-47.873,4.153,2.116,-0.608,27.491,28.099,10.052,662.388,672.439,24.519,-38.713,-37.663,-50.199,2.998,10.03,0.718,27.517,26.799,9.591,618.787,628.378,26.39,-39.204,-38.479,-50.252,2.616,8.545,2.432,27.473,25.041,9.773,629.435,639.208,25.67,-36.167,-34.604,-50.215,4.502,4.208,-0.996,-0.934,-1.089,-1.021,1.06,238.478,0
120,1,120,0,4.101,138.501,142.602,-0.765,26.458,27.223,8.868,579.255,588.123,22.095,-39.386,-39.856,-47.837,2.247,0.862,0.744,26.505,25.761,8.461,534.523,542.984,24.182,-38.655,-37.619,-51.174,3.001,2.949,0.527,27.498,26.971,10.195,684.202,694.397,23.761,-35.906,-34.807,-47.368,4.158,1.586,-0.514,27.502,28.016,9.791,648.13,657.922,25.125,-38.631,-37.842,-49.661,2.939,8.495,0.735,27.514,26.779,9.388,609.018,618.406,26.798,-39.179,-38.549,-50.061,2.614,7.734,2.348,27.464,25.116,9.587,621.432,631.019,25.949,-35.715,-34.103,-49.978,4.766,3.747,-0.997,-0.983,-1.057,-0.986,1.067,233.028,0
121,1,121,0,4.132,140.812,144.944,-0.783,26.465,27.248,8.94,583.379,592.318,21.973,-39.517,-39.833,-48.227,2.268,1.103,0.693,26.509,25.816,8.588,543.045,551.632,23.829,-38.661,-37.656,-51.029,2.969,3.324,0.577,27.495,26.918,10.272,688.921,699.193,23.582,-36.013,-34.809,-47.728,4.162,1.788,-0.465,27.499,27.964,9.9,655.478,665.378,24.824,-38.51,-37.552,-49.861,3.008,9.472,0.701,27.516,26.815,9.509,617.316,626.825,26.447,-39.065,-38.388,-50.071,2.658,8.313,2.289,27.471,25.182,9.754,632.27,642.023,25.544,-35.706,-34.099,-49.942,4.748,4.165,-0.982,-0.96,-1.067,-1.007,1.155,238.438,0
122,1,122,0,4.164,139.826,143.99,-0.54,26.459,26.999,8.966,587.06,596.026,21.801,-39.809,-40.252,-48.231,2.146,0.632,0.456,26.508,26.052,8.541,539.723,548.264,23.974,-38.479,-37.402,-50.98,3.07,2.535,0.817,27.498,26.681,10.315,693.613,703.928,23.438,-36.164,-35.05,-47.563,4.056,1.376,-0.637,27.499,28.136,9.917,657.891,667.808,24.735,-38.824,-38.015,-49.828,2.91,8.556,0.169,27.469,27.299,9.442,613.701,623.143,26.322,-39.385,-38.78,-50.089,2.555,7.592,2.075,27.461,25.386,9.704,628.013,637.717,25.662,-35.524,-33.861,-49.784,4.882,3.3,-1.002,-0.953,-1.063,-0.988,1.114,241.172,0
123,1,123,0,4.08,134.27,138.35,-0.734,26.453,27.187,8.943,577.724,586.667,22.124,-39.648,-40.21,-47.885,2.138,1.083,0.602,26.503,25.901,8.522,531.616,540.138,24.301,-38.192,-37.1,-50.794,3.155,2.444,0.603,27.494,26.891,10.291,682.592,692.883,23.79,-36.2,-35.174,-47.473,3.986,1.818,-0.566,27.502,28.069,9.881,646.677,656.557,25.177,-38.769,-38.001,-49.698,2.896,8.534,0.559,27.477,26.918,9.418,603.549,612.967,26.805,-39.201,-38.562,-50.039,2.627,7.277,2.217,27.463,25.247,9.675,618.631,628.306,26.058,-35.351,-33.696,-49.599,4.964,3.169,-1.029,-0.974,-1.064,-0.99,1.066,239.003,0
124,1,124,0,4.098,133.739,137.837,-0.506,26.472,26.978,8.917,584.796,593.713,21.953,-39.303,-39.769,-47.868,2.214,2.019,0.662,26.506,25.844,8.526,540.698,549.224,23.915,-38.47,-37.47,-50.974,3.034,3.445,0.732,27.5,26.767,10.225,687.847,698.072,23.646,-36.063,-35.032,-47.449,4.017,2.563,-0.353,27.455,27.808,9.85,652.791,662.641,24.675,-38.638,-37.94,-49.597,2.877,9.935,0.805,27.527,26.722,9.483,617.499,626.982,26.508,-39.11,-38.525,-49.905,2.627,8.461,2.268,27.47,25.201,9.672,628.415,638.087,25.694,-35.669,-34.083,-49.789,4.788,4.206,-0.996,-1.004,-1.077,-1.009,1.042,251.475,0
125,1,125,0,4.298,149.441,153.738,-0.875,26.459,27.334,9.047,587.752,596.799,21.778,-39.649,-39.808,-48.469,2.332,0.823,0.814,26.498,25.684,8.624,540.679,549.304,23.868,-38.718,-37.5,-51.346,3.064,2.989,0.415,27.484,27.069,10.368,689.81,700.178,23.494,-35.862,-34.507,-47.854,4.341,1.518,-0.501,27.484,27.985,9.966,654.033,663.999,24.792,-38.424,-37.242,-50.196,3.126,9.071,0.796,27.494,26.699,9.516,611.433,620.949,26.567,-38.925,-38.125,-50.327,2.769,7.929,2.395,27.467,25.072,9.72,624.967,634.687,25.813,-35.711,-34.009,-50.263,4.795,3.771,-1,-0.961,-1.069,-1.001,1.052,242.432,0
126,1,126,0,1.708,143.352,145.060,-0.980,26.569,27.549,5.852,498.499,504.351,26.414,-42.281,-42.297,-53.033,1.632,-7.907,-2.738,26.528,29.266,6.784,623.005,629.789,20.975,-40.380,-39.867,-51.429,2.352,-13.363,-0.397,27.505,27.902,6.586,584.884,591.471,27.943,-39.722,-39.017,-51.267,2.689,-10.278,-1.425,27.537,28.961,6.657,558.844,565.500,29.447,-38.935,-38.229,-49.839,2.878,-16.586,-1.826,27.531,29.357,6.663,574.003,580.666,28.651,-37.254,-36.163,-49.176,3.579,-14.795,-2.179,27.520,29.699,7.702,681.697,689.399,24.077,-37.099,-36.045,-49.108,3.598,-14.705,-1.113,-1.193,-1.185,-1.180,0.970,0.449,28.226
127,1,127,0,1.744,149.121,150.865,-0.980,26.593,27.573,5.873,501.717,507.590,26.391,-42.682,-42.777,-53.364,1.584,-7.831,-2.983,26.539,29.522,6.788,616.851,623.639,21.232,-40.234,-39.655,-51.282,2.398,-12.592,-0.396,27.493,27.888,6.629,589.734,596.363,27.632,-39.868,-39.069,-51.724,2.684,-10.190,-1.498,27.523,29.022,6.688,560.578,567.265,29.267,-38.926,-38.135,-50.238,2.936,-16.121,-1.992,27.511,29.503,6.655,571.131,577.786,28.661,-37.047,-35.926,-49.020,3.649,-14.130,-2.431,27.564,29.995,7.666,677.830,685.496,24.463,-36.838,-35.680,-49.038,3.766,-13.844,-1.074,-1.196,-1.115,-1.150,0.988,0.451,10.575
128,1,128,0,1.825,149.482,151.307,-1.028,26.534,27.563,5.952,504.021,509.974,25.915,-42.530,-42.558,-53.373,1.619,-9.411,-2.934,26.468,29.402,6.962,628.657,635.619,20.498,-40.562,-40.132,-51.186,2.300,-13.949,-0.368,27.518,27.886,6.762,593.052,599.814,27.638,-39.735,-38.892,-51.730,2.739,-11.554,-1.433,27.488,28.921,6.775,564.628,571.403,28.818,-39.091,-38.390,-49.954,2.810,-16.009,-1.887,27.476,29.364,6.746,580.470,587.216,27.976,-37.302,-36.296,-49.018,3.558,-14.561,-2.296,27.479,29.774,7.795,692.692,700.487,23.473,-37.346,-36.449,-48.792,3.430,-15.003,-1.098,-1.157,-1.216,-1.110,0.985,0.456,8.383
129,1,129,0,1.745,157.235,158.979,-1.414,26.453,27.866,5.561,506.158,511.719,25.349,-42.747,-42.966,-53.264,1.559,-7.871,-3.330,26.468,29.798,6.684,641.383,648.067,20.103,-40.933,-40.673,-51.332,2.171,-14.362,-0.805,27.523,28.328,6.515,597.310,603.825,27.487,-39.826,-39.122,-51.396,2.616,-10.184,-1.892,27.550,29.442,6.680,573.445,580.125,28.801,-39.313,-38.718,-49.998,2.675,-17.162,-2.234,27.517,29.751,6.639,591.318,597.956,27.734,-37.797,-36.885,-49.373,3.379,-15.644,-2.675,27.497,30.172,7.759,701.854,709.613,23.267,-37.655,-36.741,-49.096,3.328,-15.730,-1.112,-1.147,-1.100,-1.118,0.973,0.457,11.649
130,1,130,0,1.731,153.448,155.179,-1.186,26.502,27.688,5.675,507.546,513.221,25.564,-42.047,-42.278,-52.900,1.633,-6.691,-3.122,26.452,29.574,6.511,613.434,619.944,20.937,-41.139,-40.910,-51.411,2.097,-13.276,-0.488,27.550,28.038,6.517,606.030,612.547,27.265,-39.715,-39.157,-50.986,2.588,-8.856,-1.639,27.484,29.123,6.565,567.696,574.261,28.649,-39.343,-38.851,-50.100,2.607,-17.001,-2.095,27.481,29.576,6.434,573.790,580.224,28.346,-37.459,-36.594,-49.095,3.420,-15.224,-2.600,27.478,30.079,7.393,671.760,679.153,24.208,-37.658,-36.770,-48.929,3.327,-14.529,-1.103,-1.201,-1.099,-1.086,1.066,0.448,9.905
131,1,131,0,1.710,148.761,150.471,-1.094,26.421,27.515,5.885,500.097,505.982,25.443,-43.057,-43.314,-53.661,1.508,-8.484,-2.886,26.581,29.467,6.782,622.256,629.039,21.259,-40.443,-39.948,-51.291,2.309,-11.949,-0.378,27.438,27.816,6.720,595.765,602.486,27.008,-40.389,-39.746,-52.022,2.375,-10.693,-1.504,27.481,28.985,6.636,566.368,573.004,28.688,-39.369,-38.774,-50.256,2.647,-15.184,-1.894,27.545,29.439,6.690,578.739,585.429,28.510,-37.071,-36.039,-48.852,3.589,-13.215,-2.437,27.447,29.884,7.542,672.631,680.173,23.998,-37.346,-36.353,-49.067,3.484,-13.174,-1.086,-1.230,-1.132,-1.153,0.976,0.445,9.369
132,1,132,0,1.765,149.933,151.697,-1.118,26.475,27.592,5.950,502.549,508.500,25.634,-43.120,-43.260,-53.675,1.529,-7.969,-3.043,26.441,29.484,6.811,613.338,620.149,20.876,-40.638,-40.220,-51.200,2.264,-11.682,-0.431,27.473,27.904,6.735,597.397,604.132,27.153,-40.390,-39.690,-51.999,2.398,-10.169,-1.504,27.523,29.027,6.656,568.628,575.284,28.857,-39.294,-38.609,-50.274,2.707,-15.246,-2.006,27.474,29.480,6.697,575.770,582.467,28.187,-37.305,-36.317,-48.945,3.521,-13.162,-2.535,27.443,29.979,7.536,672.670,680.206,23.975,-37.379,-36.402,-48.960,3.453,-12.778,-1.132,-1.234,-1.186,-1.151,0.980,0.446,8.562
133,1,133,0,1.697,154.440,156.137,-1.313,26.448,27.761,5.596,511.191,516.787,25.072,-42.651,-43.045,-52.967,1.543,-7.168,-3.439,26.451,29.891,6.486,624.141,630.626,20.581,-40.964,-40.802,-51.113,2.134,-12.263,-0.689,27.489,28.179,6.471,607.211,613.681,26.834,-40.253,-39.850,-51.309,2.296,-9.274,-1.861,27.505,29.365,6.600,576.912,583.512,28.332,-39.563,-39.206,-50.056,2.455,-16.070,-2.290,27.477,29.766,6.469,583.436,589.905,27.854,-37.618,-36.883,-48.941,3.339,-14.114,-2.888,27.478,30.366,7.399,683.344,690.743,23.801,-37.600,-36.747,-48.791,3.331,-13.525,-1.055,-1.209,-1.163,-1.122,1.048,0.461,8.885
134,1,134,0,1.708,144.974,146.683,-0.978,26.459,27.437,5.657,494.851,500.507,25.949,-42.829,-43.064,-53.355,1.542,-9.209,-2.936,26.412,29.348,6.651,609.909,616.560,20.860,-40.473,-39.979,-51.310,2.327,-13.454,-0.343,27.434,27.777,6.618,584.325,590.943,27.508,-40.078,-39.402,-51.702,2.502,-11.622,-1.439,27.445,28.884,6.725,556.010,562.735,28.974,-39.039,-38.445,-49.933,2.761,-15.903,-2.023,27.412,29.435,6.566,566.590,573.156,28.241,-37.387,-36.412,-49.124,3.486,-14.343,-2.439,27.438,29.877,7.617,670.287,677.904,24.024,-37.223,-36.202,-48.844,3.546,-14.786,-1.093,-1.206,-1.129,-1.073,0.969,0.454,9.972
135,1,135,0,1.766,149.392,151.158,-1.119,26.560,27.679,5.802,508.421,514.223,25.856,-42.502,-42.790,-53.097,1.560,-7.292,-3.305,26.438,29.743,6.550,610.883,617.433,20.959,-40.624,-40.339,-51.056,2.215,-12.838,-0.458,27.562,28.020,6.556,605.453,612.009,27.360,-39.937,-39.353,-51.422,2.511,-9.518,-1.556,27.555,29.111,6.600,571.930,578.530,28.907,-39.093,-38.571,-49.933,2.701,-16.107,-2.194,27.474,29.668,6.496,573.036,579.532,28.330,-37.238,-36.319,-48.892,3.498,-14.391,-2.803,27.451,30.254,7.413,667.538,674.951,24.205,-37.326,-36.385,-48.795,3.465,-14.039,-1.155,-1.216,-1.128,-1.152,0.998,0.453,9.287
136,1,136,0,1.823,156.423,158.246,-1.119,26.509,27.628,6.014,505.257,511.270,25.702,-42.840,-43.112,-53.317,1.542,-7.819,-3.106,26.512,29.618,6.856,626.538,633.394,20.778,-40.722,-40.313,-51.362,2.248,-13.521,-0.458,27.509,27.967,6.762,597.745,604.508,27.361,-39.878,-39.090,-51.618,2.674,-10.059,-1.556,27.518,29.075,6.825,568.333,575.158,28.833,-38.996,-38.316,-49.944,2.837,-16.411,-2.070,27.488,29.558,6.762,578.616,585.378,28.138,-37.180,-36.212,-48.946,3.563,-14.851,-2.581,27.515,30.096,7.786,684.807,692.594,23.940,-37.338,-36.285,-49.142,3.535,-14.885,-1.123,-1.241,-1.115,-1.087,0.976,0.444,10.379
137,1,137,0,1.703,146.237,147.940,-1.119,26.440,27.559,5.852,495.112,500.965,25.813,-42.788,-42.872,-53.451,1.575,-8.700,-3.026,26.424,29.450,6.871,627.011,633.881,20.344,-40.560,-40.149,-51.282,2.266,-13.368,-0.458,27.488,27.946,6.617,583.769,590.386,27.882,-39.930,-39.202,-51.612,2.609,-11.104,-1.556,27.508,29.064,6.706,559.817,566.522,29.202,-39.278,-38.597,-50.198,2.729,-16.548,-2.070,27.489,29.559,6.668,576.612,583.280,28.245,-37.523,-36.604,-49.202,3.455,-14.654,-2.581,27.412,29.993,7.691,682.899,690.590,23.445,-37.545,-36.694,-48.945,3.321,-14.753,-1.074,-1.220,-1.179,-1.120,0.991,0.441,9.413
138,1,138,0,1.737,147.679,149.416,-0.854,26.474,27.328,5.835,500.389,506.223,25.745,-42.646,-42.546,-53.320,1.649,-8.940,-2.757,26.422,29.179,6.930,628.155,635.085,20.299,-40.853,-40.471,-51.323,2.240,-13.490,-0.198,27.439,27.637,6.687,585.966,592.653,27.460,-39.968,-39.086,-52.082,2.678,-11.371,-1.291,27.443,28.735,6.705,559.327,566.032,28.791,-39.228,-38.475,-50.355,2.796,-16.229,-1.742,27.444,29.186,6.781,579.953,586.733,27.786,-37.575,-36.628,-49.114,3.472,-14.453,-2.203,27.447,29.650,7.817,690.949,698.766,23.356,-37.455,-36.546,-48.830,3.398,-14.764,-1.106,-1.140,-1.132,-1.092,1.005,0.451,12.009
139,1,139,0,1.807,152.908,154.715,-1.047,26.557,27.603,5.930,508.331,514.260,25.832,-42.558,-42.664,-53.088,1.595,-7.105,-2.996,26.577,29.573,6.806,629.330,636.136,21.001,-40.714,-40.271,-51.232,2.262,-12.528,-0.387,27.526,27.914,6.687,601.351,608.038,27.311,-39.990,-39.272,-51.613,2.571,-9.283,-1.485,27.546,29.031,6.730,570.861,577.590,28.893,-39.250,-38.586,-50.203,2.741,-16.227,-1.981,27.555,29.536,6.673,584.148,590.821,28.309,-37.343,-36.364,-48.974,3.510,-14.251,-2.478,27.583,30.061,7.674,692.217,699.892,24.065,-37.368,-36.354,-49.022,3.485,-13.645,-1.092,-1.211,-1.230,-1.096,0.979,0.439,11.110
140,1,140,0,1.773,143.803,145.575,-1.047,26.413,27.460,5.825,492.245,498.070,25.804,-42.904,-42.925,-53.889,1.574,-8.697,-2.733,26.418,29.151,6.752,616.968,623.720,20.647,-40.562,-40.127,-51.390,2.306,-12.520,-0.387,27.429,27.817,6.534,582.225,588.759,27.585,-40.188,-39.419,-52.005,2.518,-11.008,-1.485,27.430,28.915,6.510,554.609,561.120,28.954,-39.412,-38.717,-50.565,2.684,-15.775,-1.763,27.440,29.203,6.631,571.789,578.420,28.162,-37.510,-36.439,-49.219,3.511,-13.755,-2.119,27.471,29.591,7.564,681.475,689.039,23.819,-37.140,-36.188,-48.697,3.524,-13.728,-1.061,-1.231,-1.202,-1.118,1.025,0.455,10.714
141,1,141,0,1.832,148.129,149.962,-1.047,26.524,27.570,5.835,502.537,508.372,25.933,-42.384,-42.405,-53.172,1.639,-7.218,-3.136,26.448,29.584,6.679,615.853,622.532,20.831,-40.706,-40.289,-51.335,2.265,-12.703,-0.387,27.529,27.917,6.559,595.077,601.636,27.623,-39.821,-39.086,-51.388,2.645,-9.494,-1.518,27.543,29.061,6.626,565.133,571.759,29.172,-39.164,-38.439,-50.186,2.803,-16.429,-2.092,27.473,29.565,6.592,573.727,580.319,28.287,-37.611,-36.624,-49.177,3.448,-14.442,-2.611,27.452,30.063,7.532,676.150,683.682,23.903,-37.425,-36.518,-48.942,3.409,-13.799,-1.116,-1.240,-1.142,-1.086,0.988,0.452,12.015
142,1,142,0,1.782,159.579,161.361,-1.460,26.453,27.913,5.692,505.557,511.249,25.374,-42.678,-43.012,-52.878,1.542,-7.201,-3.532,26.462,29.994,6.705,627.840,634.544,20.503,-40.966,-40.777,-51.109,2.140,-13.546,-0.784,27.512,28.296,6.580,599.326,605.906,27.325,-39.775,-39.077,-51.272,2.630,-9.390,-1.935,27.521,29.456,6.660,570.914,577.574,28.727,-39.120,-38.487,-50.031,2.753,-16.894,-2.440,27.493,29.933,6.561,581.651,588.212,28.039,-37.244,-36.352,-48.803,3.497,-15.386,-2.976,27.483,30.459,7.594,684.435,692.028,23.785,-37.529,-36.587,-48.872,3.404,-14.932,-1.095,-1.198,-1.147,-1.108,1.121,0.457,10.263
143,1,143,0,1.712,150.834,152.546,-1.026,26.462,27.488,5.720,497.984,503.704,25.800,-43.072,-43.210,-53.585,1.530,-8.291,-2.943,26.423,29.367,6.702,608.058,614.760,20.974,-40.724,-40.304,-51.372,2.272,-12.877,-0.345,27.449,27.794,6.625,591.177,597.802,27.292,-40.159,-39.361,-52.069,2.545,-10.541,-1.460,27.451,28.911,6.665,559.372,566.038,28.842,-39.129,-38.411,-50.293,2.805,-15.908,-1.935,27.444,29.379,6.635,569.469,576.104,28.303,-37.245,-36.238,-49.038,3.555,-14.104,-2.465,27.446,29.912,7.528,669.488,677.016,24.106,-37.396,-36.407,-48.916,3.501,-14.133,-1.088,-1.253,-1.176,-1.123,0.979,0.460,10.631
144,1,144,0,1.831,154.260,156.091,-1.123,26.496,27.618,5.925,508.679,514.604,25.453,-42.561,-42.733,-52.996,1.597,-6.089,-3.081,26.567,29.648,6.687,622.395,629.081,21.188,-40.848,-40.384,-51.444,2.242,-12.878,-0.454,27.494,27.948,6.656,605.855,612.511,26.915,-40.047,-39.378,-51.502,2.520,-8.066,-1.572,27.541,29.113,6.681,573.844,580.526,28.715,-39.449,-38.784,-50.506,2.653,-16.573,-2.052,27.546,29.598,6.621,581.413,588.035,28.386,-37.534,-36.518,-49.368,3.466,-14.903,-2.557,27.576,30.133,7.585,685.381,692.966,24.266,-37.424,-36.367,-49.287,3.497,-13.932,-1.077,-1.217,-1.137,-1.166,0.988,0.445,8.887
145,1,145,0,1.724,149.121,150.845,-1.073,26.437,27.509,5.854,496.813,502.667,25.706,-42.895,-42.972,-53.474,1.577,-7.994,-2.912,26.427,29.338,6.775,617.497,624.272,20.672,-40.805,-40.364,-51.438,2.251,-12.914,-0.415,27.430,27.845,6.597,586.909,593.506,27.370,-40.079,-39.296,-51.846,2.564,-10.203,-1.532,27.432,28.964,6.579,557.530,564.109,28.813,-39.388,-38.697,-50.356,2.697,-16.382,-1.895,27.463,29.359,6.668,574.535,581.202,28.179,-37.522,-36.494,-49.303,3.485,-14.371,-2.343,27.441,29.784,7.559,679.170,686.729,23.733,-37.398,-36.406,-49.005,3.462,-14.107,-1.151,-1.197,-1.173,-1.175,1.000,0.453,11.319
146,1,146,0,1.730,147.949,149.679,-1.111,26.473,27.584,5.907,498.453,504.361,25.834,-42.823,-42.878,-53.543,1.567,-7.528,-3.035,26.487,29.522,6.749,625.187,631.935,20.707,-40.592,-40.171,-51.336,2.289,-12.963,-0.444,27.516,27.960,6.589,589.190,595.780,27.807,-39.946,-39.173,-51.720,2.614,-9.781,-1.562,27.537,29.099,6.657,562.900,569.557,29.237,-39.378,-38.631,-50.605,2.723,-16.594,-2.009,27.551,29.561,6.639,577.682,584.320,28.606,-37.424,-36.345,-49.281,3.528,-14.648,-2.500,27.499,29.999,7.679,682.493,690.173,23.936,-37.384,-36.424,-49.028,3.460,-14.254,-1.089,-1.270,-1.122,-1.124,1.005,0.444,9.326
147,1,147,0,1.805,152.367,154.171,-1.111,26.481,27.592,5.893,503.153,509.046,25.649,-42.624,-42.657,-53.180,1.618,-7.204,-2.994,26.425,29.419,6.746,620.589,627.336,20.561,-41.069,-40.707,-51.520,2.201,-13.862,-0.444,27.510,27.955,6.607,594.560,601.167,27.524,-39.871,-39.032,-51.699,2.686,-9.463,-1.562,27.504,29.066,6.712,564.321,571.034,28.947,-39.339,-38.608,-50.506,2.734,-16.910,-2.009,27.436,29.445,6.633,574.863,581.496,27.990,-37.869,-36.902,-49.698,3.385,-15.408,-2.500,27.421,29.921,7.583,678.689,686.272,23.642,-37.904,-36.978,-49.224,3.288,-15.100,-1.152,-1.192,-1.208,-1.086,1.086,0.446,10.541
148,1,148,0,1.820,150.023,151.843,-0.953,26.464,27.416,5.763,494.346,500.108,25.996,-42.825,-42.631,-53.664,1.654,-9.111,-2.625,26.410,29.035,6.953,630.069,637.022,20.176,-40.697,-40.233,-51.352,2.298,-14.248,-0.412,27.426,27.838,6.646,576.317,582.963,27.839,-39.755,-38.743,-52.084,2.822,-11.683,-1.395,27.450,28.845,6.700,554.595,561.294,29.080,-38.938,-38.027,-50.320,2.987,-16.781,-1.709,27.437,29.146,6.763,576.170,582.933,27.922,-37.405,-36.284,-49.292,3.571,-15.172,-1.994,27.461,29.454,7.918,691.800,699.718,23.397,-37.304,-36.290,-49.001,3.497,-15.646,-1.131,-1.209,-1.100,-1.146,0.996,0.463,10.490
149,1,149,0,1.756,154.891,156.647,-1.269,26.439,27.708,5.587,507.901,513.488,25.178,-42.629,-42.923,-53.128,1.546,-7.429,-3.323,26.450,29.773,6.503,614.705,621.208,20.887,-40.941,-40.683,-51.252,2.148,-12.990,-0.581,27.480,28.061,6.512,605.979,612.491,26.830,-40.185,-39.697,-51.470,2.364,-9.571,-1.719,27.490,29.209,6.546,573.195,579.741,28.422,-39.410,-38.909,-50.237,2.584,-16.318,-2.237,27.478,29.716,6.448,577.988,584.436,28.126,-37.431,-36.588,-48.914,3.418,-14.492,-2.786,27.479,30.265,7.280,673.815,681.095,24.139,-37.485,-36.596,-48.803,3.381,-14.170,-1.130,-1.228,-1.136,-1.138,0.969,0.462,11.152
150,1,150,0,1.740,149.933,151.672,-1.123,26.495,27.617,5.887,498.748,504.635,25.952,-42.828,-42.908,-53.425,1.580,-8.766,-3.027,26.497,29.524,6.829,632.395,639.225,20.516,-40.694,-40.245,-51.365,2.271,-14.715,-0.474,27.540,28.015,6.617,588.433,595.050,28.001,-39.825,-39.006,-51.616,2.703,-11.277,-1.571,27.495,29.066,6.603,559.763,566.366,29.119,-39.214,-38.505,-50.242,2.771,-17.086,-2.011,27.525,29.536,6.664,580.684,587.348,28.284,-37.324,-36.284,-49.084,3.536,-15.589,-2.478,27.524,30.001,7.621,692.166,699.787,23.739,-37.417,-36.491,-48.866,3.418,-16.187,-1.124,-1.247,-1.156,-1.160,0.976,0.444,9.183
