Header Section,,,,,,,,,,,,,,,,,,,,,,,,,,,,,,,,,,,,,,,,,,,,,,,,,,,,,,,,,,,,,,,,,,,,,,,,,,,,,,,,,,,,,,
Product,VC7824-31,,,,,,,,,,,,,,,,,,,,,,,,,,,,,,,,,,,,,,,,,,,,,,,,,,,,,,,,,,,,,,,,,,,,,,,,,,,,,,,,,,,,,
Test Plan,Rev(A),,,,,,,,,,,,,,,,,,,,,,,,,,,,,,,,,,,,,,,,,,,,,,,,,,,,,,,,,,,,,,,,,,,,,,,,,,,,,,,,,,,,,
Release Date,2016/6/14,,,,,,,,,,,,,,,,,,,,,,,,,,,,,,,,,,,,,,,,,,,,,,,,,,,,,,,,,,,,,,,,,,,,,,,,,,,,,,,,,,,,,
Comment,#1~25/A5E6.17.1£»#31-55/A5E13.17.1,,,,,,,,,,,,,,,,,,,,,,,,,,,,,,,,,,,,,,,,,,,,,,,,,,,,,,,,,,,,,,,,,,,,,,,,,,,,,,,,,,,,,
,,,,,,,,,,,,,,,,,,,,,,,,,,,,,,,,,,,,,,,,,,,,,,,,,,,,,,,,,,,,,,,,,,,,,,,,,,,,,,,,,,,,,,
Data Section,,,,,,,,,,,,,,,,,,,,,,,,,,,,,,,,,,,,,,,,,,,,,,,,,,,,,,,,,,,,,,,,,,,,,,,,,,,,,,,,,,,,,,
Device#,1,2,3,4,5,6,7,8,9,10,11,12,13,14,15,16,17,18,19,20,21,22,23,24,25,26,27,28,29,30,31,32,33,34,35,36,37,38,39,40,41,42,43,44,45,46,47,48,49,50,51,52,53,54,55,56,57,58,59,60,61,62,63,64,65,66,67,68,69,70,71,72,73,74,75,76,77,78,79,80,81,82,83,84,85,86
Test Item,Site No,Device ID,Mipi_Function,Idle_TDD_Vbat,Idle_TDD_Vcc,Idle_TDD_Total,Pin_B40_2300,Pout_B40_2300,Gain_B40_2300,Icc_Vbat_B40_2300,Icc_Vcc_B40_2300,Icc_Total_B40_2300,PAE_Total_B40_2300,E-UTRA_ACP_L_B40_2300,UTRA_ACP1_L_B40_2300,UTRA_ACP2_L_B40_2300,EVM_B40_2300,2fo_B40_2300,Pin_B40_2655,Pout_B40_2655,Gain_B40_2655,Icc_Vbat_B40_2655,Icc_Vcc_B40_2655,Icc_Total_B40_2655,PAE_Total_B40_2655,E-UTRA_ACP_L_B40_2655,UTRA_ACP1_L_B40_2655,UTRA_ACP2_L_B40_2655,EVM_B40_2655,2fo_B40_2655,Pin_B38_2300,Pout_B38_2300,Gain_B38_2300,Icc_Vbat_B38_2300,Icc_Vcc_B38_2300,Icc_Total_B38_2300,PAE_Total_B38_2300,E-UTRA_ACP_L_B38_2300,UTRA_ACP1_L_B38_2300,UTRA_ACP2_L_B38_2300,EVM_B38_2300,2fo_B38_2300,Pin_B38_2400,Pout_B38_2400,Gain_B38_2400,Icc_Vbat_B38_2400,Icc_Vcc_B38_2400,Icc_Total_B38_2400,PAE_Total_B38_2400,E-UTRA_ACP_L_B38_2400,UTRA_ACP1_L_B38_2400,UTRA_ACP2_L_B38_2400,EVM_B38_2400,2fo_B38_2400,Pin_B41_2496,Pout_B41_2496,Gain_B41_2496,Icc_Vbat_B41_2496,Icc_Vcc_B41_2496,Icc_Total_B41_2496,PAE_Total_B41_2496,E-UTRA_ACP_L_B41_2496,UTRA_ACP1_L_B41_2496,UTRA_ACP2_L_B41_2496,EVM_B41_2496,2fo_B41_2496,Pin_B41_2655,Pout_B41_2655,Gain_B41_2655,Icc_Vbat_B41_2655,Icc_Vcc_B41_2655,Icc_Total_B41_2655,PAE_Total_B41_2655,E-UTRA_ACP_L_B41_2655,UTRA_ACP1_L_B41_2655,UTRA_ACP2_L_B41_2655,EVM_B41_2655,2fo_B41_2655,IL_RX1_B40_2496,IL_RX2_B38_2496,IL_RX2_B7 _2496,IL_RX2_B41_2496,Leakage Current,Leakage_Current_VCC_5V,Test Time,Index Time
Low Tolerance,,,,5,10,10,0.3,,,1,30,30,,1.5,1.5,1.5,0.5,,0.3,,,1,30,30,,1.5,1.5,1.5,0.5,,0.3,,,1,30,30,,1.5,1.5,1.5,0.5,,0.3,,,1,30,30,,1.5,1.5,1.5,0.5,,0.3,,,1,30,30,,1.5,1.5,1.5,0.5,,0.3,,,1,30,30,,1.5,1.5,1.5,0.5,,0.3,0.3,0.3,0.3,5,5,,
High Tolerance,,,,5,10,10,0.5,,,1,30,30,,1.5,1.5,1.5,0.5,,0.5,,,1,30,30,,1.5,1.5,1.5,0.5,,0.5,,,1,30,30,,1.5,1.5,1.5,0.5,,0.5,,,1,30,30,,1.5,1.5,1.5,0.5,,0.5,,,1,30,30,,1.5,1.5,1.5,0.5,,0.5,,,1,30,30,,1.5,1.5,1.5,0.5,,0.3,0.3,0.3,0.3,5,5,,
Enable,,,,1,1,1,1,0,0,0,1,1,,1,1,1,1,,1,0,0,0,1,1,,1,1,1,1,,1,0,0,0,1,1,,1,1,1,1,,1,0,0,0,1,1,,1,1,1,1,,1,0,0,0,1,1,,1,1,1,1,,1,0,0,0,1,1,,1,1,1,1,,1,1,1,1,1,1,,
1,1,1,0,3.443,155.182,158.626,-1.057,26.476,27.534,6.174,551.145,557.319,23.395,-41.447,-41.536,-51.925,1.815,-6.416,-3.275,26.476,29.751,6.476,576.954,583.43,22.377,-42.538,-42.088,-53.342,1.925,-11.551,-0.15,27.46,27.611,6.983,634.363,641.347,25.505,-39.498,-38.803,-50.466,2.728,-6.539,-1.268,27.456,28.723,6.636,575.999,582.634,28.057,-40.367,-39.804,-51.109,2.473,-13.331,-1.997,27.477,29.475,6.625,581.333,587.958,27.954,-38.828,-37.765,-50.826,3.103,-9.721,-2.824,27.475,30.299,7.273,653.962,661.235,24.848,-38.863,-37.887,-50.306,3.025,-9.067,-0.949,-0.972,-1.03,-0.888,1.823,1.019,264.304,100
2,1,2,0,3.277,150.862,154.139,-0.832,26.481,27.312,6.234,561.377,567.611,22.992,-41.334,-41.468,-51.604,1.798,-5.238,-3.099,26.537,29.636,6.388,567.933,574.321,23.052,-42.649,-42.07,-53.726,1.915,-11.055,0.117,27.468,27.35,7.108,650.243,657.351,24.922,-39.624,-39.053,-50.263,2.6,-5.084,-1.104,27.463,28.567,6.672,583.962,590.634,27.718,-40.824,-40.352,-51.43,2.274,-13.273,-1.902,27.481,29.383,6.629,581.576,588.205,27.965,-39.228,-38.181,-51.294,3.028,-9.565,-2.739,27.467,30.206,7.138,639.872,647.009,25.347,-39.23,-38.23,-50.647,2.921,-8.629,-0.952,-0.969,-1.003,-0.868,2.008,1.074,258.462,100
3,1,3,0,3.941,151.105,155.047,-1.012,26.48,27.493,6.124,556.928,563.053,23.177,-41.994,-42.315,-52.055,1.595,-5.843,-3.261,26.477,29.738,6.241,555.94,562.181,23.227,-42.28,-41.598,-53.524,1.966,-10.798,-0.098,27.456,27.554,6.998,647.052,654.051,24.983,-40.134,-39.671,-50.734,2.393,-5.811,-1.311,27.462,28.773,6.587,580.488,587.075,27.89,-40.918,-40.52,-51.46,2.226,-12.986,-2.043,27.478,29.522,6.472,575.131,581.604,28.264,-38.972,-37.939,-50.988,3.045,-9.02,-2.851,27.481,30.332,7.041,633.078,640.119,25.704,-38.685,-37.599,-50.439,3.103,-8.347,-0.944,-0.963,-1.033,-0.882,1.796,1.09,259.955,100
4,1,4,0,3.233,152.417,155.65,-0.989,26.48,27.469,6.094,550.872,556.966,23.428,-41.41,-41.539,-51.907,1.799,-6.327,-3.213,26.477,29.69,6.386,575.815,582.202,22.428,-42.454,-41.912,-53.552,1.959,-11.451,-0.089,27.468,27.557,6.873,633.413,640.286,25.591,-39.461,-38.823,-50.441,2.711,-6.492,-1.285,27.458,28.743,6.564,575.002,581.566,28.123,-40.352,-39.822,-51.115,2.465,-13.192,-1.981,27.477,29.458,6.532,581.48,588.012,27.948,-38.836,-37.767,-50.906,3.101,-9.659,-2.747,27.464,30.211,7.231,653.347,660.579,24.807,-38.841,-37.854,-50.376,3.028,-9.009,-0.96,-0.985,-1.031,-0.9,2.153,0.728,278.885,100
5,1,5,0,3.156,160.56,163.715,-1.166,26.476,27.642,6.106,546.919,553.025,23.573,-41.904,-42.12,-52.283,1.664,-7.79,-3.421,26.48,29.901,6.437,576.238,582.676,22.422,-42.143,-41.643,-53.158,1.958,-11.493,-0.299,27.459,27.758,6.867,629.638,636.505,25.691,-39.782,-39.159,-50.924,2.602,-8.067,-1.413,27.464,28.877,6.534,572.305,578.84,28.297,-40.189,-39.664,-51.064,2.536,-12.752,-2.149,27.484,29.633,6.492,578.206,584.698,28.155,-38.381,-37.387,-50.262,3.156,-9.356,-2.955,27.497,30.452,7.187,653.654,660.841,24.989,-38.441,-37.402,-50.229,3.156,-9.143,-0.946,-0.978,-1.016,-0.881,1.63,1.322,282.982,100
6,1,6,0,3.501,155.912,159.413,-1.117,26.479,27.596,6.066,557.948,564.014,23.129,-41.892,-42.18,-51.826,1.64,-6.788,-3.437,26.48,29.917,6.383,581.064,587.447,22.243,-42.673,-42.147,-53.787,1.943,-11.217,-0.271,27.461,27.732,6.888,641.818,648.705,25.223,-40.045,-39.566,-50.623,2.423,-6.925,-1.455,27.464,28.919,6.549,583.216,589.766,27.77,-40.879,-40.541,-51.124,2.212,-12.782,-2.144,27.466,29.609,6.483,587.527,594.011,27.594,-39.324,-38.502,-51.013,2.957,-9.21,-2.953,27.486,30.439,7.126,660.178,667.305,24.688,-39.094,-38.139,-50.485,2.96,-8.702,-0.95,-0.954,-0.985,-0.865,1.464,0.49,269.684,100
7,1,7,0,3.137,157.563,160.7,-1.274,26.455,27.73,6.155,552.565,558.72,23.228,-41.903,-42.052,-52.185,1.687,-7.825,-3.516,26.481,29.997,6.535,587.918,594.452,21.988,-42.56,-42.004,-53.832,1.941,-11.691,-0.438,27.461,27.899,6.934,635.157,642.092,25.481,-39.899,-39.282,-50.786,2.523,-8.103,-1.64,27.456,29.096,6.607,578.606,585.212,27.94,-40.634,-40.161,-51.155,2.342,-12.787,-2.324,27.463,29.788,6.603,585.865,592.467,27.65,-39.205,-38.269,-51.06,3.003,-9.42,-3.037,27.5,30.537,7.325,666.26,673.585,24.537,-39.005,-37.999,-50.679,2.978,-9.249,-0.945,-0.969,-0.995,-0.871,2.015,1.036,281.908,100
8,1,8,0,3.009,149.376,152.385,-1.217,26.479,27.696,6.13,550.107,556.237,23.456,-42.233,-42.599,-52.299,1.518,-7.03,-3.393,26.484,29.877,6.382,570.308,576.69,22.677,-42.191,-41.557,-53.614,1.985,-10.699,-0.338,27.468,27.806,6.934,635.943,642.876,25.493,-40.196,-39.717,-50.928,2.375,-7.107,-1.55,27.454,29.004,6.56,575.371,581.931,28.083,-40.977,-40.578,-51.601,2.195,-12.521,-2.246,27.475,29.721,6.563,577.983,584.547,28.101,-39.215,-38.284,-51.084,3.005,-8.787,-2.937,27.489,30.426,7.194,648.28,655.475,25.148,-38.642,-37.613,-50.447,3.074,-8.311,-0.961,-0.974,-1.005,-0.887,1.891,0.424,279.474,100
9,1,9,0,3.469,162.435,165.904,-1.251,26.478,27.729,6.122,563.614,569.736,22.894,-42.057,-42.328,-52.281,1.63,-6.553,-3.757,26.483,30.24,6.382,584.927,591.309,22.116,-42.622,-42.337,-53.287,1.89,-11.192,-0.362,27.459,27.821,6.937,648.366,655.303,24.957,-40.124,-39.61,-50.941,2.414,-6.604,-1.643,27.469,29.112,6.583,588.285,594.868,27.565,-40.922,-40.56,-51.277,2.207,-12.822,-2.465,27.457,29.921,6.554,589.809,596.362,27.43,-39.352,-38.608,-51.069,2.938,-9.251,-3.25,27.531,30.781,7.219,665.937,673.156,24.727,-38.848,-37.886,-50.39,3.02,-8.703,-0.954,-0.95,-1.004,-0.869,1.929,0.947,278.67,100
10,1,10,0,2.926,154.101,157.026,-1.153,26.485,27.638,5.936,543.156,549.091,23.794,-41.388,-41.558,-51.787,1.789,-8.21,-3.302,26.479,29.782,6.307,585.623,591.931,22.071,-42.455,-42.047,-53.434,1.915,-11.681,-0.338,27.467,27.804,6.687,621.757,628.444,26.069,-39.536,-38.942,-50.475,2.653,-8.545,-1.402,27.462,28.864,6.412,569.413,575.825,28.432,-40.115,-39.653,-50.659,2.532,-12.522,-2.174,27.473,29.646,6.358,578.42,584.778,28.074,-38.615,-37.727,-50.408,3.094,-9.414,-2.881,27.482,30.363,7.053,659.854,666.907,24.676,-38.852,-37.982,-50.148,2.98,-9.346,-0.946,-0.968,-1.002,-0.873,2.189,1.423,280.155,100
11,1,11,0,3.124,152.699,155.823,-1.271,26.473,27.744,5.979,535.139,541.118,24.081,-42.265,-42.528,-52.479,1.566,-8.013,-3.543,26.482,30.025,6.354,564.966,571.321,22.881,-41.937,-41.253,-53.152,2.018,-11.22,-0.421,27.454,27.875,6.824,616.274,623.097,26.217,-40,-39.389,-51.131,2.515,-8.188,-1.518,27.469,28.986,6.484,561.515,567.999,28.868,-40.379,-39.804,-51.413,2.484,-12.606,-2.336,27.479,29.814,6.467,565.358,571.824,28.75,-38.493,-37.424,-50.5,3.16,-9.194,-3.088,27.513,30.601,7.13,641.029,648.159,25.572,-38.225,-37.097,-50.209,3.239,-8.913,-0.953,-0.95,-0.987,-0.865,1.252,1.609,285.9,100
12,1,12,0,4.076,153.589,157.664,-1.139,26.479,27.618,6.199,552.341,558.54,23.36,-41.793,-42.026,-51.986,1.673,-6.463,-3.346,26.481,29.827,6.48,569.698,576.179,22.683,-42.619,-42.1,-53.64,1.902,-10.97,-0.256,27.468,27.723,7.054,638.021,645.075,25.402,-39.869,-39.333,-50.538,2.513,-6.594,-1.462,27.467,28.928,6.678,576.546,583.224,28.101,-40.695,-40.257,-51.249,2.311,-12.927,-2.175,27.474,29.649,6.6,577.317,583.916,28.123,-39.109,-38.132,-51.034,3.017,-9.164,-2.92,27.487,30.406,7.246,645.262,652.508,25.247,-38.987,-37.951,-50.642,2.988,-8.475,-0.949,-0.968,-1.003,-0.872,2.005,1.322,278.861,100
13,1,13,0,3.335,152.417,155.752,-1.057,26.484,27.542,6.119,551.41,557.529,23.43,-41.835,-41.99,-52.164,1.702,-6.956,-3.215,26.475,29.69,6.376,575.112,581.488,22.446,-42.012,-41.321,-53.345,2.008,-11.109,-0.172,27.464,27.637,6.884,635.052,641.936,25.505,-39.767,-39.123,-50.743,2.596,-6.892,-1.398,27.466,28.864,6.545,577.96,584.505,28.037,-40.474,-39.92,-51.381,2.432,-12.705,-2.129,27.479,29.608,6.537,579.907,586.443,28.037,-38.623,-37.473,-50.902,3.15,-9.368,-2.737,27.463,30.2,7.161,648.023,655.184,25.007,-38.568,-37.486,-50.634,3.106,-9.044,-0.971,-0.975,-1.015,-0.876,1.806,0.731,285.895,100
14,1,14,0,3.271,151.348,154.619,-1.27,26.469,27.739,6.13,543.957,550.087,23.664,-42.668,-43.108,-52.639,1.44,-8.182,-3.637,26.487,30.124,6.42,570.743,577.163,22.678,-41.927,-41.294,-53.051,2.028,-10.723,-0.448,27.458,27.906,6.935,626.479,633.414,25.816,-40.461,-39.998,-51.267,2.294,-8.291,-1.622,27.461,29.083,6.571,570.53,577.101,28.365,-40.919,-40.565,-51.496,2.197,-12.11,-2.487,27.456,29.943,6.528,571.238,577.765,28.314,-38.925,-38.087,-50.509,3.018,-8.639,-3.183,27.527,30.711,7.215,648.419,655.634,25.365,-38.239,-37.187,-50.19,3.2,-8.4,-0.959,-0.956,-0.998,-0.865,1.457,0.98,284.26,100
15,1,15,0,2.92,154.83,157.75,-1.106,26.481,27.587,6.31,557.46,563.77,23.153,-42.247,-42.666,-52.173,1.524,-6.226,-3.655,26.485,30.14,6.418,556.402,562.819,23.245,-42.364,-41.816,-53.413,1.95,-11.152,-0.19,27.463,27.653,7.165,646.151,653.316,25.054,-40.299,-39.861,-50.9,2.344,-6.149,-1.501,27.46,28.961,6.765,579.356,586.121,27.919,-41.062,-40.719,-51.431,2.162,-13.305,-2.334,27.491,29.825,6.701,576.144,582.845,28.29,-39.05,-38.133,-50.862,3.023,-9.278,-3.193,27.526,30.719,7.283,638.266,645.549,25.755,-38.66,-37.547,-50.588,3.134,-8.564,-0.934,-0.922,-0.973,-0.842,2.102,0.859,283.461,100
16,1,16,0,2.913,156.36,159.273,-1.135,26.475,27.61,6.131,549.415,555.546,23.464,-41.829,-41.965,-52.258,1.714,-7.089,-3.411,26.483,29.894,6.471,576.164,582.636,22.444,-42.198,-41.68,-53.219,1.965,-11.352,-0.245,27.47,27.715,6.964,633.189,640.153,25.608,-39.761,-39.105,-50.849,2.613,-7.205,-1.375,27.453,28.829,6.585,573.94,580.525,28.145,-40.478,-39.962,-51.239,2.413,-12.778,-2.1,27.483,29.583,6.611,580.478,587.089,28.029,-38.765,-37.746,-50.691,3.099,-9.237,-2.95,27.492,30.442,7.261,654.787,662.048,24.916,-38.611,-37.534,-50.579,3.104,-8.864,-0.949,-0.956,-1,-0.884,1.647,0.823,280.563,100
17,1,17,0,2.99,155.247,158.236,-1.169,26.479,27.649,6.183,552.779,558.962,23.343,-42.322,-42.596,-52.428,1.534,-6.52,-3.674,26.481,30.155,6.417,573.195,579.612,22.552,-42.314,-41.766,-53.5,1.928,-10.754,-0.335,27.467,27.802,6.997,637.036,644.034,25.439,-40.253,-39.715,-51.159,2.374,-6.586,-1.561,27.457,29.018,6.644,577.312,583.956,28.004,-41.117,-40.665,-51.792,2.172,-12.762,-2.377,27.471,29.848,6.585,579.145,585.73,28.016,-39.39,-38.51,-51.136,2.957,-9.01,-3.202,27.525,30.727,7.235,652.322,659.557,25.204,-38.739,-37.722,-50.361,3.046,-8.284,-0.955,-0.971,-0.998,-0.865,1.911,2.164,283.446,100
18,1,18,0,3.284,156.348,159.631,-1.124,26.483,27.606,6.182,566.364,572.546,22.807,-42.367,-42.866,-52.251,1.462,-5.196,-3.905,26.489,30.394,6.265,554.838,561.103,23.34,-42.324,-41.943,-53.111,1.93,-10.353,-0.163,27.47,27.633,7.066,659.033,666.098,24.613,-40.421,-40.11,-50.754,2.24,-5.074,-1.527,27.469,28.996,6.616,588.45,595.066,27.559,-41.277,-41.077,-51.504,2.047,-13.07,-2.486,27.458,29.944,6.5,577.817,584.317,28.006,-39.322,-38.599,-50.928,2.932,-8.782,-3.499,27.488,30.988,7.017,634.675,641.692,25.687,-38.68,-37.717,-50.179,3.071,-7.782,-0.957,-0.96,-1.005,-0.865,2.139,0.557,278.016,100
19,1,19,0,3.456,159.58,163.036,-1.145,26.471,27.616,6.163,554.691,560.854,23.222,-42.133,-42.312,-52.515,1.614,-7.235,-3.503,26.484,29.987,6.471,577.378,583.85,22.4,-42.283,-41.799,-53.233,1.948,-11.229,-0.272,27.462,27.734,7.011,640.27,647.282,25.285,-40.053,-39.437,-51.234,2.481,-7.364,-1.467,27.458,28.925,6.602,580.684,587.287,27.851,-40.734,-40.241,-51.531,2.315,-12.826,-2.274,27.472,29.746,6.593,583.722,590.314,27.808,-38.967,-37.964,-50.906,3.056,-9.198,-3.038,27.505,30.543,7.24,657.084,664.325,24.904,-38.662,-37.637,-50.334,3.091,-8.797,-0.953,-0.967,-1.01,-0.882,1.916,0.899,284.878,100
20,1,20,0,2.67,153.697,156.368,-1.273,26.463,27.735,6.035,549.812,555.847,23.385,-41.505,-41.732,-51.852,1.726,-5.996,-3.586,26.483,30.069,6.269,569.082,575.35,22.725,-42.424,-41.947,-53.416,1.926,-11.164,-0.385,27.463,27.848,6.859,634.176,641.035,25.535,-39.655,-39.116,-50.45,2.586,-5.872,-1.553,27.464,29.017,6.45,574.031,580.482,28.215,-40.52,-40.069,-51.214,2.366,-13.19,-2.348,27.452,29.801,6.443,576.389,582.832,28.037,-39.124,-38.203,-51.032,3.006,-9.497,-3.13,27.514,30.644,7.056,650.161,657.217,25.226,-38.879,-37.9,-50.445,2.998,-8.589,-0.949,-0.952,-0.99,-0.873,1.849,0.942,303.141,100
21,1,21,0,3.028,153.198,156.226,-1.053,26.482,27.535,6.111,561.225,567.336,23.014,-41.807,-42.039,-52.003,1.667,-6.926,-3.491,26.481,29.971,6.428,584.878,591.306,22.101,-42.16,-41.65,-53.27,1.998,-10.806,-0.157,27.464,27.621,6.932,646.036,652.968,25.071,-39.837,-39.311,-50.526,2.521,-7.007,-1.406,27.46,28.866,6.576,587.072,593.649,27.568,-40.695,-40.339,-50.987,2.269,-12.375,-2.136,27.479,29.615,6.588,592.196,598.785,27.454,-38.803,-37.894,-50.587,3.068,-8.769,-2.948,27.488,30.436,7.21,665.819,673.029,24.488,-38.497,-37.495,-50.152,3.137,-8.336,-0.949,-0.971,-1.035,-0.895,1.183,0.78,282.831,100
22,1,22,0,3.073,153.813,156.885,-0.987,26.48,27.467,6.33,564.685,571.016,22.855,-41.684,-41.701,-52.183,1.775,-5.932,-3.53,26.486,30.016,6.549,577.864,584.412,22.391,-42.182,-41.504,-53.639,1.987,-10.944,-0.069,27.462,27.531,7.173,651.254,658.427,24.853,-39.739,-39.048,-50.678,2.634,-5.9,-1.397,27.456,28.853,6.761,588.35,595.111,27.472,-40.826,-40.271,-51.561,2.309,-12.895,-2.147,27.481,29.627,6.745,592.344,599.089,27.454,-39.188,-38.05,-51.167,3.063,-9.145,-3.01,27.498,30.509,7.362,661.034,668.396,24.715,-38.623,-37.549,-50.409,3.093,-8.428,-0.961,-0.981,-1.039,-0.901,1.937,0.64,297.755,100
23,1,23,0,3.13,154.389,157.519,-1.02,26.482,27.502,6.216,554.801,561.017,23.27,-41.751,-41.823,-52.297,1.731,-7.474,-3.389,26.478,29.867,6.593,589.031,595.624,21.925,-42.102,-41.506,-53.244,2.003,-11.133,-0.13,27.47,27.6,7.037,636.56,643.597,25.472,-39.737,-39.068,-50.72,2.612,-7.758,-1.351,27.458,28.809,6.712,581.119,587.831,27.821,-40.559,-40.063,-51.169,2.363,-12.389,-2.115,27.481,29.596,6.734,590.159,596.893,27.556,-38.878,-37.799,-50.91,3.094,-8.953,-2.866,27.478,30.344,7.45,668.295,675.744,24.328,-38.487,-37.439,-50.336,3.113,-8.679,-0.966,-0.998,-1.047,-0.913,1.558,1.677,280.267,100
24,1,24,0,3.188,157.391,160.579,-1.045,26.483,27.528,6.282,564.603,570.886,22.874,-42.352,-42.476,-52.668,1.599,-6.762,-3.346,26.483,29.828,6.526,579.703,586.228,22.303,-42.347,-41.746,-53.632,1.952,-10.978,-0.143,27.463,27.606,7.131,651.962,659.093,24.832,-40.354,-39.72,-51.312,2.381,-6.791,-1.406,27.454,28.861,6.771,589.138,595.909,27.425,-41.299,-40.842,-51.949,2.13,-12.677,-2.111,27.47,29.581,6.714,591.089,597.803,27.445,-39.449,-38.419,-51.242,2.98,-8.93,-2.839,27.476,30.315,7.337,659.395,666.732,24.647,-38.873,-37.809,-50.565,3.011,-8.467,-0.948,-0.953,-0.997,-0.865,2.657,1.377,296.809,100
25,1,25,0,3.469,155.464,158.933,-1.121,26.478,27.599,6.167,556.631,562.798,23.177,-42.307,-42.624,-52.512,1.541,-6.805,-3.603,26.482,30.085,6.37,566.332,572.702,22.828,-42.165,-41.598,-53.292,1.965,-10.853,-0.211,27.464,27.675,7.056,644.826,651.882,25.117,-40.246,-39.742,-51.05,2.371,-6.911,-1.422,27.46,28.882,6.663,581.3,587.963,27.827,-40.966,-40.556,-51.651,2.207,-12.725,-2.292,27.483,29.775,6.575,579.081,585.656,28.099,-39.002,-38.025,-50.908,3.045,-9.001,-3.152,27.524,30.676,7.191,644.769,651.959,25.49,-38.4,-37.32,-50.399,3.161,-8.49,-0.951,-0.96,-0.992,-0.869,1.913,1.217,288.247,100
26,1,26,0,3.673,157.314,160.987,-1.25,26.474,27.724,5.944,555.267,561.211,23.224,-41.885,-42.223,-51.919,1.596,-7.451,-3.562,26.482,30.044,6.252,583.931,590.183,22.151,-42.461,-42.192,-53.285,1.894,-10.948,-0.452,27.471,27.923,6.704,638.652,645.356,25.413,-39.947,-39.558,-50.547,2.418,-7.595,-1.597,27.461,29.058,6.373,581.144,587.517,27.863,-40.659,-40.385,-50.914,2.255,-12.386,-2.375,27.457,29.832,6.362,585.278,591.64,27.652,-39.164,-38.554,-50.598,2.943,-8.905,-3.136,27.511,30.647,7.018,662.498,669.516,24.747,-38.862,-38.072,-49.96,2.952,-8.566,-0.943,-0.959,-1.005,-0.871,1.253,1.269,277.43,100
27,1,27,0,3.13,151.329,154.459,-0.957,26.483,27.44,6.156,552.85,559.006,23.359,-41.813,-41.891,-52.336,1.72,-7.377,-3.133,26.544,29.678,6.405,575.88,582.285,22.775,-42.171,-41.492,-53.349,1.995,-11.28,-0.061,27.465,27.526,6.973,638.236,645.209,25.38,-39.92,-39.252,-51.083,2.538,-7.492,-1.307,27.458,28.765,6.553,577.337,583.89,28.011,-40.669,-40.109,-51.618,2.367,-12.678,-2.033,27.475,29.508,6.563,579.489,586.051,28.027,-39.036,-37.938,-51.088,3.082,-9.168,-2.772,27.466,30.238,7.207,648.359,655.566,25.012,-38.876,-37.916,-50.226,2.997,-8.96,-0.952,-0.956,-1.004,-0.878,1.978,1.552,283.522,100
28,1,28,0,2.932,158.786,161.718,-1.085,26.482,27.567,6.378,571.811,578.189,22.584,-42.032,-42.333,-52.16,1.6,-4.597,-3.475,26.481,29.956,6.419,562.988,569.406,22.954,-42.594,-42.14,-53.516,1.894,-10.701,-0.13,27.466,27.596,7.292,663.779,671.071,24.404,-40.082,-39.591,-50.664,2.419,-4.428,-1.417,27.459,28.876,6.794,593.333,600.127,27.26,-41.278,-40.933,-51.67,2.081,-13.422,-2.148,27.48,29.629,6.682,587.017,593.699,27.703,-39.564,-38.556,-51.541,2.963,-9.435,-2.99,27.5,30.49,7.169,640.481,647.651,25.517,-38.949,-37.863,-50.704,3.03,-8.206,-0.957,-0.978,-1.032,-0.876,2.07,0.77,283.118,100
29,1,29,0,3.149,148.948,152.097,-1.119,26.478,27.597,6.091,540.89,546.981,23.85,-41.685,-41.897,-52.057,1.701,-6.795,-3.601,26.484,30.085,6.405,565.655,572.06,22.862,-42.171,-41.538,-53.533,1.999,-11.412,-0.243,27.46,27.703,6.919,621.779,628.698,26.018,-39.7,-39.124,-50.588,2.591,-6.885,-1.487,27.461,28.948,6.557,565.191,571.749,28.629,-40.47,-39.965,-51.219,2.424,-13.017,-2.314,27.461,29.775,6.526,570.129,576.655,28.396,-39.095,-38.118,-51.064,3.049,-9.437,-3.115,27.514,30.628,7.22,647.285,654.505,25.33,-38.574,-37.531,-50.407,3.108,-8.905,-0.957,-0.974,-1.027,-0.892,2.024,1.041,277.568,100
30,1,30,0,2.804,154.53,157.334,-1.087,26.477,27.564,6.086,547.359,553.445,23.563,-41.951,-42.117,-52.225,1.668,-7.552,-3.313,26.481,29.794,6.423,573.596,580.019,22.535,-42.247,-41.734,-53.235,1.979,-11.04,-0.206,27.466,27.671,6.943,631.296,638.239,25.661,-39.907,-39.288,-50.944,2.543,-7.756,-1.365,27.458,28.823,6.542,572.149,578.692,28.266,-40.384,-39.868,-51.058,2.453,-12.509,-2.096,27.478,29.573,6.54,578.508,585.048,28.095,-38.513,-37.552,-50.322,3.131,-8.944,-2.888,27.481,30.369,7.171,651.41,658.582,24.984,-38.641,-37.636,-50.029,3.098,-8.686,-0.962,-0.973,-1.031,-0.902,1.988,1.224,288.363,100
31,1,31,0,3.204,154.254,157.458,-1.097,26.508,27.605,5.661,518.646,524.307,25.039,-42.355,-42.312,-53.239,1.754,-7.061,-3.326,26.45,29.776,6.519,591.78,598.299,21.678,-41.225,-40.798,-52.566,2.193,-12.416,-0.344,27.466,27.81,6.866,607.431,614.297,26.649,-39.923,-39.272,-51.773,2.64,-6.852,-1.612,27.494,29.106,6.96,568.778,575.738,28.634,-39.579,-38.916,-50.876,2.774,-14.917,-2.24,27.497,29.737,6.657,571.617,578.275,28.531,-37.714,-36.673,-49.867,3.467,-12.644,-2.87,27.485,30.355,8.264,672.029,680.294,24.195,-37.63,-36.592,-49.602,3.507,-11.219,-0.96,-1.208,-1.149,-1.16,0.346,0.965,366.792,100
32,1,32,0,2.92,142.729,145.65,-0.804,26.463,27.268,5.534,525.767,531.301,24.451,-42.048,-41.924,-53.187,1.856,-6.064,-2.966,26.452,29.418,6.146,582.323,588.469,22.049,-41.055,-40.355,-52.795,2.333,-11.484,0.005,27.427,27.422,6.582,622.632,629.214,25.779,-39.804,-39.222,-51.301,2.671,-5.706,-1.226,27.445,28.671,6.411,576.794,583.205,27.945,-39.559,-38.893,-50.79,2.777,-14.121,-1.871,27.438,29.308,6.28,570.093,576.373,28.229,-37.719,-36.671,-49.939,3.467,-11.641,-2.557,27.546,30.103,7.3,672.252,679.551,24.562,-37.447,-36.435,-49.454,3.576,-10.204,-0.983,-1.191,-1.134,-1.179,0.34,1.012,365.237,100
33,1,33,0,2.995,137.507,140.502,-0.697,26.457,27.154,5.793,518.42,524.214,24.745,-42.19,-42.098,-53.362,1.804,-5.671,-2.68,26.431,29.111,6.494,573.886,580.38,22.244,-41.387,-40.778,-53.021,2.227,-11.086,0.101,27.421,27.321,6.904,611.774,618.677,26.181,-40.253,-39.698,-51.732,2.454,-5.257,-1.111,27.421,28.532,6.765,564.777,571.542,28.351,-40.345,-39.708,-51.569,2.427,-14.346,-1.699,27.435,29.134,6.586,559.336,565.922,28.731,-38.39,-37.307,-50.744,3.266,-11.922,-2.156,27.475,29.631,7.894,652.831,660.724,24.849,-37.851,-36.917,-49.764,3.335,-9.823,-0.963,-1.192,-1.175,-1.163,0.352,1.01,372.67,100
34,1,34,0,3.02,145.43,148.45,-0.93,26.444,27.374,5.586,515.908,521.495,24.8,-42.228,-42.239,-53.056,1.741,-6.532,-3.152,26.427,29.579,6.479,590.864,597.343,21.595,-41.223,-40.664,-52.955,2.249,-12.806,-0.111,27.522,27.633,6.788,612.344,619.132,26.78,-39.723,-39.191,-51.121,2.657,-6.198,-1.363,27.537,28.9,6.743,572.839,579.582,28.724,-39.694,-39.041,-50.981,2.71,-15.212,-2.084,27.433,29.517,6.54,567.25,573.791,28.331,-38.071,-37.036,-50.321,3.331,-13.288,-2.711,27.457,30.168,7.876,668.806,676.682,24.168,-37.691,-36.67,-49.66,3.452,-11.586,-0.956,-1.172,-1.134,-1.126,0.358,0.998,362.901,100
35,1,35,0,3.028,136.247,139.275,-0.661,26.461,27.122,5.834,524.363,530.197,24.485,-42.105,-42.151,-52.961,1.762,-6.098,-2.929,26.429,29.358,6.512,577.104,583.616,22.114,-41.383,-40.779,-52.95,2.225,-10.425,0.143,27.429,27.286,6.975,617.5,624.476,25.982,-40.055,-39.688,-51.019,2.405,-5.675,-1.135,27.433,28.567,6.84,572.154,578.994,28.066,-40.185,-39.689,-51.101,2.412,-13.567,-1.753,27.418,29.171,6.666,566.692,573.358,28.25,-38.261,-37.268,-50.306,3.246,-11.104,-2.519,27.454,29.973,7.813,660.058,667.87,24.468,-37.92,-37.007,-49.825,3.315,-9.277,-0.989,-1.193,-1.147,-1.165,0.357,1.021,367.882,100
36,1,36,0,3.01,141.379,144.389,-0.683,26.463,27.146,5.768,528.024,533.792,24.333,-42.271,-42.253,-53.214,1.741,-4.4,-2.858,26.434,29.292,6.327,571.008,577.335,22.378,-41.677,-41.11,-53.1,2.156,-9.969,0.133,27.432,27.299,6.893,625.994,632.887,25.654,-40.262,-39.846,-51.503,2.373,-3.828,-1.114,27.436,28.551,6.803,575.891,582.694,27.91,-40.383,-39.815,-51.469,2.356,-13.573,-1.75,27.431,29.181,6.512,562.178,568.691,28.566,-38.368,-37.36,-50.515,3.247,-11.404,-2.519,27.438,29.958,7.75,647.572,655.323,24.848,-38.255,-37.357,-49.963,3.161,-8.695,-0.96,-1.203,-1.161,-1.162,0.363,1.026,369.354,100
37,1,37,0,2.939,142.549,145.488,-1.045,26.439,27.484,5.435,517.937,523.373,24.687,-42.204,-42.471,-52.847,1.662,-5.303,-3.358,26.467,29.825,6.136,580.033,586.169,22.212,-41.421,-40.875,-52.999,2.171,-11.024,-0.252,27.487,27.739,6.515,616.029,622.544,26.419,-39.911,-39.553,-51.102,2.484,-4.834,-1.517,27.511,29.028,6.418,572.127,578.545,28.606,-39.751,-39.219,-50.849,2.628,-14.427,-2.193,27.487,29.681,6.28,566.761,573.041,28.725,-37.937,-36.972,-49.928,3.354,-11.985,-2.922,27.491,30.413,7.324,660.787,668.111,24.67,-37.828,-36.852,-49.587,3.359,-9.672,-0.966,-1.174,-1.129,-1.127,0.375,1.044,371.35,100
38,1,38,0,3.048,141.559,144.607,-0.724,26.472,27.196,5.63,519.045,524.675,24.805,-41.948,-42.037,-52.823,1.781,-4.643,-3.029,26.425,29.454,6.162,559.822,565.984,22.783,-41.517,-40.999,-52.817,2.183,-11.096,0.134,27.438,27.304,6.784,615.531,622.315,26.127,-39.918,-39.519,-51.218,2.53,-3.989,-1.268,27.427,28.696,6.516,564.429,570.945,28.427,-40,-39.404,-51.291,2.565,-14.265,-1.918,27.439,29.357,6.329,553.316,559.644,29.081,-37.968,-36.921,-50.142,3.369,-12.135,-2.628,27.496,30.124,7.299,643.653,650.952,25.348,-37.737,-36.767,-49.553,3.421,-9.749,-0.951,-1.162,-1.121,-1.138,0.364,1.009,362.758,100
39,1,39,0,3.238,147.231,150.469,-0.833,26.48,27.313,5.563,518.892,524.455,24.864,-42.358,-42.236,-53.3,1.782,-6.146,-3.053,26.571,29.624,6.318,589.598,595.916,22.376,-40.845,-40.097,-52.643,2.37,-10.816,-0.01,27.501,27.511,6.727,615.174,621.901,26.527,-39.838,-39.154,-51.583,2.699,-5.774,-1.298,27.499,28.797,6.568,571.437,578.005,28.549,-39.583,-38.807,-51.249,2.814,-14.022,-1.942,27.563,29.504,6.437,574.123,580.56,28.848,-37.458,-36.292,-49.98,3.585,-11.432,-2.714,27.492,30.207,7.464,665.559,673.023,24.5,-37.352,-36.299,-49.462,3.631,-9.688,-0.968,-1.187,-1.18,-1.163,0.34,1.001,359.131,100
40,1,40,0,3,145.43,148.43,-0.833,26.416,27.249,5.564,514.261,519.824,24.72,-42.241,-42.014,-53.348,1.824,-6.944,-2.848,26.448,29.296,6.427,586.53,592.957,21.857,-41.012,-40.315,-52.622,2.318,-11.813,-0.01,27.429,27.439,6.714,607.782,614.496,26.404,-39.761,-39.087,-51.586,2.739,-6.722,-1.205,27.445,28.65,6.723,566.809,573.533,28.411,-39.527,-38.775,-51.062,2.855,-14.232,-1.821,27.439,29.259,6.521,566.164,572.685,28.418,-37.731,-36.623,-50.156,3.492,-11.972,-2.453,27.434,29.887,7.953,664.445,672.398,24.189,-37.497,-36.423,-49.721,3.571,-10.65,-0.959,-1.18,-1.105,-1.137,0.349,0.996,371.768,100
41,1,41,0,3.055,140.478,143.533,-0.833,26.426,27.259,5.748,521.089,526.836,24.445,-42.346,-42.419,-53.157,1.689,-5.85,-2.998,26.487,29.485,6.382,571.032,577.414,22.65,-41.189,-40.515,-53.051,2.264,-10.571,0.07,27.442,27.372,6.97,622.431,629.402,25.856,-39.96,-39.441,-51.427,2.548,-5.398,-1.274,27.448,28.722,6.969,573.514,580.483,28.091,-39.829,-39.214,-51.247,2.607,-13.616,-1.91,27.483,29.393,6.644,564.603,571.248,28.781,-37.722,-36.597,-50.044,3.487,-11.195,-2.598,27.482,30.081,8.112,651.645,659.757,24.932,-37.604,-36.509,-49.872,3.537,-9.205,-0.954,-1.189,-1.144,-1.152,0.337,1.018,355.572,100
42,1,42,0,3.07,139.758,142.828,-0.833,26.478,27.311,5.637,518.525,524.162,24.87,-42.466,-42.613,-53.325,1.646,-6.093,-2.998,26.562,29.56,6.341,574.748,581.088,22.9,-40.951,-40.272,-52.719,2.323,-10.781,0.013,27.495,27.482,6.807,617.737,624.544,26.382,-40.062,-39.584,-51.598,2.495,-5.665,-1.274,27.486,28.76,6.714,568.976,575.69,28.576,-39.722,-39.142,-51.138,2.672,-13.724,-1.91,27.534,29.444,6.503,563.169,569.671,29.205,-37.616,-36.519,-50.01,3.502,-11.149,-2.598,27.572,30.17,7.84,657.209,665.05,25.25,-37.349,-36.237,-49.809,3.676,-9.42,-0.951,-1.17,-1.109,-1.153,0.346,1.028,359.303,100
43,1,43,0,3.09,147.411,150.501,-0.721,26.472,27.193,5.76,522.409,528.169,24.643,-42.229,-42.061,-53.301,1.843,-6.398,-2.761,26.433,29.194,6.434,580.438,586.872,22.01,-41.476,-40.967,-52.79,2.182,-11.114,0.132,27.449,27.317,6.872,617.734,624.606,26.1,-40.012,-39.275,-51.848,2.649,-6.068,-1.145,27.451,28.596,6.729,570.966,577.695,28.244,-39.645,-38.944,-51.042,2.785,-13.884,-1.741,27.453,29.194,6.562,568.319,574.881,28.399,-37.798,-36.755,-49.903,3.448,-11.374,-2.294,27.45,29.745,7.736,660.898,668.634,24.417,-37.749,-36.745,-49.618,3.426,-9.8,-0.97,-1.192,-1.133,-1.174,0.347,1.013,374.908,100
44,1,44,0,3.095,144.17,147.265,-0.803,26.45,27.253,5.583,517.487,523.071,24.76,-42.127,-41.931,-53.182,1.858,-5.608,-2.933,26.476,29.41,6.272,577.335,583.606,22.356,-41.229,-40.559,-52.814,2.296,-11.17,0.045,27.453,27.407,6.74,613.644,620.384,26.3,-39.827,-39.136,-51.509,2.72,-5.086,-1.239,27.465,28.704,6.638,568.418,575.056,28.467,-39.653,-38.904,-51.181,2.81,-14.153,-1.864,27.445,29.309,6.425,563.838,570.263,28.582,-37.817,-36.674,-50.188,3.481,-11.898,-2.515,27.477,29.991,7.65,659.727,667.378,24.615,-37.623,-36.576,-49.726,3.514,-9.791,-0.964,-1.191,-1.125,-1.167,0.328,1.016,355.716,100
45,1,45,0,2.947,145.971,148.917,-0.846,26.497,27.344,5.348,510.548,515.896,25.381,-42.006,-41.9,-52.83,1.856,-6.99,-3.211,26.455,29.666,6.175,584.078,590.253,21.999,-40.924,-40.367,-52.5,2.297,-11.636,-0.04,27.519,27.559,6.484,603.466,609.951,27.162,-39.391,-38.706,-51.099,2.929,-6.712,-1.291,27.537,28.828,6.443,564.507,570.95,29.157,-38.907,-38.136,-50.519,3.155,-14.147,-2.021,27.455,29.476,6.282,564.357,570.639,28.629,-37.326,-36.27,-49.641,3.599,-11.794,-2.762,27.483,30.245,7.575,666.39,673.966,24.411,-37.293,-36.231,-49.373,3.677,-10.413,-0.964,-1.192,-1.166,-1.188,0.353,1.022,362.421,100
46,1,46,0,2.973,146.061,149.034,-0.85,26.527,27.377,5.408,512.067,517.475,25.48,-42.293,-42.311,-53.194,1.742,-7.702,-3.139,26.443,29.582,6.218,581.875,588.094,22.019,-41.182,-40.7,-52.539,2.205,-11.524,-0.067,27.51,27.576,6.546,603.646,610.192,27.095,-39.825,-39.251,-51.67,2.651,-7.57,-1.417,27.478,28.895,6.393,559.882,566.276,29.001,-39.357,-38.736,-50.475,2.854,-13.75,-2.078,27.479,29.557,6.272,562.259,568.531,28.898,-37.496,-36.509,-49.489,3.503,-11.491,-2.753,27.455,30.208,7.379,659.916,667.296,24.495,-37.637,-36.701,-49.327,3.455,-10.24,-0.97,-1.177,-1.13,-1.127,0.376,1.025,371.496,100
47,1,47,0,3.139,144.89,148.029,-0.727,26.452,27.18,5.675,517.016,522.69,24.79,-42.472,-42.224,-53.578,1.802,-6.835,-2.689,26.425,29.113,6.413,579.571,585.984,22.001,-41.361,-40.777,-52.831,2.232,-11.181,0.138,27.446,27.309,6.787,612.338,619.124,26.312,-40.069,-39.36,-51.96,2.634,-6.47,-1.103,27.456,28.559,6.681,567.647,574.328,28.447,-39.743,-39.022,-51.148,2.732,-13.713,-1.669,27.428,29.098,6.554,566.38,572.934,28.335,-38.011,-36.938,-50.221,3.397,-11.233,-2.129,27.475,29.604,7.69,665.898,673.588,24.377,-37.659,-36.708,-49.464,3.439,-9.851,-0.963,-1.189,-1.148,-1.17,0.352,1.025,373.77,100
48,1,48,0,3.166,148.492,151.658,-0.979,26.426,27.405,5.615,517.895,523.51,24.606,-42.32,-42.442,-53.076,1.674,-6.915,-3.216,26.45,29.666,6.42,594.76,601.18,21.575,-41.323,-40.962,-52.439,2.12,-12.007,-0.155,27.471,27.626,6.7,612.374,619.074,26.472,-40.055,-39.554,-51.545,2.498,-6.722,-1.444,27.483,28.927,6.625,571.875,578.501,28.422,-39.715,-39.167,-50.831,2.616,-14.425,-2.117,27.479,29.596,6.554,576.005,582.559,28.204,-38.062,-37.152,-50.065,3.288,-12.185,-2.802,27.473,30.276,7.812,674.538,682.351,24.057,-37.75,-36.835,-49.54,3.366,-10.681,-0.97,-1.182,-1.161,-1.144,0.371,1.015,369.784,100
49,1,49,0,2.932,146.871,149.803,-0.847,26.534,27.381,5.341,520.104,525.445,25.131,-42.289,-42.3,-53.135,1.75,-6.862,-3.253,26.431,29.684,6.196,594.454,600.65,21.496,-41.174,-40.745,-52.749,2.204,-11.503,-0.061,27.532,27.592,6.443,612.491,618.934,26.848,-39.857,-39.293,-51.38,2.602,-6.595,-1.298,27.577,28.875,6.382,575.327,581.709,28.883,-39.489,-38.815,-50.818,2.791,-13.949,-2.046,27.497,29.543,6.262,573.112,579.374,28.475,-37.695,-36.704,-49.855,3.441,-11.839,-2.825,27.446,30.271,7.443,671.297,678.74,24.035,-37.611,-36.633,-49.621,3.466,-10.374,-0.976,-1.19,-1.118,-1.132,0.381,1.063,364.099,100
50,1,50,0,2.941,145.88,148.821,-0.847,26.485,27.332,5.446,522.1,527.546,24.75,-42.288,-42.311,-53.012,1.738,-6.472,-3.083,26.561,29.644,6.257,598.526,604.783,22.001,-41.015,-40.389,-52.671,2.282,-11.916,-0.026,27.533,27.559,6.553,618.977,625.529,26.571,-39.797,-39.277,-51.231,2.614,-6.091,-1.298,27.565,28.863,6.681,577.845,584.526,28.666,-39.522,-38.926,-50.752,2.764,-14.48,-1.968,27.572,29.541,6.417,578.247,584.664,28.71,-37.632,-36.603,-49.82,3.483,-12.209,-2.729,27.494,30.223,8.086,675.307,683.392,24.136,-37.449,-36.417,-49.707,3.587,-10.775,-0.96,-1.173,-1.089,-1.12,0.363,1.008,360.252,100
51,1,51,0,3.071,141.919,144.99,-0.847,26.434,27.281,5.601,511.914,517.515,24.933,-42.367,-42.405,-53.205,1.733,-7.595,-3,26.43,29.43,6.475,590.111,596.585,21.638,-41.245,-40.748,-52.474,2.232,-11.362,-0.026,27.5,27.526,6.734,606.705,613.439,26.89,-39.957,-39.39,-51.547,2.581,-7.24,-1.298,27.483,28.781,6.719,565.852,572.571,28.715,-39.949,-39.35,-50.992,2.572,-13.807,-1.968,27.442,29.41,6.499,567.635,574.133,28.369,-38.183,-37.273,-50.164,3.264,-11.437,-2.63,27.429,30.059,8,667.714,675.714,24.046,-37.846,-36.951,-49.57,3.314,-10.06,-0.967,-1.174,-1.079,-1.111,0.342,0.971,356.368,100
52,1,52,0,3.082,143.54,146.622,-0.712,26.467,27.178,5.679,524.855,530.534,24.503,-42.078,-41.831,-53.162,1.873,-5.449,-2.856,26.422,29.278,6.378,583.847,590.225,21.832,-41.43,-40.869,-52.871,2.214,-11.369,0.096,27.445,27.348,6.748,617.206,623.954,26.1,-39.93,-39.356,-51.374,2.598,-5.044,-1.161,27.454,28.615,6.584,572.776,579.359,28.186,-40.062,-39.388,-51.25,2.564,-14.587,-1.772,27.44,29.212,6.481,568.982,575.463,28.291,-38.251,-37.204,-50.392,3.312,-12.25,-2.464,27.415,29.878,7.73,663.008,670.737,24.143,-37.918,-36.969,-49.672,3.301,-10.1,-0.979,-1.212,-1.145,-1.172,0.355,1.003,371.686,100
53,1,53,0,3.077,146.961,150.038,-1.063,26.443,27.507,5.436,514.249,519.685,24.886,-42.124,-42.12,-52.741,1.766,-6.047,-3.189,26.451,29.64,6.198,589.009,595.207,21.796,-41.482,-40.967,-52.954,2.179,-12.642,-0.291,27.496,27.788,6.478,609.142,615.62,26.776,-39.856,-39.292,-51.336,2.624,-5.643,-1.494,27.489,28.983,6.414,566.593,573.008,28.736,-39.73,-39.1,-50.925,2.689,-14.936,-2.077,27.465,29.541,6.284,569.711,575.995,28.428,-38.086,-37.034,-50.224,3.37,-13.102,-2.754,27.45,30.204,7.616,668.779,676.395,24.141,-38.055,-37.143,-49.881,3.233,-11.558,-0.974,-1.205,-1.172,-1.172,0.359,1.005,370.783,100
54,1,54,0,3.004,151.103,154.107,-1.076,26.455,27.531,5.409,524.891,530.3,24.453,-42,-42.162,-52.538,1.741,-5.5,-3.407,26.467,29.874,6.093,586.434,592.527,21.975,-41.287,-40.882,-52.464,2.164,-11.305,-0.241,27.475,27.716,6.505,622.341,628.846,26.086,-39.804,-39.395,-51.126,2.564,-5.03,-1.552,27.497,29.05,6.512,577.485,583.997,28.249,-39.583,-39.039,-50.671,2.692,-14.356,-2.265,27.498,29.763,6.273,574.033,580.306,28.437,-37.513,-36.591,-49.574,3.477,-12.089,-3,27.494,30.494,7.643,667.9,675.543,24.416,-37.659,-36.691,-49.474,3.458,-10.01,-0.964,-1.177,-1.142,-1.126,0.36,1.021,374.542,100
55,1,55,0,3.042,139.578,142.62,-0.635,26.489,27.123,5.757,516.046,521.803,25.039,-42.31,-42.063,-53.187,1.852,-7.203,-2.735,26.432,29.167,6.648,596.518,603.167,21.407,-41.424,-40.825,-52.923,2.233,-11.385,0.112,27.442,27.33,6.866,602.392,609.258,26.709,-40.132,-39.472,-51.687,2.573,-6.948,-1.141,27.443,28.584,6.738,565.132,571.87,28.481,-40.168,-39.53,-51.321,2.526,-14.236,-1.753,27.456,29.208,6.637,570.315,576.951,28.317,-38.271,-37.195,-50.426,3.302,-11.789,-2.198,27.463,29.66,7.977,674.163,682.14,24.003,-37.711,-36.747,-49.779,3.409,-10.238,-0.974,-1.19,-1.156,-1.132,0.361,1.017,377.176,100
56,1,56,0,3.036,142.279,145.315,-0.577,26.464,27.041,5.798,518.838,524.636,24.759,-41.867,-41.831,-52.753,1.85,-4.831,-2.742,26.433,29.175,6.324,557.211,563.535,22.92,-41.224,-40.553,-52.71,2.271,-10.956,0.298,27.44,27.142,6.927,615.582,622.51,26.131,-39.562,-38.959,-50.985,2.79,-4.305,-0.978,27.451,28.429,6.802,565.777,572.578,28.495,-39.397,-38.629,-51.258,2.935,-14.301,-1.655,27.446,29.102,6.557,552.007,558.564,29.186,-37.486,-36.36,-50.107,3.568,-12.013,-2.302,27.452,29.753,7.93,637.2,645.13,25.316,-37.492,-36.353,-49.73,3.652,-9.619,-0.973,-1.192,-1.166,-1.179,0.335,0.981,375.629,100
57,1,57,0,3.088,144.53,147.618,-0.961,26.43,27.391,5.605,513.39,518.996,24.84,-42.299,-42.356,-53.043,1.72,-5.738,-3.142,26.464,29.606,6.336,579.087,585.424,22.227,-41.539,-40.983,-53.095,2.174,-13.01,-0.133,27.476,27.609,6.766,608.745,615.512,26.656,-39.912,-39.371,-51.437,2.586,-5.366,-1.414,27.499,28.913,6.736,565.081,571.817,28.858,-39.862,-39.212,-51.29,2.651,-15.199,-2.057,27.476,29.533,6.487,561.32,567.807,28.913,-38.072,-37.015,-50.441,3.36,-13.632,-2.765,27.478,30.243,7.874,656.294,664.168,24.743,-37.928,-36.883,-49.937,3.364,-11.79,-0.965,-1.177,-1.112,-1.144,0.363,1.026,373.462,100
58,1,58,0,3.138,146.061,149.198,-1.081,26.454,27.535,5.644,516.542,522.186,24.829,-42.451,-42.619,-53.11,1.642,-6.119,-3.389,26.475,29.864,6.416,584.18,590.596,22.09,-41.39,-40.951,-52.803,2.158,-11.25,-0.263,27.49,27.753,6.77,611.182,617.953,26.636,-40.022,-39.548,-51.504,2.499,-5.815,-1.54,27.497,29.036,6.785,567.896,574.68,28.701,-39.761,-39.129,-51.135,2.667,-14.29,-2.246,27.492,29.738,6.568,566.815,573.383,28.742,-37.873,-36.925,-50.141,3.362,-11.86,-2.952,27.485,30.437,7.878,662.357,670.235,24.561,-37.782,-36.744,-49.924,3.428,-9.96,-0.961,-1.164,-1.114,-1.118,0.36,1.032,369.833,100
59,1,59,0,3.192,145.88,149.073,-0.896,26.532,27.428,5.539,518.516,524.056,25.188,-42.236,-42.157,-53.048,1.797,-7.106,-3.107,26.55,29.657,6.407,600.6,607.007,21.862,-41.286,-40.765,-52.672,2.22,-11.626,-0.163,27.502,27.665,6.728,608.055,614.784,26.847,-39.941,-39.358,-51.501,2.603,-6.841,-1.353,27.583,28.936,6.72,573.229,579.949,29.01,-39.627,-38.965,-50.929,2.777,-14.024,-2.013,27.561,29.574,6.517,575.645,582.162,28.756,-37.949,-36.904,-50.139,3.396,-11.934,-2.726,27.535,30.261,7.953,677.468,685.421,24.294,-37.778,-36.831,-49.69,3.389,-10.394,-0.972,-1.206,-1.121,-1.12,0.364,1.028,358.889,100
60,1,60,0,3.032,146.691,149.722,-0.941,26.526,27.467,5.673,526.275,531.947,24.778,-42.612,-42.714,-53.4,1.644,-7.168,-3.353,26.454,29.807,6.461,593.601,600.062,21.633,-41.115,-40.675,-52.586,2.199,-10.016,-0.191,27.498,27.688,6.792,619.55,626.342,26.325,-40.172,-39.747,-51.722,2.409,-7.015,-1.459,27.517,28.976,6.675,579.273,585.949,28.279,-39.675,-39.099,-50.882,2.655,-13.046,-2.192,27.494,29.686,6.556,577.106,583.662,28.25,-37.75,-36.798,-49.783,3.387,-10.482,-2.933,27.48,30.413,7.672,673.491,681.163,24.137,-37.475,-36.527,-49.419,3.527,-8.852,-0.975,-1.171,-1.15,-1.125,0.392,1.043,365.196,100
