Header Section,,,,,,,,,,,,,,,,,,,,,,,,,,,,,,,,,,,,,,,,,,,,,,,,,,,,,,,,,,,,,,,,,,,,,,,,,,,,,,,,
Product,VC5276Q,,,,,,,,,,,,,,,,,,,,,,,,,,,,,,,,,,,,,,,,,,,,,,,,,,,,,,,,,,,,,,,,,,,,,,,,,,,,,,,
Test Plan,Rev(B),,,,,,,,,,,,,,,,,,,,,,,,,,,,,,,,,,,,,,,,,,,,,,,,,,,,,,,,,,,,,,,,,,,,,,,,,,,,,,,
Release Date,2013/3/25,,,,,,,,,,,,,,,,,,,,,,,,,,,,,,,,,,,,,,,,,,,,,,,,,,,,,,,,,,,,,,,,,,,,,,,,,,,,,,,
Comment,Qual Band,#301~#330 was generate in Acetec 2013/3/25,,,,,,,,,,,,,,,,,,,,,,,,,,,,,,,,,,,,,,,,,,,,,,,,,,,,,,,,,,,,,,,,,,,,,,,,,,,,,,
,,,,,,,,,,,,,,,,,,,,,,,,,,,,,,,,,,,,,,,,,,,,,,,,,,,,,,,,,,,,,,,,,,,,,,,,,,,,,,,,
Data Section,,,,,,,,,,,,,,,,,,,,,,,,,,,,,,,,,,,,,,,,,,,,,,,,,,,,,,,,,,,,,,,,,,,,,,,,,,,,,,,,
Device#,1,2,3,4,5,6,7,8,9,10,11,12,13,14,15,16,17,18,19,20,21,22,23,24,25,26,27,28,29,30,31,32,33,34,35,36,37,38,39,40,41,42,43,44,45,46,47,48,49,50,51,52,53,54,55,56,57,58,59,60,61,62,63,64,65,66,67,68,69,70,71,72,73,74,75,76,77,78,79,80
Test Item,Site No,Device ID,GSM824 Idle Current,GSM824 Max Pout@0dBm drive,GSM824 Max Pout,GSM824 Max Icc,GSM824 Max PAE,GSM824 Rated Pout,GSM824 Rated Vramp,GSM824 Rated Icc,GSM824 Rated PAE,GSM824 2nd har@33dBm,GSM824 3rd har@33dBm,GSM824 Max Fwd Iso1,GSM824 Max Fwd Iso2,GSM824 Pout Leakage@RX0,GSM824 Pout Leakage@RX1,GSM824 CMOS Pout,GSM824 Pout Slope1,GSM824 Stress Delta,GSM915 Idle Current,GSM915 Max Pout@0dBm drive,GSM915 Max Pout,GSM915 Max Icc,GSM915 Max PAE,GSM915 Rated Pout,GSM915 Rated Vramp,GSM915 Rated Icc,GSM915 Rated PAE,GSM915 2nd har@33dBm,GSM915 3rd har@33dBm,GSM915 Max Fwd Iso1,GSM915 Max Fwd Iso2,GSM915 Pout Leakage@RX0,GSM915 Pout Leakage@RX1,GSM915 CMOS Pout,GSM915 Pout Slope1,GSM915 Stress Delta,DCS1785 Idle Current,DCS1785 Max Pout@0dBm drive,DCS1785 Max Pout,DCS1785 Max Icc,DCS1785 Max PAE,DCS1785 Rated Pout,DCS1785 Rated Vramp,DCS1785 Rated Icc,DCS1785 Rated PAE,DCS1785 2nd har@33dBm,DCS1785 3rd har@33dBm,DCS1785 Max Fwd Iso1,DCS1785 Max Fwd Iso2,DCS1785 Pout Leakage@RX0,DCS1785 Pout Leakage@RX1,DCS1785 CMOS Pout,DCS1785 Pout Slope1,DCS1785 Stress Delta,PCS1910 Idle Current,PCS1910 Max Pout@0dBm drive,PCS1910 Max Pout,PCS1910 Max Icc,PCS1910 Max PAE,PCS1910 Rated Pout,PCS1910 Rated Vramp,PCS1910 Rated Icc,PCS1910 Rated PAE,PCS1910 2nd har@33dBm,PCS1910 3rd har@33dBm,PCS1910 Max Fwd Iso1,PCS1910 Max Fwd Iso2,PCS1910 Pout Leakage@RX0,PCS1910 Pout Leakage@RX1,PCS1910 CMOS Pout,PCS1910 Pout Slope1,PCS1910 Stress Delta,Insertion Loss RX0 869MHz,Insertion Loss RX0 960MHz,Insertion Loss RX1 1805MHz,Insertion Loss RX1 1990MHz,Leakage Current,Leakage Current Wait Time
Low Tolerance,,,60,0.3,0.3,60,0,0,0,60,0,2,2,3,2,3,3,1,0,0,60,0.3,0.3,60,0,0,0,60,0,2,2,3,2,3,3,1,0,0,60,0.3,0.3,60,0,0,0,60,0,3,3,3,2,3,3,1,0,0,60,0.3,0.3,60,0,0,0,60,0,3,3,3,2,3,3,1,0,0,0.3,0.3,0.3,0.3,5,0
High Tolerance,,,60,0.3,0.3,60,0,0,0,60,0,2,2,3,2,3,3,1,0,0,60,0.3,0.3,60,0,0,0,60,0,2,2,3,2,3,3,1,0,0,60,0.3,0.3,60,0,0,0,60,0,3,3,3,2,3,3,1,0,0,60,0.3,0.3,60,0,0,0,60,0,3,3,3,2,3,3,1,0,0,0.3,0.3,0.3,0.3,10,0
Enable,,,1,1,1,1,0,0,0,1,0,1,1,1,1,1,1,1,0,0,1,1,1,1,0,0,0,1,0,1,1,1,1,1,1,1,0,0,1,1,1,1,0,0,0,1,0,1,1,1,1,1,1,1,0,0,1,1,1,1,0,0,0,1,0,1,1,1,1,1,1,1,0,0,1,1,1,1,1,0
301,1,301,730.21,33.708,33.844,1518.564,45.878,33.013,1.457,1314.988,43.764,-34.732,-35.516,-62.476,-30.507,1.267,-3.565,12.999,130.505,0.001,767.027,33.721,33.872,1660.832,42.264,33.036,1.519,1495.752,38.736,-42.425,-34.968,-55.828,-30.401,1.275,-3.146,12.918,127.211,0,967.239,31.706,31.821,1157.44,37.986,29.98,1.425,891.621,32.338,-41.878,-43.062,-67.815,-27.112,2.483,-0.281,16.076,156.267,0.001,970.918,31.383,31.651,1275.65,33.204,30.004,1.453,963.02,30.141,-50.285,-35.798,-76.058,-26.848,2.897,0.393,15.413,153.25,0.002,-1.352,-1.422,-1.334,-1.451,3.931,35
302,2,302,743.365,33.775,33.895,1546.264,45.59,33.033,1.462,1338.057,43.209,-34.604,-35.901,-62.374,-30.582,1.014,-3.837,12.697,132.438,0.001,769.833,33.716,33.877,1678.03,41.876,32.984,1.519,1501.215,38.138,-43.327,-33.558,-55.769,-30.522,0.969,-3.477,12.667,129.124,-0.003,964.913,31.502,31.638,1122.201,37.566,30.034,1.444,884.308,33.007,-42.895,-48.137,-69.417,-27.034,2.291,-0.766,15.889,158.151,0.001,963.72,31.171,31.494,1263.927,32.336,30.004,1.481,983.502,29.523,-50.392,-38.106,-77.2,-27.119,2.656,-0.094,14.932,154.965,0.004,-1.377,-1.453,-1.377,-1.459,3.688,35
303,3,303,751.392,33.719,33.859,1550.627,45.084,32.995,1.47,1339.432,42.791,-33.648,-34.468,-62.653,-29.338,1.277,-3.702,12.396,137.964,0.002,782.037,33.752,33.885,1699.512,41.436,33.027,1.534,1527.171,37.867,-40.938,-35.339,-55.845,-29.099,1.307,-3.296,12.292,133.944,-0.002,983.657,31.604,31.717,1154.116,37.205,30.011,1.444,899.677,32.284,-41.657,-42.36,-68.658,-25.297,2.459,-0.568,15.584,162.533,0,982.671,31.291,31.555,1293.928,32.039,30.024,1.481,995.395,29.306,-49.383,-35.077,-76.884,-25.595,2.831,0.13,14.735,159.541,0.001,-1.36,-1.442,-1.356,-1.457,3.419,35
304,4,304,749.102,33.829,33.952,1562.561,45.703,33.022,1.458,1342.49,42.959,-34.469,-35.642,-62.403,-29.512,1.113,-3.659,13.005,130.389,0.003,780.507,33.748,33.884,1691.69,41.61,32.97,1.519,1510.595,37.782,-43.471,-34.443,-55.421,-29.395,1,-3.34,12.873,126.36,-0.003,971.922,31.56,31.695,1140.619,37.45,30.024,1.444,895.296,32.536,-47.052,-45.541,-68.674,-26.153,2.316,-0.616,15.74,160.069,-0.001,969.061,31.212,31.502,1273.194,32.159,29.997,1.481,994.398,29.157,-50.281,-37.157,-76.769,-26.228,2.651,0.005,14.83,157.141,0.001,-1.358,-1.436,-1.362,-1.46,3.673,35
305,5,305,744.325,33.836,33.974,1573.378,45.625,32.999,1.453,1340.981,42.784,-35.301,-35.022,-62.592,-29.673,1.201,-3.631,12.865,131.586,0.002,773.435,33.788,33.936,1702.637,41.841,33.011,1.517,1516.098,38.003,-45.188,-34.123,-55.74,-29.543,1.11,-3.287,12.712,127.636,0,979.216,31.615,31.754,1158.796,37.372,30.031,1.444,901.518,32.368,-44.534,-49.22,-68.547,-26.551,2.436,-0.52,15.756,157.494,0.002,981.751,31.302,31.609,1308.734,32.068,29.978,1.481,1005.319,28.723,-52.001,-38.205,-76.639,-26.736,2.807,0.15,14.818,154.907,-0.001,-1.365,-1.451,-1.368,-1.464,3.688,35
306,6,306,751.688,33.914,34.043,1592.813,45.783,32.974,1.444,1345.695,42.394,-34.599,-35.142,-62.308,-30.507,1.152,-3.575,12.901,129.047,0,782.798,33.798,33.947,1708.518,41.798,33.03,1.517,1521.267,38.043,-46.086,-33.583,-55.907,-30.535,1.012,-3.3,12.863,125.413,0,982.06,31.528,31.678,1129.336,37.672,30.02,1.444,883.438,32.931,-42.756,-44.263,-69.276,-27.542,2.205,-0.604,15.769,158.518,0.003,981.214,31.218,31.532,1287.409,32.031,29.991,1.487,994.115,29.13,-50.577,-37.398,-76.554,-27.39,2.637,0.042,14.792,155.157,0.002,-1.364,-1.453,-1.368,-1.468,3.655,35
308,7,308,748.438,33.702,33.844,1542.927,45.153,32.989,1.451,1335.18,42.875,-35.709,-35.424,-62.127,-29.5,0.94,-3.778,12.957,132.096,0.003,777.234,33.766,33.896,1693.026,41.699,32.991,1.505,1509.384,37.998,-43.515,-34.247,-55.352,-29.255,0.945,-3.344,12.845,128.134,-0.003,985.755,31.543,31.679,1144.871,37.178,29.996,1.434,895.504,32.32,-43.097,-42.918,-68.182,-25.627,2.379,-0.639,15.903,158.352,0.001,985.958,31.277,31.555,1307.89,31.697,30.011,1.476,1010.332,28.801,-49.053,-36.134,-76.64,-25.834,2.816,0.076,14.967,155.826,-0.003,-1.347,-1.435,-1.361,-1.452,3.665,35
309,8,309,755.269,33.738,33.878,1546.802,45.4,32.996,1.462,1331.39,43.063,-35.523,-35.546,-62.219,-29.914,0.954,-3.775,12.744,133.965,0,789.625,33.768,33.891,1688.413,41.757,32.974,1.519,1505.042,37.957,-44.121,-33.947,-55.201,-29.819,0.922,-3.392,12.675,130.425,-0.002,985.428,31.569,31.688,1130.831,37.707,29.995,1.434,880.881,32.845,-43.319,-45.041,-68.288,-26.317,2.172,-0.63,15.57,164.119,0.001,984.602,31.257,31.534,1245.143,33.116,29.988,1.462,954.043,30.313,-51.008,-37.524,-76.664,-26.205,2.551,0.009,14.853,160.22,0.003,-1.371,-1.448,-1.361,-1.457,3.629,35
310,9,310,754.106,33.743,33.867,1532.284,45.706,32.989,1.449,1322.453,43.283,-39.026,-38.244,-62.134,-28.41,0.924,-3.69,12.857,132.133,0.001,783.621,33.74,33.902,1674.075,42.219,32.987,1.505,1491.182,38.425,-45.611,-34.982,-55.729,-27.856,0.92,-3.267,12.786,128.097,-0.001,986.384,31.595,31.735,1161.166,37.134,30.034,1.444,907.19,32.186,-46.702,-44.126,-68.383,-24.63,2.468,-0.529,15.527,161.69,0,987.556,31.285,31.572,1320.506,31.52,29.974,1.481,1019.939,28.295,-50.288,-36.23,-76.749,-25.077,2.846,0.153,14.559,158.977,0.001,-1.358,-1.423,-1.346,-1.458,3.671,35
311,10,311,733.758,33.718,33.854,1543.43,45.249,32.976,1.462,1335.831,42.723,-33.68,-35.129,-62.256,-29.024,1.023,-3.683,12.782,129.764,0.001,763.957,33.655,33.858,1682.058,41.604,32.999,1.526,1514.062,37.953,-43.21,-33.29,-55.796,-28.658,0.975,-3.305,12.657,125.792,0.001,971.057,31.588,31.748,1148.782,37.637,30.024,1.444,898.009,32.433,-46.099,-47.499,-68.944,-25.473,2.329,-0.484,15.773,156.245,0.003,965.976,31.235,31.599,1279.406,32.718,29.994,1.481,990.828,29.243,-53.211,-38.352,-76.486,-25.773,2.685,0.175,14.885,153.864,0.002,-1.384,-1.468,-1.375,-1.473,3.567,35
312,11,312,736.699,33.723,33.861,1494.147,46.801,33.026,1.442,1289.278,44.766,-39.633,-36.273,-63.26,-30.067,0.963,-3.748,13.693,126.597,0.001,766.565,33.736,33.873,1610.887,43.576,33.033,1.498,1446.003,40.031,-43.129,-34.396,-56.061,-30.207,0.939,-3.34,13.502,122.764,-0.003,965.135,31.682,31.8,1154.984,37.885,30.006,1.425,895.867,32.378,-41.784,-46.02,-68.434,-27.292,2.401,-0.489,16.386,152.019,0.001,965.083,31.392,31.677,1275.388,33.411,30.007,1.453,974.167,29.825,-52.447,-37.216,-76.713,-27.032,2.815,0.207,15.654,149.636,0.001,-1.362,-1.437,-1.362,-1.457,3.582,35
313,12,313,739.709,33.808,33.933,1530.536,46.456,32.987,1.444,1309.425,43.69,-34.588,-35.544,-62.588,-31.16,1.294,-3.694,12.939,130.879,0.003,771.19,33.694,33.823,1630.035,42.578,33.021,1.515,1468.454,39.32,-43.334,-33.871,-56.084,-31.537,1.185,-3.42,12.93,127.433,-0.002,970.635,31.644,31.772,1150.525,37.79,30.02,1.44,894.441,32.532,-42.682,-42.298,-69.262,-29.018,2.362,-0.579,15.644,159.925,0,972.543,31.313,31.603,1269.845,32.989,29.996,1.47,969.965,29.877,-51.727,-36.248,-76.423,-28.358,2.788,0.082,14.93,155.848,0,-1.357,-1.438,-1.367,-1.454,3.69,35
314,13,314,754.182,33.712,33.85,1555.328,44.864,32.996,1.462,1345.947,42.599,-33.976,-35.037,-62.216,-31.13,0.854,-3.86,12.882,131.132,0.002,784.727,33.798,33.937,1726.488,41.275,32.994,1.519,1532.878,37.441,-41.182,-35.707,-55.95,-31.377,0.891,-3.378,12.823,128.447,-0.003,993.254,31.498,31.626,1139.409,36.909,30.025,1.444,893.316,32.613,-45.351,-44.733,-69.276,-27.644,2.345,-0.781,15.903,160.839,0,990.937,31.175,31.451,1291.26,31.353,29.98,1.481,996.698,28.981,-48.804,-36.792,-77.032,-27.423,2.686,-0.135,14.912,156.556,0,-1.343,-1.436,-1.364,-1.454,3.624,35
315,14,315,753.274,33.717,33.862,1531.344,45.677,33.026,1.458,1324.382,43.582,-37.244,-34.979,-63.039,-28.732,0.981,-3.634,12.944,133.717,0,785.323,33.794,33.917,1669.561,42.476,32.985,1.504,1480.836,38.671,-43.618,-34.665,-56.261,-28.346,0.999,-3.187,12.779,129.175,0.001,992.756,31.555,31.689,1139.505,37.441,30.011,1.438,891.72,32.566,-45.352,-45.051,-68.093,-24.798,2.393,-0.422,15.798,159.848,0,989.149,31.267,31.547,1270.781,32.548,30.003,1.47,979.42,29.639,-50.708,-37.448,-76.639,-25.16,2.753,0.216,15.014,157.052,0.002,-1.379,-1.463,-1.359,-1.479,3.638,35
316,15,316,731.372,33.76,33.892,1553.329,45.349,32.984,1.462,1343.343,42.563,-34.2,-35.023,-62.089,-30.11,1.112,-3.647,12.564,128.643,0.002,762.56,33.62,33.851,1685.542,41.445,32.983,1.526,1515.891,37.767,-43.907,-33.355,-56.161,-29.971,1.01,-3.312,12.557,125.59,-0.003,962.308,31.447,31.627,1128.545,37.271,29.97,1.444,886.306,32.459,-43.428,-43.857,-69.692,-26.787,2.256,-0.659,15.889,152.126,0.001,956.44,31.019,31.41,1269.367,31.591,30.001,1.5,1001.315,28.986,-49.218,-35.541,-76.451,-26.91,2.617,-0.056,14.889,149.394,0,-1.354,-1.428,-1.343,-1.455,3.697,35
318,16,318,750.918,33.747,33.879,1573.529,44.637,32.971,1.464,1355.062,42.077,-33.324,-35.698,-61.737,-28.259,0.769,-3.677,12.635,134.968,-0.001,779.05,33.742,33.905,1741.708,40.622,33.018,1.536,1562.634,36.937,-42.831,-34.133,-55.067,-27.893,0.698,-3.277,12.467,130.563,-0.001,992.115,31.589,31.707,1144.155,37.438,30.019,1.44,890.728,32.663,-42.582,-44.744,-67.929,-24.271,2.296,-0.54,15.632,162.42,-0.001,989.83,31.269,31.54,1285.344,32.134,30.025,1.479,988.624,29.513,-48.099,-35.939,-76.602,-24.655,2.675,0.122,14.755,159.642,0.001,-1.347,-1.423,-1.348,-1.453,3.624,35
319,17,319,747.011,33.736,33.882,1573.018,44.683,32.997,1.47,1357.381,42.248,-35.615,-35.289,-62.108,-30.859,1.174,-3.734,12.826,132.11,0.001,778.704,33.75,33.887,1715.384,41.072,32.991,1.526,1535.849,37.346,-43.754,-35.23,-55.099,-31.122,1.178,-3.326,12.751,128.579,-0.003,979.238,31.557,31.686,1144.752,37.245,30.017,1.44,894.43,32.516,-39.457,-43.522,-68.388,-27.441,2.334,-0.66,15.85,161.576,0.002,982.967,31.297,31.575,1307.749,31.841,30.024,1.481,1010.541,28.879,-48.975,-36.279,-76.285,-27.204,2.767,0.065,14.869,157.683,0.001,-1.345,-1.43,-1.36,-1.434,3.61,35
320,18,320,737.672,33.752,33.873,1532.292,45.763,32.988,1.451,1321.679,43.297,-36.504,-35.645,-62.261,-30.02,1.008,-3.734,12.871,131.355,0.001,768.621,33.701,33.873,1667.414,42.103,33.019,1.517,1498.098,38.527,-44.638,-34.802,-56.444,-29.723,0.963,-3.358,12.844,128.131,-0.003,964.448,31.527,31.669,1142.274,37.175,30.018,1.444,895.974,32.464,-42.293,-43.277,-69.492,-26.406,2.373,-0.669,15.625,160.021,0.001,965.344,31.165,31.466,1297.973,31.296,30.004,1.491,1014.75,28.63,-48.64,-35.436,-76.78,-26.627,2.776,-0.023,14.618,157.028,0.001,-1.347,-1.421,-1.345,-1.45,3.604,35
321,19,321,736.258,33.717,33.854,1547.547,45.126,32.988,1.451,1339.038,42.74,-35.173,-36.092,-62.634,-30.16,1.108,-3.731,13.234,129.138,0.002,766.087,33.706,33.847,1690.836,41.285,33.012,1.517,1522.634,37.848,-43.682,-33.599,-55.397,-30.136,1.071,-3.35,13.055,125.028,-0.004,972.009,31.45,31.578,1121.753,37.075,30.026,1.442,887.743,32.822,-42.21,-42.109,-68.245,-26.639,2.216,-0.684,16.034,158.074,0,971.163,31.147,31.441,1272.726,31.729,30.021,1.481,992.122,29.387,-48.583,-35.829,-76.18,-26.73,2.622,-0.01,15.132,155.281,0.001,-1.347,-1.427,-1.366,-1.44,3.597,35
322,20,322,753.574,33.697,33.838,1503.648,46.268,32.979,1.444,1295.528,44.066,-38.297,-35.482,-62.952,-29.808,1.083,-3.634,13.208,129.243,0.001,784.955,33.77,33.902,1644.84,42.967,33.013,1.5,1465.302,39.328,-43.402,-33.735,-55.517,-29.769,1.116,-3.189,13.065,125.483,-0.003,983.4,31.666,31.784,1162.931,37.492,30.01,1.438,899.6,32.275,-41.73,-45.409,-68.201,-26.645,2.359,-0.365,15.209,164.658,0.002,982.877,31.383,31.655,1294.515,32.759,30,1.47,987.431,29.384,-51.261,-37.159,-76.453,-26.718,2.765,0.299,14.472,161.156,0.001,-1.374,-1.457,-1.357,-1.473,3.643,35
323,21,323,728.014,33.771,33.907,1558.18,45.36,33.005,1.453,1343.269,42.772,-35.263,-36.039,-62.196,-29.91,1.003,-3.601,12.612,135.987,0,759.084,33.664,33.837,1689.49,41.218,32.976,1.519,1516.966,37.682,-43.32,-35.265,-54.815,-30.111,0.852,-3.292,12.482,131.775,-0.002,966.95,31.535,31.69,1140.141,37.425,29.985,1.434,886.434,32.568,-44.329,-41.866,-69.487,-27.139,2.358,-0.519,15.636,160.93,0.002,967.013,31.152,31.476,1289.268,31.578,29.981,1.481,994.242,29.058,-49.265,-35.503,-76.325,-27.08,2.741,0.102,14.712,157.428,0,-1.365,-1.442,-1.355,-1.468,3.624,35
324,22,324,752.167,33.762,33.892,1557.327,45.232,32.982,1.444,1340.569,42.627,-35.12,-35.071,-62.385,-29.724,1.109,-3.654,13.59,124.797,0,783.244,33.751,33.9,1699.923,41.569,32.992,1.505,1516.31,37.834,-42.988,-34.462,-55.725,-29.405,1.068,-3.262,13.43,120.897,-0.002,987.102,31.625,31.756,1156.465,37.462,30.009,1.425,900.182,32.253,-39.99,-45.083,-69.092,-25.728,2.48,-0.554,16.656,151.296,0.001,987.42,31.313,31.585,1297.827,32.16,30.028,1.46,996.048,29.318,-47.992,-35.406,-77.069,-25.758,2.896,0.132,15.789,148.832,0.002,-1.356,-1.439,-1.345,-1.473,3.656,35
328,23,328,744.449,33.566,33.702,1442.442,46.733,33.037,1.462,1270.619,45.529,-41.356,-36.353,-62.329,-31.228,0.777,-3.791,13.179,130.537,0.001,774.477,33.701,33.821,1581.377,43.861,33.011,1.498,1417.812,40.615,-40.836,-34.379,-55.447,-30.989,0.79,-3.298,13.189,128.072,-0.001,980.392,31.592,31.723,1156.112,37.191,30.017,1.444,899.682,32.322,-41.396,-42.541,-68.713,-27.741,2.446,-0.499,15.577,161.675,0.001,985.669,31.257,31.533,1293.766,31.878,30.027,1.481,998.063,29.255,-49.35,-34.992,-76.41,-27.71,2.808,0.144,14.731,157.492,0.002,-1.356,-1.424,-1.344,-1.464,3.554,35
330,24,330,742.98,33.776,33.91,1559.473,45.357,32.992,1.451,1339.348,42.766,-36.488,-35.798,-62.578,-29.589,1.169,-3.671,12.805,133.872,0.002,774.056,33.77,33.921,1695.786,41.862,32.986,1.507,1509.088,37.962,-45.269,-34.558,-55.602,-29.278,1.158,-3.275,12.765,130.052,-0.002,987.549,31.59,31.728,1155.29,37.262,30.002,1.432,900.041,32.207,-46.371,-43.702,-68.833,-25.793,2.358,-0.528,16.077,156.633,0.001,982.316,31.261,31.567,1302.216,31.922,30.019,1.477,1010.73,28.837,-51.399,-37.278,-76.855,-25.903,2.712,0.113,15.121,153.773,0,-1.364,-1.447,-1.368,-1.459,3.652,35
